movl 0 -53.3265 403.8694 228.4187 154.1651 7.0794 -110.6665 100.0000 stroke1
movl 0 -51.8984 396.2918 203.6641 154.3414 6.2057 -110.4525 100.0000 stroke1
movl 0 -51.7911 391.8121 194.7467 154.8257 5.9494 -109.7712 100.0000 stroke1
movl 0 -47.3857 389.3465 193.9523 155.0397 4.4268 -109.8599 100.0000 stroke1
movl 0 -43.0026 387.6087 184.4992 155.0982 3.9544 -111.6452 100.0000 stroke1
movl 0 -39.9585 392.2393 178.3660 155.3931 -0.1092 -115.3191 100.0000 stroke1
movl 0 -39.7534 392.0828 178.6735 154.8026 -0.8715 -119.2876 100.0000 stroke1
movl 0 -43.5442 390.4882 178.3651 154.7660 -1.7037 -124.9160 100.0000 stroke1
movl 0 -44.9376 389.8126 178.4875 154.5181 -1.3142 -124.3444 100.0000 stroke1
movl 0 -46.0641 390.3542 177.9520 154.8897 -1.6132 -125.1962 100.0000 stroke1
movl 0 -48.8975 389.1626 177.7915 155.5092 -0.9491 -125.2970 100.0000 stroke1
movl 0 -52.4810 388.3120 178.3012 156.4807 -1.1352 -126.8961 100.0000 stroke1
movl 0 -54.8339 387.3337 178.4876 156.7252 -0.7777 -126.7357 100.0000 stroke1
movl 0 -57.7431 386.4390 178.4259 156.9999 -0.4173 -126.4374 100.0000 stroke1
movl 0 -59.7856 385.5312 178.2620 157.2387 0.0269 -127.2399 100.0000 stroke1
movl 0 -61.7009 385.2903 177.7481 157.7740 0.2892 -127.9864 100.0000 stroke1
movl 0 -63.0824 386.4964 177.0527 158.7243 -0.3826 -129.0025 100.0000 stroke1
movl 0 -64.7102 387.5999 176.6138 160.0364 -1.2119 -130.8337 100.0000 stroke1
movl 0 -65.3833 388.6188 175.8872 160.7171 -1.8717 -131.4979 100.0000 stroke1
movl 0 -66.2014 389.1680 175.5492 161.2788 -2.4520 -132.1481 100.0000 stroke1
movl 0 -66.9073 389.1127 175.5408 161.6988 -3.0236 -133.0792 100.0000 stroke1
movl 0 -67.4778 389.0132 175.6988 162.0818 -3.6326 -134.1637 100.0000 stroke1
movl 0 -68.1425 389.1216 175.6552 162.5926 -4.2204 -135.1862 100.0000 stroke1
movl 0 -69.0805 388.9966 175.5463 163.1438 -4.8182 -135.9506 100.0000 stroke1
movl 0 -70.1323 389.1654 175.4151 163.8989 -5.4636 -136.5260 100.0000 stroke1
movl 0 -71.2088 389.3081 175.3684 164.6620 -6.1204 -136.9745 100.0000 stroke1
movl 0 -72.5993 389.3203 175.2932 165.4728 -6.6606 -136.8889 100.0000 stroke1
movl 0 -74.3105 388.3841 175.3634 165.7847 -6.8527 -135.9556 100.0000 stroke1
movl 0 -71.5643 387.2815 176.6247 164.6990 -6.6156 -136.5362 100.0000 stroke1
movl 0 -70.4243 387.5655 177.0036 164.8111 -6.6621 -137.0945 100.0000 stroke1
movl 0 -70.9759 387.5481 177.3506 165.5790 -7.0066 -137.1982 100.0000 stroke1
movl 0 -71.1079 387.5960 177.1329 165.5661 -6.9222 -137.4401 100.0000 stroke1
movl 0 -70.5854 387.3393 177.1639 165.2041 -6.7132 -137.4153 100.0000 stroke1
movl 0 -70.5225 387.1945 177.1808 165.0669 -6.3858 -137.3132 100.0000 stroke1
movl 0 -69.9317 386.1264 177.6861 164.4079 -5.7139 -136.9851 100.0000 stroke1
movl 0 -60.9099 385.0015 185.4112 160.7954 -6.1863 -137.1382 100.0000 stroke1
movl 0 -53.6757 378.8631 247.2935 152.5401 -3.7865 -134.0885 100.0000 stroke1
movl 0 -35.6631 394.0571 235.0161 151.8458 3.1296 -121.9660 100.0000 stroke2
movl 0 -43.8256 383.3954 192.3064 154.9541 5.6021 -123.0387 100.0000 stroke2
movl 0 -49.6512 378.1844 193.7223 155.4553 6.9420 -122.9824 100.0000 stroke2
movl 0 -53.5489 382.5200 187.2627 158.0324 5.0173 -123.1630 100.0000 stroke2
movl 0 -57.7009 383.3982 185.1969 159.0750 5.1384 -122.8637 100.0000 stroke2
movl 0 -61.5750 384.0742 183.5854 160.0651 5.8299 -122.0307 100.0000 stroke2
movl 0 -61.9092 385.5209 182.4285 160.3578 5.7155 -121.7334 100.0000 stroke2
movl 0 -63.2407 386.3546 181.4278 160.6190 5.8186 -121.0971 100.0000 stroke2
movl 0 -64.4769 387.2848 180.6447 161.0769 5.7173 -121.1146 100.0000 stroke2
movl 0 -66.2611 387.9250 179.8745 161.8493 5.9641 -121.9240 100.0000 stroke2
movl 0 -68.4062 388.5762 179.2803 162.9374 6.3212 -122.5130 100.0000 stroke2
movl 0 -71.2716 389.5404 178.7705 164.5624 6.6254 -123.0896 100.0000 stroke2
movl 0 -73.4417 390.3672 178.3663 165.8713 6.8295 -124.1735 100.0000 stroke2
movl 0 -76.4098 390.8467 177.7514 167.2601 7.2710 -125.5989 100.0000 stroke2
movl 0 -79.1739 391.4056 177.3131 168.6197 7.7072 -127.9994 100.0000 stroke2
movl 0 -78.7614 391.1639 177.5515 168.4371 7.5960 -128.7679 100.0000 stroke2
movl 0 -75.8897 389.6774 178.8331 166.9943 7.6095 -128.9705 100.0000 stroke2
movl 0 -74.8894 389.7616 179.2715 166.9473 7.6612 -129.4155 100.0000 stroke2
movl 0 -74.8072 389.5411 179.4804 167.0458 7.4186 -128.9918 100.0000 stroke2
movl 0 -74.2304 390.4122 179.8148 167.8140 6.1567 -128.3174 100.0000 stroke2
movl 0 -74.1788 389.4404 179.9077 167.2779 6.3624 -127.5376 100.0000 stroke2
movl 0 -73.3363 388.7608 179.8539 166.7299 6.7806 -126.2351 100.0000 stroke2
movl 0 -69.6442 385.8118 180.8166 164.4108 7.6770 -124.6665 100.0000 stroke2
movl 0 -65.6142 373.3037 193.4032 157.3369 15.6998 -116.7924 100.0000 stroke2
movl 0 -37.2818 392.8731 218.2344 154.4553 24.8371 -84.6347 100.0000 stroke3
movl 0 -39.9838 388.7590 181.1026 158.4467 24.6530 -82.9087 100.0000 stroke3
movl 0 -48.4034 383.5262 180.0036 164.2756 26.3394 -76.4844 100.0000 stroke3
movl 0 -51.3674 384.4762 176.0175 167.1349 26.2708 -74.1944 100.0000 stroke3
movl 0 -51.1279 386.8789 174.2382 167.4635 25.8940 -74.3518 100.0000 stroke3
movl 0 -52.9628 387.5600 173.1126 168.1301 25.6824 -74.4163 100.0000 stroke3
movl 0 -54.1766 388.7936 171.6349 167.9392 25.0165 -75.3546 100.0000 stroke3
movl 0 -56.2356 390.8275 170.5425 168.1764 23.7911 -76.4789 100.0000 stroke3
movl 0 -59.5530 392.7560 169.6285 168.6314 21.4465 -78.6755 100.0000 stroke3
movl 0 -60.0399 394.1997 169.5499 167.9727 19.6376 -82.2655 100.0000 stroke3
movl 0 -60.7519 394.5399 170.0503 166.8267 17.8521 -85.9050 100.0000 stroke3
movl 0 -61.4905 394.6164 170.8136 165.7017 15.9578 -89.6308 100.0000 stroke3
movl 0 -61.8707 394.5025 171.4041 165.1530 14.7034 -92.1372 100.0000 stroke3
movl 0 -62.1564 394.5480 172.1806 164.6529 13.2861 -94.6475 100.0000 stroke3
movl 0 -62.3223 394.6616 172.8195 164.3801 11.9685 -96.7761 100.0000 stroke3
movl 0 -62.7746 394.7073 173.4524 164.2165 10.6522 -98.7855 100.0000 stroke3
movl 0 -63.4466 394.9573 174.0710 164.2930 9.0382 -101.0840 100.0000 stroke3
movl 0 -63.6378 394.7869 174.5169 164.2625 8.0182 -102.7196 100.0000 stroke3
movl 0 -63.6973 394.6793 175.0965 164.1800 6.9869 -104.7104 100.0000 stroke3
movl 0 -63.9580 394.8405 175.6555 164.2878 5.3909 -106.5157 100.0000 stroke3
movl 0 -64.4704 394.5644 176.0175 164.4354 4.3799 -108.1748 100.0000 stroke3
movl 0 -64.5079 394.5650 176.2601 164.4111 3.2869 -110.3771 100.0000 stroke3
movl 0 -64.9028 394.5782 176.2784 164.5706 2.4218 -112.9837 100.0000 stroke3
movl 0 -64.7697 394.6917 176.3001 164.6708 1.4664 -114.5354 100.0000 stroke3
movl 0 -65.0417 394.5942 176.5662 164.9735 0.6003 -115.8921 100.0000 stroke3
movl 0 -65.7416 394.5109 176.8601 165.5134 -0.1146 -116.7268 100.0000 stroke3
movl 0 -66.1825 394.4622 177.1746 165.9598 -0.9537 -117.8588 100.0000 stroke3
movl 0 -66.6773 394.3580 177.3891 166.3280 -1.5664 -118.4038 100.0000 stroke3
movl 0 -67.0488 394.4904 177.4859 166.7742 -2.3261 -119.1816 100.0000 stroke3
movl 0 -67.3655 394.5381 177.7779 167.2457 -3.1669 -119.8803 100.0000 stroke3
movl 0 -68.1391 394.5490 178.0664 167.8924 -3.9239 -120.6284 100.0000 stroke3
movl 0 -68.8992 394.6706 178.3167 168.6383 -4.8049 -121.7957 100.0000 stroke3
movl 0 -70.0734 394.7285 178.5156 169.4601 -5.4771 -122.6622 100.0000 stroke3
movl 0 -71.0247 394.7928 178.5569 170.2127 -6.2273 -123.4383 100.0000 stroke3
movl 0 -72.0447 394.9549 178.5138 171.0412 -6.9805 -124.0096 100.0000 stroke3
movl 0 -72.8100 395.1417 178.6254 171.8440 -7.6466 -124.4580 100.0000 stroke3
movl 0 -74.3790 395.0391 178.5941 172.7014 -8.2103 -124.5809 100.0000 stroke3
movl 0 -75.9456 395.2138 178.4267 173.7022 -8.8956 -125.0457 100.0000 stroke3
movl 0 -77.5360 395.1498 178.2520 174.5644 -9.3682 -125.2788 100.0000 stroke3
movl 0 -79.3355 395.3629 177.8667 175.5899 -9.9445 -125.2301 100.0000 stroke3
movl 0 -81.2785 394.7499 177.5336 176.1421 -10.2823 -124.4768 100.0000 stroke3
movl 0 -79.7497 393.9021 178.2768 175.2618 -10.1142 -123.2377 100.0000 stroke3
movl 0 -75.3822 394.1365 179.6963 174.1392 -9.8603 -123.3205 100.0000 stroke3
movl 0 -75.8571 394.1309 179.6592 174.5865 -10.0174 -123.3846 100.0000 stroke3
movl 0 -76.4829 393.4834 180.1405 174.9696 -10.2131 -123.0287 100.0000 stroke3
movl 0 -73.4245 392.7179 181.3738 173.6829 -9.9719 -123.2252 100.0000 stroke3
movl 0 -74.7055 392.0993 181.1872 173.7965 -9.5453 -123.1518 100.0000 stroke3
movl 0 -72.3817 390.9223 182.0882 172.4920 -8.7436 -123.0025 100.0000 stroke3
movl 0 -69.1551 388.6638 184.0934 170.4744 -7.5360 -123.0026 100.0000 stroke3
movl 0 -52.3834 370.3801 218.6104 158.7222 1.4145 -121.8570 100.0000 stroke3
movl 0 -29.4109 380.1040 221.6784 161.5953 22.1275 -91.1333 100.0000 stroke4
movl 0 -29.3947 378.2585 186.0502 161.0510 19.3669 -90.0546 100.0000 stroke4
movl 0 -36.6127 375.2648 184.8208 163.1318 20.7661 -88.5599 100.0000 stroke4
movl 0 -39.7785 377.6629 180.9188 164.4220 20.6790 -88.0073 100.0000 stroke4
movl 0 -42.1683 378.8969 178.8127 165.5392 20.5119 -86.9638 100.0000 stroke4
movl 0 -43.5419 380.3287 177.6035 165.9147 20.2681 -87.0949 100.0000 stroke4
movl 0 -45.0994 382.1411 176.7015 166.3957 19.5704 -87.2231 100.0000 stroke4
movl 0 -47.0568 383.4433 175.9887 167.4416 18.9506 -87.4834 100.0000 stroke4
movl 0 -48.9303 383.8312 175.4174 168.6387 18.6250 -87.4618 100.0000 stroke4
movl 0 -49.4180 384.1512 175.3957 169.1330 18.3504 -87.4439 100.0000 stroke4
movl 0 -49.2656 384.3835 175.3616 169.3656 18.3100 -87.5079 100.0000 stroke4
movl 0 -48.9616 385.1826 175.1735 169.6658 18.1226 -87.9091 100.0000 stroke4
movl 0 -47.8245 386.0381 175.2047 169.8278 17.9392 -88.6341 100.0000 stroke4
movl 0 -45.8196 387.2187 175.3081 170.0702 17.7311 -89.5174 100.0000 stroke4
movl 0 -43.5270 388.8150 175.4469 170.5411 17.4352 -91.1323 100.0000 stroke4
movl 0 -41.2623 391.9365 174.9340 171.4091 16.8472 -93.4815 100.0000 stroke4
movl 0 -40.4558 391.8184 175.1352 171.1641 16.8786 -93.8622 100.0000 stroke4
movl 0 -38.6262 390.3280 176.3150 170.2434 17.6659 -94.2836 100.0000 stroke4
movl 0 -38.5097 390.5468 176.2840 170.3755 17.4763 -94.3324 100.0000 stroke4
movl 0 -38.5685 391.0588 176.5225 170.5938 16.5164 -94.5733 100.0000 stroke4
movl 0 -36.9789 391.4872 176.4048 169.4445 15.8335 -94.6664 100.0000 stroke4
movl 0 -38.1258 389.6333 176.9790 168.9717 16.2487 -94.0177 100.0000 stroke4
movl 0 -37.2660 389.9122 177.0133 168.6995 16.1553 -94.1937 100.0000 stroke4
movl 0 -34.4519 387.9033 180.1978 166.9977 16.6990 -94.2958 100.0000 stroke4
movl 0 -28.8409 377.4049 216.7742 162.1713 21.6470 -95.1200 100.0000 stroke4
movl 0 -5.5995 401.2134 206.6354 154.2337 20.7681 -90.8022 100.0000 stroke5
movl 0 -5.9139 401.8098 180.1950 154.2930 18.8931 -91.9321 100.0000 stroke5
movl 0 -8.3271 398.0405 179.8916 156.1025 19.5769 -92.0050 100.0000 stroke5
movl 0 -10.6554 400.0730 176.7929 157.9351 18.8999 -90.8206 100.0000 stroke5
movl 0 -12.4538 401.9675 175.3613 159.1728 18.6369 -90.8065 100.0000 stroke5
movl 0 -15.0952 404.2078 173.3935 160.0711 19.3465 -89.6345 100.0000 stroke5
movl 0 -17.9683 405.0508 172.7234 160.7652 19.7383 -88.0579 100.0000 stroke5
movl 0 -20.4205 406.2475 171.5056 161.6483 20.0912 -86.4868 100.0000 stroke5
movl 0 -24.5274 409.4369 170.0493 163.5500 18.3975 -85.6847 100.0000 stroke5
movl 0 -26.2291 411.3645 169.6330 164.1415 16.5436 -87.0659 100.0000 stroke5
movl 0 -25.7889 413.2260 169.2242 163.9954 15.0039 -89.5093 100.0000 stroke5
movl 0 -26.8215 414.0108 169.3305 163.7504 13.5247 -91.9289 100.0000 stroke5
movl 0 -27.9392 413.8403 169.9844 163.4454 11.7934 -94.4058 100.0000 stroke5
movl 0 -28.1098 414.0330 170.7201 163.1606 9.9901 -96.5789 100.0000 stroke5
movl 0 -27.6032 414.4585 171.4667 162.6788 7.8221 -98.6998 100.0000 stroke5
movl 0 -27.2971 414.8493 172.2984 162.4410 5.3530 -101.0657 100.0000 stroke5
movl 0 -27.1038 415.7745 173.1871 162.5350 2.1816 -104.3948 100.0000 stroke5
movl 0 -27.4249 415.3787 174.5803 162.7097 -0.4549 -106.2645 100.0000 stroke5
movl 0 -27.0742 414.5266 175.4737 162.5101 -0.6848 -107.2289 100.0000 stroke5
movl 0 -27.5967 414.1511 175.9047 162.6407 -1.3060 -107.7896 100.0000 stroke5
movl 0 -25.5215 415.2106 175.5131 162.1898 -1.8922 -108.5613 100.0000 stroke5
movl 0 -27.3422 413.1030 175.9178 162.4685 -1.3924 -109.2653 100.0000 stroke5
movl 0 -25.8559 412.4782 175.9184 161.9818 -1.0257 -110.0668 100.0000 stroke5
movl 0 -26.5123 411.7339 176.4004 161.9767 -0.5686 -109.9794 100.0000 stroke5
movl 0 -26.4555 411.3004 176.5315 162.0146 -0.2608 -110.0811 100.0000 stroke5
movl 0 -26.2660 411.4393 176.4632 162.0667 -0.2079 -110.2115 100.0000 stroke5
movl 0 -26.0925 411.5303 176.3008 162.0736 -0.2069 -110.1840 100.0000 stroke5
movl 0 -25.8537 411.5778 176.3226 162.0145 -0.2310 -110.1433 100.0000 stroke5
movl 0 -24.2050 409.7708 177.7949 161.3016 0.7171 -109.8649 100.0000 stroke5
movl 0 -23.8075 397.6621 192.5720 158.6808 8.7192 -106.7521 100.0000 stroke5
movl 0 3.4187 411.5848 219.8470 149.9472 7.0353 -95.9624 100.0000 stroke6
movl 0 -5.2524 398.4017 181.0748 152.5217 7.3663 -95.5816 100.0000 stroke6
movl 0 -17.7512 389.3293 182.3563 156.5431 10.8383 -94.1021 100.0000 stroke6
movl 0 -24.5388 388.7660 178.7549 158.5438 11.9474 -91.7471 100.0000 stroke6
movl 0 -25.2913 389.9516 177.8600 158.8724 12.4566 -90.2965 100.0000 stroke6
movl 0 -27.2438 391.6277 176.4978 159.6235 12.2419 -89.9642 100.0000 stroke6
movl 0 -30.1265 393.2117 175.3808 160.3041 11.6520 -90.0631 100.0000 stroke6
movl 0 -34.9214 395.7039 174.5853 162.0956 9.3781 -91.3553 100.0000 stroke6
movl 0 -35.6080 397.1574 174.8304 162.6876 7.3521 -93.6446 100.0000 stroke6
movl 0 -36.1480 398.2187 175.6081 163.1543 4.8517 -96.0475 100.0000 stroke6
movl 0 -36.2668 398.3623 176.6440 163.3832 2.9628 -98.1700 100.0000 stroke6
movl 0 -36.5795 398.1163 177.1391 163.5214 2.5239 -99.1264 100.0000 stroke6
movl 0 -36.3717 396.6497 177.4249 163.3030 3.4853 -99.1291 100.0000 stroke6
movl 0 -35.7086 395.0081 177.7989 162.8925 4.8459 -98.7357 100.0000 stroke6
movl 0 -35.8536 392.5164 178.7804 162.8034 6.6963 -97.8675 100.0000 stroke6
movl 0 -43.7669 387.4921 198.8660 164.4879 14.7590 -93.2978 100.0000 stroke6
movl 0 -37.9517 377.0988 228.9646 167.6030 22.6236 -83.0924 100.0000 stroke7
movl 0 -39.3792 373.2213 193.8399 166.6196 19.3596 -84.5266 100.0000 stroke7
movl 0 -41.6789 374.1096 186.5842 166.0099 18.0444 -84.4434 100.0000 stroke7
movl 0 -42.5819 375.5028 184.0871 167.1265 18.2413 -82.4954 100.0000 stroke7
movl 0 -42.9220 376.5636 182.5328 168.5480 18.7078 -80.0659 100.0000 stroke7
movl 0 -43.9377 378.2639 181.3106 169.3082 18.4021 -79.1132 100.0000 stroke7
movl 0 -45.5715 379.7001 180.1016 169.9331 17.9573 -79.1475 100.0000 stroke7
movl 0 -47.2862 381.3598 178.9076 171.1630 17.2659 -79.5344 100.0000 stroke7
movl 0 -49.0627 381.0684 178.7610 172.3363 17.1228 -79.7388 100.0000 stroke7
movl 0 -49.7893 381.5735 178.4094 172.7186 16.9415 -79.9790 100.0000 stroke7
movl 0 -49.0866 382.4169 178.1547 172.9713 16.7227 -80.4135 100.0000 stroke7
movl 0 -47.9896 383.3824 178.0052 173.1999 16.5396 -81.0261 100.0000 stroke7
movl 0 -45.3396 384.7376 178.0868 173.3861 16.3514 -82.2276 100.0000 stroke7
movl 0 -41.4234 386.4873 178.4305 173.3149 16.0190 -83.8827 100.0000 stroke7
movl 0 -37.4032 388.9068 178.3133 173.4879 15.5740 -86.0031 100.0000 stroke7
movl 0 -35.3466 389.2552 178.4632 173.0229 15.3957 -86.6297 100.0000 stroke7
movl 0 -34.1884 388.3078 179.5103 172.2587 15.6346 -87.1037 100.0000 stroke7
movl 0 -32.9239 388.9587 179.5666 172.0527 15.3287 -88.0702 100.0000 stroke7
movl 0 -32.5114 392.3739 178.4885 171.8083 13.0282 -89.8722 100.0000 stroke7
movl 0 -28.5997 396.4780 177.6404 170.4805 10.4803 -92.3404 100.0000 stroke7
movl 0 -27.3254 398.2180 177.1803 169.2607 8.9913 -93.7249 100.0000 stroke7
movl 0 -26.6200 398.9965 177.4875 168.0844 6.6433 -95.2752 100.0000 stroke7
movl 0 -26.7859 398.0196 178.4468 167.1435 4.4713 -96.3654 100.0000 stroke7
movl 0 -27.4990 396.9704 178.8847 167.1987 4.6650 -97.0293 100.0000 stroke7
movl 0 -28.6265 396.0766 179.0245 167.1496 4.4737 -97.0614 100.0000 stroke7
movl 0 -27.4333 395.6579 179.1672 166.8064 4.8863 -97.5697 100.0000 stroke7
movl 0 -26.2334 395.1313 179.3348 166.5012 5.4255 -98.3769 100.0000 stroke7
movl 0 -23.8451 390.2661 183.2667 164.9970 8.0484 -100.1914 100.0000 stroke7
movl 0 -22.0402 379.7045 217.9756 159.8226 14.8504 -104.8348 100.0000 stroke7
movl 0 -5.3836 399.2920 230.7050 152.8251 12.7615 -94.3908 100.0000 stroke8
movl 0 -7.4118 393.8776 183.9226 155.0989 10.5707 -93.3884 100.0000 stroke8
movl 0 -10.5877 389.4565 183.7197 156.3906 11.6671 -92.7392 100.0000 stroke8
movl 0 -17.7569 389.1995 180.7254 158.5162 11.9762 -91.0759 100.0000 stroke8
movl 0 -18.0738 390.7445 179.2380 159.3773 11.8199 -90.4689 100.0000 stroke8
movl 0 -19.2744 393.2373 177.4947 159.9931 11.3213 -90.1133 100.0000 stroke8
movl 0 -20.6184 394.9476 176.1699 160.3790 10.8273 -89.8459 100.0000 stroke8
movl 0 -23.4477 397.8596 174.3675 161.4066 9.6076 -90.1671 100.0000 stroke8
movl 0 -24.6023 399.1122 173.7897 162.1229 8.5360 -91.6421 100.0000 stroke8
movl 0 -25.8911 399.8775 173.8744 162.4939 6.6859 -93.2888 100.0000 stroke8
movl 0 -26.3910 400.5327 174.9771 162.5511 3.8422 -95.5628 100.0000 stroke8
movl 0 -26.7781 400.3995 175.4697 162.5615 3.0043 -96.9763 100.0000 stroke8
movl 0 -27.6378 400.1471 175.5017 162.7934 2.8495 -97.4504 100.0000 stroke8
movl 0 -26.4398 399.2364 176.0769 162.4336 3.5992 -97.9454 100.0000 stroke8
movl 0 -19.4558 395.4902 178.7704 160.4811 7.5530 -99.5874 100.0000 stroke8
movl 0 -18.9601 397.7297 177.6463 160.9306 7.2034 -99.6637 100.0000 stroke8
movl 0 -19.6554 398.6356 177.0286 161.0265 6.9188 -99.7577 100.0000 stroke8
movl 0 -20.2965 402.5736 175.0833 162.1499 5.2942 -100.9439 100.0000 stroke8
movl 0 -20.8484 404.4452 174.5100 162.5095 3.4412 -101.6777 100.0000 stroke8
movl 0 -22.7079 406.0488 175.5133 163.4254 -0.0796 -102.9127 100.0000 stroke8
movl 0 -23.6960 405.2584 176.4466 163.6292 -0.9718 -103.8748 100.0000 stroke8
movl 0 -23.2944 404.7086 176.5446 163.5063 -0.7007 -104.0308 100.0000 stroke8
movl 0 -22.8886 404.0505 176.6324 163.3520 -0.2068 -104.0768 100.0000 stroke8
movl 0 -23.0957 403.1939 176.6304 163.3959 0.2533 -104.0508 100.0000 stroke8
movl 0 -23.4605 402.6594 176.5742 163.5427 0.6642 -104.0219 100.0000 stroke8
movl 0 -20.7550 399.5767 179.3156 162.3388 2.2265 -104.3906 100.0000 stroke8
movl 0 -19.2140 390.6989 212.7381 159.8519 8.6645 -104.6707 100.0000 stroke8
movl 0 -9.3849 382.1041 198.6716 159.1084 20.6683 -85.4238 100.0000 stroke9
movl 0 -16.6289 379.6654 186.1567 160.6582 18.6616 -85.9027 100.0000 stroke9
movl 0 -25.4113 377.6233 183.5147 164.6058 17.3880 -86.7263 100.0000 stroke9
movl 0 -26.8190 377.2676 182.9167 165.2464 16.1557 -88.1317 100.0000 stroke9
movl 0 -31.9378 377.0299 182.5729 165.5127 14.9755 -88.0121 100.0000 stroke9
movl 0 -37.1085 376.8750 181.5803 165.7586 14.5137 -86.5763 100.0000 stroke9
movl 0 -42.4451 376.3954 180.6932 166.0888 14.1242 -85.1373 100.0000 stroke9
movl 0 -44.4915 377.5789 179.7651 166.3264 13.5102 -85.1737 100.0000 stroke9
movl 0 -45.9561 378.6885 179.0665 166.9883 12.7181 -85.9830 100.0000 stroke9
movl 0 -48.0675 378.5568 179.1066 167.9937 12.2776 -86.8723 100.0000 stroke9
movl 0 -48.5230 379.1787 179.1089 168.3637 12.0504 -87.7163 100.0000 stroke9
movl 0 -47.4595 380.3320 178.9619 168.6550 11.6534 -88.8595 100.0000 stroke9
movl 0 -45.1854 381.8581 178.9809 168.8541 11.1251 -90.5275 100.0000 stroke9
movl 0 -41.4575 383.7296 179.1638 168.9670 10.5792 -92.6350 100.0000 stroke9
movl 0 -36.6149 386.1757 179.2081 169.1306 9.8604 -95.2367 100.0000 stroke9
movl 0 -33.3422 387.9562 178.9568 169.1511 9.2656 -96.6638 100.0000 stroke9
movl 0 -34.5869 386.6101 179.5277 169.2002 9.5470 -96.4463 100.0000 stroke9
movl 0 -34.5725 386.2760 179.4653 169.2019 9.6699 -96.4488 100.0000 stroke9
movl 0 -35.0796 386.3551 179.3419 169.3215 9.6011 -96.5793 100.0000 stroke9
movl 0 -35.5190 385.7752 179.5742 169.2894 9.6725 -96.8348 100.0000 stroke9
movl 0 -37.5034 382.4185 181.2178 169.2987 10.6385 -96.6924 100.0000 stroke9
movl 0 -40.5210 374.8658 198.7856 167.5517 13.3593 -100.8360 100.0000 stroke9
movl 0 -35.7945 364.6723 242.5079 158.1023 15.9407 -99.8941 100.0000 stroke10
movl 0 -32.3650 364.8579 189.0221 157.8261 10.5315 -100.5283 100.0000 stroke10
movl 0 -39.6872 357.9449 186.6424 159.4087 12.5229 -99.8794 100.0000 stroke10
movl 0 -46.8570 357.7065 183.5595 162.0494 13.0884 -98.4490 100.0000 stroke10
movl 0 -47.3356 360.1546 181.6421 163.0241 12.4489 -98.5504 100.0000 stroke10
movl 0 -48.7990 362.3622 179.9843 163.3711 11.5923 -99.0702 100.0000 stroke10
movl 0 -50.0731 364.0057 178.8160 163.5399 11.0502 -99.3934 100.0000 stroke10
movl 0 -52.7452 367.2850 177.2582 164.9966 9.7226 -99.8325 100.0000 stroke10
movl 0 -54.2893 368.2309 177.0035 166.1817 9.0054 -100.1453 100.0000 stroke10
movl 0 -54.6959 368.6257 177.0785 166.4079 9.2035 -100.2096 100.0000 stroke10
movl 0 -53.5575 369.4105 177.0213 166.5217 9.1427 -100.7153 100.0000 stroke10
movl 0 -51.4070 370.5847 177.1785 166.5364 8.9448 -101.4388 100.0000 stroke10
movl 0 -49.1611 371.5750 177.2684 166.5871 8.7184 -102.2579 100.0000 stroke10
movl 0 -46.2898 372.7018 177.2901 166.6344 8.4791 -103.2205 100.0000 stroke10
movl 0 -42.6865 374.0854 177.3202 166.6732 8.1947 -104.4347 100.0000 stroke10
movl 0 -37.2584 375.9423 177.6005 166.6440 7.7594 -106.1862 100.0000 stroke10
movl 0 -31.5214 378.5084 177.5107 166.5497 7.1582 -108.3372 100.0000 stroke10
movl 0 -31.3846 377.4552 178.0856 166.1651 7.5071 -108.4319 100.0000 stroke10
movl 0 -30.2260 376.7912 178.9550 165.6752 7.8104 -108.8902 100.0000 stroke10
movl 0 -30.6722 377.3840 178.7429 166.4665 7.2224 -108.6750 100.0000 stroke10
movl 0 -30.6886 376.7294 178.6465 166.0263 6.9937 -107.9635 100.0000 stroke10
movl 0 -32.3155 374.7670 179.3088 165.4269 7.2828 -107.3635 100.0000 stroke10
movl 0 -31.1910 374.7331 179.4064 165.3174 7.2251 -107.6563 100.0000 stroke10
movl 0 -29.8608 370.1763 192.3751 163.3212 8.9686 -106.8969 100.0000 stroke10
movl 0 -19.0133 379.9616 244.6564 156.0324 3.8278 -102.8890 100.0000 stroke11
movl 0 -21.5804 375.1204 195.3063 157.7221 3.5068 -104.0921 100.0000 stroke11
movl 0 -23.9265 368.5239 190.1095 158.8827 7.2744 -103.8130 100.0000 stroke11
movl 0 -26.5869 373.0303 184.5622 160.3673 6.9268 -103.0062 100.0000 stroke11
movl 0 -27.7849 374.9331 182.4730 160.9823 6.6510 -102.7715 100.0000 stroke11
movl 0 -28.6883 377.7835 180.4179 161.2725 5.9606 -102.6225 100.0000 stroke11
movl 0 -29.9099 380.0893 178.8924 161.9363 5.1957 -102.7329 100.0000 stroke11
movl 0 -31.1660 382.7659 177.2837 163.4105 4.1838 -102.8188 100.0000 stroke11
movl 0 -32.2853 382.6962 177.2435 163.6415 3.7617 -102.8139 100.0000 stroke11
movl 0 -33.9462 381.9985 177.2270 163.7100 3.2432 -102.3411 100.0000 stroke11
movl 0 -35.1941 380.8572 177.5032 163.7102 2.7646 -101.9544 100.0000 stroke11
movl 0 -38.0724 379.6809 177.4964 163.9476 2.1074 -101.0667 100.0000 stroke11
movl 0 -41.3131 377.4119 177.9127 163.7461 1.7720 -99.6928 100.0000 stroke11
movl 0 -44.0773 375.5042 178.6754 163.2428 1.5583 -98.6620 100.0000 stroke11
movl 0 -45.4750 374.3609 179.3768 162.8190 1.6891 -98.3630 100.0000 stroke11
movl 0 -41.5043 371.8384 182.8793 160.9585 2.8011 -99.7216 100.0000 stroke11
movl 0 -32.9543 370.3530 188.3600 158.3023 3.4669 -103.6150 100.0000 stroke11
movl 0 -34.8798 369.5844 201.6377 157.8296 4.3439 -105.8361 100.0000 stroke11
movl 0 -11.9683 387.7204 230.4008 153.1999 2.7247 -101.8176 100.0000 stroke12
movl 0 -9.4416 381.8120 182.3269 152.9182 0.8290 -102.6921 100.0000 stroke12
movl 0 -19.0837 372.3627 184.2291 156.3473 5.1205 -102.3191 100.0000 stroke12
movl 0 -24.7617 370.0742 182.2027 158.7950 6.0390 -102.5989 100.0000 stroke12
movl 0 -24.4635 372.9474 180.0684 159.7359 5.3896 -103.4046 100.0000 stroke12
movl 0 -27.5931 374.6630 178.1084 160.8816 5.2179 -103.3943 100.0000 stroke12
movl 0 -29.7667 377.8120 176.3962 162.2845 3.8853 -103.6292 100.0000 stroke12
movl 0 -29.4379 379.4637 176.0542 162.5510 2.5553 -104.4143 100.0000 stroke12
movl 0 -30.0853 380.3970 176.0847 162.8447 1.1418 -104.9043 100.0000 stroke12
movl 0 -30.4483 381.4668 176.4782 163.3537 -0.9776 -106.1331 100.0000 stroke12
movl 0 -31.5658 383.1178 176.5463 164.3874 -3.7306 -107.5050 100.0000 stroke12
movl 0 -33.0756 384.0143 176.5359 165.6320 -5.7913 -108.5305 100.0000 stroke12
movl 0 -31.0122 381.7473 177.8116 164.5705 -4.6189 -108.8883 100.0000 stroke12
movl 0 -31.5705 381.8910 177.6528 164.8684 -5.0390 -108.6926 100.0000 stroke12
movl 0 -31.1694 381.6604 177.6481 164.7310 -4.7404 -108.7223 100.0000 stroke12
movl 0 -31.5177 381.5820 177.5548 164.8369 -4.7366 -108.6493 100.0000 stroke12
movl 0 -31.5666 381.2229 177.7150 164.7789 -4.2966 -108.6492 100.0000 stroke12
movl 0 -31.7092 380.7028 177.9046 164.7768 -3.8937 -108.6775 100.0000 stroke12
movl 0 -24.2531 373.1453 200.9624 161.4877 1.1967 -108.8061 100.0000 stroke12
movl 0 -15.0468 366.4916 204.7811 156.1174 13.6803 -88.4264 100.0000 stroke13
movl 0 -19.2487 367.5185 190.6184 159.2088 10.0526 -90.1462 100.0000 stroke13
movl 0 -22.7337 367.0382 188.6208 161.0139 8.1497 -91.5508 100.0000 stroke13
movl 0 -24.9277 366.4155 187.8087 161.6803 7.3709 -91.8191 100.0000 stroke13
movl 0 -25.3618 366.0122 187.5094 161.8753 7.6595 -91.3174 100.0000 stroke13
movl 0 -28.7010 366.0154 186.5893 162.2769 7.3419 -90.1145 100.0000 stroke13
movl 0 -36.0193 365.0293 185.8737 164.2013 6.8831 -89.3357 100.0000 stroke13
movl 0 -39.4597 365.0599 184.9365 165.1205 6.5231 -89.4702 100.0000 stroke13
movl 0 -41.3009 365.0203 184.2424 165.4320 6.3004 -89.4144 100.0000 stroke13
movl 0 -45.3507 365.6051 182.9670 167.2189 5.6825 -90.3492 100.0000 stroke13
movl 0 -48.5618 366.4206 182.1428 168.7395 4.5382 -92.0937 100.0000 stroke13
movl 0 -52.0446 366.1095 181.8208 169.9140 4.3090 -93.6200 100.0000 stroke13
movl 0 -53.9183 366.2581 181.7170 170.4573 4.3346 -94.9715 100.0000 stroke13
movl 0 -54.9730 366.9870 181.4393 170.8875 4.2866 -96.2957 100.0000 stroke13
movl 0 -54.7938 367.6915 181.1445 171.0556 4.1991 -97.5310 100.0000 stroke13
movl 0 -53.7791 368.7620 181.0847 171.1994 4.0948 -98.8935 100.0000 stroke13
movl 0 -52.0836 369.6410 181.2319 171.1953 4.0244 -99.8862 100.0000 stroke13
movl 0 -50.0616 370.6938 181.4269 171.1880 3.9687 -101.0659 100.0000 stroke13
movl 0 -47.9513 371.8268 181.5642 171.1223 3.8469 -102.0450 100.0000 stroke13
movl 0 -45.1017 373.0051 181.9833 170.9153 3.7038 -103.1647 100.0000 stroke13
movl 0 -42.5398 374.0376 182.3781 170.7019 3.5778 -104.1494 100.0000 stroke13
movl 0 -39.9867 374.9694 182.8407 170.3938 3.4918 -104.9499 100.0000 stroke13
movl 0 -37.4308 375.5110 183.5333 170.0448 3.4844 -105.7311 100.0000 stroke13
movl 0 -35.6878 375.7658 184.0023 169.7819 3.5182 -106.2347 100.0000 stroke13
movl 0 -34.8585 375.7052 184.3940 169.6050 3.4784 -106.4495 100.0000 stroke13
movl 0 -35.2257 375.2375 184.5829 169.5170 3.4899 -106.2548 100.0000 stroke13
movl 0 -32.2342 370.6352 189.4317 167.5698 4.0912 -106.1809 100.0000 stroke13
movl 0 -38.2250 347.5750 246.3780 163.7323 11.9133 -103.8902 100.0000 stroke13
movl 0 -12.3824 380.9596 199.8638 160.1309 2.9549 -107.6735 100.0000 stroke14
movl 0 -12.8915 372.1361 192.3872 161.0810 5.9863 -109.8493 100.0000 stroke14
movl 0 -18.3493 373.0379 187.3375 163.0567 6.1889 -110.1280 100.0000 stroke14
movl 0 -17.9384 376.9040 184.7257 163.6896 5.8315 -111.3322 100.0000 stroke14
movl 0 -17.2472 379.6550 183.1435 163.9313 5.6081 -111.7910 100.0000 stroke14
movl 0 -17.7379 382.4641 181.4087 164.4141 5.3077 -111.8217 100.0000 stroke14
movl 0 -17.7920 386.6754 179.5860 165.6918 3.5472 -111.6934 100.0000 stroke14
movl 0 -18.0601 388.2905 178.7438 166.1334 2.7045 -111.4954 100.0000 stroke14
movl 0 -18.9547 387.8651 178.7107 165.8412 2.2767 -111.1174 100.0000 stroke14
movl 0 -20.2675 387.1349 178.8338 165.7412 1.9515 -110.7342 100.0000 stroke14
movl 0 -21.2667 386.1377 179.2578 165.5465 1.7313 -110.3329 100.0000 stroke14
movl 0 -22.6545 385.2108 179.6206 165.4689 1.4136 -109.8052 100.0000 stroke14
movl 0 -25.4831 384.2196 179.7662 165.5106 1.1669 -109.0437 100.0000 stroke14
movl 0 -28.2995 382.5966 180.1214 165.4575 1.3281 -108.2050 100.0000 stroke14
movl 0 -30.0925 380.9806 180.9449 165.0990 1.4178 -107.8364 100.0000 stroke14
movl 0 -30.2147 378.7144 182.6151 164.2977 1.9500 -107.8179 100.0000 stroke14
movl 0 -29.5600 377.4835 183.9730 163.8609 2.1367 -108.4207 100.0000 stroke14
movl 0 -27.6777 373.9045 187.8836 162.7881 3.2841 -109.4964 100.0000 stroke14
movl 0 -26.5133 361.5543 221.6379 158.9927 7.4304 -109.2480 100.0000 stroke14
movl 0 2.6478 368.9270 198.3904 153.8023 -4.7614 -124.9945 100.0000 stroke15
movl 0 -11.2575 364.2783 189.8874 156.4667 -2.9060 -127.2318 100.0000 stroke15
movl 0 -21.5185 365.4948 186.1445 159.1945 -1.9783 -127.1353 100.0000 stroke15
movl 0 -27.6933 365.6842 184.8766 161.0211 -1.2220 -127.7355 100.0000 stroke15
movl 0 -29.7164 369.2608 183.7735 162.2701 -2.1646 -128.6913 100.0000 stroke15
movl 0 -31.6596 370.7729 182.7440 163.3910 -2.5887 -129.8171 100.0000 stroke15
movl 0 -33.2192 372.2501 182.0658 164.3304 -3.0446 -131.4328 100.0000 stroke15
movl 0 -35.6989 373.8127 181.4628 165.9894 -3.1734 -133.7560 100.0000 stroke15
movl 0 -36.8067 374.7083 181.2758 167.3153 -3.1884 -135.7643 100.0000 stroke15
movl 0 -37.5139 375.7909 181.2154 168.7560 -3.2204 -137.9664 100.0000 stroke15
movl 0 -39.2434 376.9601 181.2192 170.7669 -3.0991 -141.7093 100.0000 stroke15
movl 0 -40.5650 378.0717 181.1012 172.5030 -2.7558 -146.1128 100.0000 stroke15
movl 0 -42.0496 379.0983 181.0735 174.1638 -2.1234 -149.4359 100.0000 stroke15
movl 0 -44.0943 380.3620 180.9244 175.9790 -1.2637 -152.5531 100.0000 stroke15
movl 0 -45.5100 381.9144 180.5885 177.4131 -0.5454 -154.7038 100.0000 stroke15
movl 0 -46.6409 383.2423 180.4117 178.7744 0.3170 -157.1728 100.0000 stroke15
movl 0 -46.7969 384.6235 180.1446 179.8980 0.7663 -159.8952 100.0000 stroke15
movl 0 -48.6340 383.8026 180.4515 179.9909 1.5374 -162.0989 100.0000 stroke15
movl 0 -49.3649 383.4571 180.5857 -179.9441 1.8667 -164.4285 100.0000 stroke15
movl 0 -49.3612 382.7270 180.9354 179.9386 1.8658 -165.3563 100.0000 stroke15
movl 0 -48.5823 381.8777 181.3350 179.7063 1.6160 -165.4645 100.0000 stroke15
movl 0 -48.3609 381.2578 181.5600 179.5385 1.5980 -165.3372 100.0000 stroke15
movl 0 -47.8427 381.1961 181.5299 179.5135 1.5818 -165.1472 100.0000 stroke15
movl 0 -47.4381 380.9343 181.5722 179.5340 1.5882 -165.0413 100.0000 stroke15
movl 0 -47.3900 380.3103 181.7214 179.5480 1.6311 -164.9124 100.0000 stroke15
movl 0 -46.9967 380.0759 181.7347 179.5801 1.6616 -164.8892 100.0000 stroke15
movl 0 -46.3134 379.9721 181.8560 179.5789 1.5924 -164.8828 100.0000 stroke15
movl 0 -46.0791 379.7545 181.8796 179.5818 1.5730 -164.8295 100.0000 stroke15
movl 0 -45.8832 379.1191 182.1416 179.4258 1.5776 -164.8413 100.0000 stroke15
movl 0 -45.3322 378.6272 182.3399 179.3820 1.5249 -164.8021 100.0000 stroke15
movl 0 -44.8396 378.1736 182.5762 179.3091 1.4773 -164.8218 100.0000 stroke15
movl 0 -44.3914 377.5983 182.8379 179.2013 1.4441 -164.8466 100.0000 stroke15
movl 0 -43.9645 377.0708 183.0700 179.1076 1.4218 -164.7957 100.0000 stroke15
movl 0 -43.6011 376.6812 183.2535 179.0394 1.3905 -164.8229 100.0000 stroke15
movl 0 -43.2086 376.4312 183.3904 179.0271 1.2966 -164.7861 100.0000 stroke15
movl 0 -42.7952 376.0268 183.5299 178.9881 1.2002 -164.6143 100.0000 stroke15
movl 0 -42.4236 375.7783 183.6924 178.9726 1.1919 -164.6363 100.0000 stroke15
movl 0 -41.9384 375.3718 183.9307 178.8537 1.1276 -164.5131 100.0000 stroke15
movl 0 -41.2267 375.0551 183.9528 178.8049 1.0685 -164.5070 100.0000 stroke15
movl 0 -40.7989 374.8537 184.0173 178.8230 1.0105 -164.5318 100.0000 stroke15
movl 0 -40.6836 374.3284 184.2241 178.7386 1.0844 -164.5961 100.0000 stroke15
movl 0 -40.3810 373.9909 184.3532 178.6869 1.0742 -164.6078 100.0000 stroke15
movl 0 -40.0693 373.7745 184.5227 178.6988 1.0698 -164.6510 100.0000 stroke15
movl 0 -39.8102 373.4081 184.7328 178.6573 0.9835 -164.6181 100.0000 stroke15
movl 0 -39.4024 373.1293 184.8841 178.6120 0.9368 -164.6115 100.0000 stroke15
movl 0 -39.0474 372.9346 185.0276 178.5970 0.9175 -164.7629 100.0000 stroke15
movl 0 -38.5369 372.5490 185.2574 178.5166 0.8548 -164.8095 100.0000 stroke15
movl 0 -38.2315 372.4417 185.3195 178.5137 0.8059 -164.8264 100.0000 stroke15
movl 0 -37.9919 372.2208 185.4387 178.4667 0.7942 -164.8730 100.0000 stroke15
movl 0 -38.0829 372.0621 185.4895 178.4764 0.8086 -164.8829 100.0000 stroke15
movl 0 -37.7969 371.7591 185.7386 178.3846 0.7576 -164.8612 100.0000 stroke15
movl 0 -36.8705 371.4274 186.1324 178.2947 0.6183 -164.7970 100.0000 stroke15
movl 0 -36.7276 371.2286 186.2757 178.2926 0.6291 -164.8465 100.0000 stroke15
movl 0 -36.3164 371.0489 186.5036 178.2566 0.5666 -164.9092 100.0000 stroke15
movl 0 -36.2520 370.8116 186.6956 178.2512 0.5863 -164.8754 100.0000 stroke15
movl 0 -36.0027 370.6846 186.9431 178.3427 0.5685 -164.8592 100.0000 stroke15
movl 0 -36.0131 370.7180 187.0314 178.3924 0.6639 -165.0211 100.0000 stroke15
movl 0 -35.8057 370.3755 187.2450 178.3262 0.6613 -165.0293 100.0000 stroke15
movl 0 -35.5457 370.0207 187.5177 178.2833 0.6416 -164.9812 100.0000 stroke15
movl 0 -35.3861 369.3205 187.9199 178.0942 0.6405 -164.7965 100.0000 stroke15
movl 0 -34.9908 368.4588 188.4932 177.8335 0.6054 -164.7138 100.0000 stroke15
movl 0 -34.8238 367.8840 188.9266 177.7477 0.6079 -164.6494 100.0000 stroke15
movl 0 -34.6593 367.7788 189.0741 177.7547 0.5891 -164.6823 100.0000 stroke15
movl 0 -34.4248 367.4245 189.3933 177.7067 0.5212 -164.7083 100.0000 stroke15
movl 0 -34.2103 366.9761 189.6165 177.5989 0.5039 -164.7205 100.0000 stroke15
movl 0 -33.9560 366.7983 189.7647 177.6089 0.4498 -164.8469 100.0000 stroke15
movl 0 -33.5959 366.5594 189.9135 177.5814 0.3909 -165.0058 100.0000 stroke15
movl 0 -33.4867 365.8488 190.2666 177.3572 0.3391 -165.3305 100.0000 stroke15
movl 0 -33.1591 365.7421 190.4065 177.3797 0.2705 -165.3327 100.0000 stroke15
movl 0 -32.7788 365.4356 190.6423 177.3445 0.2011 -165.4109 100.0000 stroke15
movl 0 -32.6771 365.7750 190.4333 177.5350 0.1807 -165.4941 100.0000 stroke15
movl 0 -32.6790 365.9955 190.2716 177.6133 0.1833 -165.4725 100.0000 stroke15
movl 0 -32.7951 365.6028 190.4509 177.4551 0.1406 -165.3898 100.0000 stroke15
movl 0 -32.9045 365.5725 190.4545 177.4689 0.1664 -165.3562 100.0000 stroke15
movl 0 -33.1646 365.5264 190.4680 177.4894 0.2180 -165.3384 100.0000 stroke15
movl 0 -33.2722 365.3679 190.5425 177.4435 0.2430 -165.2812 100.0000 stroke15
movl 0 -33.2610 365.3283 190.5429 177.4139 0.2955 -165.3454 100.0000 stroke15
movl 0 -32.4134 364.6029 191.3532 177.0747 0.1993 -165.4655 100.0000 stroke15
movl 0 -23.9193 358.2589 208.3654 173.8192 -1.8495 -164.9022 100.0000 stroke15
