movl 0 -35.1677 381.5837 168.4293 151.3270 -6.8535 -134.9600 100.0000 stroke1
movl 0 -36.7774 381.7152 168.1975 151.8117 -6.2592 -133.7921 100.0000 stroke1
movl 0 -38.5124 381.6730 168.0486 152.3677 -6.2754 -133.8227 100.0000 stroke1
movl 0 -40.7152 381.8836 168.1341 153.3956 -5.9532 -134.4619 100.0000 stroke1
movl 0 -43.4690 382.1423 168.2206 154.6099 -5.1157 -134.8893 100.0000 stroke1
movl 0 -45.9167 381.7445 168.4544 155.4926 -4.0656 -135.1704 100.0000 stroke1
movl 0 -48.3213 381.6083 168.7779 156.6089 -3.1919 -135.2422 100.0000 stroke1
movl 0 -50.6046 380.6091 169.4690 157.4737 -2.1066 -135.4021 100.0000 stroke1
movl 0 -54.9353 377.9511 169.6576 157.8891 -0.1477 -135.6525 100.0000 stroke1
movl 0 -55.7843 377.6230 169.8311 158.2228 0.6140 -136.5773 100.0000 stroke1
movl 0 -56.3143 377.7626 170.1464 158.7766 1.2112 -138.3405 100.0000 stroke1
movl 0 -56.9544 378.3315 170.4330 159.5723 1.6850 -140.4318 100.0000 stroke1
movl 0 -56.2579 379.8264 170.6879 160.4678 1.8213 -143.0111 100.0000 stroke1
movl 0 -55.5194 381.1535 170.8066 161.2027 2.1782 -145.5662 100.0000 stroke1
movl 0 -54.5981 383.5731 170.4936 162.2681 2.3477 -148.4562 100.0000 stroke1
movl 0 -54.4820 383.4950 170.5033 162.2241 2.4323 -148.9860 100.0000 stroke1
movl 0 -50.0033 379.8263 172.1045 159.7094 1.5548 -147.7839 100.0000 stroke1
movl 0 -47.7310 378.8120 172.4450 158.7036 1.2851 -147.7230 100.0000 stroke1
movl 0 -47.8867 378.7633 172.5406 158.8479 1.3570 -147.8571 100.0000 stroke1
movl 0 -47.0170 378.6024 172.6622 158.5689 1.1205 -147.7871 100.0000 stroke1
movl 0 -46.7391 379.6590 172.6172 159.1710 0.6825 -147.7549 100.0000 stroke1
movl 0 -47.3790 382.4030 173.2970 161.3766 -0.4983 -148.5816 100.0000 stroke1
movl 0 -47.1716 383.5817 173.1892 161.9362 -1.1159 -148.7968 100.0000 stroke1
movl 0 -43.1406 383.4890 172.7244 160.1052 -3.1791 -145.3118 100.0000 stroke1
movl 0 -29.5492 375.7579 174.2889 152.3390 -4.6462 -140.5863 100.0000 stroke1
movl 0 -23.7891 364.4392 196.1814 144.8460 0.8009 -134.9049 100.0000 stroke1
movl 0 -15.3695 408.1514 212.7550 142.9515 8.0179 -104.8402 100.0000 stroke2
movl 0 -12.5251 400.5594 171.2798 144.8299 9.5494 -105.0175 100.0000 stroke2
movl 0 -13.9553 398.0360 163.6000 147.3648 12.2256 -104.7553 100.0000 stroke2
movl 0 -14.0615 401.2526 161.1311 148.7442 11.2261 -105.5318 100.0000 stroke2
movl 0 -13.6506 403.1830 159.9825 148.6495 9.8922 -106.3865 100.0000 stroke2
movl 0 -15.7584 407.0373 159.4732 150.2607 6.1896 -109.2821 100.0000 stroke2
movl 0 -15.2498 410.9869 158.9466 151.6088 2.0151 -113.5993 100.0000 stroke2
movl 0 -13.8901 413.2854 158.4770 151.5733 -1.4615 -116.1045 100.0000 stroke2
movl 0 -12.7127 415.0198 159.5096 152.4517 -6.3532 -120.5132 100.0000 stroke2
movl 0 -11.6832 417.7196 160.5116 154.2197 -11.1681 -124.6308 100.0000 stroke2
movl 0 -12.0962 419.2190 161.5801 156.6144 -15.0689 -129.0865 100.0000 stroke2
movl 0 -11.5462 421.5633 162.1132 159.7530 -19.2576 -134.1304 100.0000 stroke2
movl 0 -11.3352 424.0088 162.3175 163.3264 -22.6228 -139.1375 100.0000 stroke2
movl 0 -11.8504 426.1768 162.6052 166.9420 -24.9234 -143.7528 100.0000 stroke2
movl 0 -12.8277 428.1333 162.7286 170.6361 -26.5289 -148.1404 100.0000 stroke2
movl 0 -11.1965 426.8988 163.3130 170.4936 -26.7242 -149.6023 100.0000 stroke2
movl 0 -12.5703 427.4121 163.2244 171.9763 -26.8871 -151.0757 100.0000 stroke2
movl 0 -8.0747 415.7556 166.3103 162.3624 -23.5767 -146.4228 100.0000 stroke2
movl 0 -3.0335 393.0206 185.6599 142.1420 -9.8452 -131.3535 100.0000 stroke2
movl 0 -39.1289 366.6202 224.4962 148.0178 -16.8565 -143.7660 100.0000 stroke3
movl 0 -38.7602 370.5914 186.1450 157.0662 -21.4186 -153.3532 100.0000 stroke3
movl 0 -42.3606 368.9873 174.4468 158.1864 -19.3745 -154.7823 100.0000 stroke3
movl 0 -45.6514 369.4556 171.8570 158.0096 -17.9336 -153.1340 100.0000 stroke3
movl 0 -49.0336 368.5913 170.5721 157.5203 -16.6064 -151.6612 100.0000 stroke3
movl 0 -50.5510 369.3554 169.5096 157.5391 -15.8535 -150.6453 100.0000 stroke3
movl 0 -55.5986 368.6059 168.8622 157.9832 -13.2189 -149.8371 100.0000 stroke3
movl 0 -59.4111 368.3118 168.9890 159.2286 -11.3014 -149.9888 100.0000 stroke3
movl 0 -60.7513 368.4760 169.6323 159.9774 -10.3950 -149.4763 100.0000 stroke3
movl 0 -62.2561 367.2818 169.4951 159.4276 -8.6029 -148.1441 100.0000 stroke3
movl 0 -63.0974 367.1021 169.4946 159.5141 -7.3727 -147.9185 100.0000 stroke3
movl 0 -62.4693 366.9702 169.5887 159.3907 -6.7058 -147.7352 100.0000 stroke3
movl 0 -60.9930 367.0795 169.8330 159.3514 -6.3814 -148.0986 100.0000 stroke3
movl 0 -59.0524 367.6469 169.9718 159.5523 -6.1020 -148.8342 100.0000 stroke3
movl 0 -57.0621 368.1575 170.0501 159.6916 -5.6915 -149.6032 100.0000 stroke3
movl 0 -55.2821 368.7839 170.0771 159.9763 -5.0319 -150.5289 100.0000 stroke3
movl 0 -53.6129 369.1703 170.0431 160.2099 -4.4636 -151.3992 100.0000 stroke3
movl 0 -51.8752 369.4977 170.0460 160.4140 -4.0156 -152.0394 100.0000 stroke3
movl 0 -49.7912 369.8847 170.0884 160.5899 -3.6900 -152.7176 100.0000 stroke3
movl 0 -47.7729 369.9634 170.1172 160.8465 -3.1405 -153.5388 100.0000 stroke3
movl 0 -44.4591 370.6920 170.1842 161.3051 -2.5715 -154.8923 100.0000 stroke3
movl 0 -40.8295 371.4460 170.1753 161.8075 -1.9785 -156.4833 100.0000 stroke3
movl 0 -38.1239 371.7396 170.1279 162.2695 -1.2985 -158.0503 100.0000 stroke3
movl 0 -37.0254 372.1876 170.0230 162.8104 -0.6412 -159.6917 100.0000 stroke3
movl 0 -37.7060 372.9750 169.9789 163.4272 -0.0961 -161.1633 100.0000 stroke3
movl 0 -35.7483 370.6956 170.7715 162.1626 -0.7860 -160.1229 100.0000 stroke3
movl 0 -33.1819 368.8584 171.3971 160.8219 -1.4313 -159.6027 100.0000 stroke3
movl 0 -31.6242 367.7142 171.9306 160.0417 -1.7049 -159.5539 100.0000 stroke3
movl 0 -30.1503 366.6329 172.4040 159.3233 -1.9051 -159.6605 100.0000 stroke3
movl 0 -29.5074 366.6545 172.4987 159.2487 -2.0247 -159.8529 100.0000 stroke3
movl 0 -29.8110 367.4448 172.6787 160.0555 -2.2990 -160.0848 100.0000 stroke3
movl 0 -29.9090 369.6426 173.4200 162.0957 -3.1557 -161.1360 100.0000 stroke3
movl 0 -29.5197 371.6809 174.0844 163.8912 -4.0683 -162.3928 100.0000 stroke3
movl 0 -28.1448 372.3649 174.4275 164.3588 -4.9350 -162.4627 100.0000 stroke3
movl 0 -23.3432 369.8569 174.0725 161.1937 -7.0432 -157.0513 100.0000 stroke3
movl 0 -16.4586 351.7312 192.8871 146.4562 -1.5008 -141.2041 100.0000 stroke3
movl 0 -2.2086 402.7194 192.6566 149.7280 -2.2766 -116.0434 100.0000 stroke4
movl 0 -4.3644 394.0980 177.4897 153.2959 0.5823 -119.7187 100.0000 stroke4
movl 0 -9.3139 392.9759 174.9034 154.5105 2.3308 -119.5402 100.0000 stroke4
movl 0 -10.6836 395.7029 172.2055 154.8059 3.4047 -118.2864 100.0000 stroke4
movl 0 -13.1957 397.7467 170.8271 155.8450 3.5292 -117.7005 100.0000 stroke4
movl 0 -13.9836 403.6778 169.9743 158.6099 0.3418 -119.1065 100.0000 stroke4
movl 0 -12.2241 407.0050 169.6696 158.7976 -2.3172 -119.3682 100.0000 stroke4
movl 0 -12.4145 408.6124 169.8229 159.1221 -4.6888 -119.1768 100.0000 stroke4
movl 0 -14.5706 408.5985 170.2482 159.5754 -6.3748 -118.5765 100.0000 stroke4
movl 0 -17.2811 408.5283 170.5674 160.1278 -7.6989 -117.8027 100.0000 stroke4
movl 0 -21.8765 407.8358 170.8151 160.8541 -8.5382 -116.6403 100.0000 stroke4
movl 0 -26.1660 406.2354 171.1606 161.0442 -9.0948 -115.1506 100.0000 stroke4
movl 0 -31.1732 404.3622 171.2004 161.2798 -9.3828 -113.5232 100.0000 stroke4
movl 0 -35.2008 403.0281 171.1484 161.4240 -9.6910 -112.0898 100.0000 stroke4
movl 0 -39.1452 401.6897 171.0522 161.3447 -10.0696 -110.5885 100.0000 stroke4
movl 0 -42.8901 399.9919 171.0828 161.1388 -10.2221 -109.2485 100.0000 stroke4
movl 0 -46.7540 398.2452 171.0728 160.9866 -10.2356 -108.0434 100.0000 stroke4
movl 0 -49.7113 396.8261 171.0531 160.7619 -10.1387 -107.0513 100.0000 stroke4
movl 0 -50.7005 395.8837 171.1015 160.2318 -10.1146 -106.3317 100.0000 stroke4
movl 0 -51.9454 394.7831 171.1776 159.8241 -9.8435 -105.7528 100.0000 stroke4
movl 0 -52.4441 394.0727 171.0916 159.2756 -9.6615 -105.1435 100.0000 stroke4
movl 0 -52.3336 393.5643 170.8865 158.5727 -9.6080 -104.5672 100.0000 stroke4
movl 0 -52.1053 393.2267 170.4840 157.8229 -9.5558 -103.9059 100.0000 stroke4
movl 0 -50.6766 392.1487 170.5607 156.5054 -9.1811 -103.1239 100.0000 stroke4
movl 0 -44.9224 383.5423 176.5904 150.1808 -3.7445 -100.7673 100.0000 stroke4
movl 0 -47.7437 358.3467 225.5129 143.4147 18.1644 -91.5762 100.0000 stroke4
movl 0 -34.7737 380.1910 242.5693 178.7398 45.7013 -41.3557 100.0000 stroke5
movl 0 -19.0209 388.8962 185.5049 152.8646 22.9274 -74.6482 100.0000 stroke5
movl 0 -14.6225 382.5944 170.4888 153.0389 15.8346 -79.3442 100.0000 stroke5
movl 0 -13.1321 380.5691 171.1824 152.8616 12.8617 -83.7264 100.0000 stroke5
movl 0 -19.3147 376.3368 172.2971 155.2448 13.0193 -84.7845 100.0000 stroke5
movl 0 -22.0286 376.2598 171.2833 155.7397 13.2606 -84.1524 100.0000 stroke5
movl 0 -25.1868 376.4105 170.0590 156.5041 13.4423 -84.1648 100.0000 stroke5
movl 0 -27.8485 379.6779 169.1112 156.9958 10.1850 -86.3849 100.0000 stroke5
movl 0 -28.6134 383.4217 169.3770 156.9359 5.1884 -89.5207 100.0000 stroke5
movl 0 -29.3825 386.6305 169.7350 157.2285 0.3999 -92.5660 100.0000 stroke5
movl 0 -31.4147 389.1162 170.1202 158.4694 -4.0167 -96.0156 100.0000 stroke5
movl 0 -33.0488 390.6220 170.3229 159.7886 -7.3357 -99.3158 100.0000 stroke5
movl 0 -35.0916 391.9817 170.2802 161.1561 -9.9418 -101.4000 100.0000 stroke5
movl 0 -33.0786 388.4669 171.8222 160.4189 -8.4065 -103.4356 100.0000 stroke5
movl 0 -30.7606 386.5110 172.3706 159.5112 -7.6184 -104.5054 100.0000 stroke5
movl 0 -31.5926 387.5353 172.1789 160.1922 -8.7239 -104.8249 100.0000 stroke5
movl 0 -32.9643 388.3993 172.1151 161.1114 -9.8429 -105.3365 100.0000 stroke5
movl 0 -33.4172 387.8924 172.3118 161.2674 -9.6691 -105.5788 100.0000 stroke5
movl 0 -33.5786 387.8219 172.3403 161.3507 -9.8695 -105.7926 100.0000 stroke5
movl 0 -34.0021 387.7176 172.4049 161.5183 -9.8384 -106.1221 100.0000 stroke5
movl 0 -32.7934 379.2594 174.1510 158.9102 -3.6879 -104.9408 100.0000 stroke5
movl 0 -32.8846 347.7336 180.9396 154.7836 21.8244 -93.4137 100.0000 stroke5
movl 0 -26.5772 363.0492 229.1019 147.2483 10.0030 -110.1247 100.0000 stroke6
movl 0 -22.0632 359.8384 181.4258 151.4224 5.3789 -114.3885 100.0000 stroke6
movl 0 -25.9591 355.2410 175.9720 153.6834 5.7234 -115.2661 100.0000 stroke6
movl 0 -26.5926 356.9029 173.8921 154.0729 5.4351 -114.9221 100.0000 stroke6
movl 0 -27.8422 358.9976 172.7333 154.8036 5.0942 -114.2884 100.0000 stroke6
movl 0 -32.1018 359.0674 171.9650 156.4785 5.9873 -113.9327 100.0000 stroke6
movl 0 -36.2556 358.4833 171.7040 158.3732 7.1457 -114.0382 100.0000 stroke6
movl 0 -35.7150 360.7240 171.5574 159.3783 6.6806 -115.8854 100.0000 stroke6
movl 0 -32.6038 363.7496 171.5670 159.6346 5.4210 -118.5000 100.0000 stroke6
movl 0 -26.5000 365.5409 171.8104 157.9173 3.7337 -118.9684 100.0000 stroke6
movl 0 -22.7383 369.8959 171.1287 157.7500 1.4894 -119.8599 100.0000 stroke6
movl 0 -18.9543 378.0360 170.6704 159.7686 -3.5728 -122.5669 100.0000 stroke6
movl 0 -15.1072 383.5028 169.2168 159.7366 -6.7204 -122.7702 100.0000 stroke6
movl 0 -13.8349 386.7835 169.0789 160.5712 -9.6660 -123.2095 100.0000 stroke6
movl 0 -14.4664 389.4431 169.5408 162.5397 -12.5351 -124.9662 100.0000 stroke6
movl 0 -16.0427 391.4699 169.7019 164.5345 -14.8490 -126.6563 100.0000 stroke6
movl 0 -17.6105 393.3003 169.6918 166.3747 -16.4649 -127.5150 100.0000 stroke6
movl 0 -19.3529 394.6092 169.3709 167.7526 -17.7256 -127.9548 100.0000 stroke6
movl 0 -21.9754 395.7152 169.0994 169.0488 -18.6058 -126.7966 100.0000 stroke6
movl 0 -19.9289 392.6688 170.5515 167.4490 -17.6220 -126.5223 100.0000 stroke6
movl 0 -17.1885 390.2014 171.5638 165.8324 -16.5687 -126.5094 100.0000 stroke6
movl 0 -18.3418 391.1679 171.3234 166.7278 -17.3304 -126.2475 100.0000 stroke6
movl 0 -19.6350 390.9963 171.4452 166.9822 -17.0943 -125.4417 100.0000 stroke6
movl 0 -16.3872 374.0227 176.4174 158.2089 -8.2695 -121.7370 100.0000 stroke6
movl 0 -20.0616 333.4555 207.2291 146.6720 19.2267 -109.4684 100.0000 stroke6
movl 0 -37.9427 351.8203 238.6679 152.6594 15.7742 -98.3633 100.0000 stroke7
movl 0 -31.3783 349.2004 183.1125 154.5309 9.1549 -105.1769 100.0000 stroke7
movl 0 -37.2663 341.8440 178.4399 156.4236 10.3715 -106.1041 100.0000 stroke7
movl 0 -41.2158 342.2999 175.7797 157.7219 10.5369 -106.1369 100.0000 stroke7
movl 0 -42.6224 343.3063 174.3916 157.9459 10.6881 -106.4139 100.0000 stroke7
movl 0 -44.5235 344.0168 173.4307 158.6001 10.8777 -106.1787 100.0000 stroke7
movl 0 -49.5470 344.0987 173.1193 160.8678 11.0905 -106.5571 100.0000 stroke7
movl 0 -51.3667 343.4007 173.0847 161.5686 11.6071 -107.0309 100.0000 stroke7
movl 0 -51.8612 343.8583 173.1982 162.2513 11.6667 -107.8730 100.0000 stroke7
movl 0 -51.7626 344.5681 173.3560 162.7712 11.4897 -108.8244 100.0000 stroke7
movl 0 -51.5210 346.1522 173.4230 163.4486 11.0599 -110.2958 100.0000 stroke7
movl 0 -50.9950 347.4139 173.2946 163.6422 10.6416 -111.3665 100.0000 stroke7
movl 0 -48.3543 345.5802 174.0632 162.2376 11.0199 -111.5643 100.0000 stroke7
movl 0 -48.8266 346.6945 173.9294 162.5911 10.5282 -111.4737 100.0000 stroke7
movl 0 -49.0236 348.2511 174.2112 163.2751 9.3546 -111.5581 100.0000 stroke7
movl 0 -41.3764 344.3580 175.4639 157.9941 11.0372 -107.2713 100.0000 stroke7
movl 0 -34.4324 319.2643 229.5917 148.3197 22.8766 -100.3358 100.0000 stroke7
movl 0 -35.7671 340.7293 207.3251 152.3516 7.8444 -107.4510 100.0000 stroke8
movl 0 -35.4262 341.8759 179.6980 155.4964 6.0333 -110.2944 100.0000 stroke8
movl 0 -41.0075 341.3940 177.9666 157.7109 6.1009 -110.5135 100.0000 stroke8
movl 0 -41.7420 343.7273 177.3971 158.5202 4.7624 -111.0804 100.0000 stroke8
movl 0 -42.7867 343.6987 176.8035 158.6585 5.0206 -111.1646 100.0000 stroke8
movl 0 -46.9546 344.2670 176.0755 160.4922 5.3479 -111.9725 100.0000 stroke8
movl 0 -49.8571 343.8018 176.3255 161.6912 5.4934 -113.0338 100.0000 stroke8
movl 0 -50.3666 343.9443 176.5455 162.3170 5.6352 -114.7092 100.0000 stroke8
movl 0 -50.5806 345.1344 176.9533 163.4398 5.4814 -117.1921 100.0000 stroke8
movl 0 -50.4796 346.7465 177.3610 164.6520 5.2405 -120.0141 100.0000 stroke8
movl 0 -50.0706 348.1344 177.3629 165.3014 4.9915 -121.8953 100.0000 stroke8
movl 0 -48.6621 346.0707 177.8504 164.2372 5.4995 -121.2206 100.0000 stroke8
movl 0 -50.6031 348.4169 177.6660 165.8854 4.4169 -121.4706 100.0000 stroke8
movl 0 -50.3125 348.2384 177.6103 165.5124 4.5691 -120.9799 100.0000 stroke8
movl 0 -48.5148 348.4914 177.6503 164.6773 4.1613 -120.3796 100.0000 stroke8
movl 0 -41.4462 344.4224 179.3297 160.2680 5.6554 -118.2637 100.0000 stroke8
movl 0 -35.6776 330.7350 219.0550 153.6095 12.7651 -115.6686 100.0000 stroke8
