movl 0 -54.4923 393.2768 169.6779 -153.3428 -1.3927 55.0691 100.0000 stroke1
movl 0 -55.2434 393.9593 169.4836 -153.8013 -1.3430 54.9600 100.0000 stroke1
movl 0 -54.5174 393.5118 169.6662 -153.5065 -1.2422 54.6939 100.0000 stroke1
movl 0 -55.1801 393.8995 169.6604 -153.9131 -0.9184 54.6431 100.0000 stroke1
movl 0 -57.4434 394.3789 169.9660 -155.0884 -0.8800 53.4850 100.0000 stroke1
movl 0 -58.9153 394.6815 170.1764 -155.8930 -0.8965 52.7357 100.0000 stroke1
movl 0 -60.9116 394.6082 170.5156 -156.8272 -1.1984 52.0580 100.0000 stroke1
movl 0 -62.9393 394.7174 170.7898 -157.8309 -1.4550 50.9977 100.0000 stroke1
movl 0 -65.1259 395.1955 170.9261 -159.1187 -1.6458 50.0597 100.0000 stroke1
movl 0 -65.3507 394.8236 171.0379 -159.0233 -1.5556 49.8836 100.0000 stroke1
movl 0 -62.3607 393.4114 171.2757 -157.7518 -1.7499 49.6465 100.0000 stroke1
movl 0 -60.9553 392.7262 171.5643 -157.2344 -1.8716 48.9755 100.0000 stroke1
movl 0 -60.4008 394.9060 171.8132 -158.1406 -0.2274 49.3332 100.0000 stroke1
movl 0 -56.2319 391.5288 172.5952 -155.5518 -0.3276 50.5927 100.0000 stroke1
movl 0 -36.8381 365.4968 193.4410 -141.7336 -13.5068 60.3981 100.0000 stroke1
movl 0 -25.0516 403.0718 213.6368 -145.8632 -9.9747 80.3120 100.0000 stroke2
movl 0 -21.4885 406.0339 179.2336 -148.9590 -7.7685 79.3918 100.0000 stroke2
movl 0 -27.3399 407.1305 177.6227 -151.1498 -6.1839 79.6928 100.0000 stroke2
movl 0 -36.1645 408.9150 174.6844 -152.5978 -3.9967 82.9617 100.0000 stroke2
movl 0 -44.9220 408.6873 173.3886 -154.0409 -3.7838 84.6667 100.0000 stroke2
movl 0 -47.5247 409.8093 172.2042 -154.0706 -3.3611 85.5666 100.0000 stroke2
movl 0 -50.0730 411.3949 171.3494 -154.5514 -2.5275 85.9092 100.0000 stroke2
movl 0 -52.0067 412.3907 171.5017 -156.0866 -1.8410 84.8267 100.0000 stroke2
movl 0 -52.8704 412.1680 171.9479 -156.7698 -1.5721 83.9504 100.0000 stroke2
movl 0 -53.1004 412.0896 172.2229 -157.1943 -1.4554 83.0620 100.0000 stroke2
movl 0 -51.6414 412.6178 172.5287 -157.5422 -1.1447 81.3620 100.0000 stroke2
movl 0 -49.6651 413.5312 172.6865 -158.1395 -0.8686 79.4675 100.0000 stroke2
movl 0 -46.3484 415.1636 172.6819 -158.5804 -0.4090 77.4196 100.0000 stroke2
movl 0 -42.2729 416.6117 172.5942 -159.0612 0.1212 75.1882 100.0000 stroke2
movl 0 -40.3745 418.4657 172.3670 -159.4672 0.4754 73.2680 100.0000 stroke2
movl 0 -39.0372 416.4936 172.9291 -158.6963 -0.0540 73.2069 100.0000 stroke2
movl 0 -36.5493 414.5585 173.6214 -157.5212 -0.6727 72.9737 100.0000 stroke2
movl 0 -35.8694 414.4837 173.7215 -157.1695 -0.6642 72.8770 100.0000 stroke2
movl 0 -36.6922 415.5577 173.7966 -158.0351 0.4035 72.5426 100.0000 stroke2
movl 0 -37.3395 416.0771 173.6602 -158.4563 1.0894 72.0884 100.0000 stroke2
movl 0 -28.9559 402.3707 185.8897 -149.0215 -3.1293 72.5941 100.0000 stroke2
movl 0 -32.7584 393.8769 245.0124 -144.0169 11.3539 56.0862 100.0000 stroke3
movl 0 -23.7331 401.4665 184.4726 -151.4223 14.4513 49.9184 100.0000 stroke3
movl 0 -23.5085 399.6761 178.9472 -153.0007 13.2907 48.1971 100.0000 stroke3
movl 0 -28.5681 403.1552 174.9781 -154.5509 13.1793 48.3255 100.0000 stroke3
movl 0 -31.7943 404.0482 174.1318 -155.6004 12.0988 48.6853 100.0000 stroke3
movl 0 -33.8277 405.4542 173.5989 -156.5757 11.7497 48.6258 100.0000 stroke3
movl 0 -36.2723 408.3340 172.4619 -158.1455 12.0035 48.4898 100.0000 stroke3
movl 0 -38.2174 411.4191 171.5438 -159.9178 12.7089 47.8938 100.0000 stroke3
movl 0 -37.9878 413.9928 170.7343 -161.3831 13.6977 46.5689 100.0000 stroke3
movl 0 -37.7479 415.1254 170.3551 -161.6925 14.4364 46.5375 100.0000 stroke3
movl 0 -38.4886 415.0214 170.4849 -161.9971 15.1318 47.0550 100.0000 stroke3
movl 0 -39.2641 414.7505 170.8692 -162.2674 15.8768 47.5755 100.0000 stroke3
movl 0 -40.2858 413.7432 171.5504 -162.2781 16.3015 48.2390 100.0000 stroke3
movl 0 -41.2337 412.6110 172.1597 -162.0053 16.5461 49.1205 100.0000 stroke3
movl 0 -41.6806 411.6721 172.6091 -161.7805 16.7307 49.4178 100.0000 stroke3
movl 0 -41.3606 410.1010 173.1884 -160.7491 17.0712 50.2115 100.0000 stroke3
movl 0 -35.6874 400.2526 181.5750 -152.2593 18.8809 53.2112 100.0000 stroke3
movl 0 -47.8338 379.7484 235.5085 -141.5588 13.6903 59.9312 100.0000 stroke3
movl 0 -32.4473 398.4783 221.2655 -147.6830 18.5073 50.1080 100.0000 stroke4
movl 0 -24.6700 400.6730 178.1503 -155.1233 21.5181 41.4762 100.0000 stroke4
movl 0 -28.4901 400.9335 174.9848 -156.8553 20.4180 39.0931 100.0000 stroke4
movl 0 -32.7364 403.0420 172.0061 -158.2390 20.3273 37.3298 100.0000 stroke4
movl 0 -33.9923 404.9843 170.7534 -159.6515 21.4306 35.0098 100.0000 stroke4
movl 0 -35.2120 407.3280 169.8435 -160.6671 21.8176 34.0183 100.0000 stroke4
movl 0 -36.9687 408.8360 169.4978 -162.3271 21.5561 32.3360 100.0000 stroke4
movl 0 -37.2138 409.7553 169.5527 -163.9519 21.4074 29.8996 100.0000 stroke4
movl 0 -38.1308 410.9481 170.0376 -166.4799 21.1486 26.5841 100.0000 stroke4
movl 0 -39.6159 412.7260 170.3547 -169.1886 20.6781 23.1072 100.0000 stroke4
movl 0 -40.6171 415.2718 170.4027 -172.0761 20.2290 20.0258 100.0000 stroke4
movl 0 -39.5840 415.4181 170.4786 -172.4231 20.3208 19.4035 100.0000 stroke4
movl 0 -36.2522 413.7073 171.0503 -171.0410 20.8491 19.7822 100.0000 stroke4
movl 0 -36.9399 413.4783 171.6078 -171.6149 20.8459 19.7213 100.0000 stroke4
movl 0 -37.1260 413.5909 171.8356 -172.3670 21.0352 19.7475 100.0000 stroke4
movl 0 -35.1425 409.2348 172.8336 -168.1839 21.3604 24.1545 100.0000 stroke4
movl 0 -26.2236 383.8064 190.7418 -146.2423 12.6625 47.7459 100.0000 stroke4
movl 0 -43.5704 378.5346 212.4138 -142.9674 -0.1550 70.3380 100.0000 stroke5
movl 0 -45.1708 379.2188 175.5567 -148.1244 1.6319 66.1949 100.0000 stroke5
movl 0 -46.2034 381.0987 174.9197 -150.8478 1.0657 64.4761 100.0000 stroke5
movl 0 -46.2886 385.1401 171.0960 -152.2120 0.9169 65.4205 100.0000 stroke5
movl 0 -44.8812 387.3771 169.8113 -152.1030 0.9473 66.4905 100.0000 stroke5
movl 0 -46.3989 389.5115 168.2725 -152.3604 1.3932 67.0882 100.0000 stroke5
movl 0 -48.8438 394.5435 167.4713 -155.0129 4.2150 65.5921 100.0000 stroke5
movl 0 -48.9172 397.3250 167.5943 -156.4282 6.5712 63.6832 100.0000 stroke5
movl 0 -48.6813 399.6203 168.0972 -157.6479 9.4033 61.8341 100.0000 stroke5
movl 0 -49.6022 402.0274 168.5604 -159.5611 12.3878 59.6680 100.0000 stroke5
movl 0 -50.5801 401.6817 169.0912 -160.0589 13.1890 59.2325 100.0000 stroke5
movl 0 -49.2036 400.8595 169.4514 -159.7354 13.1131 58.6482 100.0000 stroke5
movl 0 -49.3117 396.7754 170.8168 -158.4704 11.4450 58.7003 100.0000 stroke5
movl 0 -41.0891 373.9113 193.7861 -148.0697 2.3631 61.4440 100.0000 stroke5
movl 0 -25.6113 376.9191 196.3143 -143.8889 -2.8809 71.8244 100.0000 stroke6
movl 0 -27.8102 376.9185 179.0087 -147.0101 0.0071 68.3367 100.0000 stroke6
movl 0 -30.4997 376.6073 177.4670 -149.5214 1.7589 64.5704 100.0000 stroke6
movl 0 -35.7348 378.0445 178.3315 -153.3787 4.1170 60.0582 100.0000 stroke6
movl 0 -42.5123 377.3758 177.3989 -154.2183 4.5027 61.3121 100.0000 stroke6
movl 0 -47.2834 378.2221 175.8609 -155.1208 4.8832 61.9607 100.0000 stroke6
movl 0 -51.5710 380.0607 173.6238 -155.9982 4.7177 62.2796 100.0000 stroke6
movl 0 -53.1564 381.5075 172.4042 -156.4966 4.6967 62.2640 100.0000 stroke6
movl 0 -55.9599 382.8220 171.9288 -158.0265 4.7330 61.7039 100.0000 stroke6
movl 0 -58.0243 382.1846 171.8519 -159.0149 4.2816 60.8797 100.0000 stroke6
movl 0 -57.9535 382.2373 171.9872 -159.4645 4.0450 59.6725 100.0000 stroke6
movl 0 -55.7328 383.3502 172.3834 -160.0422 4.2824 57.6459 100.0000 stroke6
movl 0 -52.7183 384.4073 172.7168 -160.5834 4.6569 54.9422 100.0000 stroke6
movl 0 -48.1459 386.3174 172.7330 -161.0229 5.4361 52.1170 100.0000 stroke6
movl 0 -46.2926 383.5104 173.8190 -159.4167 4.9565 52.9663 100.0000 stroke6
movl 0 -46.9163 384.9573 173.5113 -160.4971 5.4148 52.8446 100.0000 stroke6
movl 0 -46.8494 385.1280 173.4725 -160.4566 5.5949 53.2180 100.0000 stroke6
movl 0 -43.2787 378.1054 177.7976 -154.7459 2.6924 59.1268 100.0000 stroke6
movl 0 -38.3882 365.8538 230.4994 -147.3404 -4.9803 65.3497 100.0000 stroke6
movl 0 -13.0705 395.5933 215.3974 -145.5833 1.8775 65.0410 100.0000 stroke7
movl 0 -14.0993 394.7385 174.5701 -149.5653 2.5407 63.2983 100.0000 stroke7
movl 0 -18.1634 394.1344 173.3412 -151.2972 0.9363 63.4575 100.0000 stroke7
movl 0 -19.9302 398.0761 169.7868 -152.4454 2.2739 63.9504 100.0000 stroke7
movl 0 -21.4312 399.8499 169.3199 -152.8404 2.9434 64.6341 100.0000 stroke7
movl 0 -23.3386 401.2635 168.7197 -153.5094 3.2014 64.8528 100.0000 stroke7
movl 0 -26.0866 404.9474 167.9407 -155.5377 4.7276 64.0499 100.0000 stroke7
movl 0 -25.6061 407.5919 167.6263 -157.0346 6.5801 61.6412 100.0000 stroke7
movl 0 -25.4566 409.4153 167.4296 -157.5362 8.1038 60.7423 100.0000 stroke7
movl 0 -25.3111 411.5046 167.8214 -158.6975 11.1127 59.0041 100.0000 stroke7
movl 0 -25.4508 414.0267 168.2397 -160.7174 14.8447 56.0637 100.0000 stroke7
movl 0 -26.8767 415.9915 168.5500 -162.7089 17.6855 53.9052 100.0000 stroke7
movl 0 -26.2525 414.9599 169.0445 -162.5791 17.7471 52.9106 100.0000 stroke7
movl 0 -27.4118 414.6706 169.0947 -162.8448 17.7503 52.7352 100.0000 stroke7
movl 0 -19.6402 396.1559 179.9002 -152.9618 11.7430 53.6256 100.0000 stroke7
movl 0 -31.5695 368.8290 240.9318 -142.4611 -3.7886 74.2310 100.0000 stroke8
movl 0 -31.5821 376.9855 184.8224 -149.5205 7.0533 67.3166 100.0000 stroke8
movl 0 -35.2551 375.3960 173.4446 -151.6754 6.9662 65.9765 100.0000 stroke8
movl 0 -42.8213 373.6500 172.0495 -153.0564 4.2590 66.7851 100.0000 stroke8
movl 0 -44.6862 374.3773 170.3605 -152.9935 3.1274 67.5715 100.0000 stroke8
movl 0 -46.9937 376.6478 169.1988 -154.0144 3.5171 67.2582 100.0000 stroke8
movl 0 -49.6748 379.5449 168.6526 -156.0176 5.2412 65.4642 100.0000 stroke8
movl 0 -51.1904 380.0472 168.8887 -157.2992 6.2806 63.4875 100.0000 stroke8
movl 0 -51.5875 381.1462 169.0052 -158.1628 8.1092 61.8174 100.0000 stroke8
movl 0 -51.9378 382.4259 169.4448 -159.5620 10.7677 59.2191 100.0000 stroke8
movl 0 -53.2246 384.2797 169.9110 -161.7606 13.5311 56.0922 100.0000 stroke8
movl 0 -54.9622 386.5654 169.9287 -164.4496 16.1992 52.9833 100.0000 stroke8
movl 0 -57.2986 388.6035 169.6808 -167.1164 18.1361 50.5822 100.0000 stroke8
movl 0 -60.0788 390.7181 169.1729 -169.7975 19.9340 48.7920 100.0000 stroke8
movl 0 -58.4491 388.1832 170.3150 -168.5927 19.4837 48.9707 100.0000 stroke8
movl 0 -57.6440 388.5653 170.5949 -169.2692 20.0277 48.3375 100.0000 stroke8
movl 0 -56.1626 383.3692 172.5608 -166.1266 17.6440 49.3609 100.0000 stroke8
movl 0 -43.9665 354.1545 191.3372 -148.7004 3.5008 55.8563 100.0000 stroke8
movl 0 -31.3475 377.1886 210.6536 -145.9257 -5.5422 77.2235 100.0000 stroke9
movl 0 -31.7608 375.3600 174.3471 -148.6875 -2.1887 75.4305 100.0000 stroke9
movl 0 -40.3588 375.2041 175.4775 -152.6960 1.2954 72.2171 100.0000 stroke9
movl 0 -49.4773 375.5092 173.9405 -153.8791 2.6276 72.7221 100.0000 stroke9
movl 0 -56.6533 375.1319 172.3263 -154.2371 2.7208 73.6508 100.0000 stroke9
movl 0 -58.1138 376.4335 170.8288 -154.3344 3.2798 73.9549 100.0000 stroke9
movl 0 -60.5866 376.9378 169.8893 -155.5596 3.1068 73.5456 100.0000 stroke9
movl 0 -62.0810 377.4206 169.9437 -157.1093 3.2974 72.7524 100.0000 stroke9
movl 0 -62.0688 376.9936 170.2936 -157.5156 2.8059 71.9502 100.0000 stroke9
movl 0 -58.5699 378.4438 170.5910 -157.7960 3.2053 70.3191 100.0000 stroke9
movl 0 -53.5556 380.0380 170.8395 -157.8679 3.7417 68.8331 100.0000 stroke9
movl 0 -48.6620 381.4254 171.1444 -158.0837 4.1505 67.3274 100.0000 stroke9
movl 0 -43.1813 383.3705 171.2816 -158.3573 4.6792 65.4516 100.0000 stroke9
movl 0 -37.3453 385.3564 171.2869 -158.9403 5.4864 62.4484 100.0000 stroke9
movl 0 -32.2045 387.3340 170.9410 -158.8234 6.7104 61.0194 100.0000 stroke9
movl 0 -31.2916 389.2842 170.4475 -158.9285 7.9713 60.7579 100.0000 stroke9
movl 0 -29.9086 393.8379 169.5784 -160.7886 10.7111 58.5929 100.0000 stroke9
movl 0 -28.9331 396.8363 168.7947 -161.4743 12.7049 57.4278 100.0000 stroke9
movl 0 -28.9484 399.2046 169.0446 -163.3032 15.4044 55.0325 100.0000 stroke9
movl 0 -29.9145 402.7107 169.0843 -166.2404 18.4686 51.8076 100.0000 stroke9
movl 0 -31.6060 406.2982 168.7955 -169.9360 21.2308 48.0483 100.0000 stroke9
movl 0 -34.2000 409.4934 168.0881 -173.4963 23.2469 44.9027 100.0000 stroke9
movl 0 -36.5802 411.7972 167.2690 -176.1167 24.4113 42.9947 100.0000 stroke9
movl 0 -40.2956 412.2230 166.8395 -177.5091 24.9577 43.2302 100.0000 stroke9
movl 0 -37.9753 409.4509 168.2927 -175.7373 24.3472 43.7897 100.0000 stroke9
movl 0 -37.9685 409.2417 168.2114 -176.1007 24.4513 43.8286 100.0000 stroke9
movl 0 -34.5585 399.7113 172.7248 -171.1795 21.4472 45.6826 100.0000 stroke9
movl 0 -30.5653 391.0243 175.5044 -166.6619 18.7169 47.1105 100.0000 stroke9
movl 0 -34.0117 393.6849 173.5940 -168.1455 19.2513 47.4348 100.0000 stroke9
movl 0 -37.7215 395.6004 172.1257 -169.4040 20.0470 48.6253 100.0000 stroke9
movl 0 -38.3443 395.3925 171.9076 -169.0171 20.2119 49.5759 100.0000 stroke9
movl 0 -28.8117 382.7101 179.1546 -161.2233 17.2170 51.8586 100.0000 stroke9
movl 0 -20.0432 339.2907 208.2110 -141.9592 -3.6487 58.1099 100.0000 stroke9
movl 0 -26.5194 382.4780 191.8748 -149.6833 7.1126 62.8080 100.0000 stroke10
movl 0 -26.5104 383.5893 175.1097 -151.9411 8.4734 60.6775 100.0000 stroke10
movl 0 -33.6151 384.6905 172.8154 -154.6468 8.5288 60.2652 100.0000 stroke10
movl 0 -35.7068 385.3247 172.0098 -155.0623 8.5175 60.3249 100.0000 stroke10
movl 0 -36.6291 386.3479 170.9779 -155.1478 8.6263 60.1763 100.0000 stroke10
movl 0 -40.5042 390.2192 169.8593 -157.8094 9.7460 58.7151 100.0000 stroke10
movl 0 -40.9805 393.0173 169.6201 -159.6779 11.2529 56.6266 100.0000 stroke10
movl 0 -41.3109 394.8030 169.7711 -161.1611 13.4640 55.2162 100.0000 stroke10
movl 0 -41.9552 396.6165 170.0956 -163.1275 15.5575 53.3019 100.0000 stroke10
movl 0 -43.6169 399.1814 170.0351 -165.9133 17.9184 51.0418 100.0000 stroke10
movl 0 -43.7346 398.4683 170.6076 -166.4013 18.4095 50.2048 100.0000 stroke10
movl 0 -43.8317 398.8297 170.5105 -166.8593 18.8624 49.8186 100.0000 stroke10
movl 0 -41.2199 394.9346 172.5019 -164.4322 17.6529 50.1102 100.0000 stroke10
movl 0 -31.1286 373.6881 207.0693 -150.9876 9.7086 53.9811 100.0000 stroke10
movl 0 -31.9821 370.4646 233.2151 -148.1717 4.4896 66.8687 100.0000 stroke11
movl 0 -33.8381 372.9720 192.9356 -154.1143 9.5874 63.3801 100.0000 stroke11
movl 0 -35.7390 374.3178 174.5721 -157.0866 11.0312 60.6418 100.0000 stroke11
movl 0 -38.0390 376.5382 172.9432 -157.4952 11.2723 61.0600 100.0000 stroke11
movl 0 -41.3095 375.2013 172.3552 -157.6677 10.4378 61.5817 100.0000 stroke11
movl 0 -41.6014 376.0863 171.8640 -158.0656 10.4589 60.8645 100.0000 stroke11
movl 0 -44.5750 376.6058 171.6531 -159.8889 10.0920 59.5555 100.0000 stroke11
movl 0 -46.4985 377.5672 171.4611 -161.4630 10.6323 58.5214 100.0000 stroke11
movl 0 -47.5332 377.4611 171.7209 -161.6365 10.1846 57.9583 100.0000 stroke11
movl 0 -45.9273 378.2405 171.6197 -161.7325 10.1982 56.6353 100.0000 stroke11
movl 0 -42.6749 379.3077 171.6611 -161.5028 10.5329 55.1424 100.0000 stroke11
movl 0 -37.1168 379.6924 172.1154 -160.4897 10.9404 53.5836 100.0000 stroke11
movl 0 -22.4537 372.0121 178.6135 -154.7029 9.9625 52.6832 100.0000 stroke11
movl 0 -9.8540 358.3598 223.8058 -145.3274 2.3389 56.7455 100.0000 stroke11
movl 0 -2.9487 404.5934 197.7568 -147.0760 4.9830 58.5057 100.0000 stroke12
movl 0 -5.3325 406.0443 179.6371 -151.1176 9.5090 52.2261 100.0000 stroke12
movl 0 -10.8047 406.6266 171.5014 -152.8427 8.6675 51.5561 100.0000 stroke12
movl 0 -11.6417 406.4934 169.9891 -152.7031 6.3635 52.4153 100.0000 stroke12
movl 0 -8.9537 409.1316 169.0874 -153.4346 6.8204 51.4884 100.0000 stroke12
movl 0 -8.8751 409.3930 168.2047 -153.0745 6.2875 51.8550 100.0000 stroke12
movl 0 -10.8223 411.8138 166.2247 -153.8287 5.8125 52.4823 100.0000 stroke12
movl 0 -11.4056 416.8669 165.8074 -156.8378 8.2754 49.9727 100.0000 stroke12
movl 0 -11.3394 418.0683 165.4962 -157.2472 9.3972 50.0103 100.0000 stroke12
movl 0 -13.0267 417.8631 166.0263 -157.6175 10.4929 50.9599 100.0000 stroke12
movl 0 -15.1235 416.3222 166.8268 -157.7001 11.0098 52.0724 100.0000 stroke12
movl 0 -16.8371 414.6142 167.1279 -157.3444 11.5381 53.3914 100.0000 stroke12
movl 0 -17.9234 410.8407 168.8484 -154.9645 11.8816 55.4804 100.0000 stroke12
movl 0 -16.0845 396.1017 189.7277 -147.0268 8.2900 56.8592 100.0000 stroke12
movl 0 -9.6622 402.2747 236.6774 -149.0276 3.0998 67.6953 100.0000 stroke13
movl 0 -6.4357 401.3882 199.2266 -151.6444 7.6959 62.6374 100.0000 stroke13
movl 0 -7.7422 399.2481 179.1745 -153.5796 8.6246 58.4953 100.0000 stroke13
movl 0 -11.0353 398.3803 173.0154 -154.3888 8.0098 58.1390 100.0000 stroke13
movl 0 -13.2129 397.1967 170.5636 -152.9735 5.9890 59.5529 100.0000 stroke13
movl 0 -13.6930 398.6090 169.2560 -152.9525 5.9134 59.8304 100.0000 stroke13
movl 0 -16.1168 401.1134 168.2117 -154.6243 6.6596 58.5008 100.0000 stroke13
movl 0 -17.4650 404.1165 167.9184 -156.9258 8.9448 55.4430 100.0000 stroke13
movl 0 -17.8096 405.7329 168.0799 -158.3726 11.1780 52.9440 100.0000 stroke13
movl 0 -18.5061 407.0730 168.7318 -160.4100 13.5909 49.8962 100.0000 stroke13
movl 0 -19.3171 408.8429 169.2596 -163.1683 16.4343 45.7192 100.0000 stroke13
movl 0 -20.7215 411.2721 169.6357 -166.8072 18.9158 40.9224 100.0000 stroke13
movl 0 -22.0589 412.9908 169.7103 -170.0731 20.6290 36.5072 100.0000 stroke13
movl 0 -23.3013 414.2846 169.6200 -172.6514 21.6196 33.4884 100.0000 stroke13
movl 0 -24.8363 414.7472 169.5392 -175.1780 22.2738 30.5544 100.0000 stroke13
movl 0 -26.7018 415.2579 169.2560 -177.6656 22.7103 28.1764 100.0000 stroke13
movl 0 -28.6967 415.8387 169.0785 179.9565 22.9457 26.5251 100.0000 stroke13
movl 0 -30.6555 416.5515 168.8149 177.5510 23.0539 24.7618 100.0000 stroke13
movl 0 -33.3642 417.4979 168.3784 175.4189 22.9601 24.0911 100.0000 stroke13
movl 0 -35.7837 418.1101 168.1997 173.4507 22.9656 23.8963 100.0000 stroke13
movl 0 -38.5953 418.3246 167.8507 172.0933 23.1397 24.8234 100.0000 stroke13
movl 0 -36.7309 417.6723 168.5385 172.8276 23.4554 24.9085 100.0000 stroke13
movl 0 -34.2375 417.4751 169.0260 173.3542 23.5921 24.4414 100.0000 stroke13
movl 0 -34.6351 417.3553 168.9253 173.0392 23.6488 24.4989 100.0000 stroke13
movl 0 -36.3789 417.2553 168.6547 172.3714 23.5445 24.9495 100.0000 stroke13
movl 0 -34.7319 415.5446 169.7581 174.1172 23.3829 25.4418 100.0000 stroke13
movl 0 -24.3033 402.7474 180.6322 -174.5725 22.4293 30.1148 100.0000 stroke13
movl 0 -9.5731 372.8618 241.1376 -148.9955 11.0501 44.1396 100.0000 stroke13
movl 0 8.0761 406.8027 199.4529 -149.1580 13.3858 49.0563 100.0000 stroke14
movl 0 7.0246 409.0192 177.5305 -154.0459 16.5197 45.3359 100.0000 stroke14
movl 0 2.0635 410.0869 171.8555 -155.8271 15.9887 43.8249 100.0000 stroke14
movl 0 0.5708 410.1737 170.4934 -155.6285 15.2667 44.0800 100.0000 stroke14
movl 0 0.6609 411.4557 169.3306 -155.8584 15.2936 43.7769 100.0000 stroke14
movl 0 -5.0912 414.4063 168.8187 -158.9512 14.0531 42.8335 100.0000 stroke14
movl 0 -6.9039 416.5788 168.5133 -160.9553 13.7401 41.4705 100.0000 stroke14
movl 0 -6.0341 417.5524 168.5524 -162.0448 13.9869 39.8254 100.0000 stroke14
movl 0 -5.6991 418.3604 168.2347 -162.5218 14.7183 39.5506 100.0000 stroke14
movl 0 -5.6978 418.2948 168.2270 -162.7252 15.6798 39.7365 100.0000 stroke14
movl 0 -6.4294 417.5481 168.7495 -162.8997 16.3538 40.1469 100.0000 stroke14
movl 0 -6.9792 415.8100 169.6346 -162.4901 16.7081 41.0768 100.0000 stroke14
movl 0 -6.6573 408.5268 175.0300 -159.2251 16.5673 44.3631 100.0000 stroke14
movl 0 -18.6473 380.0326 229.6551 -149.5073 13.2278 53.5709 100.0000 stroke14
movl 0 4.5162 382.1156 242.6036 -144.8173 4.2075 65.7578 100.0000 stroke15
movl 0 8.1611 392.6207 195.1481 -149.8332 7.8688 60.7122 100.0000 stroke15
movl 0 6.9828 395.2070 176.6437 -152.1374 8.3795 57.3692 100.0000 stroke15
movl 0 -3.7354 392.7182 178.3574 -154.8943 6.1169 57.1219 100.0000 stroke15
movl 0 -11.2946 394.7948 175.8134 -155.8365 5.4009 59.1693 100.0000 stroke15
movl 0 -13.9695 397.5957 173.6347 -156.1477 5.6739 60.6603 100.0000 stroke15
movl 0 -15.2799 398.5681 172.9034 -156.7730 5.8248 60.6298 100.0000 stroke15
movl 0 -17.1523 399.2659 173.0745 -158.2378 5.6360 59.3035 100.0000 stroke15
movl 0 -16.3214 399.6424 173.1512 -158.6556 5.7411 57.8516 100.0000 stroke15
movl 0 -13.6585 400.9766 173.0694 -159.3731 6.1847 55.0503 100.0000 stroke15
movl 0 -8.9304 402.6850 172.8381 -160.0748 6.6478 51.3510 100.0000 stroke15
movl 0 -7.6280 402.0359 173.1097 -159.7748 6.7727 50.3989 100.0000 stroke15
movl 0 -7.5972 403.4928 173.0330 -160.9187 7.4730 49.1056 100.0000 stroke15
movl 0 -8.8456 402.6829 173.0898 -160.3446 7.8278 50.3825 100.0000 stroke15
movl 0 -8.7470 399.2682 173.7199 -157.4261 7.7659 54.2840 100.0000 stroke15
movl 0 -10.1163 386.9055 188.7120 -150.9872 4.9300 58.6303 100.0000 stroke15
movl 0 3.4365 384.5252 211.6819 -147.5686 4.4176 63.7508 100.0000 stroke16
movl 0 9.9792 387.1855 173.5997 -150.3659 6.5346 60.0671 100.0000 stroke16
movl 0 5.0104 385.6149 173.5317 -152.1959 5.8370 58.2662 100.0000 stroke16
movl 0 1.3960 387.2794 171.0764 -153.2535 5.7084 57.9253 100.0000 stroke16
movl 0 0.1709 388.2404 169.1176 -152.6241 5.3737 58.4719 100.0000 stroke16
movl 0 -1.7088 389.7952 168.1602 -153.0158 5.3657 58.6439 100.0000 stroke16
movl 0 -3.6885 391.0348 167.2840 -153.7327 5.3195 58.4349 100.0000 stroke16
movl 0 -6.4779 392.3156 166.8867 -155.6834 5.5526 56.7915 100.0000 stroke16
movl 0 -6.1329 394.0695 166.8495 -156.9546 6.9468 54.9286 100.0000 stroke16
movl 0 -7.4090 394.8150 167.5543 -157.7772 8.3616 53.7251 100.0000 stroke16
movl 0 -7.5834 395.6098 168.2760 -159.0040 10.3338 51.8889 100.0000 stroke16
movl 0 -7.7641 397.4007 169.0856 -160.8198 12.8022 49.4775 100.0000 stroke16
movl 0 -8.2891 400.1528 169.5385 -163.7563 15.9104 45.6698 100.0000 stroke16
movl 0 -9.3190 404.3958 169.6460 -167.9660 19.1191 40.9563 100.0000 stroke16
movl 0 -10.6025 408.1116 169.4921 -172.5084 21.4834 35.6280 100.0000 stroke16
movl 0 -12.7172 411.0790 169.1187 -176.4814 22.7891 31.7598 100.0000 stroke16
movl 0 -9.7084 406.5969 170.9360 -173.7938 22.2313 31.9440 100.0000 stroke16
movl 0 -11.6366 408.3527 170.1157 -175.6526 22.5433 31.4355 100.0000 stroke16
movl 0 -8.7773 400.7068 173.4010 -170.4174 21.0460 33.4009 100.0000 stroke16
movl 0 -6.1548 369.3977 207.9710 -151.8694 11.4922 42.2008 100.0000 stroke16
movl 0 -2.1691 374.3168 208.8098 -149.5256 2.8604 55.8614 100.0000 stroke17
movl 0 3.6624 379.4066 177.8205 -152.4663 7.2017 52.8760 100.0000 stroke17
movl 0 -2.7561 382.7309 175.7890 -154.5905 8.0921 52.2878 100.0000 stroke17
movl 0 -10.3727 383.4187 174.0586 -155.7201 8.2842 52.7439 100.0000 stroke17
movl 0 -11.0744 385.1207 172.8449 -156.1014 8.9421 52.6371 100.0000 stroke17
movl 0 -13.1566 385.9595 172.1583 -156.7098 9.0037 52.8543 100.0000 stroke17
movl 0 -15.0777 386.5946 171.8214 -157.8407 8.5702 52.2414 100.0000 stroke17
movl 0 -15.9486 386.8771 171.7735 -158.4591 8.4427 51.7883 100.0000 stroke17
movl 0 -16.1143 387.0270 171.8088 -158.7532 8.2775 51.1436 100.0000 stroke17
movl 0 -14.0986 387.7880 171.7002 -159.1160 8.5317 49.3335 100.0000 stroke17
movl 0 -11.8764 388.7984 171.6472 -159.8708 8.7536 46.6206 100.0000 stroke17
movl 0 -9.6843 390.1586 171.0744 -160.9290 9.0047 43.7117 100.0000 stroke17
movl 0 -8.5291 388.0968 171.7180 -159.9354 8.8474 43.8395 100.0000 stroke17
movl 0 -7.2440 387.3548 171.9547 -159.4647 8.9187 43.8822 100.0000 stroke17
movl 0 -7.7646 387.8920 172.4377 -159.8820 9.1483 43.8878 100.0000 stroke17
movl 0 -8.0262 388.6921 172.5612 -160.7331 9.5764 43.6024 100.0000 stroke17
movl 0 -8.9736 388.5559 172.4734 -160.7030 9.8700 44.2661 100.0000 stroke17
movl 0 -9.4477 387.8372 172.7950 -160.2544 10.0079 45.2934 100.0000 stroke17
movl 0 -5.5803 377.0290 182.7508 -153.1065 10.2244 51.4057 100.0000 stroke17
movl 0 1.8338 367.2368 203.7864 -150.6935 9.3763 54.1439 100.0000 stroke18
movl 0 8.4821 375.0394 175.1089 -154.0572 12.2518 50.8127 100.0000 stroke18
movl 0 -2.2765 375.0081 174.0029 -155.9354 10.7097 50.7843 100.0000 stroke18
movl 0 -8.6924 374.7420 173.8376 -156.3460 10.3441 51.2528 100.0000 stroke18
movl 0 -11.9483 375.0763 173.2408 -156.8598 10.1392 51.2692 100.0000 stroke18
movl 0 -12.1174 375.8121 172.6921 -157.2855 10.3133 50.7116 100.0000 stroke18
movl 0 -12.7137 376.0797 172.0380 -157.1282 10.1342 50.9439 100.0000 stroke18
movl 0 -13.4458 377.4274 171.2855 -157.7026 10.1518 50.6392 100.0000 stroke18
movl 0 -15.6438 377.9203 171.2608 -159.0644 9.7465 49.6173 100.0000 stroke18
movl 0 -15.9995 378.1781 171.4804 -159.7155 9.7005 49.1023 100.0000 stroke18
movl 0 -16.6682 378.1429 171.6286 -159.9474 9.3822 48.7553 100.0000 stroke18
movl 0 -15.0762 378.7811 171.5441 -160.3423 9.5113 47.1468 100.0000 stroke18
movl 0 -12.9950 379.4777 171.6462 -161.0586 9.5146 44.4048 100.0000 stroke18
movl 0 -10.5402 380.6363 171.6072 -162.0285 9.6359 41.4229 100.0000 stroke18
movl 0 -9.6314 378.6932 172.0520 -161.1859 9.4221 41.7680 100.0000 stroke18
movl 0 -7.8802 376.8030 172.6643 -160.1733 9.2277 41.9062 100.0000 stroke18
movl 0 -8.2308 377.2129 173.0081 -160.4797 9.3095 41.8689 100.0000 stroke18
movl 0 -9.1422 378.2582 173.1863 -161.7723 9.8385 41.3422 100.0000 stroke18
movl 0 -9.2217 379.0458 173.0123 -162.2989 10.2286 41.0854 100.0000 stroke18
movl 0 -13.2837 369.3283 176.6932 -157.9597 8.5296 46.4873 100.0000 stroke18
movl 0 -12.9547 344.8153 217.3056 -147.9789 5.5132 49.8812 100.0000 stroke18
movl 0 -5.7971 345.9013 235.0975 -146.8627 7.0428 52.6194 100.0000 stroke19
movl 0 -5.6042 357.5780 184.0173 -154.9338 11.3675 46.4970 100.0000 stroke19
movl 0 -11.1624 357.3381 180.0976 -156.8953 10.3911 44.8300 100.0000 stroke19
movl 0 -18.3809 360.1051 176.5562 -158.9822 10.3482 44.1789 100.0000 stroke19
movl 0 -20.0659 362.5564 174.9689 -160.0622 10.9739 43.2045 100.0000 stroke19
movl 0 -20.4227 363.4742 174.1356 -160.0653 11.3195 43.4263 100.0000 stroke19
movl 0 -22.1036 364.1567 173.6987 -160.9786 10.8373 42.7544 100.0000 stroke19
movl 0 -23.6309 364.9378 173.7317 -162.2670 10.6276 41.6347 100.0000 stroke19
movl 0 -24.7899 364.6057 174.0070 -162.7254 10.2367 41.0029 100.0000 stroke19
movl 0 -24.7166 364.8517 174.2323 -163.2888 9.7896 39.4471 100.0000 stroke19
movl 0 -23.7411 365.6478 174.4724 -164.2296 9.5440 36.8027 100.0000 stroke19
movl 0 -23.1507 366.2091 174.9708 -165.3416 8.8990 33.5094 100.0000 stroke19
movl 0 -23.6095 367.2991 175.4141 -166.8146 8.0040 30.2454 100.0000 stroke19
movl 0 -23.6880 368.3307 175.6376 -168.0202 7.0398 27.1336 100.0000 stroke19
movl 0 -23.2310 367.6624 175.9674 -167.9694 6.8361 26.3535 100.0000 stroke19
movl 0 -19.8665 364.5098 176.8251 -166.1103 7.3058 26.6575 100.0000 stroke19
movl 0 -19.8326 364.3383 176.9731 -166.2102 7.3437 26.5124 100.0000 stroke19
movl 0 -20.3108 365.3842 177.3819 -167.0686 7.6331 26.1533 100.0000 stroke19
movl 0 -20.6841 366.3950 177.4384 -168.0993 7.9085 25.6076 100.0000 stroke19
movl 0 -20.8872 366.8023 177.5532 -168.7845 8.0741 25.2308 100.0000 stroke19
movl 0 -20.9055 366.8223 177.4962 -169.0232 8.2237 25.1497 100.0000 stroke19
movl 0 -19.8258 366.3791 177.4566 -168.0511 9.1293 26.4265 100.0000 stroke19
movl 0 -18.6493 365.4324 177.5407 -166.9093 9.5743 27.6372 100.0000 stroke19
movl 0 -18.5184 365.0165 177.6388 -166.4887 9.8917 28.3003 100.0000 stroke19
movl 0 -18.3766 364.2671 177.8386 -166.1173 10.0280 28.7986 100.0000 stroke19
movl 0 -18.2107 364.1495 177.9091 -166.0797 10.0224 28.8309 100.0000 stroke19
movl 0 -16.8358 361.9828 179.3062 -165.0005 9.8782 29.1747 100.0000 stroke19
movl 0 -6.1423 349.0103 194.6073 -157.7641 9.6680 33.8494 100.0000 stroke19
