movl 0 -32.0001 408.5487 194.9582 166.2090 -31.7866 175.9343 100.0000 stroke1
movl 0 -27.4440 411.4331 191.9646 169.2396 -31.8755 172.5881 100.0000 stroke1
movl 0 -27.5047 412.8220 189.2675 172.3004 -31.5973 168.8391 100.0000 stroke1
movl 0 -29.7394 413.1309 188.0447 174.3712 -30.3374 165.5476 100.0000 stroke1
movl 0 -33.5058 412.9434 186.0074 175.8916 -28.2359 162.9601 100.0000 stroke1
movl 0 -36.6658 412.4502 183.9566 175.5012 -26.4894 162.7512 100.0000 stroke1
movl 0 -37.8580 414.6857 181.0302 176.8161 -25.4090 160.6701 100.0000 stroke1
movl 0 -38.7729 416.1388 179.2878 178.3499 -24.8760 156.7533 100.0000 stroke1
movl 0 -39.5756 417.7979 177.7929 178.6587 -24.5596 156.0690 100.0000 stroke1
movl 0 -39.7642 418.8604 177.3047 179.1183 -24.5217 155.3762 100.0000 stroke1
movl 0 -39.9377 419.5599 177.2583 179.5924 -24.6746 154.5504 100.0000 stroke1
movl 0 -40.2907 420.3951 176.5667 -179.5255 -24.6392 153.2702 100.0000 stroke1
movl 0 -40.8880 421.8390 175.5014 -178.5263 -23.6631 151.6641 100.0000 stroke1
movl 0 -41.6125 422.8976 174.5702 -177.6236 -22.7840 150.1723 100.0000 stroke1
movl 0 -41.3393 424.4690 173.7340 -176.4181 -21.9357 148.1172 100.0000 stroke1
movl 0 -40.2286 426.4918 172.8341 -175.1438 -21.1335 146.1506 100.0000 stroke1
movl 0 -38.2882 429.4647 171.5352 -173.5539 -20.2926 143.9027 100.0000 stroke1
movl 0 -35.9827 432.2154 170.4626 -172.0760 -19.5922 141.9607 100.0000 stroke1
movl 0 -35.3266 433.8069 169.9642 -170.9907 -19.1464 140.6832 100.0000 stroke1
movl 0 -36.1631 433.7922 170.1758 -170.4006 -18.7038 139.9132 100.0000 stroke1
movl 0 -36.6334 433.6923 170.3492 -169.8329 -18.2712 139.0829 100.0000 stroke1
movl 0 -37.3227 433.5011 170.5614 -169.5223 -17.9003 138.5531 100.0000 stroke1
movl 0 -37.6304 433.3664 170.8454 -169.1830 -17.5392 138.0804 100.0000 stroke1
movl 0 -38.0472 433.0715 171.3096 -168.6838 -17.1182 137.5574 100.0000 stroke1
movl 0 -38.6282 432.7494 171.8392 -168.0678 -16.4760 136.8103 100.0000 stroke1
movl 0 -39.8351 431.7947 172.7032 -167.3627 -15.8328 136.6169 100.0000 stroke1
movl 0 -39.9466 431.0010 173.2246 -167.6107 -16.1611 136.6702 100.0000 stroke1
movl 0 -38.6379 430.8344 173.6628 -167.8867 -16.7531 136.4908 100.0000 stroke1
movl 0 -38.4295 431.1135 173.5341 -167.6628 -16.5673 136.2578 100.0000 stroke1
movl 0 -39.7903 430.3185 173.9783 -167.2652 -16.0122 136.6052 100.0000 stroke1
movl 0 -39.3768 429.5857 174.4932 -167.6893 -16.5265 136.6563 100.0000 stroke1
movl 0 -39.5104 429.1671 174.9565 -167.6449 -16.6023 137.1806 100.0000 stroke1
movl 0 -40.2157 428.8493 174.9336 -167.8620 -16.6113 137.4215 100.0000 stroke1
movl 0 -40.8421 428.3650 174.8665 -167.9628 -16.5298 137.6031 100.0000 stroke1
movl 0 -40.0068 429.2530 174.3299 -167.7720 -16.6632 137.5860 100.0000 stroke1
movl 0 -40.7457 428.6508 174.7525 -168.1302 -16.9542 137.9712 100.0000 stroke1
movl 0 -40.7795 428.4350 174.7427 -168.5377 -17.2254 138.3619 100.0000 stroke1
movl 0 -40.2747 427.7883 175.3926 -168.8480 -17.6990 138.3507 100.0000 stroke1
movl 0 -29.7714 416.2136 191.5307 -172.5874 -25.0110 138.5760 100.0000 stroke1
movl 0 -2.5076 381.6444 246.9720 173.8722 -38.9690 145.2924 100.0000 stroke1
movl 0 -30.3152 372.6853 246.4765 161.4979 -33.8454 175.9665 100.0000 stroke2
movl 0 -50.4568 383.3109 202.4573 166.9395 -28.0521 169.0802 100.0000 stroke2
movl 0 -62.9946 382.5801 189.5750 166.9369 -23.8389 164.8199 100.0000 stroke2
movl 0 -70.9028 382.6639 182.5757 167.1168 -21.7396 162.5544 100.0000 stroke2
movl 0 -74.6942 384.1369 179.7922 167.8816 -21.0502 158.9974 100.0000 stroke2
movl 0 -76.6191 385.7431 177.4235 168.0950 -20.2133 158.2350 100.0000 stroke2
movl 0 -78.5813 386.7249 175.8212 168.9256 -19.6707 157.0083 100.0000 stroke2
movl 0 -80.4153 387.2097 174.3478 170.6500 -19.2373 154.6387 100.0000 stroke2
movl 0 -81.0444 387.2197 174.0006 171.6129 -19.2255 153.2798 100.0000 stroke2
movl 0 -81.8419 387.8159 172.9869 172.5786 -18.8474 151.9455 100.0000 stroke2
movl 0 -83.4675 386.8743 172.8573 172.8364 -18.6795 151.4431 100.0000 stroke2
movl 0 -83.2739 387.9277 172.8730 173.5265 -18.6811 150.4387 100.0000 stroke2
movl 0 -82.1186 389.6908 173.3473 174.3920 -18.6505 148.1009 100.0000 stroke2
movl 0 -80.3480 391.6247 173.6433 174.9014 -18.4942 146.2432 100.0000 stroke2
movl 0 -78.3159 392.3692 174.0778 175.1172 -18.5705 145.5388 100.0000 stroke2
movl 0 -77.1735 392.8174 174.4168 175.5453 -18.4456 144.9879 100.0000 stroke2
movl 0 -76.1226 392.8077 174.8351 175.8602 -18.2832 144.4548 100.0000 stroke2
movl 0 -74.3299 392.3567 175.7328 176.0109 -18.4581 144.1025 100.0000 stroke2
movl 0 -72.7185 391.7848 176.6640 176.1357 -18.6800 143.7613 100.0000 stroke2
movl 0 -72.6189 391.7196 176.6650 176.1881 -18.8403 143.8244 100.0000 stroke2
movl 0 -72.4990 391.9883 176.8314 176.3007 -19.0704 143.7743 100.0000 stroke2
movl 0 -72.0215 391.5669 177.5178 176.3801 -19.6125 143.7446 100.0000 stroke2
movl 0 -63.7261 388.3534 189.6639 176.4738 -22.9839 144.0039 100.0000 stroke2
movl 0 -30.7893 379.0102 240.1665 178.3381 -32.1412 143.8026 100.0000 stroke2
movl 0 1.1778 396.9848 249.6574 -171.8492 -34.6279 144.1219 100.0000 stroke3
movl 0 -11.1746 410.7379 197.6260 -171.0598 -29.2725 143.8849 100.0000 stroke3
movl 0 -13.5505 411.7843 186.1397 -173.4479 -27.2602 143.3464 100.0000 stroke3
movl 0 -19.0098 410.4046 183.2595 -174.4848 -25.9545 139.7969 100.0000 stroke3
movl 0 -22.7887 412.6606 179.8617 -172.5984 -23.9554 135.6027 100.0000 stroke3
movl 0 -24.5406 413.9557 177.8099 -172.4369 -23.1927 134.2502 100.0000 stroke3
movl 0 -25.9672 415.1496 176.2625 -172.5969 -22.5373 133.2815 100.0000 stroke3
movl 0 -27.1165 417.4267 174.2328 -172.4211 -21.0761 132.0489 100.0000 stroke3
movl 0 -27.6283 418.5287 173.1120 -171.7606 -19.6259 130.4224 100.0000 stroke3
movl 0 -26.8942 420.3832 172.0627 -170.7237 -18.0583 128.4020 100.0000 stroke3
movl 0 -25.2327 421.9710 170.8998 -169.6034 -17.0854 126.6023 100.0000 stroke3
movl 0 -25.0749 422.8404 170.7514 -168.8121 -16.7834 126.0586 100.0000 stroke3
movl 0 -26.7337 421.5818 170.9345 -168.7564 -16.8968 126.3499 100.0000 stroke3
movl 0 -28.1844 420.1330 171.3569 -168.5197 -16.9800 126.5906 100.0000 stroke3
movl 0 -30.9746 417.5881 172.3380 -168.4383 -17.2743 127.7501 100.0000 stroke3
movl 0 -34.2635 414.7205 173.5107 -168.5318 -17.6585 128.7879 100.0000 stroke3
movl 0 -33.9853 414.7007 174.0148 -168.4715 -17.9947 128.7583 100.0000 stroke3
movl 0 -33.7588 414.6241 174.0849 -168.5557 -18.0403 128.7295 100.0000 stroke3
movl 0 -32.6127 413.4424 175.8190 -168.9217 -18.8172 128.7689 100.0000 stroke3
movl 0 -24.9052 408.5618 187.7225 -170.4250 -22.7698 130.2887 100.0000 stroke3
movl 0 -5.6718 395.1540 230.7899 -176.6013 -31.4099 135.9718 100.0000 stroke3
movl 0 -33.4848 377.0409 248.2408 147.0875 -18.3668 -148.9555 100.0000 stroke4
movl 0 -45.8711 381.6524 198.2703 148.7707 -16.7591 -145.9239 100.0000 stroke4
movl 0 -57.0202 379.5273 181.4862 150.5187 -13.3333 -146.0041 100.0000 stroke4
movl 0 -64.9162 375.7140 178.1482 151.8999 -10.4444 -148.2534 100.0000 stroke4
movl 0 -67.5437 377.4563 174.6427 153.0362 -9.7342 -147.8553 100.0000 stroke4
movl 0 -68.1272 380.1052 172.3170 153.7759 -9.2677 -147.3949 100.0000 stroke4
movl 0 -68.0510 381.7570 170.9263 153.9902 -9.3543 -146.9497 100.0000 stroke4
movl 0 -67.9678 384.0856 170.1579 155.0432 -10.1548 -147.5196 100.0000 stroke4
movl 0 -68.4733 385.9239 169.4504 157.1262 -11.1610 -149.1821 100.0000 stroke4
movl 0 -67.9925 387.1411 169.5433 158.6319 -12.1817 -150.9898 100.0000 stroke4
movl 0 -67.2649 388.7028 169.2379 159.5445 -12.9744 -152.1500 100.0000 stroke4
movl 0 -67.7730 389.1747 169.5546 161.3854 -14.0018 -154.2585 100.0000 stroke4
movl 0 -68.3315 389.9903 169.8971 164.1621 -15.3303 -157.0627 100.0000 stroke4
movl 0 -68.8314 390.0690 170.1355 166.2796 -16.2229 -158.5196 100.0000 stroke4
movl 0 -69.4261 389.3127 170.6084 166.9779 -16.3602 -158.8682 100.0000 stroke4
movl 0 -68.1499 388.8310 171.7145 165.8539 -16.3953 -158.5027 100.0000 stroke4
movl 0 -67.3082 388.5598 172.1825 165.4009 -16.3796 -158.5868 100.0000 stroke4
movl 0 -67.2114 388.6317 172.2218 165.6158 -16.4312 -158.8479 100.0000 stroke4
movl 0 -67.3339 388.5648 172.3672 166.1846 -16.5265 -159.1760 100.0000 stroke4
movl 0 -67.5018 387.9075 172.7006 166.2590 -16.4915 -159.2091 100.0000 stroke4
movl 0 -67.2462 387.2312 173.2313 165.6090 -16.2602 -159.2195 100.0000 stroke4
movl 0 -67.0890 387.1399 173.5673 165.6375 -16.2405 -159.2283 100.0000 stroke4
movl 0 -67.2975 386.6415 173.7345 165.8817 -16.1994 -159.2257 100.0000 stroke4
movl 0 -67.6841 386.4399 173.6039 165.6333 -15.9684 -158.9500 100.0000 stroke4
movl 0 -68.3462 386.1939 173.6962 164.9073 -15.4634 -158.2962 100.0000 stroke4
movl 0 -68.4591 386.2925 173.7394 164.4365 -15.3456 -157.8788 100.0000 stroke4
movl 0 -69.0220 385.8755 174.0013 163.9606 -15.1096 -157.6546 100.0000 stroke4
movl 0 -66.4575 382.8408 176.6685 161.0391 -15.3783 -156.6441 100.0000 stroke4
movl 0 -48.4033 361.4217 212.4131 144.9373 -12.5284 -152.6584 100.0000 stroke4
movl 0 -24.3675 370.9969 229.2990 143.3150 2.5362 -128.3529 100.0000 stroke5
movl 0 -44.0801 374.2524 194.0361 148.4673 3.2566 -126.3375 100.0000 stroke5
movl 0 -54.2775 376.8880 181.1828 151.2438 3.9271 -124.4738 100.0000 stroke5
movl 0 -60.7008 377.7901 177.9400 152.4782 4.4233 -122.0697 100.0000 stroke5
movl 0 -63.9334 378.0351 175.9075 153.0364 5.2651 -119.6027 100.0000 stroke5
movl 0 -64.4763 379.2428 174.8008 153.5316 5.0274 -119.2048 100.0000 stroke5
movl 0 -65.6616 380.0954 173.8953 154.0532 4.7314 -118.7739 100.0000 stroke5
movl 0 -65.8272 381.0651 173.2921 154.2721 4.7398 -118.5867 100.0000 stroke5
movl 0 -66.3153 382.3431 172.1323 155.1296 4.6550 -118.7084 100.0000 stroke5
movl 0 -65.8740 383.1575 172.0271 156.1486 4.2629 -119.4815 100.0000 stroke5
movl 0 -65.2347 383.1574 172.1250 156.5077 4.0139 -120.0377 100.0000 stroke5
movl 0 -65.7059 383.4842 171.7637 156.7075 4.1700 -120.3006 100.0000 stroke5
movl 0 -64.2809 384.1364 171.6468 156.9373 4.1418 -120.9273 100.0000 stroke5
movl 0 -62.0199 384.8034 172.0428 157.1629 3.9518 -121.8827 100.0000 stroke5
movl 0 -59.5679 385.4639 172.4269 157.4026 3.7786 -122.7865 100.0000 stroke5
movl 0 -57.9104 385.7308 172.5185 157.6034 3.8902 -123.4005 100.0000 stroke5
movl 0 -55.3786 386.1380 172.9269 157.7905 3.8562 -124.2182 100.0000 stroke5
movl 0 -52.5679 386.6756 173.3242 157.9539 3.7765 -125.0167 100.0000 stroke5
movl 0 -50.7955 387.0071 173.4582 158.1941 3.7669 -125.5626 100.0000 stroke5
movl 0 -49.1676 387.5036 173.4852 158.4228 3.7729 -126.0178 100.0000 stroke5
movl 0 -47.6360 387.9172 173.5360 158.6286 3.7959 -126.4691 100.0000 stroke5
movl 0 -46.0515 388.2758 173.7530 158.8961 3.7913 -126.9875 100.0000 stroke5
movl 0 -44.0254 388.7066 173.7786 159.1894 3.8939 -127.5625 100.0000 stroke5
movl 0 -41.4214 389.1730 173.8540 159.5478 4.1011 -128.2829 100.0000 stroke5
movl 0 -38.2837 389.7113 174.0350 159.8950 4.1625 -129.1734 100.0000 stroke5
movl 0 -34.9223 390.9039 173.5629 160.4615 3.9617 -130.3286 100.0000 stroke5
movl 0 -34.1352 390.9582 173.3514 160.5774 4.0441 -130.6071 100.0000 stroke5
movl 0 -33.8718 390.7020 173.6557 160.4202 4.0500 -130.5462 100.0000 stroke5
movl 0 -32.9593 390.4139 174.3570 159.8093 3.7002 -130.4954 100.0000 stroke5
movl 0 -32.2003 390.3011 174.7617 159.4742 3.4995 -130.6568 100.0000 stroke5
movl 0 -31.0393 390.2430 175.3498 159.0371 3.2823 -130.9117 100.0000 stroke5
movl 0 -29.8121 389.9839 176.1314 158.5206 3.1867 -131.0710 100.0000 stroke5
movl 0 -29.1650 391.1251 175.8288 158.9225 2.6730 -131.3188 100.0000 stroke5
movl 0 -26.5234 394.5931 174.6794 160.0459 0.3755 -132.0841 100.0000 stroke5
movl 0 -16.4695 402.9936 172.6028 160.5433 -5.1749 -133.6888 100.0000 stroke5
movl 0 -2.6491 413.2085 168.9311 160.4618 -11.5747 -135.5934 100.0000 stroke5
movl 0 6.1958 420.1236 165.2122 160.5530 -15.4926 -136.8597 100.0000 stroke5
movl 0 15.3828 428.2904 160.9547 160.8833 -20.4969 -138.1933 100.0000 stroke5
movl 0 21.2538 433.7645 157.6867 161.3806 -23.9637 -139.4772 100.0000 stroke5
movl 0 23.6551 436.5883 155.9927 162.0619 -25.9398 -140.6969 100.0000 stroke5
movl 0 23.2885 436.7075 155.8571 162.3527 -26.6404 -141.1789 100.0000 stroke5
movl 0 22.0705 435.8807 156.2398 162.3765 -26.7462 -141.1722 100.0000 stroke5
movl 0 19.2273 435.3924 156.6078 162.9572 -27.0725 -140.9410 100.0000 stroke5
movl 0 19.0025 434.7560 157.0632 162.5745 -27.0252 -140.8545 100.0000 stroke5
movl 0 20.5950 435.4726 158.7545 162.7217 -26.7617 -141.4568 100.0000 stroke5
movl 0 20.5082 435.7555 158.3033 162.9211 -26.8932 -141.4908 100.0000 stroke5
movl 0 19.9471 434.7191 157.7868 162.9041 -27.3274 -141.2039 100.0000 stroke5
movl 0 18.6785 433.3404 158.8061 162.6984 -26.9725 -141.1557 100.0000 stroke5
movl 0 21.3044 433.1783 159.5231 161.9487 -26.5997 -141.6873 100.0000 stroke5
movl 0 22.1518 433.3187 159.5109 161.9270 -26.6832 -141.8272 100.0000 stroke5
movl 0 19.1569 432.8069 159.9939 162.6451 -27.1708 -141.1644 100.0000 stroke5
movl 0 19.1261 431.6987 160.6607 161.9284 -26.7105 -141.0527 100.0000 stroke5
movl 0 19.5660 431.7942 160.6956 161.9125 -26.9006 -140.8775 100.0000 stroke5
movl 0 17.5261 431.5800 160.4046 162.2077 -26.6164 -140.8818 100.0000 stroke5
movl 0 19.2967 431.6357 160.6708 161.8271 -26.5012 -141.0800 100.0000 stroke5
movl 0 20.2395 430.5112 162.1591 160.9707 -26.4791 -141.1670 100.0000 stroke5
movl 0 31.5610 419.2950 179.8560 154.6497 -28.2987 -143.5874 100.0000 stroke5
movl 0 54.5329 382.4221 233.8196 136.2311 -22.2784 -140.1445 100.0000 stroke5
movl 0 -19.6655 370.1648 213.8715 159.4634 32.3090 -69.7801 100.0000 stroke6
movl 0 -35.7807 376.5462 186.8240 163.7579 26.5307 -68.1061 100.0000 stroke6
movl 0 -43.5624 376.3660 182.2383 166.5044 24.2613 -64.8632 100.0000 stroke6
movl 0 -47.7781 378.3383 177.9099 167.9657 23.7857 -62.4683 100.0000 stroke6
movl 0 -49.8654 379.1511 176.1717 169.6027 23.3552 -59.2674 100.0000 stroke6
movl 0 -50.4375 380.6302 174.9244 169.9175 22.7121 -58.2682 100.0000 stroke6
movl 0 -51.0192 381.7852 174.3246 169.9683 22.1528 -58.3547 100.0000 stroke6
movl 0 -52.5184 383.0424 173.1813 170.0441 20.8318 -58.9560 100.0000 stroke6
movl 0 -52.9795 384.2863 172.4436 169.7960 19.6253 -59.9132 100.0000 stroke6
movl 0 -52.4937 384.7832 172.4500 169.7541 18.5909 -60.9458 100.0000 stroke6
movl 0 -53.5090 384.6139 172.7328 169.5027 18.1381 -61.8009 100.0000 stroke6
movl 0 -54.1609 384.6060 172.7840 169.0898 17.4241 -63.0214 100.0000 stroke6
movl 0 -54.4226 384.5731 172.9048 168.5716 16.7797 -64.7614 100.0000 stroke6
movl 0 -54.8599 384.2680 173.1580 167.9365 15.7640 -66.5706 100.0000 stroke6
movl 0 -54.9553 383.2899 173.9904 167.3806 15.2294 -68.3909 100.0000 stroke6
movl 0 -55.5266 382.3807 174.5568 167.2029 15.0402 -69.1287 100.0000 stroke6
movl 0 -54.9602 382.6428 174.8292 167.0664 15.7835 -70.2497 100.0000 stroke6
movl 0 -55.6703 381.9175 174.8736 167.0771 14.8557 -69.4907 100.0000 stroke6
movl 0 -56.2602 381.1122 175.1628 167.1604 14.8011 -69.7088 100.0000 stroke6
movl 0 -56.1066 381.1204 175.4818 166.9693 15.1603 -70.7251 100.0000 stroke6
movl 0 -56.9193 380.5727 175.1805 167.3389 14.9434 -70.0758 100.0000 stroke6
movl 0 -56.8814 380.7328 175.3189 167.4615 15.6753 -70.4700 100.0000 stroke6
movl 0 -57.2292 380.4541 175.4135 167.9268 16.2222 -69.6904 100.0000 stroke6
movl 0 -57.6117 380.0720 175.5661 168.3903 16.7782 -69.1412 100.0000 stroke6
movl 0 -57.7736 380.2203 175.6037 168.5708 16.9797 -68.8701 100.0000 stroke6
movl 0 -57.9903 380.1944 175.7574 168.7321 17.1715 -68.6905 100.0000 stroke6
movl 0 -55.0804 375.1792 180.5031 168.9785 20.3246 -67.8899 100.0000 stroke6
movl 0 -42.4289 337.0034 212.6128 175.8279 39.1533 -61.9306 100.0000 stroke6
movl 0 -27.7157 315.0057 244.5812 178.6716 45.9616 -61.3892 100.0000 stroke6
movl 0 -21.7119 346.4103 238.7237 167.9191 35.7063 -64.8207 100.0000 stroke7
movl 0 -35.4684 371.5384 199.8522 166.5802 27.3941 -62.3460 100.0000 stroke7
movl 0 -42.8070 376.8645 189.4330 168.6909 24.7089 -59.1221 100.0000 stroke7
movl 0 -47.9730 380.9917 183.2828 170.4567 22.4290 -56.5106 100.0000 stroke7
movl 0 -50.7758 382.0944 180.1724 172.3230 21.9798 -53.8881 100.0000 stroke7
movl 0 -51.4614 383.5054 178.6639 173.0673 21.7857 -51.9198 100.0000 stroke7
movl 0 -52.0770 384.1569 177.7142 173.5223 21.4004 -50.8778 100.0000 stroke7
movl 0 -52.9182 385.4332 176.5072 173.9194 20.4140 -50.9767 100.0000 stroke7
movl 0 -53.5411 385.5958 176.2990 174.2748 19.9106 -51.2702 100.0000 stroke7
movl 0 -53.0386 385.8451 176.2128 174.4235 19.6975 -51.6651 100.0000 stroke7
movl 0 -50.6414 386.9983 176.1382 174.5085 19.4096 -52.5550 100.0000 stroke7
movl 0 -47.8507 388.2079 175.8557 174.5696 18.8971 -53.6147 100.0000 stroke7
movl 0 -44.3644 390.1910 175.6457 174.2132 18.4448 -54.9395 100.0000 stroke7
movl 0 -43.0262 390.0224 176.1672 173.9201 18.6292 -55.6719 100.0000 stroke7
movl 0 -41.7477 390.4964 176.5714 173.0449 18.3372 -56.7701 100.0000 stroke7
movl 0 -41.6474 392.3434 175.3359 172.0940 16.3710 -58.5496 100.0000 stroke7
movl 0 -39.8975 394.5633 174.2668 171.2131 15.3135 -59.7036 100.0000 stroke7
movl 0 -41.3522 395.2252 174.1138 170.7462 14.7305 -60.1949 100.0000 stroke7
movl 0 -42.2357 395.1153 174.0477 170.3663 14.5907 -60.2506 100.0000 stroke7
movl 0 -42.4615 394.7199 174.0163 170.0275 14.5464 -60.2761 100.0000 stroke7
movl 0 -43.2901 393.8261 174.2200 169.7356 14.4690 -60.2915 100.0000 stroke7
movl 0 -44.4820 392.1999 174.7726 169.6465 14.4056 -60.2030 100.0000 stroke7
movl 0 -46.0099 389.9180 175.9384 169.2932 14.7094 -59.6493 100.0000 stroke7
movl 0 -45.8920 388.6203 177.5568 169.2814 15.2345 -60.0012 100.0000 stroke7
movl 0 -45.7085 388.6882 177.6702 169.1043 15.0149 -60.4211 100.0000 stroke7
movl 0 -45.8651 388.6544 177.8626 169.2146 15.0622 -60.7603 100.0000 stroke7
movl 0 -46.2776 388.4088 177.7378 169.1343 14.9772 -61.3185 100.0000 stroke7
movl 0 -45.9210 389.5908 177.5234 169.2099 14.9541 -61.7892 100.0000 stroke7
movl 0 -45.8314 389.5338 177.7026 169.1867 14.9266 -62.1687 100.0000 stroke7
movl 0 -44.7221 384.4534 184.0091 170.0421 16.4915 -63.0382 100.0000 stroke7
movl 0 -28.9839 356.5190 230.1270 169.3360 26.3709 -68.9527 100.0000 stroke7
movl 0 -42.2209 360.9501 209.9535 163.6929 22.5616 -72.9167 100.0000 stroke8
movl 0 -49.0100 372.7958 187.8562 164.6857 19.1696 -71.7971 100.0000 stroke8
movl 0 -53.4568 375.0765 182.3187 165.7820 17.9168 -70.3576 100.0000 stroke8
movl 0 -54.0878 376.8487 180.2048 165.9722 17.3014 -70.2934 100.0000 stroke8
movl 0 -54.7316 377.9153 178.8083 166.2967 17.0731 -70.2284 100.0000 stroke8
movl 0 -54.8282 379.1716 177.7762 166.0090 16.5734 -70.0152 100.0000 stroke8
movl 0 -54.8047 379.5144 177.8478 165.4674 16.7047 -69.5071 100.0000 stroke8
movl 0 -55.8049 379.8626 176.9828 166.0418 16.1808 -69.7179 100.0000 stroke8
movl 0 -55.8323 380.3425 176.2583 166.6284 15.4856 -70.0861 100.0000 stroke8
movl 0 -55.6802 380.4043 176.3794 166.9706 15.1290 -69.7222 100.0000 stroke8
movl 0 -54.9794 380.8431 176.1448 167.2435 14.9940 -70.1343 100.0000 stroke8
movl 0 -53.2536 381.8223 175.9326 167.5118 14.8110 -71.5157 100.0000 stroke8
movl 0 -51.3995 382.6195 175.8811 167.9252 14.3890 -72.3894 100.0000 stroke8
movl 0 -49.9477 383.1160 175.8237 168.3504 14.0887 -72.9835 100.0000 stroke8
movl 0 -48.3974 384.0224 175.5321 168.9489 13.4650 -74.0487 100.0000 stroke8
movl 0 -47.6554 384.1301 175.2659 168.9595 13.3550 -74.2219 100.0000 stroke8
movl 0 -45.5855 382.7044 177.3213 168.0114 14.6346 -74.6248 100.0000 stroke8
movl 0 -46.0850 382.1906 176.8762 168.3568 14.0248 -74.6075 100.0000 stroke8
movl 0 -45.2326 383.1219 176.7932 168.3186 13.5953 -74.1524 100.0000 stroke8
movl 0 -46.0237 383.0483 176.6538 168.2396 13.7154 -73.6621 100.0000 stroke8
movl 0 -47.1425 382.6329 176.6364 168.2178 13.6623 -73.5678 100.0000 stroke8
movl 0 -47.2600 383.4744 176.5735 168.1269 13.7137 -73.2072 100.0000 stroke8
movl 0 -44.8173 381.0766 179.3880 167.2375 15.4123 -73.3264 100.0000 stroke8
movl 0 -26.4650 364.6762 213.0878 163.5032 24.8227 -77.4343 100.0000 stroke8
movl 0 -27.9488 360.8008 221.1580 179.8918 34.2232 -30.2209 100.0000 stroke9
movl 0 -44.4870 361.9955 186.8075 177.9792 28.1750 -35.1477 100.0000 stroke9
movl 0 -49.4445 362.0890 181.0083 179.8817 26.8102 -31.5309 100.0000 stroke9
movl 0 -48.7740 364.0293 179.0095 -179.6554 25.2611 -29.5178 100.0000 stroke9
movl 0 -48.0623 366.1524 177.3621 -179.4816 24.7169 -29.0275 100.0000 stroke9
movl 0 -48.2001 367.5806 176.4689 -179.5278 24.2032 -28.7020 100.0000 stroke9
movl 0 -48.9891 369.1547 175.2989 179.5010 23.8075 -29.5596 100.0000 stroke9
movl 0 -50.0288 370.5596 174.2083 178.2849 22.5301 -31.8597 100.0000 stroke9
movl 0 -50.9615 371.4048 173.4167 176.5925 21.1839 -35.6238 100.0000 stroke9
movl 0 -51.2451 372.3679 172.9722 175.0722 20.2582 -38.9340 100.0000 stroke9
movl 0 -52.2546 372.0605 173.1032 173.9658 19.6810 -41.3808 100.0000 stroke9
movl 0 -52.8389 371.9478 173.2168 172.9115 19.0766 -43.8906 100.0000 stroke9
movl 0 -52.9065 371.9148 173.4576 171.9149 18.4544 -46.0129 100.0000 stroke9
movl 0 -53.1296 371.7117 173.7909 171.0219 17.6726 -48.0949 100.0000 stroke9
movl 0 -53.4680 371.5285 173.9491 170.4337 17.1081 -49.4953 100.0000 stroke9
movl 0 -53.6932 371.2913 174.1719 169.7523 16.4155 -50.5822 100.0000 stroke9
movl 0 -54.0591 371.1557 174.3890 169.1966 15.7634 -51.4589 100.0000 stroke9
movl 0 -53.7414 371.5612 174.5375 168.2588 15.1428 -52.3195 100.0000 stroke9
movl 0 -54.4324 370.8699 174.7953 167.9223 14.3551 -53.3065 100.0000 stroke9
movl 0 -55.0494 370.7194 174.7353 167.5555 13.6002 -54.1706 100.0000 stroke9
movl 0 -55.5472 370.3601 174.7052 167.3682 13.0843 -54.5188 100.0000 stroke9
movl 0 -56.0008 370.0823 174.6451 167.1452 12.5695 -54.5640 100.0000 stroke9
movl 0 -56.6975 369.6211 174.7143 166.9849 12.0144 -54.7107 100.0000 stroke9
movl 0 -57.6876 369.2224 174.5785 167.1122 11.3682 -53.6403 100.0000 stroke9
movl 0 -58.5281 368.3372 174.7829 167.0986 10.8604 -53.2320 100.0000 stroke9
movl 0 -58.2279 367.6362 175.3858 167.1329 11.1520 -53.3165 100.0000 stroke9
movl 0 -55.5900 367.3591 176.7923 166.9934 12.4989 -54.4979 100.0000 stroke9
movl 0 -57.3870 366.8399 176.3044 167.1741 11.8492 -53.3874 100.0000 stroke9
movl 0 -57.7702 367.3585 175.9701 167.1453 11.6477 -53.3076 100.0000 stroke9
movl 0 -57.6405 367.8030 176.1106 167.6460 11.9905 -53.1526 100.0000 stroke9
movl 0 -57.9913 367.9843 176.2434 167.8720 11.9554 -53.0706 100.0000 stroke9
movl 0 -58.4132 368.1142 176.2629 168.0325 11.8274 -53.0517 100.0000 stroke9
movl 0 -58.3381 368.0031 176.6106 168.2797 12.0075 -53.1726 100.0000 stroke9
movl 0 -58.2490 367.5124 177.2475 168.5793 12.2881 -53.2606 100.0000 stroke9
movl 0 -57.2953 365.2307 180.0636 169.1330 13.5903 -53.5999 100.0000 stroke9
movl 0 -43.2857 348.7298 213.6040 170.3698 21.6130 -56.0953 100.0000 stroke9
movl 0 -1.6612 352.1640 240.7708 -176.5741 33.7193 -31.5195 100.0000 stroke10
movl 0 -18.8506 362.1343 206.9650 -175.3533 29.0857 -24.3884 100.0000 stroke10
movl 0 -34.4509 367.3780 187.7012 -175.3418 24.3856 -21.6692 100.0000 stroke10
movl 0 -44.4939 365.4396 183.3108 -174.0418 22.3356 -18.2492 100.0000 stroke10
movl 0 -48.9486 366.4230 180.6941 -174.3682 21.2182 -17.7889 100.0000 stroke10
movl 0 -49.7779 367.1746 179.7880 -174.3548 20.7013 -17.8596 100.0000 stroke10
movl 0 -50.5018 368.1311 178.9247 -174.5598 20.3382 -17.9732 100.0000 stroke10
movl 0 -51.7804 368.8087 178.2157 -174.8654 19.8908 -18.2889 100.0000 stroke10
movl 0 -52.8246 369.2048 177.4808 -174.9291 18.8693 -19.0895 100.0000 stroke10
movl 0 -53.1799 369.3254 177.4217 -175.0785 18.5397 -19.7296 100.0000 stroke10
movl 0 -52.6055 369.7469 177.3167 -175.0544 18.3504 -20.3814 100.0000 stroke10
movl 0 -50.2551 371.0804 177.1469 -175.1563 18.0353 -21.4756 100.0000 stroke10
movl 0 -46.6731 373.3391 176.7958 -175.6547 17.7069 -22.8362 100.0000 stroke10
movl 0 -45.0677 373.6637 177.0538 -175.7181 17.8356 -23.4899 100.0000 stroke10
movl 0 -43.7116 373.7587 178.4585 -176.1109 18.5243 -24.1060 100.0000 stroke10
movl 0 -43.1094 376.1505 177.0145 -177.7959 17.5624 -25.7149 100.0000 stroke10
movl 0 -37.9983 381.1797 175.8005 178.9229 17.0877 -28.9015 100.0000 stroke10
movl 0 -32.9586 387.8901 173.9142 174.8336 17.3017 -31.2131 100.0000 stroke10
movl 0 -31.2602 391.1547 172.9023 172.7303 17.2567 -31.9193 100.0000 stroke10
movl 0 -31.2599 392.0449 172.5906 172.1901 16.9569 -32.3458 100.0000 stroke10
movl 0 -31.6109 392.1161 172.6503 171.8841 16.7452 -32.8573 100.0000 stroke10
movl 0 -32.0196 392.1447 172.8049 171.3710 16.3628 -33.4158 100.0000 stroke10
movl 0 -32.2386 392.0653 173.0672 170.7785 15.9262 -34.2335 100.0000 stroke10
movl 0 -32.5929 391.9297 173.3697 170.2297 15.3787 -35.0434 100.0000 stroke10
movl 0 -32.8417 391.8544 173.5870 169.7000 14.8842 -35.6733 100.0000 stroke10
movl 0 -33.2489 391.7943 173.7204 168.6660 13.9631 -37.2816 100.0000 stroke10
movl 0 -33.7596 391.5126 173.9084 167.8932 13.1587 -38.3702 100.0000 stroke10
movl 0 -34.4851 391.0847 174.1722 167.5022 12.5326 -39.0196 100.0000 stroke10
movl 0 -34.9991 390.8014 174.3261 166.9802 11.8114 -39.6668 100.0000 stroke10
movl 0 -35.5183 390.7393 174.2870 166.4730 11.1191 -40.1831 100.0000 stroke10
movl 0 -36.1797 390.6456 174.2389 166.0367 10.4498 -40.8272 100.0000 stroke10
movl 0 -36.8854 390.5210 174.2680 165.7395 9.7445 -41.1991 100.0000 stroke10
movl 0 -37.4871 390.2436 174.3074 165.4387 9.0735 -41.6396 100.0000 stroke10
movl 0 -38.0085 389.9527 174.3832 165.1142 8.4804 -42.0025 100.0000 stroke10
movl 0 -38.9766 389.4067 174.3006 164.9925 7.8945 -42.0865 100.0000 stroke10
movl 0 -39.7953 388.8564 174.3368 164.9037 7.4738 -42.0161 100.0000 stroke10
movl 0 -40.7363 387.8502 174.6496 165.0188 7.2592 -41.8137 100.0000 stroke10
movl 0 -42.0774 386.6163 175.0740 165.1290 7.1584 -41.1904 100.0000 stroke10
movl 0 -40.7724 386.3236 176.1410 165.4507 7.6148 -41.6619 100.0000 stroke10
movl 0 -38.5113 386.1195 177.0738 165.6561 8.1938 -42.3684 100.0000 stroke10
movl 0 -38.9113 386.4662 176.5067 165.2132 7.7365 -42.1659 100.0000 stroke10
movl 0 -40.3473 385.7335 176.4894 165.2111 7.2894 -41.9147 100.0000 stroke10
movl 0 -37.8385 385.6064 177.8855 165.2713 8.1617 -43.3456 100.0000 stroke10
movl 0 -36.9568 385.4907 178.0543 165.1693 8.2801 -43.8174 100.0000 stroke10
movl 0 -39.4956 383.9308 177.8600 165.4470 7.5871 -43.1136 100.0000 stroke10
movl 0 -37.3832 384.5850 178.4484 165.3177 8.1002 -44.1126 100.0000 stroke10
movl 0 -40.2456 383.5801 177.9341 165.3417 7.4483 -43.7612 100.0000 stroke10
movl 0 -38.5017 384.4386 178.5012 165.3535 7.8047 -44.7877 100.0000 stroke10
movl 0 -37.8595 384.0240 178.8599 165.5072 8.1842 -45.2693 100.0000 stroke10
movl 0 -27.9686 375.5218 192.7194 166.5593 13.7139 -50.1333 100.0000 stroke10
movl 0 -26.4221 373.8621 214.7117 167.2967 21.1016 -47.4459 100.0000 stroke11
movl 0 -37.4864 379.3601 189.2071 168.5395 19.5907 -45.4047 100.0000 stroke11
movl 0 -45.5054 375.8574 183.9071 170.4157 18.9064 -43.2746 100.0000 stroke11
movl 0 -46.3191 377.6966 181.9204 169.0129 17.6154 -44.1482 100.0000 stroke11
movl 0 -47.9569 378.4063 180.5369 169.3533 17.0932 -44.2536 100.0000 stroke11
movl 0 -47.8508 378.8736 180.2602 169.6832 17.4956 -43.5509 100.0000 stroke11
movl 0 -48.1211 380.3266 179.1644 169.5819 17.0739 -43.6191 100.0000 stroke11
movl 0 -48.8725 380.9002 178.5547 169.6000 16.7300 -43.6912 100.0000 stroke11
movl 0 -49.4090 381.7124 177.9271 169.8484 15.8970 -43.8406 100.0000 stroke11
movl 0 -49.8044 381.9652 177.5646 169.9493 15.4965 -44.0625 100.0000 stroke11
movl 0 -49.5283 382.1871 177.6864 170.0105 15.3506 -44.4140 100.0000 stroke11
movl 0 -48.2836 382.7752 177.4189 170.0887 15.0502 -45.0072 100.0000 stroke11
movl 0 -47.6363 383.3215 177.1941 170.1730 14.6573 -45.6532 100.0000 stroke11
movl 0 -45.9987 384.2826 176.8308 170.1493 14.1649 -46.8127 100.0000 stroke11
movl 0 -44.6179 384.7956 176.6889 170.1631 14.0137 -47.5352 100.0000 stroke11
movl 0 -44.3267 383.8123 177.9141 170.2928 14.6604 -47.4712 100.0000 stroke11
movl 0 -43.9652 383.4523 178.5638 170.3139 14.9135 -47.7156 100.0000 stroke11
movl 0 -43.9685 383.2671 178.3216 170.1399 14.5006 -47.4958 100.0000 stroke11
movl 0 -44.0216 383.3005 177.8812 169.9456 14.1434 -47.9485 100.0000 stroke11
movl 0 -45.5329 382.9048 178.0300 169.7908 14.2256 -47.9415 100.0000 stroke11
movl 0 -46.1477 382.6337 178.0338 169.8363 14.2960 -47.6593 100.0000 stroke11
movl 0 -44.0073 380.1960 181.0284 169.9912 15.7586 -47.7180 100.0000 stroke11
movl 0 -12.6308 360.3894 228.6091 167.7507 26.8614 -51.8569 100.0000 stroke11
movl 0 -17.3981 364.0091 204.0885 165.0654 24.8166 -47.8885 100.0000 stroke12
movl 0 -25.1229 367.5641 186.6112 165.0972 22.2599 -47.7613 100.0000 stroke12
movl 0 -36.4214 365.6787 184.4141 167.5204 20.3772 -46.7055 100.0000 stroke12
movl 0 -41.4336 365.8738 181.3177 167.7290 19.1288 -46.5674 100.0000 stroke12
movl 0 -43.8295 367.1762 180.2610 168.0543 18.2733 -47.0609 100.0000 stroke12
movl 0 -45.8982 368.4403 178.6369 168.4776 17.3983 -47.3343 100.0000 stroke12
movl 0 -45.9838 369.2409 178.3084 168.3232 17.2184 -47.8167 100.0000 stroke12
movl 0 -47.5142 370.3620 177.5357 168.3523 16.5998 -47.9872 100.0000 stroke12
movl 0 -48.1068 371.2227 176.7833 168.5263 15.4196 -48.3347 100.0000 stroke12
movl 0 -47.5228 371.3143 177.1312 168.4443 15.4938 -48.9534 100.0000 stroke12
movl 0 -47.4771 371.8194 176.9687 168.5652 15.1748 -49.5866 100.0000 stroke12
movl 0 -46.1234 372.6605 176.8707 168.5117 14.7482 -50.6109 100.0000 stroke12
movl 0 -44.6887 373.4418 176.6351 168.4882 14.2894 -51.4990 100.0000 stroke12
movl 0 -42.5759 374.8586 176.0964 168.1883 13.6991 -52.9816 100.0000 stroke12
movl 0 -41.8286 375.4044 176.1389 167.9511 13.4472 -54.0313 100.0000 stroke12
movl 0 -41.1937 374.4462 177.4394 167.7588 14.2812 -54.0023 100.0000 stroke12
movl 0 -40.7022 374.2959 177.6492 167.8151 14.3543 -54.2045 100.0000 stroke12
movl 0 -40.5481 374.4453 177.5480 167.7940 14.2196 -54.3039 100.0000 stroke12
movl 0 -40.6606 374.6856 177.0094 167.6301 13.3954 -54.6676 100.0000 stroke12
movl 0 -40.1474 374.8957 176.2035 167.5205 13.1054 -54.5884 100.0000 stroke12
movl 0 -41.5320 374.9108 175.9261 167.2780 12.9968 -54.3793 100.0000 stroke12
movl 0 -42.4921 374.6236 176.0441 167.3101 13.1878 -54.0950 100.0000 stroke12
movl 0 -42.4549 374.8004 176.0585 167.1889 13.0824 -54.4335 100.0000 stroke12
movl 0 -42.4868 374.6244 176.1858 167.3437 13.2491 -54.1307 100.0000 stroke12
movl 0 -42.4680 374.5290 176.2984 167.3761 13.2553 -54.2519 100.0000 stroke12
movl 0 -42.6306 374.6334 176.3216 167.3024 13.2449 -54.3191 100.0000 stroke12
movl 0 -42.5505 374.2650 176.7102 167.3854 13.4602 -54.3692 100.0000 stroke12
movl 0 -36.6826 365.1781 190.2730 167.6580 16.7400 -55.0865 100.0000 stroke12
movl 0 -9.9720 342.6070 246.9402 165.6047 24.7070 -58.6216 100.0000 stroke12
movl 0 -6.6399 358.6966 224.1968 165.0201 23.4811 -52.2016 100.0000 stroke13
movl 0 -23.4813 366.8183 196.8661 164.6861 17.9889 -50.0051 100.0000 stroke13
movl 0 -36.8805 366.7372 188.8645 164.9508 16.6019 -48.3859 100.0000 stroke13
movl 0 -46.4084 364.4653 184.2028 165.1878 16.8519 -46.1570 100.0000 stroke13
movl 0 -55.1247 363.0579 180.3542 166.3330 15.8388 -44.7688 100.0000 stroke13
movl 0 -57.0863 363.0893 179.6163 166.6057 15.7801 -44.6803 100.0000 stroke13
movl 0 -58.0308 363.7420 178.9299 166.5419 15.6875 -45.0892 100.0000 stroke13
movl 0 -59.5170 364.9730 177.5358 167.1127 14.5418 -45.4471 100.0000 stroke13
movl 0 -59.7552 364.9338 177.2985 167.5361 13.8580 -45.5646 100.0000 stroke13
movl 0 -60.3042 364.4027 177.8114 167.9291 13.6609 -46.1677 100.0000 stroke13
movl 0 -59.4741 364.9257 177.6968 167.9789 13.4747 -46.5806 100.0000 stroke13
movl 0 -57.3769 365.6727 177.6757 167.8964 13.3676 -47.1607 100.0000 stroke13
movl 0 -54.9818 366.3163 177.8652 168.0793 13.1806 -47.9626 100.0000 stroke13
movl 0 -52.8071 367.2567 177.9806 168.0606 12.8330 -48.9376 100.0000 stroke13
movl 0 -50.7746 368.2091 177.7401 168.1327 12.3464 -49.7250 100.0000 stroke13
movl 0 -48.5158 369.3641 177.5818 168.4379 11.7070 -50.9223 100.0000 stroke13
movl 0 -46.4758 370.2776 177.5639 168.7936 11.1101 -52.0918 100.0000 stroke13
movl 0 -43.6272 371.2238 177.3745 169.0363 10.6089 -53.5115 100.0000 stroke13
movl 0 -43.4197 370.3886 178.1694 168.7191 11.3052 -54.1144 100.0000 stroke13
movl 0 -42.1386 369.7500 180.0323 168.3399 12.2560 -54.1821 100.0000 stroke13
movl 0 -42.4585 369.8656 179.3760 168.6327 11.5227 -53.4098 100.0000 stroke13
movl 0 -42.2528 370.3109 178.8376 168.2257 11.1931 -54.1718 100.0000 stroke13
movl 0 -45.4703 369.1788 179.0238 168.2484 11.3200 -52.5869 100.0000 stroke13
movl 0 -45.7483 369.7172 178.9211 168.0603 11.2987 -52.5145 100.0000 stroke13
movl 0 -45.9375 369.6637 178.7538 168.1189 11.2697 -52.4231 100.0000 stroke13
movl 0 -46.0593 369.4798 178.7687 168.2083 11.2381 -52.5244 100.0000 stroke13
movl 0 -46.3779 369.3483 178.9565 168.3926 11.2105 -52.6260 100.0000 stroke13
movl 0 -45.7180 368.7726 180.2929 168.4907 11.5580 -53.0699 100.0000 stroke13
movl 0 -38.7892 366.5289 195.3761 166.7177 12.8335 -54.9965 100.0000 stroke13
movl 0 -25.8578 364.4200 236.1622 167.6337 22.6756 -41.1240 100.0000 stroke14
movl 0 -28.6357 366.6889 196.4359 166.6481 20.4256 -40.0168 100.0000 stroke14
movl 0 -34.6556 366.4251 187.4876 167.4560 18.8258 -39.9901 100.0000 stroke14
movl 0 -41.3460 367.0659 182.2844 167.9670 16.6057 -40.4235 100.0000 stroke14
movl 0 -43.7256 367.0110 180.6494 167.9013 16.3104 -40.2270 100.0000 stroke14
movl 0 -44.9880 367.4698 180.2798 167.9623 16.1166 -40.5304 100.0000 stroke14
movl 0 -46.5703 369.0183 178.2752 168.0503 14.8328 -40.3870 100.0000 stroke14
movl 0 -47.2813 370.4001 176.9872 167.8137 13.3290 -40.6339 100.0000 stroke14
movl 0 -47.1346 371.4273 176.2410 167.3157 12.6221 -41.4580 100.0000 stroke14
movl 0 -48.5039 370.8865 176.3195 167.1210 12.3021 -41.7977 100.0000 stroke14
movl 0 -49.9213 369.8857 176.4950 167.0535 12.1058 -41.8296 100.0000 stroke14
movl 0 -51.4605 368.4165 176.8684 167.0084 12.0425 -41.1870 100.0000 stroke14
movl 0 -53.3978 366.9821 177.3394 167.0648 11.9306 -40.5474 100.0000 stroke14
movl 0 -55.7282 364.9947 178.1142 167.1870 12.0630 -39.6498 100.0000 stroke14
movl 0 -57.9922 363.4493 178.8597 167.3197 12.1295 -39.0617 100.0000 stroke14
movl 0 -59.1632 362.8557 179.3532 167.3393 12.1761 -39.0288 100.0000 stroke14
movl 0 -60.0122 362.3258 179.8562 167.4071 12.2257 -39.1098 100.0000 stroke14
movl 0 -60.4722 362.0722 180.4491 167.3479 12.2768 -39.3022 100.0000 stroke14
movl 0 -60.8535 361.7282 180.8775 167.3293 12.4269 -39.4572 100.0000 stroke14
movl 0 -61.0230 361.5925 181.2582 167.2044 12.5118 -39.6491 100.0000 stroke14
movl 0 -58.4050 359.7607 183.2463 167.0259 13.6581 -39.9923 100.0000 stroke14
movl 0 -51.7655 356.2341 192.1022 166.6853 15.8324 -41.0283 100.0000 stroke14
movl 0 -42.9896 353.4577 221.8739 164.1073 17.9474 -42.0240 100.0000 stroke14
movl 0 3.9917 370.2081 244.8026 149.9429 19.4359 -68.7169 100.0000 stroke15
movl 0 -13.8433 372.6424 200.2466 152.2686 9.5977 -69.6434 100.0000 stroke15
movl 0 -20.3659 373.5678 184.9408 150.8213 4.4283 -77.5372 100.0000 stroke15
movl 0 -24.5550 375.0007 181.3095 153.3479 -1.6398 -87.0565 100.0000 stroke15
movl 0 -24.2282 374.7647 181.6321 156.1800 -4.0916 -92.9031 100.0000 stroke15
movl 0 -25.0106 374.9125 180.8179 156.6109 -3.8191 -93.5913 100.0000 stroke15
movl 0 -26.0845 375.7898 180.1623 156.5949 -3.6938 -92.8374 100.0000 stroke15
movl 0 -26.9523 377.1049 179.2023 157.1658 -4.2640 -93.0585 100.0000 stroke15
movl 0 -28.2249 378.3212 178.1449 158.3882 -5.2155 -94.4068 100.0000 stroke15
movl 0 -28.9419 378.9518 177.5514 159.5433 -6.0863 -96.2363 100.0000 stroke15
movl 0 -29.9693 379.5227 177.2274 160.9824 -7.1279 -98.7523 100.0000 stroke15
movl 0 -31.8165 380.1375 176.7418 162.9415 -8.3256 -102.1086 100.0000 stroke15
movl 0 -33.6414 381.2395 176.0518 164.7861 -9.5073 -105.2745 100.0000 stroke15
movl 0 -35.0222 382.2468 175.4726 166.5620 -10.3979 -108.2997 100.0000 stroke15
movl 0 -35.5765 383.7680 175.0288 168.4072 -11.1780 -111.5465 100.0000 stroke15
movl 0 -36.6509 384.5780 174.6442 170.7287 -11.9651 -115.9513 100.0000 stroke15
movl 0 -38.7349 383.6051 175.4959 172.0916 -12.2507 -120.3487 100.0000 stroke15
movl 0 -37.0984 384.2079 176.7794 172.0083 -13.0590 -123.6906 100.0000 stroke15
movl 0 -35.2502 386.8083 176.4822 172.6091 -14.4112 -126.4892 100.0000 stroke15
movl 0 -32.5089 390.6981 174.8771 173.5806 -15.8503 -128.8253 100.0000 stroke15
movl 0 -32.2353 392.7838 173.2541 174.8609 -16.7579 -129.8810 100.0000 stroke15
movl 0 -33.6262 391.5691 173.7279 175.2439 -16.8168 -129.5949 100.0000 stroke15
movl 0 -31.1980 391.2596 175.7429 173.9708 -16.2489 -129.8814 100.0000 stroke15
movl 0 -31.0342 391.4733 175.7927 174.2379 -16.2453 -130.3615 100.0000 stroke15
movl 0 -32.3850 391.0192 175.4381 175.2124 -16.8058 -130.0351 100.0000 stroke15
movl 0 -31.9410 389.4849 176.8143 174.3091 -16.0818 -129.7950 100.0000 stroke15
movl 0 -31.6215 388.2403 178.3517 173.5298 -15.1552 -129.8171 100.0000 stroke15
movl 0 -33.0010 388.4821 177.1342 174.7233 -15.6380 -129.6646 100.0000 stroke15
movl 0 -33.7422 386.9457 177.5412 174.7235 -15.4033 -129.4469 100.0000 stroke15
movl 0 -31.4730 386.2460 179.6808 173.1791 -14.6169 -129.5417 100.0000 stroke15
movl 0 -32.7486 386.3063 178.3426 174.1714 -15.1812 -129.2323 100.0000 stroke15
movl 0 -33.1499 385.1679 178.6843 174.0344 -15.1059 -128.7396 100.0000 stroke15
movl 0 -31.7875 384.2791 180.5904 172.8227 -14.3415 -128.5013 100.0000 stroke15
movl 0 -33.1248 383.9078 179.4188 173.9484 -14.8768 -128.3178 100.0000 stroke15
movl 0 -32.7771 383.5224 179.6421 173.8096 -14.8596 -128.2190 100.0000 stroke15
movl 0 -32.6910 383.3430 179.4700 173.2759 -14.7164 -127.3563 100.0000 stroke15
movl 0 -32.7302 382.2518 180.8522 171.6578 -13.6771 -125.9564 100.0000 stroke15
movl 0 -33.0942 382.3658 180.8107 171.2706 -13.5756 -125.0332 100.0000 stroke15
movl 0 -33.5007 382.1672 181.1184 170.9233 -13.4521 -124.4786 100.0000 stroke15
movl 0 -34.2902 382.0681 181.5953 170.4877 -13.2255 -123.5033 100.0000 stroke15
movl 0 -34.1184 381.7374 182.0513 170.3253 -13.0893 -123.1179 100.0000 stroke15
movl 0 -32.2923 378.8028 184.0194 168.5337 -12.7565 -121.6892 100.0000 stroke15
movl 0 -21.6329 360.3840 209.4836 160.4526 -7.9312 -116.5532 100.0000 stroke15
