movl 0 -2.9220 389.0025 154.7436 -136.1249 5.8744 61.6091 100.0000 stroke1
movl 0 -1.6753 385.4158 153.7745 -134.5047 2.4496 62.2673 100.0000 stroke1
movl 0 -2.4051 378.4832 152.2832 -131.3776 -2.3167 62.5252 100.0000 stroke1
movl 0 -11.7091 364.9096 156.7185 -129.9564 -5.5574 59.6212 100.0000 stroke1
movl 0 -21.9912 363.7363 168.6237 -141.9612 15.7523 41.5610 100.0000 stroke1
movl 0 -23.2168 366.3994 166.5095 -145.4806 18.1717 36.4181 100.0000 stroke1
movl 0 -24.8889 372.2511 167.7791 -147.6523 18.8118 34.7276 100.0000 stroke1
movl 0 -29.1923 372.9674 168.1117 -149.9102 18.4167 31.5671 100.0000 stroke1
movl 0 -36.3848 369.7905 168.6389 -149.9320 16.8495 30.0833 100.0000 stroke1
movl 0 -37.9269 370.0678 167.1474 -150.7741 16.3361 29.7548 100.0000 stroke1
movl 0 -38.0434 369.8284 166.9870 -150.8851 17.1768 29.7508 100.0000 stroke1
movl 0 -37.7375 370.2919 166.7888 -151.0839 17.3668 29.2251 100.0000 stroke1
movl 0 -39.6230 370.0359 165.9337 -151.2256 17.6531 29.1659 100.0000 stroke1
movl 0 -41.0829 370.1439 165.0211 -151.7881 17.6120 29.2539 100.0000 stroke1
movl 0 -41.8834 370.1115 164.6767 -152.1767 17.5547 28.9274 100.0000 stroke1
movl 0 -45.8316 371.7400 163.9997 -154.7123 17.4211 27.5072 100.0000 stroke1
movl 0 -49.1587 372.9163 163.8931 -157.2994 17.6502 25.6672 100.0000 stroke1
movl 0 -50.3014 373.7954 163.8709 -158.8000 18.1120 24.4239 100.0000 stroke1
movl 0 -51.7225 374.8887 163.9788 -160.3963 18.5433 23.7072 100.0000 stroke1
movl 0 -52.4856 374.0498 164.0887 -160.4146 18.4363 24.0046 100.0000 stroke1
movl 0 -51.1883 372.5895 164.4134 -158.9937 17.7000 23.8419 100.0000 stroke1
movl 0 -52.4823 371.5620 165.0103 -159.1627 16.8685 23.3824 100.0000 stroke1
movl 0 -54.3093 371.5790 165.4574 -160.5077 16.4352 22.9825 100.0000 stroke1
movl 0 -55.7468 370.9544 165.6510 -160.0219 15.7172 22.9905 100.0000 stroke1
movl 0 -56.7303 370.2861 165.5407 -159.1541 14.8842 23.0382 100.0000 stroke1
movl 0 -57.7846 369.3811 165.4588 -158.3794 13.9975 23.2132 100.0000 stroke1
movl 0 -57.5357 369.0771 165.3335 -157.7878 13.5022 23.0373 100.0000 stroke1
movl 0 -58.1535 366.4974 165.8335 -157.4750 13.5047 24.4034 100.0000 stroke1
movl 0 -58.0343 367.3341 165.6594 -157.3011 13.1421 23.5815 100.0000 stroke1
movl 0 -56.4875 368.1629 165.7037 -157.1072 13.2502 22.7162 100.0000 stroke1
movl 0 -56.8315 365.9587 166.1506 -156.8345 13.4734 24.4289 100.0000 stroke1
movl 0 -55.6724 367.7391 165.9004 -156.8124 13.3915 23.3876 100.0000 stroke1
movl 0 -54.8740 367.6379 166.0435 -156.4410 13.2757 22.9930 100.0000 stroke1
movl 0 -54.0917 367.4092 166.2298 -156.1084 13.3090 22.9890 100.0000 stroke1
movl 0 -52.4786 366.9038 166.6742 -155.4649 13.4235 23.3508 100.0000 stroke1
movl 0 -40.8781 359.1696 175.7913 -149.2008 13.9340 25.4743 100.0000 stroke1
movl 0 -27.6788 345.1024 239.2289 -134.5410 10.5379 35.0511 100.0000 stroke1
movl 0 -15.8837 404.3181 204.4566 -144.0785 18.6850 43.8573 100.0000 stroke2
movl 0 -15.1535 396.3528 169.4866 -148.3485 18.2475 39.8482 100.0000 stroke2
movl 0 -23.5409 391.1402 168.0988 -149.9900 14.4417 39.4654 100.0000 stroke2
movl 0 -25.0073 389.9675 168.6542 -150.9113 12.9026 37.2244 100.0000 stroke2
movl 0 -27.7995 389.4505 168.4274 -151.7633 11.6677 36.6031 100.0000 stroke2
movl 0 -31.4118 391.8405 167.8025 -153.5299 11.2007 36.9516 100.0000 stroke2
movl 0 -34.7806 395.4344 167.7104 -156.6602 11.7492 35.2047 100.0000 stroke2
movl 0 -36.0734 397.4289 168.0364 -158.8148 12.2618 33.3143 100.0000 stroke2
movl 0 -34.6333 399.1398 168.0203 -159.7727 12.9571 31.6379 100.0000 stroke2
movl 0 -34.5273 401.0132 167.8162 -160.7914 13.9224 30.6751 100.0000 stroke2
movl 0 -35.0435 401.8234 167.9931 -161.7670 14.7846 29.9137 100.0000 stroke2
movl 0 -35.6503 401.7028 168.4697 -162.5576 15.3422 29.2665 100.0000 stroke2
movl 0 -35.9305 400.7752 168.8956 -162.8286 15.7191 29.3993 100.0000 stroke2
movl 0 -36.3846 399.4058 169.4059 -162.7999 15.8994 29.9550 100.0000 stroke2
movl 0 -36.1153 397.6351 169.4229 -162.2557 16.0366 30.5806 100.0000 stroke2
movl 0 -34.9755 395.5878 170.0491 -161.3233 16.8925 31.7488 100.0000 stroke2
movl 0 -26.8555 381.6825 180.2927 -148.7276 17.0499 36.7020 100.0000 stroke2
movl 0 -23.8108 363.1320 240.5234 -124.8193 9.3583 45.8319 100.0000 stroke2
movl 0 -23.9021 416.9139 193.6624 177.3049 38.0925 -16.0590 100.0000 stroke3
movl 0 -19.9956 414.4782 166.1187 172.5227 33.3876 -22.4292 100.0000 stroke3
movl 0 -24.9383 415.3303 167.1506 174.9733 31.0271 -21.0680 100.0000 stroke3
movl 0 -28.4163 415.5407 167.5412 176.7524 31.0101 -19.1850 100.0000 stroke3
movl 0 -31.0685 416.4169 166.8746 176.6785 30.2512 -18.6631 100.0000 stroke3
movl 0 -35.7654 418.5730 166.2182 175.9511 27.5866 -19.3679 100.0000 stroke3
movl 0 -38.0933 420.4883 165.9937 174.2387 24.8532 -22.5808 100.0000 stroke3
movl 0 -40.7688 421.6583 166.7912 173.2708 22.4447 -24.9629 100.0000 stroke3
movl 0 -41.4940 422.2664 167.0661 172.1224 22.0551 -26.3591 100.0000 stroke3
movl 0 -43.6632 420.4746 167.7602 171.5933 21.1782 -28.3220 100.0000 stroke3
movl 0 -44.8488 418.9168 168.7327 170.7845 19.9206 -31.1869 100.0000 stroke3
movl 0 -45.3402 417.5588 169.4711 169.5424 18.9434 -34.3441 100.0000 stroke3
movl 0 -46.0251 416.0562 170.2435 168.8709 18.1452 -35.8206 100.0000 stroke3
movl 0 -46.3444 414.4502 171.0303 168.4993 17.7158 -36.7833 100.0000 stroke3
movl 0 -46.9541 413.3678 171.4882 167.7786 16.9534 -38.1201 100.0000 stroke3
movl 0 -47.5155 412.0788 171.9302 167.2215 16.3048 -39.2863 100.0000 stroke3
movl 0 -48.1885 410.8203 172.2988 166.6293 15.6243 -40.5753 100.0000 stroke3
movl 0 -49.0387 408.8432 172.6333 166.0467 14.9839 -41.5416 100.0000 stroke3
movl 0 -49.9383 406.6394 172.9231 165.8163 14.5721 -41.8727 100.0000 stroke3
movl 0 -51.2296 404.6101 173.2045 165.4322 14.0067 -42.1266 100.0000 stroke3
movl 0 -53.1001 401.9720 173.4877 165.3881 13.7072 -41.8373 100.0000 stroke3
movl 0 -55.0001 399.9515 173.7241 165.3287 13.4281 -41.5789 100.0000 stroke3
movl 0 -56.5226 398.7049 173.8514 165.2948 13.2751 -41.2915 100.0000 stroke3
movl 0 -57.4103 397.8278 173.9975 165.3451 13.2356 -41.1952 100.0000 stroke3
movl 0 -57.7979 397.3230 174.1364 165.2872 13.1859 -41.3308 100.0000 stroke3
movl 0 -58.6715 396.6786 174.1700 165.2137 13.1444 -41.1770 100.0000 stroke3
movl 0 -60.2447 395.7509 174.2053 165.2271 12.9481 -40.9221 100.0000 stroke3
movl 0 -61.5046 394.7387 174.2963 165.2986 12.9739 -40.5731 100.0000 stroke3
movl 0 -63.0648 393.6621 174.3818 165.3440 12.9892 -40.1967 100.0000 stroke3
movl 0 -64.2562 392.8523 174.4786 165.4447 13.0608 -39.9187 100.0000 stroke3
movl 0 -64.8293 392.1652 174.7254 165.3646 13.3047 -39.6759 100.0000 stroke3
movl 0 -65.7425 391.5566 174.8629 165.4149 13.4199 -39.5210 100.0000 stroke3
movl 0 -65.9203 391.2590 175.0639 165.2866 13.6772 -39.4515 100.0000 stroke3
movl 0 -66.2452 390.9913 175.3434 165.2041 13.8507 -39.4635 100.0000 stroke3
movl 0 -65.9211 390.8504 175.5607 165.1199 14.0395 -39.5808 100.0000 stroke3
movl 0 -66.1551 390.6570 175.8017 165.0482 14.1683 -39.6207 100.0000 stroke3
movl 0 -66.3069 390.5976 176.0635 164.9552 14.2179 -39.8043 100.0000 stroke3
movl 0 -66.3567 390.4542 176.2085 164.9371 14.3215 -39.8490 100.0000 stroke3
movl 0 -66.7173 390.2308 176.3646 164.9281 14.3567 -40.0757 100.0000 stroke3
movl 0 -64.4698 388.5537 179.0166 164.4524 15.8934 -40.4813 100.0000 stroke3
movl 0 -55.8311 382.3972 208.0296 163.7594 24.3900 -40.4113 100.0000 stroke3
movl 0 -13.2246 402.8422 216.1330 165.6232 32.4747 -35.1020 100.0000 stroke4
movl 0 -10.2593 397.1905 176.5313 164.1725 28.6410 -40.2876 100.0000 stroke4
movl 0 -18.8292 395.2742 174.5738 166.4199 25.5422 -38.9912 100.0000 stroke4
movl 0 -25.1688 395.3273 172.3975 167.3265 24.2085 -36.8800 100.0000 stroke4
movl 0 -27.0927 397.4931 171.4623 166.9465 23.4080 -36.9542 100.0000 stroke4
movl 0 -28.9881 397.2641 170.8493 167.6551 23.3844 -36.6607 100.0000 stroke4
movl 0 -32.6137 399.1243 170.1705 167.9005 21.4259 -37.1310 100.0000 stroke4
movl 0 -37.6879 402.9695 170.2108 167.0485 18.0006 -38.8585 100.0000 stroke4
movl 0 -39.1881 405.5009 170.2149 166.3287 16.4300 -40.4382 100.0000 stroke4
movl 0 -40.4962 406.7676 170.3815 166.0140 14.7786 -42.0536 100.0000 stroke4
movl 0 -40.2316 407.7957 170.3579 165.8492 13.7702 -43.7089 100.0000 stroke4
movl 0 -40.9727 408.1171 170.4404 165.2972 13.1414 -44.2391 100.0000 stroke4
movl 0 -43.4907 404.9372 171.3513 165.7174 12.7183 -44.0316 100.0000 stroke4
movl 0 -41.6674 401.7177 172.5543 166.9304 14.4458 -44.7675 100.0000 stroke4
movl 0 -42.3604 401.4213 172.6104 166.8786 13.9397 -44.9577 100.0000 stroke4
movl 0 -44.3056 399.7756 172.9414 166.5071 13.1936 -44.3243 100.0000 stroke4
movl 0 -40.6753 397.4389 173.4630 166.7021 14.4649 -45.0811 100.0000 stroke4
movl 0 -43.4491 396.2392 173.3961 166.8196 13.7558 -44.1477 100.0000 stroke4
movl 0 -42.5394 396.5959 173.4384 166.6977 14.0496 -44.3713 100.0000 stroke4
movl 0 -34.6863 391.3202 177.4683 168.2406 19.6370 -43.2990 100.0000 stroke4
movl 0 5.0957 396.5453 223.2604 161.5721 -32.1350 -176.2596 100.0000 stroke5
movl 0 4.2131 387.1780 175.0517 159.4120 -29.0367 -175.3013 100.0000 stroke5
movl 0 -9.7642 383.7574 170.3695 157.2451 -23.1124 -174.9285 100.0000 stroke5
movl 0 -15.0750 386.1378 167.3529 157.4891 -21.3077 -174.9089 100.0000 stroke5
movl 0 -19.0665 385.8047 166.7720 157.6932 -19.9455 -175.2369 100.0000 stroke5
movl 0 -23.5809 388.9613 166.0071 160.8167 -19.1948 -177.2067 100.0000 stroke5
movl 0 -26.5708 392.8028 166.2563 164.6971 -18.7393 179.2286 100.0000 stroke5
movl 0 -26.5824 394.2566 166.8959 166.9939 -18.6805 176.0543 100.0000 stroke5
movl 0 -26.6807 394.8373 167.0738 167.9978 -19.0170 175.0132 100.0000 stroke5
movl 0 -27.2332 393.8146 167.6200 169.0504 -19.2435 173.9256 100.0000 stroke5
movl 0 -28.1216 392.5866 168.2052 170.1611 -19.4736 172.6756 100.0000 stroke5
movl 0 -28.9578 391.0734 168.9220 170.9988 -19.6839 172.2492 100.0000 stroke5
movl 0 -30.5742 389.0774 169.2271 171.8152 -19.7911 172.2567 100.0000 stroke5
movl 0 -32.8946 386.3914 169.4318 172.2555 -19.9261 173.2476 100.0000 stroke5
movl 0 -34.2932 384.8888 169.4030 172.0641 -20.0689 174.1275 100.0000 stroke5
movl 0 -32.9084 384.9018 169.4638 171.4386 -20.1742 174.2007 100.0000 stroke5
movl 0 -31.7176 384.5230 169.6641 170.8187 -20.3386 174.5543 100.0000 stroke5
movl 0 -31.2924 383.8965 169.7866 170.4473 -20.4889 174.5571 100.0000 stroke5
movl 0 -30.4717 383.3315 169.9188 170.0609 -20.7484 174.4664 100.0000 stroke5
movl 0 -30.8974 383.1941 169.8926 170.3766 -20.8340 174.4775 100.0000 stroke5
movl 0 -30.9332 382.8149 169.9358 170.2381 -20.9275 174.6423 100.0000 stroke5
movl 0 -30.7442 382.9872 169.7796 170.1906 -20.8601 174.8464 100.0000 stroke5
movl 0 -30.1100 382.0411 169.8506 169.4789 -21.1965 175.5462 100.0000 stroke5
movl 0 -30.1993 381.7680 169.8814 169.3399 -21.2932 176.0499 100.0000 stroke5
movl 0 -30.0370 381.0596 169.9428 168.5484 -21.6041 177.2255 100.0000 stroke5
movl 0 -29.4952 380.4657 170.1008 168.0138 -21.8741 177.8192 100.0000 stroke5
movl 0 -29.2735 380.3863 170.1404 167.8838 -21.9519 177.9377 100.0000 stroke5
movl 0 -28.8073 380.1215 170.2343 167.6740 -22.1507 178.0655 100.0000 stroke5
movl 0 -17.5850 373.0227 175.2548 162.2882 -26.5953 -178.7634 100.0000 stroke5
movl 0 -7.7829 356.5003 224.3261 138.5799 -24.4042 -157.3131 100.0000 stroke5
movl 0 0.2780 383.9486 209.9388 147.8159 -18.2094 -141.0065 100.0000 stroke6
movl 0 -12.3324 368.3226 176.5909 148.5146 -9.5380 -144.6950 100.0000 stroke6
movl 0 -24.3202 366.4812 171.6013 150.7953 -5.4424 -146.5276 100.0000 stroke6
movl 0 -26.8323 368.6641 170.7306 152.2649 -5.6594 -146.4889 100.0000 stroke6
movl 0 -27.7937 370.0382 170.1885 152.8024 -5.6007 -146.9903 100.0000 stroke6
movl 0 -32.2932 371.2939 169.5176 154.5033 -4.2244 -149.4616 100.0000 stroke6
movl 0 -36.5975 371.7550 169.5236 156.3247 -3.3978 -151.0105 100.0000 stroke6
movl 0 -41.3741 370.3003 169.8007 156.7960 -2.1468 -151.6411 100.0000 stroke6
movl 0 -42.0391 370.9588 169.5965 157.0643 -1.6747 -152.5308 100.0000 stroke6
movl 0 -41.9946 371.5483 169.5569 157.4440 -1.2683 -153.2539 100.0000 stroke6
movl 0 -40.7328 372.5572 169.5953 157.8945 -1.2911 -154.0956 100.0000 stroke6
movl 0 -38.5433 373.2535 169.8359 158.2722 -1.2546 -155.2413 100.0000 stroke6
movl 0 -34.8108 375.4042 169.9257 159.0259 -1.4147 -157.1147 100.0000 stroke6
movl 0 -31.6676 376.1182 170.2464 159.1021 -2.0482 -157.7821 100.0000 stroke6
movl 0 -27.5612 375.3165 171.1174 158.1084 -3.4834 -157.5715 100.0000 stroke6
movl 0 -26.2583 377.1766 171.0936 159.1658 -4.4669 -156.8522 100.0000 stroke6
movl 0 -26.3258 376.8342 171.3936 159.0971 -4.3992 -157.1151 100.0000 stroke6
movl 0 -26.7802 376.6266 171.3368 158.9030 -4.7426 -156.9377 100.0000 stroke6
movl 0 -25.3611 377.1275 171.3972 158.7714 -5.2982 -156.9064 100.0000 stroke6
movl 0 -16.8176 372.6272 176.4260 155.0539 -6.9783 -154.6704 100.0000 stroke6
movl 0 0.6232 357.4291 233.1341 141.8131 -5.3136 -148.0373 100.0000 stroke6
movl 0 11.3088 379.8549 201.2021 143.1454 -2.8603 -125.8101 100.0000 stroke7
movl 0 7.3526 373.0746 171.2205 146.9051 -2.2190 -128.8230 100.0000 stroke7
movl 0 2.3809 372.4826 168.3330 148.8630 0.7540 -130.7018 100.0000 stroke7
movl 0 0.7438 374.3456 167.6097 149.5064 0.4469 -131.7696 100.0000 stroke7
movl 0 -0.3086 376.1253 166.9628 150.2816 -0.3653 -132.2419 100.0000 stroke7
movl 0 -2.0265 380.6832 166.3512 152.8484 -2.5882 -134.0205 100.0000 stroke7
movl 0 -3.6112 386.6688 167.5102 156.2308 -5.3107 -136.4105 100.0000 stroke7
movl 0 3.0291 390.4801 165.2615 156.6720 -8.7285 -139.7267 100.0000 stroke7
movl 0 9.8646 398.0210 163.1170 157.9902 -13.3928 -142.7162 100.0000 stroke7
movl 0 12.1755 403.4116 162.3157 160.3317 -17.7464 -146.8328 100.0000 stroke7
movl 0 11.1339 403.6730 162.5331 161.8238 -18.9604 -149.7657 100.0000 stroke7
movl 0 8.4517 404.6567 164.0962 164.3606 -19.9184 -152.9574 100.0000 stroke7
movl 0 7.4410 404.2135 164.5174 165.5812 -20.5576 -155.2111 100.0000 stroke7
movl 0 7.3292 403.7828 164.6771 166.6758 -21.2456 -157.2146 100.0000 stroke7
movl 0 6.5596 403.4953 164.9329 167.9315 -21.6844 -159.1052 100.0000 stroke7
movl 0 5.6845 402.9991 165.2545 169.2337 -22.1140 -160.8285 100.0000 stroke7
movl 0 4.3504 402.5140 165.5523 170.5912 -22.3085 -162.4628 100.0000 stroke7
movl 0 3.3141 402.0196 165.9060 171.8577 -22.5370 -164.1513 100.0000 stroke7
movl 0 2.7228 401.6810 166.0353 172.9060 -22.7701 -165.7324 100.0000 stroke7
movl 0 2.0614 401.0425 166.2161 173.9022 -22.9472 -167.2342 100.0000 stroke7
movl 0 1.6115 400.3510 166.2796 174.6845 -23.1356 -168.5887 100.0000 stroke7
movl 0 1.2552 400.1735 166.2740 175.3721 -23.2947 -169.3812 100.0000 stroke7
movl 0 0.7769 399.2834 166.3163 176.0802 -23.4853 -170.5834 100.0000 stroke7
movl 0 0.3173 398.7866 166.3849 176.7312 -23.5911 -171.2003 100.0000 stroke7
movl 0 -0.2392 397.7534 166.4625 177.4201 -23.7590 -172.2792 100.0000 stroke7
movl 0 -0.3161 395.4153 166.1204 177.4535 -23.8561 -172.8450 100.0000 stroke7
movl 0 -1.2349 394.2862 166.1078 177.9714 -23.9276 -173.5389 100.0000 stroke7
movl 0 -2.5508 393.0905 166.0166 178.4781 -23.9457 -173.9367 100.0000 stroke7
movl 0 -4.4797 392.0101 165.9696 178.8181 -23.8100 -173.4886 100.0000 stroke7
movl 0 -6.4872 391.2213 165.8963 179.1820 -23.6757 -173.1766 100.0000 stroke7
movl 0 -8.9439 390.1159 165.8917 179.2227 -23.5165 -172.1948 100.0000 stroke7
movl 0 -11.0213 389.0496 165.9253 179.1697 -23.5345 -171.2125 100.0000 stroke7
movl 0 -12.4289 388.1195 166.1252 178.5885 -23.4824 -170.1588 100.0000 stroke7
movl 0 -7.9448 386.9998 166.8220 177.3682 -24.0641 -170.5560 100.0000 stroke7
movl 0 -7.1481 385.7877 167.1267 176.9435 -23.9852 -170.5712 100.0000 stroke7
movl 0 -6.0434 384.9799 167.3667 176.8301 -24.0556 -170.9022 100.0000 stroke7
movl 0 -6.4136 384.4175 167.5408 177.3333 -24.1173 -170.8553 100.0000 stroke7
movl 0 -5.2787 383.2464 168.0727 176.5532 -24.2866 -171.0014 100.0000 stroke7
movl 0 -6.0030 382.9852 168.0233 176.8052 -24.0831 -171.0516 100.0000 stroke7
movl 0 -5.6152 381.9153 168.4342 175.9725 -24.0836 -171.4625 100.0000 stroke7
movl 0 -4.8884 380.4422 169.1460 174.6024 -24.2210 -171.5251 100.0000 stroke7
movl 0 -5.6863 380.1310 169.5921 174.1494 -23.9131 -171.3926 100.0000 stroke7
movl 0 -5.8928 380.1264 169.6744 174.0192 -23.8063 -171.5080 100.0000 stroke7
movl 0 -5.7809 379.9355 169.7975 173.7412 -23.7819 -171.6081 100.0000 stroke7
movl 0 -2.7144 373.1964 172.9751 169.7993 -23.9536 -170.9461 100.0000 stroke7
movl 0 -7.7245 342.4913 196.2615 153.4048 -22.7004 -173.2776 100.0000 stroke7
movl 0 -15.7397 313.5750 248.1389 134.0806 -21.8071 -170.6918 100.0000 stroke7
movl 0 -29.5034 304.5929 227.2351 133.5152 -17.2146 -170.7498 100.0000 stroke8
movl 0 -43.4692 296.2167 175.0059 141.3788 -11.8490 -172.8058 100.0000 stroke8
movl 0 -41.7212 299.7219 164.3089 147.5028 -12.5454 -176.8321 100.0000 stroke8
movl 0 -41.3366 303.2613 162.6474 149.4945 -12.4293 -177.9029 100.0000 stroke8
movl 0 -41.0111 304.0409 162.3941 149.8743 -12.5361 -178.4791 100.0000 stroke8
movl 0 -41.7048 305.6297 161.7771 150.2077 -11.8246 -178.0254 100.0000 stroke8
movl 0 -44.1201 307.2453 161.1798 152.1209 -12.0319 -178.1089 100.0000 stroke8
movl 0 -44.5542 308.0355 160.7803 153.0571 -12.3620 -178.1087 100.0000 stroke8
movl 0 -45.6050 307.8703 160.4219 153.3113 -12.4512 -177.4568 100.0000 stroke8
movl 0 -45.6038 307.8945 160.3393 153.2703 -12.5889 -176.9706 100.0000 stroke8
movl 0 -45.6838 307.6280 160.3195 153.1258 -12.8163 -176.6415 100.0000 stroke8
movl 0 -45.9341 307.4970 160.4588 153.1974 -13.2365 -177.3810 100.0000 stroke8
movl 0 -45.5809 307.5963 160.5961 153.2540 -13.8836 -178.0960 100.0000 stroke8
movl 0 -44.5469 307.1948 160.8800 152.8131 -14.3269 -177.7685 100.0000 stroke8
movl 0 -38.1816 304.8767 164.4644 149.6719 -16.5596 -176.1347 100.0000 stroke8
movl 0 -32.4664 307.4024 208.2037 137.6892 -17.7063 -167.4160 100.0000 stroke8
movl 0 5.4506 410.3536 198.4234 179.1520 -36.9299 175.4221 100.0000 stroke9
movl 0 2.1635 405.3031 177.3088 -175.5517 -32.0888 165.9892 100.0000 stroke9
movl 0 -2.9010 406.8306 170.5584 -172.4661 -29.2262 161.6539 100.0000 stroke9
movl 0 -3.5641 406.7515 168.0887 -172.1585 -28.8270 160.0364 100.0000 stroke9
movl 0 -4.6149 408.0197 167.2969 -171.1674 -28.3796 158.4529 100.0000 stroke9
movl 0 -7.3712 408.9821 166.9293 -170.8534 -27.0806 157.4549 100.0000 stroke9
movl 0 -10.9111 411.2594 166.6356 -169.4800 -24.5012 155.0637 100.0000 stroke9
movl 0 -13.6935 413.2097 166.6138 -168.1352 -21.6930 152.4557 100.0000 stroke9
movl 0 -16.4316 415.3115 166.9481 -167.0340 -19.4827 149.7511 100.0000 stroke9
movl 0 -18.7319 416.4513 167.2418 -166.4349 -17.2543 146.7977 100.0000 stroke9
movl 0 -21.0206 417.5210 167.6676 -166.1091 -14.7960 144.0291 100.0000 stroke9
movl 0 -21.5354 417.4814 167.9969 -166.4598 -14.4660 143.6914 100.0000 stroke9
movl 0 -22.7287 417.7235 168.2917 -166.0218 -13.8600 144.1773 100.0000 stroke9
movl 0 -24.5544 415.2634 169.0072 -166.8158 -14.2744 146.3587 100.0000 stroke9
movl 0 -21.5571 411.2784 170.3323 -169.2045 -16.7771 147.9801 100.0000 stroke9
movl 0 -23.4571 411.0072 170.4392 -170.1077 -16.1757 148.5921 100.0000 stroke9
movl 0 -24.1480 412.6242 170.1957 -169.3926 -15.1699 148.1676 100.0000 stroke9
movl 0 -23.6415 414.1773 169.7388 -168.6819 -14.5309 147.0391 100.0000 stroke9
movl 0 -27.5434 413.6374 170.0476 -168.0673 -13.5352 148.6529 100.0000 stroke9
movl 0 -26.3815 409.6581 171.4654 -170.2019 -15.1639 149.8432 100.0000 stroke9
movl 0 -28.0725 406.3126 172.1732 -172.4396 -15.3639 150.8058 100.0000 stroke9
movl 0 -30.1029 406.6401 171.9821 -171.3276 -14.1661 151.0842 100.0000 stroke9
movl 0 -30.1426 402.7903 172.5197 -172.5170 -14.4615 151.9282 100.0000 stroke9
movl 0 -31.3724 398.4461 173.5550 -175.3913 -15.3774 154.1119 100.0000 stroke9
movl 0 -33.5845 397.2130 173.6461 -175.4090 -14.4682 154.6513 100.0000 stroke9
movl 0 -33.1364 394.6673 174.4543 -176.3119 -15.0024 155.2416 100.0000 stroke9
movl 0 -31.9480 392.2387 175.0309 -178.2516 -15.9075 155.7077 100.0000 stroke9
movl 0 -33.3427 391.7795 175.0574 -177.8055 -15.2215 155.8964 100.0000 stroke9
movl 0 -34.7208 389.3915 175.5837 -178.1976 -14.8115 156.3375 100.0000 stroke9
movl 0 -33.0611 386.9953 176.1717 179.7394 -15.9235 157.1956 100.0000 stroke9
movl 0 -33.9599 386.9967 176.1729 -179.6350 -15.3818 157.7326 100.0000 stroke9
movl 0 -34.5247 385.4118 176.6161 179.9234 -15.3360 158.0677 100.0000 stroke9
movl 0 -32.9139 384.6981 176.8903 179.6672 -15.8231 158.3166 100.0000 stroke9
movl 0 -33.5494 384.7325 176.8894 -179.9896 -15.6327 158.4477 100.0000 stroke9
movl 0 -33.5948 384.9847 176.8778 -179.9800 -15.6157 158.4973 100.0000 stroke9
movl 0 -33.1185 384.5182 176.8261 179.4140 -15.9923 159.3689 100.0000 stroke9
movl 0 -31.3722 384.1938 176.6736 177.7957 -17.2411 164.3086 100.0000 stroke9
movl 0 -27.4689 381.4839 177.9885 175.2181 -19.4323 167.9993 100.0000 stroke9
movl 0 -20.1121 372.4952 219.7582 165.5984 -23.7355 174.4078 100.0000 stroke9
