movl 0 -27.0185 399.4387 175.8207 -145.0567 -2.0999 68.6497 100.0000 stroke1
movl 0 -30.3708 397.6388 173.7627 -146.5484 -1.2166 64.9057 100.0000 stroke1
movl 0 -29.8975 399.2648 173.3140 -147.3822 0.3173 63.4178 100.0000 stroke1
movl 0 -32.7678 393.7550 177.6830 -146.8196 -0.1665 62.1691 100.0000 stroke1
movl 0 -32.2562 399.2114 175.0938 -149.1520 2.7249 59.6480 100.0000 stroke1
movl 0 -32.8188 401.3902 175.1316 -151.9626 4.5361 56.3154 100.0000 stroke1
movl 0 -38.2766 398.5319 175.6856 -153.1673 4.5918 55.6604 100.0000 stroke1
movl 0 -45.4084 394.7190 175.4375 -153.8115 3.7457 56.6523 100.0000 stroke1
movl 0 -51.0328 392.1129 174.6234 -154.9176 2.9389 56.9058 100.0000 stroke1
movl 0 -53.1406 392.4312 174.2876 -156.1319 3.1371 55.7744 100.0000 stroke1
movl 0 -57.3088 391.4302 174.2569 -157.6572 2.3531 54.8113 100.0000 stroke1
movl 0 -59.6422 391.6764 174.3781 -158.8919 2.2238 53.4947 100.0000 stroke1
movl 0 -61.6970 391.5219 174.8310 -160.2420 2.1941 51.8974 100.0000 stroke1
movl 0 -64.0754 391.1542 175.1658 -161.4282 1.9436 50.4541 100.0000 stroke1
movl 0 -66.4639 389.9172 175.1084 -161.7153 0.9672 49.7307 100.0000 stroke1
movl 0 -66.1427 390.2720 175.0715 -161.9394 0.7762 48.4625 100.0000 stroke1
movl 0 -64.9181 391.2848 175.1401 -162.1849 0.9241 47.2032 100.0000 stroke1
movl 0 -63.0811 392.5337 175.1823 -162.3828 1.1373 45.8491 100.0000 stroke1
movl 0 -61.0315 394.1395 175.1471 -162.6289 1.3299 44.3559 100.0000 stroke1
movl 0 -59.0487 395.7308 175.0077 -162.9024 1.4731 42.7113 100.0000 stroke1
movl 0 -58.3513 393.9135 175.2980 -161.9008 1.3691 43.3168 100.0000 stroke1
movl 0 -54.9689 392.2666 175.6014 -160.1456 1.7662 43.8976 100.0000 stroke1
movl 0 -53.7043 391.7482 175.7033 -159.5491 1.7902 44.0839 100.0000 stroke1
movl 0 -53.5394 391.6675 175.6932 -159.5012 1.7902 44.2498 100.0000 stroke1
movl 0 -54.6101 392.5694 175.7395 -160.5880 2.0758 44.0054 100.0000 stroke1
movl 0 -54.3842 393.7950 175.7425 -161.4821 2.6246 43.1785 100.0000 stroke1
movl 0 -54.6649 394.2925 175.5461 -161.8399 2.9988 43.1463 100.0000 stroke1
movl 0 -54.5625 393.4360 175.8918 -161.3173 3.6073 44.6411 100.0000 stroke1
movl 0 -44.9897 385.8753 182.1043 -154.3349 2.7294 48.5748 100.0000 stroke1
movl 0 -35.7536 370.8144 238.0316 -140.5444 -3.2896 49.7824 100.0000 stroke1
movl 0 -31.3955 395.7624 229.8065 -137.7585 -3.0893 58.9126 100.0000 stroke2
movl 0 -32.4575 393.9667 172.5694 -143.8267 4.8049 53.3473 100.0000 stroke2
movl 0 -33.0392 394.5442 170.9921 -148.0880 6.8642 47.8989 100.0000 stroke2
movl 0 -31.9267 395.9130 166.5608 -148.4556 5.5271 48.0626 100.0000 stroke2
movl 0 -31.4061 397.4786 166.5654 -149.4105 5.4079 47.5356 100.0000 stroke2
movl 0 -31.8553 402.4768 165.3406 -151.3012 7.4470 46.3002 100.0000 stroke2
movl 0 -34.0092 407.1818 165.1463 -155.6516 10.0790 41.5096 100.0000 stroke2
movl 0 -33.4700 410.5075 164.6589 -157.9863 13.1326 38.5450 100.0000 stroke2
movl 0 -33.3639 411.2096 165.1761 -159.4071 14.7919 36.5827 100.0000 stroke2
movl 0 -33.1304 411.0962 165.9240 -160.5351 16.3042 35.0662 100.0000 stroke2
movl 0 -33.2525 410.9191 166.5727 -161.7695 17.2989 33.7504 100.0000 stroke2
movl 0 -33.6153 411.1516 167.1025 -163.4634 18.4488 31.7522 100.0000 stroke2
movl 0 -33.8743 411.0043 167.6205 -164.8486 19.3255 30.2139 100.0000 stroke2
movl 0 -34.8723 410.6555 167.9786 -166.3139 19.9277 28.9244 100.0000 stroke2
movl 0 -35.6404 410.4630 168.1058 -167.5135 20.4580 28.1672 100.0000 stroke2
movl 0 -36.3709 410.6869 168.3713 -169.0411 20.9656 27.0453 100.0000 stroke2
movl 0 -37.2925 411.0212 168.5435 -170.9121 21.5452 25.3793 100.0000 stroke2
movl 0 -37.8892 411.1494 168.6580 -172.6351 22.1610 24.0627 100.0000 stroke2
movl 0 -38.7967 411.3764 168.8112 -174.9317 22.6198 22.2067 100.0000 stroke2
movl 0 -40.4211 411.7044 168.8051 -177.2032 22.8998 20.5492 100.0000 stroke2
movl 0 -42.9197 412.0975 168.8605 -179.7215 22.7348 18.9417 100.0000 stroke2
movl 0 -45.0009 413.0189 169.0133 177.5314 22.5804 17.0945 100.0000 stroke2
movl 0 -47.4440 413.9948 168.8547 175.1522 22.1535 15.7954 100.0000 stroke2
movl 0 -49.6868 415.1486 168.4442 172.9861 21.7326 14.8552 100.0000 stroke2
movl 0 -52.0983 415.7472 168.2186 171.4011 21.3884 15.0479 100.0000 stroke2
movl 0 -53.9237 415.5694 168.3452 170.6223 21.1944 15.6226 100.0000 stroke2
movl 0 -51.0689 413.5895 169.4315 172.9595 21.6984 17.1791 100.0000 stroke2
movl 0 -48.0883 411.4640 170.4670 175.4977 22.0230 19.2498 100.0000 stroke2
movl 0 -48.2644 410.7367 170.8302 175.5966 21.8649 19.5672 100.0000 stroke2
movl 0 -48.2739 410.6745 171.0053 175.3722 21.8936 19.7608 100.0000 stroke2
movl 0 -48.5971 410.7209 171.1338 174.9085 22.0333 19.9717 100.0000 stroke2
movl 0 -49.6464 409.8916 171.2515 175.2944 21.8146 21.0853 100.0000 stroke2
movl 0 -46.0456 399.3731 175.1631 -177.4191 21.1171 24.9198 100.0000 stroke2
movl 0 -43.2889 391.2746 177.4799 -172.0788 20.0303 27.7566 100.0000 stroke2
movl 0 -46.4046 387.9894 177.2600 -171.0934 18.6091 28.6709 100.0000 stroke2
movl 0 -50.4949 387.9498 176.1787 -172.2504 17.9668 29.5803 100.0000 stroke2
movl 0 -52.9937 388.3113 175.0250 -172.6916 18.1048 31.4518 100.0000 stroke2
movl 0 -53.4509 388.0425 174.5714 -172.1888 18.2893 32.7065 100.0000 stroke2
movl 0 -53.5684 387.4197 174.5062 -171.4413 18.4107 33.6181 100.0000 stroke2
movl 0 -51.5047 385.7308 175.3290 -169.8244 18.5754 34.3213 100.0000 stroke2
movl 0 -28.5460 367.1844 193.3655 -154.3520 18.2248 36.8920 100.0000 stroke2
movl 0 -18.3466 348.9296 247.5188 -135.9876 11.1987 42.2747 100.0000 stroke2
movl 0 -24.2705 395.5853 206.1081 -147.7991 16.1194 51.3171 100.0000 stroke3
movl 0 -32.9124 392.5614 177.3242 -156.0112 17.5776 43.8712 100.0000 stroke3
movl 0 -43.4844 386.9500 178.4793 -158.4902 14.0442 42.9316 100.0000 stroke3
movl 0 -45.8229 389.1401 177.5104 -160.1316 15.9338 43.1425 100.0000 stroke3
movl 0 -52.8911 390.3333 174.7022 -161.0905 16.3771 44.3854 100.0000 stroke3
movl 0 -57.2903 391.0798 173.7310 -162.8315 15.0548 42.9364 100.0000 stroke3
movl 0 -61.5570 391.2703 173.9420 -165.4634 14.1066 40.5617 100.0000 stroke3
movl 0 -63.4923 391.1620 174.4169 -167.0610 13.6897 39.3814 100.0000 stroke3
movl 0 -64.8925 391.1938 174.5559 -167.0736 12.8136 38.7653 100.0000 stroke3
movl 0 -63.4822 392.2524 174.4767 -167.1089 12.5810 37.6769 100.0000 stroke3
movl 0 -60.1683 394.7716 174.6097 -167.2237 12.6060 36.4164 100.0000 stroke3
movl 0 -55.9561 397.7668 174.8396 -167.2449 12.6947 35.2386 100.0000 stroke3
movl 0 -52.1376 400.9161 174.9983 -167.3260 12.8391 34.3320 100.0000 stroke3
movl 0 -48.8053 403.0155 175.3420 -167.2940 13.0141 33.6078 100.0000 stroke3
movl 0 -45.9741 404.6490 175.7010 -167.1693 13.1671 33.1377 100.0000 stroke3
movl 0 -42.9413 406.2205 176.2104 -166.9385 13.4226 32.6613 100.0000 stroke3
movl 0 -35.6899 405.5886 180.9301 -164.6589 13.8663 32.3270 100.0000 stroke3
movl 0 -21.8047 401.0058 220.1366 -155.5834 10.7841 33.9514 100.0000 stroke3
movl 0 -2.6417 408.0919 199.0810 -152.3866 14.6735 40.9195 100.0000 stroke4
movl 0 -3.2781 407.9392 180.7778 -153.8175 14.5178 39.5943 100.0000 stroke4
movl 0 -6.9402 410.9591 175.0278 -154.9753 12.9347 39.3898 100.0000 stroke4
movl 0 -10.3779 413.2781 173.8445 -156.1323 12.5079 39.9207 100.0000 stroke4
movl 0 -11.1211 416.7871 172.4295 -156.7531 12.9210 39.8582 100.0000 stroke4
movl 0 -16.5577 422.5892 170.9534 -161.4492 13.3250 37.5493 100.0000 stroke4
movl 0 -15.7633 426.9005 170.4311 -164.2358 14.3439 34.6019 100.0000 stroke4
movl 0 -16.2798 427.5306 170.3192 -165.0015 15.1528 34.4928 100.0000 stroke4
movl 0 -16.4150 426.7706 170.6832 -165.6490 15.9974 34.6561 100.0000 stroke4
movl 0 -17.8803 424.6827 171.2833 -166.4215 16.6571 35.0408 100.0000 stroke4
movl 0 -19.5108 422.1976 171.6362 -166.9576 17.2749 35.7393 100.0000 stroke4
movl 0 -21.6649 419.6921 171.9807 -167.3144 17.5933 36.5681 100.0000 stroke4
movl 0 -23.4372 417.5325 172.4711 -167.2915 17.8160 37.3759 100.0000 stroke4
movl 0 -24.8127 415.9307 173.1736 -167.0202 18.1046 38.0603 100.0000 stroke4
movl 0 -25.7694 414.5017 174.1194 -166.5318 18.4238 38.7100 100.0000 stroke4
movl 0 -26.3095 409.2606 178.8940 -163.3844 19.2261 40.2320 100.0000 stroke4
movl 0 -32.3032 391.2251 217.3590 -151.4523 16.4283 42.7644 100.0000 stroke4
movl 0 -18.8103 392.1133 243.5222 -152.7578 10.5365 41.9055 100.0000 stroke5
movl 0 -14.9935 391.8347 188.1755 -155.7947 11.5448 38.4811 100.0000 stroke5
movl 0 -23.2862 393.3703 181.7298 -157.4313 8.5022 37.8185 100.0000 stroke5
movl 0 -24.8521 396.3836 179.5511 -158.7368 7.9251 36.2084 100.0000 stroke5
movl 0 -27.4300 397.7267 178.3690 -159.6480 7.8432 35.7090 100.0000 stroke5
movl 0 -28.6717 400.4540 177.5975 -160.9470 7.9829 34.5234 100.0000 stroke5
movl 0 -31.5811 402.1945 177.2803 -162.7136 7.4175 33.1209 100.0000 stroke5
movl 0 -32.6301 403.2470 177.4336 -163.9700 7.4071 31.9500 100.0000 stroke5
movl 0 -33.5889 403.9337 177.8358 -165.2103 7.2856 30.8306 100.0000 stroke5
movl 0 -34.5206 404.7020 178.2520 -166.5382 7.0766 29.6635 100.0000 stroke5
movl 0 -35.9673 405.8855 178.6808 -168.3611 6.7809 27.9118 100.0000 stroke5
movl 0 -38.6845 407.4996 179.1352 -170.7762 6.0481 25.4850 100.0000 stroke5
movl 0 -42.0824 408.8381 179.3175 -172.8904 4.9357 22.9707 100.0000 stroke5
movl 0 -45.3873 410.5906 179.3477 -175.1989 3.6483 19.7205 100.0000 stroke5
movl 0 -47.9899 412.5691 179.1240 -177.0128 2.5149 16.8399 100.0000 stroke5
movl 0 -51.2571 413.9616 178.6820 -178.5617 0.9721 14.1939 100.0000 stroke5
movl 0 -54.3566 415.7727 178.2621 179.8254 -0.6630 11.2278 100.0000 stroke5
movl 0 -54.9385 415.1282 178.5010 -179.9043 -0.9135 10.5492 100.0000 stroke5
movl 0 -53.2055 416.0338 178.5693 -179.8806 -0.7780 9.8369 100.0000 stroke5
movl 0 -51.9339 416.6457 178.6885 -179.9179 -0.5712 9.3669 100.0000 stroke5
movl 0 -50.6899 416.7405 178.9169 -179.9278 -0.3244 9.1566 100.0000 stroke5
movl 0 -49.0132 416.9514 179.2215 -179.9428 -0.0187 8.9733 100.0000 stroke5
movl 0 -47.6591 417.1428 179.4949 -179.9095 0.1951 8.6201 100.0000 stroke5
movl 0 -46.5091 417.2198 179.7048 -179.9031 0.4472 8.5458 100.0000 stroke5
movl 0 -45.2606 417.1332 179.8527 -179.9048 0.6886 8.4775 100.0000 stroke5
movl 0 -43.8576 417.1397 180.0848 -179.9053 0.8607 8.3166 100.0000 stroke5
movl 0 -43.1130 416.8429 180.3305 -179.8144 0.9979 8.3622 100.0000 stroke5
movl 0 -42.0085 416.7927 180.5165 -179.7750 1.1353 8.3025 100.0000 stroke5
movl 0 -40.8171 416.6407 180.7048 -179.7415 1.3075 8.2069 100.0000 stroke5
movl 0 -39.8802 416.3777 180.9867 -179.7116 1.4242 8.0238 100.0000 stroke5
movl 0 -38.6705 415.9550 181.2637 -179.5647 1.5562 7.9097 100.0000 stroke5
movl 0 -37.5904 415.8814 181.5304 -179.5192 1.7230 7.7738 100.0000 stroke5
movl 0 -36.3903 415.7257 181.8405 -179.4418 1.8230 7.5094 100.0000 stroke5
movl 0 -35.3258 415.4665 182.1115 -179.3681 1.9900 7.4400 100.0000 stroke5
movl 0 -34.2746 415.0207 182.5512 -179.1923 2.0491 7.2908 100.0000 stroke5
movl 0 -33.4153 414.6661 182.9050 -179.0770 2.1801 7.3396 100.0000 stroke5
movl 0 -32.4513 414.2859 183.3705 -178.9319 2.3668 7.2984 100.0000 stroke5
movl 0 -31.8156 414.0061 183.6516 -178.8445 2.4717 7.2541 100.0000 stroke5
movl 0 -31.0122 413.5821 184.1398 -178.6803 2.6325 7.1387 100.0000 stroke5
movl 0 -14.4017 407.4787 197.5837 -175.4352 7.0075 7.1303 100.0000 stroke5
movl 0 21.0401 394.9768 233.2638 -166.7157 18.4874 12.9103 100.0000 stroke5
movl 0 8.8981 416.0147 225.8073 -144.9767 16.0054 57.8729 100.0000 stroke6
movl 0 1.7214 409.3574 182.2046 -152.8554 15.8188 51.1421 100.0000 stroke6
movl 0 -8.0611 403.7638 180.3534 -156.4132 12.0346 48.2051 100.0000 stroke6
movl 0 -17.9199 397.6857 180.1016 -158.7100 8.2036 47.6686 100.0000 stroke6
movl 0 -24.1104 395.0055 179.6677 -159.5139 6.2689 47.9368 100.0000 stroke6
movl 0 -26.8265 396.3879 178.6208 -160.0894 6.2397 48.5177 100.0000 stroke6
movl 0 -29.5162 397.4316 177.9382 -161.2800 5.8340 48.2159 100.0000 stroke6
movl 0 -33.1957 396.6499 178.1775 -162.5121 4.5509 47.2994 100.0000 stroke6
movl 0 -33.7097 397.4018 178.1617 -163.1752 4.1907 46.0988 100.0000 stroke6
movl 0 -32.6448 398.7887 178.0706 -163.7867 4.0152 44.1153 100.0000 stroke6
movl 0 -31.9340 399.6595 177.9557 -164.0779 3.9165 42.9106 100.0000 stroke6
movl 0 -30.1964 398.4982 178.4187 -163.1939 4.1190 43.0090 100.0000 stroke6
movl 0 -29.3580 397.8570 178.6833 -162.7431 4.2138 43.1587 100.0000 stroke6
movl 0 -29.4189 397.9184 178.7042 -162.8800 4.2963 43.3015 100.0000 stroke6
movl 0 -30.0611 399.0315 178.6902 -163.9173 4.5351 43.0221 100.0000 stroke6
movl 0 -29.8389 399.2284 178.6091 -164.0361 4.7219 42.9793 100.0000 stroke6
movl 0 -30.1072 399.5859 178.5085 -164.1334 5.0428 43.2394 100.0000 stroke6
movl 0 -26.3331 396.9623 180.4225 -162.1662 6.2034 44.1834 100.0000 stroke6
movl 0 -19.0871 380.8019 210.5686 -153.7594 5.2420 47.4458 100.0000 stroke6
movl 0 -11.1427 398.8032 218.5757 -155.7714 12.6987 49.0359 100.0000 stroke7
movl 0 -9.5306 403.8651 185.2243 -159.3871 13.4425 45.0888 100.0000 stroke7
movl 0 -14.5270 402.2011 184.0082 -160.7476 11.2146 44.1703 100.0000 stroke7
movl 0 -16.7239 402.9366 181.5460 -161.9716 10.9992 43.6409 100.0000 stroke7
movl 0 -18.1565 404.7651 180.0202 -162.7484 11.0028 43.1150 100.0000 stroke7
movl 0 -18.7675 406.4250 179.2075 -163.3633 11.1453 42.5977 100.0000 stroke7
movl 0 -20.9011 410.7149 177.6726 -165.5934 11.7498 42.0040 100.0000 stroke7
movl 0 -20.8892 413.7641 176.6801 -167.1857 12.5163 40.8323 100.0000 stroke7
movl 0 -21.1874 414.8084 176.2776 -167.8688 12.8912 40.3707 100.0000 stroke7
movl 0 -21.3233 414.8393 176.1722 -168.2582 13.3736 40.3376 100.0000 stroke7
movl 0 -22.0052 414.2531 176.2247 -168.5894 13.5939 40.4347 100.0000 stroke7
movl 0 -22.4882 413.5056 176.3346 -168.6309 13.8524 40.8844 100.0000 stroke7
movl 0 -23.7648 411.9881 176.6514 -168.6669 13.8708 41.4428 100.0000 stroke7
movl 0 -24.2869 410.9964 176.8749 -168.6369 14.1025 41.7906 100.0000 stroke7
movl 0 -25.0854 409.9317 177.1974 -168.5703 14.2501 42.0692 100.0000 stroke7
movl 0 -26.1098 408.5639 177.6638 -168.3948 14.2864 42.3299 100.0000 stroke7
movl 0 -26.1830 408.0888 178.0804 -168.1927 14.5761 42.4121 100.0000 stroke7
movl 0 -25.6633 407.6311 178.5094 -167.7615 15.1290 42.2772 100.0000 stroke7
movl 0 -22.9915 404.0092 183.1930 -165.7763 17.3369 39.0949 100.0000 stroke7
movl 0 -27.0624 391.9353 211.2566 -160.5634 20.9249 28.8349 100.0000 stroke7
movl 0 -10.8095 412.4353 241.3531 -151.4691 13.6531 56.7924 100.0000 stroke8
movl 0 3.6061 412.0561 184.3371 -153.6298 17.7948 53.3596 100.0000 stroke8
movl 0 4.1216 413.5338 179.6901 -155.4822 17.1334 50.6206 100.0000 stroke8
movl 0 -3.8154 414.9523 176.4879 -159.2765 16.9637 48.3764 100.0000 stroke8
movl 0 -14.0384 408.1051 178.6894 -161.0218 13.8389 46.3732 100.0000 stroke8
movl 0 -17.8681 407.6045 178.8271 -162.1073 13.7390 45.4460 100.0000 stroke8
movl 0 -18.0861 409.6021 178.2395 -163.2401 14.4944 44.2040 100.0000 stroke8
movl 0 -18.4323 411.1555 177.6042 -163.8549 15.5251 43.8079 100.0000 stroke8
movl 0 -20.5533 412.9815 176.5717 -165.1302 15.6594 42.7326 100.0000 stroke8
movl 0 -23.3503 414.5036 176.2413 -167.4389 15.1215 40.1140 100.0000 stroke8
movl 0 -25.6081 415.8046 176.2367 -169.5979 14.5554 37.4027 100.0000 stroke8
movl 0 -27.8602 417.1450 176.3508 -171.7900 13.6251 34.7508 100.0000 stroke8
movl 0 -29.6617 419.0139 176.3030 -174.2203 12.7065 32.0973 100.0000 stroke8
movl 0 -31.4761 416.9529 177.4115 -174.4987 11.5327 31.3565 100.0000 stroke8
movl 0 -30.7828 416.9776 177.7739 -174.7007 11.6239 31.1629 100.0000 stroke8
movl 0 -31.3608 417.0574 178.0557 -175.5171 11.8063 31.1247 100.0000 stroke8
movl 0 -30.8036 415.6415 178.6395 -175.0933 11.7420 31.2984 100.0000 stroke8
movl 0 -30.0009 415.0250 179.1029 -175.0230 11.7840 31.2975 100.0000 stroke8
movl 0 -29.3360 414.8677 179.2437 -174.9865 11.9166 31.3360 100.0000 stroke8
movl 0 -24.2966 410.7375 180.6999 -170.7773 12.9281 34.4016 100.0000 stroke8
movl 0 -11.9045 390.7720 205.4043 -152.4991 6.7332 46.1841 100.0000 stroke8
movl 0 -3.9174 391.7784 208.0660 -147.4319 -1.9985 75.7778 100.0000 stroke9
movl 0 -7.9792 392.1730 180.6521 -150.1299 0.5985 73.2404 100.0000 stroke9
movl 0 -13.9950 391.0465 176.9938 -153.3306 -0.0054 72.6790 100.0000 stroke9
movl 0 -16.6056 393.2808 174.5998 -154.7005 -0.1697 73.2752 100.0000 stroke9
movl 0 -19.8344 394.9787 173.9751 -155.6703 0.1205 73.8023 100.0000 stroke9
movl 0 -21.4017 397.6048 172.8789 -156.0727 0.7795 74.1772 100.0000 stroke9
movl 0 -24.3190 400.3145 171.9433 -158.3723 2.0879 73.0886 100.0000 stroke9
movl 0 -24.7803 401.6957 171.9445 -159.0956 2.8836 72.0076 100.0000 stroke9
movl 0 -24.6115 402.3651 172.3031 -159.6348 4.2284 71.2781 100.0000 stroke9
movl 0 -25.0496 402.7393 172.9657 -160.5178 5.7442 70.0080 100.0000 stroke9
movl 0 -25.3447 402.8137 173.5430 -161.3602 6.9498 68.7594 100.0000 stroke9
movl 0 -25.3645 402.8407 173.9153 -161.8821 8.1350 67.6187 100.0000 stroke9
movl 0 -25.6536 402.3942 174.1547 -162.0625 8.3761 67.0723 100.0000 stroke9
movl 0 -25.9757 402.1236 174.2961 -162.0854 8.4169 66.7093 100.0000 stroke9
movl 0 -23.2417 393.2304 181.4677 -158.9380 5.6441 65.1995 100.0000 stroke9
movl 0 -4.2479 380.0349 208.8281 -149.7715 3.4536 63.2346 100.0000 stroke10
movl 0 -12.6382 377.6054 180.8230 -155.5673 4.8679 59.9802 100.0000 stroke10
movl 0 -17.1540 377.9884 179.7928 -157.4484 4.4743 59.0004 100.0000 stroke10
movl 0 -21.9710 379.8096 179.0092 -158.0201 5.2723 59.0994 100.0000 stroke10
movl 0 -24.8306 382.2491 177.6341 -159.1952 5.7147 58.4783 100.0000 stroke10
movl 0 -28.5880 381.9529 177.2664 -160.5751 5.0475 57.9899 100.0000 stroke10
movl 0 -29.8167 382.4127 177.1336 -161.4957 4.6085 57.1386 100.0000 stroke10
movl 0 -28.6947 383.4630 177.1598 -162.0221 4.6369 55.8197 100.0000 stroke10
movl 0 -26.5846 384.6759 177.2151 -162.4957 4.8584 54.4004 100.0000 stroke10
movl 0 -23.7254 385.8810 177.3341 -162.9536 5.0996 52.7758 100.0000 stroke10
movl 0 -21.4249 387.4193 177.1887 -163.7618 5.2149 50.7177 100.0000 stroke10
movl 0 -20.4612 386.3587 177.6970 -163.2345 5.1287 50.4722 100.0000 stroke10
movl 0 -20.0840 387.0734 177.4088 -163.9681 5.4127 50.2300 100.0000 stroke10
movl 0 -21.3153 386.8023 177.5188 -163.7984 5.3809 50.5588 100.0000 stroke10
movl 0 -19.8734 385.4043 178.3318 -162.7312 5.7026 50.9364 100.0000 stroke10
movl 0 -16.1622 376.8907 212.2059 -156.3377 2.9280 52.5325 100.0000 stroke10
movl 0 25.7411 398.2105 193.4372 -150.2238 11.2151 54.9114 100.0000 stroke11
movl 0 22.0538 399.5225 173.3228 -153.5599 11.2811 52.8219 100.0000 stroke11
movl 0 11.8719 396.8577 173.4937 -155.2805 8.5159 52.9619 100.0000 stroke11
movl 0 7.3729 396.8560 173.1711 -155.5480 7.9610 53.4673 100.0000 stroke11
movl 0 6.3159 397.5228 172.2896 -155.4417 7.8863 53.8901 100.0000 stroke11
movl 0 4.1570 399.2262 171.4170 -156.4018 8.0657 53.8974 100.0000 stroke11
movl 0 1.2942 402.3609 170.9791 -159.1123 9.1374 52.9009 100.0000 stroke11
movl 0 1.7145 404.8960 170.3648 -160.5102 10.2440 51.8657 100.0000 stroke11
movl 0 1.3425 406.5547 169.9968 -161.2077 10.9448 51.4943 100.0000 stroke11
movl 0 1.8582 407.8145 169.8024 -161.8898 12.4883 51.4121 100.0000 stroke11
movl 0 1.4708 408.8661 169.8599 -162.9515 14.0105 51.3482 100.0000 stroke11
movl 0 0.5692 409.4831 169.8506 -163.8018 15.1894 51.8170 100.0000 stroke11
movl 0 -0.9038 409.1366 170.0466 -164.1910 15.8341 52.8667 100.0000 stroke11
movl 0 -0.3932 408.5897 170.3399 -163.8287 15.7943 53.1105 100.0000 stroke11
movl 0 -1.3763 408.1293 170.4638 -164.0265 15.6644 53.4663 100.0000 stroke11
movl 0 -0.6798 407.2347 170.9292 -163.4896 14.9936 53.2139 100.0000 stroke11
movl 0 1.9682 400.2667 173.5739 -159.6000 12.1014 54.2616 100.0000 stroke11
movl 0 10.0514 381.9775 209.4838 -147.8678 1.1635 58.8705 100.0000 stroke11
movl 0 -2.2605 388.1245 230.5212 -145.5938 1.7716 79.0420 100.0000 stroke12
movl 0 -9.3168 385.2005 181.8905 -150.1594 5.5182 77.1789 100.0000 stroke12
movl 0 -14.5200 382.4122 178.0363 -153.5942 5.3140 72.8438 100.0000 stroke12
movl 0 -17.5630 383.5982 175.1173 -155.4418 4.9378 70.5121 100.0000 stroke12
movl 0 -18.9797 384.7651 173.6745 -155.2859 4.7868 69.8745 100.0000 stroke12
movl 0 -22.1877 386.9324 172.3907 -156.7074 5.3653 68.8563 100.0000 stroke12
movl 0 -25.5934 389.9450 171.9933 -159.4501 6.8547 66.5183 100.0000 stroke12
movl 0 -27.7967 391.1777 172.0394 -161.1806 7.7167 64.7416 100.0000 stroke12
movl 0 -26.9823 393.1090 171.9699 -162.2383 8.7803 62.4198 100.0000 stroke12
movl 0 -28.7650 393.3842 172.2125 -163.2063 9.3003 60.8267 100.0000 stroke12
movl 0 -28.8877 393.2888 172.6462 -163.9924 10.1695 59.5841 100.0000 stroke12
movl 0 -29.0764 393.7406 173.0950 -165.0735 11.3213 58.4381 100.0000 stroke12
movl 0 -30.4020 394.3188 173.5116 -166.8394 12.8930 57.4640 100.0000 stroke12
movl 0 -31.1567 392.6583 174.2558 -166.9017 12.6972 56.9946 100.0000 stroke12
movl 0 -29.6237 391.4171 174.7640 -166.0337 12.1267 56.5553 100.0000 stroke12
movl 0 -29.9668 391.7453 174.5277 -166.4612 12.5782 56.4650 100.0000 stroke12
movl 0 -31.5331 391.5119 174.3642 -167.5576 13.4611 56.4699 100.0000 stroke12
movl 0 -31.9496 389.9544 174.8338 -167.3437 13.1263 56.5101 100.0000 stroke12
movl 0 -30.1377 387.9681 175.8099 -166.2361 12.2385 56.0388 100.0000 stroke12
movl 0 -30.5132 388.1628 175.4778 -166.6885 12.6769 56.2605 100.0000 stroke12
movl 0 -31.7869 387.1515 175.5191 -166.9497 12.5569 56.7200 100.0000 stroke12
movl 0 -31.1682 386.2240 175.9864 -166.0690 11.7860 57.1417 100.0000 stroke12
movl 0 -27.0977 375.4284 186.3699 -158.6526 4.5682 62.3639 100.0000 stroke12
movl 0 -19.1959 366.4949 188.0959 -156.7272 -11.9515 91.7074 100.0000 stroke13
movl 0 -29.4995 359.3594 183.2274 -159.5242 -12.6401 89.3711 100.0000 stroke13
movl 0 -37.2781 361.7387 179.9369 -161.1781 -10.3990 89.1900 100.0000 stroke13
movl 0 -40.2764 361.8184 178.8018 -161.0961 -9.9471 90.2512 100.0000 stroke13
movl 0 -43.1246 362.5086 177.6126 -161.2510 -9.3580 90.7639 100.0000 stroke13
movl 0 -46.0410 363.3063 176.9653 -162.3806 -8.6700 90.6511 100.0000 stroke13
movl 0 -49.8308 362.8592 177.1072 -164.1447 -8.4842 90.1294 100.0000 stroke13
movl 0 -51.4659 362.6438 177.1282 -165.1050 -8.7783 89.3495 100.0000 stroke13
movl 0 -47.6305 364.7881 177.5592 -165.1605 -8.3788 87.3718 100.0000 stroke13
movl 0 -46.5325 366.0090 177.7275 -165.3824 -8.0417 86.3958 100.0000 stroke13
movl 0 -44.9100 366.6239 177.8104 -165.4679 -7.8595 85.4867 100.0000 stroke13
movl 0 -40.1302 368.2754 178.0915 -165.5988 -7.4734 83.5533 100.0000 stroke13
movl 0 -35.2500 370.0151 178.2004 -165.4992 -7.0387 82.0443 100.0000 stroke13
movl 0 -33.8809 370.8965 178.2548 -165.5037 -6.7050 81.3459 100.0000 stroke13
movl 0 -30.2525 372.5573 178.2972 -165.7481 -6.2733 79.7482 100.0000 stroke13
movl 0 -21.3336 376.3492 177.8855 -166.3163 -4.9979 76.6930 100.0000 stroke13
movl 0 -15.3500 378.8554 177.4996 -165.5855 -3.6206 75.6795 100.0000 stroke13
movl 0 -5.7725 383.7526 176.7143 -162.7791 -0.9725 74.7667 100.0000 stroke13
movl 0 1.0034 392.5448 174.1594 -162.3963 3.8310 73.1025 100.0000 stroke13
movl 0 6.8094 399.7689 171.5301 -162.0818 7.9442 71.7321 100.0000 stroke13
movl 0 7.7153 403.0800 170.3794 -161.8561 10.1859 72.2736 100.0000 stroke13
movl 0 6.5681 405.0299 170.0231 -162.5099 12.2934 72.7703 100.0000 stroke13
movl 0 4.0776 405.6488 169.8126 -162.9874 13.5681 73.6289 100.0000 stroke13
movl 0 2.1997 405.3878 169.7353 -163.0780 14.2244 74.6274 100.0000 stroke13
movl 0 -0.5683 403.7014 170.0688 -162.7858 13.9807 76.3502 100.0000 stroke13
movl 0 -0.2830 402.2380 170.5991 -162.2087 13.2863 76.8095 100.0000 stroke13
movl 0 2.0466 400.6255 171.3316 -161.5809 12.1828 76.7702 100.0000 stroke13
movl 0 2.4429 398.9240 171.8570 -161.2048 11.2571 77.3639 100.0000 stroke13
movl 0 2.2231 397.3310 172.3761 -161.0530 10.1135 78.3643 100.0000 stroke13
movl 0 2.5148 396.7407 172.5350 -160.8279 9.6024 79.0239 100.0000 stroke13
movl 0 2.7676 396.5840 172.4926 -160.6619 9.4778 79.4991 100.0000 stroke13
movl 0 2.7855 396.4768 172.4560 -160.5929 9.4384 79.8221 100.0000 stroke13
movl 0 3.3710 396.0456 172.7140 -160.4406 9.2868 79.7409 100.0000 stroke13
movl 0 2.4474 396.0439 172.7391 -160.6750 9.7545 80.0616 100.0000 stroke13
movl 0 1.6049 395.4283 172.9434 -160.8419 9.6168 80.3701 100.0000 stroke13
movl 0 -0.3535 390.9105 174.8508 -161.1299 7.7410 80.3028 100.0000 stroke13
movl 0 -3.2825 377.5242 179.6694 -161.4658 1.2558 79.5244 100.0000 stroke13
movl 0 -5.1803 376.5613 179.5913 -162.0258 0.6426 79.5429 100.0000 stroke13
movl 0 -9.1463 376.5159 178.6545 -162.8387 0.6762 80.9329 100.0000 stroke13
movl 0 -13.6848 374.5621 177.8723 -163.3435 -0.1067 83.9567 100.0000 stroke13
movl 0 -14.4659 373.4388 177.4446 -163.1043 -1.2520 86.4424 100.0000 stroke13
movl 0 -14.2697 371.8020 177.2020 -162.6445 -3.2543 89.7353 100.0000 stroke13
movl 0 -13.9682 371.5916 177.0855 -162.5130 -4.6628 91.9500 100.0000 stroke13
movl 0 -13.8653 370.6414 177.2151 -163.0373 -5.0927 92.8633 100.0000 stroke13
movl 0 -15.0244 369.5556 177.6490 -163.7411 -5.7220 93.2209 100.0000 stroke13
movl 0 -15.8269 368.2536 178.2659 -163.7949 -6.8233 93.0530 100.0000 stroke13
movl 0 -15.7804 368.8530 178.3975 -163.1821 -6.7818 92.7907 100.0000 stroke13
movl 0 -15.9467 369.0626 178.4078 -163.0282 -6.6414 92.7654 100.0000 stroke13
movl 0 -15.2021 370.1533 178.3635 -162.6170 -6.3105 92.4149 100.0000 stroke13
movl 0 -14.9819 370.1754 178.4133 -162.3854 -6.3035 92.3227 100.0000 stroke13
movl 0 -15.0960 370.2319 178.4255 -162.3317 -6.3142 92.2583 100.0000 stroke13
movl 0 -12.8481 368.6852 179.5296 -161.3790 -6.8610 91.8925 100.0000 stroke13
movl 0 5.0631 351.9304 199.6699 -150.6299 -14.7313 83.7845 100.0000 stroke13
movl 0 2.2128 389.4542 234.4129 -159.3870 -32.9764 128.4280 100.0000 stroke14
movl 0 7.2665 399.6166 184.4803 -147.9107 -16.9226 115.0662 100.0000 stroke14
movl 0 4.6572 395.1393 171.0081 -152.4912 -16.0493 110.9729 100.0000 stroke14
movl 0 -2.4192 388.4965 176.3418 -156.8589 -14.4249 107.3420 100.0000 stroke14
movl 0 -10.1345 382.3926 178.6119 -159.5621 -14.4154 106.3511 100.0000 stroke14
movl 0 -14.3062 382.8125 177.5581 -160.9783 -13.9027 107.3602 100.0000 stroke14
movl 0 -14.4695 383.9274 176.6669 -160.8283 -13.6990 107.6596 100.0000 stroke14
movl 0 -15.6664 384.3016 175.7592 -161.0496 -13.8794 107.9452 100.0000 stroke14
movl 0 -19.2133 387.4825 174.6986 -162.2451 -11.1870 107.5916 100.0000 stroke14
movl 0 -19.3029 389.8622 174.4126 -162.3022 -9.2784 106.1463 100.0000 stroke14
movl 0 -19.4251 390.2845 174.7141 -161.8300 -8.0016 105.8366 100.0000 stroke14
movl 0 -20.2385 391.4689 175.1510 -161.4236 -5.2122 105.6672 100.0000 stroke14
movl 0 -20.6526 391.7136 175.2179 -161.0934 -3.7501 105.4528 100.0000 stroke14
movl 0 -21.1360 391.5272 175.2914 -161.0502 -3.1470 105.5299 100.0000 stroke14
movl 0 -20.7198 390.7851 175.5411 -160.9600 -3.4597 105.5866 100.0000 stroke14
movl 0 -18.1306 387.1043 177.3594 -160.5972 -5.9855 105.7758 100.0000 stroke14
movl 0 -11.0534 372.0465 202.5939 -160.4973 -16.5370 107.1860 100.0000 stroke14
movl 0 -9.2593 372.1996 241.1569 -159.6395 -19.3344 118.8368 100.0000 stroke15
movl 0 -13.3715 373.0391 192.7980 -161.2707 -13.8224 115.4909 100.0000 stroke15
movl 0 -15.8834 370.3855 182.5381 -162.7623 -12.8623 115.1434 100.0000 stroke15
movl 0 -21.3924 368.4677 181.4716 -164.8236 -13.1995 115.4133 100.0000 stroke15
movl 0 -23.2437 369.0884 180.8402 -164.7050 -13.0891 115.9071 100.0000 stroke15
movl 0 -27.2993 369.5897 179.8102 -165.9086 -12.3124 115.8084 100.0000 stroke15
movl 0 -31.0120 370.3847 179.2476 -167.1618 -10.9073 115.3979 100.0000 stroke15
movl 0 -33.7618 369.1194 179.2872 -168.2341 -10.9448 115.1218 100.0000 stroke15
movl 0 -32.4736 370.3909 178.9972 -168.2129 -10.7344 114.2190 100.0000 stroke15
movl 0 -30.6520 371.4481 179.1017 -168.0954 -10.5033 113.2337 100.0000 stroke15
movl 0 -27.5288 372.5719 179.3284 -167.7939 -10.4302 112.1788 100.0000 stroke15
movl 0 -24.7637 373.3138 179.6139 -167.4390 -10.4071 111.3642 100.0000 stroke15
movl 0 -22.4083 373.5883 179.9223 -167.1669 -10.5657 110.7973 100.0000 stroke15
movl 0 -12.4382 370.4436 184.1253 -165.4455 -12.5268 109.1555 100.0000 stroke15
movl 0 2.7534 354.6598 215.4403 -162.7841 -21.5162 107.5591 100.0000 stroke15
movl 0 -7.0747 381.7299 204.5245 -154.9788 -9.8436 97.1034 100.0000 stroke16
movl 0 -1.1407 383.6734 179.4568 -153.9113 -7.2568 92.4877 100.0000 stroke16
movl 0 -8.9845 382.7184 180.0985 -157.7543 -4.6790 89.9929 100.0000 stroke16
movl 0 -11.4867 382.6949 180.4445 -159.0259 -3.7644 88.4594 100.0000 stroke16
movl 0 -13.7011 383.7964 180.1534 -159.7701 -2.6188 88.0860 100.0000 stroke16
movl 0 -14.8787 385.2764 179.6479 -160.5249 -1.5471 87.1040 100.0000 stroke16
movl 0 -17.1257 387.3007 178.7859 -161.6125 -0.5986 86.2079 100.0000 stroke16
movl 0 -21.1409 390.0213 178.2174 -164.1825 1.2278 84.1624 100.0000 stroke16
movl 0 -22.9134 393.0090 177.5588 -165.7615 2.6906 82.0009 100.0000 stroke16
movl 0 -21.1385 395.7661 176.9525 -166.0575 3.9529 80.1040 100.0000 stroke16
movl 0 -21.0045 397.6160 176.6717 -166.5159 5.7932 79.9363 100.0000 stroke16
movl 0 -17.7680 396.0856 177.5301 -165.3561 4.8527 80.2157 100.0000 stroke16
movl 0 -17.7933 396.4403 177.3630 -165.6129 5.5698 80.3494 100.0000 stroke16
movl 0 -17.3525 395.9214 177.5752 -165.5258 5.7298 80.7519 100.0000 stroke16
movl 0 -15.2798 394.4994 178.3119 -164.3197 4.7352 81.1044 100.0000 stroke16
movl 0 -11.4722 392.2850 179.3942 -162.4924 3.5324 81.7641 100.0000 stroke16
movl 0 -5.9788 388.5302 182.9226 -159.7109 1.0292 82.6199 100.0000 stroke16
movl 0 -3.0708 391.0579 221.0367 -157.5854 -5.2138 85.0866 100.0000 stroke16
