movl 0 2.4293 391.8889 171.8007 -153.5039 30.8594 17.7605 100.0000 stroke1
movl 0 2.0574 390.5898 166.5284 -158.7816 33.0168 9.9934 100.0000 stroke1
movl 0 -5.2906 388.3495 166.8131 -159.2795 30.8072 8.0572 100.0000 stroke1
movl 0 -18.7560 385.0343 171.0784 -154.1842 25.0553 12.6378 100.0000 stroke1
movl 0 -34.4854 391.1934 171.5455 -153.9291 20.9347 12.9383 100.0000 stroke1
movl 0 -41.4190 389.4017 170.1200 -155.0755 17.7858 14.4904 100.0000 stroke1
movl 0 -43.9722 387.3929 168.7120 -155.4149 16.8304 16.6725 100.0000 stroke1
movl 0 -46.7831 385.9841 168.2593 -155.1189 15.3983 17.7817 100.0000 stroke1
movl 0 -46.9175 386.6579 167.6616 -155.2424 15.1469 18.3733 100.0000 stroke1
movl 0 -49.0066 387.6498 167.3357 -156.2561 14.4141 18.0145 100.0000 stroke1
movl 0 -52.8746 387.3084 167.5735 -157.3149 12.5785 16.9963 100.0000 stroke1
movl 0 -55.0921 386.9848 167.8095 -158.0638 11.6730 16.2047 100.0000 stroke1
movl 0 -58.1055 385.7724 167.8856 -157.8105 10.3941 16.3086 100.0000 stroke1
movl 0 -58.7236 385.6232 167.8770 -157.8072 9.8743 16.1083 100.0000 stroke1
movl 0 -58.4427 385.6448 167.9690 -157.7717 9.6148 15.7939 100.0000 stroke1
movl 0 -57.7382 385.8434 168.1205 -157.8426 9.4793 15.3643 100.0000 stroke1
movl 0 -56.8703 386.2020 168.2445 -157.9422 9.2933 14.7355 100.0000 stroke1
movl 0 -55.3790 386.7888 168.3716 -158.0508 9.2626 13.9410 100.0000 stroke1
movl 0 -53.1090 387.7252 168.4684 -158.2996 9.3638 12.9168 100.0000 stroke1
movl 0 -50.6265 388.5581 168.5771 -158.4913 9.3931 11.7864 100.0000 stroke1
movl 0 -47.1798 390.1008 168.6822 -158.8693 9.4590 10.1618 100.0000 stroke1
movl 0 -41.9877 392.6858 168.4585 -159.4268 10.2293 8.4601 100.0000 stroke1
movl 0 -39.2602 391.7369 169.0145 -158.7956 11.4400 9.0296 100.0000 stroke1
movl 0 -35.7588 391.0042 169.5294 -158.1458 12.7077 9.3067 100.0000 stroke1
movl 0 -33.8325 391.4775 169.5732 -158.1346 13.4367 9.2165 100.0000 stroke1
movl 0 -31.3335 396.4133 168.6095 -160.4877 14.4745 7.9328 100.0000 stroke1
movl 0 -22.6388 404.6129 166.8175 -164.4164 17.6116 5.0876 100.0000 stroke1
movl 0 -12.2595 412.2963 163.9596 -168.0821 21.0856 1.9617 100.0000 stroke1
movl 0 -4.5674 419.1564 161.1046 -171.3150 24.0863 0.3227 100.0000 stroke1
movl 0 -2.8816 421.2396 160.5096 -173.2283 25.2336 -0.6660 100.0000 stroke1
movl 0 -2.9904 422.1841 160.8247 -174.9279 25.7443 -1.5867 100.0000 stroke1
movl 0 -3.1449 422.8969 161.3523 -176.8541 26.0565 -2.5695 100.0000 stroke1
movl 0 -3.6058 423.5766 161.5428 -178.7560 26.3717 -3.2406 100.0000 stroke1
movl 0 -2.4626 420.3203 162.2243 -176.8105 26.5989 -2.8371 100.0000 stroke1
movl 0 -1.2318 419.6917 162.1627 -176.1910 26.8629 -2.6894 100.0000 stroke1
movl 0 -1.7953 420.4041 162.0141 -177.1336 26.9331 -2.5925 100.0000 stroke1
movl 0 -2.2366 420.2734 162.0993 -177.7931 27.0532 -2.2584 100.0000 stroke1
movl 0 -2.3461 419.8215 162.3051 -177.4711 26.9609 -2.0992 100.0000 stroke1
movl 0 -2.4677 417.8859 162.9107 -175.8186 26.8617 -1.4090 100.0000 stroke1
movl 0 -1.4474 405.3842 167.4568 -165.6379 27.4497 4.1523 100.0000 stroke1
movl 0 -13.7076 371.2684 217.3843 -139.5270 15.4742 20.0248 100.0000 stroke1
movl 0 -17.8259 372.8143 226.4429 -135.5134 4.7231 46.7524 100.0000 stroke2
movl 0 -25.3714 371.3570 179.2686 -141.8348 5.5799 44.3641 100.0000 stroke2
movl 0 -30.4797 370.6113 172.0974 -146.7996 6.4369 41.0590 100.0000 stroke2
movl 0 -39.3522 370.0162 173.4638 -151.4846 5.8671 37.8010 100.0000 stroke2
movl 0 -44.4978 369.1409 172.6096 -152.0588 3.7972 38.1771 100.0000 stroke2
movl 0 -48.2396 371.5248 171.4424 -153.0153 2.9508 39.6329 100.0000 stroke2
movl 0 -49.0254 372.6321 170.3451 -153.0026 3.2118 40.5420 100.0000 stroke2
movl 0 -50.6042 373.6501 169.6608 -153.7097 2.7333 40.4233 100.0000 stroke2
movl 0 -52.5417 373.8226 169.5081 -154.4729 1.7907 39.8846 100.0000 stroke2
movl 0 -54.2258 374.2712 169.3959 -155.3729 1.3081 39.6534 100.0000 stroke2
movl 0 -56.4504 373.5625 169.7528 -156.0764 0.6013 39.2238 100.0000 stroke2
movl 0 -57.8069 373.0893 169.8126 -156.2172 -0.3409 38.7667 100.0000 stroke2
movl 0 -57.4098 373.6469 169.8658 -156.6426 -0.5175 38.0787 100.0000 stroke2
movl 0 -56.8025 374.1187 170.0654 -157.0024 -0.7111 37.2186 100.0000 stroke2
movl 0 -56.2163 374.5422 170.2211 -157.4132 -0.8987 36.3022 100.0000 stroke2
movl 0 -55.8693 375.0871 170.3888 -157.8119 -1.0270 35.5709 100.0000 stroke2
movl 0 -55.3612 375.6754 170.4844 -158.2098 -1.2127 34.8065 100.0000 stroke2
movl 0 -54.9008 376.1310 170.5992 -158.5839 -1.3930 34.0596 100.0000 stroke2
movl 0 -54.3805 376.6885 170.7255 -158.9716 -1.5862 33.2103 100.0000 stroke2
movl 0 -53.2612 377.6088 170.7835 -159.4171 -1.7470 32.0209 100.0000 stroke2
movl 0 -52.2757 378.4398 170.7554 -159.9120 -2.0095 30.7980 100.0000 stroke2
movl 0 -52.2412 378.1334 170.7878 -159.8319 -2.1859 30.6437 100.0000 stroke2
movl 0 -49.6029 375.6912 171.4470 -158.0534 -1.7748 31.0033 100.0000 stroke2
movl 0 -48.3877 374.9464 171.7174 -157.3444 -1.5529 31.1245 100.0000 stroke2
movl 0 -47.8973 374.6652 171.9168 -157.1459 -1.5193 31.0299 100.0000 stroke2
movl 0 -48.3587 375.3514 171.7731 -157.7626 -1.5702 30.8910 100.0000 stroke2
movl 0 -48.6919 375.9157 171.9430 -158.5696 -1.4497 30.4574 100.0000 stroke2
movl 0 -48.8301 376.0022 172.0114 -159.0142 -1.4722 30.1565 100.0000 stroke2
movl 0 -48.3798 376.1911 171.9360 -159.1598 -1.2159 30.0760 100.0000 stroke2
movl 0 -48.1674 376.3313 171.8223 -159.0061 -0.7479 30.4143 100.0000 stroke2
movl 0 -47.3254 376.5630 171.7544 -158.6618 -0.1562 30.7330 100.0000 stroke2
movl 0 -39.6842 372.7501 174.2386 -154.7064 2.4171 32.1589 100.0000 stroke2
movl 0 -27.9847 362.9144 214.7703 -142.3076 3.5937 36.3222 100.0000 stroke2
movl 0 -35.9995 387.5164 210.6754 -147.5442 15.5143 39.9924 100.0000 stroke3
movl 0 -41.9829 375.4176 178.7346 -148.4929 8.5969 39.0475 100.0000 stroke3
movl 0 -47.6409 373.5183 172.6979 -150.3305 4.4584 38.4159 100.0000 stroke3
movl 0 -48.1878 377.6607 170.1843 -151.6751 4.4971 36.6917 100.0000 stroke3
movl 0 -49.5847 379.0140 168.9549 -152.0100 4.3630 36.2354 100.0000 stroke3
movl 0 -50.9203 381.2916 167.8283 -153.0533 4.5775 35.9315 100.0000 stroke3
movl 0 -51.7004 385.0708 167.6086 -155.6331 6.1211 34.3790 100.0000 stroke3
movl 0 -50.0942 387.6763 168.4357 -157.6598 8.3051 31.3869 100.0000 stroke3
movl 0 -50.5100 387.6047 169.1720 -158.6255 9.3392 30.0888 100.0000 stroke3
movl 0 -49.7466 387.9811 169.8738 -159.9531 10.8386 28.7417 100.0000 stroke3
movl 0 -49.6096 387.5133 170.6906 -161.4473 12.3153 26.9996 100.0000 stroke3
movl 0 -49.8217 386.7751 171.4809 -163.1718 13.9343 24.6079 100.0000 stroke3
movl 0 -50.4337 386.2330 171.9674 -164.8555 15.1273 22.5485 100.0000 stroke3
movl 0 -51.8044 385.3653 172.4863 -166.5218 15.9475 20.9701 100.0000 stroke3
movl 0 -53.6811 384.2700 172.7087 -168.0893 16.4948 19.7035 100.0000 stroke3
movl 0 -55.5423 383.0931 172.8422 -169.5410 17.0172 18.5899 100.0000 stroke3
movl 0 -57.5272 381.9018 172.8762 -170.3852 17.1617 18.7089 100.0000 stroke3
movl 0 -59.4395 380.3094 172.9968 -170.8049 17.0829 18.8045 100.0000 stroke3
movl 0 -61.0562 379.2473 173.0262 -170.9176 16.9858 19.4101 100.0000 stroke3
movl 0 -61.6133 378.8135 173.0598 -170.9765 17.0164 19.6722 100.0000 stroke3
movl 0 -62.1718 378.0658 173.1970 -170.9985 17.0314 19.8286 100.0000 stroke3
movl 0 -62.9716 377.3928 173.2981 -170.9922 17.0106 20.2333 100.0000 stroke3
movl 0 -63.9308 376.7875 173.3004 -171.0147 16.9818 20.6668 100.0000 stroke3
movl 0 -65.0932 375.8346 173.3782 -170.9472 16.9617 21.2004 100.0000 stroke3
movl 0 -65.7253 375.0908 173.6150 -170.8325 17.0801 21.5730 100.0000 stroke3
movl 0 -66.2290 374.5154 173.8637 -170.6587 17.2528 21.9310 100.0000 stroke3
movl 0 -67.3852 373.7003 174.1068 -170.4646 17.3171 22.3718 100.0000 stroke3
movl 0 -67.8840 373.3452 174.3671 -170.2719 17.4478 22.6149 100.0000 stroke3
movl 0 -68.5941 372.9896 174.5883 -170.0292 17.6256 22.9366 100.0000 stroke3
movl 0 -68.9126 372.8426 174.8530 -169.8001 17.7598 23.0968 100.0000 stroke3
movl 0 -68.7760 372.8687 175.0392 -169.6134 17.9508 23.1597 100.0000 stroke3
movl 0 -69.0564 372.7510 175.1364 -169.4796 17.9607 23.2116 100.0000 stroke3
movl 0 -69.0817 372.3518 175.2937 -169.1504 17.9095 23.4649 100.0000 stroke3
movl 0 -69.1716 372.5203 175.2630 -169.0932 17.9675 23.4988 100.0000 stroke3
movl 0 -67.6882 372.1479 175.7111 -168.2766 18.6616 24.2346 100.0000 stroke3
movl 0 -53.9253 368.8708 188.5393 -156.1723 21.6941 31.4314 100.0000 stroke3
movl 0 2.9908 376.6303 195.6771 -136.9663 1.7512 57.3932 100.0000 stroke4
movl 0 -3.1469 369.8250 171.2573 -142.1368 3.3103 53.5620 100.0000 stroke4
movl 0 -18.5196 366.8968 171.9278 -147.9352 3.5888 49.0904 100.0000 stroke4
movl 0 -31.7281 364.2705 171.9494 -151.1629 1.7032 48.0872 100.0000 stroke4
movl 0 -36.2058 365.5303 170.2259 -151.9585 1.1453 50.9304 100.0000 stroke4
movl 0 -36.3532 366.7126 169.2209 -152.1225 0.8764 52.1830 100.0000 stroke4
movl 0 -38.2830 367.4792 168.5031 -152.9239 0.5015 52.2142 100.0000 stroke4
movl 0 -40.9962 367.7690 168.7409 -154.5092 -0.2379 51.3518 100.0000 stroke4
movl 0 -42.6677 368.1313 168.9353 -155.6833 -0.4484 50.8002 100.0000 stroke4
movl 0 -43.9559 367.6676 169.2908 -156.2841 -0.9122 50.4695 100.0000 stroke4
movl 0 -46.0925 366.8822 169.3848 -156.7215 -1.5941 49.7732 100.0000 stroke4
movl 0 -46.1852 366.7828 169.5378 -156.9503 -1.8122 49.0214 100.0000 stroke4
movl 0 -45.3647 367.3826 169.6652 -157.2189 -1.7376 47.9815 100.0000 stroke4
movl 0 -44.0331 367.8972 169.8715 -157.4636 -1.7636 46.8335 100.0000 stroke4
movl 0 -42.7867 368.7732 169.8926 -157.8229 -1.7779 45.6266 100.0000 stroke4
movl 0 -41.6542 369.8250 169.8532 -158.2516 -1.7522 44.3543 100.0000 stroke4
movl 0 -40.2787 370.8212 169.7735 -158.6108 -1.8098 42.9173 100.0000 stroke4
movl 0 -39.8899 370.5847 169.8802 -158.4456 -1.7838 42.7758 100.0000 stroke4
movl 0 -37.8487 368.6329 170.6002 -156.9998 -1.6100 43.2418 100.0000 stroke4
movl 0 -36.5290 367.9448 170.8740 -156.3136 -1.4719 43.2578 100.0000 stroke4
movl 0 -36.1539 367.6899 170.9556 -155.9848 -1.5218 43.3392 100.0000 stroke4
movl 0 -35.9660 367.4335 171.0958 -155.7813 -1.5656 43.3979 100.0000 stroke4
movl 0 -35.9836 367.8764 170.9671 -156.2982 -1.3762 43.1045 100.0000 stroke4
movl 0 -36.3931 368.7206 171.0618 -157.2538 -0.8319 42.4856 100.0000 stroke4
movl 0 -36.5043 369.0160 171.0053 -157.8328 -0.4180 41.9326 100.0000 stroke4
movl 0 -36.3418 369.9055 170.7839 -157.9990 0.5550 41.8816 100.0000 stroke4
movl 0 -35.6042 370.1838 170.6030 -157.3383 1.3869 42.2986 100.0000 stroke4
movl 0 -29.6512 366.8531 172.8282 -152.6645 2.5883 43.2262 100.0000 stroke4
movl 0 -25.2379 349.2185 219.1945 -137.4207 0.1999 42.0114 100.0000 stroke4
movl 0 -8.9694 382.8042 239.9856 -142.9395 20.6209 34.5338 100.0000 stroke5
movl 0 -4.8294 386.6837 181.7473 -149.2904 22.9507 30.7054 100.0000 stroke5
movl 0 -6.4355 394.6271 165.1694 -157.3926 24.3919 25.3514 100.0000 stroke5
movl 0 -5.6949 397.2400 165.5030 -159.8230 24.4772 23.2193 100.0000 stroke5
movl 0 -4.5711 398.0203 164.7034 -159.8214 24.4164 22.3363 100.0000 stroke5
movl 0 -4.8639 399.7002 163.4770 -160.2232 24.5202 22.1881 100.0000 stroke5
movl 0 -8.7818 402.5661 162.8203 -162.5495 23.3964 20.9639 100.0000 stroke5
movl 0 -9.6883 404.1900 162.9037 -164.9060 22.9302 18.3918 100.0000 stroke5
movl 0 -10.8731 405.2312 163.1258 -166.6773 23.1857 16.5689 100.0000 stroke5
movl 0 -11.0835 405.5566 163.6708 -168.6107 23.7983 14.6718 100.0000 stroke5
movl 0 -11.3142 406.0080 164.3277 -170.6738 24.2881 12.8959 100.0000 stroke5
movl 0 -11.4717 407.5171 164.9311 -174.5443 25.0020 9.8291 100.0000 stroke5
movl 0 -11.4434 406.4817 165.6044 -174.5421 24.9037 8.9469 100.0000 stroke5
movl 0 -12.6026 406.9543 165.8308 -176.2264 24.6701 8.1731 100.0000 stroke5
movl 0 -11.9074 405.6273 166.2698 -175.3817 24.8554 8.4386 100.0000 stroke5
movl 0 -12.9993 404.7075 166.5304 -175.0809 24.5213 8.8009 100.0000 stroke5
movl 0 -13.8453 403.0819 166.9392 -173.8224 24.1396 9.2870 100.0000 stroke5
movl 0 -14.3715 401.5519 167.3305 -172.7738 23.7832 9.8880 100.0000 stroke5
movl 0 -14.4238 398.8592 168.1748 -170.9584 23.5248 10.8365 100.0000 stroke5
movl 0 -18.4673 379.3600 181.5839 -159.1744 20.9940 17.6897 100.0000 stroke5
movl 0 -16.6645 351.3490 234.6284 -139.1654 15.6810 28.9685 100.0000 stroke6
movl 0 -14.3378 355.2195 186.0315 -147.3233 18.1062 23.7922 100.0000 stroke6
movl 0 -26.6758 354.8252 173.4127 -151.9785 16.6706 21.4718 100.0000 stroke6
movl 0 -42.5929 354.9728 172.9431 -154.9207 14.4651 21.5766 100.0000 stroke6
movl 0 -51.3138 353.0293 171.9205 -155.3268 13.3553 23.8068 100.0000 stroke6
movl 0 -53.4016 356.0007 169.9466 -156.5256 13.6032 24.7846 100.0000 stroke6
movl 0 -56.4475 357.6893 169.2646 -157.9914 12.9993 23.6808 100.0000 stroke6
movl 0 -59.0008 357.9601 169.4157 -159.3482 11.9065 21.8730 100.0000 stroke6
movl 0 -59.8058 357.7626 169.8089 -160.1099 11.2440 21.3799 100.0000 stroke6
movl 0 -62.1592 356.3807 170.0770 -160.1243 10.2671 21.0128 100.0000 stroke6
movl 0 -62.2935 356.0000 170.2152 -160.1253 9.6422 20.2231 100.0000 stroke6
movl 0 -59.9954 356.2818 170.6599 -160.2473 9.3426 19.0994 100.0000 stroke6
movl 0 -57.0291 356.7812 170.9069 -160.3198 9.2894 18.1022 100.0000 stroke6
movl 0 -55.3799 357.4382 171.1506 -160.5981 9.1252 17.2363 100.0000 stroke6
movl 0 -54.0016 357.7065 171.3574 -160.7395 8.8797 16.5330 100.0000 stroke6
movl 0 -52.0594 358.1599 171.5469 -160.8959 8.8113 15.7829 100.0000 stroke6
movl 0 -50.2819 358.6057 171.6730 -161.0872 8.6845 14.8818 100.0000 stroke6
movl 0 -48.7324 358.9826 171.8616 -161.2789 8.5236 14.1972 100.0000 stroke6
movl 0 -47.2350 359.2266 172.0539 -161.4107 8.1930 13.3435 100.0000 stroke6
movl 0 -46.1162 359.6704 172.2059 -161.6430 7.8142 12.4673 100.0000 stroke6
movl 0 -45.1359 360.3342 172.3292 -161.9437 7.4024 11.3788 100.0000 stroke6
movl 0 -43.9996 361.2361 172.3258 -162.3274 6.9059 10.1352 100.0000 stroke6
movl 0 -43.1123 362.2821 172.2304 -162.7488 6.5622 8.9699 100.0000 stroke6
movl 0 -41.5783 363.0414 172.1847 -163.0284 6.3502 7.8782 100.0000 stroke6
movl 0 -40.5710 364.0365 172.0694 -163.4497 5.9709 6.8006 100.0000 stroke6
movl 0 -41.1054 365.0676 171.9686 -163.9381 5.2310 5.5015 100.0000 stroke6
movl 0 -40.3572 366.0345 171.8715 -164.2480 5.1568 4.6928 100.0000 stroke6
movl 0 -37.6811 364.4114 172.6707 -163.3628 6.4627 5.3055 100.0000 stroke6
movl 0 -35.5278 363.7134 173.1330 -162.7737 7.1369 5.2822 100.0000 stroke6
movl 0 -34.1465 362.8729 173.5914 -162.3020 7.7027 5.2543 100.0000 stroke6
movl 0 -33.1373 362.3657 173.8815 -161.9873 8.0292 5.0966 100.0000 stroke6
movl 0 -33.1461 362.9867 173.8054 -162.4310 7.9986 4.9839 100.0000 stroke6
movl 0 -33.1921 363.5738 173.9913 -163.2515 8.0156 4.4813 100.0000 stroke6
movl 0 -33.3474 364.5316 174.2146 -164.2873 8.0648 3.7955 100.0000 stroke6
movl 0 -33.3235 365.0438 174.4873 -165.0457 8.1281 3.1863 100.0000 stroke6
movl 0 -32.7501 364.8657 174.5510 -165.2314 8.5032 3.0120 100.0000 stroke6
movl 0 -30.7270 364.6780 174.2741 -164.7595 10.0246 4.1646 100.0000 stroke6
movl 0 -29.4032 364.3109 174.2297 -164.1993 10.7479 4.7738 100.0000 stroke6
movl 0 -15.9639 360.9901 175.7564 -159.3688 17.6924 11.7151 100.0000 stroke6
movl 0 -9.6916 338.1168 236.0509 -136.3082 15.7023 33.0713 100.0000 stroke6
movl 0 7.5161 395.6551 204.8571 -159.8380 32.7348 14.2918 100.0000 stroke7
movl 0 4.0468 384.6043 170.7591 -165.3363 28.4579 9.3197 100.0000 stroke7
movl 0 -2.8090 381.8644 171.9167 -164.1910 24.1786 9.4517 100.0000 stroke7
movl 0 -8.0604 379.8365 172.0098 -163.9869 21.8826 9.3860 100.0000 stroke7
movl 0 -8.1273 379.9924 171.4505 -163.8251 21.4137 9.0047 100.0000 stroke7
movl 0 -9.2146 381.8306 170.3759 -164.1115 21.1269 8.8328 100.0000 stroke7
movl 0 -10.8930 385.3173 169.2442 -166.3570 20.7545 8.1641 100.0000 stroke7
movl 0 -11.7147 387.8654 168.6022 -168.5845 20.8871 7.1714 100.0000 stroke7
movl 0 -12.5070 386.9191 168.9876 -168.7852 21.1717 7.2815 100.0000 stroke7
movl 0 -13.6641 385.9655 169.2430 -168.9424 21.3044 7.6019 100.0000 stroke7
movl 0 -14.8693 385.1249 169.4098 -169.4136 21.5049 7.6358 100.0000 stroke7
movl 0 -16.9081 384.1164 169.3814 -169.7417 21.5942 8.1799 100.0000 stroke7
movl 0 -18.9436 382.8801 169.4302 -169.8605 21.6817 9.0708 100.0000 stroke7
movl 0 -20.7373 381.8384 169.4771 -169.9657 21.6946 9.5561 100.0000 stroke7
movl 0 -21.6816 381.3290 169.4848 -170.1291 21.8910 9.8941 100.0000 stroke7
movl 0 -23.3468 380.3987 169.5336 -170.2459 21.9192 10.3505 100.0000 stroke7
movl 0 -25.4273 379.2943 169.6080 -170.3848 21.9568 10.9420 100.0000 stroke7
movl 0 -28.2397 378.1058 169.5931 -170.4440 21.8854 11.8574 100.0000 stroke7
movl 0 -30.2596 377.1762 169.6002 -170.4872 21.9234 12.4966 100.0000 stroke7
movl 0 -31.5899 376.3343 169.6658 -170.4087 22.0366 12.9919 100.0000 stroke7
movl 0 -32.6186 375.8237 169.7489 -170.3310 22.0470 13.3015 100.0000 stroke7
movl 0 -32.7711 375.6726 169.7637 -170.2804 22.1536 13.4986 100.0000 stroke7
movl 0 -33.1190 375.3676 169.8682 -170.2215 22.1907 13.6354 100.0000 stroke7
movl 0 -33.4171 375.0897 169.8813 -170.1611 22.3708 13.9368 100.0000 stroke7
movl 0 -33.8273 374.8716 169.9037 -170.0831 22.5402 14.2656 100.0000 stroke7
movl 0 -34.2257 374.6260 169.8983 -169.9508 22.7193 14.6150 100.0000 stroke7
movl 0 -34.7362 374.4627 169.8718 -169.8920 22.7990 14.8258 100.0000 stroke7
movl 0 -34.8774 374.5101 169.8574 -169.8616 22.9071 14.9219 100.0000 stroke7
movl 0 -35.1261 374.5188 169.8855 -169.8289 22.9130 14.9681 100.0000 stroke7
movl 0 -35.2204 374.5492 169.9113 -169.7902 22.9757 15.0686 100.0000 stroke7
movl 0 -35.7936 374.4329 169.9785 -169.6955 22.9546 15.3453 100.0000 stroke7
movl 0 -35.8190 374.4455 169.9509 -169.6506 23.0625 15.4595 100.0000 stroke7
movl 0 -32.1668 374.2868 180.7589 -164.7424 26.9710 19.6025 100.0000 stroke7
movl 0 -7.7743 373.8018 247.3948 -136.1244 -12.6178 73.3809 100.0000 stroke8
movl 0 2.1634 377.7415 179.7146 -143.2752 8.9940 63.1913 100.0000 stroke8
movl 0 -5.4323 366.5547 168.9872 -147.5507 5.4574 59.3900 100.0000 stroke8
movl 0 -13.4771 364.6478 170.8288 -151.1630 6.1175 55.0447 100.0000 stroke8
movl 0 -17.6593 363.2886 169.4583 -152.1416 5.0912 54.2103 100.0000 stroke8
movl 0 -18.8754 363.8505 168.0813 -151.6179 4.7963 54.9346 100.0000 stroke8
movl 0 -21.6000 365.4289 166.8620 -152.5371 5.1789 54.8479 100.0000 stroke8
movl 0 -23.4819 368.8834 167.3887 -155.4671 7.5994 52.1773 100.0000 stroke8
movl 0 -23.6699 370.4348 167.4556 -156.7555 9.4095 50.5701 100.0000 stroke8
movl 0 -23.3648 372.0499 167.9217 -158.5297 11.7855 48.3658 100.0000 stroke8
movl 0 -23.6566 373.8070 168.5396 -160.9257 14.2361 45.6511 100.0000 stroke8
movl 0 -23.7821 373.7503 168.6393 -161.3461 14.4674 44.8969 100.0000 stroke8
movl 0 -24.3437 374.3804 168.6873 -162.4363 15.1280 44.0005 100.0000 stroke8
movl 0 -25.0865 374.0018 168.8619 -163.4305 15.8028 43.2961 100.0000 stroke8
movl 0 -24.9775 372.4984 169.3740 -163.1602 15.5230 42.6986 100.0000 stroke8
movl 0 -24.3872 371.9740 169.4358 -162.8793 15.4254 42.3715 100.0000 stroke8
movl 0 -25.6713 372.3048 169.3251 -164.0097 15.8753 42.2464 100.0000 stroke8
movl 0 -26.2601 371.4913 169.5195 -163.9197 15.5161 42.3075 100.0000 stroke8
movl 0 -26.4473 370.8341 169.7737 -163.5828 15.0642 42.3901 100.0000 stroke8
movl 0 -25.9794 370.3438 169.9932 -163.2791 15.0335 42.4526 100.0000 stroke8
movl 0 -25.7455 369.7676 170.0866 -163.4070 15.1680 42.5389 100.0000 stroke8
movl 0 -25.5228 369.5641 170.1621 -163.2781 15.1444 42.7115 100.0000 stroke8
movl 0 -26.1610 368.7411 170.3498 -162.5554 14.1843 42.9464 100.0000 stroke8
movl 0 -25.7806 368.4445 170.3092 -161.4669 13.3232 43.4414 100.0000 stroke8
movl 0 -25.0767 368.7098 170.2947 -160.8238 12.9986 43.6548 100.0000 stroke8
movl 0 -24.2567 368.5359 170.3740 -159.9317 12.4331 43.8014 100.0000 stroke8
movl 0 -19.3506 362.4897 175.7216 -153.9419 9.1554 45.3074 100.0000 stroke8
movl 0 -11.4027 345.2543 229.9491 -139.7186 -6.5531 53.9325 100.0000 stroke8
movl 0 -8.0581 344.7191 241.6844 -142.0523 -24.2066 73.2408 100.0000 stroke9
movl 0 -7.5766 353.3668 181.8298 -146.6428 -9.6289 69.3397 100.0000 stroke9
movl 0 -14.5519 348.1661 171.4887 -150.4326 -7.8613 67.2486 100.0000 stroke9
movl 0 -22.5513 347.5103 169.6470 -152.9675 -9.0065 68.4319 100.0000 stroke9
movl 0 -24.9842 347.5576 168.4913 -153.6312 -10.0502 69.8305 100.0000 stroke9
movl 0 -25.4778 348.6993 167.4520 -153.7707 -10.2085 70.8421 100.0000 stroke9
movl 0 -28.5017 349.3697 167.7602 -155.9361 -10.1018 69.9062 100.0000 stroke9
movl 0 -29.6377 349.7341 168.0353 -156.7194 -10.0112 68.9414 100.0000 stroke9
movl 0 -28.4623 350.9837 168.1527 -157.0711 -9.5351 67.5873 100.0000 stroke9
movl 0 -26.5167 352.4643 168.3147 -157.3116 -8.9504 66.0050 100.0000 stroke9
movl 0 -24.1453 354.1898 168.3954 -157.4280 -8.1350 64.6853 100.0000 stroke9
movl 0 -18.5146 354.3802 168.8882 -155.2179 -7.0257 64.3393 100.0000 stroke9
movl 0 -16.0970 358.6979 167.9916 -155.2948 -4.9829 63.7501 100.0000 stroke9
movl 0 -12.5512 365.5572 167.2540 -156.4866 -0.4021 61.0602 100.0000 stroke9
movl 0 -7.8673 372.3516 166.0797 -156.5796 3.6373 59.4039 100.0000 stroke9
movl 0 -5.0546 375.9778 165.2460 -156.0127 6.0460 59.5758 100.0000 stroke9
movl 0 -3.4650 377.6200 164.9164 -156.0923 7.6403 59.0557 100.0000 stroke9
movl 0 -3.1834 377.8412 165.3786 -156.5841 8.6926 58.1574 100.0000 stroke9
movl 0 -3.3916 378.3468 165.8946 -157.3374 10.1496 56.9468 100.0000 stroke9
movl 0 -3.9044 378.8742 166.3537 -158.2890 11.5699 55.7513 100.0000 stroke9
movl 0 -4.3886 379.8024 166.6701 -159.4127 12.8448 54.5618 100.0000 stroke9
movl 0 -4.5988 380.6786 166.8578 -160.3119 14.0308 53.6777 100.0000 stroke9
movl 0 -5.0403 381.5546 166.9779 -161.3872 15.1541 52.7161 100.0000 stroke9
movl 0 -5.4441 382.5694 167.1235 -162.5241 16.2567 51.6669 100.0000 stroke9
movl 0 -5.5627 383.3621 167.1192 -163.3549 17.1636 50.9603 100.0000 stroke9
movl 0 -6.3492 384.0393 167.1441 -164.2361 17.7400 50.7605 100.0000 stroke9
movl 0 -7.4051 383.6652 167.3209 -164.7636 18.0432 50.9081 100.0000 stroke9
movl 0 -6.3581 381.3724 168.3161 -163.5146 17.0964 51.0819 100.0000 stroke9
movl 0 -4.3128 378.6340 169.1161 -161.8515 15.8159 51.2367 100.0000 stroke9
movl 0 -4.3707 378.4727 169.2001 -161.9045 15.6840 51.2516 100.0000 stroke9
movl 0 -4.8273 379.5393 168.9328 -162.7817 16.4563 51.2397 100.0000 stroke9
movl 0 -5.2334 379.3925 169.1225 -163.2189 16.6257 51.3235 100.0000 stroke9
movl 0 -2.4438 376.1739 170.2121 -161.1555 15.2044 51.0912 100.0000 stroke9
movl 0 -2.9012 376.5746 169.9896 -161.4129 15.2332 51.1603 100.0000 stroke9
movl 0 -5.0401 378.7647 169.1966 -163.0962 16.6165 51.7758 100.0000 stroke9
movl 0 -3.5238 376.7527 169.8399 -161.5016 15.5854 51.7587 100.0000 stroke9
movl 0 -1.8822 359.4926 179.3444 -150.9649 5.6532 54.5071 100.0000 stroke9
movl 0 -14.4031 324.5143 249.6231 -137.4967 -24.5603 62.7551 100.0000 stroke9
movl 0 0.0283 357.9160 201.8635 -142.4161 -6.6783 66.7481 100.0000 stroke10
movl 0 -4.3121 352.2586 169.3885 -148.6378 -0.4959 63.2029 100.0000 stroke10
movl 0 -18.7928 347.9733 172.0350 -153.0997 -1.8483 63.0355 100.0000 stroke10
movl 0 -25.1997 343.6557 171.4414 -153.4724 -3.5937 63.7861 100.0000 stroke10
movl 0 -27.6545 344.3885 169.7670 -153.5570 -4.1663 64.0704 100.0000 stroke10
movl 0 -29.4780 345.0842 168.7925 -153.9576 -4.4258 64.4329 100.0000 stroke10
movl 0 -33.1460 344.2352 168.7519 -155.6701 -5.4013 64.7211 100.0000 stroke10
movl 0 -34.8317 343.3001 169.0412 -156.4603 -6.1105 64.7259 100.0000 stroke10
movl 0 -35.7298 343.0160 169.0134 -156.9649 -6.6990 64.8323 100.0000 stroke10
movl 0 -35.7394 343.3335 169.0780 -157.4462 -6.8734 64.5333 100.0000 stroke10
movl 0 -35.3287 343.7180 169.1646 -157.7978 -6.9642 64.0490 100.0000 stroke10
movl 0 -35.0381 344.2689 169.1472 -158.3130 -7.0226 63.4054 100.0000 stroke10
movl 0 -34.4691 344.8893 169.1992 -158.6594 -6.9553 62.6896 100.0000 stroke10
movl 0 -34.3006 343.3541 169.7344 -157.9601 -7.3237 62.9069 100.0000 stroke10
movl 0 -32.8604 342.2243 170.0330 -157.1169 -7.7949 62.7298 100.0000 stroke10
movl 0 -32.1402 341.9088 170.1904 -156.7471 -7.8112 62.6028 100.0000 stroke10
movl 0 -31.7624 342.0293 170.2405 -156.7940 -7.7253 62.6068 100.0000 stroke10
movl 0 -32.0814 343.0229 170.3540 -157.5843 -6.7249 62.7262 100.0000 stroke10
movl 0 -32.0504 343.8940 170.4121 -158.1727 -5.9654 62.6076 100.0000 stroke10
movl 0 -32.2048 343.8368 170.2776 -157.8320 -5.8153 63.0214 100.0000 stroke10
movl 0 -30.7551 342.2161 170.5598 -156.1115 -6.2650 63.9741 100.0000 stroke10
movl 0 -22.0104 335.8033 199.7570 -147.7665 -9.9568 64.3830 100.0000 stroke10
movl 0 -8.2976 345.5712 239.7576 -143.3657 -7.0461 68.5264 100.0000 stroke11
movl 0 -10.9689 345.9859 185.0056 -149.4005 -0.4974 65.7808 100.0000 stroke11
movl 0 -17.8352 341.5119 176.5193 -152.7285 -0.9520 64.9239 100.0000 stroke11
movl 0 -24.6765 343.0357 173.3570 -154.3912 -1.4881 65.1231 100.0000 stroke11
movl 0 -27.8423 343.3070 172.2849 -155.1437 -1.8309 65.2618 100.0000 stroke11
movl 0 -28.7261 343.8086 171.8123 -155.5167 -1.8453 64.9786 100.0000 stroke11
movl 0 -31.4985 343.8052 171.7107 -156.9612 -2.2141 64.5872 100.0000 stroke11
movl 0 -32.8236 343.7817 172.1700 -157.8705 -2.1380 63.9281 100.0000 stroke11
movl 0 -34.3567 343.1936 172.1879 -158.4349 -2.7808 63.5757 100.0000 stroke11
movl 0 -33.9142 343.4201 172.3000 -158.7970 -2.8606 63.0232 100.0000 stroke11
movl 0 -33.6044 343.8825 172.5238 -159.5047 -2.8752 62.0258 100.0000 stroke11
movl 0 -32.7924 344.1318 172.6183 -160.0508 -2.9984 61.5391 100.0000 stroke11
movl 0 -31.7275 344.4493 172.7876 -160.7041 -3.3165 60.3657 100.0000 stroke11
movl 0 -31.8180 344.4195 172.9296 -160.8800 -3.3411 59.9916 100.0000 stroke11
movl 0 -31.5625 343.4705 173.3100 -160.4420 -3.4429 60.1753 100.0000 stroke11
movl 0 -30.8722 343.5764 173.2658 -160.9351 -3.2534 59.8549 100.0000 stroke11
movl 0 -31.5932 343.6263 173.3885 -160.7198 -3.2802 60.1638 100.0000 stroke11
movl 0 -31.2946 343.7038 173.4120 -160.5376 -3.1397 60.2551 100.0000 stroke11
movl 0 -31.5599 343.8791 173.3799 -160.4994 -3.0781 60.3223 100.0000 stroke11
movl 0 -31.6826 343.8686 173.4227 -160.4236 -3.0256 60.3707 100.0000 stroke11
movl 0 -32.7240 342.9145 173.4354 -160.4350 -3.2737 60.6198 100.0000 stroke11
movl 0 -32.0106 339.3482 173.9988 -159.3062 -4.3137 60.4376 100.0000 stroke11
movl 0 -28.7546 337.5781 190.5283 -157.3248 -5.7718 60.3029 100.0000 stroke11
