movl 0 -35.4704 380.8009 182.7415 -156.8525 18.9426 22.8939 100.0000 stroke1
movl 0 -38.1829 383.6052 180.8471 -156.7171 17.4546 25.2843 100.0000 stroke1
movl 0 -39.0734 385.1884 180.2984 -157.2551 16.4686 26.9297 100.0000 stroke1
movl 0 -40.0336 386.1914 179.8585 -158.3569 16.3100 26.3934 100.0000 stroke1
movl 0 -40.4369 386.4689 179.5844 -158.6031 15.5875 25.6983 100.0000 stroke1
movl 0 -39.7756 386.6915 179.9355 -158.9998 15.7655 24.8970 100.0000 stroke1
movl 0 -42.3257 385.8394 179.5396 -158.8514 15.7656 26.2489 100.0000 stroke1
movl 0 -45.0711 385.9278 178.4264 -158.8338 15.5397 27.5745 100.0000 stroke1
movl 0 -47.4119 386.4062 177.5817 -159.3618 14.8536 28.3683 100.0000 stroke1
movl 0 -49.5659 386.6457 176.8863 -159.6370 14.6136 28.7204 100.0000 stroke1
movl 0 -50.2393 386.8033 176.5185 -159.8235 14.7873 28.8156 100.0000 stroke1
movl 0 -52.0270 386.8332 176.3803 -160.3901 14.0505 28.4518 100.0000 stroke1
movl 0 -53.9000 387.3045 176.2577 -161.1963 13.2678 27.8222 100.0000 stroke1
movl 0 -55.2459 387.2621 176.2859 -161.6712 12.6534 27.2115 100.0000 stroke1
movl 0 -56.4818 387.6038 176.2937 -162.3773 12.2200 26.4263 100.0000 stroke1
movl 0 -57.6939 387.5203 176.5224 -163.0699 11.8738 25.2345 100.0000 stroke1
movl 0 -59.7909 387.2600 176.7519 -163.3793 11.5239 23.2148 100.0000 stroke1
movl 0 -60.9058 387.2883 176.7423 -163.7409 11.3227 21.3645 100.0000 stroke1
movl 0 -61.6479 387.0538 176.9166 -163.9879 11.1486 19.3400 100.0000 stroke1
movl 0 -62.4456 387.0613 177.0616 -164.3758 10.7976 17.7476 100.0000 stroke1
movl 0 -63.0858 386.9635 177.1274 -164.6433 10.4150 16.6509 100.0000 stroke1
movl 0 -63.4817 387.0305 177.2639 -164.8897 10.0237 15.4230 100.0000 stroke1
movl 0 -63.1413 387.3912 177.5040 -165.1789 9.6616 14.2490 100.0000 stroke1
movl 0 -62.9342 387.3827 177.8294 -165.2934 9.1076 13.3648 100.0000 stroke1
movl 0 -62.7740 387.8295 178.0052 -165.5585 8.6779 12.3551 100.0000 stroke1
movl 0 -62.6243 388.2215 178.0745 -165.8456 8.2278 11.0004 100.0000 stroke1
movl 0 -62.5699 388.9960 178.1315 -166.2036 7.5478 9.2587 100.0000 stroke1
movl 0 -64.2442 389.8790 178.3356 -166.6904 6.4605 7.4209 100.0000 stroke1
movl 0 -63.9646 390.3625 178.3420 -166.8089 6.0057 5.9239 100.0000 stroke1
movl 0 -63.5212 391.0227 178.3232 -166.9941 5.5863 4.5464 100.0000 stroke1
movl 0 -63.5498 391.5460 178.1434 -167.1104 5.0467 3.4118 100.0000 stroke1
movl 0 -62.5882 392.2785 178.0495 -167.1797 4.5787 1.9860 100.0000 stroke1
movl 0 -61.6696 392.0846 178.2396 -167.0939 4.9798 1.9303 100.0000 stroke1
movl 0 -59.0213 389.6398 179.1973 -165.9902 6.0564 2.6033 100.0000 stroke1
movl 0 -58.4541 388.1017 180.0264 -165.2763 6.3757 2.9528 100.0000 stroke1
movl 0 -57.6457 387.3598 180.5223 -164.8943 6.7031 3.0569 100.0000 stroke1
movl 0 -57.1754 386.9114 180.8289 -164.6397 6.8183 3.2136 100.0000 stroke1
movl 0 -56.7018 386.7331 180.9916 -164.5827 6.9005 3.2438 100.0000 stroke1
movl 0 -56.5884 386.5646 181.0530 -164.5732 6.9981 3.1887 100.0000 stroke1
movl 0 -56.6992 386.9903 181.0689 -165.2197 7.0034 2.8183 100.0000 stroke1
movl 0 -56.7164 387.9125 180.8948 -166.1426 7.0699 1.9497 100.0000 stroke1
movl 0 -56.7468 388.7740 180.6361 -166.9205 7.1728 1.1818 100.0000 stroke1
movl 0 -56.1440 389.0004 180.6540 -167.3982 7.3759 0.7220 100.0000 stroke1
movl 0 -55.7962 388.6824 180.6687 -167.3974 7.7972 1.1996 100.0000 stroke1
movl 0 -54.3134 388.3629 180.8602 -167.0207 8.8564 2.3320 100.0000 stroke1
movl 0 -53.9581 388.3745 180.9084 -166.8805 9.2434 2.8352 100.0000 stroke1
movl 0 -52.5407 386.4303 182.6019 -166.0483 10.0856 3.9234 100.0000 stroke1
movl 0 -51.2186 374.9460 205.6651 -160.5450 11.6009 9.5734 100.0000 stroke1
movl 0 -32.7057 373.4129 218.9166 -156.2435 12.8281 36.0490 100.0000 stroke2
movl 0 -42.5826 367.5041 190.3422 -158.0484 11.1586 34.0889 100.0000 stroke2
movl 0 -53.4814 364.1307 186.4920 -158.6684 9.0996 34.4113 100.0000 stroke2
movl 0 -59.2520 365.0498 183.0490 -159.1194 8.4319 34.4659 100.0000 stroke2
movl 0 -61.3549 367.2441 180.8140 -159.6112 8.2762 34.5533 100.0000 stroke2
movl 0 -62.8353 367.7832 179.7165 -159.8286 8.4300 34.8127 100.0000 stroke2
movl 0 -65.3941 367.6316 179.1825 -160.4650 7.9660 34.5579 100.0000 stroke2
movl 0 -67.9232 368.8133 178.4094 -161.8403 7.4304 33.5563 100.0000 stroke2
movl 0 -71.0158 369.1264 178.0104 -163.0972 6.7919 32.0083 100.0000 stroke2
movl 0 -72.7742 369.9308 178.0006 -164.6956 6.8383 30.0266 100.0000 stroke2
movl 0 -74.4448 369.3944 178.2043 -165.0716 6.4932 28.9877 100.0000 stroke2
movl 0 -76.2994 369.8136 178.5787 -165.1862 6.4427 25.5259 100.0000 stroke2
movl 0 -77.9133 370.8750 178.4155 -165.7024 6.3989 21.9768 100.0000 stroke2
movl 0 -77.8226 371.0996 178.4063 -165.9803 6.1251 21.2141 100.0000 stroke2
movl 0 -76.5601 371.1723 178.6602 -165.9501 5.9678 21.1543 100.0000 stroke2
movl 0 -74.0036 371.3067 178.7136 -165.7719 5.9086 20.4134 100.0000 stroke2
movl 0 -72.8167 371.9267 178.9014 -166.0370 5.5486 19.5975 100.0000 stroke2
movl 0 -71.3911 372.5995 179.2346 -166.3351 4.9613 18.3518 100.0000 stroke2
movl 0 -70.6855 373.7699 179.0543 -166.8131 4.0620 16.8255 100.0000 stroke2
movl 0 -71.1061 375.4795 178.8201 -167.5158 3.0869 15.3700 100.0000 stroke2
movl 0 -70.6882 377.0050 178.7390 -168.0838 2.3040 13.7023 100.0000 stroke2
movl 0 -69.7610 378.2621 178.5976 -168.4985 1.6791 11.9960 100.0000 stroke2
movl 0 -69.8034 379.6246 178.2411 -168.9795 0.8020 10.0546 100.0000 stroke2
movl 0 -70.4866 380.5553 177.8563 -169.4068 -0.1818 8.3751 100.0000 stroke2
movl 0 -70.0184 381.2499 177.6394 -169.5338 -0.5058 6.9631 100.0000 stroke2
movl 0 -69.6930 382.5180 176.8597 -169.7396 -1.1654 5.2596 100.0000 stroke2
movl 0 -67.9652 380.9447 177.5422 -169.0924 -0.2498 5.6218 100.0000 stroke2
movl 0 -63.9698 378.0804 179.0338 -167.4990 1.2585 6.0852 100.0000 stroke2
movl 0 -63.0257 376.4958 180.2244 -166.6489 1.7882 6.1346 100.0000 stroke2
movl 0 -62.4895 376.1335 180.7708 -166.3828 1.9805 6.0549 100.0000 stroke2
movl 0 -61.6942 376.0332 181.2098 -166.3146 2.0881 5.8358 100.0000 stroke2
movl 0 -60.9087 375.9511 181.5128 -166.2018 2.1900 5.5822 100.0000 stroke2
movl 0 -60.6006 376.2239 181.7151 -166.4354 2.3494 5.2938 100.0000 stroke2
movl 0 -60.8100 376.3923 181.7456 -167.0180 2.3796 4.7719 100.0000 stroke2
movl 0 -61.5380 376.6767 181.7797 -167.9313 2.3889 3.5489 100.0000 stroke2
movl 0 -61.6385 377.3064 181.6340 -168.8915 2.5641 1.9813 100.0000 stroke2
movl 0 -61.5631 378.0486 181.7014 -169.9915 2.7419 0.2935 100.0000 stroke2
movl 0 -60.1656 376.5522 182.5664 -169.4155 3.4126 -0.1963 100.0000 stroke2
movl 0 -59.0721 376.3083 182.8585 -169.3979 3.6459 -0.3804 100.0000 stroke2
movl 0 -58.7516 375.7751 183.0452 -169.4558 3.9374 -0.2150 100.0000 stroke2
movl 0 -57.7837 375.0793 183.4187 -169.0202 5.3210 0.9710 100.0000 stroke2
movl 0 -55.7915 374.1425 184.4178 -168.4212 7.0614 1.8209 100.0000 stroke2
movl 0 -48.5754 365.9307 202.1051 -162.6727 12.3839 7.3463 100.0000 stroke2
movl 0 -27.5630 389.6967 202.4896 -147.4533 -2.8391 71.6934 100.0000 stroke3
movl 0 -31.7604 387.5088 183.1850 -149.7447 -6.9686 73.4406 100.0000 stroke3
movl 0 -38.7496 386.2219 179.1146 -152.5445 -10.5972 74.4315 100.0000 stroke3
movl 0 -40.9228 387.6419 175.7943 -154.6183 -12.1865 77.4678 100.0000 stroke3
movl 0 -41.7138 389.7737 172.6914 -155.3894 -13.0370 79.8995 100.0000 stroke3
movl 0 -42.5473 390.7464 171.0240 -156.1294 -14.1006 82.0791 100.0000 stroke3
movl 0 -44.2560 392.4418 170.0605 -157.2754 -13.2925 82.6800 100.0000 stroke3
movl 0 -45.2309 394.5074 169.8404 -157.8590 -10.8985 81.0989 100.0000 stroke3
movl 0 -44.9299 396.0549 169.6655 -157.9990 -9.3117 79.6514 100.0000 stroke3
movl 0 -44.0383 397.6343 169.8586 -158.1423 -7.4416 77.4588 100.0000 stroke3
movl 0 -42.6034 399.2900 169.6854 -157.8908 -5.9709 75.7635 100.0000 stroke3
movl 0 -42.5965 400.3756 169.7900 -157.6038 -4.0814 73.8483 100.0000 stroke3
movl 0 -43.4556 401.2526 170.3892 -158.2724 -1.8852 71.0362 100.0000 stroke3
movl 0 -44.0049 401.6733 171.0602 -158.7808 -0.1080 68.8555 100.0000 stroke3
movl 0 -44.9859 401.4358 171.8312 -159.3275 1.2724 66.5606 100.0000 stroke3
movl 0 -45.3987 401.3114 172.4153 -159.7926 2.7047 64.5309 100.0000 stroke3
movl 0 -46.4484 402.0744 173.2389 -160.7512 3.9629 62.7071 100.0000 stroke3
movl 0 -46.6779 402.3661 173.6019 -161.4153 5.5460 60.5021 100.0000 stroke3
movl 0 -47.2236 402.4152 173.7789 -161.9554 6.5304 58.9033 100.0000 stroke3
movl 0 -47.5769 402.5985 174.0067 -162.6369 7.7455 57.0230 100.0000 stroke3
movl 0 -47.8985 402.4753 174.2682 -163.2476 8.5721 55.6408 100.0000 stroke3
movl 0 -48.4056 402.8859 174.6264 -164.1670 9.7802 54.0643 100.0000 stroke3
movl 0 -48.7553 402.9988 174.8693 -164.8607 10.7217 52.6679 100.0000 stroke3
movl 0 -49.2393 403.3157 175.6010 -165.8500 12.1567 50.4730 100.0000 stroke3
movl 0 -49.7167 403.4270 175.7843 -166.9155 13.3127 48.3221 100.0000 stroke3
movl 0 -50.4587 403.5495 175.6151 -167.7432 14.0811 46.9498 100.0000 stroke3
movl 0 -50.9381 403.6014 175.6442 -168.7624 15.0643 45.1347 100.0000 stroke3
movl 0 -51.5579 403.6271 175.5674 -169.4418 15.5898 44.3026 100.0000 stroke3
movl 0 -52.2637 403.2712 175.6429 -170.0287 15.8928 43.5927 100.0000 stroke3
movl 0 -52.9708 403.0046 175.6695 -170.6339 16.2360 42.8082 100.0000 stroke3
movl 0 -53.8302 402.6950 175.5844 -171.0703 16.3523 42.3743 100.0000 stroke3
movl 0 -54.5711 402.3853 175.5107 -171.5174 16.4677 41.8322 100.0000 stroke3
movl 0 -55.1636 402.1496 175.4665 -172.0544 16.6852 41.1983 100.0000 stroke3
movl 0 -55.9300 401.9104 175.3969 -172.6778 17.0597 40.5089 100.0000 stroke3
movl 0 -56.8562 401.4487 175.4598 -173.0421 17.1655 40.3523 100.0000 stroke3
movl 0 -57.2217 401.3968 175.3651 -173.4857 17.5394 39.7490 100.0000 stroke3
movl 0 -58.2042 401.5673 175.1219 -173.9655 17.8521 39.9736 100.0000 stroke3
movl 0 -59.3993 401.5725 174.9393 -174.3645 18.0490 40.3286 100.0000 stroke3
movl 0 -60.3154 401.3973 174.8141 -174.6940 18.2234 40.4894 100.0000 stroke3
movl 0 -62.1200 401.1567 174.4871 -174.9922 18.3015 41.1786 100.0000 stroke3
movl 0 -64.4716 399.9317 174.6230 -174.9590 18.0415 42.2049 100.0000 stroke3
movl 0 -61.6948 400.5786 175.2316 -174.6154 18.0967 41.8222 100.0000 stroke3
movl 0 -59.3807 400.1886 176.2726 -174.2467 17.6860 41.3989 100.0000 stroke3
movl 0 -59.4512 399.8957 176.3032 -174.2940 17.6971 41.3649 100.0000 stroke3
movl 0 -59.5139 399.7261 176.3471 -174.5775 17.9243 41.2537 100.0000 stroke3
movl 0 -59.7081 399.9080 176.3161 -175.0293 18.2213 41.2626 100.0000 stroke3
movl 0 -58.9302 398.4303 177.3776 -174.0114 17.5419 41.5733 100.0000 stroke3
movl 0 -55.6978 396.1306 179.1082 -171.9599 16.8953 41.5385 100.0000 stroke3
movl 0 -55.2379 396.0565 179.1902 -171.8805 17.0056 41.3680 100.0000 stroke3
movl 0 -55.8130 396.9141 178.9019 -172.9144 17.5429 40.9456 100.0000 stroke3
movl 0 -56.8264 396.7470 178.9362 -173.4793 17.5856 40.7379 100.0000 stroke3
movl 0 -54.9131 395.2910 179.9104 -172.1408 17.0853 40.7139 100.0000 stroke3
movl 0 -55.7003 395.5957 179.7439 -172.8688 17.3990 40.6379 100.0000 stroke3
movl 0 -56.9070 395.4219 179.5383 -173.0685 17.1106 40.6199 100.0000 stroke3
movl 0 -56.2200 394.8044 179.8749 -172.2949 16.7326 40.7399 100.0000 stroke3
movl 0 -55.9166 394.7391 180.0307 -171.8339 16.4257 40.8342 100.0000 stroke3
movl 0 -54.9713 385.4331 189.2493 -166.9760 13.2389 42.3914 100.0000 stroke3
movl 0 -58.2505 365.8326 247.2292 -157.1299 2.9203 47.9559 100.0000 stroke3
movl 0 -15.9422 396.9952 201.7770 -149.6725 -5.6472 69.8791 100.0000 stroke4
movl 0 -20.0410 398.2498 187.1872 -151.7501 -7.4426 72.6744 100.0000 stroke4
movl 0 -22.6649 399.2279 179.6895 -153.1830 -8.0309 74.9545 100.0000 stroke4
movl 0 -25.1473 400.7569 176.7129 -154.7545 -9.5011 75.4883 100.0000 stroke4
movl 0 -26.4338 403.0423 174.0941 -156.0682 -9.8329 77.9840 100.0000 stroke4
movl 0 -27.7082 405.1355 172.2613 -157.0745 -9.3797 78.6116 100.0000 stroke4
movl 0 -28.4519 408.0124 171.1203 -157.9333 -7.4442 77.3250 100.0000 stroke4
movl 0 -28.0866 409.3023 170.5123 -158.1555 -6.4724 76.1262 100.0000 stroke4
movl 0 -26.9094 410.5370 170.2280 -158.2682 -5.2684 74.5741 100.0000 stroke4
movl 0 -25.8622 411.7090 170.0301 -158.3994 -4.2677 72.9695 100.0000 stroke4
movl 0 -27.5715 412.7913 170.5661 -158.6879 -2.5044 71.5132 100.0000 stroke4
movl 0 -28.5974 413.3290 170.7146 -158.6842 -0.6917 69.5100 100.0000 stroke4
movl 0 -29.5845 413.3871 170.8302 -158.9308 0.3392 67.7434 100.0000 stroke4
movl 0 -29.9889 413.4565 171.3142 -159.3155 1.5681 65.7368 100.0000 stroke4
movl 0 -30.7350 413.4801 171.9041 -159.7858 2.5199 64.3646 100.0000 stroke4
movl 0 -31.3240 413.5954 172.5297 -160.3448 3.4930 63.1629 100.0000 stroke4
movl 0 -32.0711 413.6192 173.0453 -160.9556 4.5891 61.7035 100.0000 stroke4
movl 0 -32.7903 413.9491 173.5541 -161.7809 6.0372 59.8163 100.0000 stroke4
movl 0 -33.0159 414.1385 173.8238 -162.3925 7.2353 58.1978 100.0000 stroke4
movl 0 -33.1730 414.7357 174.2157 -163.2973 8.6527 56.2702 100.0000 stroke4
movl 0 -33.8077 415.3267 174.3174 -164.2137 9.8313 54.5065 100.0000 stroke4
movl 0 -34.3990 415.9173 174.6999 -165.2689 11.1730 52.6454 100.0000 stroke4
movl 0 -34.9936 416.5712 175.1716 -166.2814 12.4618 50.6872 100.0000 stroke4
movl 0 -35.2664 417.3307 175.2492 -167.6000 13.7360 48.6033 100.0000 stroke4
movl 0 -35.7947 417.6318 175.3983 -168.7066 14.4760 46.8503 100.0000 stroke4
movl 0 -36.0902 417.9451 175.5415 -169.8357 15.4149 44.9118 100.0000 stroke4
movl 0 -36.4053 418.1016 175.5998 -170.7851 16.0823 43.3947 100.0000 stroke4
movl 0 -36.6877 418.4889 175.6115 -171.8367 16.7143 41.9569 100.0000 stroke4
movl 0 -37.3270 418.8822 175.4304 -172.9053 17.1888 40.5030 100.0000 stroke4
movl 0 -37.9138 419.2587 175.3859 -174.2424 17.7656 38.6932 100.0000 stroke4
movl 0 -38.6844 419.3756 175.2716 -175.3575 18.1040 37.3274 100.0000 stroke4
movl 0 -39.4281 419.6885 175.0407 -176.4050 18.4452 36.4872 100.0000 stroke4
movl 0 -40.3534 420.1257 174.7512 -177.6044 18.7903 35.5898 100.0000 stroke4
movl 0 -41.3886 420.4073 174.5591 -178.8049 19.1326 34.8652 100.0000 stroke4
movl 0 -42.5912 420.6984 174.2477 -179.8047 19.3857 34.5967 100.0000 stroke4
movl 0 -43.5197 420.9820 174.1006 179.1589 19.5889 33.9295 100.0000 stroke4
movl 0 -44.9421 421.3670 173.6690 178.1147 19.6547 33.5599 100.0000 stroke4
movl 0 -46.2295 421.7646 173.4608 177.0287 19.7737 33.3116 100.0000 stroke4
movl 0 -47.1126 421.9425 173.2749 176.1410 19.8836 32.6700 100.0000 stroke4
movl 0 -48.4005 422.4377 172.8509 174.9826 19.8739 32.1281 100.0000 stroke4
movl 0 -49.6985 422.7741 172.4789 173.9716 19.8452 31.4915 100.0000 stroke4
movl 0 -51.1285 423.0684 172.0801 173.1495 19.9231 31.9394 100.0000 stroke4
movl 0 -53.0839 423.4400 171.4876 172.0760 19.7816 31.7524 100.0000 stroke4
movl 0 -54.8990 423.4183 171.0795 171.4037 19.6237 31.8987 100.0000 stroke4
movl 0 -56.0409 423.6219 170.7308 170.7742 19.6566 32.1548 100.0000 stroke4
movl 0 -56.7868 423.1097 170.8201 170.7082 19.6207 32.5813 100.0000 stroke4
movl 0 -57.5858 422.6956 170.8453 170.5822 19.5939 32.9063 100.0000 stroke4
movl 0 -57.8336 422.3659 170.9448 170.6810 19.6398 33.2618 100.0000 stroke4
movl 0 -58.5433 421.5667 171.2069 171.0047 19.7139 34.1274 100.0000 stroke4
movl 0 -55.1219 421.0646 173.0549 172.1392 19.5461 33.4541 100.0000 stroke4
movl 0 -51.6632 420.8684 174.1920 172.9805 19.4971 33.0463 100.0000 stroke4
movl 0 -52.7632 420.8852 173.7330 172.6067 19.6151 33.1965 100.0000 stroke4
movl 0 -55.4549 420.3309 173.1363 171.9564 19.8369 34.2467 100.0000 stroke4
movl 0 -54.2215 420.0568 174.0002 172.4260 19.7989 34.0117 100.0000 stroke4
movl 0 -50.3254 419.3513 175.8564 173.7385 19.5672 33.3908 100.0000 stroke4
movl 0 -49.5143 419.2755 176.1004 173.8772 19.5812 33.2934 100.0000 stroke4
movl 0 -51.1103 419.1383 175.7003 173.2474 19.7892 33.7745 100.0000 stroke4
movl 0 -52.3771 418.4399 175.7219 173.0944 19.7968 34.3443 100.0000 stroke4
movl 0 -49.8563 417.3896 177.4061 174.1296 19.6425 33.7398 100.0000 stroke4
movl 0 -48.0196 417.5468 177.8108 174.2546 19.6998 33.2431 100.0000 stroke4
movl 0 -49.9846 417.0408 177.8233 173.8017 19.8519 33.8476 100.0000 stroke4
movl 0 -50.0846 416.4623 178.2637 173.9161 19.7566 33.6854 100.0000 stroke4
movl 0 -46.7080 415.9938 179.5440 174.8293 19.7937 32.7938 100.0000 stroke4
movl 0 -47.5314 416.0583 179.3144 174.3710 19.8896 32.8856 100.0000 stroke4
movl 0 -48.7320 415.5429 179.3150 174.3582 19.6304 33.0248 100.0000 stroke4
movl 0 -47.7380 415.6250 179.6276 174.7063 19.6273 32.7140 100.0000 stroke4
movl 0 -47.8364 415.6288 179.6816 174.7399 19.5266 32.3771 100.0000 stroke4
movl 0 -45.9671 411.6683 187.2323 177.1581 18.2264 31.9991 100.0000 stroke4
movl 0 -43.1436 394.9372 247.1391 -174.2786 14.1429 34.2637 100.0000 stroke4
