movl 0 -11.0004 400.5698 215.4282 171.1118 -34.1563 163.0536 100.0000 stroke1
movl 0 -7.9146 401.9669 197.1594 174.7705 -35.0971 160.3187 100.0000 stroke1
movl 0 -7.1378 402.7902 195.0505 175.4368 -35.2876 160.2658 100.0000 stroke1
movl 0 -9.5795 401.5339 189.8435 175.5500 -35.5479 160.5859 100.0000 stroke1
movl 0 -12.1879 399.5010 184.5466 175.3874 -35.8422 160.7862 100.0000 stroke1
movl 0 -13.5968 397.0139 180.4308 174.4356 -35.9716 161.0579 100.0000 stroke1
movl 0 -14.7350 395.5458 176.8484 174.5422 -35.9520 160.8167 100.0000 stroke1
movl 0 -14.7019 394.3824 176.0397 174.4133 -36.1144 160.7658 100.0000 stroke1
movl 0 -14.5358 394.3848 174.7460 174.6528 -36.0281 160.4186 100.0000 stroke1
movl 0 -13.9891 394.5513 173.5017 175.5501 -35.9386 159.5092 100.0000 stroke1
movl 0 -13.9848 394.9332 172.0021 176.8989 -35.5362 158.0182 100.0000 stroke1
movl 0 -13.5701 395.6373 170.8806 178.0423 -35.2481 156.8675 100.0000 stroke1
movl 0 -14.3451 395.8659 170.2343 178.2889 -34.7777 156.3496 100.0000 stroke1
movl 0 -14.2966 396.3683 169.9028 178.6354 -34.6032 156.0701 100.0000 stroke1
movl 0 -13.7691 396.8050 169.6477 179.0527 -34.6701 155.8353 100.0000 stroke1
movl 0 -14.2096 397.3001 169.4452 179.5197 -34.3360 155.6938 100.0000 stroke1
movl 0 -13.5261 397.0276 169.5549 179.6341 -34.5299 155.4490 100.0000 stroke1
movl 0 -13.3240 397.1074 169.5760 179.7822 -34.4905 155.3447 100.0000 stroke1
movl 0 -13.0411 397.1999 169.7244 -179.7591 -34.5211 154.8806 100.0000 stroke1
movl 0 -12.5351 396.9062 170.0767 -179.7894 -34.7460 154.8095 100.0000 stroke1
movl 0 -12.2602 396.5149 170.5901 -179.7413 -34.9512 154.7714 100.0000 stroke1
movl 0 -11.5217 395.4491 171.4014 -179.8070 -35.3809 154.8964 100.0000 stroke1
movl 0 -11.1761 395.8910 171.2485 -179.6004 -35.4230 154.9181 100.0000 stroke1
movl 0 -11.7592 395.9889 170.9735 -179.5021 -35.2612 154.8783 100.0000 stroke1
movl 0 -12.3870 396.3190 170.5998 -179.4434 -35.1086 154.7891 100.0000 stroke1
movl 0 -13.2112 396.8212 170.1034 -179.3136 -34.9223 154.7506 100.0000 stroke1
movl 0 -13.8010 397.1485 169.7027 -179.2572 -34.8333 154.6941 100.0000 stroke1
movl 0 -14.4267 397.3618 169.0852 -179.3632 -34.9321 154.6412 100.0000 stroke1
movl 0 -15.5920 397.1309 169.0134 179.6611 -35.1119 155.3082 100.0000 stroke1
movl 0 -17.8564 397.2748 168.1759 178.7257 -35.0085 155.3066 100.0000 stroke1
movl 0 -19.7125 395.6116 166.8993 177.3327 -35.6617 154.6149 100.0000 stroke1
movl 0 -22.8481 395.9392 167.1799 177.1717 -34.4930 154.8062 100.0000 stroke1
movl 0 -24.7469 398.0700 167.7617 179.7938 -33.1425 150.5705 100.0000 stroke1
movl 0 -25.8572 398.6777 167.4071 179.9836 -32.5478 150.4260 100.0000 stroke1
movl 0 -26.8558 398.9263 167.8875 -178.9467 -31.6161 150.0172 100.0000 stroke1
movl 0 -28.0791 398.6436 167.8588 -178.8464 -31.2358 150.1052 100.0000 stroke1
movl 0 -29.7693 398.6275 167.2820 -179.2732 -30.9408 150.4348 100.0000 stroke1
movl 0 -30.7721 399.0552 166.4228 179.9045 -30.8696 151.7345 100.0000 stroke1
movl 0 -31.3284 399.5494 165.3974 178.2648 -30.8678 154.4921 100.0000 stroke1
movl 0 -34.1237 402.2053 164.5752 179.0798 -29.0527 154.7155 100.0000 stroke1
movl 0 -35.7274 403.3307 164.3168 179.5847 -27.1474 154.2971 100.0000 stroke1
movl 0 -36.5562 404.3042 163.8938 -179.7582 -26.7888 153.9588 100.0000 stroke1
movl 0 -37.4566 404.9210 163.6192 -179.1078 -26.4595 153.7417 100.0000 stroke1
movl 0 -38.1254 404.9276 163.6783 -178.5707 -26.2478 153.2321 100.0000 stroke1
movl 0 -38.2703 404.9206 163.9047 -177.7920 -26.1203 152.5455 100.0000 stroke1
movl 0 -38.6473 404.5776 164.4344 -176.7307 -25.9507 151.6229 100.0000 stroke1
movl 0 -39.0227 403.9221 165.1199 -175.8074 -25.7892 151.1448 100.0000 stroke1
movl 0 -39.8896 402.4554 166.0400 -175.0956 -25.6974 150.9284 100.0000 stroke1
movl 0 -41.5079 401.0646 166.8581 -174.3904 -25.3665 150.8614 100.0000 stroke1
movl 0 -42.6720 399.6345 167.6461 -173.9781 -25.3900 151.2476 100.0000 stroke1
movl 0 -44.1130 398.3425 168.1884 -173.7803 -25.3520 151.9102 100.0000 stroke1
movl 0 -45.4119 397.0268 168.7450 -173.7182 -25.4163 152.3797 100.0000 stroke1
movl 0 -45.9820 396.2820 169.0783 -173.7066 -25.5799 152.5199 100.0000 stroke1
movl 0 -45.9516 395.9020 169.2024 -173.7093 -25.7680 152.5527 100.0000 stroke1
movl 0 -45.8364 395.7701 169.2730 -173.6774 -25.8347 152.4877 100.0000 stroke1
movl 0 -45.3887 395.2157 169.6798 -173.7649 -26.0669 152.3921 100.0000 stroke1
movl 0 -41.2636 393.3361 172.3955 -173.5923 -27.5652 151.8215 100.0000 stroke1
movl 0 -39.4219 385.0603 192.1004 -175.2963 -31.1850 150.4663 100.0000 stroke1
movl 0 -12.6232 407.6101 199.6550 -157.4501 -35.0825 131.9144 100.0000 stroke2
movl 0 -22.1482 401.8326 171.9221 -153.1830 -27.3304 123.4693 100.0000 stroke2
movl 0 -38.5791 393.7803 175.0504 -159.7043 -24.4659 125.1816 100.0000 stroke2
movl 0 -39.8298 395.9695 172.8282 -160.0084 -23.2979 126.9577 100.0000 stroke2
movl 0 -40.8603 398.0817 170.9588 -160.2917 -22.9349 127.4363 100.0000 stroke2
movl 0 -42.4535 400.1730 169.5002 -160.2933 -22.3585 127.3078 100.0000 stroke2
movl 0 -43.7834 401.2890 168.5123 -160.3435 -22.1700 127.5384 100.0000 stroke2
movl 0 -48.0396 401.9046 168.5633 -162.3132 -19.4749 126.1319 100.0000 stroke2
movl 0 -52.3466 402.1833 169.4330 -163.9544 -16.7683 123.6852 100.0000 stroke2
movl 0 -53.4135 402.8022 169.7400 -164.4646 -15.2795 121.9371 100.0000 stroke2
movl 0 -51.6221 402.5555 170.1962 -164.0876 -14.7302 120.8447 100.0000 stroke2
movl 0 -49.6288 401.4636 171.2794 -163.9287 -14.5317 119.9998 100.0000 stroke2
movl 0 -48.2168 400.4899 172.0971 -163.8697 -14.4240 119.5846 100.0000 stroke2
movl 0 -46.8643 399.2309 172.8832 -163.7356 -14.6517 119.4442 100.0000 stroke2
movl 0 -46.0448 398.1781 173.4248 -163.5368 -14.9682 119.6254 100.0000 stroke2
movl 0 -46.0296 398.0719 173.3614 -163.4463 -15.3155 120.1072 100.0000 stroke2
movl 0 -44.3608 396.6746 173.8995 -163.5400 -17.2263 121.9138 100.0000 stroke2
movl 0 -36.4274 389.4274 197.4642 -169.0928 -28.4355 132.1705 100.0000 stroke2
movl 0 -12.3212 422.5948 237.9547 -170.8713 -32.1926 142.9600 100.0000 stroke3
movl 0 -13.8200 410.0666 184.7204 -169.3727 -28.9827 141.2713 100.0000 stroke3
movl 0 -26.5963 400.8513 181.3588 -175.9500 -26.5552 145.9115 100.0000 stroke3
movl 0 -32.8023 400.5038 176.1614 -177.6665 -25.1240 147.9486 100.0000 stroke3
movl 0 -34.9578 400.5224 174.2086 -179.2505 -24.7946 149.2241 100.0000 stroke3
movl 0 -38.3701 403.0140 172.0081 -178.7759 -22.7853 149.5757 100.0000 stroke3
movl 0 -39.7734 405.1851 171.1725 -177.9956 -21.1069 149.2416 100.0000 stroke3
movl 0 -41.1479 405.8420 170.9712 -176.9120 -20.7020 148.3514 100.0000 stroke3
movl 0 -42.7978 405.3731 171.5708 -175.7410 -20.2598 148.0404 100.0000 stroke3
movl 0 -45.1537 404.4500 172.4150 -174.1947 -19.5467 147.7870 100.0000 stroke3
movl 0 -48.1300 403.1824 172.8417 -172.9124 -18.8640 148.7056 100.0000 stroke3
movl 0 -51.7299 401.2525 173.6275 -171.8297 -18.4581 149.6166 100.0000 stroke3
movl 0 -55.7631 398.6941 174.2700 -170.9804 -18.2586 150.8109 100.0000 stroke3
movl 0 -59.3245 395.6265 175.6304 -170.6954 -18.6232 151.9205 100.0000 stroke3
movl 0 -53.4318 390.7379 182.0525 -170.4338 -22.2236 150.3646 100.0000 stroke3
movl 0 -38.5149 376.6862 220.3331 -167.5580 -33.5395 134.4959 100.0000 stroke3
movl 0 -18.1878 394.5074 214.8598 -160.3552 -32.7834 129.5057 100.0000 stroke4
movl 0 -25.6854 384.3432 174.5480 -160.3898 -27.2953 129.9832 100.0000 stroke4
movl 0 -35.1002 379.5492 175.1632 -164.9112 -26.0037 135.3155 100.0000 stroke4
movl 0 -39.2077 381.5186 171.9637 -165.6302 -25.1998 136.5498 100.0000 stroke4
movl 0 -41.9902 383.2318 170.4847 -164.8471 -24.5736 136.4065 100.0000 stroke4
movl 0 -45.2121 385.2116 169.2401 -164.9294 -23.6523 136.6306 100.0000 stroke4
movl 0 -50.4097 384.5348 169.2998 -166.6150 -20.8528 136.5113 100.0000 stroke4
movl 0 -53.0257 383.0358 170.2582 -167.6450 -20.3714 137.2423 100.0000 stroke4
movl 0 -53.7552 382.9994 170.3661 -168.4786 -20.2112 137.4483 100.0000 stroke4
movl 0 -52.4403 383.7284 170.3417 -168.5600 -19.9894 136.7580 100.0000 stroke4
movl 0 -50.5175 383.9155 170.6150 -168.5182 -19.7796 135.6209 100.0000 stroke4
movl 0 -48.4101 384.7746 170.5822 -168.3189 -19.4196 134.2786 100.0000 stroke4
movl 0 -45.6435 385.1091 170.9794 -168.0989 -19.3664 133.0519 100.0000 stroke4
movl 0 -43.2782 385.4995 171.2554 -167.9310 -19.2599 132.0188 100.0000 stroke4
movl 0 -41.1803 385.8623 171.6694 -167.7868 -19.1904 131.1191 100.0000 stroke4
movl 0 -39.5019 386.1282 171.9855 -167.9060 -19.1120 130.6443 100.0000 stroke4
movl 0 -37.0325 386.2154 172.6268 -167.6639 -19.2797 129.9732 100.0000 stroke4
movl 0 -32.4216 384.8218 174.7939 -167.5217 -20.5949 129.6734 100.0000 stroke4
movl 0 -21.3438 377.5062 186.9128 -168.8177 -28.0645 133.0907 100.0000 stroke4
movl 0 -15.5715 364.5285 243.5339 174.9005 -40.3522 149.8884 100.0000 stroke4
movl 0 -10.4975 403.1223 199.7079 -175.1383 -33.5531 161.5060 100.0000 stroke5
movl 0 -19.4349 389.4931 175.0389 -176.8030 -29.2732 160.9631 100.0000 stroke5
movl 0 -32.3192 381.2515 176.7857 175.9151 -24.7456 164.6291 100.0000 stroke5
movl 0 -34.9361 381.8065 175.2585 175.4928 -23.7546 164.7678 100.0000 stroke5
movl 0 -34.9103 382.8318 173.8476 175.0488 -23.6141 164.5105 100.0000 stroke5
movl 0 -37.2983 385.9694 172.1866 176.2462 -22.3934 164.8886 100.0000 stroke5
movl 0 -38.6081 389.3173 171.5593 178.1746 -20.4991 162.9166 100.0000 stroke5
movl 0 -38.8028 390.4863 171.4239 179.1717 -20.0858 161.5410 100.0000 stroke5
movl 0 -39.6088 390.5893 172.0977 -179.5142 -19.9317 161.0439 100.0000 stroke5
movl 0 -41.1515 388.5832 173.3958 -178.9570 -19.6815 161.4524 100.0000 stroke5
movl 0 -42.9530 386.3453 174.7621 -178.5881 -19.6498 161.9557 100.0000 stroke5
movl 0 -43.2995 384.1043 175.9263 -178.8808 -20.1165 163.0215 100.0000 stroke5
movl 0 -41.9637 381.6550 177.8652 -179.4916 -21.2233 163.4677 100.0000 stroke5
movl 0 -33.1236 377.3481 188.8304 177.8835 -25.6301 164.2351 100.0000 stroke5
movl 0 -27.2452 369.2073 247.1345 165.5803 -31.0725 172.8455 100.0000 stroke5
movl 0 -18.1870 386.3946 227.5953 166.0925 -33.2369 -169.4259 100.0000 stroke6
movl 0 -26.6967 367.1390 175.7144 166.2345 -29.7294 -172.6265 100.0000 stroke6
movl 0 -35.1545 354.4927 173.5115 163.1243 -24.9726 -173.5474 100.0000 stroke6
movl 0 -36.1397 359.4623 171.0243 165.4258 -23.7733 -174.2489 100.0000 stroke6
movl 0 -37.1597 360.8748 170.1445 165.8514 -23.8932 -173.9015 100.0000 stroke6
movl 0 -40.1521 363.7209 168.4295 167.1165 -23.0713 -173.7680 100.0000 stroke6
movl 0 -41.1965 368.2998 167.3557 170.4335 -22.4488 -175.6204 100.0000 stroke6
movl 0 -38.3481 371.5620 166.9426 172.6801 -22.9483 -177.7297 100.0000 stroke6
movl 0 -39.2623 372.6498 166.8377 174.0497 -23.1143 -178.4636 100.0000 stroke6
movl 0 -38.6822 373.4018 167.0634 175.7688 -23.2226 179.8852 100.0000 stroke6
movl 0 -38.8788 373.9521 167.4552 177.4457 -23.2014 178.3405 100.0000 stroke6
movl 0 -38.8748 374.3986 167.8824 179.5988 -23.1432 176.6199 100.0000 stroke6
movl 0 -39.3587 375.4059 168.1642 -177.7517 -22.7738 174.2236 100.0000 stroke6
movl 0 -39.5651 376.4039 168.2940 -175.3990 -22.5118 172.5557 100.0000 stroke6
movl 0 -40.2167 376.8847 168.2988 -173.6710 -22.3154 171.6969 100.0000 stroke6
movl 0 -41.2903 375.5969 168.7213 -173.6667 -22.3187 172.1381 100.0000 stroke6
movl 0 -38.4549 373.8816 169.5796 -175.1046 -23.0584 171.7179 100.0000 stroke6
movl 0 -39.2078 373.8379 169.6249 -174.4584 -22.7334 171.7372 100.0000 stroke6
movl 0 -38.5267 371.0392 170.7165 -176.2648 -23.1208 172.0534 100.0000 stroke6
movl 0 -34.4889 364.4660 172.6140 179.1127 -24.7491 172.1115 100.0000 stroke6
movl 0 -36.2677 363.3229 172.3425 178.1124 -24.4344 172.6748 100.0000 stroke6
movl 0 -39.5674 366.6527 170.5918 -179.7303 -23.5035 173.4111 100.0000 stroke6
movl 0 -41.5168 366.8559 169.9810 -179.4222 -23.4234 174.6209 100.0000 stroke6
movl 0 -42.6651 366.1608 169.7977 179.8624 -23.3830 176.2774 100.0000 stroke6
movl 0 -43.5072 365.6963 169.8272 179.6072 -23.5667 176.8798 100.0000 stroke6
movl 0 -43.6326 365.2014 170.0698 179.2404 -23.8312 177.0879 100.0000 stroke6
movl 0 -43.9079 364.9145 170.1935 179.0771 -24.0392 177.1305 100.0000 stroke6
movl 0 -41.4240 362.6861 171.4246 177.7976 -25.5706 177.0055 100.0000 stroke6
movl 0 -26.0568 357.7445 176.2888 174.9878 -29.4159 174.1321 100.0000 stroke6
movl 0 -20.5022 351.3887 183.6157 165.6543 -33.2076 177.7739 100.0000 stroke6
movl 0 -14.8375 344.6647 242.8511 149.3108 -40.2204 -179.3449 100.0000 stroke6
movl 0 -25.6134 397.9111 204.4898 -167.8113 -34.0120 158.2511 100.0000 stroke7
movl 0 -37.9099 377.4443 167.3115 -174.9784 -31.1736 163.1014 100.0000 stroke7
movl 0 -41.9133 368.9439 170.8466 179.4649 -29.4273 166.2366 100.0000 stroke7
movl 0 -42.4846 368.5612 171.0518 -179.8621 -28.2566 165.6624 100.0000 stroke7
movl 0 -42.4640 368.6126 170.6514 -179.7402 -27.6235 165.1612 100.0000 stroke7
movl 0 -44.2207 369.7201 169.8425 -179.1330 -26.6467 164.3480 100.0000 stroke7
movl 0 -50.5221 375.8817 168.3501 -174.0561 -23.3890 163.7125 100.0000 stroke7
movl 0 -52.6869 375.9638 168.4394 -173.2386 -22.5544 163.6660 100.0000 stroke7
movl 0 -50.6015 375.4792 168.8827 -173.3334 -23.1310 163.5784 100.0000 stroke7
movl 0 -50.7566 374.8618 169.1572 -173.9106 -23.0258 163.3236 100.0000 stroke7
movl 0 -50.0064 373.0219 169.9281 -175.0342 -23.4830 162.9815 100.0000 stroke7
movl 0 -47.0531 371.2533 172.1059 -177.0529 -24.9357 162.9409 100.0000 stroke7
movl 0 -39.1652 377.5146 201.7574 174.9761 -28.6653 167.3041 100.0000 stroke7
movl 0 2.5931 408.7459 240.3320 -175.2048 -37.7783 163.0341 100.0000 stroke8
movl 0 -1.0821 399.2585 177.8396 -167.1368 -33.8597 157.0531 100.0000 stroke8
movl 0 -1.2232 398.3752 164.9209 -163.3119 -31.4899 151.7341 100.0000 stroke8
movl 0 -5.2268 398.2068 164.5161 -163.7562 -30.1497 151.6642 100.0000 stroke8
movl 0 -7.2635 396.0553 164.6354 -164.5888 -29.2649 151.3772 100.0000 stroke8
movl 0 -11.3002 395.4612 164.8526 -165.6544 -27.9763 152.0074 100.0000 stroke8
movl 0 -15.3650 397.7220 164.8342 -165.0085 -25.0535 151.2572 100.0000 stroke8
movl 0 -19.2383 400.5660 165.1828 -164.0107 -21.3791 148.9324 100.0000 stroke8
movl 0 -20.8020 404.1956 164.7666 -162.3434 -18.5869 146.3349 100.0000 stroke8
movl 0 -16.3321 404.1599 164.3042 -161.8596 -19.6247 145.3881 100.0000 stroke8
movl 0 -16.2798 403.7891 164.5135 -161.1171 -19.1144 146.0791 100.0000 stroke8
movl 0 -15.9149 402.8997 164.8687 -161.4791 -19.3118 146.5392 100.0000 stroke8
movl 0 -16.2569 401.6907 165.1652 -162.1084 -19.8011 147.1255 100.0000 stroke8
movl 0 -15.8452 400.1126 165.6311 -162.9099 -20.8769 147.6190 100.0000 stroke8
movl 0 -12.3074 396.2772 166.8602 -164.5048 -24.1855 148.8172 100.0000 stroke8
movl 0 -1.1234 394.2664 186.7564 -171.3400 -32.4814 151.6381 100.0000 stroke8
movl 0 6.9494 395.9938 209.2858 165.2898 -32.8386 171.1143 100.0000 stroke9
movl 0 7.2999 395.8101 176.5094 172.8698 -33.3334 166.0574 100.0000 stroke9
movl 0 4.3606 396.6528 171.3923 174.6722 -33.2306 165.7979 100.0000 stroke9
movl 0 -1.7480 396.9076 169.3680 175.7099 -31.5077 166.7864 100.0000 stroke9
movl 0 -4.9383 397.5638 168.1211 174.9457 -30.2042 169.1177 100.0000 stroke9
movl 0 -8.8240 398.0838 167.3815 173.7315 -28.8531 171.0644 100.0000 stroke9
movl 0 -12.6285 399.7831 167.1754 174.0588 -26.3463 171.2517 100.0000 stroke9
movl 0 -13.5383 400.1266 167.3400 174.1430 -25.3052 170.7143 100.0000 stroke9
movl 0 -12.9330 400.9131 167.3717 174.3852 -24.8321 169.7640 100.0000 stroke9
movl 0 -5.6192 403.4042 167.2747 175.8599 -24.7734 165.5983 100.0000 stroke9
movl 0 3.7420 406.3957 166.5724 177.8288 -25.8800 162.0906 100.0000 stroke9
movl 0 7.5135 406.5059 166.7455 178.9658 -27.7783 160.7545 100.0000 stroke9
movl 0 8.1613 410.0688 165.0856 -178.5585 -26.9245 157.9700 100.0000 stroke9
movl 0 7.8220 412.8629 164.1320 -175.9094 -26.1665 156.1879 100.0000 stroke9
movl 0 7.8489 416.0194 164.0355 -169.9854 -24.9400 153.2877 100.0000 stroke9
movl 0 6.5255 415.6355 164.4245 -167.1787 -24.0642 152.5486 100.0000 stroke9
movl 0 6.9009 414.5012 164.9459 -167.1910 -24.4384 152.2368 100.0000 stroke9
movl 0 5.9421 414.0381 165.1186 -167.5045 -24.2684 152.8583 100.0000 stroke9
movl 0 6.0002 413.1206 165.5791 -168.0692 -24.4335 152.8979 100.0000 stroke9
movl 0 12.4070 406.3509 170.4431 -172.2796 -28.3185 154.8007 100.0000 stroke9
movl 0 18.3339 395.6867 241.4194 174.9102 -34.8010 162.9478 100.0000 stroke9
movl 0 3.0978 375.7220 198.7296 174.2191 -34.0836 165.9946 100.0000 stroke10
movl 0 2.7391 376.5656 172.8738 178.3344 -32.2379 163.2392 100.0000 stroke10
movl 0 3.2089 381.9796 169.1495 179.4800 -31.1245 162.6624 100.0000 stroke10
movl 0 -0.9639 383.7026 168.3349 179.8089 -30.4751 162.7627 100.0000 stroke10
movl 0 -1.6423 386.1397 166.8976 -179.3260 -30.3562 162.7468 100.0000 stroke10
movl 0 -3.4867 386.7444 166.5292 -179.8034 -29.4258 163.1304 100.0000 stroke10
movl 0 -7.3003 386.3777 167.0084 179.5245 -27.4845 162.9927 100.0000 stroke10
movl 0 -9.2333 385.4704 167.4636 178.9722 -26.1754 162.6501 100.0000 stroke10
movl 0 -11.0485 385.1087 167.8579 178.5158 -25.3087 162.4776 100.0000 stroke10
movl 0 -11.1890 384.8571 168.1074 178.3517 -24.8816 161.8317 100.0000 stroke10
movl 0 -10.2994 385.1419 168.0365 178.6271 -24.5600 160.6310 100.0000 stroke10
movl 0 -8.3971 385.4761 168.0923 179.0592 -24.2920 158.9674 100.0000 stroke10
movl 0 -6.2532 385.9760 168.0976 179.5648 -23.7695 156.4864 100.0000 stroke10
movl 0 -4.6998 386.6510 168.0201 179.9527 -23.5334 155.2935 100.0000 stroke10
movl 0 -3.2308 384.5557 168.9248 179.3152 -24.5248 155.3160 100.0000 stroke10
movl 0 -3.9505 385.3650 168.6930 179.8851 -23.7799 155.1774 100.0000 stroke10
movl 0 -3.0443 385.4953 168.2854 -179.4707 -24.5449 155.7987 100.0000 stroke10
movl 0 1.5512 383.0130 168.9584 -179.5691 -28.9383 157.3761 100.0000 stroke10
movl 0 14.6176 381.5408 192.4348 179.9108 -36.4024 154.1125 100.0000 stroke10
movl 0 28.5923 374.5719 187.6817 -177.6843 -42.7836 153.8803 100.0000 stroke11
movl 0 14.7553 372.2560 163.2592 -175.6691 -37.3800 151.7807 100.0000 stroke11
movl 0 10.4940 378.3396 162.1855 -175.2536 -34.8485 151.3210 100.0000 stroke11
movl 0 10.0713 378.2844 162.1481 -174.2635 -34.7406 150.5187 100.0000 stroke11
movl 0 10.1814 382.2430 160.5282 -172.5237 -34.3868 149.4879 100.0000 stroke11
movl 0 7.9216 384.1261 159.4358 -171.8358 -34.0932 149.0592 100.0000 stroke11
movl 0 3.4005 385.9519 158.9823 -171.7554 -31.6892 147.9030 100.0000 stroke11
movl 0 2.7171 387.7464 158.9901 -170.0982 -29.6452 145.4147 100.0000 stroke11
movl 0 2.8957 390.0726 159.1771 -167.1700 -28.2077 144.3371 100.0000 stroke11
movl 0 2.5367 393.5353 159.5734 -160.6472 -24.2380 142.8085 100.0000 stroke11
movl 0 2.2488 392.0735 160.0649 -160.5546 -23.8538 142.2406 100.0000 stroke11
movl 0 1.7141 391.0894 160.5192 -161.2805 -23.8427 142.3692 100.0000 stroke11
movl 0 1.4156 390.5636 160.7082 -161.5642 -23.7303 142.3593 100.0000 stroke11
movl 0 0.8117 390.0245 161.0340 -161.8718 -23.4428 142.3717 100.0000 stroke11
movl 0 0.3870 390.0708 161.3414 -162.1046 -23.0484 142.2450 100.0000 stroke11
movl 0 0.3437 389.8301 161.5678 -162.1420 -22.7971 142.1577 100.0000 stroke11
movl 0 0.4382 389.6037 161.8862 -162.3772 -22.6252 142.1288 100.0000 stroke11
movl 0 0.7505 389.2295 162.1953 -162.4299 -22.4178 141.9988 100.0000 stroke11
movl 0 1.6983 388.8762 162.4686 -162.4748 -22.3051 141.9534 100.0000 stroke11
movl 0 2.9705 388.3816 162.7636 -162.6063 -22.2669 141.6895 100.0000 stroke11
movl 0 4.8758 387.8839 162.9976 -162.7327 -22.1132 141.2388 100.0000 stroke11
movl 0 6.8850 387.8003 163.4161 -162.9384 -21.6978 140.4731 100.0000 stroke11
movl 0 7.8321 387.6268 163.9605 -163.4982 -20.8785 140.1396 100.0000 stroke11
movl 0 7.9997 387.7604 164.6747 -164.2172 -20.0521 140.3650 100.0000 stroke11
movl 0 10.0628 387.6745 165.3808 -164.7034 -19.2735 139.6898 100.0000 stroke11
movl 0 11.2160 387.9501 165.9865 -165.2141 -18.3611 138.9687 100.0000 stroke11
movl 0 11.6534 388.0719 166.5902 -166.1179 -17.1344 137.9675 100.0000 stroke11
movl 0 11.0959 387.8612 167.6476 -167.2375 -15.4776 136.3083 100.0000 stroke11
movl 0 9.5951 387.7882 168.8337 -168.1119 -14.0907 134.6318 100.0000 stroke11
movl 0 7.5272 386.8338 169.9462 -168.9648 -13.3217 133.6637 100.0000 stroke11
movl 0 5.5912 385.4863 171.0273 -169.7085 -13.0738 133.0672 100.0000 stroke11
movl 0 5.2407 385.2244 171.4444 -169.9121 -13.0681 132.5385 100.0000 stroke11
movl 0 5.6263 385.5608 171.5404 -169.9967 -12.9630 132.0122 100.0000 stroke11
movl 0 6.5824 385.0299 171.9456 -169.9604 -13.2892 131.6569 100.0000 stroke11
movl 0 7.6018 385.3724 172.1399 -170.0447 -13.3491 131.2362 100.0000 stroke11
movl 0 9.3298 385.1670 172.5387 -170.1313 -13.5160 130.7537 100.0000 stroke11
movl 0 8.8104 384.3878 173.2639 -170.6541 -13.6342 130.5754 100.0000 stroke11
movl 0 11.3610 384.8482 173.6033 -170.7760 -13.8995 129.9581 100.0000 stroke11
movl 0 11.3006 384.0700 174.1079 -171.1187 -14.2741 130.1629 100.0000 stroke11
movl 0 12.1243 383.6287 174.5166 -171.3733 -14.6417 130.0808 100.0000 stroke11
movl 0 12.9193 383.1329 175.0345 -171.6954 -14.9992 129.9919 100.0000 stroke11
movl 0 13.8568 382.7845 175.4405 -171.9535 -15.2546 129.8435 100.0000 stroke11
movl 0 15.1478 382.6296 175.7598 -172.0908 -15.6132 129.6277 100.0000 stroke11
movl 0 18.8726 377.5460 178.7318 -173.6548 -18.1067 129.5616 100.0000 stroke11
movl 0 36.4479 342.2037 202.1090 176.0046 -35.0764 138.3084 100.0000 stroke11
