movl 0 -54.4990 387.4870 172.7398 167.2376 -23.9262 174.2199 100.0000 stroke1
movl 0 -52.5128 387.8793 172.1705 167.9633 -25.2095 171.9466 100.0000 stroke1
movl 0 -53.3742 387.6135 172.4322 167.3738 -24.4025 172.6514 100.0000 stroke1
movl 0 -54.7864 387.6530 172.1823 167.1940 -23.7347 173.6627 100.0000 stroke1
movl 0 -56.3208 387.6402 171.4860 167.0256 -23.5872 175.0591 100.0000 stroke1
movl 0 -57.2812 388.0803 170.9054 167.0781 -23.3405 175.6218 100.0000 stroke1
movl 0 -58.7016 388.3941 170.5947 167.2624 -22.5383 175.2176 100.0000 stroke1
movl 0 -60.0422 388.3944 170.6298 167.6259 -21.7448 174.3859 100.0000 stroke1
movl 0 -61.4912 388.0149 170.7571 167.4588 -21.0040 174.2326 100.0000 stroke1
movl 0 -61.9752 388.2558 170.7423 167.5368 -20.6022 173.6246 100.0000 stroke1
movl 0 -61.2152 389.0187 170.8634 167.9108 -20.3527 172.2583 100.0000 stroke1
movl 0 -60.6230 389.9505 171.0296 168.1877 -19.7651 170.3353 100.0000 stroke1
movl 0 -60.3773 391.3443 171.0028 168.4881 -18.8389 167.9599 100.0000 stroke1
movl 0 -60.9441 392.0375 170.9435 168.5507 -18.0171 166.2379 100.0000 stroke1
movl 0 -59.5657 390.0653 171.3977 167.9128 -19.1931 166.5437 100.0000 stroke1
movl 0 -58.1402 388.7752 171.7964 167.4319 -19.9015 166.7290 100.0000 stroke1
movl 0 -58.3879 388.8346 171.7595 167.4343 -19.7032 166.7207 100.0000 stroke1
movl 0 -59.4497 390.6872 171.4127 168.7463 -18.9524 165.9106 100.0000 stroke1
movl 0 -59.9126 392.5614 170.9054 169.8802 -18.6955 165.5334 100.0000 stroke1
movl 0 -59.7320 393.5275 170.6197 170.6069 -18.9005 165.4877 100.0000 stroke1
movl 0 -59.7219 393.7469 170.4999 171.0658 -19.1459 165.5294 100.0000 stroke1
movl 0 -59.8513 393.1036 170.6618 171.1079 -19.4855 166.0125 100.0000 stroke1
movl 0 -58.1817 390.3173 171.8839 170.5166 -20.8019 167.0119 100.0000 stroke1
movl 0 -48.3938 373.1136 193.8509 160.9602 -27.5960 176.8930 100.0000 stroke1
movl 0 -31.1200 400.2526 239.7438 163.8163 -39.8174 -172.3734 100.0000 stroke2
movl 0 -37.5966 396.5781 189.4718 172.0484 -32.5810 177.9855 100.0000 stroke2
movl 0 -49.4501 393.4580 176.7820 172.9696 -25.8050 173.3219 100.0000 stroke2
movl 0 -54.2302 389.5279 177.8710 171.8094 -23.2254 171.6279 100.0000 stroke2
movl 0 -52.5689 392.2111 176.2536 172.0386 -23.0515 170.5552 100.0000 stroke2
movl 0 -53.0765 393.7793 174.9105 171.9899 -22.8969 170.8584 100.0000 stroke2
movl 0 -55.5533 399.1177 173.4593 175.5087 -21.3912 167.5939 100.0000 stroke2
movl 0 -55.8228 401.9426 172.9170 177.7131 -20.5085 163.9504 100.0000 stroke2
movl 0 -56.3196 403.8106 172.8133 179.9539 -19.9135 160.2536 100.0000 stroke2
movl 0 -56.2323 404.7202 173.1758 -177.8332 -19.5445 157.0291 100.0000 stroke2
movl 0 -56.1240 406.2226 173.5656 -175.0932 -18.7371 153.7028 100.0000 stroke2
movl 0 -56.2479 408.2067 173.8652 -172.0548 -17.4479 150.2274 100.0000 stroke2
movl 0 -57.0368 410.9833 173.9773 -168.9401 -15.1887 146.1806 100.0000 stroke2
movl 0 -58.3570 413.9334 173.8507 -166.3855 -12.9194 143.2232 100.0000 stroke2
movl 0 -59.4357 416.4357 173.3365 -164.4723 -11.0259 141.4345 100.0000 stroke2
movl 0 -60.8618 418.7229 172.6182 -162.8524 -9.1032 140.5458 100.0000 stroke2
movl 0 -59.6842 418.4889 173.0369 -162.6234 -9.1557 139.8225 100.0000 stroke2
movl 0 -60.9948 418.3738 172.8366 -162.5250 -8.5030 140.0069 100.0000 stroke2
movl 0 -60.2835 415.1656 173.9866 -164.2113 -10.0524 140.0618 100.0000 stroke2
movl 0 -60.5978 412.5936 174.9352 -165.6411 -11.0068 140.4439 100.0000 stroke2
movl 0 -60.5820 410.3848 175.9383 -166.5444 -11.8065 140.7112 100.0000 stroke2
movl 0 -54.7363 404.7821 185.2366 -169.5204 -17.4698 142.5490 100.0000 stroke2
movl 0 -51.0206 378.1698 215.4825 170.3118 -27.6104 173.2814 100.0000 stroke3
movl 0 -56.5995 380.8377 189.9913 172.7517 -25.0247 169.5866 100.0000 stroke3
movl 0 -62.0156 382.9541 180.4993 173.8198 -22.3630 168.3262 100.0000 stroke3
movl 0 -63.6853 384.6947 178.9744 174.6007 -21.3496 167.6392 100.0000 stroke3
movl 0 -65.1118 387.0719 177.5907 175.7523 -20.9574 167.9492 100.0000 stroke3
movl 0 -67.2014 389.1007 176.8202 176.5023 -19.5533 166.3622 100.0000 stroke3
movl 0 -69.9301 391.1633 176.6019 177.5990 -17.6206 163.6174 100.0000 stroke3
movl 0 -72.6192 390.9847 177.0966 178.0632 -16.2590 161.4685 100.0000 stroke3
movl 0 -74.2783 390.6061 177.2374 177.6944 -15.5876 159.6144 100.0000 stroke3
movl 0 -75.5284 390.7955 177.3606 177.3995 -14.7078 157.6505 100.0000 stroke3
movl 0 -76.8334 391.5033 177.4993 177.1892 -13.6694 155.6693 100.0000 stroke3
movl 0 -78.5732 392.1453 177.3962 176.8203 -12.1705 153.6770 100.0000 stroke3
movl 0 -79.8282 393.8943 176.8276 176.8707 -10.8478 151.2287 100.0000 stroke3
movl 0 -77.0345 390.7065 178.0252 176.4711 -12.5555 151.3178 100.0000 stroke3
movl 0 -74.7381 388.6358 178.9540 175.9717 -13.8551 151.1641 100.0000 stroke3
movl 0 -74.1174 389.0175 179.0368 176.3365 -13.8911 150.9428 100.0000 stroke3
movl 0 -74.4414 391.8886 178.8877 178.4302 -12.3870 149.8609 100.0000 stroke3
movl 0 -74.3316 393.8212 178.2807 179.4824 -12.0400 149.5325 100.0000 stroke3
movl 0 -73.2112 393.5939 178.0847 179.8740 -12.9644 150.4703 100.0000 stroke3
movl 0 -66.7854 388.7356 179.9429 179.7346 -17.3905 153.4100 100.0000 stroke3
movl 0 -56.9203 381.7983 206.6878 175.6292 -25.1890 159.3223 100.0000 stroke3
movl 0 -40.4466 387.2213 210.4313 -179.8588 -27.3319 167.5777 100.0000 stroke4
movl 0 -50.4388 383.7167 187.9905 -179.7988 -23.2049 166.2380 100.0000 stroke4
movl 0 -60.4014 380.8729 184.1105 179.7748 -20.5867 167.0901 100.0000 stroke4
movl 0 -62.1407 383.2005 181.9766 -179.3062 -20.0419 166.9962 100.0000 stroke4
movl 0 -66.2966 385.0559 179.9617 -178.5537 -19.3514 168.0057 100.0000 stroke4
movl 0 -69.8287 387.9234 178.6325 -177.4792 -17.4318 167.0797 100.0000 stroke4
movl 0 -73.2872 388.4319 178.4193 -177.3614 -15.4440 165.5074 100.0000 stroke4
movl 0 -75.3878 389.1216 178.5796 -176.5201 -13.7958 163.9091 100.0000 stroke4
movl 0 -76.5080 387.7893 178.9985 -177.3668 -13.5525 163.2012 100.0000 stroke4
movl 0 -76.9032 387.7174 179.0320 -177.8938 -12.8411 161.8784 100.0000 stroke4
movl 0 -76.3601 388.2098 179.0944 -178.1088 -12.0380 159.8223 100.0000 stroke4
movl 0 -75.5169 389.0081 178.8473 -178.3531 -11.1635 157.6364 100.0000 stroke4
movl 0 -73.7780 390.1824 178.4887 -178.4895 -10.7206 155.4710 100.0000 stroke4
movl 0 -72.0969 389.7797 178.9992 -178.5167 -11.1216 155.0324 100.0000 stroke4
movl 0 -69.9284 387.4646 180.2953 -179.1353 -12.3162 155.2897 100.0000 stroke4
movl 0 -70.6053 388.7493 179.9698 -178.4104 -11.7067 155.1219 100.0000 stroke4
movl 0 -70.5622 390.4163 179.4663 -177.5333 -10.8358 154.6262 100.0000 stroke4
movl 0 -69.9222 390.7253 179.1960 -176.7129 -11.7950 155.6130 100.0000 stroke4
movl 0 -67.4533 389.0072 179.9633 -176.5003 -13.9414 156.7816 100.0000 stroke4
movl 0 -58.9082 382.9704 193.5826 179.9107 -20.4209 160.9210 100.0000 stroke4
movl 0 -20.6544 419.5881 231.1669 174.2072 -28.7990 167.0036 100.0000 stroke5
movl 0 -18.5234 419.4289 199.3479 175.9231 -26.6430 164.0621 100.0000 stroke5
movl 0 -20.3044 419.7786 183.5897 175.4711 -24.8882 163.5857 100.0000 stroke5
movl 0 -23.4117 420.2791 179.7392 175.2849 -23.8777 163.9347 100.0000 stroke5
movl 0 -28.8688 425.6845 177.1127 176.9495 -21.2535 162.7023 100.0000 stroke5
movl 0 -34.0090 430.7851 175.6143 179.2900 -18.4597 160.0510 100.0000 stroke5
movl 0 -36.4666 436.3868 173.9468 -178.2259 -16.6552 157.8302 100.0000 stroke5
movl 0 -36.9973 438.7198 173.2573 -177.0503 -15.9640 156.1102 100.0000 stroke5
movl 0 -36.5675 438.8486 173.3301 -176.1677 -15.9932 154.7362 100.0000 stroke5
movl 0 -36.1671 438.8484 173.5261 -175.1514 -16.0394 153.8729 100.0000 stroke5
movl 0 -36.1692 438.5778 173.5950 -174.7133 -16.1771 153.8450 100.0000 stroke5
movl 0 -36.3123 438.1860 173.8444 -174.1807 -16.2887 153.8855 100.0000 stroke5
movl 0 -37.0462 437.4155 174.0118 -173.9072 -16.4596 154.3460 100.0000 stroke5
movl 0 -37.6486 436.3103 174.2985 -173.7981 -16.7470 154.8363 100.0000 stroke5
movl 0 -37.5402 435.4096 174.4809 -173.6543 -17.2286 155.2892 100.0000 stroke5
movl 0 -37.4462 434.7076 174.6018 -173.5233 -17.5710 155.4237 100.0000 stroke5
movl 0 -37.3516 434.1465 174.7007 -173.4441 -17.8211 155.5067 100.0000 stroke5
movl 0 -37.0603 433.8022 174.7723 -173.3334 -18.1130 155.6272 100.0000 stroke5
movl 0 -36.7331 433.2117 174.9346 -173.3894 -18.4059 155.7364 100.0000 stroke5
movl 0 -35.8499 432.8088 174.9159 -173.1966 -18.9382 155.8792 100.0000 stroke5
movl 0 -34.5275 431.3700 175.3541 -172.8723 -19.9757 155.8104 100.0000 stroke5
movl 0 -28.1914 424.3707 188.5921 -172.0676 -26.0570 152.5174 100.0000 stroke5
movl 0 -5.7802 423.3481 200.1425 173.0224 -32.0836 -177.1106 100.0000 stroke6
movl 0 -8.2382 418.8162 179.9090 172.4226 -27.8942 -179.8338 100.0000 stroke6
movl 0 -16.0347 413.3150 180.4658 170.2851 -22.7358 178.5483 100.0000 stroke6
movl 0 -16.4495 411.8761 180.6695 169.6634 -22.1594 177.5555 100.0000 stroke6
movl 0 -20.9119 412.3151 178.7461 169.6574 -21.1842 178.5025 100.0000 stroke6
movl 0 -24.0360 414.1257 176.7985 169.9353 -20.3843 178.7580 100.0000 stroke6
movl 0 -28.4795 415.5297 175.7108 170.4013 -18.4733 178.1461 100.0000 stroke6
movl 0 -27.8187 417.1856 175.6421 171.2724 -17.7831 176.4093 100.0000 stroke6
movl 0 -24.6449 418.3516 175.8024 171.8356 -17.8107 174.4257 100.0000 stroke6
movl 0 -20.1461 418.8598 176.0320 172.2260 -19.1873 173.6173 100.0000 stroke6
movl 0 -16.6106 427.5009 173.8388 177.2542 -19.7492 170.1608 100.0000 stroke6
movl 0 -13.7034 434.0160 171.5157 -179.2196 -20.5749 168.2407 100.0000 stroke6
movl 0 -13.5971 435.5891 170.8539 -178.2603 -20.8138 167.7003 100.0000 stroke6
movl 0 -13.0685 437.9113 169.9170 -177.0653 -20.8768 166.8425 100.0000 stroke6
movl 0 -12.8786 438.5104 169.6461 -176.6032 -20.9705 166.3605 100.0000 stroke6
movl 0 -12.7940 437.9961 169.7544 -176.3786 -21.2149 166.1745 100.0000 stroke6
movl 0 -13.0402 437.0323 170.2340 -176.0116 -21.4920 166.0684 100.0000 stroke6
movl 0 -13.6880 436.4430 170.5573 -175.7345 -21.6054 166.2352 100.0000 stroke6
movl 0 -13.6936 435.6908 170.8578 -175.7160 -21.9511 166.5257 100.0000 stroke6
movl 0 -13.6770 434.8603 171.1413 -175.7980 -22.2407 166.6689 100.0000 stroke6
movl 0 -12.5873 433.4450 171.6270 -176.0356 -23.1720 167.1201 100.0000 stroke6
movl 0 -6.1975 423.8822 176.6734 179.9976 -28.5421 169.8625 100.0000 stroke6
movl 0 -10.1414 405.0916 220.1954 165.2591 -32.7372 -176.6601 100.0000 stroke6
movl 0 -14.9618 433.3234 220.5699 177.0034 -32.4692 -175.6055 100.0000 stroke7
movl 0 -13.6654 427.1239 182.3987 178.4816 -29.3461 177.8448 100.0000 stroke7
movl 0 -17.4494 427.9083 176.6610 179.3022 -26.3379 175.3669 100.0000 stroke7
movl 0 -20.5447 428.5855 174.7177 179.5140 -25.6150 175.7489 100.0000 stroke7
movl 0 -22.0353 431.2507 173.0437 -179.3456 -25.3375 175.1699 100.0000 stroke7
movl 0 -25.7638 434.5124 172.2444 -176.8706 -23.0516 172.5037 100.0000 stroke7
movl 0 -27.7156 436.9321 171.7062 -175.0365 -21.4425 169.9293 100.0000 stroke7
movl 0 -28.7218 438.4275 171.6723 -173.4324 -20.4154 167.8905 100.0000 stroke7
movl 0 -29.6147 439.3834 171.7909 -171.9883 -19.5270 166.3045 100.0000 stroke7
movl 0 -30.4287 440.8774 171.7067 -170.2367 -18.5201 164.6718 100.0000 stroke7
movl 0 -29.0526 439.1619 172.4972 -170.5595 -19.0484 163.5571 100.0000 stroke7
movl 0 -30.8686 440.2931 172.1407 -169.5507 -18.1995 163.1802 100.0000 stroke7
movl 0 -28.1325 436.4704 173.7643 -171.7617 -19.7833 163.6126 100.0000 stroke7
movl 0 -21.2742 418.7022 209.0181 172.0376 -25.7449 174.5454 100.0000 stroke7
movl 0 -22.5077 403.2714 218.6330 164.9537 -21.3387 -171.7082 100.0000 stroke8
movl 0 -27.7240 403.4251 190.2184 166.7852 -19.5965 -174.4254 100.0000 stroke8
movl 0 -34.5610 407.5618 181.6978 169.3151 -18.1827 -174.1944 100.0000 stroke8
movl 0 -34.9428 409.6419 179.9941 170.1190 -18.4117 -173.8484 100.0000 stroke8
movl 0 -36.8879 411.3742 178.9119 170.8749 -17.5763 -174.7838 100.0000 stroke8
movl 0 -40.2637 412.0871 178.5664 171.6993 -15.8434 -176.6300 100.0000 stroke8
movl 0 -41.5884 412.1807 178.5304 171.9449 -15.1633 -177.9832 100.0000 stroke8
movl 0 -40.1718 413.1165 178.7327 172.4140 -15.0682 -179.4062 100.0000 stroke8
movl 0 -37.3135 414.5215 179.0722 172.9204 -14.9578 178.7437 100.0000 stroke8
movl 0 -34.1772 416.3400 179.2568 173.5342 -14.8050 176.9066 100.0000 stroke8
movl 0 -29.7785 418.5973 179.3124 174.2430 -14.5300 174.6123 100.0000 stroke8
movl 0 -24.5445 421.8185 178.9932 175.1247 -13.9174 171.3153 100.0000 stroke8
movl 0 -19.2323 424.5835 178.8210 176.2039 -14.2022 168.6857 100.0000 stroke8
movl 0 -14.5603 427.2217 178.4406 177.7181 -15.3735 166.7863 100.0000 stroke8
movl 0 -10.3659 436.6211 176.1853 -176.9442 -15.1125 162.2657 100.0000 stroke8
movl 0 -3.5878 444.8280 173.1287 -172.6507 -15.9785 159.4458 100.0000 stroke8
movl 0 -0.8612 448.7584 171.3708 -170.2064 -16.7039 159.0698 100.0000 stroke8
movl 0 -1.1264 450.3925 170.7537 -168.3391 -16.7360 158.8985 100.0000 stroke8
movl 0 -2.7255 451.1479 170.4669 -166.9127 -16.5608 159.4609 100.0000 stroke8
movl 0 -2.3249 449.2221 171.3717 -167.4461 -17.0615 159.5127 100.0000 stroke8
movl 0 1.0056 447.2286 172.0667 -168.4008 -17.9646 158.6528 100.0000 stroke8
movl 0 -2.4283 448.1292 171.6190 -167.5267 -17.3805 159.5891 100.0000 stroke8
movl 0 -1.7457 447.2686 171.8999 -167.9858 -17.6616 159.2221 100.0000 stroke8
movl 0 -1.2664 444.6558 172.9932 -169.0354 -18.1441 158.6347 100.0000 stroke8
movl 0 1.8262 438.8384 179.5437 -172.0899 -20.3840 158.1052 100.0000 stroke8
movl 0 10.1343 417.3451 239.3529 172.4681 -30.5665 165.6333 100.0000 stroke8
movl 0 -1.5747 423.0997 203.3586 -178.2272 -31.3756 167.0958 100.0000 stroke9
movl 0 -6.6967 426.2624 179.4678 -174.9011 -27.6355 164.1827 100.0000 stroke9
movl 0 -11.9095 427.3176 176.4864 -175.3447 -25.1180 164.2945 100.0000 stroke9
movl 0 -13.2764 428.7615 175.7741 -175.0859 -23.8139 163.5844 100.0000 stroke9
movl 0 -15.2520 431.6403 174.3337 -174.3144 -22.4650 162.7269 100.0000 stroke9
movl 0 -18.0714 435.8736 173.0246 -172.0999 -19.9427 160.5224 100.0000 stroke9
movl 0 -18.6488 438.2393 172.0547 -171.0204 -19.0018 159.1192 100.0000 stroke9
movl 0 -18.8716 439.5328 171.7643 -169.8037 -18.6979 158.6389 100.0000 stroke9
movl 0 -19.1617 439.9542 171.6942 -169.0002 -18.5724 158.4128 100.0000 stroke9
movl 0 -19.2776 439.6195 171.9147 -168.6239 -18.6665 158.4567 100.0000 stroke9
movl 0 -19.3439 438.9372 172.2680 -168.5916 -18.8773 158.6013 100.0000 stroke9
movl 0 -18.8226 438.2615 172.5776 -168.5850 -19.2026 158.5530 100.0000 stroke9
movl 0 -18.6788 437.6846 172.8792 -168.6195 -19.3570 158.4995 100.0000 stroke9
movl 0 -16.2760 433.5508 175.3985 -169.2971 -21.3518 158.5876 100.0000 stroke9
movl 0 -8.7007 421.7059 205.5973 -175.5772 -30.9670 160.6474 100.0000 stroke9
movl 0 -3.7484 428.3115 205.3234 -177.3281 -28.6766 167.8289 100.0000 stroke10
movl 0 2.5522 430.9578 175.6876 -172.8477 -26.6683 160.1527 100.0000 stroke10
movl 0 0.5967 435.4342 173.1522 -171.1887 -24.6260 158.5111 100.0000 stroke10
movl 0 1.3147 436.9848 172.2582 -170.1604 -24.4027 156.7211 100.0000 stroke10
movl 0 -1.2812 442.0339 170.4055 -167.8075 -21.7110 154.6401 100.0000 stroke10
movl 0 -4.7801 445.3179 169.0221 -166.8209 -19.3098 152.6101 100.0000 stroke10
movl 0 -8.4946 446.1125 169.0844 -166.7202 -17.6611 151.3990 100.0000 stroke10
movl 0 -9.2801 446.0227 169.2136 -166.5280 -17.2457 150.4996 100.0000 stroke10
movl 0 -10.3911 445.6756 169.5314 -166.3454 -16.5324 149.7091 100.0000 stroke10
movl 0 -11.2878 445.3286 170.3091 -166.0253 -15.6985 149.5068 100.0000 stroke10
movl 0 -11.8441 444.0905 171.2801 -166.2511 -15.3425 149.4466 100.0000 stroke10
movl 0 -12.3300 442.6441 172.2563 -166.8073 -15.2020 149.4646 100.0000 stroke10
movl 0 -12.1248 442.3770 172.7084 -166.8955 -14.7523 148.9574 100.0000 stroke10
movl 0 -9.7170 441.3873 173.3361 -167.0292 -15.0110 148.2337 100.0000 stroke10
movl 0 -9.0354 440.7630 173.6419 -167.1461 -15.3765 148.3509 100.0000 stroke10
movl 0 -9.2816 440.3464 173.7345 -167.2347 -15.8735 149.1957 100.0000 stroke10
movl 0 -8.9880 438.6767 174.0712 -167.7153 -17.0955 150.4211 100.0000 stroke10
movl 0 -8.6121 435.5742 176.4556 -169.5368 -20.1535 154.1742 100.0000 stroke10
movl 0 -2.1535 431.3604 222.4210 -175.9582 -29.8248 161.4472 100.0000 stroke10
movl 0 -8.0194 409.2616 192.9804 175.5447 -27.2725 179.4580 100.0000 stroke11
movl 0 -12.6994 407.6249 179.5138 177.3184 -24.3781 175.6832 100.0000 stroke11
movl 0 -17.9676 408.1316 177.4798 177.4170 -22.6344 175.3639 100.0000 stroke11
movl 0 -18.5847 409.5567 176.3230 177.9216 -22.3601 174.3525 100.0000 stroke11
movl 0 -20.6192 411.1038 175.2260 178.6274 -21.7350 173.2295 100.0000 stroke11
movl 0 -23.2294 415.0937 174.0218 -178.5228 -20.0230 169.8631 100.0000 stroke11
movl 0 -23.8574 417.1324 173.7678 -176.3738 -19.2332 167.0067 100.0000 stroke11
movl 0 -24.1947 419.1825 173.8317 -173.4304 -18.4724 163.3793 100.0000 stroke11
movl 0 -25.2054 421.3229 173.7511 -170.6421 -17.2450 159.9905 100.0000 stroke11
movl 0 -26.5663 423.6295 173.5126 -168.0294 -15.5584 156.8040 100.0000 stroke11
movl 0 -28.2068 425.6521 173.0512 -165.8335 -13.8210 154.2198 100.0000 stroke11
movl 0 -30.3260 427.3150 172.3806 -164.0819 -12.0120 152.7615 100.0000 stroke11
movl 0 -30.8082 427.3360 172.5360 -163.6433 -11.3285 151.8146 100.0000 stroke11
movl 0 -31.7702 427.4438 172.5623 -163.0129 -10.6253 151.3103 100.0000 stroke11
movl 0 -31.0894 428.0157 172.3425 -162.5323 -10.5825 150.8789 100.0000 stroke11
movl 0 -31.7917 428.0594 172.2935 -162.6248 -10.3336 150.8220 100.0000 stroke11
movl 0 -25.6947 418.9126 175.7846 -168.3567 -15.6532 152.1233 100.0000 stroke11
movl 0 -9.8576 393.0852 207.8413 162.5992 -26.3342 174.0297 100.0000 stroke11
movl 0 9.2375 396.5609 246.8617 153.9420 -23.7701 -157.9552 100.0000 stroke12
movl 0 -8.5048 394.4560 182.7447 166.0185 -22.7412 -170.4122 100.0000 stroke12
movl 0 -19.0007 388.9180 184.1259 165.2205 -18.2339 -171.1975 100.0000 stroke12
movl 0 -24.8536 389.5690 180.4338 166.3166 -16.9483 -170.9755 100.0000 stroke12
movl 0 -27.3705 390.9910 178.7492 166.7202 -16.5984 -170.5471 100.0000 stroke12
movl 0 -29.4100 392.4718 177.7192 167.3377 -15.9092 -171.4214 100.0000 stroke12
movl 0 -32.3419 393.1684 177.2957 168.1628 -14.7102 -172.4070 100.0000 stroke12
movl 0 -33.3971 393.6180 177.1168 168.4715 -14.1089 -173.5788 100.0000 stroke12
movl 0 -31.7302 394.9078 177.0638 168.8625 -13.9555 -175.8227 100.0000 stroke12
movl 0 -28.9354 397.2915 176.8981 169.8530 -14.1369 -178.4424 100.0000 stroke12
movl 0 -25.5394 398.5583 176.9963 170.3547 -15.1344 -179.7444 100.0000 stroke12
movl 0 -23.5527 402.5871 176.3349 172.6539 -15.7767 177.8171 100.0000 stroke12
movl 0 -22.2050 407.9887 175.3593 176.2506 -15.6590 174.0056 100.0000 stroke12
movl 0 -22.9457 411.5258 174.6358 178.5078 -15.3729 172.5143 100.0000 stroke12
movl 0 -21.7816 413.1230 174.4448 -179.8608 -15.9175 171.2506 100.0000 stroke12
movl 0 -21.3601 414.7871 174.6844 -177.6452 -15.7613 168.9521 100.0000 stroke12
movl 0 -21.7306 416.8210 174.6140 -175.3392 -15.2051 166.6402 100.0000 stroke12
movl 0 -22.2656 418.7328 174.5265 -172.9736 -14.3512 164.2964 100.0000 stroke12
movl 0 -22.4708 420.6764 174.3218 -170.6000 -13.6328 161.8428 100.0000 stroke12
movl 0 -23.3020 422.7239 173.8129 -168.2542 -12.4288 159.6305 100.0000 stroke12
movl 0 -24.1039 424.2836 173.3922 -166.5044 -11.2469 157.7184 100.0000 stroke12
movl 0 -25.1386 425.9752 172.6709 -164.8273 -10.0489 156.3409 100.0000 stroke12
movl 0 -25.2385 424.6477 173.3627 -164.8572 -9.9901 156.0002 100.0000 stroke12
movl 0 -20.7151 418.5350 176.0901 -168.3138 -13.0470 156.9444 100.0000 stroke12
movl 0 -21.4647 418.3289 176.1643 -168.2908 -12.5940 157.2277 100.0000 stroke12
movl 0 -24.3761 419.3851 175.6622 -166.9196 -11.2040 157.0713 100.0000 stroke12
movl 0 -26.0313 417.3648 176.3520 -167.9676 -11.0052 156.9898 100.0000 stroke12
movl 0 -23.2475 405.5113 181.0386 -174.4146 -15.5382 159.0495 100.0000 stroke12
movl 0 -18.2496 376.9357 216.3145 163.4459 -24.4938 172.5117 100.0000 stroke12
movl 0 -11.5302 398.5942 226.1458 174.1574 -26.3802 177.2123 100.0000 stroke13
movl 0 -15.8300 392.3492 184.6101 175.3553 -24.2671 172.5993 100.0000 stroke13
movl 0 -22.0524 390.8437 181.0663 177.4402 -21.4849 167.0241 100.0000 stroke13
movl 0 -27.7066 388.7062 180.8248 177.6955 -19.7067 165.1004 100.0000 stroke13
movl 0 -28.3128 389.0915 179.7740 177.2840 -19.5689 164.9535 100.0000 stroke13
movl 0 -28.6355 388.5001 178.8897 176.2161 -19.8370 164.8937 100.0000 stroke13
movl 0 -30.9004 388.5819 178.3624 176.2098 -19.2866 164.2886 100.0000 stroke13
movl 0 -31.5276 388.6568 177.9928 176.3381 -19.2096 164.0901 100.0000 stroke13
movl 0 -33.1894 389.3925 177.7261 176.4316 -18.1047 163.5805 100.0000 stroke13
movl 0 -34.3115 389.3911 177.7837 176.2168 -17.4066 163.2355 100.0000 stroke13
movl 0 -34.0595 389.9242 177.7647 176.2071 -16.9326 162.6254 100.0000 stroke13
movl 0 -34.2020 390.8215 177.6042 176.4235 -16.3642 160.8911 100.0000 stroke13
movl 0 -34.1933 390.1048 177.7286 176.0756 -16.4433 160.9106 100.0000 stroke13
movl 0 -32.6510 389.0903 178.0917 175.7038 -17.0964 161.0744 100.0000 stroke13
movl 0 -32.7671 389.0405 178.1012 175.7427 -17.0648 161.1505 100.0000 stroke13
movl 0 -33.2632 390.7265 178.0835 176.9286 -16.3445 160.2985 100.0000 stroke13
movl 0 -34.2159 390.3855 177.9678 176.9699 -16.4700 160.9048 100.0000 stroke13
movl 0 -34.0991 389.7394 178.1730 176.8144 -16.6547 161.4934 100.0000 stroke13
movl 0 -34.1839 389.2507 178.3324 176.7900 -16.8158 161.6083 100.0000 stroke13
movl 0 -29.8524 385.0651 181.8438 176.1627 -19.2435 161.9759 100.0000 stroke13
movl 0 -17.2375 371.2538 231.1304 172.6750 -29.4734 164.8540 100.0000 stroke13
movl 0 -21.4825 372.3311 218.0019 175.3286 -26.5277 163.7138 100.0000 stroke14
movl 0 -22.0173 383.0355 182.7452 -179.4275 -22.8117 157.1518 100.0000 stroke14
movl 0 -25.7404 386.0492 179.6577 -178.6568 -20.6235 156.3516 100.0000 stroke14
movl 0 -28.1978 385.3249 179.3102 -179.4275 -20.2389 157.0291 100.0000 stroke14
movl 0 -28.8674 386.3325 178.6112 -179.2517 -20.0486 157.2863 100.0000 stroke14
movl 0 -32.4735 386.3250 178.2873 -179.9460 -18.4164 157.1531 100.0000 stroke14
movl 0 -34.4964 386.0440 178.0999 179.4357 -17.6089 157.2132 100.0000 stroke14
movl 0 -34.7068 386.3413 178.0757 179.1376 -17.0537 156.6127 100.0000 stroke14
movl 0 -33.8878 388.0475 177.9812 179.3770 -16.1764 154.9185 100.0000 stroke14
movl 0 -33.2697 388.4366 178.0197 179.3562 -16.1176 154.4957 100.0000 stroke14
movl 0 -32.3405 387.6235 178.4172 179.0931 -16.5344 154.7651 100.0000 stroke14
movl 0 -33.9136 388.8398 178.0505 179.7147 -15.6719 154.4576 100.0000 stroke14
movl 0 -35.3172 388.6233 177.8253 179.9602 -15.6829 154.7234 100.0000 stroke14
movl 0 -33.7256 385.6988 179.1050 179.5260 -17.1213 155.1091 100.0000 stroke14
movl 0 -29.0987 376.3618 206.9873 176.2611 -23.2599 157.8468 100.0000 stroke14
movl 0 -17.0397 380.7462 213.8404 -178.7712 -26.8988 158.1582 100.0000 stroke15
movl 0 -22.2316 383.5649 181.8667 -177.4223 -21.7283 154.9393 100.0000 stroke15
movl 0 -28.8556 384.9530 180.1927 -177.2982 -19.0656 154.3682 100.0000 stroke15
movl 0 -28.7283 385.9465 180.1295 -176.2651 -18.7516 153.6271 100.0000 stroke15
movl 0 -30.1372 387.0782 179.2958 -175.9412 -18.2803 153.3234 100.0000 stroke15
movl 0 -34.4879 387.5665 178.8698 -176.2021 -16.3931 152.2920 100.0000 stroke15
movl 0 -36.3463 387.0713 178.8600 -176.7282 -15.6595 151.3943 100.0000 stroke15
movl 0 -34.4258 388.4767 178.9873 -176.4431 -14.8141 148.8301 100.0000 stroke15
movl 0 -30.8346 391.0662 178.7103 -175.7672 -13.9622 145.7353 100.0000 stroke15
movl 0 -31.1193 390.8502 178.9348 -176.0922 -13.6426 145.1669 100.0000 stroke15
movl 0 -33.4635 391.7528 178.4598 -175.8704 -12.6489 145.1864 100.0000 stroke15
movl 0 -33.5476 391.8236 178.2336 -175.5193 -12.8961 145.5855 100.0000 stroke15
movl 0 -33.3309 390.1643 178.5527 -175.4692 -14.1898 147.1397 100.0000 stroke15
movl 0 -25.3221 383.7454 193.7345 -177.5980 -20.7391 150.9509 100.0000 stroke15
movl 0 -14.9334 366.5641 237.8727 177.1426 -30.7589 161.0139 100.0000 stroke16
movl 0 -16.9124 374.4777 191.5590 -177.3372 -26.8463 156.6431 100.0000 stroke16
movl 0 -20.1259 378.4841 178.8611 -176.1782 -24.4910 155.8564 100.0000 stroke16
movl 0 -21.8037 381.2397 176.0471 -175.7622 -23.4747 155.9903 100.0000 stroke16
movl 0 -24.1412 383.5040 174.5644 -175.4641 -22.2255 156.2849 100.0000 stroke16
movl 0 -27.0334 389.2168 173.3662 -172.6182 -19.0091 154.1457 100.0000 stroke16
movl 0 -26.7668 392.9619 172.2118 -170.8813 -17.8081 152.4967 100.0000 stroke16
movl 0 -27.0133 394.5132 171.7228 -169.8873 -17.3685 151.7249 100.0000 stroke16
movl 0 -27.7030 394.7908 171.5824 -169.3939 -17.2148 151.6802 100.0000 stroke16
movl 0 -27.7930 394.8277 171.7684 -168.6482 -17.0427 151.3869 100.0000 stroke16
movl 0 -28.6186 394.6632 172.1675 -167.7757 -16.6883 151.2398 100.0000 stroke16
movl 0 -29.0299 394.2347 172.4613 -167.2804 -16.8490 151.5892 100.0000 stroke16
movl 0 -28.5270 392.5271 173.1979 -167.2029 -17.7891 152.2891 100.0000 stroke16
movl 0 -28.2612 384.9010 182.9531 -168.7165 -22.6463 154.8325 100.0000 stroke16
movl 0 -24.9052 368.6201 199.3510 177.0944 -22.8121 167.7773 100.0000 stroke17
movl 0 -34.0082 365.7499 185.1690 176.5346 -19.9421 166.6510 100.0000 stroke17
movl 0 -34.6705 370.4687 182.1041 178.8451 -18.2613 164.1022 100.0000 stroke17
movl 0 -35.5155 370.8699 181.4726 179.2397 -18.1562 163.4512 100.0000 stroke17
movl 0 -39.8610 372.7854 180.4635 179.8289 -15.7916 160.7912 100.0000 stroke17
movl 0 -42.3024 373.5469 180.2446 -179.9215 -14.5849 158.5644 100.0000 stroke17
movl 0 -42.5947 374.0459 180.0869 179.9875 -14.0678 157.2649 100.0000 stroke17
movl 0 -41.4302 375.1751 180.0820 -179.8078 -13.6610 155.6232 100.0000 stroke17
movl 0 -39.7031 377.2911 179.8139 -179.4716 -12.9638 153.4030 100.0000 stroke17
movl 0 -37.3153 380.0142 179.3030 -179.0962 -11.9999 150.9413 100.0000 stroke17
movl 0 -35.1326 379.0810 179.7976 -179.1000 -13.2389 151.1849 100.0000 stroke17
movl 0 -33.6859 379.0832 179.9488 -178.9864 -13.7718 151.1974 100.0000 stroke17
movl 0 -34.0285 379.6728 179.8053 -178.6875 -13.2864 150.8628 100.0000 stroke17
movl 0 -34.7322 381.3245 179.2085 -177.8343 -12.2999 150.3683 100.0000 stroke17
movl 0 -35.6941 381.3266 178.8785 -177.3066 -12.6212 151.2924 100.0000 stroke17
movl 0 -30.4809 377.9066 180.3632 -177.3132 -16.2681 152.5494 100.0000 stroke17
movl 0 -16.0606 368.8174 211.9538 178.1293 -26.5423 155.7266 100.0000 stroke17
movl 0 -9.9426 391.0137 216.9470 -168.2962 -23.8383 153.1010 100.0000 stroke18
movl 0 -10.9512 386.7235 185.4086 -169.1985 -22.1730 152.0009 100.0000 stroke18
movl 0 -16.7840 384.5757 183.7119 -172.1405 -20.0626 152.5438 100.0000 stroke18
movl 0 -14.6833 385.5660 183.1803 -171.9403 -19.5533 151.3208 100.0000 stroke18
movl 0 -15.0018 386.8901 182.3900 -171.4277 -19.0109 150.9968 100.0000 stroke18
movl 0 -17.0115 388.4188 180.9476 -170.9260 -18.2902 151.2929 100.0000 stroke18
movl 0 -20.7904 393.2553 178.2277 -169.5803 -16.0091 150.4600 100.0000 stroke18
movl 0 -24.4200 397.3598 176.6624 -168.0745 -12.9290 148.7036 100.0000 stroke18
movl 0 -26.0094 398.9738 176.1460 -167.0421 -11.5723 147.8474 100.0000 stroke18
movl 0 -27.5844 399.4934 175.8853 -166.0106 -10.6482 147.4537 100.0000 stroke18
movl 0 -29.1918 399.3311 175.8306 -165.2677 -10.0858 147.6087 100.0000 stroke18
movl 0 -31.3484 398.5998 175.8057 -164.7893 -9.7333 148.1682 100.0000 stroke18
movl 0 -33.6620 397.4223 175.8984 -164.5553 -9.7820 149.2576 100.0000 stroke18
movl 0 -35.7152 396.0871 176.1261 -164.5056 -9.9858 150.2482 100.0000 stroke18
movl 0 -36.3215 395.0500 176.4528 -164.4566 -10.3549 150.7374 100.0000 stroke18
movl 0 -36.9405 394.6219 176.4689 -164.3544 -10.6248 151.0292 100.0000 stroke18
movl 0 -36.9442 394.1416 176.6204 -164.3314 -10.9199 151.0707 100.0000 stroke18
movl 0 -36.5298 393.8264 176.6796 -164.2153 -11.3597 151.1033 100.0000 stroke18
movl 0 -36.1369 393.4711 176.8433 -164.3475 -11.7103 151.0750 100.0000 stroke18
movl 0 -36.1581 393.2059 176.9566 -164.4414 -11.8695 151.0746 100.0000 stroke18
movl 0 -36.3629 393.3148 176.7950 -164.4195 -11.8192 151.0665 100.0000 stroke18
movl 0 -36.1687 393.2102 176.8083 -164.3581 -12.0446 151.0657 100.0000 stroke18
movl 0 -36.1867 393.0719 176.8676 -164.3275 -12.1613 150.9594 100.0000 stroke18
movl 0 -33.0450 390.9541 178.5105 -164.3764 -14.3825 151.1072 100.0000 stroke18
movl 0 -26.6533 383.1905 211.2255 -171.8284 -25.8723 159.2068 100.0000 stroke18
movl 0 -17.4694 385.6566 235.7466 168.4027 -24.6699 -170.2731 100.0000 stroke19
movl 0 -15.1748 366.7048 188.5960 169.5470 -23.0618 -177.2623 100.0000 stroke19
movl 0 -33.1254 362.1564 189.4319 172.9337 -16.8463 176.7394 100.0000 stroke19
movl 0 -38.7167 362.6979 186.1666 174.3691 -15.5147 174.7321 100.0000 stroke19
movl 0 -41.0941 362.6792 184.1678 174.3064 -16.0190 176.4244 100.0000 stroke19
movl 0 -43.3326 364.1973 182.4174 174.5194 -15.5252 176.8885 100.0000 stroke19
movl 0 -45.5434 364.0003 181.8414 174.2360 -14.7649 176.9864 100.0000 stroke19
movl 0 -47.6842 365.3865 181.1449 174.7869 -13.7135 176.5777 100.0000 stroke19
movl 0 -50.6697 366.6720 180.8061 175.5256 -12.1317 174.7050 100.0000 stroke19
movl 0 -50.1749 368.0989 180.9522 176.4106 -11.7369 172.3816 100.0000 stroke19
movl 0 -50.0770 368.9124 181.2753 177.2806 -11.3749 170.7488 100.0000 stroke19
movl 0 -50.2937 370.3741 181.5751 178.4871 -10.7176 169.1719 100.0000 stroke19
movl 0 -50.7516 372.5629 181.9090 -179.9521 -9.5373 166.9120 100.0000 stroke19
movl 0 -51.9150 375.3870 181.8588 -178.2591 -7.8688 164.0640 100.0000 stroke19
movl 0 -53.5932 378.2507 181.5896 -176.7606 -5.8224 160.4797 100.0000 stroke19
movl 0 -56.9785 380.9612 180.8847 -175.7644 -3.0561 156.0779 100.0000 stroke19
movl 0 -59.9023 383.0096 180.1416 -175.3648 -0.7661 152.3498 100.0000 stroke19
movl 0 -62.7850 385.1082 179.2594 -175.3318 1.4724 148.8841 100.0000 stroke19
movl 0 -66.3409 387.0384 178.1456 -175.7915 3.9337 145.4164 100.0000 stroke19
movl 0 -69.0762 389.0629 177.1225 -176.2712 6.0990 142.3332 100.0000 stroke19
movl 0 -71.3247 390.7228 176.2614 -176.6529 7.8181 139.5738 100.0000 stroke19
movl 0 -70.8009 390.0415 176.9163 -176.9610 7.4548 138.5398 100.0000 stroke19
movl 0 -68.7938 390.7548 177.2048 -176.7653 7.2327 137.7556 100.0000 stroke19
movl 0 -66.6412 392.0379 177.2086 -176.4917 7.3246 136.9947 100.0000 stroke19
movl 0 -65.2242 392.4150 177.4050 -176.2032 7.2623 136.9966 100.0000 stroke19
movl 0 -63.0643 392.8030 177.8496 -175.8638 7.0657 137.0025 100.0000 stroke19
movl 0 -61.0896 393.3718 178.0823 -175.5719 6.9796 136.8153 100.0000 stroke19
movl 0 -59.3343 393.7552 178.3586 -175.2724 6.8431 136.7602 100.0000 stroke19
movl 0 -57.2283 394.1945 178.7469 -175.0163 6.7149 136.6354 100.0000 stroke19
movl 0 -55.4738 394.5084 179.0611 -174.8145 6.6609 136.3269 100.0000 stroke19
movl 0 -53.9171 394.6707 179.4223 -174.7159 6.5745 136.0087 100.0000 stroke19
movl 0 -52.6325 394.6669 179.7896 -174.6564 6.5143 135.6784 100.0000 stroke19
movl 0 -51.4950 394.8705 180.0671 -174.5619 6.4318 135.3834 100.0000 stroke19
movl 0 -50.0289 395.0883 180.4604 -174.4392 6.3110 135.0622 100.0000 stroke19
movl 0 -48.4493 395.3085 180.8790 -174.2689 6.1991 134.7558 100.0000 stroke19
movl 0 -47.4962 395.3655 181.1644 -174.1640 6.1490 134.5540 100.0000 stroke19
movl 0 -46.6497 395.0793 181.6506 -174.1636 5.9952 134.3484 100.0000 stroke19
movl 0 -45.1266 395.0615 182.1925 -174.0675 5.7655 134.0503 100.0000 stroke19
movl 0 -44.2656 395.0647 182.5632 -173.9572 5.6193 133.9185 100.0000 stroke19
movl 0 -43.1674 394.5699 183.3266 -173.9446 5.3207 133.7205 100.0000 stroke19
movl 0 -42.1917 394.0473 183.7947 -173.9994 5.0401 133.5673 100.0000 stroke19
movl 0 -40.8029 393.6412 184.3962 -173.9751 4.7089 133.4101 100.0000 stroke19
movl 0 -41.0757 393.7311 184.2442 -173.9879 4.7456 133.4473 100.0000 stroke19
movl 0 -40.1762 392.7681 185.0685 -173.8718 4.0773 133.6489 100.0000 stroke19
movl 0 -30.6126 385.8610 195.2786 -173.0348 -0.9834 135.0686 100.0000 stroke19
