movl 0 -54.4964 404.5120 211.0629 160.0320 11.5791 -115.8683 100.0000 stroke1
movl 0 -53.1929 404.6040 210.7814 159.3837 11.5453 -116.0863 100.0000 stroke1
movl 0 -51.7988 402.8843 211.6524 158.5350 12.6839 -115.4827 100.0000 stroke1
movl 0 -51.5132 400.5046 212.0976 158.4457 14.5521 -112.8766 100.0000 stroke1
movl 0 -53.6068 390.3738 213.1143 157.9637 20.7164 -115.5185 100.0000 stroke1
movl 0 -51.5053 388.5374 208.9604 158.8326 16.6391 -113.1377 100.0000 stroke1
movl 0 -49.0950 389.3810 199.8599 159.0628 14.2099 -108.8814 100.0000 stroke1
movl 0 -50.8381 387.0820 193.8990 160.5546 16.1599 -108.2069 100.0000 stroke1
movl 0 -54.1644 384.1909 190.7566 162.5076 17.9888 -105.5480 100.0000 stroke1
movl 0 -55.9711 386.2982 187.9767 164.2122 18.0013 -103.3357 100.0000 stroke1
movl 0 -59.2898 387.3723 185.4848 166.0706 18.9995 -100.1906 100.0000 stroke1
movl 0 -60.9997 388.0330 184.4475 166.7571 19.0028 -99.9905 100.0000 stroke1
movl 0 -62.3248 388.5754 183.3561 167.2006 19.1365 -100.2481 100.0000 stroke1
movl 0 -63.7781 389.1571 182.4947 167.1442 18.6920 -100.9255 100.0000 stroke1
movl 0 -65.4906 389.1018 182.0528 167.2408 18.4807 -101.5554 100.0000 stroke1
movl 0 -66.6528 389.3250 181.6758 167.3710 18.3013 -102.0566 100.0000 stroke1
movl 0 -67.2681 389.7568 181.2501 167.2004 18.1754 -102.9316 100.0000 stroke1
movl 0 -68.1694 390.2700 180.8846 167.2242 18.0358 -103.3348 100.0000 stroke1
movl 0 -68.8232 390.8305 180.3707 167.5610 17.7762 -103.4884 100.0000 stroke1
movl 0 -69.4074 391.5244 179.7852 167.9302 17.4496 -103.9625 100.0000 stroke1
movl 0 -70.6207 391.6675 179.3816 168.4852 17.3186 -104.5679 100.0000 stroke1
movl 0 -71.8443 392.1752 178.9926 169.1392 17.0455 -105.0330 100.0000 stroke1
movl 0 -72.7436 392.3770 178.9115 169.7747 16.7915 -105.4787 100.0000 stroke1
movl 0 -73.8084 392.6906 178.7607 170.5292 16.5345 -106.0359 100.0000 stroke1
movl 0 -75.5397 393.0312 178.5451 171.3587 16.1970 -107.2530 100.0000 stroke1
movl 0 -77.4204 393.5877 178.1702 172.0503 15.8090 -109.0203 100.0000 stroke1
movl 0 -78.9250 394.3128 177.7443 172.7807 15.4630 -110.8399 100.0000 stroke1
movl 0 -80.2455 394.8762 177.4339 173.3124 15.1263 -112.8145 100.0000 stroke1
movl 0 -81.5690 395.2631 177.1024 173.9692 15.1998 -114.7814 100.0000 stroke1
movl 0 -82.2500 395.6163 176.8800 174.4494 15.1033 -116.0897 100.0000 stroke1
movl 0 -83.3371 395.8766 176.4000 175.3254 15.1667 -117.2101 100.0000 stroke1
movl 0 -83.4302 395.8632 176.3004 175.1730 15.0663 -118.1268 100.0000 stroke1
movl 0 -82.5385 395.2197 176.7743 174.2767 15.0030 -118.9187 100.0000 stroke1
movl 0 -80.8648 395.1296 177.4123 173.4392 14.7477 -119.4229 100.0000 stroke1
movl 0 -79.2841 394.8050 177.7032 172.7780 14.6823 -119.4060 100.0000 stroke1
movl 0 -77.7989 394.8733 178.1225 172.2007 14.5701 -119.6598 100.0000 stroke1
movl 0 -77.6652 394.6257 178.3799 171.9280 14.7625 -119.9307 100.0000 stroke1
movl 0 -77.2492 394.3835 178.6889 171.7349 14.8992 -120.2919 100.0000 stroke1
movl 0 -77.0468 394.2163 179.0531 171.6092 15.0567 -120.6262 100.0000 stroke1
movl 0 -76.7198 394.2575 179.1962 171.6390 15.0075 -120.8641 100.0000 stroke1
movl 0 -76.2993 393.9359 179.5593 171.4938 15.0633 -121.0029 100.0000 stroke1
movl 0 -75.5107 393.8668 179.8720 171.2545 14.9929 -121.3967 100.0000 stroke1
movl 0 -75.3677 393.7712 180.0112 171.2437 14.9743 -121.4903 100.0000 stroke1
movl 0 -75.1156 394.3889 179.7431 171.4390 14.4052 -121.3956 100.0000 stroke1
movl 0 -74.9737 394.9708 179.7252 171.5629 13.5515 -121.7694 100.0000 stroke1
movl 0 -75.2652 395.0572 179.6084 171.7000 13.2082 -121.9913 100.0000 stroke1
movl 0 -75.1098 395.2090 179.8464 171.7396 12.6632 -122.4055 100.0000 stroke1
movl 0 -74.7967 395.1904 180.0811 171.7501 12.2247 -122.7025 100.0000 stroke1
movl 0 -74.5505 395.0084 180.3112 171.6547 11.8844 -122.9562 100.0000 stroke1
movl 0 -73.9723 394.4647 180.7984 171.5192 11.6416 -122.8975 100.0000 stroke1
movl 0 -73.6127 393.6151 181.3072 171.3907 11.7394 -122.5938 100.0000 stroke1
movl 0 -73.0310 393.0295 181.3292 171.1217 12.2642 -121.2896 100.0000 stroke1
movl 0 -71.7510 392.3828 181.5069 170.3554 12.8603 -119.1315 100.0000 stroke1
movl 0 -71.2202 391.7357 181.7403 169.9537 13.2709 -118.3529 100.0000 stroke1
movl 0 -71.0595 391.3083 181.9365 169.6118 13.4748 -118.0200 100.0000 stroke1
movl 0 -70.6926 390.8208 182.1601 169.2207 13.6502 -117.8547 100.0000 stroke1
movl 0 -70.8939 390.6859 182.2703 169.0368 13.6484 -117.7987 100.0000 stroke1
movl 0 -71.1356 390.4185 182.3819 168.8554 13.7376 -117.6013 100.0000 stroke1
movl 0 -70.9320 390.5472 182.2785 168.9686 13.7130 -117.5057 100.0000 stroke1
movl 0 -70.9880 390.2583 182.4356 168.9205 13.7500 -117.3942 100.0000 stroke1
movl 0 -69.7532 388.5498 184.0979 168.0528 14.1629 -117.8968 100.0000 stroke1
movl 0 -67.4304 381.6681 193.9191 165.7588 16.3169 -118.0178 100.0000 stroke1
movl 0 -69.1258 367.9558 234.0541 162.3029 19.0366 -117.4968 100.0000 stroke1
movl 0 -42.5392 366.8742 218.6916 164.5913 30.1296 -77.3468 100.0000 stroke2
movl 0 -51.4546 367.7859 194.8419 167.2805 27.3672 -76.6573 100.0000 stroke2
movl 0 -54.4600 370.2817 182.2892 168.6581 24.3716 -76.7731 100.0000 stroke2
movl 0 -55.2064 368.7758 181.3968 169.3969 24.9673 -77.1030 100.0000 stroke2
movl 0 -55.6252 370.9821 179.3309 169.8305 24.1457 -76.8853 100.0000 stroke2
movl 0 -57.2215 371.8047 178.4317 169.9258 23.9105 -76.5964 100.0000 stroke2
movl 0 -59.0005 373.0010 177.7431 170.0188 23.5578 -76.2433 100.0000 stroke2
movl 0 -59.9439 373.4427 177.5527 170.2803 23.5717 -75.8171 100.0000 stroke2
movl 0 -60.9342 374.0936 177.1760 170.3048 23.1821 -76.3818 100.0000 stroke2
movl 0 -62.7988 374.4307 176.6566 171.3633 22.6871 -76.4461 100.0000 stroke2
movl 0 -64.3112 374.9340 176.1146 172.1848 21.8582 -76.8105 100.0000 stroke2
movl 0 -65.3797 375.3648 175.8452 172.7265 21.2251 -77.4688 100.0000 stroke2
movl 0 -66.3814 375.7347 175.6200 173.2415 20.5120 -78.0090 100.0000 stroke2
movl 0 -67.8568 375.4164 175.7641 174.1235 20.7424 -78.0467 100.0000 stroke2
movl 0 -67.8763 375.7391 175.7125 174.4510 20.5896 -78.3430 100.0000 stroke2
movl 0 -67.4072 376.0927 175.8437 174.6100 20.3924 -78.9207 100.0000 stroke2
movl 0 -66.9096 376.3991 175.9675 174.7758 20.3096 -79.5103 100.0000 stroke2
movl 0 -66.0006 376.8631 176.2559 174.8683 20.1840 -80.2920 100.0000 stroke2
movl 0 -65.0098 377.2886 176.3205 174.9578 20.0110 -81.0818 100.0000 stroke2
movl 0 -63.9048 377.8140 176.2427 175.1366 19.9023 -81.8430 100.0000 stroke2
movl 0 -61.8980 378.5229 176.5319 175.0895 19.7880 -82.8386 100.0000 stroke2
movl 0 -61.0094 379.0407 176.5798 175.3070 19.6405 -83.4909 100.0000 stroke2
movl 0 -60.2086 379.5019 176.7887 175.6090 19.5805 -84.2319 100.0000 stroke2
movl 0 -59.1718 380.2066 176.7874 175.8725 19.3852 -85.0741 100.0000 stroke2
movl 0 -59.5062 380.2605 177.0884 176.4025 19.3534 -85.6538 100.0000 stroke2
movl 0 -59.2233 380.5503 177.2356 176.8590 19.3892 -86.3810 100.0000 stroke2
movl 0 -58.7091 381.1187 177.3239 177.1733 19.2210 -87.0804 100.0000 stroke2
movl 0 -58.5220 381.4059 177.3724 177.6315 19.1707 -87.6698 100.0000 stroke2
movl 0 -58.3440 381.9554 177.2437 178.1241 19.0870 -88.3524 100.0000 stroke2
movl 0 -58.4346 382.8849 176.9961 178.7980 18.9059 -89.3392 100.0000 stroke2
movl 0 -58.4065 384.0648 176.5471 179.3397 18.6754 -90.4374 100.0000 stroke2
movl 0 -57.6476 385.0815 176.2597 179.3641 18.4101 -91.1991 100.0000 stroke2
movl 0 -57.7024 383.9249 176.8433 179.0483 18.9376 -91.0942 100.0000 stroke2
movl 0 -56.4243 383.3496 177.4621 178.4399 19.2430 -91.3800 100.0000 stroke2
movl 0 -56.0309 382.9765 177.8198 178.3396 19.4621 -91.5144 100.0000 stroke2
movl 0 -55.2883 382.5956 178.2513 178.1030 19.7199 -91.7429 100.0000 stroke2
movl 0 -54.8281 382.4536 178.5413 177.8994 19.8060 -91.8652 100.0000 stroke2
movl 0 -54.4293 382.3179 178.7557 177.8154 19.9472 -92.0399 100.0000 stroke2
movl 0 -54.2532 382.5135 178.6893 177.7839 19.6194 -91.9694 100.0000 stroke2
movl 0 -54.1220 382.9279 178.8383 177.8631 18.5429 -92.2971 100.0000 stroke2
movl 0 -53.5717 382.7743 178.6977 177.7168 18.3178 -92.2209 100.0000 stroke2
movl 0 -53.1905 382.4022 178.8396 177.1231 18.6171 -91.6636 100.0000 stroke2
movl 0 -53.4530 382.2019 178.9896 176.7410 18.8171 -91.1995 100.0000 stroke2
movl 0 -53.0766 381.9215 179.1929 176.3320 19.0220 -90.9789 100.0000 stroke2
movl 0 -53.2755 381.3386 179.6068 176.1675 19.3382 -90.8529 100.0000 stroke2
movl 0 -53.4615 380.8339 179.8744 176.0748 19.5569 -90.7146 100.0000 stroke2
movl 0 -53.6271 380.0132 180.2920 175.9433 19.8428 -90.5364 100.0000 stroke2
movl 0 -53.8595 376.6282 182.7247 175.7311 21.0852 -90.1799 100.0000 stroke2
movl 0 -55.3179 368.1509 197.1964 174.8022 23.7894 -89.1742 100.0000 stroke2
movl 0 -49.9094 355.0369 249.2518 173.8133 34.2234 -56.3334 100.0000 stroke3
movl 0 -51.6013 358.4850 210.5153 174.1577 30.1100 -55.8500 100.0000 stroke3
movl 0 -53.7821 359.7243 188.6689 178.1768 28.6607 -52.8725 100.0000 stroke3
movl 0 -51.0693 359.6366 179.6321 178.2364 28.5882 -52.9369 100.0000 stroke3
movl 0 -48.5177 362.5724 177.2286 178.0770 28.3035 -52.9799 100.0000 stroke3
movl 0 -48.1549 364.2315 176.0008 177.3308 27.9123 -54.4286 100.0000 stroke3
movl 0 -48.7997 365.2773 175.0689 177.4704 27.6474 -54.3630 100.0000 stroke3
movl 0 -49.1940 366.3224 174.5272 177.3530 27.3014 -54.4478 100.0000 stroke3
movl 0 -50.8937 368.3419 173.5925 176.8410 25.6249 -55.7214 100.0000 stroke3
movl 0 -51.9687 369.7614 173.1393 175.9351 24.5451 -58.0691 100.0000 stroke3
movl 0 -52.2373 371.0255 172.7374 175.3514 23.3366 -59.8541 100.0000 stroke3
movl 0 -50.9550 372.5596 172.4435 174.2728 22.5668 -61.6668 100.0000 stroke3
movl 0 -52.2066 372.2618 172.9389 173.3082 21.8518 -63.7041 100.0000 stroke3
movl 0 -52.7292 372.1303 173.2900 171.9991 21.2831 -67.5169 100.0000 stroke3
movl 0 -53.4698 372.1610 173.6058 170.6650 20.2713 -71.5735 100.0000 stroke3
movl 0 -54.5225 371.8950 174.0119 169.4881 19.2429 -75.4417 100.0000 stroke3
movl 0 -55.0989 372.2848 174.0504 168.6649 18.2816 -78.5534 100.0000 stroke3
movl 0 -55.3621 372.7477 174.0479 167.3598 17.0540 -82.4726 100.0000 stroke3
movl 0 -55.9153 372.9841 174.1340 166.6114 16.1475 -85.6058 100.0000 stroke3
movl 0 -56.2941 373.2890 174.1072 166.0268 15.3481 -87.8157 100.0000 stroke3
movl 0 -57.0521 373.3355 174.1837 165.8523 14.8967 -89.2279 100.0000 stroke3
movl 0 -56.9424 373.8626 174.1467 165.4073 14.2832 -90.4831 100.0000 stroke3
movl 0 -57.1997 373.8850 174.1271 165.1803 13.8947 -91.3589 100.0000 stroke3
movl 0 -57.5531 373.9863 174.0804 165.0848 13.4722 -92.5360 100.0000 stroke3
movl 0 -57.7989 373.8549 174.2498 165.0442 12.8304 -93.7764 100.0000 stroke3
movl 0 -57.7630 373.5685 174.6340 164.7098 12.1973 -94.8664 100.0000 stroke3
movl 0 -57.7551 373.2858 174.9237 164.6082 11.6799 -95.8452 100.0000 stroke3
movl 0 -57.7219 372.7841 175.3676 164.3724 11.0681 -97.2108 100.0000 stroke3
movl 0 -57.6875 372.5520 175.6384 164.1929 10.4185 -98.3541 100.0000 stroke3
movl 0 -57.7337 372.0656 176.1116 164.1065 9.8303 -99.0503 100.0000 stroke3
movl 0 -57.7844 371.5932 176.5651 164.0501 9.2302 -100.0126 100.0000 stroke3
movl 0 -57.7786 371.0094 177.0636 163.9437 8.7474 -100.7001 100.0000 stroke3
movl 0 -57.6562 370.6689 177.6099 163.7580 7.8106 -101.7283 100.0000 stroke3
movl 0 -57.6462 370.2186 178.0463 163.6844 7.0130 -102.7812 100.0000 stroke3
movl 0 -57.7216 370.1059 178.3008 163.7601 6.1454 -103.8449 100.0000 stroke3
movl 0 -57.4413 369.8647 178.7260 163.6273 5.1768 -105.0593 100.0000 stroke3
movl 0 -57.5271 369.8352 178.9282 163.7561 4.3363 -106.0913 100.0000 stroke3
movl 0 -57.6230 370.0644 179.0444 163.8358 3.2605 -107.3482 100.0000 stroke3
movl 0 -57.6897 370.1111 179.2679 163.9559 2.0240 -108.8403 100.0000 stroke3
movl 0 -57.8776 370.3236 179.4093 164.1427 0.7572 -110.3470 100.0000 stroke3
movl 0 -57.9533 370.3865 179.5499 164.3631 -0.1902 -111.3610 100.0000 stroke3
movl 0 -57.9845 370.8265 179.6382 164.8174 -1.5495 -112.9615 100.0000 stroke3
movl 0 -58.3311 371.2654 179.5786 165.3636 -2.7610 -114.3426 100.0000 stroke3
movl 0 -58.5560 371.9790 179.5493 165.9738 -4.0898 -115.3238 100.0000 stroke3
movl 0 -58.9775 372.5333 179.4402 166.6122 -5.1441 -116.1497 100.0000 stroke3
movl 0 -59.3315 372.9403 179.3479 167.0676 -6.1081 -116.5482 100.0000 stroke3
movl 0 -59.7827 373.0878 179.2506 167.4556 -6.7986 -116.8285 100.0000 stroke3
movl 0 -59.9026 373.0566 179.2650 167.5897 -7.3438 -116.2900 100.0000 stroke3
movl 0 -60.9514 371.2191 180.0239 167.2095 -6.6791 -114.2687 100.0000 stroke3
movl 0 -58.5886 370.2819 180.8062 166.0754 -4.8594 -111.3362 100.0000 stroke3
movl 0 -56.9419 368.8311 181.4689 165.3391 -2.9458 -109.1844 100.0000 stroke3
movl 0 -56.3177 368.4299 181.6970 165.1619 -2.8817 -109.0024 100.0000 stroke3
movl 0 -56.2082 368.2677 181.8394 165.2140 -3.3048 -109.3172 100.0000 stroke3
movl 0 -56.1840 368.3492 181.7682 165.4216 -3.7975 -109.6367 100.0000 stroke3
movl 0 -55.3611 367.4301 182.2463 165.1068 -3.0770 -109.9743 100.0000 stroke3
movl 0 -54.1361 366.6379 182.7646 164.6245 -2.5388 -110.4963 100.0000 stroke3
movl 0 -53.1637 365.7281 183.3426 164.2191 -1.8293 -110.8197 100.0000 stroke3
movl 0 -53.5988 366.7022 182.6305 164.8029 -2.2832 -111.2181 100.0000 stroke3
movl 0 -54.8419 367.4139 182.0285 165.3688 -3.7906 -110.8506 100.0000 stroke3
movl 0 -55.7679 367.1146 181.9746 165.6317 -3.9707 -110.2840 100.0000 stroke3
movl 0 -54.6036 365.4046 182.6043 164.7083 -2.1581 -108.5388 100.0000 stroke3
movl 0 -52.0620 361.4281 183.7873 162.5530 2.3275 -106.1454 100.0000 stroke3
movl 0 -52.3266 361.7656 183.1191 162.6919 2.6931 -105.6263 100.0000 stroke3
movl 0 -53.2979 363.0899 181.9587 162.9715 1.5965 -105.0063 100.0000 stroke3
movl 0 -55.3838 363.3246 181.1498 163.4377 0.8802 -103.5528 100.0000 stroke3
movl 0 -56.2092 363.0794 180.7177 163.3689 1.2446 -101.7033 100.0000 stroke3
movl 0 -56.5442 363.0626 180.3716 163.2965 1.8549 -99.5682 100.0000 stroke3
movl 0 -56.5503 362.7433 180.4985 162.8767 2.3310 -98.7347 100.0000 stroke3
movl 0 -54.0408 360.3367 181.9397 161.3954 4.3096 -98.0392 100.0000 stroke3
movl 0 -48.5245 355.0353 185.8059 158.1128 8.1518 -97.4343 100.0000 stroke3
movl 0 -47.6757 357.1690 185.9159 157.8681 7.8573 -96.7830 100.0000 stroke3
movl 0 -49.3494 357.7972 185.8197 158.6462 7.8881 -96.1914 100.0000 stroke3
movl 0 -50.7467 358.0326 189.0338 158.9547 8.8369 -94.4742 100.0000 stroke3
movl 0 -52.7426 355.3111 216.6180 158.4796 11.1782 -92.6115 100.0000 stroke3
movl 0 -38.1170 378.7843 207.7398 159.1779 18.7527 -70.2917 100.0000 stroke4
movl 0 -41.4267 381.6158 189.3133 160.9051 18.0487 -70.9713 100.0000 stroke4
movl 0 -44.3887 382.3715 185.3133 161.7010 17.8190 -71.1353 100.0000 stroke4
movl 0 -46.6592 384.3297 181.8621 162.4996 16.9050 -71.0490 100.0000 stroke4
movl 0 -47.3777 386.1325 179.6197 162.9945 16.4527 -71.1363 100.0000 stroke4
movl 0 -48.5453 387.7744 178.0952 163.2919 15.9619 -71.3068 100.0000 stroke4
movl 0 -52.2754 389.5658 176.5617 164.8029 14.2580 -71.3688 100.0000 stroke4
movl 0 -53.3806 390.7958 176.0849 165.1674 12.8765 -73.1913 100.0000 stroke4
movl 0 -52.5707 391.9839 175.7069 165.1601 12.0055 -74.4905 100.0000 stroke4
movl 0 -52.1719 392.1217 175.5766 164.9505 11.5584 -75.0989 100.0000 stroke4
movl 0 -52.8778 391.2161 175.9663 164.5255 11.0777 -75.3362 100.0000 stroke4
movl 0 -53.4444 389.4592 176.8572 164.2449 10.9622 -75.4421 100.0000 stroke4
movl 0 -53.8326 387.5151 177.9642 164.1266 11.1412 -75.4824 100.0000 stroke4
movl 0 -53.5549 385.7628 179.3268 163.8455 11.5367 -75.7052 100.0000 stroke4
movl 0 -53.3213 384.6951 180.2740 163.6789 11.7361 -75.8586 100.0000 stroke4
movl 0 -52.9029 384.3127 180.6703 163.5341 11.7556 -75.9786 100.0000 stroke4
movl 0 -52.7270 383.8589 181.3002 163.4369 11.9531 -76.2464 100.0000 stroke4
movl 0 -52.8660 381.9618 184.7859 163.5481 12.8456 -76.5475 100.0000 stroke4
movl 0 -54.0325 370.6791 211.7633 164.4955 16.8452 -77.0220 100.0000 stroke4
movl 0 -58.6690 343.9933 236.6329 164.9590 21.6898 -72.5297 100.0000 stroke5
movl 0 -62.0399 346.8106 210.7034 166.3456 19.2099 -74.1568 100.0000 stroke5
movl 0 -63.4155 352.3800 190.6269 166.7809 16.6709 -75.3609 100.0000 stroke5
movl 0 -62.1805 351.3910 189.3801 166.2418 17.0080 -76.2854 100.0000 stroke5
movl 0 -64.4883 354.4651 185.3332 166.7435 15.9310 -76.7960 100.0000 stroke5
movl 0 -65.7465 357.0140 183.0244 166.8596 15.3289 -77.9536 100.0000 stroke5
movl 0 -67.3618 357.2995 182.3042 166.8583 15.0559 -78.6102 100.0000 stroke5
movl 0 -70.1709 358.9881 180.9955 167.6591 13.6988 -79.4382 100.0000 stroke5
movl 0 -71.7696 360.4706 179.9948 168.2077 12.1266 -79.9667 100.0000 stroke5
movl 0 -72.8765 361.2353 179.6868 168.5332 10.8526 -81.0039 100.0000 stroke5
movl 0 -73.4799 361.5832 179.5642 168.7670 10.8771 -81.6495 100.0000 stroke5
movl 0 -72.9559 362.7343 179.3379 168.8556 11.2021 -82.1690 100.0000 stroke5
movl 0 -72.0001 364.1300 179.2469 168.7222 11.3040 -82.8443 100.0000 stroke5
movl 0 -69.7959 365.8897 179.3740 168.4349 11.3596 -83.8208 100.0000 stroke5
movl 0 -66.9645 367.6046 179.7174 168.0090 11.6045 -84.8337 100.0000 stroke5
movl 0 -64.1010 368.6980 180.3959 167.6128 12.0000 -85.7961 100.0000 stroke5
movl 0 -60.0913 367.9209 182.4772 166.9578 13.4588 -86.7910 100.0000 stroke5
movl 0 -58.0754 367.3551 183.2353 166.1592 13.7735 -86.7655 100.0000 stroke5
movl 0 -56.9747 366.5898 183.9896 165.8003 14.1220 -86.9456 100.0000 stroke5
movl 0 -53.3430 364.0176 190.5539 164.9830 16.0411 -87.3216 100.0000 stroke5
movl 0 -47.8081 358.7426 222.7314 164.6259 19.8255 -86.8413 100.0000 stroke5
movl 0 -20.4055 378.8310 243.5245 171.2739 30.3833 -63.0626 100.0000 stroke6
movl 0 -20.2548 378.4884 207.3261 168.2846 25.2196 -65.9296 100.0000 stroke6
movl 0 -25.0725 376.3597 191.1560 167.3776 23.0516 -67.4703 100.0000 stroke6
movl 0 -29.8486 372.6103 186.7796 168.1633 23.4397 -68.7934 100.0000 stroke6
movl 0 -38.4674 370.7425 181.8176 170.8876 22.7117 -67.7440 100.0000 stroke6
movl 0 -38.4544 372.3155 180.0575 170.9602 22.2783 -67.7656 100.0000 stroke6
movl 0 -38.7071 372.7020 179.5284 170.7503 21.8921 -68.8335 100.0000 stroke6
movl 0 -39.2115 373.7622 178.9691 170.4099 21.4431 -70.3809 100.0000 stroke6
movl 0 -40.6322 375.5951 177.9654 170.0181 20.2244 -72.2528 100.0000 stroke6
movl 0 -41.9185 376.8905 177.2633 169.6744 18.6295 -74.6978 100.0000 stroke6
movl 0 -41.6736 378.0388 176.9483 168.8675 17.4911 -77.1628 100.0000 stroke6
movl 0 -42.9805 378.0285 177.0344 168.3302 16.1871 -79.4529 100.0000 stroke6
movl 0 -43.2480 378.1991 177.0747 167.6843 15.1138 -81.9134 100.0000 stroke6
movl 0 -43.7626 377.6875 177.3665 167.2609 14.4998 -83.3104 100.0000 stroke6
movl 0 -43.5819 377.6410 177.6641 166.7743 13.6443 -84.9633 100.0000 stroke6
movl 0 -43.5035 377.5037 178.0033 166.4029 12.8220 -86.6441 100.0000 stroke6
movl 0 -43.9357 377.0800 178.3636 166.1967 11.9922 -87.8818 100.0000 stroke6
movl 0 -44.3192 377.0463 178.6567 166.0461 11.0606 -89.0997 100.0000 stroke6
movl 0 -44.5318 376.9061 178.9061 165.8514 10.1908 -90.2660 100.0000 stroke6
movl 0 -44.3533 376.9993 179.1983 165.6095 9.2246 -91.5109 100.0000 stroke6
movl 0 -44.0935 377.0628 179.5405 165.4040 8.3575 -92.6131 100.0000 stroke6
movl 0 -44.3159 377.2170 179.7809 165.3935 7.3420 -93.8346 100.0000 stroke6
movl 0 -44.6871 377.2667 180.0387 165.5164 6.2633 -95.1012 100.0000 stroke6
movl 0 -44.9384 377.2111 180.2171 165.5614 5.3482 -96.2058 100.0000 stroke6
movl 0 -45.3556 377.0902 180.3582 165.6732 4.5864 -97.1061 100.0000 stroke6
movl 0 -45.6867 377.1405 180.4509 165.8155 3.8336 -97.7279 100.0000 stroke6
movl 0 -45.9896 377.1672 180.5563 165.9041 3.2260 -98.2075 100.0000 stroke6
movl 0 -46.2710 377.0711 180.6379 166.0387 2.7304 -98.6153 100.0000 stroke6
movl 0 -46.6141 377.0138 180.7662 166.1796 2.2126 -98.9880 100.0000 stroke6
movl 0 -46.9641 376.9077 180.7938 166.3569 1.7244 -99.2404 100.0000 stroke6
movl 0 -47.5529 376.7602 180.8204 166.6245 1.3260 -99.4500 100.0000 stroke6
movl 0 -48.0291 376.6048 180.9225 166.8728 0.8988 -99.7646 100.0000 stroke6
movl 0 -48.2953 376.3574 181.1431 167.0358 0.4968 -99.8779 100.0000 stroke6
movl 0 -48.4052 375.9456 181.3301 167.1086 0.2340 -99.9765 100.0000 stroke6
movl 0 -48.9198 375.6013 181.4862 167.2996 -0.2109 -99.7360 100.0000 stroke6
movl 0 -48.4297 375.0898 181.7548 167.0978 0.0938 -99.4502 100.0000 stroke6
movl 0 -46.1817 374.2040 182.6128 166.3268 1.1219 -99.7208 100.0000 stroke6
movl 0 -46.5151 373.7910 182.8175 166.4681 0.7521 -99.6198 100.0000 stroke6
movl 0 -46.4448 373.8036 182.7986 166.4264 0.8717 -99.6320 100.0000 stroke6
movl 0 -46.9116 373.5552 182.6767 166.5519 1.0183 -99.6304 100.0000 stroke6
movl 0 -46.0820 372.9755 183.2118 166.0466 1.9064 -99.7071 100.0000 stroke6
movl 0 -44.3828 370.7505 186.3045 164.9816 4.6255 -100.6557 100.0000 stroke6
movl 0 -44.6927 361.9930 210.0276 162.8727 13.5469 -101.9592 100.0000 stroke6
movl 0 -22.1467 368.2867 249.0918 171.5558 28.2055 -70.9679 100.0000 stroke7
movl 0 -25.4135 365.9573 207.8884 170.4196 25.4795 -69.1922 100.0000 stroke7
movl 0 -32.6741 365.3285 189.7472 171.6865 24.2109 -67.7512 100.0000 stroke7
movl 0 -36.8691 364.2167 186.3235 172.3243 23.9910 -67.2025 100.0000 stroke7
movl 0 -38.7471 366.1894 183.7605 172.7343 23.0020 -67.9831 100.0000 stroke7
movl 0 -40.2651 368.0531 181.8512 173.0213 22.2939 -68.5527 100.0000 stroke7
movl 0 -41.2505 369.8031 180.7033 172.8951 21.6707 -69.4130 100.0000 stroke7
movl 0 -41.8180 371.2584 180.0376 172.7888 21.2371 -69.9666 100.0000 stroke7
movl 0 -43.3873 372.6796 179.2434 173.4195 20.0386 -70.3923 100.0000 stroke7
movl 0 -44.2796 373.0527 179.0707 173.6978 19.5944 -70.7115 100.0000 stroke7
movl 0 -45.0454 373.3158 178.8532 173.9964 19.3975 -70.8757 100.0000 stroke7
movl 0 -43.7535 374.1227 178.6146 174.0942 19.2571 -71.3953 100.0000 stroke7
movl 0 -41.6774 375.0754 178.6160 173.9858 19.0647 -72.0871 100.0000 stroke7
movl 0 -39.2420 376.2751 178.5716 173.9619 18.8818 -72.9361 100.0000 stroke7
movl 0 -36.7257 377.4088 178.5777 173.9823 18.5913 -73.8124 100.0000 stroke7
movl 0 -33.4800 378.7681 178.6511 173.8597 18.2855 -74.9773 100.0000 stroke7
movl 0 -30.1604 380.2591 178.5654 173.7470 17.9373 -76.1968 100.0000 stroke7
movl 0 -29.0519 380.8727 178.3247 173.6053 17.7047 -76.5715 100.0000 stroke7
movl 0 -28.5882 380.3538 178.8188 173.0737 18.0541 -76.4662 100.0000 stroke7
movl 0 -26.6783 380.8029 179.0697 172.2080 18.0626 -76.7614 100.0000 stroke7
movl 0 -26.2997 380.8863 179.2966 172.0082 18.1435 -76.9479 100.0000 stroke7
movl 0 -25.7077 380.9453 179.4705 171.8144 18.2661 -77.0744 100.0000 stroke7
movl 0 -25.2583 380.8505 179.7657 171.6702 18.4178 -77.1126 100.0000 stroke7
movl 0 -24.4502 380.7605 180.1919 171.5005 18.5787 -77.1810 100.0000 stroke7
movl 0 -23.8500 381.1462 180.4277 171.3247 18.5362 -77.3328 100.0000 stroke7
movl 0 -23.8187 382.4269 179.9310 171.3035 17.7172 -77.7474 100.0000 stroke7
movl 0 -22.3970 384.9125 179.1759 170.6907 16.2265 -79.0629 100.0000 stroke7
movl 0 -19.7669 387.8846 178.3589 169.7160 14.2540 -81.3202 100.0000 stroke7
movl 0 -17.3068 390.3521 177.4929 168.3238 12.7135 -82.5370 100.0000 stroke7
movl 0 -17.9820 391.0591 177.2097 167.5137 11.6785 -82.9757 100.0000 stroke7
movl 0 -17.5514 390.9025 177.4255 167.4264 11.2674 -83.7495 100.0000 stroke7
movl 0 -18.4074 390.7064 177.8867 167.1774 10.2639 -85.0022 100.0000 stroke7
movl 0 -18.7410 390.6138 178.2666 166.9474 9.4397 -86.2828 100.0000 stroke7
movl 0 -18.7888 390.8275 178.5091 166.7456 8.4291 -87.6790 100.0000 stroke7
movl 0 -19.1413 391.2568 178.7172 166.4800 7.2034 -89.0516 100.0000 stroke7
movl 0 -19.5208 391.3277 178.9830 166.4005 6.1572 -90.2875 100.0000 stroke7
movl 0 -19.7438 391.6615 179.1501 166.2926 4.9463 -91.6465 100.0000 stroke7
movl 0 -20.0248 392.0227 179.3371 166.2381 3.7258 -93.1444 100.0000 stroke7
movl 0 -20.4333 392.1284 179.5262 166.3264 2.7948 -94.2858 100.0000 stroke7
movl 0 -20.6136 392.4396 179.6079 166.5105 1.8365 -95.4104 100.0000 stroke7
movl 0 -20.6244 392.7710 179.7730 166.4935 0.7931 -96.6704 100.0000 stroke7
movl 0 -20.9561 392.7578 179.9860 166.6582 -0.0295 -97.6845 100.0000 stroke7
movl 0 -21.3640 392.9319 180.1980 166.9088 -1.0399 -98.8036 100.0000 stroke7
movl 0 -21.8021 393.2075 180.3166 167.1946 -2.1613 -100.2921 100.0000 stroke7
movl 0 -22.3911 393.4382 180.4034 167.5618 -3.1639 -101.4531 100.0000 stroke7
movl 0 -22.7697 393.6494 180.4306 167.8351 -4.0092 -102.3393 100.0000 stroke7
movl 0 -23.3110 394.0501 180.4160 168.2700 -4.9282 -103.1466 100.0000 stroke7
movl 0 -23.8157 394.4030 180.4038 168.6583 -5.7630 -103.9460 100.0000 stroke7
movl 0 -24.3333 394.4228 180.3670 168.9956 -6.1948 -104.6472 100.0000 stroke7
movl 0 -24.7146 394.5154 180.4151 169.2938 -6.7092 -104.9854 100.0000 stroke7
movl 0 -24.9693 394.5842 180.4290 169.4129 -7.0916 -105.0193 100.0000 stroke7
movl 0 -25.2468 394.6331 180.3915 169.5775 -7.5105 -104.7246 100.0000 stroke7
movl 0 -25.8127 394.5162 180.3906 169.8138 -7.7493 -104.7919 100.0000 stroke7
movl 0 -25.9243 394.5111 180.3469 169.9061 -7.8611 -104.9827 100.0000 stroke7
movl 0 -26.2471 394.5075 180.3295 170.0943 -8.1237 -104.9640 100.0000 stroke7
movl 0 -26.5852 394.3859 180.3981 170.2409 -8.3270 -104.5383 100.0000 stroke7
movl 0 -26.5861 394.3235 180.4198 170.2577 -8.4466 -104.6053 100.0000 stroke7
movl 0 -27.2658 393.9901 180.4738 170.3656 -8.6035 -104.3843 100.0000 stroke7
movl 0 -27.0814 393.7551 180.6798 170.2431 -8.5056 -104.2455 100.0000 stroke7
movl 0 -25.2869 392.8609 181.4332 169.7183 -7.6647 -104.5532 100.0000 stroke7
movl 0 -25.2342 392.8723 181.4645 169.7846 -7.9632 -104.5271 100.0000 stroke7
movl 0 -25.5584 392.3319 181.8512 169.8424 -7.9422 -104.3349 100.0000 stroke7
movl 0 -23.9250 391.9363 182.3882 169.5505 -7.4443 -104.6802 100.0000 stroke7
movl 0 -24.3640 391.6970 182.4284 169.6405 -7.8241 -104.2041 100.0000 stroke7
movl 0 -24.6693 391.5309 182.4693 169.7413 -7.6137 -104.3569 100.0000 stroke7
movl 0 -23.9286 391.1097 182.7524 169.4466 -7.0750 -104.4897 100.0000 stroke7
movl 0 -23.4075 390.4850 183.3588 169.1636 -6.4895 -104.6259 100.0000 stroke7
movl 0 -22.2310 387.1785 187.1767 168.2105 -4.0861 -104.2790 100.0000 stroke7
movl 0 -19.7581 378.4913 206.1278 165.7742 1.3303 -104.0175 100.0000 stroke7
movl 0 -12.6161 370.5096 249.1972 159.1671 22.3319 -87.3071 100.0000 stroke8
movl 0 -16.3467 377.3128 205.1466 160.4875 16.7269 -83.8540 100.0000 stroke8
movl 0 -21.0080 374.8335 193.5752 161.6495 16.8347 -81.3337 100.0000 stroke8
movl 0 -28.0136 373.7982 189.9543 164.2711 16.3903 -79.5178 100.0000 stroke8
movl 0 -28.3864 375.3989 187.5259 165.1996 15.3873 -79.8600 100.0000 stroke8
movl 0 -31.0017 376.5107 185.5000 166.1274 14.6459 -80.2721 100.0000 stroke8
movl 0 -32.7935 377.7408 184.4496 166.3377 14.1449 -80.6010 100.0000 stroke8
movl 0 -33.3389 378.7562 183.9706 166.3255 13.6845 -81.0600 100.0000 stroke8
movl 0 -34.3580 379.8960 183.4801 166.2498 13.0215 -82.0055 100.0000 stroke8
movl 0 -36.4661 380.9902 182.6630 166.8608 12.0560 -83.0121 100.0000 stroke8
movl 0 -36.9315 381.1280 182.7683 167.0130 11.8575 -83.7123 100.0000 stroke8
movl 0 -37.7489 381.3511 182.6350 167.1674 11.6195 -84.1937 100.0000 stroke8
movl 0 -38.7705 381.7745 182.5866 167.3486 11.3407 -84.5904 100.0000 stroke8
movl 0 -38.6202 382.1047 182.5019 167.3578 11.0060 -84.9707 100.0000 stroke8
movl 0 -39.2823 382.0279 182.4363 167.3279 10.7736 -85.2819 100.0000 stroke8
movl 0 -39.5342 382.5378 182.3500 167.5018 10.6499 -85.7699 100.0000 stroke8
movl 0 -38.5511 383.6906 181.8776 167.5446 10.3125 -86.5282 100.0000 stroke8
movl 0 -38.5694 383.8144 181.8240 167.4247 10.1096 -86.6852 100.0000 stroke8
movl 0 -39.2675 383.1323 182.1833 167.2271 10.0090 -86.6767 100.0000 stroke8
movl 0 -39.6243 383.3579 181.9712 167.2905 9.6100 -87.0172 100.0000 stroke8
movl 0 -40.3991 383.4540 181.8257 167.4829 9.3233 -87.3840 100.0000 stroke8
movl 0 -40.3996 383.3155 181.9927 167.4812 9.4788 -87.8997 100.0000 stroke8
movl 0 -39.6085 383.7326 182.0406 167.4920 9.4212 -88.4237 100.0000 stroke8
movl 0 -39.1398 384.1692 182.0346 167.6128 9.3031 -88.8672 100.0000 stroke8
movl 0 -38.3310 384.7205 182.0096 167.7178 9.1922 -89.4659 100.0000 stroke8
movl 0 -37.5844 385.1639 182.0823 167.8178 9.0462 -90.2922 100.0000 stroke8
movl 0 -37.0691 385.5972 182.1319 167.9921 8.8296 -91.2796 100.0000 stroke8
movl 0 -36.5763 386.0885 182.1722 168.2909 8.5756 -92.4887 100.0000 stroke8
movl 0 -35.3403 386.8484 182.2466 168.4273 8.2193 -94.0765 100.0000 stroke8
movl 0 -35.1771 388.0816 182.0693 168.9672 7.6925 -96.0194 100.0000 stroke8
movl 0 -35.4949 387.4153 182.3751 168.7470 7.7061 -96.6199 100.0000 stroke8
movl 0 -34.3860 386.7014 183.0659 168.3433 8.0763 -97.1408 100.0000 stroke8
movl 0 -33.5352 386.3394 183.5578 168.1183 8.2420 -97.4354 100.0000 stroke8
movl 0 -33.0235 386.1106 183.9278 167.9507 8.3531 -97.5451 100.0000 stroke8
movl 0 -32.9433 386.3186 183.8901 168.1376 7.7069 -97.6730 100.0000 stroke8
movl 0 -33.4178 386.5826 183.5429 168.2609 7.1867 -97.6008 100.0000 stroke8
movl 0 -34.6139 385.6220 183.7945 167.8174 7.5960 -96.6826 100.0000 stroke8
movl 0 -34.5229 385.2644 184.1128 167.3998 7.7464 -96.3625 100.0000 stroke8
movl 0 -34.1475 383.5191 185.4934 166.9374 8.3331 -96.0558 100.0000 stroke8
movl 0 -31.1761 376.2986 195.3441 164.6442 10.7541 -95.0060 100.0000 stroke8
movl 0 -26.8451 355.3294 242.3650 160.4019 16.7648 -93.1493 100.0000 stroke8
movl 0 -4.7342 375.7564 236.2216 158.5636 20.1875 -73.0788 100.0000 stroke9
movl 0 -1.5559 383.1803 198.3785 156.7020 15.8271 -76.8625 100.0000 stroke9
movl 0 -6.3573 380.4893 185.2367 157.9745 15.1432 -79.0069 100.0000 stroke9
movl 0 -18.1450 376.5622 183.3434 162.7020 16.3397 -78.8103 100.0000 stroke9
movl 0 -20.1060 377.9089 181.5955 163.7307 16.0922 -79.3767 100.0000 stroke9
movl 0 -21.1134 378.8385 180.4884 164.3181 15.8616 -79.6610 100.0000 stroke9
movl 0 -21.2596 381.0160 179.4006 164.4458 15.5043 -79.7933 100.0000 stroke9
movl 0 -20.8530 381.7544 179.3179 164.2227 15.6071 -79.9355 100.0000 stroke9
movl 0 -21.0114 382.8751 178.9772 164.2831 15.3569 -80.2659 100.0000 stroke9
movl 0 -22.2242 385.6065 177.8884 164.8701 13.6503 -80.9242 100.0000 stroke9
movl 0 -22.0134 387.1197 177.1314 164.7901 12.5671 -81.8854 100.0000 stroke9
movl 0 -22.0060 387.7150 176.9454 164.6028 11.9107 -82.3264 100.0000 stroke9
movl 0 -22.6290 387.5091 177.2685 164.3377 10.9884 -82.7224 100.0000 stroke9
movl 0 -22.6643 387.4828 177.7371 163.9745 9.8074 -83.5915 100.0000 stroke9
movl 0 -22.7356 387.4423 178.0995 163.6389 8.7158 -84.3491 100.0000 stroke9
movl 0 -22.9551 387.1756 178.5747 163.4089 7.6670 -85.0861 100.0000 stroke9
movl 0 -23.1488 386.7384 179.0514 163.1642 6.7183 -85.6616 100.0000 stroke9
movl 0 -23.3262 386.0055 179.5152 163.0575 6.3352 -85.9444 100.0000 stroke9
movl 0 -23.1998 385.3988 179.8146 163.0078 6.6154 -86.1371 100.0000 stroke9
movl 0 -23.0260 384.9535 180.0139 163.0688 7.1035 -86.2832 100.0000 stroke9
movl 0 -22.4095 383.3140 181.2889 162.9626 8.0822 -86.4447 100.0000 stroke9
movl 0 -20.6299 377.9513 188.5328 162.6918 11.2959 -86.6886 100.0000 stroke9
movl 0 -22.2460 367.8907 213.9777 162.3422 15.1912 -86.5305 100.0000 stroke9
movl 0 -16.2555 371.2233 221.3601 159.5874 17.7587 -72.4337 100.0000 stroke10
movl 0 -16.4836 372.7027 192.9751 160.6028 14.7342 -74.4600 100.0000 stroke10
movl 0 -15.7569 370.2288 186.4901 160.7889 14.8518 -75.5272 100.0000 stroke10
movl 0 -18.0353 370.7611 183.1532 161.7652 14.1558 -76.0719 100.0000 stroke10
movl 0 -18.8911 372.0562 181.4603 162.1845 13.9833 -77.0902 100.0000 stroke10
movl 0 -19.1787 373.6608 180.2699 162.2208 13.5423 -77.6459 100.0000 stroke10
movl 0 -19.6291 374.8261 179.5613 162.1767 13.1059 -78.2959 100.0000 stroke10
movl 0 -21.4486 377.0725 178.4753 162.5106 11.3898 -79.2776 100.0000 stroke10
movl 0 -23.1847 378.1612 178.0321 162.9069 10.0820 -80.5560 100.0000 stroke10
movl 0 -23.6716 379.0606 177.8999 162.8895 8.8222 -81.8376 100.0000 stroke10
movl 0 -23.9851 379.6162 177.8166 162.8540 7.8269 -82.7287 100.0000 stroke10
movl 0 -23.9674 380.0373 177.9018 162.7400 6.5053 -83.9374 100.0000 stroke10
movl 0 -24.4673 379.9155 178.0337 162.7270 5.7876 -84.7241 100.0000 stroke10
movl 0 -24.5826 379.8921 178.2068 162.7280 5.3100 -85.1500 100.0000 stroke10
movl 0 -24.5999 379.5727 178.4262 162.7028 5.2954 -85.4160 100.0000 stroke10
movl 0 -24.6505 379.4260 178.4531 162.7098 5.2620 -85.6899 100.0000 stroke10
movl 0 -24.8232 379.1282 178.5996 162.7487 5.4034 -86.0017 100.0000 stroke10
movl 0 -24.6107 378.8780 178.8246 162.7532 5.8542 -86.2587 100.0000 stroke10
movl 0 -24.0533 377.2287 181.0817 162.7423 7.1595 -86.5891 100.0000 stroke10
movl 0 -21.0258 372.5354 197.1703 162.2357 10.7816 -87.8291 100.0000 stroke10
movl 0 -21.1677 372.7275 222.4662 161.5563 10.7525 -87.9599 100.0000 stroke11
movl 0 -25.9864 372.6166 195.1965 163.2946 9.8359 -86.0889 100.0000 stroke11
movl 0 -28.2561 371.0694 192.1200 164.1063 10.5854 -85.0174 100.0000 stroke11
movl 0 -31.4195 372.8135 188.0862 165.0643 10.0271 -84.3157 100.0000 stroke11
movl 0 -33.3216 374.6025 186.6460 165.9864 9.5561 -84.9140 100.0000 stroke11
movl 0 -33.6133 376.0192 185.6834 166.2181 9.1650 -85.2631 100.0000 stroke11
movl 0 -34.1873 377.1415 185.0300 166.3041 8.7660 -85.4715 100.0000 stroke11
movl 0 -35.1734 378.1258 184.3971 166.4324 8.4109 -85.6805 100.0000 stroke11
movl 0 -36.4430 379.1305 183.7789 167.1421 7.8677 -86.2126 100.0000 stroke11
movl 0 -37.3707 378.9695 183.8897 167.4674 7.8534 -86.6802 100.0000 stroke11
movl 0 -36.6199 379.6859 183.7189 167.6145 7.6524 -87.3524 100.0000 stroke11
movl 0 -33.6617 380.9391 183.6366 167.4820 7.2962 -88.5492 100.0000 stroke11
movl 0 -31.4087 382.2004 183.3224 167.5157 6.8879 -89.7363 100.0000 stroke11
movl 0 -30.2134 382.6457 183.2008 167.3885 6.6411 -90.3661 100.0000 stroke11
movl 0 -28.7670 382.4777 183.7498 166.9769 6.6586 -90.9662 100.0000 stroke11
movl 0 -28.9951 384.2016 182.7179 167.3809 5.6449 -91.6288 100.0000 stroke11
movl 0 -28.5288 385.2104 182.3511 167.2229 4.8217 -91.9022 100.0000 stroke11
movl 0 -28.7462 385.7935 182.2400 166.9429 3.3334 -91.8810 100.0000 stroke11
movl 0 -28.9015 385.8743 182.4378 166.6564 1.8238 -91.8659 100.0000 stroke11
movl 0 -28.9342 385.0367 182.7764 166.4850 1.7484 -91.8727 100.0000 stroke11
movl 0 -29.1799 384.6854 182.8237 166.5479 1.8404 -91.8887 100.0000 stroke11
movl 0 -29.1779 384.3491 182.8314 166.5236 2.0245 -91.8307 100.0000 stroke11
movl 0 -29.0606 383.6676 183.0296 166.5802 2.5151 -91.7273 100.0000 stroke11
movl 0 -28.4542 383.5860 183.1925 166.4834 2.9097 -91.4737 100.0000 stroke11
movl 0 -28.6825 383.3525 183.3860 166.5643 3.1597 -91.4747 100.0000 stroke11
movl 0 -28.3983 382.8017 183.8198 166.5067 3.4917 -91.4394 100.0000 stroke11
movl 0 -27.9075 380.1050 186.3315 166.2531 4.6367 -91.3674 100.0000 stroke11
movl 0 -31.0859 369.4885 206.7700 166.1546 8.4951 -91.2371 100.0000 stroke11
movl 0 -14.9826 359.9059 248.9171 157.8329 13.7465 -84.2306 100.0000 stroke12
movl 0 -13.6239 366.8015 208.6389 157.3209 8.5685 -85.4316 100.0000 stroke12
movl 0 -17.6896 366.7391 190.2513 160.2328 8.1681 -87.1381 100.0000 stroke12
movl 0 -21.4404 362.4195 188.7878 162.4110 9.6727 -88.4897 100.0000 stroke12
movl 0 -24.3726 362.9649 185.7478 163.3809 9.4311 -89.1769 100.0000 stroke12
movl 0 -26.1553 365.0636 183.4603 163.4949 9.0047 -89.2828 100.0000 stroke12
movl 0 -27.9915 366.7259 182.1753 163.7041 8.4859 -89.2059 100.0000 stroke12
movl 0 -28.6526 367.4559 181.8049 163.8233 8.3457 -89.4626 100.0000 stroke12
movl 0 -29.1290 368.1272 181.4423 164.0483 8.0766 -89.9864 100.0000 stroke12
movl 0 -29.5902 368.6409 181.2334 164.4963 7.4769 -90.6151 100.0000 stroke12
movl 0 -29.8875 368.6336 181.3741 164.6253 7.3900 -91.2003 100.0000 stroke12
movl 0 -29.9059 369.1037 181.2161 165.0121 7.0205 -92.2147 100.0000 stroke12
movl 0 -28.7564 369.7597 181.0722 165.1397 6.6163 -93.3076 100.0000 stroke12
movl 0 -27.6625 370.4319 180.9275 165.2809 6.2459 -94.3594 100.0000 stroke12
movl 0 -26.2311 371.1491 180.7700 165.5398 5.9564 -95.4767 100.0000 stroke12
movl 0 -25.0761 371.4755 180.7829 165.6190 5.6656 -96.2046 100.0000 stroke12
movl 0 -24.5724 370.2139 181.8895 165.1078 6.2743 -96.3340 100.0000 stroke12
movl 0 -24.4385 370.3676 181.5694 165.5423 5.8660 -96.4330 100.0000 stroke12
movl 0 -25.2538 370.3562 181.5574 165.5085 5.7984 -96.1383 100.0000 stroke12
movl 0 -26.2477 370.4185 181.8064 165.4549 5.8544 -95.9639 100.0000 stroke12
movl 0 -25.2760 370.4633 181.6349 165.2969 5.8297 -96.0092 100.0000 stroke12
movl 0 -25.9879 369.6683 182.4489 165.2633 6.1296 -96.1514 100.0000 stroke12
movl 0 -28.5463 366.4615 191.7254 165.1516 7.5194 -96.9467 100.0000 stroke12
movl 0 -29.2052 356.1552 235.3532 162.1227 10.8940 -98.3414 100.0000 stroke12
movl 0 -13.7920 350.1599 231.5906 157.5240 13.9556 -92.7468 100.0000 stroke13
movl 0 -16.7169 350.9296 197.8914 158.8896 10.3980 -93.8600 100.0000 stroke13
movl 0 -22.4343 349.7071 186.0613 159.5165 10.0790 -93.7915 100.0000 stroke13
movl 0 -30.7223 349.9142 182.5270 161.6875 10.7708 -92.9613 100.0000 stroke13
movl 0 -33.5822 350.8197 180.9917 162.5498 10.8311 -92.7852 100.0000 stroke13
movl 0 -34.1046 351.5305 180.5655 162.2886 10.5791 -93.1526 100.0000 stroke13
movl 0 -35.3792 353.0664 179.7997 162.6271 10.0144 -93.6728 100.0000 stroke13
movl 0 -37.3022 354.2869 179.0272 163.7685 8.7105 -94.3547 100.0000 stroke13
movl 0 -38.3684 354.8601 179.0344 164.3652 7.9146 -94.8051 100.0000 stroke13
movl 0 -39.2280 355.1582 179.1111 164.6578 7.8822 -95.0684 100.0000 stroke13
movl 0 -40.6169 355.3081 179.3395 165.1699 8.0363 -95.3604 100.0000 stroke13
movl 0 -39.5453 356.0459 179.3080 165.2196 7.7654 -96.0269 100.0000 stroke13
movl 0 -38.2364 356.6997 179.4025 165.3183 7.4403 -96.7376 100.0000 stroke13
movl 0 -37.2740 357.0839 179.5040 165.4954 7.2758 -97.2034 100.0000 stroke13
movl 0 -36.1290 357.4852 179.6810 165.6009 7.0861 -97.6569 100.0000 stroke13
movl 0 -34.6330 357.8517 179.7755 165.7280 6.8604 -98.2164 100.0000 stroke13
movl 0 -32.8950 358.2332 179.8682 165.8822 6.6405 -99.0621 100.0000 stroke13
movl 0 -30.5688 358.8237 180.0261 166.0141 6.3384 -100.0881 100.0000 stroke13
movl 0 -28.2887 359.2222 180.0328 166.3026 6.1575 -101.1944 100.0000 stroke13
movl 0 -25.1086 360.1740 179.8177 166.6064 5.7419 -102.5114 100.0000 stroke13
movl 0 -23.5853 359.9013 179.9886 166.5497 5.8246 -102.7602 100.0000 stroke13
movl 0 -23.4720 359.1099 180.8193 166.1519 6.2081 -102.6465 100.0000 stroke13
movl 0 -23.4291 359.1134 180.4919 166.5976 5.8907 -102.4755 100.0000 stroke13
movl 0 -24.1312 358.5441 180.5712 166.4983 6.1991 -102.0767 100.0000 stroke13
movl 0 -24.1416 358.3848 180.5889 166.4094 6.3021 -101.8124 100.0000 stroke13
movl 0 -24.6001 358.3297 180.4538 166.5359 6.2710 -101.7343 100.0000 stroke13
movl 0 -25.6638 358.1630 180.5064 166.7435 6.2742 -101.7100 100.0000 stroke13
movl 0 -27.4127 357.1604 181.4344 166.9470 6.5384 -101.6504 100.0000 stroke13
movl 0 -30.5367 350.8549 196.0651 166.9060 8.7871 -101.4314 100.0000 stroke13
