movl 0 -16.1184 407.7273 172.1357 141.9606 -2.6312 -120.4859 100.0000 stroke1
movl 0 -6.0196 414.3992 165.3558 141.8796 -10.2489 -122.7196 100.0000 stroke1
movl 0 -5.5640 412.8204 163.7783 142.4218 -9.6167 -123.3619 100.0000 stroke1
movl 0 -8.6003 415.4974 166.9072 146.1152 -11.8717 -128.1122 100.0000 stroke1
movl 0 -10.5512 419.1283 167.1706 150.1889 -15.0530 -132.8758 100.0000 stroke1
movl 0 -13.5437 420.1479 167.4207 152.1086 -14.6719 -134.4377 100.0000 stroke1
movl 0 -17.3085 423.0484 168.3940 155.6085 -15.6422 -138.6512 100.0000 stroke1
movl 0 -17.2749 423.9766 168.1035 157.9950 -18.3686 -145.2829 100.0000 stroke1
movl 0 -17.6791 423.2709 167.3392 158.0495 -19.5321 -147.5756 100.0000 stroke1
movl 0 -17.5264 424.6523 166.3753 158.5518 -20.1690 -148.0405 100.0000 stroke1
movl 0 -20.7567 425.5812 166.2774 160.4342 -19.0166 -149.3246 100.0000 stroke1
movl 0 -23.9759 425.9058 166.5979 162.0483 -17.5461 -150.5616 100.0000 stroke1
movl 0 -24.9225 426.7884 166.4842 163.1644 -16.9728 -151.6158 100.0000 stroke1
movl 0 -24.1804 427.5262 166.3433 163.8376 -16.7865 -152.9680 100.0000 stroke1
movl 0 -23.5282 427.3283 166.4475 163.7264 -16.7322 -153.3055 100.0000 stroke1
movl 0 -24.0748 427.3082 166.4301 163.9669 -16.7752 -153.4341 100.0000 stroke1
movl 0 -24.9972 428.0416 166.3051 165.0960 -16.8062 -154.2094 100.0000 stroke1
movl 0 -25.7693 428.2753 166.2654 165.8957 -16.6439 -154.9690 100.0000 stroke1
movl 0 -24.8955 429.0277 166.0537 166.8947 -16.8714 -156.3929 100.0000 stroke1
movl 0 -25.5706 429.3910 166.0715 167.1230 -17.1076 -156.0806 100.0000 stroke1
movl 0 -25.6543 429.3728 165.9087 167.2220 -17.6663 -155.8150 100.0000 stroke1
movl 0 -25.7308 429.5952 165.8154 167.5858 -18.0894 -155.8890 100.0000 stroke1
movl 0 -25.4880 429.6559 165.9483 168.2229 -18.6007 -156.2662 100.0000 stroke1
movl 0 -25.6305 429.2839 166.1451 168.9318 -19.1147 -156.5891 100.0000 stroke1
movl 0 -26.2722 428.4159 166.4473 169.3072 -19.4613 -156.4113 100.0000 stroke1
movl 0 -25.5027 427.1590 166.8730 168.6893 -19.5308 -156.1977 100.0000 stroke1
movl 0 -24.2802 427.0468 166.9123 168.4287 -19.6521 -156.5002 100.0000 stroke1
movl 0 -24.8826 427.0815 166.8312 168.8283 -19.8916 -156.2372 100.0000 stroke1
movl 0 -25.8654 426.3931 166.9564 169.3278 -20.0576 -156.0313 100.0000 stroke1
movl 0 -25.3672 425.1622 167.3829 168.6421 -19.9604 -155.6835 100.0000 stroke1
movl 0 -23.7586 425.2105 167.4436 168.2912 -20.3059 -155.6525 100.0000 stroke1
movl 0 -25.0873 424.2746 167.5674 168.4654 -20.1647 -155.0677 100.0000 stroke1
movl 0 -24.6054 423.8443 167.6548 167.9942 -20.0217 -154.9950 100.0000 stroke1
movl 0 -23.3821 423.2852 167.7668 166.8420 -19.6233 -154.5100 100.0000 stroke1
movl 0 -23.3022 422.5352 167.9700 165.9228 -18.9854 -153.7399 100.0000 stroke1
movl 0 -22.8417 422.1449 168.0293 165.0071 -18.4698 -152.9622 100.0000 stroke1
movl 0 -21.8139 422.5982 168.0128 164.5249 -18.5357 -152.0716 100.0000 stroke1
movl 0 -20.9720 421.8657 168.3512 163.9397 -18.4183 -151.8287 100.0000 stroke1
movl 0 -16.9949 419.9899 169.4014 161.5776 -18.6604 -150.2503 100.0000 stroke1
movl 0 -7.7070 412.5228 170.9093 152.2242 -17.1841 -142.3358 100.0000 stroke1
movl 0 -1.3648 398.7969 189.7385 138.7006 -5.6562 -132.2306 100.0000 stroke1
movl 0 -35.0536 410.6672 183.9258 141.2383 8.9215 -96.6547 100.0000 stroke2
movl 0 -33.0142 405.5884 166.0593 144.8696 6.1887 -102.2939 100.0000 stroke2
movl 0 -37.4739 402.0828 166.8750 148.5659 7.2515 -105.2146 100.0000 stroke2
movl 0 -37.5892 402.2498 167.2453 150.1583 6.2933 -107.3000 100.0000 stroke2
movl 0 -37.4299 404.1231 166.8837 150.8945 4.9301 -109.0081 100.0000 stroke2
movl 0 -39.6834 404.6167 166.3329 151.5896 4.9525 -108.6232 100.0000 stroke2
movl 0 -41.6406 406.3535 165.8424 152.4544 3.8909 -108.5307 100.0000 stroke2
movl 0 -43.1095 408.8744 165.8032 153.9262 1.9433 -109.8200 100.0000 stroke2
movl 0 -43.0470 410.7194 165.8486 154.8961 0.2493 -111.5096 100.0000 stroke2
movl 0 -43.2450 411.5543 165.7960 155.2447 -0.4182 -112.2790 100.0000 stroke2
movl 0 -42.8705 412.6614 165.9509 155.4035 -2.0326 -113.0349 100.0000 stroke2
movl 0 -42.6484 413.3702 166.3735 155.8264 -3.8562 -114.5608 100.0000 stroke2
movl 0 -42.6796 414.2531 166.6612 156.4581 -5.6670 -116.1242 100.0000 stroke2
movl 0 -43.3019 415.7108 166.6921 157.4890 -7.7261 -117.5673 100.0000 stroke2
movl 0 -44.3973 417.3453 166.5817 158.8165 -9.6632 -118.6184 100.0000 stroke2
movl 0 -45.0596 418.5370 166.4129 159.7128 -11.0526 -118.9817 100.0000 stroke2
movl 0 -45.6666 418.2297 166.4601 159.6614 -11.2859 -118.0724 100.0000 stroke2
movl 0 -43.0549 416.1854 167.2859 158.2631 -9.6569 -117.8938 100.0000 stroke2
movl 0 -41.4442 414.7721 167.6493 157.3516 -8.6406 -117.6863 100.0000 stroke2
movl 0 -41.2457 414.8113 167.6863 157.4687 -8.8544 -117.6609 100.0000 stroke2
movl 0 -41.8295 415.0317 167.7485 158.2206 -9.6879 -117.7728 100.0000 stroke2
movl 0 -42.1862 414.9670 167.7319 158.3308 -9.6140 -117.8173 100.0000 stroke2
movl 0 -39.7232 410.6503 168.2165 155.4821 -6.4401 -118.5658 100.0000 stroke2
movl 0 -31.9794 395.5882 171.8139 147.2137 6.1183 -115.7459 100.0000 stroke2
movl 0 -21.4896 387.8548 206.2631 140.2451 23.7321 -112.2638 100.0000 stroke2
movl 0 -10.6492 392.3077 240.8654 142.1172 8.9210 -108.1300 100.0000 stroke3
movl 0 -16.9450 390.7342 186.1197 145.6322 2.2325 -113.1825 100.0000 stroke3
movl 0 -33.1577 389.5955 170.5127 149.9576 3.8870 -114.3487 100.0000 stroke3
movl 0 -43.0685 385.4171 170.4368 152.9416 7.3517 -114.4903 100.0000 stroke3
movl 0 -49.6895 383.4645 170.3193 154.5901 8.7561 -114.6784 100.0000 stroke3
movl 0 -50.4730 384.6246 169.9873 155.0000 8.0657 -114.8021 100.0000 stroke3
movl 0 -52.7597 386.6053 169.1945 155.8558 7.3719 -114.8450 100.0000 stroke3
movl 0 -55.5300 388.3532 169.2191 158.0076 6.8972 -115.4533 100.0000 stroke3
movl 0 -57.5684 389.0646 169.8140 159.4279 6.0104 -116.6236 100.0000 stroke3
movl 0 -61.9117 387.0062 169.7871 160.2776 7.7577 -116.4927 100.0000 stroke3
movl 0 -62.0347 386.9754 169.5305 160.5088 8.2030 -116.9049 100.0000 stroke3
movl 0 -60.2519 387.5813 169.7297 160.4630 8.1157 -117.7118 100.0000 stroke3
movl 0 -57.7468 388.1964 170.0340 160.4595 7.9706 -118.7343 100.0000 stroke3
movl 0 -54.9337 388.9209 170.3511 160.5361 7.5526 -119.9812 100.0000 stroke3
movl 0 -51.0275 390.2176 170.6687 160.5517 7.0441 -121.5127 100.0000 stroke3
movl 0 -47.1529 391.3687 170.9182 160.5829 6.5670 -123.0358 100.0000 stroke3
movl 0 -42.8058 392.8057 170.9541 160.6509 6.0409 -124.5915 100.0000 stroke3
movl 0 -37.1265 394.0735 171.1727 160.4502 5.4059 -126.4226 100.0000 stroke3
movl 0 -32.4822 395.1681 171.0924 160.4309 4.8526 -128.1491 100.0000 stroke3
movl 0 -28.7534 396.5483 170.9122 160.3838 4.3236 -129.3438 100.0000 stroke3
movl 0 -28.9334 396.1883 171.2213 160.2578 4.1455 -129.2037 100.0000 stroke3
movl 0 -26.6242 396.3571 171.4670 159.6011 3.5028 -129.2170 100.0000 stroke3
movl 0 -24.6553 396.3533 171.5125 159.0114 3.0542 -129.2311 100.0000 stroke3
movl 0 -22.5043 396.6156 171.6780 158.4195 2.5428 -129.4460 100.0000 stroke3
movl 0 -20.6995 396.4369 171.9620 157.8293 2.3141 -129.5952 100.0000 stroke3
movl 0 -19.6600 396.8976 171.9750 157.5826 2.0300 -129.7830 100.0000 stroke3
movl 0 -17.8958 399.0345 171.4085 157.6984 0.8833 -130.1993 100.0000 stroke3
movl 0 -13.6428 404.1159 169.9935 158.5258 -2.3011 -131.6444 100.0000 stroke3
movl 0 -7.9700 409.6579 168.2113 158.8553 -5.4985 -133.0214 100.0000 stroke3
movl 0 -1.7739 415.2942 166.3917 159.6576 -9.1335 -134.8298 100.0000 stroke3
movl 0 4.1145 419.7173 164.5690 160.1945 -12.2094 -136.2813 100.0000 stroke3
movl 0 8.9377 423.6131 162.8566 159.9184 -14.6803 -136.5876 100.0000 stroke3
movl 0 14.6970 428.0504 160.2016 159.3410 -17.3305 -136.3854 100.0000 stroke3
movl 0 18.7115 430.6538 158.1182 158.6602 -19.2510 -135.8613 100.0000 stroke3
movl 0 19.1224 431.1389 157.6474 158.4978 -19.8879 -135.4477 100.0000 stroke3
movl 0 18.3343 431.1724 157.5648 158.4484 -20.2966 -134.5924 100.0000 stroke3
movl 0 20.3907 429.6121 158.1656 157.5908 -19.6052 -134.9801 100.0000 stroke3
movl 0 20.7914 429.7776 157.9308 157.6254 -19.6175 -135.1404 100.0000 stroke3
movl 0 19.8591 430.4815 157.6870 158.0422 -20.3978 -134.7185 100.0000 stroke3
movl 0 19.0610 430.4806 157.8030 158.1253 -20.8578 -134.1906 100.0000 stroke3
movl 0 20.4313 429.1236 158.4558 157.5178 -20.5264 -134.6291 100.0000 stroke3
movl 0 20.7321 429.5099 158.0819 157.7155 -20.8586 -134.7757 100.0000 stroke3
movl 0 19.8084 429.8631 158.0648 157.9534 -21.2972 -134.2910 100.0000 stroke3
movl 0 19.9346 429.5376 158.1763 157.7025 -21.4952 -133.9877 100.0000 stroke3
movl 0 20.2536 428.9415 158.3485 157.2831 -21.5939 -133.6204 100.0000 stroke3
movl 0 23.8864 422.6437 162.8911 153.5574 -21.4263 -132.1229 100.0000 stroke3
movl 0 29.9609 404.0914 195.7669 141.0603 -15.4102 -127.7246 100.0000 stroke3
movl 0 -9.9560 412.8395 188.7914 152.1741 -27.3565 -134.3537 100.0000 stroke4
movl 0 -12.6971 408.8524 169.7027 154.8271 -24.9119 -137.1572 100.0000 stroke4
movl 0 -14.1862 404.0054 168.8894 154.9980 -19.5736 -137.3563 100.0000 stroke4
movl 0 -14.4779 403.9494 166.7218 154.6504 -17.6680 -136.9725 100.0000 stroke4
movl 0 -16.0415 405.5021 165.0669 155.1826 -17.1867 -136.9066 100.0000 stroke4
movl 0 -16.8889 406.9287 164.0666 155.6739 -17.2517 -136.9925 100.0000 stroke4
movl 0 -18.1856 409.4797 163.3478 157.5205 -17.8244 -137.6288 100.0000 stroke4
movl 0 -17.1821 411.4114 162.5946 158.4116 -18.5504 -138.2886 100.0000 stroke4
movl 0 -16.8568 412.3998 161.9565 158.5444 -19.1720 -137.8404 100.0000 stroke4
movl 0 -16.5831 413.2744 161.5136 158.8566 -20.0426 -137.3048 100.0000 stroke4
movl 0 -17.3776 414.5295 160.9802 159.3709 -20.8573 -136.3812 100.0000 stroke4
movl 0 -18.6547 415.1232 160.5746 159.5062 -21.3656 -135.0007 100.0000 stroke4
movl 0 -19.8331 414.6759 160.5578 159.1231 -21.1487 -133.3725 100.0000 stroke4
movl 0 -17.6526 412.2369 161.1632 157.0373 -19.9636 -132.0597 100.0000 stroke4
movl 0 -16.6865 411.0011 161.5008 155.8904 -19.3650 -131.1095 100.0000 stroke4
movl 0 -16.1551 410.7178 161.5663 155.5614 -19.3407 -130.9510 100.0000 stroke4
movl 0 -15.8083 410.3344 161.6834 155.1639 -19.2858 -130.7489 100.0000 stroke4
movl 0 -15.7423 410.7905 161.5330 155.4118 -19.4251 -130.9940 100.0000 stroke4
movl 0 -16.3414 411.8164 161.5548 156.6611 -19.7711 -131.6028 100.0000 stroke4
movl 0 -16.9440 412.6449 161.4021 157.5051 -20.0866 -131.9216 100.0000 stroke4
movl 0 -17.4859 412.4929 161.5433 157.6732 -19.7925 -132.1965 100.0000 stroke4
movl 0 -14.4434 409.6057 162.8523 156.0650 -18.5693 -133.5295 100.0000 stroke4
movl 0 3.7155 390.2001 186.5522 142.3961 -10.6178 -131.1643 100.0000 stroke4
movl 0 -14.8426 410.5530 242.4337 147.5909 -2.1610 -113.0296 100.0000 stroke5
movl 0 -3.4930 401.0260 181.4394 148.5793 -1.8988 -115.4442 100.0000 stroke5
movl 0 -7.6522 391.3792 173.8655 150.3080 1.7761 -115.9550 100.0000 stroke5
movl 0 -25.1362 383.3586 172.5332 154.6627 6.7357 -112.4269 100.0000 stroke5
movl 0 -31.5642 379.0273 172.6647 156.6793 9.5228 -111.0860 100.0000 stroke5
movl 0 -35.4016 378.3570 172.4539 157.7379 10.2123 -110.6464 100.0000 stroke5
movl 0 -39.3713 378.8840 172.1022 159.3999 10.3487 -110.8072 100.0000 stroke5
movl 0 -43.7005 379.5492 172.1257 161.4181 10.2887 -111.5747 100.0000 stroke5
movl 0 -47.8930 380.0078 172.2811 163.3717 10.3424 -113.1122 100.0000 stroke5
movl 0 -52.4477 380.0083 172.2424 165.1579 10.8831 -115.6405 100.0000 stroke5
movl 0 -55.6394 380.6812 171.9980 166.7267 11.1077 -117.4510 100.0000 stroke5
movl 0 -57.6702 381.3506 171.9248 167.6258 11.2057 -118.9206 100.0000 stroke5
movl 0 -54.0084 378.9693 172.6691 165.5312 11.4843 -119.0078 100.0000 stroke5
movl 0 -53.2264 377.9727 172.9782 165.0346 11.9366 -119.2904 100.0000 stroke5
movl 0 -51.9791 377.5209 173.3792 164.5697 12.0317 -119.5225 100.0000 stroke5
movl 0 -50.9735 377.4117 173.6065 164.3466 11.8581 -119.7064 100.0000 stroke5
movl 0 -50.5318 378.2367 173.5484 164.5187 11.4230 -119.8952 100.0000 stroke5
movl 0 -49.5162 379.8280 173.5991 164.7416 9.9436 -119.8136 100.0000 stroke5
movl 0 -48.7248 381.1216 173.8564 165.1818 8.4783 -119.8643 100.0000 stroke5
movl 0 -47.6681 381.3359 173.9055 165.0594 7.9685 -119.6171 100.0000 stroke5
movl 0 -45.6519 381.3686 173.7021 163.8925 7.9353 -118.4963 100.0000 stroke5
movl 0 -37.0900 378.6508 174.8153 159.0594 8.7752 -116.2362 100.0000 stroke5
movl 0 -13.0332 368.9545 208.5684 145.3672 21.1609 -108.0506 100.0000 stroke5
movl 0 -13.8111 413.5619 196.4363 146.4516 9.2824 -84.2582 100.0000 stroke6
movl 0 -19.6513 398.1920 177.1230 153.0869 8.3257 -90.8893 100.0000 stroke6
movl 0 -23.0748 394.4203 177.8346 155.6121 8.3877 -93.5945 100.0000 stroke6
movl 0 -29.5871 392.8490 176.7366 157.4598 8.3582 -92.6090 100.0000 stroke6
movl 0 -32.1366 394.7228 175.1949 157.8193 7.4522 -92.5376 100.0000 stroke6
movl 0 -34.7109 396.2327 174.1903 158.5754 6.9700 -92.4968 100.0000 stroke6
movl 0 -37.3864 400.4895 172.8675 159.8207 4.6322 -92.1051 100.0000 stroke6
movl 0 -36.8786 402.6596 172.2775 159.5999 3.2966 -92.3874 100.0000 stroke6
movl 0 -37.7779 402.2954 172.1491 159.3704 2.8351 -92.1246 100.0000 stroke6
movl 0 -37.4645 402.8717 171.9549 159.2589 2.2705 -92.0953 100.0000 stroke6
movl 0 -37.8280 402.6912 172.0256 159.1532 1.8204 -91.9610 100.0000 stroke6
movl 0 -38.7292 402.1172 172.0466 159.0736 1.3681 -91.5364 100.0000 stroke6
movl 0 -40.0219 401.5939 172.0410 159.0627 0.7366 -91.0335 100.0000 stroke6
movl 0 -41.4988 400.9154 171.9964 159.0064 0.3188 -90.2288 100.0000 stroke6
movl 0 -42.8292 399.8381 172.0290 158.8924 0.0883 -89.4488 100.0000 stroke6
movl 0 -43.9655 399.0200 172.0427 158.8279 -0.0698 -88.9162 100.0000 stroke6
movl 0 -45.1512 397.9985 172.0970 158.5964 -0.1174 -88.1877 100.0000 stroke6
movl 0 -46.9297 396.8034 172.2344 158.5644 -0.0733 -87.4568 100.0000 stroke6
movl 0 -48.3553 395.9676 172.3329 158.4409 -0.0247 -86.8003 100.0000 stroke6
movl 0 -50.1084 395.0659 172.4286 158.3371 0.0389 -85.9705 100.0000 stroke6
movl 0 -51.0569 394.7070 172.4379 158.1760 0.0371 -85.5442 100.0000 stroke6
movl 0 -51.9577 394.4799 172.5080 157.9675 0.0336 -85.1757 100.0000 stroke6
movl 0 -52.5942 394.5156 172.5492 157.7645 -0.0548 -85.0030 100.0000 stroke6
movl 0 -53.2482 394.3992 172.5870 157.6546 -0.0698 -84.7646 100.0000 stroke6
movl 0 -53.8588 394.2460 172.7264 157.5230 -0.0504 -84.6225 100.0000 stroke6
movl 0 -54.6128 394.0139 172.8014 157.4512 -0.0159 -84.4488 100.0000 stroke6
movl 0 -55.3773 394.0239 172.8679 157.4034 -0.0407 -84.3665 100.0000 stroke6
movl 0 -56.1485 393.9682 172.9043 157.3818 -0.0009 -84.2615 100.0000 stroke6
movl 0 -56.6464 393.7435 173.0973 157.3266 0.0513 -84.2114 100.0000 stroke6
movl 0 -56.9282 393.7631 173.2628 157.2115 0.0663 -84.1959 100.0000 stroke6
movl 0 -57.4299 393.7211 173.3909 157.2000 0.0689 -84.1982 100.0000 stroke6
movl 0 -57.6817 393.6570 173.4767 157.1455 0.1043 -84.1708 100.0000 stroke6
movl 0 -58.1863 393.6323 173.5749 157.0873 0.1175 -84.1033 100.0000 stroke6
movl 0 -58.5729 393.6561 173.6142 157.0864 0.1175 -84.0660 100.0000 stroke6
movl 0 -58.7714 393.6260 173.6815 157.1026 0.0893 -84.0541 100.0000 stroke6
movl 0 -58.4609 393.4768 173.9853 156.9653 0.2182 -84.1180 100.0000 stroke6
movl 0 -58.5898 393.3604 174.1638 156.9640 0.2316 -84.0853 100.0000 stroke6
movl 0 -58.8389 393.3357 174.2132 156.9992 0.2165 -84.1241 100.0000 stroke6
movl 0 -58.7304 393.3412 174.4088 156.8775 0.1485 -84.2726 100.0000 stroke6
movl 0 -56.7751 392.5770 175.1215 155.8925 0.4232 -84.5721 100.0000 stroke6
movl 0 -48.4317 390.2892 180.8400 153.0740 2.0361 -87.3500 100.0000 stroke6
movl 0 -32.0452 383.8615 211.4137 146.1981 8.4213 -92.5961 100.0000 stroke6
movl 0 -19.0897 385.4551 209.1131 151.8741 12.5282 -94.8420 100.0000 stroke7
movl 0 -23.1218 380.4868 177.7540 154.9756 12.7186 -96.5271 100.0000 stroke7
movl 0 -25.7874 380.4600 176.8858 156.0438 12.1933 -95.1016 100.0000 stroke7
movl 0 -29.9777 380.8244 175.5616 158.0787 12.1860 -94.4384 100.0000 stroke7
movl 0 -31.7802 382.6118 174.4247 159.2082 12.1288 -93.8028 100.0000 stroke7
movl 0 -35.6283 382.8213 173.8465 160.8360 12.2569 -92.7600 100.0000 stroke7
movl 0 -40.6178 383.2800 173.6762 162.9668 11.6487 -92.6842 100.0000 stroke7
movl 0 -43.3435 382.5393 174.2032 163.8898 11.5060 -93.1798 100.0000 stroke7
movl 0 -43.7175 383.3764 174.2740 164.3651 10.9667 -94.1728 100.0000 stroke7
movl 0 -43.0976 383.6000 174.5816 164.3468 10.5961 -94.9590 100.0000 stroke7
movl 0 -42.7217 383.5919 174.8768 164.3646 10.1862 -95.5645 100.0000 stroke7
movl 0 -42.3203 383.8397 175.2156 164.4166 9.6068 -96.1092 100.0000 stroke7
movl 0 -42.3812 384.5178 175.6235 164.6893 8.7318 -96.7254 100.0000 stroke7
movl 0 -42.6682 385.3016 175.9283 165.0596 7.7297 -97.4641 100.0000 stroke7
movl 0 -43.4925 386.2020 176.3985 165.7809 6.6904 -98.4146 100.0000 stroke7
movl 0 -44.4856 387.2930 176.6840 166.4723 5.6765 -99.5271 100.0000 stroke7
movl 0 -45.5018 388.4901 176.9107 167.2196 4.5443 -100.8578 100.0000 stroke7
movl 0 -46.9690 389.9321 177.1207 168.2343 3.3741 -102.6696 100.0000 stroke7
movl 0 -48.6381 391.2813 177.2450 169.3898 2.2148 -104.8277 100.0000 stroke7
movl 0 -50.3087 392.2930 177.2998 170.5525 1.4208 -106.9824 100.0000 stroke7
movl 0 -52.3601 393.3105 177.3184 171.7867 0.8131 -108.7356 100.0000 stroke7
movl 0 -54.4637 394.2290 177.2516 172.9821 0.3647 -110.8093 100.0000 stroke7
movl 0 -56.4027 395.3120 177.0640 174.2599 -0.1305 -113.3049 100.0000 stroke7
movl 0 -58.4427 396.4045 176.8825 175.6467 -0.5916 -115.7160 100.0000 stroke7
movl 0 -60.3895 397.3593 176.7273 177.0706 -0.8828 -118.5254 100.0000 stroke7
movl 0 -61.9258 398.4825 176.5541 178.3843 -1.2041 -121.3209 100.0000 stroke7
movl 0 -63.2870 399.2226 176.3421 179.4343 -1.2437 -123.6622 100.0000 stroke7
movl 0 -64.5823 399.9532 176.1417 -179.4470 -1.1677 -126.8667 100.0000 stroke7
movl 0 -65.7105 400.3283 175.9984 -178.7009 -0.9835 -129.8930 100.0000 stroke7
movl 0 -66.5412 400.5542 175.8915 -178.0678 -0.7990 -132.7363 100.0000 stroke7
movl 0 -66.8986 400.7808 175.8519 -177.6749 -0.6909 -134.6960 100.0000 stroke7
movl 0 -67.2800 401.1204 175.7324 -177.2346 -0.5554 -137.1104 100.0000 stroke7
movl 0 -68.0481 401.2630 175.5195 -176.7418 -0.3554 -139.0191 100.0000 stroke7
movl 0 -68.3348 401.2871 175.4161 -176.5557 -0.2363 -139.9250 100.0000 stroke7
movl 0 -69.2188 400.7672 175.4606 -176.4431 0.1455 -141.1842 100.0000 stroke7
movl 0 -68.8750 400.8829 175.7529 -176.6670 0.5835 -142.8204 100.0000 stroke7
movl 0 -66.4217 402.3228 175.9447 -176.9111 0.5635 -144.3621 100.0000 stroke7
movl 0 -65.3115 403.4616 175.8995 -176.8679 0.4858 -145.0575 100.0000 stroke7
movl 0 -64.9500 402.4167 176.2497 -176.9716 0.0864 -144.4862 100.0000 stroke7
movl 0 -63.2917 402.4296 176.6764 -177.1464 -0.2987 -144.2502 100.0000 stroke7
movl 0 -61.5838 403.7005 176.6342 -177.0988 -0.4960 -144.1282 100.0000 stroke7
movl 0 -60.7594 404.5041 176.5566 -176.9037 -0.6816 -144.4178 100.0000 stroke7
movl 0 -59.6493 404.8359 176.5793 -176.7814 -0.9040 -144.4200 100.0000 stroke7
movl 0 -57.9999 405.2268 176.7742 -176.7931 -1.1616 -144.4583 100.0000 stroke7
movl 0 -56.4071 405.3258 177.0108 -176.8541 -1.3606 -144.4537 100.0000 stroke7
movl 0 -54.5470 405.3923 177.3653 -177.0100 -1.6364 -144.1935 100.0000 stroke7
movl 0 -52.5713 405.4954 177.6569 -177.1490 -1.9449 -143.8316 100.0000 stroke7
movl 0 -50.8381 405.4794 177.8976 -177.2166 -2.1672 -143.8963 100.0000 stroke7
movl 0 -49.1884 405.5810 178.1467 -177.2752 -2.3276 -143.9900 100.0000 stroke7
movl 0 -47.7303 405.6347 178.4039 -177.3377 -2.4736 -144.1490 100.0000 stroke7
movl 0 -46.1942 405.5824 178.7582 -177.4820 -2.6405 -144.2263 100.0000 stroke7
movl 0 -44.7514 405.6653 179.0849 -177.6240 -2.8167 -144.3239 100.0000 stroke7
movl 0 -43.4475 405.7394 179.4087 -177.7122 -2.9806 -144.4542 100.0000 stroke7
movl 0 -41.9618 405.6476 179.8261 -177.8776 -3.1206 -144.6807 100.0000 stroke7
movl 0 -40.3963 405.4549 180.3744 -178.1451 -3.2812 -144.8751 100.0000 stroke7
movl 0 -39.1184 405.1875 180.8271 -178.4046 -3.4631 -145.0191 100.0000 stroke7
movl 0 -37.6220 405.0461 181.1774 -178.6523 -3.6362 -145.2712 100.0000 stroke7
movl 0 -36.4516 404.8373 181.5350 -178.8346 -3.7885 -145.6169 100.0000 stroke7
movl 0 -35.6856 404.6831 181.8524 -178.8821 -3.9317 -145.9437 100.0000 stroke7
movl 0 -35.4165 404.3645 182.0791 -178.9880 -3.9268 -145.9852 100.0000 stroke7
movl 0 -34.6500 404.1619 182.4369 -179.1339 -4.0069 -146.0595 100.0000 stroke7
movl 0 -33.3334 403.8239 182.9871 -179.3629 -4.1964 -146.1480 100.0000 stroke7
movl 0 -32.5255 403.5111 183.3925 -179.5577 -4.3008 -146.1769 100.0000 stroke7
movl 0 -31.8259 403.2514 183.8005 -179.7237 -4.4173 -146.2176 100.0000 stroke7
movl 0 -30.9207 402.8750 184.3139 -179.9443 -4.5455 -146.2896 100.0000 stroke7
movl 0 -29.9359 402.0505 185.0691 179.6696 -4.6261 -146.3080 100.0000 stroke7
movl 0 -25.4096 398.5131 188.9313 177.8674 -5.1287 -146.1672 100.0000 stroke7
movl 0 -19.6958 396.8754 192.3510 176.1903 -6.4547 -145.8895 100.0000 stroke7
movl 0 -11.3088 395.7404 198.1585 172.2620 -8.8089 -142.9078 100.0000 stroke7
movl 0 -0.9248 391.2138 247.9090 159.5911 -7.9476 -132.3075 100.0000 stroke7
movl 0 -2.8558 400.0305 207.0368 143.7116 5.4924 -92.7757 100.0000 stroke8
movl 0 -8.5166 388.7247 173.0190 146.7533 6.4006 -92.1379 100.0000 stroke8
movl 0 -19.9893 377.0069 174.8496 152.9689 12.4064 -90.9971 100.0000 stroke8
movl 0 -27.4531 377.1037 173.3802 156.1069 11.8608 -89.8445 100.0000 stroke8
movl 0 -32.8182 377.5626 172.2905 157.6764 12.1107 -88.6117 100.0000 stroke8
movl 0 -37.7791 380.3050 171.2527 159.0368 9.9600 -88.7718 100.0000 stroke8
movl 0 -42.0249 383.9445 171.2528 160.9718 6.2161 -91.8496 100.0000 stroke8
movl 0 -42.7048 385.9115 171.6279 161.5152 3.8100 -95.0347 100.0000 stroke8
movl 0 -43.5413 386.8291 172.0644 161.9944 2.0585 -97.0856 100.0000 stroke8
movl 0 -43.9083 388.3614 172.4345 162.5120 -0.3211 -99.3206 100.0000 stroke8
movl 0 -44.7478 390.0419 172.7361 163.3573 -2.6662 -101.4419 100.0000 stroke8
movl 0 -45.1947 391.1787 172.8468 163.9663 -4.5411 -103.1904 100.0000 stroke8
movl 0 -45.8372 392.2839 172.8102 164.6488 -6.1525 -104.7546 100.0000 stroke8
movl 0 -46.5801 392.8743 172.7235 165.2273 -7.2741 -105.9005 100.0000 stroke8
movl 0 -47.3038 393.1472 172.6680 165.7111 -8.1356 -106.2039 100.0000 stroke8
movl 0 -48.4005 392.4007 172.8353 166.0015 -8.4657 -106.1041 100.0000 stroke8
movl 0 -45.6920 390.6266 174.0383 164.9241 -7.7581 -106.9827 100.0000 stroke8
movl 0 -45.2918 390.0620 174.4219 165.0618 -7.5757 -107.5026 100.0000 stroke8
movl 0 -45.5494 390.3064 174.3936 165.3877 -7.9499 -107.8695 100.0000 stroke8
movl 0 -46.2520 390.2054 174.3436 165.8442 -8.5290 -108.0538 100.0000 stroke8
movl 0 -45.6098 388.9880 174.9173 165.3974 -7.9705 -108.1256 100.0000 stroke8
movl 0 -46.1601 388.6326 174.9773 165.6154 -8.1254 -108.0435 100.0000 stroke8
movl 0 -45.9678 387.1363 175.5928 165.0619 -7.0430 -108.2102 100.0000 stroke8
movl 0 -45.6844 385.4345 176.0662 164.1867 -5.5447 -108.1468 100.0000 stroke8
movl 0 -45.8577 385.3166 176.1614 163.7899 -4.8617 -108.2206 100.0000 stroke8
movl 0 -42.3257 381.1662 177.9124 161.3848 -2.0258 -108.3394 100.0000 stroke8
movl 0 -47.4136 358.5289 205.4949 157.1810 11.7636 -106.6628 100.0000 stroke8
movl 0 -16.6772 368.2879 224.7567 150.7583 13.8842 -99.6588 100.0000 stroke9
movl 0 -22.3193 360.5023 185.3330 154.1501 12.2262 -99.6714 100.0000 stroke9
movl 0 -27.4218 360.3794 180.1299 156.2166 12.1972 -98.2592 100.0000 stroke9
movl 0 -36.3356 358.9954 177.2852 159.2888 13.3584 -95.6697 100.0000 stroke9
movl 0 -39.3266 359.4735 176.5284 160.3748 13.1040 -95.0040 100.0000 stroke9
movl 0 -41.4450 361.1483 175.6176 161.0741 12.5427 -94.3807 100.0000 stroke9
movl 0 -46.1456 362.9619 174.8631 163.0234 11.6899 -94.3110 100.0000 stroke9
movl 0 -50.9377 362.8187 174.8416 165.2803 11.1282 -94.9655 100.0000 stroke9
movl 0 -53.9400 361.9726 174.8692 166.3071 11.4923 -95.6142 100.0000 stroke9
movl 0 -54.3785 362.4903 174.8323 166.7681 11.3518 -96.8543 100.0000 stroke9
movl 0 -52.9144 363.8621 174.8921 167.0316 11.0455 -98.4965 100.0000 stroke9
movl 0 -50.4975 365.8136 174.9891 167.2482 10.5956 -100.6939 100.0000 stroke9
movl 0 -47.6237 368.4652 174.6684 167.5554 10.0695 -103.0795 100.0000 stroke9
movl 0 -45.1333 368.5447 175.0334 166.8346 9.9390 -103.5197 100.0000 stroke9
movl 0 -40.0231 368.4833 175.9930 164.8563 9.5328 -103.9285 100.0000 stroke9
movl 0 -36.8803 374.0452 175.0152 164.4795 6.9376 -104.8666 100.0000 stroke9
movl 0 -29.3880 384.3369 173.2199 163.7309 1.8582 -107.0078 100.0000 stroke9
movl 0 -19.5463 395.3037 170.2021 162.1032 -3.3155 -108.6387 100.0000 stroke9
movl 0 -14.4678 402.6476 167.5598 161.0000 -6.9662 -108.4971 100.0000 stroke9
movl 0 -12.8028 405.4261 166.2238 160.2117 -8.9616 -107.7440 100.0000 stroke9
movl 0 -13.2067 406.5662 165.8224 160.2521 -10.4637 -107.3830 100.0000 stroke9
movl 0 -13.6006 407.3486 165.7259 160.4743 -11.8345 -107.1932 100.0000 stroke9
movl 0 -14.2969 408.1203 165.6658 160.9451 -12.9682 -107.2422 100.0000 stroke9
movl 0 -14.5686 408.1874 165.7873 161.0829 -13.4922 -107.1804 100.0000 stroke9
movl 0 -12.9441 406.4733 166.7400 160.5846 -12.7297 -107.6871 100.0000 stroke9
movl 0 -13.0889 406.3755 166.7501 160.6369 -12.8618 -107.7976 100.0000 stroke9
movl 0 -14.7076 407.3761 166.3461 161.1987 -14.0469 -107.2925 100.0000 stroke9
movl 0 -14.0589 406.2710 166.9606 160.9253 -13.7123 -107.3271 100.0000 stroke9
movl 0 -12.4543 405.1509 167.5617 160.3152 -12.9855 -107.5762 100.0000 stroke9
movl 0 -14.5215 405.1727 167.3593 160.8232 -13.5536 -106.5636 100.0000 stroke9
movl 0 -11.9006 403.3064 168.3770 159.7755 -12.2966 -107.0142 100.0000 stroke9
movl 0 -14.2980 403.9205 168.0076 160.4887 -12.8203 -106.2288 100.0000 stroke9
movl 0 -13.5642 402.8329 168.6676 160.0434 -12.0559 -106.2395 100.0000 stroke9
movl 0 -14.2332 401.2686 169.4743 159.9597 -10.9599 -106.0792 100.0000 stroke9
movl 0 -14.3290 400.8225 169.6935 159.9071 -10.5772 -105.9720 100.0000 stroke9
movl 0 -14.5182 400.1889 170.0775 159.8617 -10.1490 -106.0283 100.0000 stroke9
movl 0 -12.9949 394.5218 172.9459 158.3842 -7.6030 -105.8528 100.0000 stroke9
movl 0 -17.9516 375.3351 206.0027 154.8200 3.9874 -104.2897 100.0000 stroke9
movl 0 -29.7948 362.0155 209.4980 156.6055 17.0910 -81.0321 100.0000 stroke10
movl 0 -38.5919 352.9322 178.3630 161.3254 16.9485 -78.9950 100.0000 stroke10
movl 0 -43.8227 349.7473 178.3700 164.8232 17.8519 -76.9110 100.0000 stroke10
movl 0 -46.1028 350.4075 177.5696 166.3296 17.0920 -74.8940 100.0000 stroke10
movl 0 -48.5446 350.5371 177.0078 166.3929 16.8115 -73.8176 100.0000 stroke10
movl 0 -51.1986 352.0846 176.5089 167.0890 15.5606 -74.4396 100.0000 stroke10
movl 0 -54.0305 352.7331 176.4233 168.0790 14.3754 -75.6912 100.0000 stroke10
movl 0 -55.8131 352.5520 176.4793 168.6730 14.1189 -76.5546 100.0000 stroke10
movl 0 -56.5141 353.3102 176.6086 169.1971 13.5451 -77.7286 100.0000 stroke10
movl 0 -56.5415 354.5140 176.8681 169.6966 12.5281 -79.3791 100.0000 stroke10
movl 0 -56.4635 355.6980 177.0693 170.2438 11.6052 -81.3424 100.0000 stroke10
movl 0 -56.8170 356.6496 177.3151 170.9645 10.8232 -83.3257 100.0000 stroke10
movl 0 -57.1921 357.4229 177.5339 171.5206 10.1232 -85.1490 100.0000 stroke10
movl 0 -57.9802 358.5439 177.6968 172.2261 9.3289 -87.4557 100.0000 stroke10
movl 0 -59.3998 359.7440 177.7690 173.2565 8.6654 -89.9080 100.0000 stroke10
movl 0 -60.2770 361.1142 177.5875 174.1222 8.0514 -92.0456 100.0000 stroke10
movl 0 -60.0216 361.1573 177.7058 174.0683 7.9919 -92.7005 100.0000 stroke10
movl 0 -56.6972 359.1049 178.9379 172.6873 9.1090 -93.2367 100.0000 stroke10
movl 0 -55.1404 358.8563 179.3549 172.2083 9.3197 -93.6640 100.0000 stroke10
movl 0 -54.4270 359.2116 179.4527 172.0475 9.1897 -93.9900 100.0000 stroke10
movl 0 -54.8741 360.4995 179.1208 172.2434 8.1992 -94.0720 100.0000 stroke10
movl 0 -54.8000 361.7656 179.0645 172.3766 6.8926 -94.4301 100.0000 stroke10
movl 0 -53.0321 359.6034 180.1248 171.5994 8.2273 -94.7072 100.0000 stroke10
movl 0 -52.3838 360.7010 179.8743 171.5208 7.7843 -94.8269 100.0000 stroke10
movl 0 -52.6317 362.2902 179.5251 171.6997 6.4378 -94.9494 100.0000 stroke10
movl 0 -52.2471 362.7157 179.4975 171.6213 5.8949 -95.0685 100.0000 stroke10
movl 0 -50.9882 361.7214 179.8072 171.1547 6.3502 -94.8513 100.0000 stroke10
movl 0 -47.8000 359.8119 180.3044 169.6251 7.8036 -93.9104 100.0000 stroke10
movl 0 -47.7910 359.8320 180.3531 169.4182 7.8696 -93.5648 100.0000 stroke10
movl 0 -47.3741 359.6003 180.4135 169.0556 8.2486 -93.0798 100.0000 stroke10
movl 0 -47.4324 359.7323 180.3968 168.8878 8.3373 -92.7604 100.0000 stroke10
movl 0 -47.5497 359.7625 180.3569 168.7151 8.4460 -92.5292 100.0000 stroke10
movl 0 -47.7132 359.9710 180.3554 168.6372 8.4262 -92.4380 100.0000 stroke10
movl 0 -47.8175 359.8469 180.4442 168.5196 8.5023 -92.3564 100.0000 stroke10
movl 0 -48.0210 359.5748 180.6650 168.2820 8.6056 -92.1984 100.0000 stroke10
movl 0 -47.7931 359.7578 180.7337 168.1664 8.5435 -92.1809 100.0000 stroke10
movl 0 -47.8139 359.8439 180.7572 168.2274 8.4443 -92.2299 100.0000 stroke10
movl 0 -45.8249 358.8050 181.6887 167.7589 8.9045 -92.4417 100.0000 stroke10
movl 0 -39.2951 356.8434 188.7331 166.2120 10.9238 -93.3314 100.0000 stroke10
movl 0 -34.5795 351.1121 232.9820 164.7056 17.0743 -93.7334 100.0000 stroke10
