movl 0 -18.4997 401.6005 173.3816 177.2410 32.2611 -26.3637 100.0000 stroke1
movl 0 -17.4800 403.3352 173.9390 176.0287 31.7814 -27.2159 100.0000 stroke1
movl 0 -16.9552 404.2092 174.2954 175.7197 31.3997 -27.1397 100.0000 stroke1
movl 0 -13.3082 407.2949 174.1294 175.2688 30.4970 -29.9198 100.0000 stroke1
movl 0 -10.5922 411.7083 172.8446 172.5505 29.2240 -35.0932 100.0000 stroke1
movl 0 -22.0222 405.2348 174.2250 173.7281 28.2127 -33.4230 100.0000 stroke1
movl 0 -33.5740 399.1080 173.9085 175.5568 27.4273 -29.8281 100.0000 stroke1
movl 0 -35.8738 399.1361 173.1632 174.7234 27.1317 -29.5589 100.0000 stroke1
movl 0 -38.4825 399.4808 172.4531 173.4841 25.6058 -30.9488 100.0000 stroke1
movl 0 -41.4388 399.3511 172.5622 173.4374 23.7135 -32.7142 100.0000 stroke1
movl 0 -42.6906 399.6258 172.8736 173.0309 22.3964 -34.2868 100.0000 stroke1
movl 0 -44.2457 399.2976 173.2235 172.9295 21.2290 -35.4681 100.0000 stroke1
movl 0 -46.1523 398.3059 173.4560 173.7672 20.9916 -35.7439 100.0000 stroke1
movl 0 -45.7783 398.2822 173.3725 174.0632 20.8991 -36.2970 100.0000 stroke1
movl 0 -45.8202 398.4715 173.4170 174.2328 20.6006 -36.8438 100.0000 stroke1
movl 0 -45.0816 399.0349 173.5787 174.2836 20.2223 -37.9285 100.0000 stroke1
movl 0 -43.9812 400.1149 173.6704 174.2251 19.8280 -39.4216 100.0000 stroke1
movl 0 -42.6980 401.3282 173.8252 174.1973 19.2853 -41.3661 100.0000 stroke1
movl 0 -42.3937 402.2383 174.0851 174.6851 18.4916 -43.3232 100.0000 stroke1
movl 0 -41.4236 403.6184 174.2475 175.0684 17.7358 -45.4815 100.0000 stroke1
movl 0 -40.9414 405.1071 174.3265 175.7716 16.9747 -47.4825 100.0000 stroke1
movl 0 -39.8494 406.7776 174.3709 176.5653 16.4003 -49.5973 100.0000 stroke1
movl 0 -38.7788 406.5098 174.5997 176.5980 16.7290 -49.9998 100.0000 stroke1
movl 0 -36.0344 403.6388 175.3991 176.4708 18.7171 -48.9487 100.0000 stroke1
movl 0 -35.5996 401.7416 176.0053 176.9553 19.5369 -48.5411 100.0000 stroke1
movl 0 -35.0632 401.0921 176.1621 177.2324 19.9427 -48.3988 100.0000 stroke1
movl 0 -36.0557 401.3386 176.3076 176.9879 19.1487 -48.4535 100.0000 stroke1
movl 0 -36.5467 401.9319 176.5668 176.5230 18.0124 -48.7562 100.0000 stroke1
movl 0 -36.4464 402.1354 176.5801 176.3632 17.4319 -49.2222 100.0000 stroke1
movl 0 -36.0832 402.2705 176.7210 176.2646 16.9678 -49.6863 100.0000 stroke1
movl 0 -34.7687 401.9359 176.6603 175.9724 16.9531 -49.7436 100.0000 stroke1
movl 0 -32.2498 401.2751 176.6052 174.3516 18.7938 -46.7748 100.0000 stroke1
movl 0 -26.2099 399.5722 178.1174 173.9141 24.3210 -39.9125 100.0000 stroke1
movl 0 -15.7408 401.6869 209.3853 178.1029 34.1895 -29.5493 100.0000 stroke1
movl 0 0.1146 415.3127 208.8764 -150.8963 33.2741 24.8658 100.0000 stroke2
movl 0 -0.8866 409.0639 172.3362 -151.1795 31.1782 22.3757 100.0000 stroke2
movl 0 -10.8505 411.7378 166.4310 -154.7725 26.9485 21.0359 100.0000 stroke2
movl 0 -12.4630 413.7505 165.0128 -156.9431 26.3846 18.8486 100.0000 stroke2
movl 0 -14.6282 416.1029 163.9769 -158.9156 26.4152 17.1238 100.0000 stroke2
movl 0 -17.9841 421.2655 162.9187 -163.9614 26.7607 11.8507 100.0000 stroke2
movl 0 -19.2946 424.6720 162.3198 -169.7588 26.9940 2.9822 100.0000 stroke2
movl 0 -18.2520 428.6757 161.9180 -175.9413 27.8043 -5.8091 100.0000 stroke2
movl 0 -18.3827 430.4969 162.3376 179.5636 27.6334 -11.5318 100.0000 stroke2
movl 0 -18.1045 431.6775 163.0778 176.0899 26.9924 -15.9698 100.0000 stroke2
movl 0 -17.4776 432.7293 163.4866 172.8334 26.4941 -20.1433 100.0000 stroke2
movl 0 -17.1996 433.9393 163.9638 169.5273 25.2695 -24.2428 100.0000 stroke2
movl 0 -17.2177 435.5935 164.3685 166.0294 23.4000 -28.7812 100.0000 stroke2
movl 0 -18.3153 437.0005 164.7715 163.0030 20.6651 -32.7828 100.0000 stroke2
movl 0 -19.6186 438.6470 165.0594 160.1394 17.3432 -36.8734 100.0000 stroke2
movl 0 -21.7366 441.1545 165.1297 157.5878 13.0445 -40.9903 100.0000 stroke2
movl 0 -24.1259 443.3759 165.0040 155.5908 8.0000 -45.6069 100.0000 stroke2
movl 0 -27.0895 446.1663 164.5320 154.5439 1.9857 -50.2765 100.0000 stroke2
movl 0 -30.3663 449.3928 163.8020 154.5078 -4.3232 -55.1649 100.0000 stroke2
movl 0 -33.6097 452.0634 163.0664 155.3475 -9.4097 -58.6432 100.0000 stroke2
movl 0 -36.6514 454.6405 162.5667 156.5525 -13.7668 -61.2480 100.0000 stroke2
movl 0 -38.0648 455.7720 162.0034 157.5921 -16.1694 -62.8636 100.0000 stroke2
movl 0 -38.6167 456.4447 161.4485 158.0886 -17.3363 -62.7538 100.0000 stroke2
movl 0 -39.0334 456.2413 161.2637 158.4682 -17.8177 -62.4033 100.0000 stroke2
movl 0 -38.5980 455.1878 161.7768 158.7236 -17.5059 -62.4222 100.0000 stroke2
movl 0 -38.4793 454.7709 161.6461 158.8132 -17.9340 -61.5856 100.0000 stroke2
movl 0 -37.5884 454.2763 161.9857 158.6793 -17.7895 -61.5818 100.0000 stroke2
movl 0 -34.3730 452.3686 163.9142 157.3781 -15.4841 -60.0541 100.0000 stroke2
movl 0 -33.3315 450.8068 164.7704 157.1342 -14.5454 -59.2724 100.0000 stroke2
movl 0 -32.9757 450.6972 164.9706 157.3202 -14.9435 -59.5530 100.0000 stroke2
movl 0 -33.1255 450.3876 165.2022 157.5662 -15.2517 -59.9362 100.0000 stroke2
movl 0 -33.6608 450.0397 165.1787 157.7875 -15.6775 -60.2206 100.0000 stroke2
movl 0 -33.7656 449.6630 165.3848 157.9581 -15.7486 -60.5051 100.0000 stroke2
movl 0 -31.5443 448.1561 166.8447 157.5856 -14.5261 -60.4032 100.0000 stroke2
movl 0 -31.3361 447.9276 166.6990 157.6317 -14.8649 -60.3989 100.0000 stroke2
movl 0 -30.9649 447.2120 167.3288 157.5801 -14.5783 -60.4090 100.0000 stroke2
movl 0 -30.9233 447.0939 167.2991 157.5839 -14.8168 -60.5103 100.0000 stroke2
movl 0 -30.5307 446.1169 167.8486 157.6297 -14.2226 -60.4155 100.0000 stroke2
movl 0 -29.9536 444.0544 169.1044 157.8034 -12.4861 -59.9011 100.0000 stroke2
movl 0 -18.1518 426.3596 180.1968 157.7821 3.0598 -52.2324 100.0000 stroke2
movl 0 -6.7567 384.9354 199.9831 175.4152 27.8735 -28.3227 100.0000 stroke2
movl 0 -20.4355 332.9555 190.8117 -154.0701 25.8552 -0.1056 100.0000 stroke2
movl 0 -35.7847 305.2996 173.5911 -149.9678 14.7465 3.7165 100.0000 stroke2
movl 0 -42.6783 301.3886 169.0553 -150.8190 12.5808 1.9575 100.0000 stroke2
movl 0 -47.4331 301.8859 168.0674 -152.0347 11.5980 -0.4487 100.0000 stroke2
movl 0 -51.2776 303.7909 167.6547 -154.0909 10.9782 -3.4762 100.0000 stroke2
movl 0 -52.7747 307.9466 167.8203 -156.9192 10.6194 -6.9149 100.0000 stroke2
movl 0 -54.6648 308.5010 167.7138 -158.2199 10.0000 -9.3250 100.0000 stroke2
movl 0 -57.3833 308.1086 167.4880 -157.9577 9.4556 -10.3082 100.0000 stroke2
movl 0 -58.5480 309.7196 167.2469 -157.2408 9.4463 -12.3979 100.0000 stroke2
movl 0 -59.0738 309.5567 167.1798 -156.8224 9.5757 -13.2551 100.0000 stroke2
movl 0 -61.0159 307.0468 166.5106 -155.9342 9.2686 -13.0301 100.0000 stroke2
movl 0 -59.2185 311.4097 166.9269 -156.1655 9.7251 -15.1280 100.0000 stroke2
movl 0 -58.9745 310.5408 167.0904 -155.8490 9.9072 -14.8356 100.0000 stroke2
movl 0 -57.8752 311.7319 167.2648 -155.7873 10.1918 -15.2349 100.0000 stroke2
movl 0 -56.8328 313.0394 167.4259 -155.6557 10.4094 -15.7835 100.0000 stroke2
movl 0 -56.0306 313.6905 167.5189 -155.5260 10.7018 -15.8927 100.0000 stroke2
movl 0 -55.2517 314.0685 167.6493 -155.3735 11.0096 -15.8567 100.0000 stroke2
movl 0 -53.1964 312.8815 168.2570 -154.4985 12.0012 -15.2553 100.0000 stroke2
movl 0 -49.6456 304.7374 176.4884 -147.1482 13.5636 -11.3904 100.0000 stroke2
movl 0 -18.2233 362.1536 214.9284 173.6198 43.5212 -50.9006 100.0000 stroke3
movl 0 -16.2187 372.4672 186.7272 153.4248 17.4499 -90.3720 100.0000 stroke3
movl 0 -4.8478 386.9475 180.9287 152.6033 5.0373 -99.4828 100.0000 stroke3
movl 0 -4.5135 391.8841 178.2686 153.4452 2.9918 -100.4208 100.0000 stroke3
movl 0 -6.1097 395.1341 176.3465 154.8799 1.4173 -101.4771 100.0000 stroke3
movl 0 -8.1961 396.9350 175.1114 155.9439 1.3916 -102.4197 100.0000 stroke3
movl 0 -12.5521 401.3572 173.6974 158.6304 -0.9345 -103.5016 100.0000 stroke3
movl 0 -14.5097 404.6762 172.9009 160.3295 -3.1630 -104.9340 100.0000 stroke3
movl 0 -15.0155 405.9662 172.3784 160.5017 -4.1107 -105.0433 100.0000 stroke3
movl 0 -15.4384 406.2221 172.1407 160.3203 -4.6704 -104.7017 100.0000 stroke3
movl 0 -16.5633 405.8556 172.1595 160.3943 -5.1616 -104.5140 100.0000 stroke3
movl 0 -17.8727 404.9818 172.2070 160.1612 -5.6194 -103.6988 100.0000 stroke3
movl 0 -20.3095 403.8149 172.2557 160.1876 -5.9696 -102.8613 100.0000 stroke3
movl 0 -22.2825 402.8556 172.2320 160.2123 -6.2187 -102.2563 100.0000 stroke3
movl 0 -24.4705 401.4215 172.4015 160.1715 -6.2077 -101.5648 100.0000 stroke3
movl 0 -26.4166 400.4419 172.5196 160.1137 -6.3119 -100.9680 100.0000 stroke3
movl 0 -28.2705 398.6538 172.8836 159.8969 -6.3338 -100.2906 100.0000 stroke3
movl 0 -30.7356 397.0113 173.1889 159.8293 -6.2587 -99.6861 100.0000 stroke3
movl 0 -32.3008 396.1807 173.2764 159.7048 -6.3030 -99.3290 100.0000 stroke3
movl 0 -33.7056 395.8026 173.2977 159.6610 -6.3615 -99.0698 100.0000 stroke3
movl 0 -34.8875 395.3257 173.4399 159.5135 -6.3435 -98.7536 100.0000 stroke3
movl 0 -35.9771 394.7944 173.7492 159.3920 -6.3338 -98.5788 100.0000 stroke3
movl 0 -36.9444 394.5992 173.9507 159.2643 -6.3783 -98.4516 100.0000 stroke3
movl 0 -37.3732 394.5827 174.0414 159.0701 -6.4637 -98.3203 100.0000 stroke3
movl 0 -37.9235 394.6162 174.2519 158.9851 -6.5212 -98.2891 100.0000 stroke3
movl 0 -38.2587 394.5644 174.4291 158.8888 -6.5480 -98.3181 100.0000 stroke3
movl 0 -38.9863 394.5963 174.4099 158.9593 -6.5534 -98.3308 100.0000 stroke3
movl 0 -39.2991 394.7689 174.3588 158.9245 -6.6053 -98.3521 100.0000 stroke3
movl 0 -39.2628 394.9097 174.4416 158.7685 -6.7173 -98.4074 100.0000 stroke3
movl 0 -39.1007 395.1929 174.4588 158.6828 -6.7618 -98.5186 100.0000 stroke3
movl 0 -39.0577 395.5676 174.3766 158.6241 -6.7895 -98.5797 100.0000 stroke3
movl 0 -39.0888 395.3743 174.4572 158.6197 -6.7239 -98.6681 100.0000 stroke3
movl 0 -39.0710 395.5190 174.5556 158.6399 -6.7145 -98.7945 100.0000 stroke3
movl 0 -39.3498 395.6114 174.5280 158.6389 -6.7430 -98.8305 100.0000 stroke3
movl 0 -39.1424 395.6736 174.5994 158.5215 -6.7745 -98.8645 100.0000 stroke3
movl 0 -33.8608 392.8989 177.4842 155.5541 -5.3190 -97.3005 100.0000 stroke3
movl 0 -32.8644 379.8235 227.3833 149.5591 7.3694 -90.5973 100.0000 stroke3
movl 0 -10.7123 417.8456 205.2432 164.6093 26.5985 -52.1560 100.0000 stroke4
movl 0 -15.1832 414.9655 190.0923 165.1247 21.2226 -59.4633 100.0000 stroke4
movl 0 -31.2647 407.4111 184.3331 172.5912 19.9193 -56.9700 100.0000 stroke4
movl 0 -42.0166 402.3732 182.9913 176.1200 19.2489 -54.4885 100.0000 stroke4
movl 0 -49.1262 400.8073 181.9439 178.3471 18.3248 -54.9642 100.0000 stroke4
movl 0 -57.2995 399.8080 180.9283 -179.5551 16.3415 -57.8098 100.0000 stroke4
movl 0 -63.9227 399.6276 180.0414 -177.8530 14.8783 -61.0527 100.0000 stroke4
movl 0 -70.0400 399.4472 179.1213 -176.5839 13.8018 -65.1525 100.0000 stroke4
movl 0 -74.7790 399.2540 178.1907 -175.3906 13.3183 -68.9469 100.0000 stroke4
movl 0 -77.9578 400.1272 177.4855 -174.7684 12.6936 -72.8665 100.0000 stroke4
movl 0 -80.7117 401.6296 176.5511 -174.0983 12.0637 -76.7257 100.0000 stroke4
movl 0 -83.6823 402.0724 175.5402 -173.2936 11.8320 -79.8141 100.0000 stroke4
movl 0 -82.7329 400.1165 176.2535 -173.9686 13.0603 -80.5828 100.0000 stroke4
movl 0 -81.7554 398.6926 176.5929 -174.1346 14.0739 -80.5393 100.0000 stroke4
movl 0 -81.3710 398.1890 176.7907 -174.1666 14.5964 -80.8279 100.0000 stroke4
movl 0 -80.6268 398.1164 177.1077 -174.2974 14.8866 -81.4825 100.0000 stroke4
movl 0 -79.6560 398.5222 177.4134 -174.5066 14.8933 -81.9954 100.0000 stroke4
movl 0 -79.6703 398.8415 177.3775 -174.5405 14.5626 -82.0333 100.0000 stroke4
movl 0 -80.6262 398.6683 177.1550 -174.4293 13.8319 -81.1986 100.0000 stroke4
movl 0 -80.2061 399.6791 177.1415 -174.8422 12.8893 -80.8173 100.0000 stroke4
movl 0 -79.9172 400.1889 177.1317 -175.0373 12.3684 -80.5775 100.0000 stroke4
movl 0 -79.6927 400.3759 177.2608 -175.2129 11.6742 -80.1611 100.0000 stroke4
movl 0 -78.6870 399.6270 177.6847 -175.5038 11.3292 -78.9109 100.0000 stroke4
movl 0 -76.0825 398.1947 178.7349 -175.9520 12.3284 -77.2536 100.0000 stroke4
movl 0 -73.3523 398.6765 179.2992 -176.5213 12.7941 -76.8182 100.0000 stroke4
movl 0 -73.2484 399.5569 179.3026 -176.7889 12.0019 -77.5283 100.0000 stroke4
movl 0 -72.8732 400.1407 179.4825 -177.0684 11.2772 -78.4416 100.0000 stroke4
movl 0 -72.5677 400.0386 179.5172 -177.2357 11.3032 -78.4222 100.0000 stroke4
movl 0 -71.2526 399.7326 179.8912 -177.8011 11.7725 -77.6458 100.0000 stroke4
movl 0 -69.8714 399.5419 180.4273 -178.3833 12.3034 -77.1352 100.0000 stroke4
movl 0 -66.1075 397.5371 182.3209 -179.8404 13.7089 -77.1577 100.0000 stroke4
movl 0 -61.6241 389.9086 197.7013 178.1136 17.8260 -75.9183 100.0000 stroke4
