movl 0 -16.8669 404.0233 164.1980 -150.3742 -23.2714 93.5862 100.0000 stroke1
movl 0 -17.1628 403.9492 166.0876 -150.6424 -21.7338 92.9744 100.0000 stroke1
movl 0 -16.5310 402.4178 167.3183 -150.8411 -20.2037 89.8720 100.0000 stroke1
movl 0 -19.5236 400.6381 168.3504 -151.9365 -20.2573 88.9045 100.0000 stroke1
movl 0 -23.6177 400.8343 168.5908 -153.4531 -19.6424 88.6486 100.0000 stroke1
movl 0 -25.6984 401.7913 167.8886 -154.3090 -19.5538 89.0606 100.0000 stroke1
movl 0 -27.6077 401.1699 167.1739 -155.3074 -20.4970 90.5719 100.0000 stroke1
movl 0 -30.2531 401.5090 166.4786 -156.5651 -20.7946 92.1880 100.0000 stroke1
movl 0 -31.1445 401.9249 165.8799 -157.4596 -20.9324 93.2137 100.0000 stroke1
movl 0 -33.7685 404.7480 165.0912 -158.7129 -18.7727 93.3194 100.0000 stroke1
movl 0 -34.9505 408.5012 164.2038 -159.3202 -16.4515 92.4938 100.0000 stroke1
movl 0 -34.7267 411.5310 163.7416 -159.3794 -14.4438 91.3091 100.0000 stroke1
movl 0 -32.4137 413.7888 163.6503 -159.0097 -12.7681 89.6142 100.0000 stroke1
movl 0 -31.2932 414.8576 163.6494 -158.5714 -11.9323 88.7480 100.0000 stroke1
movl 0 -32.3722 414.3045 164.0834 -158.2517 -11.5348 88.8888 100.0000 stroke1
movl 0 -31.2788 415.0662 163.9426 -157.9981 -11.1702 87.3004 100.0000 stroke1
movl 0 -30.6737 415.7543 163.7809 -158.1487 -10.8737 86.2759 100.0000 stroke1
movl 0 -30.6517 416.2516 163.7080 -157.8747 -10.0724 86.0433 100.0000 stroke1
movl 0 -31.0941 417.2893 163.8403 -157.5901 -8.1445 85.3906 100.0000 stroke1
movl 0 -29.4881 417.1529 164.0162 -157.1526 -8.4871 84.5295 100.0000 stroke1
movl 0 -29.3318 417.0451 164.0237 -157.5007 -8.5558 83.8688 100.0000 stroke1
movl 0 -30.3109 417.5950 164.1481 -157.2346 -7.1841 83.9394 100.0000 stroke1
movl 0 -30.4047 418.2015 164.5605 -156.8192 -5.0598 82.8070 100.0000 stroke1
movl 0 -29.4856 416.7630 165.1980 -156.0996 -4.9010 80.9098 100.0000 stroke1
movl 0 -28.5276 416.6045 165.2345 -155.9919 -4.8353 79.2993 100.0000 stroke1
movl 0 -28.7715 417.6147 165.5310 -155.6643 -2.2568 78.6727 100.0000 stroke1
movl 0 -27.9928 416.4321 166.0657 -155.3497 -2.5063 77.9731 100.0000 stroke1
movl 0 -26.9195 416.6940 166.0393 -155.1244 -2.2602 77.5713 100.0000 stroke1
movl 0 -27.4735 416.6903 166.3051 -155.1411 -1.3978 77.4769 100.0000 stroke1
movl 0 -27.5299 416.5839 166.3365 -155.1369 -1.2591 77.3209 100.0000 stroke1
movl 0 -27.2167 416.6668 166.2938 -155.0810 -1.5064 77.0733 100.0000 stroke1
movl 0 -27.0752 415.8512 166.2950 -155.0030 -2.4386 77.0518 100.0000 stroke1
movl 0 -26.8629 414.3644 167.0071 -154.9480 -3.8498 77.5248 100.0000 stroke1
movl 0 -21.5675 392.8646 182.8391 -151.1060 -18.5167 79.4144 100.0000 stroke1
movl 0 -15.2466 372.6332 246.6607 -149.4196 -41.2716 87.5435 100.0000 stroke1
movl 0 -19.2557 420.6445 229.5809 -141.7143 -19.0232 95.1924 100.0000 stroke2
movl 0 -25.1383 411.8582 173.8463 -146.5463 -19.1149 99.0019 100.0000 stroke2
movl 0 -33.7798 403.2754 172.4889 -152.4134 -21.7707 99.8260 100.0000 stroke2
movl 0 -42.8441 405.1760 170.8585 -156.8035 -19.5003 101.1197 100.0000 stroke2
movl 0 -48.7492 406.2152 169.9142 -159.1105 -18.4346 102.3934 100.0000 stroke2
movl 0 -52.5640 408.8690 168.5627 -160.4357 -16.7566 102.3680 100.0000 stroke2
movl 0 -55.6738 413.4503 167.8680 -160.7940 -12.7924 100.1275 100.0000 stroke2
movl 0 -54.8253 415.6054 167.9933 -160.2583 -10.8416 97.8397 100.0000 stroke2
movl 0 -55.0269 415.9686 168.4633 -159.8546 -9.3904 96.2726 100.0000 stroke2
movl 0 -54.9175 417.3369 168.5129 -159.2437 -7.0376 94.6644 100.0000 stroke2
movl 0 -55.8577 419.8644 168.3737 -158.9619 -3.6734 93.0311 100.0000 stroke2
movl 0 -57.2789 422.1262 167.9242 -159.0341 -0.7805 92.1179 100.0000 stroke2
movl 0 -58.0483 421.8829 168.1475 -158.9749 0.0166 92.2169 100.0000 stroke2
movl 0 -55.7199 419.0362 169.5468 -158.5184 -1.9365 91.5719 100.0000 stroke2
movl 0 -54.6319 417.8888 170.0573 -158.4090 -2.4406 91.0887 100.0000 stroke2
movl 0 -56.3529 418.5244 170.2233 -159.1607 -0.8340 90.7868 100.0000 stroke2
movl 0 -55.9934 416.8661 170.7594 -158.9059 -1.9666 89.8711 100.0000 stroke2
movl 0 -55.3462 415.4567 170.9981 -158.5100 -3.1640 88.8921 100.0000 stroke2
movl 0 -52.4441 412.5353 173.0172 -157.4753 -5.2019 88.1032 100.0000 stroke2
movl 0 -35.3108 403.6032 203.3500 -151.3163 -18.5335 87.7221 100.0000 stroke2
movl 0 -9.6200 405.5635 202.5997 -145.5084 -10.9821 82.1243 100.0000 stroke3
movl 0 -25.4758 400.0039 172.0219 -150.8764 -9.8390 80.7472 100.0000 stroke3
movl 0 -41.2809 398.3913 173.9702 -154.5470 -11.1598 80.9369 100.0000 stroke3
movl 0 -53.4847 394.6856 174.2451 -157.5352 -12.4209 82.6785 100.0000 stroke3
movl 0 -55.0724 396.5575 173.2608 -157.6845 -11.4781 82.0156 100.0000 stroke3
movl 0 -56.2103 397.9086 172.4475 -157.8145 -10.7146 81.9413 100.0000 stroke3
movl 0 -59.5374 399.5911 171.9502 -159.4128 -10.0116 81.5933 100.0000 stroke3
movl 0 -63.0180 400.6911 172.0046 -161.1648 -8.6970 81.1080 100.0000 stroke3
movl 0 -64.3583 401.0708 172.1069 -162.1430 -7.9595 80.5465 100.0000 stroke3
movl 0 -65.4514 400.3522 172.3456 -162.4260 -8.2439 80.5094 100.0000 stroke3
movl 0 -65.2151 400.4035 172.0588 -162.7900 -8.9722 80.4673 100.0000 stroke3
movl 0 -64.1236 400.6531 172.2032 -163.0343 -9.1272 79.8052 100.0000 stroke3
movl 0 -62.3266 401.0274 172.6168 -163.1094 -9.0143 78.9133 100.0000 stroke3
movl 0 -60.3226 401.4748 173.0143 -163.1023 -8.8618 77.8325 100.0000 stroke3
movl 0 -58.3735 401.8437 173.3248 -163.1022 -8.7291 76.7977 100.0000 stroke3
movl 0 -56.6788 402.2797 173.1965 -163.2005 -8.6407 75.9914 100.0000 stroke3
movl 0 -55.8581 402.7266 173.2681 -163.4137 -8.5602 75.3849 100.0000 stroke3
movl 0 -54.7781 403.3059 173.2555 -163.6564 -8.2748 75.0762 100.0000 stroke3
movl 0 -53.4270 403.7160 173.3682 -163.7036 -8.1441 74.2320 100.0000 stroke3
movl 0 -51.9563 404.2595 173.4185 -163.7978 -7.9676 73.4164 100.0000 stroke3
movl 0 -50.2364 404.6131 173.5232 -163.8135 -7.8449 72.4424 100.0000 stroke3
movl 0 -47.8648 404.6421 173.8378 -163.8108 -7.8967 70.8295 100.0000 stroke3
movl 0 -45.2200 405.3416 173.9573 -163.8614 -7.6261 69.7134 100.0000 stroke3
movl 0 -41.9698 405.9587 174.0789 -163.8643 -7.2760 68.3852 100.0000 stroke3
movl 0 -39.7016 406.4941 174.0994 -164.1046 -7.1544 67.0476 100.0000 stroke3
movl 0 -36.1725 407.6486 173.6636 -164.4397 -6.8953 65.3062 100.0000 stroke3
movl 0 -33.5083 406.6285 174.1154 -163.3335 -6.7461 65.0403 100.0000 stroke3
movl 0 -28.5175 406.7186 174.2238 -161.7945 -6.0143 64.3956 100.0000 stroke3
movl 0 -25.4594 409.6295 173.2612 -161.6300 -4.5522 63.9925 100.0000 stroke3
movl 0 -20.9524 414.6802 171.4475 -161.3097 -1.8718 63.4820 100.0000 stroke3
movl 0 -14.7608 420.5810 169.4184 -160.9087 1.6146 62.4803 100.0000 stroke3
movl 0 -8.5202 426.0952 167.5107 -160.5813 4.9354 61.2448 100.0000 stroke3
movl 0 1.5717 433.3231 164.5701 -159.4809 9.3138 59.9949 100.0000 stroke3
movl 0 9.9779 439.2550 161.0765 -157.9528 12.8757 59.9830 100.0000 stroke3
movl 0 12.5555 442.0159 159.7302 -156.7949 13.9717 61.0786 100.0000 stroke3
movl 0 12.5745 442.8102 159.2651 -156.4894 14.5214 61.8297 100.0000 stroke3
movl 0 10.6245 442.7136 159.1673 -156.4642 15.0221 63.0675 100.0000 stroke3
movl 0 11.2922 440.9547 160.1477 -156.0219 14.1489 62.7301 100.0000 stroke3
movl 0 12.7257 440.2376 159.9082 -155.4616 13.7331 62.5764 100.0000 stroke3
movl 0 11.2887 440.7509 159.4535 -155.3315 14.4358 64.2605 100.0000 stroke3
movl 0 10.6204 439.7167 159.7936 -155.0950 14.1635 64.7927 100.0000 stroke3
movl 0 12.7765 438.6650 159.8017 -154.4267 14.0713 64.2243 100.0000 stroke3
movl 0 11.0824 438.0218 160.1927 -154.4718 14.1523 65.0365 100.0000 stroke3
movl 0 11.5491 437.3653 160.2707 -154.1395 14.0510 65.1475 100.0000 stroke3
movl 0 11.6783 436.9405 160.4952 -153.9236 13.9562 65.2879 100.0000 stroke3
movl 0 11.8282 436.6067 160.6459 -153.7129 13.8911 65.4768 100.0000 stroke3
movl 0 13.2760 434.3579 161.9375 -152.4525 13.4068 65.8746 100.0000 stroke3
movl 0 19.7607 418.0028 171.8362 -144.6538 6.4228 67.5275 100.0000 stroke3
movl 0 10.4035 388.5476 206.7040 -137.6002 -15.4109 72.2444 100.0000 stroke3
movl 0 -20.5894 393.2933 190.1705 -154.7575 -26.5618 113.8439 100.0000 stroke4
movl 0 -28.3264 389.7261 174.3757 -155.4304 -20.8582 108.6126 100.0000 stroke4
movl 0 -39.6237 386.4635 175.9452 -162.1054 -20.5968 110.9150 100.0000 stroke4
movl 0 -38.5717 389.6275 174.5973 -162.1921 -19.7864 110.9734 100.0000 stroke4
movl 0 -39.7337 389.5446 173.1844 -163.0957 -19.2899 110.7262 100.0000 stroke4
movl 0 -43.6552 387.9828 172.5783 -164.5942 -19.4281 111.2237 100.0000 stroke4
movl 0 -45.3686 390.8886 171.4073 -164.8954 -17.9519 110.7290 100.0000 stroke4
movl 0 -45.9091 394.9516 170.6672 -164.4183 -15.0806 110.9094 100.0000 stroke4
movl 0 -45.5529 398.3516 170.0464 -163.5969 -13.1353 109.8231 100.0000 stroke4
movl 0 -41.9915 401.8863 169.1511 -161.8205 -12.1118 108.6152 100.0000 stroke4
movl 0 -42.6806 401.9554 168.9278 -161.4984 -11.7192 108.9671 100.0000 stroke4
movl 0 -42.8558 401.7740 168.9628 -161.1973 -11.3226 108.8707 100.0000 stroke4
movl 0 -42.7167 401.7128 169.0076 -160.7785 -10.9249 108.7636 100.0000 stroke4
movl 0 -42.9646 401.6961 169.0220 -160.4399 -10.4811 108.5922 100.0000 stroke4
movl 0 -43.5803 400.8672 169.0951 -160.2256 -10.2771 108.6018 100.0000 stroke4
movl 0 -43.5326 400.7315 169.1174 -159.8857 -9.9712 108.1618 100.0000 stroke4
movl 0 -44.3252 400.1485 169.1251 -159.6645 -9.6174 108.4874 100.0000 stroke4
movl 0 -45.3042 399.2055 169.1739 -159.4438 -9.4679 109.1053 100.0000 stroke4
movl 0 -46.1583 398.7429 169.2177 -159.3908 -9.4078 109.4665 100.0000 stroke4
movl 0 -47.3439 398.2202 169.1714 -159.3008 -9.3362 110.0789 100.0000 stroke4
movl 0 -47.7680 397.8408 169.1958 -159.1550 -9.3604 110.3766 100.0000 stroke4
movl 0 -48.1158 397.3707 169.3406 -158.9400 -9.4382 110.6532 100.0000 stroke4
movl 0 -48.2484 397.1380 169.4163 -158.8034 -9.4609 110.7339 100.0000 stroke4
movl 0 -48.3530 396.8787 169.4987 -158.7349 -9.5108 110.7725 100.0000 stroke4
movl 0 -48.5184 396.7273 169.4691 -158.6440 -9.5875 110.9678 100.0000 stroke4
movl 0 -48.6215 396.5910 169.5188 -158.5107 -9.5745 111.0650 100.0000 stroke4
movl 0 -48.6859 396.5547 169.4705 -158.4133 -9.5758 111.0246 100.0000 stroke4
movl 0 -48.8110 396.1579 169.6015 -158.2651 -9.7012 111.1794 100.0000 stroke4
movl 0 -48.6381 395.8328 169.7445 -158.0790 -9.8548 111.2950 100.0000 stroke4
movl 0 -48.1614 395.8422 169.7673 -157.8104 -9.9988 111.3276 100.0000 stroke4
movl 0 -48.1533 395.7644 169.8178 -157.7109 -10.0459 111.3123 100.0000 stroke4
movl 0 -47.9740 395.7951 169.8126 -157.4920 -10.0703 111.3307 100.0000 stroke4
movl 0 -47.9979 395.6663 169.8883 -157.3904 -10.1219 111.4027 100.0000 stroke4
movl 0 -48.0960 395.6599 169.9151 -157.3563 -10.1213 111.2767 100.0000 stroke4
movl 0 -48.0578 395.7207 169.9085 -157.2011 -10.1245 111.2058 100.0000 stroke4
movl 0 -47.8950 395.8344 169.9167 -157.0032 -10.1731 111.1746 100.0000 stroke4
movl 0 -46.7514 395.4518 170.4726 -156.5445 -10.5768 111.0799 100.0000 stroke4
movl 0 -36.8998 394.0213 177.7289 -153.2672 -13.8251 110.1707 100.0000 stroke4
movl 0 -29.7114 384.9666 221.3694 -152.6955 -25.3080 109.3352 100.0000 stroke4
movl 0 -18.3308 393.2646 179.9239 -170.1016 -34.4772 151.1639 100.0000 stroke5
movl 0 -21.9282 383.2831 169.8386 -171.3120 -30.6353 146.2465 100.0000 stroke5
movl 0 -36.2766 377.4977 171.8609 -175.4478 -26.5114 146.0460 100.0000 stroke5
movl 0 -39.1695 376.3644 170.4513 -176.8453 -26.2910 146.5499 100.0000 stroke5
movl 0 -45.0411 378.4073 168.9133 -176.8514 -24.1518 146.2920 100.0000 stroke5
movl 0 -46.2546 382.0239 169.2845 -174.4642 -21.1424 144.5910 100.0000 stroke5
movl 0 -45.6399 383.8136 169.3751 -172.1226 -19.6699 141.4206 100.0000 stroke5
movl 0 -45.5454 384.1759 169.5974 -170.6336 -18.7795 139.0892 100.0000 stroke5
movl 0 -45.8486 384.6084 169.7929 -169.1375 -17.7344 136.6245 100.0000 stroke5
movl 0 -46.1183 385.0238 169.8791 -167.8785 -16.6806 134.5356 100.0000 stroke5
movl 0 -46.2504 385.6633 169.9848 -166.1120 -15.1192 131.3771 100.0000 stroke5
movl 0 -46.4935 385.9819 169.9910 -164.6409 -13.4826 127.9523 100.0000 stroke5
movl 0 -47.2582 386.5647 170.0206 -163.4221 -11.8844 124.5115 100.0000 stroke5
movl 0 -47.4181 386.9617 169.9282 -162.5959 -10.4949 122.3267 100.0000 stroke5
movl 0 -47.9465 387.2875 169.9201 -162.0296 -9.3524 120.5620 100.0000 stroke5
movl 0 -48.2581 387.2460 169.9111 -161.5323 -8.3857 119.4027 100.0000 stroke5
movl 0 -48.7980 387.3485 169.7952 -161.0437 -7.2369 118.6377 100.0000 stroke5
movl 0 -49.5600 387.1311 169.7720 -160.7186 -6.7074 118.8490 100.0000 stroke5
movl 0 -47.3976 386.0785 170.5708 -160.4174 -7.3511 117.1510 100.0000 stroke5
movl 0 -45.5672 384.5528 171.1679 -160.3035 -7.9508 115.7795 100.0000 stroke5
movl 0 -45.1781 383.8645 171.3551 -160.3131 -7.8984 114.3185 100.0000 stroke5
movl 0 -45.5687 383.9643 171.3329 -160.4383 -7.4342 113.9853 100.0000 stroke5
movl 0 -46.3390 384.7058 171.0943 -160.3496 -6.2154 113.3814 100.0000 stroke5
movl 0 -46.1950 384.2103 171.4735 -160.2799 -6.0835 112.9473 100.0000 stroke5
movl 0 -43.8345 382.4332 172.2745 -160.2812 -7.7289 112.1583 100.0000 stroke5
movl 0 -45.5486 383.3521 171.7706 -160.3870 -6.1749 112.5732 100.0000 stroke5
movl 0 -44.7636 383.0850 171.9933 -160.3728 -6.9866 112.0240 100.0000 stroke5
movl 0 -43.4252 382.4726 172.2540 -160.3709 -8.2467 111.5946 100.0000 stroke5
movl 0 -30.7329 375.5807 181.6704 -161.2514 -18.8256 110.4568 100.0000 stroke5
movl 0 -10.7750 371.3223 237.4643 -173.5180 -40.0888 125.0541 100.0000 stroke5
movl 0 -6.4544 399.9231 212.6475 -166.2540 -29.4331 129.1190 100.0000 stroke6
movl 0 -11.9213 386.5632 180.3583 -169.3317 -28.1417 129.4623 100.0000 stroke6
movl 0 -21.1425 378.5014 174.3045 -173.2077 -27.5758 132.2305 100.0000 stroke6
movl 0 -29.5922 376.7357 172.0952 -174.7767 -26.7193 132.8577 100.0000 stroke6
movl 0 -33.2030 377.4143 170.8627 -174.7018 -25.9149 131.8793 100.0000 stroke6
movl 0 -38.1962 378.3918 169.9490 -175.1014 -24.0617 129.9457 100.0000 stroke6
movl 0 -41.3014 378.6108 169.9342 -175.6971 -22.6934 128.4909 100.0000 stroke6
movl 0 -43.6389 377.6442 170.1191 -176.4878 -22.1581 127.7186 100.0000 stroke6
movl 0 -44.7397 377.4968 170.1335 -177.0525 -21.7351 126.8179 100.0000 stroke6
movl 0 -44.5266 378.5608 170.2805 -177.2096 -21.1359 124.5735 100.0000 stroke6
movl 0 -44.5408 379.9390 170.3297 -177.4678 -20.3552 121.9414 100.0000 stroke6
movl 0 -43.6418 382.0034 170.2191 -177.4324 -19.3145 119.1488 100.0000 stroke6
movl 0 -41.1413 380.2051 170.9879 -176.2793 -20.5387 118.6150 100.0000 stroke6
movl 0 -39.3227 380.1414 171.1623 -175.8630 -20.9508 118.2479 100.0000 stroke6
movl 0 -39.1062 380.9808 171.1822 -175.7917 -20.2391 117.6541 100.0000 stroke6
movl 0 -38.7665 381.8128 170.9870 -174.8325 -19.7293 117.4311 100.0000 stroke6
movl 0 -38.3089 382.0508 170.8629 -173.9267 -19.7496 117.5104 100.0000 stroke6
movl 0 -37.1128 382.0232 170.9289 -172.4650 -20.0395 117.4916 100.0000 stroke6
movl 0 -23.9550 375.4541 182.8228 -167.0692 -26.7943 116.5173 100.0000 stroke6
movl 0 2.2450 397.7945 246.3560 -143.4377 -15.2597 92.8324 100.0000 stroke7
movl 0 6.3531 398.5873 184.8675 -146.5765 -9.5277 90.3309 100.0000 stroke7
movl 0 3.4676 397.2084 170.8124 -149.3936 -9.5058 89.8691 100.0000 stroke7
movl 0 -3.8677 396.5585 169.3372 -151.3105 -10.1336 91.2439 100.0000 stroke7
movl 0 -8.2650 396.7778 168.4380 -152.4493 -10.1889 91.6127 100.0000 stroke7
movl 0 -12.2325 399.5205 167.1902 -153.8450 -8.5045 91.9912 100.0000 stroke7
movl 0 -16.0211 400.3528 167.0649 -155.5736 -7.5387 91.6261 100.0000 stroke7
movl 0 -13.2147 399.4685 167.4953 -154.3387 -8.1104 91.4288 100.0000 stroke7
movl 0 -15.0202 401.8239 166.6357 -155.0388 -7.2152 91.7604 100.0000 stroke7
movl 0 -15.8566 404.2685 166.4991 -155.9912 -5.0366 90.8657 100.0000 stroke7
movl 0 -16.3182 404.5907 166.3310 -155.8480 -4.5536 91.0715 100.0000 stroke7
movl 0 -16.7636 403.9390 166.3782 -155.6827 -4.2311 91.6589 100.0000 stroke7
movl 0 -16.5390 403.1484 166.6467 -155.3214 -4.0859 92.1957 100.0000 stroke7
movl 0 -15.9833 402.5548 166.8712 -154.9096 -4.1365 92.6648 100.0000 stroke7
movl 0 -15.5607 401.9788 167.1524 -154.6052 -4.1687 92.9206 100.0000 stroke7
movl 0 -14.7858 401.1893 167.5196 -154.0954 -4.3856 93.2111 100.0000 stroke7
movl 0 -7.8311 393.9317 175.1604 -150.0833 -8.5967 94.6682 100.0000 stroke7
movl 0 -1.0763 376.1384 231.6498 -146.7228 -28.2120 102.2471 100.0000 stroke7
movl 0 -3.8770 397.2359 203.4007 -148.6451 -18.3593 110.3973 100.0000 stroke8
movl 0 -3.8812 388.1713 173.6507 -152.0569 -18.7810 107.5522 100.0000 stroke8
movl 0 -18.0559 381.6521 175.2826 -159.6998 -20.1440 112.2938 100.0000 stroke8
movl 0 -20.6913 382.8143 173.3780 -160.9800 -18.6461 111.9777 100.0000 stroke8
movl 0 -25.2308 386.2086 171.4525 -161.7450 -16.0670 111.8308 100.0000 stroke8
movl 0 -29.2611 389.5978 170.4296 -162.2041 -12.8685 109.8058 100.0000 stroke8
movl 0 -29.2516 390.7432 170.4291 -161.4622 -11.0147 106.4441 100.0000 stroke8
movl 0 -29.5295 391.8863 170.7607 -160.8008 -8.6382 104.3036 100.0000 stroke8
movl 0 -30.2089 393.1217 170.8355 -160.2547 -6.1727 102.2891 100.0000 stroke8
movl 0 -31.2180 394.3833 170.8735 -160.0110 -3.5071 100.1445 100.0000 stroke8
movl 0 -32.1510 395.3691 170.7044 -159.8605 -1.1078 97.9184 100.0000 stroke8
movl 0 -32.8672 396.3201 170.4477 -159.8477 1.5329 95.3672 100.0000 stroke8
movl 0 -33.6738 395.5206 170.7026 -159.8930 2.8888 94.0456 100.0000 stroke8
movl 0 -30.2207 393.3179 171.7632 -158.9144 1.5617 92.0228 100.0000 stroke8
movl 0 -29.3385 392.7141 171.9319 -158.9417 1.3338 91.2847 100.0000 stroke8
movl 0 -30.0891 393.1555 171.8597 -159.2937 2.3565 91.1016 100.0000 stroke8
movl 0 -31.0659 392.7343 172.0347 -159.7441 2.9026 90.7789 100.0000 stroke8
movl 0 -28.3518 390.7350 172.9264 -158.9871 1.1655 89.9179 100.0000 stroke8
movl 0 -30.1017 390.1088 172.8415 -159.6114 1.1547 90.1130 100.0000 stroke8
movl 0 -27.9946 388.0529 173.4273 -158.9457 -1.3841 89.6148 100.0000 stroke8
movl 0 -16.2952 383.6172 177.1087 -154.5570 -10.4182 90.9074 100.0000 stroke8
movl 0 -7.2551 371.3262 226.6401 -159.9813 -38.5818 104.1001 100.0000 stroke8
movl 0 -2.8930 382.5501 191.7527 -159.7997 -25.8220 109.9619 100.0000 stroke9
movl 0 -8.9687 377.9900 172.6249 -161.0111 -22.7764 110.5562 100.0000 stroke9
movl 0 -16.6680 373.0814 173.0335 -165.2424 -22.7017 114.0227 100.0000 stroke9
movl 0 -18.5413 372.2974 172.6347 -166.7526 -22.5371 117.0449 100.0000 stroke9
movl 0 -20.3873 372.7220 171.9471 -166.8053 -22.8074 117.6888 100.0000 stroke9
movl 0 -24.8105 374.6235 170.8236 -168.3766 -20.7391 118.0361 100.0000 stroke9
movl 0 -27.4347 374.9105 170.7263 -169.6010 -19.7960 117.4659 100.0000 stroke9
movl 0 -26.5103 377.4892 170.3686 -169.7070 -18.5045 115.5113 100.0000 stroke9
movl 0 -23.3005 379.9286 170.0861 -168.5619 -18.1121 111.6652 100.0000 stroke9
movl 0 -17.7828 381.1464 170.3644 -166.2049 -18.5599 110.3794 100.0000 stroke9
movl 0 -12.4873 388.8274 169.1960 -163.0310 -16.0207 108.4666 100.0000 stroke9
movl 0 -6.6329 397.3300 167.2107 -160.0547 -11.6645 105.1169 100.0000 stroke9
movl 0 -3.8950 402.4374 165.5420 -158.1899 -8.9275 103.6173 100.0000 stroke9
movl 0 -4.2627 403.9763 165.2018 -156.9725 -7.2669 103.0034 100.0000 stroke9
movl 0 -4.8224 404.5171 165.5244 -156.6502 -5.8004 101.7739 100.0000 stroke9
movl 0 -5.2733 404.7105 165.9605 -156.4403 -4.4147 100.4283 100.0000 stroke9
movl 0 -5.5769 405.1620 166.3162 -156.2058 -2.6891 98.7440 100.0000 stroke9
movl 0 -6.1009 405.7005 166.5981 -156.1641 -1.0749 97.3571 100.0000 stroke9
movl 0 -6.7610 406.5932 166.8486 -156.2451 0.8298 95.9401 100.0000 stroke9
movl 0 -7.4766 407.5964 166.9628 -156.3828 2.6657 94.6213 100.0000 stroke9
movl 0 -8.2791 408.8278 166.9244 -156.6661 4.5355 93.5305 100.0000 stroke9
movl 0 -9.1539 409.4421 166.8917 -156.9744 5.5906 92.8875 100.0000 stroke9
movl 0 -9.5366 409.8770 166.8719 -157.1908 6.2529 92.6093 100.0000 stroke9
movl 0 -9.5720 410.0342 166.8847 -157.2405 6.5335 92.4207 100.0000 stroke9
movl 0 -9.8217 410.4877 166.8409 -157.3759 7.0992 92.1482 100.0000 stroke9
movl 0 -10.0442 410.8936 166.7581 -157.4754 7.6579 91.9731 100.0000 stroke9
movl 0 -10.3847 411.3777 166.6619 -157.6494 8.2530 91.6850 100.0000 stroke9
movl 0 -10.7699 411.7628 166.5605 -157.7793 8.7823 91.5971 100.0000 stroke9
movl 0 -11.6283 412.2691 166.4006 -158.2285 9.6671 91.1167 100.0000 stroke9
movl 0 -13.4278 412.4442 166.2762 -158.7185 10.6296 91.1204 100.0000 stroke9
movl 0 -13.4192 411.0616 166.9845 -158.7212 10.3837 90.7369 100.0000 stroke9
movl 0 -10.3338 407.7381 168.6536 -158.1774 8.8687 88.9478 100.0000 stroke9
movl 0 -9.8167 406.6855 169.0878 -158.2824 8.5449 88.3885 100.0000 stroke9
movl 0 -11.0671 407.5709 168.6960 -158.7542 9.6869 88.3448 100.0000 stroke9
movl 0 -11.5378 406.8771 169.0535 -158.9765 9.7200 88.0645 100.0000 stroke9
movl 0 -8.4552 404.4018 170.2623 -158.2430 8.2365 87.1141 100.0000 stroke9
movl 0 -9.1455 404.9425 169.9171 -158.5151 9.0307 87.3492 100.0000 stroke9
movl 0 -8.7846 403.8608 170.4289 -158.5196 8.8158 87.0533 100.0000 stroke9
movl 0 -8.6884 404.1253 170.3039 -158.5344 9.1903 87.2713 100.0000 stroke9
movl 0 -8.3225 403.2904 170.6942 -158.4294 8.5462 86.9664 100.0000 stroke9
movl 0 -7.0238 402.1917 171.2753 -158.3233 7.3146 86.0660 100.0000 stroke9
movl 0 -6.4377 402.0083 171.4806 -158.1854 7.1733 85.9104 100.0000 stroke9
movl 0 -0.9222 397.4915 175.4416 -155.1587 4.2868 86.6682 100.0000 stroke9
movl 0 4.0743 375.5828 230.5326 -148.4206 -14.6763 87.4793 100.0000 stroke9
movl 0 -7.3450 379.5013 231.0000 -152.3246 -20.2358 97.3078 100.0000 stroke10
movl 0 -11.1247 372.9612 182.0993 -153.9456 -13.3511 92.3452 100.0000 stroke10
movl 0 -21.7680 367.3477 177.1836 -157.8424 -12.7002 92.1030 100.0000 stroke10
movl 0 -30.7540 364.9416 176.1457 -160.6085 -12.8911 92.2954 100.0000 stroke10
movl 0 -32.6817 365.5552 175.5467 -161.1177 -12.1930 92.1296 100.0000 stroke10
movl 0 -36.3588 366.0247 174.2407 -162.1913 -12.3166 92.5384 100.0000 stroke10
movl 0 -38.6482 368.9243 173.5777 -163.4773 -10.4577 91.9949 100.0000 stroke10
movl 0 -37.9883 369.6199 173.6326 -163.4552 -10.3711 91.7380 100.0000 stroke10
movl 0 -36.8168 370.3759 173.5805 -163.4376 -10.2390 90.6802 100.0000 stroke10
movl 0 -35.2546 371.4679 173.5094 -163.5666 -9.9164 89.5123 100.0000 stroke10
movl 0 -33.6298 372.2973 173.4804 -163.5789 -9.6722 88.7652 100.0000 stroke10
movl 0 -31.6142 373.2658 173.4821 -163.5849 -9.4301 87.4607 100.0000 stroke10
movl 0 -30.0343 371.7828 174.1018 -162.7444 -10.0561 87.6308 100.0000 stroke10
movl 0 -29.9209 372.5606 174.0317 -162.9448 -9.6537 87.5367 100.0000 stroke10
movl 0 -29.7564 373.4203 173.9266 -163.2360 -8.8608 87.3685 100.0000 stroke10
movl 0 -29.0537 373.6121 173.8405 -161.9829 -8.6390 88.5292 100.0000 stroke10
movl 0 -26.1825 370.3016 175.5722 -159.4473 -10.1874 89.3246 100.0000 stroke10
movl 0 -27.3775 363.3747 205.1753 -156.5299 -15.3775 90.9736 100.0000 stroke10
movl 0 -19.5968 361.0871 235.9395 -153.3061 -14.2621 92.6058 100.0000 stroke11
movl 0 -12.6431 362.5930 185.2309 -154.0502 -9.1525 89.2621 100.0000 stroke11
movl 0 -17.2150 361.0136 179.5671 -156.0185 -9.1405 89.0178 100.0000 stroke11
movl 0 -21.3432 364.5579 176.1548 -157.2936 -8.0089 89.7402 100.0000 stroke11
movl 0 -23.6126 366.9105 174.3519 -157.6193 -7.4235 90.1854 100.0000 stroke11
movl 0 -26.3010 368.4030 173.1151 -158.5015 -7.0380 90.5212 100.0000 stroke11
movl 0 -28.9329 369.3334 172.9632 -160.2201 -6.1003 89.5167 100.0000 stroke11
movl 0 -30.4673 368.9132 173.3572 -160.7947 -6.0679 88.8555 100.0000 stroke11
movl 0 -31.4556 368.6500 173.5080 -161.5701 -6.2048 87.8811 100.0000 stroke11
movl 0 -31.0888 368.9621 173.7307 -162.3120 -5.9508 86.3479 100.0000 stroke11
movl 0 -30.7998 369.5948 173.9458 -163.2091 -5.5690 84.7066 100.0000 stroke11
movl 0 -31.2251 370.5921 173.8801 -164.6525 -5.1681 82.8020 100.0000 stroke11
movl 0 -32.0900 368.9121 174.2897 -164.9872 -5.7168 82.6751 100.0000 stroke11
movl 0 -28.3290 366.7540 175.4144 -163.5355 -6.5867 82.3644 100.0000 stroke11
movl 0 -27.1178 366.3409 175.7069 -163.0161 -6.8512 82.3341 100.0000 stroke11
movl 0 -26.5471 366.1973 175.8761 -162.8626 -6.8698 82.2839 100.0000 stroke11
movl 0 -26.2140 365.9262 175.9609 -162.7302 -6.9870 82.2191 100.0000 stroke11
movl 0 -27.0615 367.1208 175.5236 -163.2170 -6.1838 82.4023 100.0000 stroke11
movl 0 -27.3138 368.1716 175.3201 -163.7518 -5.1148 82.2877 100.0000 stroke11
movl 0 -27.8597 368.1716 175.3406 -163.5124 -5.1296 82.7456 100.0000 stroke11
movl 0 -27.5808 368.4768 175.3032 -162.9777 -5.2024 83.2111 100.0000 stroke11
movl 0 -27.6315 369.0239 175.1169 -162.6030 -5.1097 83.6827 100.0000 stroke11
movl 0 -27.8139 369.3863 175.1181 -162.4756 -5.0769 83.9083 100.0000 stroke11
movl 0 -27.7272 369.7580 175.0780 -162.2924 -4.9744 84.0125 100.0000 stroke11
movl 0 -27.6406 369.9680 175.0604 -162.2962 -4.8822 84.0026 100.0000 stroke11
movl 0 -27.4295 370.1387 175.0783 -162.2900 -4.7879 83.8928 100.0000 stroke11
movl 0 -27.8309 370.2378 174.9366 -162.4389 -4.6974 83.9381 100.0000 stroke11
movl 0 -28.1999 370.5403 174.7745 -162.6269 -4.5210 83.8021 100.0000 stroke11
movl 0 -28.9918 370.5575 174.5836 -162.8521 -4.4933 83.8048 100.0000 stroke11
movl 0 -29.1586 370.4905 174.5704 -162.9154 -4.5040 83.5903 100.0000 stroke11
movl 0 -28.4542 369.6053 175.0175 -162.6560 -4.8515 83.5153 100.0000 stroke11
movl 0 -8.3274 362.2702 206.8139 -155.8886 -9.1822 82.2380 100.0000 stroke11
