movl 0 -52.1481 388.5239 168.0293 -152.6934 -4.7926 65.7164 100.0000 stroke1
movl 0 -52.4461 387.9275 167.8820 -152.5975 -5.4649 66.0446 100.0000 stroke1
movl 0 -52.6279 387.6770 167.8189 -152.5893 -6.0398 66.2516 100.0000 stroke1
movl 0 -53.7891 388.2076 167.5966 -153.3405 -5.6694 66.3535 100.0000 stroke1
movl 0 -55.4296 390.2266 167.1212 -154.7372 -3.9891 65.6027 100.0000 stroke1
movl 0 -56.4055 392.2897 167.2195 -155.9722 -2.1228 63.9666 100.0000 stroke1
movl 0 -56.3109 394.8281 167.1865 -157.1860 0.0115 62.0522 100.0000 stroke1
movl 0 -56.3923 395.8608 167.0280 -157.5408 0.8601 61.3564 100.0000 stroke1
movl 0 -56.7269 395.8447 167.1050 -157.6121 1.5047 61.0777 100.0000 stroke1
movl 0 -57.6378 395.3247 167.4520 -157.8687 2.0627 60.8162 100.0000 stroke1
movl 0 -58.6436 394.7135 167.8473 -158.1226 2.7121 60.5142 100.0000 stroke1
movl 0 -59.7893 393.8061 168.2539 -158.3813 3.3565 60.4319 100.0000 stroke1
movl 0 -60.9304 392.4742 168.8083 -158.4627 3.8267 60.6439 100.0000 stroke1
movl 0 -62.8013 390.7979 169.4472 -158.7253 4.1295 60.8771 100.0000 stroke1
movl 0 -64.7593 389.3887 169.7156 -158.8545 4.5476 61.4060 100.0000 stroke1
movl 0 -67.2895 387.3455 170.0537 -158.8082 4.7042 62.3731 100.0000 stroke1
movl 0 -70.0526 385.6217 170.3555 -158.8536 4.7383 63.1689 100.0000 stroke1
movl 0 -72.0771 384.4504 170.5656 -158.7331 4.7360 63.7089 100.0000 stroke1
movl 0 -73.5326 383.4411 171.0016 -158.5163 4.6952 64.0906 100.0000 stroke1
movl 0 -74.7547 382.6792 171.6203 -158.3141 4.5207 64.4313 100.0000 stroke1
movl 0 -74.4889 382.0423 172.3251 -157.7046 4.3473 64.7142 100.0000 stroke1
movl 0 -72.7367 379.6138 173.9399 -155.7833 3.8153 65.3273 100.0000 stroke1
movl 0 -63.3022 373.6849 181.3188 -149.6546 1.1654 65.8333 100.0000 stroke1
movl 0 -61.1148 363.4855 217.7340 -144.4284 -4.3837 65.6424 100.0000 stroke1
movl 0 -41.0275 386.8367 207.6262 -144.2834 1.7794 67.5491 100.0000 stroke2
movl 0 -43.8309 384.9187 172.1813 -149.3723 1.9493 67.7065 100.0000 stroke2
movl 0 -47.3817 384.5589 173.3790 -152.4489 0.8345 68.4552 100.0000 stroke2
movl 0 -52.6584 384.5451 171.1990 -154.7387 1.6381 66.0572 100.0000 stroke2
movl 0 -53.9008 385.6906 170.5957 -155.6055 2.4351 64.6636 100.0000 stroke2
movl 0 -56.3398 388.9046 169.8099 -157.9153 5.1114 61.5404 100.0000 stroke2
movl 0 -56.6822 390.7902 169.6560 -159.3128 6.9300 58.5672 100.0000 stroke2
movl 0 -56.7440 392.8313 169.7934 -160.6786 9.2209 55.8346 100.0000 stroke2
movl 0 -57.0913 394.3026 169.9359 -162.4759 11.6686 52.6137 100.0000 stroke2
movl 0 -58.3906 395.4235 169.9616 -164.7229 13.7723 49.1723 100.0000 stroke2
movl 0 -60.1503 396.6138 169.9300 -167.4376 15.6684 45.4953 100.0000 stroke2
movl 0 -62.0476 397.3275 169.9294 -170.1199 17.0625 42.0168 100.0000 stroke2
movl 0 -63.6941 397.7334 169.8447 -172.5811 18.1209 38.5766 100.0000 stroke2
movl 0 -65.7475 397.6616 169.8378 -174.6177 18.6360 36.3106 100.0000 stroke2
movl 0 -67.7100 397.1701 169.8286 -175.9437 18.8706 35.1756 100.0000 stroke2
movl 0 -69.8621 396.2206 169.9654 -176.5779 19.0461 35.7694 100.0000 stroke2
movl 0 -68.2715 394.8585 170.7241 -175.5325 18.9333 35.7781 100.0000 stroke2
movl 0 -66.3267 394.6545 171.1177 -175.0949 18.8750 35.0744 100.0000 stroke2
movl 0 -66.1599 394.5696 171.2004 -175.3220 18.9224 34.6180 100.0000 stroke2
movl 0 -66.5022 394.2048 171.3525 -175.6714 18.9359 34.4780 100.0000 stroke2
movl 0 -66.9099 393.7709 171.4920 -176.0813 19.1129 34.5530 100.0000 stroke2
movl 0 -66.1518 392.6029 172.1681 -175.1896 18.5776 34.1969 100.0000 stroke2
movl 0 -54.8494 381.0474 177.8936 -163.9514 15.4691 36.9194 100.0000 stroke2
movl 0 -28.9859 364.5302 205.8699 -142.4882 3.8955 44.9587 100.0000 stroke2
movl 0 -14.6642 411.5344 212.5737 -144.6541 13.5267 47.4308 100.0000 stroke3
movl 0 -21.4625 400.2021 174.5364 -149.9598 12.2559 41.1983 100.0000 stroke3
movl 0 -28.1762 397.4079 173.1520 -154.0092 10.1952 36.0476 100.0000 stroke3
movl 0 -32.5702 395.8133 172.4545 -155.2771 9.7563 34.4119 100.0000 stroke3
movl 0 -37.7076 395.0957 172.0710 -156.1584 8.6312 33.8101 100.0000 stroke3
movl 0 -41.2121 396.9552 171.7548 -158.4338 8.9391 30.9664 100.0000 stroke3
movl 0 -46.6214 397.9651 171.8971 -161.0672 8.1406 27.1048 100.0000 stroke3
movl 0 -50.8720 398.7188 172.3695 -163.2811 7.2527 23.2860 100.0000 stroke3
movl 0 -54.2816 399.4470 172.6470 -164.9262 6.3053 20.2006 100.0000 stroke3
movl 0 -55.3913 400.8532 172.6985 -166.3323 6.0574 17.3161 100.0000 stroke3
movl 0 -53.7745 399.6616 173.1767 -165.6625 6.8785 16.6096 100.0000 stroke3
movl 0 -50.7116 398.9277 173.5880 -164.8180 7.5400 16.1462 100.0000 stroke3
movl 0 -49.8241 398.5452 173.8671 -164.6055 7.6324 15.7836 100.0000 stroke3
movl 0 -49.0467 397.7165 174.3348 -164.3283 7.7546 15.6228 100.0000 stroke3
movl 0 -47.9278 399.2105 174.2951 -165.3156 8.7565 15.8829 100.0000 stroke3
movl 0 -46.9217 400.7713 174.2783 -166.6710 9.8613 16.2880 100.0000 stroke3
movl 0 -45.7025 399.5459 174.4502 -165.2614 10.3102 19.1945 100.0000 stroke3
movl 0 -38.6291 385.7492 186.2451 -152.8017 5.8050 34.9676 100.0000 stroke3
movl 0 -26.3294 389.0875 194.7426 -149.8428 -1.5409 64.5163 100.0000 stroke4
movl 0 -24.2401 390.5792 176.9950 -152.2216 -0.6623 63.8989 100.0000 stroke4
movl 0 -30.4600 390.8316 174.6866 -154.8370 -1.8898 63.6588 100.0000 stroke4
movl 0 -34.3526 392.7049 174.2438 -155.9365 -1.2093 63.0558 100.0000 stroke4
movl 0 -37.7135 394.5546 173.4586 -156.5984 -0.3165 62.7953 100.0000 stroke4
movl 0 -39.1434 396.1949 172.9517 -157.6880 0.3058 61.9204 100.0000 stroke4
movl 0 -41.1666 396.7722 172.8764 -159.2226 0.3014 60.3255 100.0000 stroke4
movl 0 -42.1491 397.2974 172.9285 -160.0887 0.4871 59.0356 100.0000 stroke4
movl 0 -40.9818 398.0179 173.0454 -160.5281 0.7743 57.1730 100.0000 stroke4
movl 0 -38.1179 398.7188 173.2968 -160.9073 1.0832 54.6594 100.0000 stroke4
movl 0 -35.9895 400.6380 173.2582 -161.4869 1.4600 51.9462 100.0000 stroke4
movl 0 -33.4696 402.0227 173.2387 -161.9468 1.7743 49.3265 100.0000 stroke4
movl 0 -31.5193 400.4202 173.6809 -160.7319 2.1972 48.6130 100.0000 stroke4
movl 0 -30.2943 399.9636 173.9278 -160.3033 2.4344 48.1586 100.0000 stroke4
movl 0 -30.0732 399.8430 174.0469 -160.1839 2.5053 47.9595 100.0000 stroke4
movl 0 -30.7018 400.1695 174.1356 -160.7388 2.7880 47.7530 100.0000 stroke4
movl 0 -31.9203 400.7940 174.0554 -161.6389 2.9165 47.5879 100.0000 stroke4
movl 0 -31.0098 393.7093 176.1428 -157.2611 1.7962 50.0227 100.0000 stroke4
movl 0 -24.1895 373.4670 215.2812 -144.7254 1.6239 46.3457 100.0000 stroke4
movl 0 -30.3367 371.3141 242.7505 -146.3253 14.3987 34.0318 100.0000 stroke5
movl 0 -22.4744 383.2777 188.5002 -157.9775 20.8754 21.4814 100.0000 stroke5
movl 0 -20.7214 385.6298 174.2740 -166.0659 23.3611 7.9701 100.0000 stroke5
movl 0 -25.8947 384.8906 172.8986 -168.5215 22.8287 2.8169 100.0000 stroke5
movl 0 -29.1537 383.6051 172.7127 -168.2951 21.9726 0.8542 100.0000 stroke5
movl 0 -29.7113 384.1169 172.0659 -168.4684 21.9473 -0.6408 100.0000 stroke5
movl 0 -33.0306 385.2704 170.8993 -169.3145 20.9590 -1.9772 100.0000 stroke5
movl 0 -36.6711 386.0814 170.4073 -171.3074 20.2114 -4.1191 100.0000 stroke5
movl 0 -38.4187 386.6311 170.0153 -172.4546 19.8334 -5.6627 100.0000 stroke5
movl 0 -40.2078 386.7878 169.9750 -173.6391 19.4506 -7.1708 100.0000 stroke5
movl 0 -41.4259 386.2231 170.0019 -174.2301 19.4411 -8.2525 100.0000 stroke5
movl 0 -40.0907 386.7342 170.2106 -174.4335 19.4909 -9.8794 100.0000 stroke5
movl 0 -38.5000 387.6757 170.1933 -175.4123 19.3466 -12.3050 100.0000 stroke5
movl 0 -37.8020 387.6540 170.5696 -175.8144 19.3133 -13.0674 100.0000 stroke5
movl 0 -36.6394 387.0422 171.3865 -176.0722 19.4443 -13.3657 100.0000 stroke5
movl 0 -32.1073 384.2856 173.5622 -174.9158 20.7221 -10.8698 100.0000 stroke5
movl 0 -16.6237 372.1473 193.9742 -162.6166 23.7054 6.1298 100.0000 stroke5
movl 0 -15.5963 400.9702 205.4992 -155.3604 14.3560 42.3584 100.0000 stroke6
movl 0 -9.1067 396.3059 179.5821 -156.0200 13.7405 38.7853 100.0000 stroke6
movl 0 -12.9937 395.1052 176.3805 -157.8490 11.5166 37.0795 100.0000 stroke6
movl 0 -16.0736 396.7043 174.1692 -159.2925 11.7068 37.0472 100.0000 stroke6
movl 0 -16.8397 399.0690 173.0891 -160.0884 12.2983 36.4733 100.0000 stroke6
movl 0 -18.9382 401.4699 172.0248 -161.1576 12.1897 36.1698 100.0000 stroke6
movl 0 -20.9650 404.8044 171.2649 -163.5489 12.1294 34.3197 100.0000 stroke6
movl 0 -20.1764 406.5217 171.0365 -164.7355 12.8448 32.9832 100.0000 stroke6
movl 0 -20.7314 407.0952 170.9149 -165.4600 13.7069 33.1562 100.0000 stroke6
movl 0 -21.3982 406.5291 171.2860 -165.9027 14.3706 33.4107 100.0000 stroke6
movl 0 -21.9586 405.4633 171.8374 -165.8803 14.7729 34.0637 100.0000 stroke6
movl 0 -21.8082 403.2428 172.8855 -165.0341 15.1607 35.1511 100.0000 stroke6
movl 0 -21.4597 392.9324 184.7518 -159.8541 15.8627 38.8115 100.0000 stroke6
movl 0 -33.1626 368.7366 249.5489 -147.0017 10.9370 49.6492 100.0000 stroke6
movl 0 -38.8054 377.4856 244.8973 -150.3140 12.4951 48.2372 100.0000 stroke7
movl 0 -32.9885 384.7865 187.2505 -156.8345 13.3520 41.2478 100.0000 stroke7
movl 0 -31.0429 385.8181 179.0704 -160.0539 14.5170 34.2161 100.0000 stroke7
movl 0 -37.8634 386.5615 176.0727 -161.4775 13.8814 34.6135 100.0000 stroke7
movl 0 -42.8237 387.5470 175.0461 -162.1303 14.2652 35.0596 100.0000 stroke7
movl 0 -42.9818 389.3075 173.9657 -162.8897 14.4234 34.4207 100.0000 stroke7
movl 0 -46.3167 390.1529 173.4927 -164.4343 13.3837 32.7665 100.0000 stroke7
movl 0 -46.0772 391.9667 173.2939 -165.7245 13.6413 31.2607 100.0000 stroke7
movl 0 -46.6103 391.6882 173.4970 -165.8658 13.5444 30.4310 100.0000 stroke7
movl 0 -45.5369 392.1647 173.6840 -166.3685 13.4214 28.6999 100.0000 stroke7
movl 0 -43.2944 392.3128 174.1436 -166.7625 13.2884 26.9008 100.0000 stroke7
movl 0 -39.5287 392.9940 174.4628 -167.2530 13.2375 24.7315 100.0000 stroke7
movl 0 -36.0057 394.0371 174.8092 -168.0398 12.9087 22.2051 100.0000 stroke7
movl 0 -32.4067 395.0827 174.8365 -168.5946 12.3465 20.2542 100.0000 stroke7
movl 0 -30.3172 396.0747 174.8963 -169.2601 11.4542 18.3694 100.0000 stroke7
movl 0 -28.5445 396.9985 174.9633 -169.8540 10.5921 16.5114 100.0000 stroke7
movl 0 -26.6428 398.3232 174.7543 -170.4984 9.9821 14.6672 100.0000 stroke7
movl 0 -25.2588 397.1584 175.1754 -169.9294 10.4077 14.9208 100.0000 stroke7
movl 0 -20.8014 394.6062 176.1405 -168.2314 11.6566 15.5910 100.0000 stroke7
movl 0 -20.8380 395.3983 176.0201 -168.9106 11.7230 15.9009 100.0000 stroke7
movl 0 -21.3219 396.8533 175.9507 -170.0891 11.6989 15.9771 100.0000 stroke7
movl 0 -21.4168 397.0920 175.7833 -169.9232 11.9347 16.9151 100.0000 stroke7
movl 0 -20.5983 390.3663 177.1972 -163.1995 13.0227 27.9795 100.0000 stroke7
movl 0 -18.5941 369.6065 206.0021 -144.2638 1.6428 52.9277 100.0000 stroke7
movl 0 -25.8011 371.9968 193.2897 -146.0702 -0.1615 63.3828 100.0000 stroke8
movl 0 -23.3029 374.6721 173.7879 -151.2207 5.3694 57.5844 100.0000 stroke8
movl 0 -28.0854 372.1122 175.8197 -154.6550 5.4548 52.3888 100.0000 stroke8
movl 0 -29.4854 375.0312 173.8420 -155.9612 5.7456 52.0925 100.0000 stroke8
movl 0 -30.1541 377.5048 172.7930 -156.5560 6.1976 52.2540 100.0000 stroke8
movl 0 -32.4407 380.1448 171.6876 -157.9191 6.4739 51.8183 100.0000 stroke8
movl 0 -33.9008 384.0298 171.1378 -160.3530 8.1376 50.0378 100.0000 stroke8
movl 0 -34.7371 386.2814 171.3950 -162.2586 9.5919 48.1293 100.0000 stroke8
movl 0 -35.1648 388.0165 171.6993 -163.9408 10.9795 46.6830 100.0000 stroke8
movl 0 -35.8521 389.3151 171.9913 -165.4963 12.1424 45.3114 100.0000 stroke8
movl 0 -36.2751 389.9822 172.4284 -166.8466 13.1725 44.1038 100.0000 stroke8
movl 0 -35.2533 389.3955 172.8520 -166.6622 13.4479 43.6051 100.0000 stroke8
movl 0 -35.1867 389.1949 172.9402 -166.5919 13.4538 43.6146 100.0000 stroke8
movl 0 -31.9464 381.7172 174.8592 -161.6658 11.0358 45.5275 100.0000 stroke8
movl 0 -28.3456 362.2626 212.5075 -150.4317 1.6315 51.5658 100.0000 stroke8
movl 0 -26.7870 383.6835 216.4420 -150.0472 0.8613 68.8300 100.0000 stroke9
movl 0 -25.7356 381.0357 182.4386 -153.7680 1.1486 66.8174 100.0000 stroke9
movl 0 -31.1991 378.4202 179.1496 -157.1097 0.3902 65.0438 100.0000 stroke9
movl 0 -38.0574 377.0010 177.6050 -159.3496 -0.8240 64.2018 100.0000 stroke9
movl 0 -39.1674 377.6209 176.9419 -159.7794 -0.6100 64.5566 100.0000 stroke9
movl 0 -40.7264 378.7392 176.1320 -160.2258 -0.3996 64.8244 100.0000 stroke9
movl 0 -42.5009 380.2797 175.4475 -161.1517 -0.0398 64.0847 100.0000 stroke9
movl 0 -40.4607 381.8780 175.3548 -161.8335 0.3200 61.7926 100.0000 stroke9
movl 0 -36.3192 384.2332 175.2718 -162.4340 0.9407 58.7290 100.0000 stroke9
movl 0 -32.9226 385.7854 175.2414 -162.4165 1.6081 57.1605 100.0000 stroke9
movl 0 -29.4861 386.4848 175.2174 -161.7445 2.4436 56.3386 100.0000 stroke9
movl 0 -28.4097 389.8633 174.3600 -162.6413 4.0056 55.2352 100.0000 stroke9
movl 0 -25.6378 395.8501 173.0653 -163.8039 7.1984 53.9009 100.0000 stroke9
movl 0 -23.7816 400.1873 171.8746 -164.5675 9.9640 53.1753 100.0000 stroke9
movl 0 -24.3453 402.9948 171.7153 -166.2514 12.3095 52.0014 100.0000 stroke9
movl 0 -25.1676 405.4176 171.5569 -168.1245 14.3429 50.6302 100.0000 stroke9
movl 0 -26.4609 407.0370 171.4158 -169.8540 16.1155 49.2053 100.0000 stroke9
movl 0 -24.8948 405.9472 172.0237 -169.5215 16.2811 47.6670 100.0000 stroke9
movl 0 -26.4422 405.9856 172.1944 -170.5307 16.5808 46.6057 100.0000 stroke9
movl 0 -18.3412 392.5050 177.7896 -162.5282 12.8096 45.0244 100.0000 stroke9
movl 0 -6.9864 363.4077 219.1342 -144.0439 3.9988 47.0015 100.0000 stroke9
movl 0 -20.1940 373.3228 192.0848 -153.3546 11.6575 47.2673 100.0000 stroke10
movl 0 -22.4317 374.4061 176.2934 -157.8092 13.0649 43.7172 100.0000 stroke10
movl 0 -27.4804 373.3234 176.5290 -159.8238 12.1277 42.1471 100.0000 stroke10
movl 0 -27.7984 374.2294 175.7719 -160.1665 11.8731 40.8048 100.0000 stroke10
movl 0 -28.5249 375.8766 174.8582 -160.6467 12.1770 40.5584 100.0000 stroke10
movl 0 -29.0060 376.9462 174.1183 -160.8641 12.3796 40.5788 100.0000 stroke10
movl 0 -30.3387 377.7291 173.7300 -161.7134 11.8283 39.4794 100.0000 stroke10
movl 0 -30.8131 377.9678 173.6509 -162.1628 11.5421 38.8711 100.0000 stroke10
movl 0 -30.1556 378.1333 173.6115 -162.3815 11.4651 38.0553 100.0000 stroke10
movl 0 -28.6252 378.9676 173.4280 -162.9460 11.4856 36.3671 100.0000 stroke10
movl 0 -26.7868 379.2236 173.3641 -162.8614 11.8442 35.5796 100.0000 stroke10
movl 0 -26.7047 378.8789 173.5008 -162.7626 11.7045 35.3543 100.0000 stroke10
movl 0 -27.1720 379.2533 173.6488 -163.1403 12.3086 35.6840 100.0000 stroke10
movl 0 -27.0327 366.2313 188.1081 -156.3047 13.7445 40.9368 100.0000 stroke10
movl 0 -16.3053 377.8056 192.2307 -157.2051 21.4347 36.5904 100.0000 stroke11
movl 0 -11.9597 383.0995 171.6044 -162.1495 22.1501 31.5052 100.0000 stroke11
movl 0 -18.1315 383.0082 172.3985 -164.4948 21.2569 29.9409 100.0000 stroke11
movl 0 -21.4823 382.2431 172.0012 -165.0381 20.7319 29.9108 100.0000 stroke11
movl 0 -23.7518 382.5545 171.4269 -165.3154 20.1887 29.9020 100.0000 stroke11
movl 0 -28.1902 382.6528 171.6894 -167.1426 18.4376 27.9714 100.0000 stroke11
movl 0 -30.6845 382.2873 172.0199 -167.8101 17.5781 26.8199 100.0000 stroke11
movl 0 -28.0856 383.2144 172.1364 -168.7987 17.5473 23.7919 100.0000 stroke11
movl 0 -23.5618 384.5702 172.2673 -170.1725 17.7092 19.5609 100.0000 stroke11
movl 0 -21.1637 385.2865 172.2769 -170.8791 17.8487 17.1739 100.0000 stroke11
movl 0 -16.8779 375.6664 183.5069 -165.7875 20.0867 20.6615 100.0000 stroke11
movl 0 -16.9493 353.8734 237.5662 -152.0624 22.0185 31.2310 100.0000 stroke12
movl 0 -22.2094 355.8871 186.2306 -159.4975 20.3720 27.9121 100.0000 stroke12
movl 0 -22.4212 357.5989 173.4769 -161.8207 18.3584 25.9144 100.0000 stroke12
movl 0 -26.1559 356.6219 173.4589 -161.9571 17.5818 25.0551 100.0000 stroke12
movl 0 -28.3733 357.4107 172.0194 -161.9988 17.5229 24.3996 100.0000 stroke12
movl 0 -30.7192 358.4415 171.1100 -162.8692 17.3753 23.8552 100.0000 stroke12
movl 0 -33.4562 361.2070 170.1951 -165.1253 17.8779 23.9208 100.0000 stroke12
movl 0 -36.5443 362.8385 169.4209 -166.9465 18.2573 24.8860 100.0000 stroke12
movl 0 -40.3335 362.7830 168.9075 -167.7678 17.9769 26.5779 100.0000 stroke12
movl 0 -38.3364 361.5953 169.3104 -166.4220 18.0307 27.7722 100.0000 stroke12
movl 0 -35.4486 360.0896 169.9232 -164.5164 18.0123 28.9757 100.0000 stroke12
movl 0 -36.3229 361.6664 169.8226 -166.0775 18.0339 28.2159 100.0000 stroke12
movl 0 -35.6726 359.6603 170.6399 -165.0033 17.7775 28.6125 100.0000 stroke12
movl 0 -28.9393 347.2169 197.1862 -153.6040 14.8677 34.7511 100.0000 stroke12
movl 0 -6.1617 370.9503 216.6541 -146.3767 13.7137 46.3915 100.0000 stroke13
movl 0 -5.6523 374.3082 176.9155 -157.4315 20.6547 37.4996 100.0000 stroke13
movl 0 -10.8713 371.8765 170.8523 -160.1540 19.4567 34.8139 100.0000 stroke13
movl 0 -13.7004 370.0676 170.9674 -160.9842 19.3195 34.4000 100.0000 stroke13
movl 0 -16.4351 370.6795 170.2819 -161.9469 19.4319 34.3552 100.0000 stroke13
movl 0 -19.6822 371.9404 169.3251 -163.1436 18.8371 33.9998 100.0000 stroke13
movl 0 -22.3859 374.0905 169.3324 -165.9619 18.3202 32.5150 100.0000 stroke13
movl 0 -23.4773 375.5899 169.8427 -168.1969 17.9720 31.1075 100.0000 stroke13
movl 0 -23.3474 376.9720 170.3382 -169.6242 17.6897 30.3398 100.0000 stroke13
movl 0 -23.0773 378.3537 170.8091 -170.9276 17.2683 29.6940 100.0000 stroke13
movl 0 -22.1330 379.4988 171.1044 -172.0387 16.7983 28.8795 100.0000 stroke13
movl 0 -20.6522 380.6306 171.1061 -173.1011 16.2397 27.9260 100.0000 stroke13
movl 0 -18.5620 381.6644 171.2561 -174.0637 15.5470 26.7033 100.0000 stroke13
movl 0 -15.6771 383.2867 171.1979 -174.8805 15.1130 24.8218 100.0000 stroke13
movl 0 -15.4526 382.0976 171.9041 -174.3758 15.4253 25.6244 100.0000 stroke13
movl 0 -13.8324 381.9384 172.4709 -174.8162 15.7963 25.4067 100.0000 stroke13
movl 0 -12.2386 381.2228 172.9160 -174.5822 15.9462 25.0611 100.0000 stroke13
movl 0 -11.1747 380.9963 173.0545 -174.3272 16.1057 25.1320 100.0000 stroke13
movl 0 -2.8051 373.6664 173.5451 -166.7486 18.4501 31.3940 100.0000 stroke13
movl 0 -4.3216 377.2840 171.5829 -167.9997 18.6000 32.3166 100.0000 stroke13
movl 0 -8.4837 380.0513 170.8864 -170.5578 17.1268 30.3438 100.0000 stroke13
movl 0 -11.3955 378.9327 171.3949 -170.0854 15.6654 30.1508 100.0000 stroke13
movl 0 -11.8593 377.7461 171.7053 -169.1269 15.1586 30.0779 100.0000 stroke13
movl 0 -11.4974 376.9323 171.8943 -168.2538 14.9193 30.2428 100.0000 stroke13
movl 0 -11.1531 376.2096 172.0517 -167.5376 14.7739 30.4796 100.0000 stroke13
movl 0 -10.5139 374.7347 172.4564 -166.4848 14.6112 30.9786 100.0000 stroke13
movl 0 -6.6272 366.6738 175.8016 -162.0859 14.7031 32.9246 100.0000 stroke13
movl 0 -6.4538 331.0038 226.7145 -144.5101 9.3525 41.0527 100.0000 stroke13
movl 0 -24.1773 340.2563 249.3379 -146.9144 11.3544 36.7434 100.0000 stroke14
movl 0 -21.1539 354.6101 196.9633 -159.6976 15.3528 27.3056 100.0000 stroke14
movl 0 -25.0638 351.3946 176.9209 -160.4346 13.5303 27.0910 100.0000 stroke14
movl 0 -27.9428 349.4634 176.4380 -159.6219 11.8536 28.0150 100.0000 stroke14
movl 0 -30.3857 346.9063 176.5730 -159.4552 10.5764 28.4057 100.0000 stroke14
movl 0 -32.7669 347.7117 175.7142 -159.9337 9.3071 28.2516 100.0000 stroke14
movl 0 -35.9765 348.4053 174.7577 -160.6086 8.2907 28.9056 100.0000 stroke14
movl 0 -39.6097 350.6516 174.0292 -162.7067 7.5584 28.1456 100.0000 stroke14
movl 0 -40.0208 351.8550 173.9334 -163.7124 7.6246 26.9096 100.0000 stroke14
movl 0 -39.9147 351.6853 174.0984 -164.0378 7.6904 26.5323 100.0000 stroke14
movl 0 -39.6273 351.3432 174.1897 -163.8973 7.6812 26.1501 100.0000 stroke14
movl 0 -38.4445 352.2539 174.1591 -163.8777 7.8132 25.1677 100.0000 stroke14
movl 0 -36.4333 352.8130 174.3753 -163.7913 8.1244 24.2824 100.0000 stroke14
movl 0 -30.6224 351.9364 176.2666 -162.5872 9.2004 23.8111 100.0000 stroke14
movl 0 -22.3012 345.2762 196.2294 -158.8976 9.7605 23.1557 100.0000 stroke14
movl 0 -8.4993 378.3933 234.1237 -169.4731 23.8484 7.7386 100.0000 stroke15
movl 0 -3.3244 376.2023 187.4065 -175.8447 24.5652 -1.2826 100.0000 stroke15
movl 0 -0.2077 377.1204 174.8912 -179.3013 24.0818 -5.6137 100.0000 stroke15
movl 0 -1.6339 376.3025 174.6183 -179.0184 23.8691 -7.6398 100.0000 stroke15
movl 0 -2.2986 377.0717 173.2036 -178.8295 23.9344 -8.4015 100.0000 stroke15
movl 0 -5.5123 378.9973 172.3822 -179.3466 22.3400 -8.9260 100.0000 stroke15
movl 0 -7.7948 381.0210 172.1396 179.6126 20.4921 -10.8904 100.0000 stroke15
movl 0 -9.4514 382.8442 172.0369 178.2574 18.9316 -13.3751 100.0000 stroke15
movl 0 -11.7699 384.9845 171.8920 176.9019 16.8735 -16.7327 100.0000 stroke15
movl 0 -12.1166 386.9850 171.8795 175.5620 15.5842 -20.3859 100.0000 stroke15
movl 0 -10.8672 388.8315 171.4757 174.8387 15.4670 -21.7200 100.0000 stroke15
movl 0 -11.3878 390.3023 171.3553 173.5992 14.8174 -22.2908 100.0000 stroke15
movl 0 -11.9768 389.3697 171.9445 173.4205 14.5191 -21.5858 100.0000 stroke15
movl 0 -10.6968 388.1217 172.6911 174.7784 15.2031 -21.0054 100.0000 stroke15
movl 0 -10.3341 388.7199 172.3754 174.0868 15.0481 -20.9221 100.0000 stroke15
movl 0 -10.5123 387.9837 172.7878 173.5847 14.8296 -20.7210 100.0000 stroke15
movl 0 -10.4666 387.4673 173.1024 173.7057 14.8247 -20.3848 100.0000 stroke15
movl 0 -10.0751 386.3309 173.4239 173.9568 14.9858 -19.9425 100.0000 stroke15
movl 0 -9.7366 385.3947 173.7620 174.0731 15.0826 -19.9046 100.0000 stroke15
movl 0 -9.5916 384.8895 173.8737 174.2430 15.1821 -19.7923 100.0000 stroke15
movl 0 -9.3417 384.5899 174.0962 174.5193 15.5920 -19.4717 100.0000 stroke15
movl 0 -7.9210 381.7717 175.4279 175.7055 16.8432 -18.4498 100.0000 stroke15
movl 0 -8.7214 365.4447 190.2206 -177.9085 19.7244 -13.5899 100.0000 stroke15
movl 0 -9.9818 335.6931 244.4117 -167.5508 24.4420 -6.4989 100.0000 stroke15
