movl 0 -35.9743 373.9086 163.0630 -156.9501 22.1958 24.3809 100.0000 stroke1
movl 0 -37.5483 375.7246 162.8233 -159.4648 23.1349 22.3524 100.0000 stroke1
movl 0 -38.5993 377.0753 162.7193 -161.3987 23.7271 20.9399 100.0000 stroke1
movl 0 -39.5758 378.7011 162.8229 -163.6662 24.4960 19.6162 100.0000 stroke1
movl 0 -40.4396 380.1326 162.9412 -165.7868 25.2336 18.6316 100.0000 stroke1
movl 0 -41.7980 381.4388 162.9157 -167.7842 25.6066 18.0542 100.0000 stroke1
movl 0 -40.4252 379.7563 163.4318 -166.2196 25.6308 19.2465 100.0000 stroke1
movl 0 -38.2852 378.0569 163.7537 -163.7471 25.3495 20.8314 100.0000 stroke1
movl 0 -38.5149 378.2906 163.7928 -164.0808 25.2375 20.5463 100.0000 stroke1
movl 0 -39.3772 380.0575 164.1645 -166.5116 25.4220 18.9324 100.0000 stroke1
movl 0 -39.3255 378.8586 164.3660 -165.1795 25.1232 19.7964 100.0000 stroke1
movl 0 -33.1109 369.8221 168.1613 -155.1979 24.1975 26.7331 100.0000 stroke1
movl 0 -35.9755 347.6323 225.4484 -140.0992 12.6701 39.5055 100.0000 stroke1
movl 0 -33.3974 377.0208 228.6774 -137.8587 2.5292 52.4904 100.0000 stroke2
movl 0 -32.5170 372.8410 186.0516 -147.5030 13.0370 41.2333 100.0000 stroke2
movl 0 -36.4684 371.7755 172.6474 -153.4344 14.3753 33.6636 100.0000 stroke2
movl 0 -40.7438 370.8104 172.3278 -154.6245 13.1942 32.7168 100.0000 stroke2
movl 0 -42.8773 370.1124 170.9059 -154.3043 11.6862 34.5190 100.0000 stroke2
movl 0 -41.8482 371.4479 169.8683 -154.1678 11.2619 36.5632 100.0000 stroke2
movl 0 -44.1470 372.8124 169.8510 -155.6623 10.5706 35.3987 100.0000 stroke2
movl 0 -46.5998 372.8474 170.1970 -156.5724 9.4875 33.7173 100.0000 stroke2
movl 0 -48.8506 373.2945 170.4112 -157.5683 8.4871 31.7864 100.0000 stroke2
movl 0 -50.2841 374.4498 170.3200 -158.5135 7.3946 29.1265 100.0000 stroke2
movl 0 -50.4408 375.1337 170.2780 -158.9701 7.0112 27.5091 100.0000 stroke2
movl 0 -47.1612 373.2604 170.7260 -157.3458 7.9750 28.4643 100.0000 stroke2
movl 0 -45.1156 372.9754 170.9426 -156.6508 8.6089 28.6865 100.0000 stroke2
movl 0 -45.0797 373.0623 170.9574 -156.7793 8.6216 28.6673 100.0000 stroke2
movl 0 -45.7391 374.4651 171.1739 -158.3127 8.8571 27.7468 100.0000 stroke2
movl 0 -45.5057 376.2840 171.1920 -159.5875 9.5046 26.9995 100.0000 stroke2
movl 0 -39.6915 373.8387 170.6136 -154.9759 11.6095 34.5964 100.0000 stroke2
movl 0 -25.9936 364.3781 184.6571 -141.2881 6.1356 48.9593 100.0000 stroke2
movl 0 -21.7855 392.3058 219.9282 -143.6663 13.0170 52.4091 100.0000 stroke3
movl 0 -24.8448 386.0053 180.5322 -144.6279 10.6205 51.8916 100.0000 stroke3
movl 0 -29.1253 385.2202 168.8310 -146.2128 9.3682 51.8098 100.0000 stroke3
movl 0 -33.6114 382.8327 167.8953 -147.1434 7.9263 51.7977 100.0000 stroke3
movl 0 -31.2248 384.3442 167.5406 -147.0650 8.9348 50.9411 100.0000 stroke3
movl 0 -28.4884 386.9581 167.4269 -147.3466 10.2827 49.9170 100.0000 stroke3
movl 0 -28.7842 387.2496 167.4865 -147.6754 10.4770 49.5119 100.0000 stroke3
movl 0 -29.3194 387.7397 167.3545 -147.9076 10.5385 49.3038 100.0000 stroke3
movl 0 -29.8611 388.3277 166.7980 -147.8750 10.4260 48.8504 100.0000 stroke3
movl 0 -31.3389 388.2164 165.2803 -147.3947 8.8019 48.8760 100.0000 stroke3
movl 0 -31.9755 388.5051 165.0326 -147.8542 8.2496 49.0853 100.0000 stroke3
movl 0 -32.1285 389.6012 165.1124 -149.0647 8.4900 47.7239 100.0000 stroke3
movl 0 -31.3997 390.7946 164.6579 -149.4226 9.1189 47.1614 100.0000 stroke3
movl 0 -33.5750 393.8580 164.0745 -151.8608 10.7947 45.0347 100.0000 stroke3
movl 0 -32.8459 397.5766 163.6062 -154.7890 13.6988 41.0884 100.0000 stroke3
movl 0 -33.0062 398.8242 163.7918 -156.0371 15.3620 39.2815 100.0000 stroke3
movl 0 -32.5718 399.7057 164.2206 -157.1677 16.8547 37.7538 100.0000 stroke3
movl 0 -32.3877 400.2962 164.7074 -158.2172 18.0214 36.5183 100.0000 stroke3
movl 0 -32.2431 400.7456 165.3243 -159.3362 19.0900 35.2426 100.0000 stroke3
movl 0 -32.2820 401.0241 166.0262 -160.4333 20.0471 34.0781 100.0000 stroke3
movl 0 -32.3588 401.5529 166.3864 -161.4640 20.8592 33.0238 100.0000 stroke3
movl 0 -32.4484 402.1351 166.6754 -162.5462 21.5934 31.9097 100.0000 stroke3
movl 0 -32.9996 403.1288 166.8881 -164.0295 22.2780 30.4387 100.0000 stroke3
movl 0 -33.2741 404.3033 166.9683 -165.5770 23.1230 28.9469 100.0000 stroke3
movl 0 -34.1415 405.3442 167.2604 -167.8046 23.9226 26.3868 100.0000 stroke3
movl 0 -34.8206 406.5763 167.3809 -170.1780 24.8017 23.7283 100.0000 stroke3
movl 0 -35.7610 407.8760 167.5255 -172.8896 25.5019 20.7966 100.0000 stroke3
movl 0 -37.0719 409.0216 167.5872 -175.6779 25.8847 17.8976 100.0000 stroke3
movl 0 -38.4615 410.3945 167.6419 -178.9658 26.0012 14.3313 100.0000 stroke3
movl 0 -39.8565 412.1091 167.4585 177.6504 25.8441 10.7302 100.0000 stroke3
movl 0 -41.7525 413.5445 167.1423 174.2471 25.3638 7.3790 100.0000 stroke3
movl 0 -43.7993 415.3677 166.4378 170.7287 24.7004 4.1218 100.0000 stroke3
movl 0 -46.0941 416.9505 165.7181 167.5386 23.7316 1.0909 100.0000 stroke3
movl 0 -48.4621 418.2644 164.9401 164.9033 22.5417 -1.3474 100.0000 stroke3
movl 0 -50.5164 419.3913 164.3704 162.8044 21.4495 -3.1472 100.0000 stroke3
movl 0 -52.8180 419.9480 163.8491 161.2460 20.5794 -3.8145 100.0000 stroke3
movl 0 -53.4444 419.8531 163.9058 160.8122 20.4671 -3.6968 100.0000 stroke3
movl 0 -52.2775 419.4214 164.3540 161.2873 20.9834 -3.2408 100.0000 stroke3
movl 0 -50.8531 419.0716 164.6963 161.7265 21.3710 -3.2195 100.0000 stroke3
movl 0 -50.3680 418.9748 164.8607 161.9233 21.4079 -3.2712 100.0000 stroke3
movl 0 -50.0193 418.9592 164.9057 161.9120 21.3786 -3.4734 100.0000 stroke3
movl 0 -49.3645 418.7994 165.0848 162.1721 21.5411 -3.3775 100.0000 stroke3
movl 0 -49.3418 418.6417 165.1724 162.1503 21.4369 -3.5619 100.0000 stroke3
movl 0 -50.8842 419.1993 164.8042 161.1214 20.8276 -3.7915 100.0000 stroke3
movl 0 -50.4131 418.9307 165.0410 161.5325 20.8618 -3.9311 100.0000 stroke3
movl 0 -49.2672 417.8087 165.9531 162.4260 21.2694 -3.9205 100.0000 stroke3
movl 0 -37.7929 399.1484 184.4256 177.2710 25.5542 2.5560 100.0000 stroke3
movl 0 6.2199 380.3916 241.1906 -137.3135 12.5156 39.6789 100.0000 stroke4
movl 0 4.8883 389.3419 181.2716 -147.1398 18.1420 35.2644 100.0000 stroke4
movl 0 -0.2882 392.2932 174.6742 -154.5176 23.0263 27.6118 100.0000 stroke4
movl 0 -10.0180 393.3086 172.2450 -158.7178 21.8703 24.8363 100.0000 stroke4
movl 0 -15.9556 393.2218 171.8016 -159.2726 20.3884 25.3560 100.0000 stroke4
movl 0 -19.4399 393.6573 170.8532 -159.8350 19.3538 25.9660 100.0000 stroke4
movl 0 -23.1211 394.2042 170.6522 -161.2324 17.8466 24.7861 100.0000 stroke4
movl 0 -25.3144 394.3466 170.9714 -162.3416 17.0084 23.1735 100.0000 stroke4
movl 0 -26.6421 393.9940 171.2250 -162.8645 16.4405 22.1594 100.0000 stroke4
movl 0 -27.4707 393.6807 171.4779 -163.0007 15.8264 21.1578 100.0000 stroke4
movl 0 -26.0779 394.1622 171.6736 -163.3014 15.7076 19.6525 100.0000 stroke4
movl 0 -23.3501 394.9113 171.9966 -163.7179 15.6878 17.6230 100.0000 stroke4
movl 0 -19.9848 396.3470 172.1522 -164.4026 15.6832 15.0966 100.0000 stroke4
movl 0 -17.7626 398.0122 172.1196 -165.0746 15.1331 12.1610 100.0000 stroke4
movl 0 -16.5000 398.6612 171.9842 -165.2139 15.2797 11.2971 100.0000 stroke4
movl 0 -14.3994 396.3664 172.6379 -163.7307 16.1281 12.5370 100.0000 stroke4
movl 0 -13.1902 395.7879 172.8936 -163.2447 16.5156 12.7901 100.0000 stroke4
movl 0 -12.6380 395.2854 173.0290 -162.9420 16.5937 12.9242 100.0000 stroke4
movl 0 -12.7748 395.6996 172.8562 -163.4255 16.5043 12.6902 100.0000 stroke4
movl 0 -13.9195 396.9609 172.8658 -165.1855 16.2707 11.6000 100.0000 stroke4
movl 0 -13.7449 397.0193 172.7064 -165.5134 16.5876 11.6538 100.0000 stroke4
movl 0 -10.9909 392.6023 172.5358 -160.5330 19.4676 20.4921 100.0000 stroke4
movl 0 -7.0328 378.2343 188.0691 -145.8326 16.1760 37.2016 100.0000 stroke4
movl 0 8.7613 411.9590 186.1675 -146.9722 14.1388 52.1729 100.0000 stroke5
movl 0 4.4799 407.0029 169.1551 -148.8750 9.7180 51.3330 100.0000 stroke5
movl 0 2.3241 408.3266 167.7133 -149.4984 7.8695 51.3485 100.0000 stroke5
movl 0 -1.0600 409.6908 166.7759 -150.1519 7.1668 52.4925 100.0000 stroke5
movl 0 -2.7344 411.7504 165.8669 -150.8368 7.4089 52.3633 100.0000 stroke5
movl 0 -6.4003 415.4262 165.6350 -154.3949 9.3783 49.1853 100.0000 stroke5
movl 0 -5.7530 418.1437 165.3007 -156.0268 11.2395 46.5903 100.0000 stroke5
movl 0 -5.4643 419.1980 165.4543 -156.8003 12.8744 45.5847 100.0000 stroke5
movl 0 -5.1444 420.2502 166.1736 -158.2308 15.0786 43.9410 100.0000 stroke5
movl 0 -5.2253 421.6231 166.7075 -160.1479 17.2052 41.6689 100.0000 stroke5
movl 0 -5.5778 422.7259 166.8968 -161.7524 18.8234 40.0500 100.0000 stroke5
movl 0 -6.1886 423.8196 167.0689 -163.5999 20.3731 38.1331 100.0000 stroke5
movl 0 -6.7145 424.2777 167.3628 -165.0701 21.5116 36.8064 100.0000 stroke5
movl 0 -7.5719 424.5453 167.6528 -166.3043 22.2845 35.8516 100.0000 stroke5
movl 0 -8.1536 424.7713 167.8139 -167.2512 22.8423 35.1439 100.0000 stroke5
movl 0 -8.6976 424.6116 168.0985 -167.7345 23.1623 35.0366 100.0000 stroke5
movl 0 -8.5808 424.5158 168.3463 -168.1586 23.6511 34.6225 100.0000 stroke5
movl 0 -8.5039 424.2090 168.5302 -168.1918 23.9042 34.6467 100.0000 stroke5
movl 0 -8.3332 423.8420 168.7279 -168.1028 24.0665 34.7435 100.0000 stroke5
movl 0 -7.1391 422.4842 169.4737 -167.2460 24.3420 35.3416 100.0000 stroke5
movl 0 1.1702 412.7085 180.1385 -160.6363 24.6123 37.8354 100.0000 stroke5
movl 0 0.8540 383.8379 234.6103 -143.6734 16.4281 49.2371 100.0000 stroke5
movl 0 -4.9350 388.3018 187.8502 -151.3580 20.7928 45.2532 100.0000 stroke6
movl 0 -9.1265 388.1064 170.6988 -156.1771 20.4328 40.9992 100.0000 stroke6
movl 0 -10.9231 387.3702 170.4906 -157.2284 19.0054 38.8168 100.0000 stroke6
movl 0 -8.7199 388.3056 169.7104 -156.8714 18.9413 37.9580 100.0000 stroke6
movl 0 -8.6634 389.1049 169.0460 -156.7834 18.8513 37.3961 100.0000 stroke6
movl 0 -10.3210 391.8982 167.5459 -158.1023 19.2160 36.3191 100.0000 stroke6
movl 0 -11.4034 395.5654 166.8443 -161.2633 20.7979 33.3519 100.0000 stroke6
movl 0 -11.7768 397.8376 166.8442 -163.7654 22.6284 31.3105 100.0000 stroke6
movl 0 -13.0113 401.5467 167.0589 -168.4207 25.0279 27.8444 100.0000 stroke6
movl 0 -15.0466 405.5745 166.9766 -173.7188 26.2370 23.7020 100.0000 stroke6
movl 0 -17.1823 407.7073 167.0977 -177.4704 26.4628 20.4598 100.0000 stroke6
movl 0 -16.5047 406.7970 167.4835 -177.1111 26.4823 20.3851 100.0000 stroke6
movl 0 -17.4743 405.6991 168.1507 -176.7221 25.8521 20.5587 100.0000 stroke6
movl 0 -17.3863 404.7858 168.5581 -176.1517 25.6521 20.7431 100.0000 stroke6
movl 0 -15.3400 398.6964 171.1400 -171.4747 24.8730 23.4958 100.0000 stroke6
movl 0 -14.3874 365.5256 206.9366 -150.2943 14.4582 39.0169 100.0000 stroke6
movl 0 -5.4354 386.2868 199.5507 -148.9442 5.7609 55.5492 100.0000 stroke7
movl 0 -12.9928 381.1032 172.6852 -152.3514 4.2647 53.2523 100.0000 stroke7
movl 0 -19.8280 378.1249 173.8710 -154.6788 5.1965 52.0352 100.0000 stroke7
movl 0 -24.1151 376.7458 173.6193 -155.3898 4.5017 52.3050 100.0000 stroke7
movl 0 -25.7400 376.6003 173.1802 -155.5629 4.1760 52.2608 100.0000 stroke7
movl 0 -29.8794 376.9298 172.9525 -157.2783 3.6967 51.0197 100.0000 stroke7
movl 0 -28.0326 377.9397 173.0263 -157.5471 3.7664 48.9693 100.0000 stroke7
movl 0 -23.2542 380.7322 173.0722 -158.1506 4.7087 45.2603 100.0000 stroke7
movl 0 -18.8556 383.4279 172.8100 -158.5507 6.0275 42.9235 100.0000 stroke7
movl 0 -15.4689 386.1279 172.1667 -158.6277 7.8534 41.6981 100.0000 stroke7
movl 0 -11.6596 392.3027 171.1330 -161.4849 11.7050 37.4147 100.0000 stroke7
movl 0 -7.0314 398.6718 169.6593 -163.4722 15.4876 35.0954 100.0000 stroke7
movl 0 -6.3726 400.8706 169.7656 -165.2359 17.4626 33.3804 100.0000 stroke7
movl 0 -6.7960 402.5171 170.1692 -167.5448 19.0238 31.0650 100.0000 stroke7
movl 0 -7.4843 404.2046 170.4623 -170.1254 20.3003 28.5559 100.0000 stroke7
movl 0 -8.8221 406.2780 170.6381 -173.1724 21.2803 25.6371 100.0000 stroke7
movl 0 -10.1388 408.3521 170.5298 -176.2877 22.0100 22.5483 100.0000 stroke7
movl 0 -11.3672 410.3127 170.3165 -179.1815 22.5107 19.9061 100.0000 stroke7
movl 0 -13.2337 411.7026 170.0872 178.0946 22.6414 17.8356 100.0000 stroke7
movl 0 -14.4750 411.3474 170.3108 177.1493 22.6172 17.0508 100.0000 stroke7
movl 0 -10.5545 408.7177 171.6303 179.4457 22.8912 17.0400 100.0000 stroke7
movl 0 -10.2179 407.5548 171.9965 -179.7917 22.6554 17.2427 100.0000 stroke7
movl 0 -10.5792 407.7000 171.8761 179.5882 22.7601 16.8215 100.0000 stroke7
movl 0 -13.1184 407.8342 171.7361 178.4626 22.5192 17.1866 100.0000 stroke7
movl 0 -10.9060 406.3369 172.6514 179.8295 22.6442 17.2456 100.0000 stroke7
movl 0 -13.8742 406.8290 172.2261 178.7844 22.1193 17.2502 100.0000 stroke7
movl 0 -11.6662 401.6018 174.5918 -177.4259 22.0208 17.7898 100.0000 stroke7
movl 0 -10.2446 381.9912 189.0857 -164.3194 19.4045 23.3865 100.0000 stroke7
movl 0 -18.0327 376.7195 198.2113 -154.6200 14.8707 38.6328 100.0000 stroke8
movl 0 -19.7767 375.1111 179.6242 -158.1056 16.3886 33.7146 100.0000 stroke8
movl 0 -24.5695 375.6307 177.3053 -159.7763 14.4942 32.4604 100.0000 stroke8
movl 0 -24.6733 375.2672 176.1984 -158.9094 13.9928 33.8383 100.0000 stroke8
movl 0 -25.3146 376.9868 174.8077 -158.9368 13.9829 35.2489 100.0000 stroke8
movl 0 -26.5365 378.1538 174.1016 -159.5496 13.8121 35.1399 100.0000 stroke8
movl 0 -27.6462 378.3794 174.0379 -160.2290 13.2769 33.9035 100.0000 stroke8
movl 0 -28.0422 378.3963 174.0390 -160.4030 12.9995 33.4982 100.0000 stroke8
movl 0 -28.1614 378.3151 174.0422 -160.5825 12.7161 33.0632 100.0000 stroke8
movl 0 -27.6796 378.5981 174.0408 -160.8792 12.5518 32.1693 100.0000 stroke8
movl 0 -26.8170 379.5472 173.9946 -161.4794 12.4286 30.4714 100.0000 stroke8
movl 0 -26.1430 380.7040 173.8088 -162.0737 12.4934 29.2281 100.0000 stroke8
movl 0 -24.8611 378.8754 174.4508 -160.9785 12.5920 29.6536 100.0000 stroke8
movl 0 -25.0215 378.9868 174.5036 -161.0870 12.5653 29.6281 100.0000 stroke8
movl 0 -25.5744 380.0714 174.5212 -162.2874 12.6854 29.1965 100.0000 stroke8
movl 0 -23.9976 377.9162 174.9760 -159.8988 13.8424 33.3172 100.0000 stroke8
movl 0 -17.6723 360.9411 202.2028 -148.3621 12.8938 42.1633 100.0000 stroke8
movl 0 -8.0230 368.3560 192.6932 -153.3021 17.0652 38.3010 100.0000 stroke9
movl 0 -11.7345 370.8757 177.1258 -156.8474 16.9701 34.5638 100.0000 stroke9
movl 0 -17.9514 371.1032 176.1185 -158.7345 16.2650 32.9213 100.0000 stroke9
movl 0 -19.8674 371.0184 175.3889 -158.9298 16.0011 32.8042 100.0000 stroke9
movl 0 -22.1530 372.3626 174.2895 -159.4962 16.2637 33.4041 100.0000 stroke9
movl 0 -23.4519 373.6778 173.6319 -160.2390 16.1342 32.8037 100.0000 stroke9
movl 0 -25.5564 374.1828 173.5034 -161.4026 15.3934 31.4245 100.0000 stroke9
movl 0 -25.8753 374.1528 173.3998 -161.5459 15.0163 30.7114 100.0000 stroke9
movl 0 -24.7058 374.8149 173.3480 -162.0937 14.9274 29.1574 100.0000 stroke9
movl 0 -22.1942 375.8977 173.3115 -162.7046 15.0082 26.9726 100.0000 stroke9
movl 0 -21.2235 376.3203 173.3205 -163.0118 15.0323 26.0607 100.0000 stroke9
movl 0 -20.3323 374.8253 173.8548 -162.0551 15.0159 26.3894 100.0000 stroke9
movl 0 -21.3077 375.7664 173.7541 -163.1936 14.8945 26.0593 100.0000 stroke9
movl 0 -20.4728 372.0564 175.1888 -160.8186 15.5395 29.0749 100.0000 stroke9
movl 0 -13.9931 347.1348 225.8270 -147.5036 16.4743 38.7160 100.0000 stroke9
movl 0 -3.0968 368.0615 197.8549 -155.3026 22.8471 32.6646 100.0000 stroke10
movl 0 -5.9584 370.1539 177.5871 -158.4248 21.0755 28.7049 100.0000 stroke10
movl 0 -11.4567 370.0673 177.0124 -160.3669 19.8575 26.8851 100.0000 stroke10
movl 0 -14.6471 371.0054 175.8477 -161.5430 19.8414 26.8567 100.0000 stroke10
movl 0 -17.2747 371.8777 175.0288 -162.4428 20.0134 27.3845 100.0000 stroke10
movl 0 -18.6613 373.6405 174.0498 -163.1498 20.0805 27.3992 100.0000 stroke10
movl 0 -20.2896 374.5010 173.6602 -164.0198 19.6088 26.5324 100.0000 stroke10
movl 0 -22.6806 374.5707 173.7058 -164.8914 18.6537 25.3974 100.0000 stroke10
movl 0 -22.2798 375.0830 173.6973 -165.3875 18.3627 23.8861 100.0000 stroke10
movl 0 -20.2247 376.3516 173.6266 -166.4308 18.0732 20.9122 100.0000 stroke10
movl 0 -18.8055 376.8565 173.5370 -166.8251 17.9312 19.4159 100.0000 stroke10
movl 0 -19.0655 375.1144 174.1809 -166.2190 17.6685 19.6684 100.0000 stroke10
movl 0 -21.6939 375.6550 174.0857 -167.1773 16.9542 19.1478 100.0000 stroke10
movl 0 -22.1976 375.7821 174.2359 -167.2066 16.9983 19.3476 100.0000 stroke10
movl 0 -21.2286 373.7783 175.1255 -166.1797 17.7135 19.7790 100.0000 stroke10
movl 0 -19.3852 362.9506 187.7053 -159.5507 19.0091 23.3640 100.0000 stroke10
movl 0 -19.0464 348.9317 188.3917 -161.1057 24.1220 17.1720 100.0000 stroke11
movl 0 -23.5491 350.9800 177.8780 -161.9115 21.7517 16.1889 100.0000 stroke11
movl 0 -29.4793 353.9290 174.0738 -163.4734 21.4800 16.9091 100.0000 stroke11
movl 0 -33.1762 354.7992 172.6406 -164.1370 21.9127 17.8255 100.0000 stroke11
movl 0 -33.5613 355.6882 172.0157 -164.8614 21.7990 17.0763 100.0000 stroke11
movl 0 -38.2567 356.3122 171.8787 -166.8294 19.8055 15.0126 100.0000 stroke11
movl 0 -39.7135 355.4988 172.3252 -166.7561 19.1461 14.4186 100.0000 stroke11
movl 0 -38.0439 356.2241 172.6059 -167.1731 18.8996 12.3758 100.0000 stroke11
movl 0 -35.7608 356.7452 173.1052 -167.6456 18.6007 9.9953 100.0000 stroke11
movl 0 -32.9968 357.1117 173.7432 -168.1568 18.2696 7.7025 100.0000 stroke11
movl 0 -29.4465 357.8286 174.3858 -168.7362 17.9132 5.1052 100.0000 stroke11
movl 0 -26.7173 358.8155 174.9754 -169.4091 17.0155 2.2090 100.0000 stroke11
movl 0 -24.7851 360.3351 175.4718 -170.3225 15.7364 -1.1602 100.0000 stroke11
movl 0 -23.6565 361.7173 175.8166 -171.1317 14.3159 -4.5722 100.0000 stroke11
movl 0 -23.8083 363.1819 175.9858 -171.8448 12.8645 -7.9831 100.0000 stroke11
movl 0 -25.0891 363.7540 176.1770 -172.1758 11.0851 -11.1958 100.0000 stroke11
movl 0 -24.2485 366.0795 175.7716 -172.8858 9.7330 -14.3988 100.0000 stroke11
movl 0 -23.1743 363.3500 176.8567 -172.1739 10.7684 -13.5666 100.0000 stroke11
movl 0 -20.6642 363.0397 177.2329 -172.2261 11.5931 -13.7574 100.0000 stroke11
movl 0 -20.7337 363.6596 177.4264 -173.2713 11.2515 -14.3304 100.0000 stroke11
movl 0 -20.3946 363.4197 177.7085 -173.5699 11.2359 -14.6945 100.0000 stroke11
movl 0 -19.6420 363.2174 178.0815 -173.8392 11.3139 -15.0114 100.0000 stroke11
movl 0 -18.6758 362.7850 178.5192 -173.9233 11.4849 -15.1862 100.0000 stroke11
movl 0 -17.8835 362.1775 178.8926 -174.0058 11.6491 -15.3134 100.0000 stroke11
movl 0 -17.3008 361.4542 179.2047 -174.0516 11.7668 -15.3487 100.0000 stroke11
movl 0 -16.6365 361.1152 179.3452 -174.1291 11.9521 -15.3918 100.0000 stroke11
movl 0 -16.4046 360.7393 179.4485 -173.9128 12.7085 -14.5672 100.0000 stroke11
movl 0 -13.1424 351.3778 184.3285 -170.0963 17.1480 -8.1597 100.0000 stroke11
movl 0 -28.0258 314.4986 249.8423 -153.2879 17.6096 11.8500 100.0000 stroke11
movl 0 -15.2071 354.3561 191.1854 -162.4897 22.5648 20.3168 100.0000 stroke12
movl 0 -16.8203 354.1524 181.1733 -163.2114 20.3369 19.1849 100.0000 stroke12
movl 0 -20.8756 354.8452 178.5634 -164.1187 19.1389 18.6700 100.0000 stroke12
movl 0 -21.2035 357.3679 177.3674 -165.0002 19.1777 17.9607 100.0000 stroke12
movl 0 -23.0143 359.8833 176.0383 -166.0846 19.0611 17.5893 100.0000 stroke12
movl 0 -24.8977 363.2340 174.6818 -168.0112 18.8747 16.8090 100.0000 stroke12
movl 0 -25.7497 365.2646 174.0062 -169.7940 18.8342 15.5369 100.0000 stroke12
movl 0 -25.2224 367.1570 173.4959 -170.8930 19.1147 14.4736 100.0000 stroke12
movl 0 -25.2690 367.8299 173.2568 -171.5971 19.6719 14.5518 100.0000 stroke12
movl 0 -25.7809 367.5026 173.3213 -172.0162 19.9680 14.8040 100.0000 stroke12
movl 0 -26.1920 366.7535 173.4696 -172.2623 20.4555 15.3983 100.0000 stroke12
movl 0 -27.4583 365.6541 173.6526 -172.3980 20.5666 15.9601 100.0000 stroke12
movl 0 -28.5292 364.7335 173.9160 -172.3755 20.8090 16.6954 100.0000 stroke12
movl 0 -29.5608 363.7232 174.2520 -172.2287 21.0591 17.2341 100.0000 stroke12
movl 0 -29.9771 363.0702 174.6083 -172.0065 21.2904 17.4794 100.0000 stroke12
movl 0 -28.3946 360.0658 176.8089 -170.1781 22.8817 18.4141 100.0000 stroke12
movl 0 -24.1919 345.5603 196.7648 -162.4318 27.4204 18.0890 100.0000 stroke12
movl 0 0.0677 371.4686 249.6578 176.6895 35.7785 -14.1663 100.0000 stroke13
movl 0 4.9216 378.8236 191.1704 170.0568 30.0679 -25.9174 100.0000 stroke13
movl 0 4.6883 380.7960 174.3337 169.4771 26.0214 -27.7326 100.0000 stroke13
movl 0 2.4972 381.3049 174.3197 169.2720 24.8861 -27.6505 100.0000 stroke13
movl 0 2.3564 381.9720 173.6506 168.7258 24.6542 -28.5658 100.0000 stroke13
movl 0 -0.3367 383.8403 173.0411 168.0585 22.7893 -29.9284 100.0000 stroke13
movl 0 -3.9911 387.5037 172.6667 166.6440 19.0180 -33.4111 100.0000 stroke13
movl 0 -6.4540 391.9169 171.8600 164.9764 15.4561 -37.2027 100.0000 stroke13
movl 0 -8.8103 395.8153 171.0959 163.6232 11.8599 -41.1250 100.0000 stroke13
movl 0 -8.9836 399.2305 170.2617 162.5633 9.0052 -45.1769 100.0000 stroke13
movl 0 -7.5933 401.4529 169.6561 162.0401 8.0986 -47.4488 100.0000 stroke13
movl 0 -8.1853 403.0158 169.0808 160.7468 6.2750 -48.4772 100.0000 stroke13
movl 0 -8.4488 400.8920 170.0869 161.0587 6.7083 -48.3358 100.0000 stroke13
movl 0 -6.0648 397.4294 171.8488 162.2221 9.1199 -48.1765 100.0000 stroke13
movl 0 -7.1837 397.6433 171.6064 162.2062 8.3585 -48.3067 100.0000 stroke13
movl 0 -8.7923 398.2252 171.3362 161.4563 6.9183 -47.8536 100.0000 stroke13
movl 0 -7.2842 395.4085 172.7807 162.0781 8.5589 -47.6750 100.0000 stroke13
movl 0 -5.8269 394.1096 173.2642 162.4478 9.5347 -47.6194 100.0000 stroke13
movl 0 -7.7000 395.3719 172.7150 161.5919 7.7288 -46.8760 100.0000 stroke13
movl 0 -6.9043 393.6917 173.5677 162.1374 8.8112 -46.7289 100.0000 stroke13
movl 0 -5.1417 393.4330 173.6054 161.8954 9.3956 -46.6246 100.0000 stroke13
movl 0 -6.5085 393.7509 173.3997 161.5459 8.4908 -46.0758 100.0000 stroke13
movl 0 -7.0205 393.8365 173.4270 161.6281 8.4964 -45.8832 100.0000 stroke13
movl 0 -5.7961 394.2514 173.4378 161.4119 9.1134 -45.6567 100.0000 stroke13
movl 0 -4.5563 394.2792 173.3812 161.2578 9.6603 -45.4300 100.0000 stroke13
movl 0 -3.1181 393.6491 173.7055 161.3253 10.3234 -45.5123 100.0000 stroke13
movl 0 -0.9251 390.8551 175.0974 161.7349 12.2359 -45.2542 100.0000 stroke13
movl 0 3.9529 384.2130 182.0322 164.0373 17.4382 -42.5940 100.0000 stroke13
movl 0 12.5645 369.0938 228.4681 168.3564 26.2545 -36.9427 100.0000 stroke13
