movl 0 -55.1557 388.1898 223.3555 -139.8338 -0.4588 66.9072 100.0000 stroke1
movl 0 -41.8388 383.5642 187.4534 -140.3405 -1.3419 67.6267 100.0000 stroke1
movl 0 -34.3993 381.0252 175.0886 -139.8279 -1.5197 64.6732 100.0000 stroke1
movl 0 -37.2622 382.1719 173.5864 -143.6998 2.6919 60.8301 100.0000 stroke1
movl 0 -37.3500 383.7755 173.2552 -146.8534 3.5307 57.2924 100.0000 stroke1
movl 0 -35.4738 386.0171 170.1624 -147.8760 2.2720 57.7917 100.0000 stroke1
movl 0 -37.2640 385.2000 167.4258 -148.1005 -1.7166 61.2105 100.0000 stroke1
movl 0 -38.7325 385.8851 165.9222 -148.5548 -3.5603 64.0340 100.0000 stroke1
movl 0 -41.5440 386.7780 164.3876 -149.2218 -4.7644 65.7031 100.0000 stroke1
movl 0 -44.1862 388.4572 163.2014 -150.3079 -4.5114 66.5147 100.0000 stroke1
movl 0 -45.9645 391.3712 162.7489 -151.9154 -2.4191 65.8201 100.0000 stroke1
movl 0 -46.0428 393.8017 162.5012 -152.9136 -0.5103 64.5603 100.0000 stroke1
movl 0 -45.3005 396.3687 162.2490 -153.7615 1.6259 62.9233 100.0000 stroke1
movl 0 -42.6760 399.3176 161.6448 -153.9838 4.1987 60.6227 100.0000 stroke1
movl 0 -44.4319 400.1974 161.9669 -154.7827 6.3681 58.0140 100.0000 stroke1
movl 0 -44.2922 400.7435 162.1999 -155.5183 8.3719 54.7546 100.0000 stroke1
movl 0 -44.2566 400.9463 162.6113 -156.2052 10.0122 52.2397 100.0000 stroke1
movl 0 -43.9909 401.3612 163.1469 -156.9430 11.7223 50.1410 100.0000 stroke1
movl 0 -43.6354 401.6637 163.6136 -158.0080 13.3327 47.7827 100.0000 stroke1
movl 0 -43.3734 402.5739 163.9333 -159.4922 15.2309 45.0736 100.0000 stroke1
movl 0 -43.4699 403.6217 164.0871 -161.2062 17.0829 42.4695 100.0000 stroke1
movl 0 -43.9102 404.9026 164.4117 -163.5859 18.9045 39.3903 100.0000 stroke1
movl 0 -44.6899 406.5131 164.7583 -166.3243 20.4625 36.3177 100.0000 stroke1
movl 0 -45.2772 407.6335 164.8816 -168.9631 21.7572 33.1885 100.0000 stroke1
movl 0 -46.1574 409.0338 165.0442 -171.7537 22.8443 30.5654 100.0000 stroke1
movl 0 -47.5546 411.1738 164.7217 -174.9088 23.7895 28.3190 100.0000 stroke1
movl 0 -47.5628 410.8293 165.0358 -175.3179 23.8315 27.6798 100.0000 stroke1
movl 0 -47.5159 410.6021 165.3013 -175.1302 23.9300 28.2277 100.0000 stroke1
movl 0 -46.2464 409.2875 165.9221 -173.9585 23.6957 28.2847 100.0000 stroke1
movl 0 -46.1958 407.4454 166.5039 -172.7196 23.2008 28.9980 100.0000 stroke1
movl 0 -45.4094 405.8594 167.1071 -171.2108 22.8754 29.7820 100.0000 stroke1
movl 0 -37.2101 396.4403 172.8958 -163.3004 22.9763 32.7443 100.0000 stroke1
movl 0 -32.0649 384.6945 208.5526 -147.8500 17.2424 41.6466 100.0000 stroke1
movl 0 -38.6813 394.9883 215.0766 -143.3603 19.4029 58.8425 100.0000 stroke2
movl 0 -34.3758 388.5768 168.8091 -144.6255 18.3441 59.5099 100.0000 stroke2
movl 0 -38.1354 380.7107 165.6643 -145.0508 11.6453 60.3661 100.0000 stroke2
movl 0 -45.6889 377.7395 165.1741 -147.3495 7.0916 59.8020 100.0000 stroke2
movl 0 -50.5779 377.5524 164.0236 -148.3580 5.1314 61.3929 100.0000 stroke2
movl 0 -54.3213 379.5391 162.6063 -149.4599 5.3067 62.3400 100.0000 stroke2
movl 0 -59.5904 382.3782 162.7212 -153.1603 6.6273 61.1668 100.0000 stroke2
movl 0 -58.8922 386.0719 163.1118 -155.5801 8.8380 58.0624 100.0000 stroke2
movl 0 -57.6770 387.3784 163.2544 -156.6538 10.9322 55.3908 100.0000 stroke2
movl 0 -56.6061 389.4417 163.8884 -159.3580 14.8299 50.9236 100.0000 stroke2
movl 0 -56.5636 391.2958 164.0279 -162.1741 17.8721 47.4463 100.0000 stroke2
movl 0 -57.8014 391.5507 163.9416 -163.7815 19.5055 46.7501 100.0000 stroke2
movl 0 -57.0236 391.3314 164.4427 -163.4080 19.4095 46.5544 100.0000 stroke2
movl 0 -56.9462 390.6459 164.5340 -163.3217 19.4036 46.6574 100.0000 stroke2
movl 0 -55.6741 389.9712 164.8560 -162.3961 18.9704 46.7874 100.0000 stroke2
movl 0 -57.6954 389.1644 165.0303 -163.0202 18.3957 46.5622 100.0000 stroke2
movl 0 -57.7509 387.5727 165.6015 -162.3001 17.7259 46.3445 100.0000 stroke2
movl 0 -52.4604 381.8047 173.9614 -156.5558 16.5954 46.4110 100.0000 stroke2
movl 0 -50.8309 366.3025 247.1321 -143.9367 8.5190 47.5470 100.0000 stroke2
movl 0 -39.6769 345.6538 230.1014 -140.7579 9.6784 54.2398 100.0000 stroke3
movl 0 -37.1287 364.3130 181.9054 -146.2520 15.9856 50.6861 100.0000 stroke3
movl 0 -42.9896 364.8278 175.9429 -149.4088 14.5672 49.0743 100.0000 stroke3
movl 0 -50.2510 365.2793 172.7157 -153.4490 13.4216 47.3263 100.0000 stroke3
movl 0 -59.1244 362.4590 171.9921 -155.2621 11.1843 47.8632 100.0000 stroke3
movl 0 -62.4921 364.1950 170.9432 -156.9818 11.3247 47.4258 100.0000 stroke3
movl 0 -63.5623 364.6079 170.4086 -157.1461 11.1138 47.0946 100.0000 stroke3
movl 0 -65.2016 365.1837 169.5325 -157.4612 10.9175 47.0213 100.0000 stroke3
movl 0 -67.1590 366.5882 168.7715 -159.1747 10.9771 46.1304 100.0000 stroke3
movl 0 -69.7874 366.4812 168.7559 -160.5365 10.4471 45.6974 100.0000 stroke3
movl 0 -71.2743 364.9360 169.0133 -160.0867 8.8646 45.6871 100.0000 stroke3
movl 0 -71.1959 364.9562 169.1896 -160.2176 8.1693 44.1118 100.0000 stroke3
movl 0 -69.0329 366.0189 169.4886 -160.4938 8.0267 42.4731 100.0000 stroke3
movl 0 -65.4686 367.6920 169.8380 -160.8984 8.2176 40.5302 100.0000 stroke3
movl 0 -61.3731 369.9279 170.0587 -161.5596 8.5767 38.1193 100.0000 stroke3
movl 0 -56.5667 371.5916 170.4301 -161.9743 9.0697 35.8780 100.0000 stroke3
movl 0 -55.3067 371.1884 170.9110 -161.7866 9.2182 35.6593 100.0000 stroke3
movl 0 -52.7310 371.5370 171.1026 -161.8710 9.5306 35.0877 100.0000 stroke3
movl 0 -52.5975 371.1042 171.5869 -161.6290 9.7835 35.6585 100.0000 stroke3
movl 0 -52.6687 371.3842 171.5650 -161.5875 10.0438 35.9272 100.0000 stroke3
movl 0 -52.4909 371.1238 171.7211 -161.3066 10.2877 36.2689 100.0000 stroke3
movl 0 -47.5772 371.3921 178.4556 -158.3638 11.9753 38.1406 100.0000 stroke3
movl 0 -21.0359 377.6856 188.6044 -146.6613 13.3767 48.1613 100.0000 stroke4
movl 0 -30.0278 372.2461 167.6571 -149.2839 9.9970 48.9077 100.0000 stroke4
movl 0 -35.3202 369.8796 167.2926 -150.6590 6.5042 48.6632 100.0000 stroke4
movl 0 -34.9985 371.9541 166.5568 -151.1735 6.3637 48.1707 100.0000 stroke4
movl 0 -37.1307 374.0932 165.6354 -152.3780 6.0388 48.1413 100.0000 stroke4
movl 0 -38.9392 377.9447 165.3902 -155.1013 7.3581 47.4127 100.0000 stroke4
movl 0 -37.7809 380.9406 165.1861 -156.8689 8.9083 45.6951 100.0000 stroke4
movl 0 -36.1006 383.4326 164.7780 -157.2124 10.4120 45.2535 100.0000 stroke4
movl 0 -35.3547 385.3049 165.2623 -158.4612 12.4251 44.2110 100.0000 stroke4
movl 0 -34.7029 387.6913 165.3331 -160.4961 15.1340 42.5045 100.0000 stroke4
movl 0 -34.6526 389.8296 165.4331 -162.8450 17.4126 40.5340 100.0000 stroke4
movl 0 -35.4803 391.5776 165.4095 -165.0403 19.0352 39.3330 100.0000 stroke4
movl 0 -35.5106 390.8995 165.8369 -165.0421 19.1488 39.2727 100.0000 stroke4
movl 0 -33.0238 388.9825 166.4400 -163.4888 18.7370 39.3970 100.0000 stroke4
movl 0 -34.6128 389.5898 166.2511 -164.7785 19.0212 39.4495 100.0000 stroke4
movl 0 -32.5025 384.0278 167.3042 -160.3003 16.5225 40.3910 100.0000 stroke4
movl 0 -25.4872 368.3483 177.5104 -144.6483 3.8755 48.4510 100.0000 stroke4
movl 0 -12.3603 405.0929 199.4788 -144.6891 7.8066 62.7715 100.0000 stroke5
movl 0 -15.1776 389.0243 168.8833 -146.6708 4.3604 61.5862 100.0000 stroke5
movl 0 -19.7933 382.0486 166.8821 -148.9948 0.5595 61.1584 100.0000 stroke5
movl 0 -23.9847 380.4904 165.6308 -149.8063 -1.3131 62.1550 100.0000 stroke5
movl 0 -24.6744 382.0382 164.7347 -149.8877 -1.2597 63.1528 100.0000 stroke5
movl 0 -28.6033 384.7232 163.8273 -151.6409 -0.6804 63.8662 100.0000 stroke5
movl 0 -29.1821 387.8179 163.9584 -153.4672 1.4422 62.6209 100.0000 stroke5
movl 0 -28.9420 389.2209 164.2312 -154.1982 2.4599 61.4167 100.0000 stroke5
movl 0 -28.3779 390.5678 164.5761 -154.8766 4.0240 60.0995 100.0000 stroke5
movl 0 -27.9475 391.9196 165.2827 -155.9344 6.1067 58.3657 100.0000 stroke5
movl 0 -27.3339 394.2510 165.9897 -157.6076 9.2638 55.5081 100.0000 stroke5
movl 0 -27.3646 396.1686 166.5480 -159.4953 11.7223 52.9950 100.0000 stroke5
movl 0 -27.5407 398.2241 166.8041 -161.5126 13.8695 50.7574 100.0000 stroke5
movl 0 -28.4738 400.4599 166.8663 -164.0700 15.9848 48.5341 100.0000 stroke5
movl 0 -28.9739 400.5109 167.0045 -164.7617 16.4903 48.1017 100.0000 stroke5
movl 0 -26.7197 399.3574 167.5296 -163.5333 16.2177 48.1778 100.0000 stroke5
movl 0 -27.7974 399.0887 167.5602 -164.2161 16.4012 48.3377 100.0000 stroke5
movl 0 -27.5907 399.0852 167.5892 -164.3797 16.5498 48.2532 100.0000 stroke5
movl 0 -28.0745 398.1718 167.8583 -164.0805 15.9403 48.3576 100.0000 stroke5
movl 0 -27.8478 395.5619 168.3834 -162.5611 14.6008 48.9205 100.0000 stroke5
movl 0 -27.9321 394.1732 168.5954 -161.7047 13.6057 49.2625 100.0000 stroke5
movl 0 -24.4590 390.6935 169.3078 -158.1515 12.6158 49.3300 100.0000 stroke5
movl 0 -22.8435 383.9378 208.4712 -148.4362 3.8463 52.4559 100.0000 stroke5
movl 0 -10.3863 378.1018 235.0965 -141.7161 -9.1069 69.5514 100.0000 stroke6
movl 0 -16.1959 372.3109 179.2112 -147.2677 -6.8541 67.8418 100.0000 stroke6
movl 0 -23.3891 369.3333 171.5167 -149.9664 -8.3651 68.6733 100.0000 stroke6
movl 0 -31.6607 366.5841 168.9842 -152.8178 -11.2641 71.0593 100.0000 stroke6
movl 0 -31.3448 369.2691 167.7846 -153.0805 -10.7438 71.6881 100.0000 stroke6
movl 0 -32.2662 371.4068 166.7058 -153.5834 -10.2261 72.7061 100.0000 stroke6
movl 0 -34.9109 371.5629 166.7131 -155.7308 -10.1596 72.3610 100.0000 stroke6
movl 0 -35.8978 371.5011 166.9911 -156.3460 -10.3151 71.7299 100.0000 stroke6
movl 0 -34.2908 372.4584 167.2922 -156.8071 -9.9754 70.5176 100.0000 stroke6
movl 0 -30.8872 374.1105 167.6458 -157.3169 -9.2852 68.5302 100.0000 stroke6
movl 0 -26.7946 375.7716 167.9091 -157.7283 -8.6120 66.3727 100.0000 stroke6
movl 0 -22.2073 377.4951 168.1046 -158.1473 -7.9214 64.0734 100.0000 stroke6
movl 0 -17.1258 379.8285 167.9256 -158.4682 -6.8746 61.5230 100.0000 stroke6
movl 0 -13.6239 381.0101 167.8474 -158.4893 -6.2231 60.3114 100.0000 stroke6
movl 0 -9.5752 380.2550 168.4747 -156.7522 -5.6333 60.1360 100.0000 stroke6
movl 0 -5.8900 382.9548 167.8564 -156.2913 -4.1200 59.5251 100.0000 stroke6
movl 0 -1.1912 388.3428 166.4831 -156.2868 -0.8943 58.3512 100.0000 stroke6
movl 0 1.8985 392.3192 165.7945 -157.3017 2.2228 56.4180 100.0000 stroke6
movl 0 5.2055 396.2721 164.7457 -157.8118 4.8776 54.4825 100.0000 stroke6
movl 0 10.2730 402.4481 162.5218 -157.0658 8.9149 54.0821 100.0000 stroke6
movl 0 13.2563 406.0882 161.0576 -156.6462 11.7688 53.7568 100.0000 stroke6
movl 0 14.7408 407.4172 160.5279 -156.9384 13.5867 52.8084 100.0000 stroke6
movl 0 14.8781 408.2749 160.7220 -157.8621 15.2784 51.6883 100.0000 stroke6
movl 0 14.5466 409.1931 160.9539 -158.9148 16.8179 50.4641 100.0000 stroke6
movl 0 14.0722 410.4684 161.1082 -160.3999 18.5764 48.9387 100.0000 stroke6
movl 0 13.4334 411.6821 161.2020 -161.9143 20.1388 47.3688 100.0000 stroke6
movl 0 12.5103 413.0483 161.1694 -163.4219 21.4034 46.2548 100.0000 stroke6
movl 0 11.2896 414.1954 161.1295 -164.8306 22.4259 45.4369 100.0000 stroke6
movl 0 10.3816 415.1350 161.0354 -166.0065 23.2970 44.7727 100.0000 stroke6
movl 0 9.3680 416.3767 160.9488 -167.4532 24.2136 43.9247 100.0000 stroke6
movl 0 8.3221 417.0284 160.8279 -168.3093 24.7271 43.7599 100.0000 stroke6
movl 0 7.1754 416.9520 160.9151 -168.7334 24.9316 44.0340 100.0000 stroke6
movl 0 8.3808 416.1499 161.5503 -167.9647 24.5644 44.4873 100.0000 stroke6
movl 0 11.5575 412.6969 162.9146 -165.4321 23.0943 44.8584 100.0000 stroke6
movl 0 10.9837 412.7500 162.8273 -165.7043 23.0789 45.0968 100.0000 stroke6
movl 0 9.3222 413.6808 162.4379 -166.8750 23.6915 45.4947 100.0000 stroke6
movl 0 12.3576 410.6147 163.7936 -164.7230 22.6166 45.2364 100.0000 stroke6
movl 0 10.7042 411.6993 163.3887 -165.9419 23.2406 45.6790 100.0000 stroke6
movl 0 11.3370 410.2378 164.0834 -165.0861 22.5686 45.6034 100.0000 stroke6
movl 0 10.6916 409.7442 164.3081 -165.1034 22.3194 45.6925 100.0000 stroke6
movl 0 12.0272 407.8479 165.0444 -163.7733 21.2527 45.2908 100.0000 stroke6
movl 0 12.5056 406.4294 165.7265 -162.9888 20.3737 45.1491 100.0000 stroke6
movl 0 16.1021 400.4207 168.7928 -158.5663 18.8696 45.2983 100.0000 stroke6
movl 0 15.8288 398.7842 188.1440 -155.0758 18.7861 40.4333 100.0000 stroke6
movl 0 6.9007 403.7168 187.6873 -142.0486 -9.9192 74.7485 100.0000 stroke7
movl 0 -1.6953 398.7230 167.8216 -147.5010 -15.2875 79.0600 100.0000 stroke7
movl 0 -3.0533 399.2731 163.0298 -148.7972 -14.8869 78.9009 100.0000 stroke7
movl 0 -5.9335 401.0605 162.1202 -150.2364 -14.5477 78.5870 100.0000 stroke7
movl 0 -6.9069 403.3953 161.1875 -150.5405 -13.4351 78.1030 100.0000 stroke7
movl 0 -10.3785 406.5278 160.7033 -152.1571 -11.0117 76.6021 100.0000 stroke7
movl 0 -11.0018 408.5706 160.5241 -152.8300 -8.6498 74.0261 100.0000 stroke7
movl 0 -10.9005 410.4875 160.3473 -153.3992 -6.4276 71.5600 100.0000 stroke7
movl 0 -11.0524 411.6457 160.4487 -153.3592 -4.2800 69.9275 100.0000 stroke7
movl 0 -11.3688 412.6296 161.0519 -153.5067 -1.3962 66.6853 100.0000 stroke7
movl 0 -11.8526 413.0656 161.4032 -153.9748 -0.1792 65.1625 100.0000 stroke7
movl 0 -11.3092 413.7320 161.5400 -154.0597 1.4233 63.7444 100.0000 stroke7
movl 0 -11.0471 414.2540 161.9546 -154.4590 3.2227 62.0162 100.0000 stroke7
movl 0 -10.8169 415.0665 162.3994 -155.0975 5.1160 60.1956 100.0000 stroke7
movl 0 -10.5971 415.7176 162.7935 -155.6956 6.8040 58.6355 100.0000 stroke7
movl 0 -10.5209 416.5351 163.2685 -156.4799 8.5189 57.0713 100.0000 stroke7
movl 0 -10.4602 417.3331 163.7857 -157.2271 10.1425 55.4843 100.0000 stroke7
movl 0 -10.2209 417.8421 164.1376 -157.7453 11.4279 54.2378 100.0000 stroke7
movl 0 -10.2951 418.7406 164.5659 -158.8557 12.8581 52.7331 100.0000 stroke7
movl 0 -10.7159 419.5633 164.8106 -160.0267 14.0783 51.1659 100.0000 stroke7
movl 0 -10.9187 420.7571 165.1767 -161.5745 15.7556 49.1023 100.0000 stroke7
movl 0 -11.3929 421.7983 165.4509 -163.0452 16.9597 47.3987 100.0000 stroke7
movl 0 -11.8791 422.7624 165.5914 -164.4703 18.0098 45.6917 100.0000 stroke7
movl 0 -12.3115 423.8659 165.7731 -166.0777 19.1742 43.9304 100.0000 stroke7
movl 0 -12.9742 424.7059 166.0360 -167.6942 20.1069 42.2803 100.0000 stroke7
movl 0 -13.6488 425.6030 166.1518 -169.3126 20.9494 40.6045 100.0000 stroke7
movl 0 -14.6086 426.3769 166.2432 -170.9444 21.5305 39.1084 100.0000 stroke7
movl 0 -15.4087 427.0222 166.2388 -172.5063 22.0402 37.5892 100.0000 stroke7
movl 0 -16.1856 427.7019 166.1971 -173.8804 22.5060 36.3640 100.0000 stroke7
movl 0 -17.0590 427.9697 166.2409 -175.3780 22.9475 35.1365 100.0000 stroke7
movl 0 -18.2422 427.8813 166.2989 -176.6937 23.2210 34.3349 100.0000 stroke7
movl 0 -18.9407 427.2435 166.4719 -177.0647 23.2687 34.3358 100.0000 stroke7
movl 0 -15.6397 424.8888 167.7076 -174.4178 22.9065 35.8210 100.0000 stroke7
movl 0 -17.3119 424.0724 167.5962 -174.8128 22.7122 36.3586 100.0000 stroke7
movl 0 -15.9772 423.7164 167.8839 -174.2140 22.8252 36.6355 100.0000 stroke7
movl 0 -16.0469 422.9521 168.0768 -173.8457 22.5577 36.9441 100.0000 stroke7
movl 0 -15.6229 422.7424 168.0803 -173.6825 22.5291 37.2397 100.0000 stroke7
movl 0 -15.3916 422.0032 168.3631 -173.2764 22.3414 37.3969 100.0000 stroke7
movl 0 -16.2268 421.7205 168.1934 -173.5594 22.2216 37.4893 100.0000 stroke7
movl 0 -15.5547 420.8028 168.6362 -172.5296 21.8512 37.8405 100.0000 stroke7
movl 0 -15.8702 419.7076 169.0254 -171.6976 21.2862 38.3313 100.0000 stroke7
movl 0 -16.0624 418.1714 169.6962 -171.0030 20.6949 38.4762 100.0000 stroke7
movl 0 -12.8824 410.0313 175.6526 -165.4296 18.4683 40.0300 100.0000 stroke7
movl 0 -12.3920 394.7330 230.0051 -153.3954 11.9226 43.9128 100.0000 stroke7
movl 0 -14.9171 363.6283 236.5582 143.8394 4.3297 -115.4688 100.0000 stroke8
movl 0 -12.6596 364.2571 184.7647 148.3299 2.2150 -116.1432 100.0000 stroke8
movl 0 -21.4599 362.1101 174.0388 151.8620 4.0603 -115.5466 100.0000 stroke8
movl 0 -27.4184 362.4424 172.6287 153.7454 5.9353 -114.4126 100.0000 stroke8
movl 0 -28.9396 364.0136 171.1933 153.9195 5.8008 -112.8948 100.0000 stroke8
movl 0 -29.7846 365.5856 170.3841 154.3859 5.4137 -112.2174 100.0000 stroke8
movl 0 -31.1462 367.0893 170.2151 155.7312 5.1202 -112.7409 100.0000 stroke8
movl 0 -32.6037 367.6294 170.1887 156.8383 5.3396 -113.1941 100.0000 stroke8
movl 0 -33.4874 367.7888 170.2233 157.7297 5.2949 -113.5559 100.0000 stroke8
movl 0 -34.2730 367.6150 170.4060 158.2920 5.5029 -113.9386 100.0000 stroke8
movl 0 -35.1771 367.5880 170.5295 158.8648 5.7452 -114.3098 100.0000 stroke8
movl 0 -34.9317 368.0905 170.6097 159.3409 5.6701 -115.3429 100.0000 stroke8
movl 0 -33.1729 369.6364 170.6050 159.9148 5.3812 -117.3386 100.0000 stroke8
movl 0 -31.8347 371.2201 170.5607 160.7258 5.1238 -119.6696 100.0000 stroke8
movl 0 -30.6588 372.4061 170.4967 161.0953 4.8906 -121.0937 100.0000 stroke8
movl 0 -29.2732 370.6631 171.2065 160.1418 5.2208 -120.9076 100.0000 stroke8
movl 0 -28.2732 369.9618 171.5568 159.6552 5.4186 -121.0532 100.0000 stroke8
movl 0 -27.4929 369.1053 171.9030 159.1368 5.5874 -121.1242 100.0000 stroke8
movl 0 -27.4111 369.4537 171.9738 159.4867 5.1958 -121.2331 100.0000 stroke8
movl 0 -27.1247 370.5951 172.1124 160.4417 3.9161 -121.7976 100.0000 stroke8
movl 0 -26.4070 371.0623 171.8699 159.6806 3.0283 -121.0543 100.0000 stroke8
movl 0 -24.9987 370.3247 171.8272 158.2864 2.5072 -120.0338 100.0000 stroke8
movl 0 -23.5842 366.6815 176.9388 155.3921 2.3048 -118.5545 100.0000 stroke8
movl 0 -25.3639 355.1947 244.6169 145.9921 7.5502 -116.5560 100.0000 stroke8
movl 0 -10.9382 368.6372 185.5762 149.6176 -8.1086 -118.1234 100.0000 stroke9
movl 0 -13.6737 362.5593 176.0998 151.3192 -6.2995 -120.0794 100.0000 stroke9
movl 0 -22.5141 361.9431 173.7411 153.8797 -4.0052 -120.9513 100.0000 stroke9
movl 0 -27.2153 361.4733 172.2628 155.0502 -2.7528 -121.6528 100.0000 stroke9
movl 0 -28.7007 362.4460 171.1757 155.2244 -2.7077 -121.8319 100.0000 stroke9
movl 0 -31.7857 363.1831 170.4142 156.7182 -2.2427 -122.5334 100.0000 stroke9
movl 0 -33.8427 362.9082 170.7487 157.9747 -2.1969 -123.2824 100.0000 stroke9
movl 0 -35.8682 362.2461 170.9425 158.4627 -1.1965 -123.9746 100.0000 stroke9
movl 0 -35.8228 362.5174 170.9868 159.1349 -0.8222 -125.0612 100.0000 stroke9
movl 0 -34.8830 363.0179 171.1741 159.6767 -0.6992 -126.0287 100.0000 stroke9
movl 0 -33.6623 363.6095 171.3108 160.1408 -0.7783 -126.8212 100.0000 stroke9
movl 0 -31.8804 364.5096 171.5087 160.6509 -0.9492 -128.1434 100.0000 stroke9
movl 0 -30.3579 365.2354 171.6469 161.3241 -0.8960 -129.6860 100.0000 stroke9
movl 0 -28.4764 366.1229 171.7763 162.0055 -1.0032 -131.3074 100.0000 stroke9
movl 0 -26.5653 366.5181 171.8492 162.6078 -0.8270 -132.8787 100.0000 stroke9
movl 0 -26.8601 366.0474 171.8609 162.8200 -0.5911 -132.8663 100.0000 stroke9
movl 0 -26.1045 363.8467 173.0482 161.2757 -0.2533 -132.0001 100.0000 stroke9
movl 0 -24.9458 364.6239 172.7959 162.2118 -0.5007 -132.6844 100.0000 stroke9
movl 0 -25.0450 364.4178 172.7825 162.3216 -0.5972 -132.6105 100.0000 stroke9
movl 0 -25.1746 364.2974 172.7715 161.8298 -0.9144 -131.9441 100.0000 stroke9
movl 0 -25.0109 364.1233 172.8956 161.4269 -1.0799 -131.6789 100.0000 stroke9
movl 0 -25.2431 364.1385 172.9014 161.1819 -1.2807 -131.4033 100.0000 stroke9
movl 0 -24.8606 364.2399 172.8328 161.0116 -1.5274 -131.3034 100.0000 stroke9
movl 0 -24.7839 364.3835 172.8983 160.9287 -1.6689 -131.3080 100.0000 stroke9
movl 0 -24.7503 363.8468 173.6262 160.6442 -1.4397 -131.3209 100.0000 stroke9
movl 0 -22.3381 360.7943 205.6788 156.8826 0.5458 -130.4622 100.0000 stroke9
