movl 0 -25.9596 402.3521 201.7669 -174.2984 35.8079 -12.9508 100.0000 stroke1
movl 0 -24.5072 401.2650 189.9852 -175.1887 35.2863 -15.9486 100.0000 stroke1
movl 0 -28.0996 403.2134 180.1359 -176.1609 32.5373 -17.7837 100.0000 stroke1
movl 0 -33.3912 402.4202 175.6565 -173.6701 30.3633 -14.9809 100.0000 stroke1
movl 0 -32.0646 402.5899 175.4233 -173.8694 30.6590 -15.1345 100.0000 stroke1
movl 0 -31.7250 401.8865 175.8380 -172.8412 29.9285 -14.8225 100.0000 stroke1
movl 0 -31.5446 403.0619 174.3304 -170.1134 28.8680 -9.2639 100.0000 stroke1
movl 0 -29.7957 403.6707 173.9536 -166.4374 27.5749 -0.1930 100.0000 stroke1
movl 0 -29.5894 404.0630 173.8424 -165.5607 26.5134 2.7371 100.0000 stroke1
movl 0 -30.3428 404.3226 174.2612 -165.7716 25.9610 2.7772 100.0000 stroke1
movl 0 -31.6460 403.9517 174.1167 -165.8887 25.3879 2.4296 100.0000 stroke1
movl 0 -31.6910 405.0597 173.2116 -166.3091 25.1233 1.9470 100.0000 stroke1
movl 0 -32.9920 406.7231 171.8747 -167.3225 24.6858 1.3531 100.0000 stroke1
movl 0 -34.8258 409.1379 170.5731 -169.3318 23.8085 0.0693 100.0000 stroke1
movl 0 -35.5072 411.1134 169.4980 -171.1740 23.3089 -1.5360 100.0000 stroke1
movl 0 -35.6889 412.7570 168.9086 -172.6828 23.0128 -2.9430 100.0000 stroke1
movl 0 -35.8341 413.8737 168.6070 -173.8432 22.7838 -3.8807 100.0000 stroke1
movl 0 -34.0442 415.9775 167.9505 -175.3302 22.9253 -5.5350 100.0000 stroke1
movl 0 -31.1253 420.0692 166.2192 -177.7794 23.6266 -7.5912 100.0000 stroke1
movl 0 -28.2428 423.5149 164.5762 179.8074 24.4695 -9.6594 100.0000 stroke1
movl 0 -28.4063 424.3290 164.2075 178.2695 24.5329 -11.5635 100.0000 stroke1
movl 0 -29.3043 424.0482 164.4199 177.0641 24.3724 -13.5336 100.0000 stroke1
movl 0 -30.3033 423.3456 164.8952 176.4770 24.1608 -14.4848 100.0000 stroke1
movl 0 -31.2068 422.6427 165.4463 175.9411 24.0330 -15.2888 100.0000 stroke1
movl 0 -31.7330 422.4555 165.6740 175.2695 23.9196 -16.0401 100.0000 stroke1
movl 0 -32.4268 421.8849 166.1141 174.6449 23.8396 -16.6820 100.0000 stroke1
movl 0 -33.4503 421.4754 166.3763 173.9160 23.6587 -17.3294 100.0000 stroke1
movl 0 -34.1579 421.3044 166.4203 173.1180 23.5183 -17.9870 100.0000 stroke1
movl 0 -35.3311 420.7769 166.6459 172.3648 23.3448 -18.8643 100.0000 stroke1
movl 0 -36.5537 420.3138 166.7556 171.7707 23.1908 -19.1139 100.0000 stroke1
movl 0 -37.9510 419.5854 167.0321 171.2302 23.0929 -19.2444 100.0000 stroke1
movl 0 -39.5782 418.7703 167.2262 170.8726 23.0149 -19.0745 100.0000 stroke1
movl 0 -41.2058 417.6497 167.7072 170.5414 23.0096 -19.0203 100.0000 stroke1
movl 0 -42.5952 416.7852 168.0478 170.4271 23.0235 -18.8049 100.0000 stroke1
movl 0 -44.0366 416.1417 168.2140 170.2719 23.0109 -18.6534 100.0000 stroke1
movl 0 -45.4994 415.3298 168.5120 170.2493 23.0635 -18.4256 100.0000 stroke1
movl 0 -46.5715 414.6325 168.9990 170.5083 23.2539 -17.7013 100.0000 stroke1
movl 0 -47.5091 414.1875 169.2775 170.5662 23.3195 -17.4118 100.0000 stroke1
movl 0 -48.2684 413.7614 169.5782 170.5589 23.4146 -17.3312 100.0000 stroke1
movl 0 -49.3008 413.2496 169.9428 170.5512 23.5109 -17.2516 100.0000 stroke1
movl 0 -50.3272 412.9611 170.0900 170.5984 23.5447 -17.0228 100.0000 stroke1
movl 0 -51.2163 412.3846 170.4260 170.7931 23.6661 -16.7203 100.0000 stroke1
movl 0 -52.0732 411.8138 170.7644 170.9728 23.8676 -16.4889 100.0000 stroke1
movl 0 -52.4949 411.6156 171.0130 171.0049 23.9820 -16.5312 100.0000 stroke1
movl 0 -53.0522 410.5965 171.4693 171.5264 24.2152 -16.2822 100.0000 stroke1
movl 0 -52.8087 409.8945 172.0424 171.8131 24.3862 -16.4236 100.0000 stroke1
movl 0 -50.2102 405.9590 177.9000 173.5367 25.9061 -16.6959 100.0000 stroke1
movl 0 -48.8080 399.7068 186.7514 175.7862 27.2250 -17.9545 100.0000 stroke1
movl 0 -51.2999 391.5519 207.7072 176.2644 30.3793 -21.6226 100.0000 stroke1
movl 0 -24.8618 406.1451 215.1000 174.3472 32.0833 -23.0517 100.0000 stroke2
movl 0 -23.6386 399.0825 183.7106 172.7036 30.6991 -24.4164 100.0000 stroke2
movl 0 -25.7121 395.0879 170.9142 174.2012 30.7914 -24.2576 100.0000 stroke2
movl 0 -29.9086 393.7036 169.6215 176.1978 30.3407 -23.1918 100.0000 stroke2
movl 0 -29.1773 394.6668 168.0441 175.9352 30.3913 -23.9910 100.0000 stroke2
movl 0 -30.1384 396.7670 166.2204 174.5831 29.3456 -25.7194 100.0000 stroke2
movl 0 -31.6936 397.9338 165.8242 172.8139 27.2609 -28.4118 100.0000 stroke2
movl 0 -32.2580 399.1995 165.4422 170.6310 25.7930 -32.2839 100.0000 stroke2
movl 0 -32.0224 400.0098 165.8915 168.5422 24.2571 -36.1666 100.0000 stroke2
movl 0 -33.7411 399.4880 166.6365 167.3493 23.1377 -39.0319 100.0000 stroke2
movl 0 -34.1274 399.2046 167.1353 166.4624 22.2028 -40.7796 100.0000 stroke2
movl 0 -34.7931 398.7583 167.1265 165.6733 21.4971 -42.3239 100.0000 stroke2
movl 0 -36.1024 398.5022 167.3731 164.8465 20.5063 -43.9271 100.0000 stroke2
movl 0 -36.9427 398.3507 167.6570 163.9415 19.5509 -45.3580 100.0000 stroke2
movl 0 -37.4619 398.3474 167.8758 163.1568 18.5348 -46.6899 100.0000 stroke2
movl 0 -38.5032 398.6033 168.1601 162.3656 17.1386 -47.6456 100.0000 stroke2
movl 0 -39.6626 398.9307 168.3792 161.1879 15.5889 -49.6901 100.0000 stroke2
movl 0 -40.9924 398.8258 168.7065 160.8862 14.2774 -49.1391 100.0000 stroke2
movl 0 -42.3027 398.7591 168.7961 160.3547 12.9851 -49.5563 100.0000 stroke2
movl 0 -43.2196 398.7239 168.6904 159.8176 11.6999 -50.2307 100.0000 stroke2
movl 0 -44.2293 398.0651 168.7505 159.5451 10.9994 -49.8619 100.0000 stroke2
movl 0 -45.5342 397.6116 168.6307 159.3687 10.4157 -49.2707 100.0000 stroke2
movl 0 -46.9024 397.2822 168.5002 159.2587 9.9712 -48.3476 100.0000 stroke2
movl 0 -48.3926 395.9168 169.0703 159.5488 10.2493 -47.2622 100.0000 stroke2
movl 0 -46.9917 395.3886 169.9157 159.9291 10.9407 -47.3190 100.0000 stroke2
movl 0 -46.1007 395.1425 170.2703 160.1117 10.9450 -47.7292 100.0000 stroke2
movl 0 -46.4679 394.8321 170.4915 159.8725 10.4988 -47.7945 100.0000 stroke2
movl 0 -47.0296 393.4181 171.3068 159.9998 10.4661 -47.8532 100.0000 stroke2
movl 0 -45.6552 392.4383 172.4062 160.5323 11.5148 -48.3962 100.0000 stroke2
movl 0 -44.8662 392.3317 172.4220 160.5947 11.4782 -48.9897 100.0000 stroke2
movl 0 -46.1170 391.5512 172.5478 160.4768 10.7866 -49.1620 100.0000 stroke2
movl 0 -44.7847 391.4813 173.1040 160.3465 11.2330 -49.9208 100.0000 stroke2
movl 0 -45.5347 390.7360 173.2535 160.3448 10.8142 -49.9742 100.0000 stroke2
movl 0 -44.0453 390.6044 173.8587 160.4607 11.7574 -50.7869 100.0000 stroke2
movl 0 -44.4674 390.3243 173.8366 160.3924 11.3225 -50.9009 100.0000 stroke2
movl 0 -45.0186 390.2561 173.8515 160.5255 11.2000 -51.3703 100.0000 stroke2
movl 0 -44.3879 390.4662 173.5366 160.5405 11.2405 -52.2414 100.0000 stroke2
movl 0 -43.8925 389.6403 174.3174 160.4742 11.8638 -54.0169 100.0000 stroke2
movl 0 -39.3900 381.8904 182.6155 160.4397 15.2946 -60.6682 100.0000 stroke2
movl 0 -32.5555 374.7810 217.0233 160.3806 22.5086 -59.9668 100.0000 stroke2
movl 0 -20.2290 384.6186 231.5528 156.4247 32.1274 -72.5027 100.0000 stroke3
movl 0 -24.8045 381.3729 192.9040 153.0022 21.1734 -80.4757 100.0000 stroke3
movl 0 -26.4036 381.5884 179.4985 153.8427 14.1685 -86.5244 100.0000 stroke3
movl 0 -31.2908 381.5709 175.8874 156.0278 13.8131 -87.2716 100.0000 stroke3
movl 0 -30.3373 382.8025 174.4860 156.0185 14.7584 -84.9183 100.0000 stroke3
movl 0 -31.8178 383.1042 173.3587 157.1378 15.8597 -81.8965 100.0000 stroke3
movl 0 -35.4193 383.0523 172.3743 159.3418 15.6118 -80.8880 100.0000 stroke3
movl 0 -38.4034 382.2406 172.2096 161.1195 15.3310 -80.6008 100.0000 stroke3
movl 0 -40.1555 382.4752 172.1570 162.3286 14.5323 -80.5993 100.0000 stroke3
movl 0 -41.5797 382.2432 172.1736 163.1974 13.9177 -80.6690 100.0000 stroke3
movl 0 -43.5978 381.4572 172.3434 164.1529 14.4449 -80.5542 100.0000 stroke3
movl 0 -43.9596 381.4564 172.4476 164.6650 14.8252 -80.5412 100.0000 stroke3
movl 0 -42.9113 381.9436 172.6382 164.7940 14.8500 -80.8214 100.0000 stroke3
movl 0 -41.3836 382.5316 172.9880 164.9384 14.8535 -81.3678 100.0000 stroke3
movl 0 -39.5946 383.3925 173.1704 165.0569 14.7654 -82.1144 100.0000 stroke3
movl 0 -38.2844 383.9165 173.3348 165.2400 14.7406 -82.6497 100.0000 stroke3
movl 0 -36.8237 384.8267 173.4714 165.3420 14.5485 -83.5188 100.0000 stroke3
movl 0 -35.6448 385.6110 173.6673 165.7692 14.3327 -84.5994 100.0000 stroke3
movl 0 -35.7851 385.8849 173.9547 166.6637 14.2576 -85.7186 100.0000 stroke3
movl 0 -36.0630 386.0859 174.2466 167.6074 14.1812 -87.1846 100.0000 stroke3
movl 0 -35.8380 386.0690 174.2698 168.3350 14.3034 -88.4673 100.0000 stroke3
movl 0 -36.5426 386.0113 174.1237 169.4568 14.4314 -90.0252 100.0000 stroke3
movl 0 -37.4097 385.9095 173.8157 170.8985 14.7555 -91.7341 100.0000 stroke3
movl 0 -38.3159 385.0244 173.0692 171.7563 15.2650 -92.0455 100.0000 stroke3
movl 0 -35.6099 383.7957 174.2146 170.2209 15.8549 -91.7779 100.0000 stroke3
movl 0 -34.6816 383.1504 174.9660 169.6740 16.2232 -91.9709 100.0000 stroke3
movl 0 -34.3891 382.9066 175.6047 169.4582 16.5040 -92.1361 100.0000 stroke3
movl 0 -34.1885 382.6671 176.0912 169.3866 16.7303 -92.2444 100.0000 stroke3
movl 0 -33.8269 382.4393 176.4923 169.2904 16.9073 -92.3334 100.0000 stroke3
movl 0 -33.6937 382.5179 176.5881 169.3032 16.8000 -92.3067 100.0000 stroke3
movl 0 -34.1062 382.8089 176.7061 169.5486 15.9003 -92.5760 100.0000 stroke3
movl 0 -34.3471 383.4420 176.6490 169.7142 14.9965 -93.2597 100.0000 stroke3
movl 0 -34.2380 384.0882 176.5378 169.7987 14.3296 -93.7435 100.0000 stroke3
movl 0 -34.0948 384.2991 176.5139 169.8086 13.9686 -94.1311 100.0000 stroke3
movl 0 -33.3865 383.4378 177.0888 169.6266 14.0559 -94.2572 100.0000 stroke3
movl 0 -32.2376 383.0352 177.5872 169.3713 13.9083 -94.5660 100.0000 stroke3
movl 0 -31.8411 382.7758 177.5063 168.6228 13.9979 -93.9296 100.0000 stroke3
movl 0 -32.1546 382.2021 177.5458 167.7272 14.6132 -92.7233 100.0000 stroke3
movl 0 -32.4984 382.0207 177.4019 167.0992 14.6997 -92.1265 100.0000 stroke3
movl 0 -33.6628 381.9491 177.0720 166.8607 14.7719 -91.6830 100.0000 stroke3
movl 0 -34.0888 382.0215 177.6559 166.1589 14.8179 -91.1092 100.0000 stroke3
movl 0 -30.0796 382.0803 179.7506 164.2098 15.3071 -90.4232 100.0000 stroke3
movl 0 -19.0190 384.6290 184.7322 159.8030 16.4027 -87.5206 100.0000 stroke3
movl 0 -11.6431 387.9230 193.2750 156.2162 17.5559 -83.3403 100.0000 stroke3
movl 0 -13.0429 386.8918 223.7737 157.0503 22.7961 -75.5564 100.0000 stroke3
movl 0 7.3572 412.5291 205.5544 176.5372 42.3754 -31.9660 100.0000 stroke4
movl 0 9.5953 415.9905 174.0639 176.6386 40.8028 -28.5227 100.0000 stroke4
movl 0 3.8308 416.8157 167.6369 -179.4844 37.1969 -22.9535 100.0000 stroke4
movl 0 3.3649 419.8379 162.4609 -174.9841 36.4467 -15.6313 100.0000 stroke4
movl 0 2.4795 421.2404 160.5375 -174.4911 36.3395 -13.7276 100.0000 stroke4
movl 0 -0.2678 423.0850 158.7180 -176.7453 35.3290 -15.9308 100.0000 stroke4
movl 0 -2.8846 424.1720 158.0139 -179.6128 32.8265 -20.7197 100.0000 stroke4
movl 0 -5.0090 424.6398 157.9906 176.9468 31.4366 -26.8091 100.0000 stroke4
movl 0 -5.2315 425.0711 158.7523 174.3440 29.6196 -31.7570 100.0000 stroke4
movl 0 -6.0332 425.8942 158.5622 171.3062 28.4207 -37.6571 100.0000 stroke4
movl 0 -8.2620 425.6715 158.8911 168.6062 26.8730 -42.3310 100.0000 stroke4
movl 0 -9.7159 425.0797 159.2631 167.2830 25.8855 -45.4653 100.0000 stroke4
movl 0 -10.2250 425.0694 159.4145 165.6045 24.5817 -49.2167 100.0000 stroke4
movl 0 -10.2164 425.2633 159.7959 164.2111 23.5527 -52.0663 100.0000 stroke4
movl 0 -10.0283 425.4629 160.2914 162.5276 22.1718 -54.8917 100.0000 stroke4
movl 0 -9.9365 425.4560 160.8657 161.3446 20.8422 -57.0090 100.0000 stroke4
movl 0 -9.9810 425.4071 161.1989 160.4623 19.6915 -58.6961 100.0000 stroke4
movl 0 -10.1414 425.3756 161.7345 159.3682 18.2575 -61.1025 100.0000 stroke4
movl 0 -10.2388 425.5684 162.1845 158.5905 16.7190 -62.5299 100.0000 stroke4
movl 0 -10.6713 425.6672 162.6611 157.9047 15.5143 -64.6681 100.0000 stroke4
movl 0 -10.6531 425.8036 162.8721 157.4033 14.4557 -66.0727 100.0000 stroke4
movl 0 -10.7476 425.8930 163.1968 157.0330 13.4380 -67.1315 100.0000 stroke4
movl 0 -10.9297 426.1170 163.5389 156.5219 12.1338 -68.6261 100.0000 stroke4
movl 0 -10.7237 426.5306 163.8924 155.9028 10.2438 -70.8728 100.0000 stroke4
movl 0 -10.9572 426.7513 164.4934 155.6225 8.5811 -72.4269 100.0000 stroke4
movl 0 -11.1085 426.8821 164.8589 155.4277 7.2895 -73.6519 100.0000 stroke4
movl 0 -10.6353 427.2777 165.0139 155.1190 5.9442 -74.1824 100.0000 stroke4
movl 0 -10.2949 427.6473 165.2971 154.6966 4.2100 -75.5175 100.0000 stroke4
movl 0 -10.3884 428.1373 165.5790 154.5454 2.6732 -76.7145 100.0000 stroke4
movl 0 -10.4383 428.5240 166.2251 154.3928 0.7536 -78.3162 100.0000 stroke4
movl 0 -10.7639 429.0220 166.7905 154.5603 -1.6766 -80.6021 100.0000 stroke4
movl 0 -11.1615 429.3652 167.1243 154.8484 -3.3427 -81.9970 100.0000 stroke4
movl 0 -11.4712 429.6557 167.4259 155.2316 -4.8606 -83.2766 100.0000 stroke4
movl 0 -11.8138 430.1384 167.5303 155.5227 -6.4728 -84.4309 100.0000 stroke4
movl 0 -12.0428 430.4262 167.6394 155.8329 -7.6347 -85.3036 100.0000 stroke4
movl 0 -12.2697 430.8077 167.6407 156.1502 -8.6788 -86.0024 100.0000 stroke4
movl 0 -13.0382 431.3450 167.7504 156.8075 -10.0488 -86.5950 100.0000 stroke4
movl 0 -14.1714 431.9887 167.7792 157.7880 -11.4604 -87.2047 100.0000 stroke4
movl 0 -15.3056 432.6158 167.8842 158.9072 -12.9771 -88.0559 100.0000 stroke4
movl 0 -16.4217 433.0885 168.0053 159.9900 -14.4319 -89.2660 100.0000 stroke4
movl 0 -17.7105 433.4785 167.9453 161.0308 -15.6295 -90.3245 100.0000 stroke4
movl 0 -18.1618 433.3998 167.9237 161.4980 -15.9966 -90.9644 100.0000 stroke4
movl 0 -19.0252 433.7039 167.7805 162.1989 -16.7410 -91.3097 100.0000 stroke4
movl 0 -20.5996 433.6014 168.0401 163.7433 -17.7557 -92.6139 100.0000 stroke4
movl 0 -21.9393 433.0793 168.4764 165.0439 -18.1652 -94.0520 100.0000 stroke4
movl 0 -22.5812 433.1551 168.5494 165.8795 -18.8484 -94.8783 100.0000 stroke4
movl 0 -23.3090 433.2777 168.5275 166.8764 -19.5925 -95.7033 100.0000 stroke4
movl 0 -24.3542 433.3869 168.4387 168.3016 -20.3428 -96.9869 100.0000 stroke4
movl 0 -25.1612 433.5099 168.4193 169.4541 -20.9526 -98.3093 100.0000 stroke4
movl 0 -25.8588 433.7372 168.3073 170.5674 -21.6150 -99.2218 100.0000 stroke4
movl 0 -27.1246 434.3445 167.8730 172.3397 -22.4061 -100.8338 100.0000 stroke4
movl 0 -28.1370 434.5987 167.5288 173.5662 -22.6801 -102.1124 100.0000 stroke4
movl 0 -29.1254 434.5248 167.6379 174.8897 -22.8523 -102.9352 100.0000 stroke4
movl 0 -30.7459 434.4572 167.4463 176.6346 -23.1395 -104.2898 100.0000 stroke4
movl 0 -31.4907 434.6329 167.2674 177.8476 -23.5814 -104.9059 100.0000 stroke4
movl 0 -31.5746 434.1579 167.7290 178.2749 -23.5275 -105.6848 100.0000 stroke4
movl 0 -29.9809 433.3128 168.7152 177.5673 -23.2592 -105.7409 100.0000 stroke4
movl 0 -30.3209 433.1615 168.7974 178.1811 -23.6458 -105.8783 100.0000 stroke4
movl 0 -30.0180 432.4145 169.4177 178.1572 -23.5510 -106.1395 100.0000 stroke4
movl 0 -28.6026 431.4468 170.5052 177.7829 -23.1688 -106.4827 100.0000 stroke4
movl 0 -28.8225 431.1439 170.3752 177.8098 -23.2955 -106.3241 100.0000 stroke4
movl 0 -26.7425 430.7474 171.1404 177.0656 -23.0395 -106.5708 100.0000 stroke4
movl 0 -27.6402 430.6034 170.6761 177.3121 -23.2405 -106.3042 100.0000 stroke4
movl 0 -27.2668 430.5161 170.6972 176.9713 -23.3543 -105.9431 100.0000 stroke4
movl 0 -27.7248 430.4027 170.2902 177.3203 -23.4858 -106.0646 100.0000 stroke4
movl 0 -27.9495 430.4021 169.7553 177.4548 -23.5164 -105.9918 100.0000 stroke4
movl 0 -25.3699 428.4667 171.7199 175.9262 -22.4106 -106.0962 100.0000 stroke4
movl 0 -19.1178 424.4317 176.0748 172.1230 -20.1469 -106.0124 100.0000 stroke4
movl 0 -17.7245 422.2836 177.5236 170.7084 -19.1135 -105.8070 100.0000 stroke4
movl 0 -16.2538 420.3263 178.7539 170.0503 -18.3138 -106.6182 100.0000 stroke4
movl 0 -19.4105 421.7619 176.6939 172.3901 -19.1929 -107.6109 100.0000 stroke4
movl 0 -23.1620 422.0384 175.0082 174.4894 -19.6912 -108.0222 100.0000 stroke4
movl 0 -24.4675 421.4327 174.5800 175.0337 -19.4145 -108.5744 100.0000 stroke4
movl 0 -23.4554 420.0050 175.6192 174.7659 -17.6262 -111.2520 100.0000 stroke4
movl 0 -21.7486 420.5368 175.2453 174.9790 -17.0907 -113.0093 100.0000 stroke4
movl 0 -25.5623 417.6768 176.5668 175.3890 -17.0145 -111.5218 100.0000 stroke4
movl 0 -23.5520 418.0160 176.9376 175.1291 -16.1737 -113.7833 100.0000 stroke4
movl 0 -20.1714 418.4622 177.2072 174.9132 -15.7962 -115.6198 100.0000 stroke4
movl 0 -23.9138 415.4311 178.4203 175.0243 -15.3983 -113.8853 100.0000 stroke4
movl 0 -23.4585 415.1967 178.4867 174.8540 -14.7310 -114.6131 100.0000 stroke4
movl 0 -19.8472 416.8673 178.2491 174.6320 -14.4986 -116.5834 100.0000 stroke4
movl 0 -20.0715 415.7618 178.9058 174.4414 -14.3112 -116.4091 100.0000 stroke4
movl 0 -19.8420 416.3853 178.8815 174.4315 -14.2219 -116.7089 100.0000 stroke4
movl 0 -17.9811 417.0156 179.0394 174.2272 -14.2475 -117.1135 100.0000 stroke4
movl 0 -17.3452 417.3573 179.3222 174.0631 -14.1504 -117.2764 100.0000 stroke4
movl 0 -16.2935 417.0436 179.9954 173.7717 -13.9749 -117.3898 100.0000 stroke4
movl 0 -15.1722 416.9493 180.7702 173.4466 -13.8500 -117.5656 100.0000 stroke4
movl 0 -13.6244 417.3747 181.5009 173.1089 -13.8154 -117.6256 100.0000 stroke4
movl 0 -12.6910 416.8356 182.2917 172.6633 -13.5836 -117.5387 100.0000 stroke4
movl 0 -11.4115 415.7742 183.7762 171.8254 -13.1999 -117.2487 100.0000 stroke4
movl 0 -9.5651 413.8104 185.4284 170.5039 -12.6617 -116.3432 100.0000 stroke4
movl 0 -7.4650 409.2786 188.7581 168.2073 -11.6033 -114.8621 100.0000 stroke4
movl 0 -5.3713 402.3320 195.5603 163.1507 -8.2242 -108.8736 100.0000 stroke4
movl 0 -8.9412 389.2658 217.6334 158.5378 2.2795 -101.5707 100.0000 stroke4
movl 0 -22.5688 384.6344 212.2868 159.7690 17.2776 -85.3312 100.0000 stroke5
movl 0 -20.9963 384.9136 194.2864 160.8786 13.8552 -87.1660 100.0000 stroke5
movl 0 -25.1286 382.4255 191.0192 162.8380 12.5922 -89.2941 100.0000 stroke5
movl 0 -27.2749 383.1929 186.9706 164.5299 12.7942 -89.6400 100.0000 stroke5
movl 0 -26.4646 385.0991 185.2647 164.5349 12.5526 -90.1771 100.0000 stroke5
movl 0 -27.3389 386.4961 183.8095 164.6957 12.1115 -90.9562 100.0000 stroke5
movl 0 -28.4481 389.4397 181.9976 165.3257 10.4597 -92.5711 100.0000 stroke5
movl 0 -30.0505 392.0598 180.8556 166.3161 7.9869 -95.4113 100.0000 stroke5
movl 0 -31.3017 394.3580 180.0283 167.1775 5.3227 -98.0926 100.0000 stroke5
movl 0 -31.3105 396.1731 179.3650 167.7005 3.5206 -100.5863 100.0000 stroke5
movl 0 -29.3617 398.9039 178.5708 167.2739 2.1315 -101.7375 100.0000 stroke5
movl 0 -26.7742 401.5333 177.7068 166.2171 0.6974 -101.5089 100.0000 stroke5
movl 0 -27.5193 400.8401 177.7117 166.1658 0.6153 -101.3039 100.0000 stroke5
movl 0 -29.0222 399.6958 178.0179 166.1669 0.5186 -101.0971 100.0000 stroke5
movl 0 -30.2174 399.0798 178.1418 166.2158 0.1798 -100.8630 100.0000 stroke5
movl 0 -31.8456 397.9093 178.4666 166.2479 -0.0172 -100.4248 100.0000 stroke5
movl 0 -34.0318 396.5053 178.7010 166.3204 -0.2819 -99.8162 100.0000 stroke5
movl 0 -36.0338 395.0923 179.0217 166.3189 -0.4266 -99.1765 100.0000 stroke5
movl 0 -38.3835 393.6344 179.2479 166.4514 -0.5295 -98.5871 100.0000 stroke5
movl 0 -40.0464 392.3187 179.6844 166.4174 -0.4935 -98.0379 100.0000 stroke5
movl 0 -41.6106 391.1990 179.9816 166.4447 -0.4475 -97.6396 100.0000 stroke5
movl 0 -43.2108 389.9984 180.3437 166.4439 -0.4132 -97.1562 100.0000 stroke5
movl 0 -44.9566 388.9905 180.6028 166.3905 -0.4224 -96.6125 100.0000 stroke5
movl 0 -47.3625 387.7157 180.6937 166.5029 -0.2928 -96.0197 100.0000 stroke5
movl 0 -49.2979 386.5433 181.0370 166.4423 -0.1239 -95.4565 100.0000 stroke5
movl 0 -50.9979 385.4838 181.4789 166.3862 0.0814 -95.0629 100.0000 stroke5
movl 0 -51.4948 385.4196 182.0009 166.1712 0.0941 -94.9720 100.0000 stroke5
movl 0 -52.4394 384.8790 182.1645 166.1966 0.2535 -94.7382 100.0000 stroke5
movl 0 -53.1580 384.4537 182.5645 166.1405 0.4120 -94.6181 100.0000 stroke5
movl 0 -54.0181 383.9367 183.0624 166.0543 0.4881 -94.4830 100.0000 stroke5
movl 0 -54.3681 383.7798 183.5412 165.9422 0.5834 -94.4682 100.0000 stroke5
movl 0 -54.2289 383.5658 184.2152 165.7474 0.7153 -94.6378 100.0000 stroke5
movl 0 -52.8738 382.5256 186.9269 164.7520 0.8415 -96.5779 100.0000 stroke5
movl 0 -51.6695 379.6899 193.6840 162.5488 0.7473 -101.0943 100.0000 stroke5
movl 0 -51.6698 380.9452 208.5174 159.9528 0.2876 -104.5231 100.0000 stroke5
movl 0 -56.7321 384.7662 238.2495 157.4161 1.8120 -104.2838 100.0000 stroke5
movl 0 -19.3919 443.6712 230.8244 158.4808 -8.5210 -121.1010 100.0000 stroke6
movl 0 -17.3836 441.0984 206.5891 160.7426 -10.8642 -122.3203 100.0000 stroke6
movl 0 -17.4167 440.0907 193.5045 161.4112 -11.5917 -122.9626 100.0000 stroke6
movl 0 -19.4754 438.3097 187.8726 162.0959 -10.9310 -122.8462 100.0000 stroke6
movl 0 -20.1769 438.8111 184.0878 162.5630 -11.1121 -123.5687 100.0000 stroke6
movl 0 -21.6359 438.7965 182.4429 162.4990 -10.4847 -123.4880 100.0000 stroke6
movl 0 -24.3820 438.0577 182.2462 163.4950 -9.5568 -124.0959 100.0000 stroke6
movl 0 -26.9803 437.3594 181.8113 164.6586 -8.7187 -124.7903 100.0000 stroke6
movl 0 -29.7956 436.9297 181.2554 166.1435 -8.0056 -126.5734 100.0000 stroke6
movl 0 -33.8917 434.8893 181.2531 167.4592 -6.6501 -127.7854 100.0000 stroke6
movl 0 -38.1447 433.1480 180.9890 168.7666 -5.2400 -128.8002 100.0000 stroke6
movl 0 -41.6947 432.1503 180.5261 170.0007 -4.1884 -130.3379 100.0000 stroke6
movl 0 -45.2000 431.5816 180.2761 171.3822 -3.5872 -133.8254 100.0000 stroke6
movl 0 -48.6757 430.9216 180.1439 172.6534 -2.6898 -137.0259 100.0000 stroke6
movl 0 -50.7721 431.5323 179.3367 173.9541 -2.1587 -139.4235 100.0000 stroke6
movl 0 -51.6223 432.5627 178.6188 175.0020 -1.9804 -141.5005 100.0000 stroke6
movl 0 -51.5713 432.3386 178.9325 174.8997 -2.1174 -141.6335 100.0000 stroke6
movl 0 -49.3950 434.0965 179.5256 174.6072 -2.8205 -142.2297 100.0000 stroke6
movl 0 -47.9755 436.4707 179.0582 174.8523 -3.3767 -142.4134 100.0000 stroke6
movl 0 -47.1895 437.9983 178.8233 175.2878 -3.9430 -142.0851 100.0000 stroke6
movl 0 -47.0084 437.6159 179.0282 176.3472 -4.7548 -141.3682 100.0000 stroke6
movl 0 -45.4823 437.2739 180.6894 174.9535 -4.3028 -141.1042 100.0000 stroke6
movl 0 -45.2370 438.1425 180.4617 174.8202 -4.0849 -141.5488 100.0000 stroke6
movl 0 -44.9154 438.5633 179.2832 175.6493 -4.4934 -141.6771 100.0000 stroke6
movl 0 -45.7264 437.5908 178.7846 176.3415 -4.8046 -141.3182 100.0000 stroke6
movl 0 -44.9708 437.4868 180.0384 175.3013 -4.3465 -141.0417 100.0000 stroke6
movl 0 -44.8162 438.3819 179.2434 175.5499 -4.3103 -141.1408 100.0000 stroke6
movl 0 -45.2267 437.6418 178.2248 176.6891 -4.8520 -140.7152 100.0000 stroke6
movl 0 -45.7542 436.4693 178.6744 176.4723 -4.5414 -140.3061 100.0000 stroke6
movl 0 -44.4948 436.7735 180.1282 175.1746 -3.9658 -140.2451 100.0000 stroke6
movl 0 -44.6958 436.5279 179.5318 175.7789 -4.3214 -140.2203 100.0000 stroke6
movl 0 -45.6156 433.9236 179.9533 176.1554 -4.3563 -139.5545 100.0000 stroke6
movl 0 -45.1007 432.9844 181.6765 174.8188 -3.5089 -139.1534 100.0000 stroke6
movl 0 -44.9381 433.1574 181.0554 175.3974 -3.7582 -139.1822 100.0000 stroke6
movl 0 -45.4440 431.3741 182.0375 175.5366 -3.6966 -138.8536 100.0000 stroke6
movl 0 -44.9064 430.9872 182.8619 174.4648 -3.1118 -138.6982 100.0000 stroke6
movl 0 -45.1726 430.6845 182.2680 175.2550 -3.4023 -138.8558 100.0000 stroke6
movl 0 -45.9311 427.8659 183.5425 174.8973 -3.0915 -138.3077 100.0000 stroke6
movl 0 -44.7159 426.3222 185.3929 173.2371 -2.4248 -137.8526 100.0000 stroke6
movl 0 -44.0936 426.1599 185.0744 173.1054 -2.2764 -137.7089 100.0000 stroke6
movl 0 -45.5971 426.2990 184.5376 174.3705 -2.7995 -137.5639 100.0000 stroke6
movl 0 -44.7419 425.2933 185.5180 173.3102 -2.3106 -137.3975 100.0000 stroke6
movl 0 -44.8273 425.3851 185.1911 173.5536 -2.2960 -137.4689 100.0000 stroke6
movl 0 -45.4781 425.1917 184.8636 174.2485 -2.6696 -137.4479 100.0000 stroke6
movl 0 -45.5943 424.3089 184.9517 174.0088 -2.5938 -137.2585 100.0000 stroke6
movl 0 -45.6995 423.9044 185.1003 173.5324 -2.4022 -136.7305 100.0000 stroke6
movl 0 -45.4854 423.5750 185.7182 172.6083 -2.1171 -135.6958 100.0000 stroke6
movl 0 -45.4445 423.8120 186.0909 172.2003 -2.0002 -135.2965 100.0000 stroke6
movl 0 -45.5503 423.8053 186.4833 171.9033 -1.9985 -134.9847 100.0000 stroke6
movl 0 -46.1736 423.9441 187.0257 171.7662 -2.0273 -134.9150 100.0000 stroke6
movl 0 -46.3818 424.0305 187.0718 171.8813 -2.0597 -134.9406 100.0000 stroke6
movl 0 -45.7444 423.3351 187.8790 171.6728 -2.0137 -134.9080 100.0000 stroke6
movl 0 -41.0460 413.8739 202.3042 168.3153 -0.6037 -133.6320 100.0000 stroke6
