movl 0 -1.7100 392.4188 141.8524 130.2840 9.0224 -110.5477 100.0000 stroke1
movl 0 -4.8085 390.7295 143.0417 130.6324 13.5184 -111.0943 100.0000 stroke1
movl 0 -15.1030 383.1074 152.7076 137.3247 30.7785 -99.5060 100.0000 stroke1
movl 0 -22.4106 384.7106 162.6069 140.1772 25.2046 -101.2891 100.0000 stroke1
movl 0 -17.7613 397.8840 166.9954 141.5916 9.1026 -105.1570 100.0000 stroke1
movl 0 -23.1506 398.5274 169.0597 146.6020 2.2393 -109.2338 100.0000 stroke1
movl 0 -31.0408 392.8030 171.0185 149.6756 4.1016 -109.8853 100.0000 stroke1
movl 0 -34.0030 392.6432 170.1639 150.9503 4.5942 -109.3821 100.0000 stroke1
movl 0 -38.1852 390.8181 168.7534 151.3963 6.5456 -106.8324 100.0000 stroke1
movl 0 -39.4335 391.3442 166.8945 151.3966 8.5965 -104.2994 100.0000 stroke1
movl 0 -40.7247 391.3342 166.2456 151.7275 10.1414 -102.7848 100.0000 stroke1
movl 0 -41.2886 392.5885 165.7067 152.4703 10.3254 -102.3158 100.0000 stroke1
movl 0 -42.2539 393.3623 165.4117 153.3006 10.2203 -102.1163 100.0000 stroke1
movl 0 -44.3293 393.0617 165.6427 154.6424 10.4189 -102.2480 100.0000 stroke1
movl 0 -45.7664 392.5853 165.8018 155.4252 10.7405 -102.4629 100.0000 stroke1
movl 0 -45.4094 392.9784 165.8192 155.8215 10.7891 -103.2960 100.0000 stroke1
movl 0 -44.5035 393.7562 165.7843 156.3717 10.7348 -104.8908 100.0000 stroke1
movl 0 -43.3410 394.5169 165.7015 156.6592 10.6525 -106.2996 100.0000 stroke1
movl 0 -41.8084 392.7419 165.9956 155.5507 11.3331 -106.4213 100.0000 stroke1
movl 0 -42.4759 394.0293 165.9479 156.1929 10.4208 -106.3433 100.0000 stroke1
movl 0 -41.9436 394.4088 166.0965 155.8810 9.8003 -105.8745 100.0000 stroke1
movl 0 -34.2788 382.8852 181.0564 148.6294 15.0291 -101.6180 100.0000 stroke1
movl 0 -27.2189 384.4915 236.1976 141.1532 9.5096 -100.1216 100.0000 stroke2
movl 0 -28.7325 388.1070 180.5087 146.2064 6.4361 -105.1517 100.0000 stroke2
movl 0 -35.1535 390.1529 173.9006 149.7240 5.2735 -106.1876 100.0000 stroke2
movl 0 -42.9713 391.1699 171.9235 152.2948 4.4873 -105.4320 100.0000 stroke2
movl 0 -44.7949 393.5692 170.1427 152.1122 2.8528 -104.9894 100.0000 stroke2
movl 0 -47.5515 396.9809 168.1631 152.5192 1.1010 -104.4656 100.0000 stroke2
movl 0 -49.1469 397.9113 166.8600 153.5231 0.8998 -104.8684 100.0000 stroke2
movl 0 -51.7858 398.4911 167.0009 155.3336 0.6781 -105.9631 100.0000 stroke2
movl 0 -53.2214 397.3698 167.6128 156.0863 1.0255 -106.9239 100.0000 stroke2
movl 0 -52.3345 398.1635 167.6911 156.5274 0.8171 -108.2315 100.0000 stroke2
movl 0 -50.0160 398.9832 167.9636 156.9793 0.6310 -110.1296 100.0000 stroke2
movl 0 -46.5457 400.4871 168.0014 157.3873 0.3013 -112.1098 100.0000 stroke2
movl 0 -43.1952 402.0425 167.9104 158.0054 0.0585 -114.5585 100.0000 stroke2
movl 0 -39.9842 402.9919 167.9171 158.6370 0.2161 -117.0709 100.0000 stroke2
movl 0 -38.8588 402.3877 168.1783 158.3432 0.3712 -117.4628 100.0000 stroke2
movl 0 -36.4374 400.4324 168.8052 157.0500 1.0276 -117.4835 100.0000 stroke2
movl 0 -37.0065 400.7235 168.8857 157.4420 0.8115 -117.1823 100.0000 stroke2
movl 0 -37.0045 401.8089 169.1944 158.4596 -0.0301 -116.8107 100.0000 stroke2
movl 0 -37.8249 401.5158 169.1853 157.4065 -0.3482 -113.6662 100.0000 stroke2
movl 0 -32.8214 389.0448 177.9563 149.4210 7.7923 -104.5414 100.0000 stroke2
movl 0 -28.1886 364.3243 236.2146 143.6801 26.0177 -95.1914 100.0000 stroke2
movl 0 -22.3524 372.9904 239.9537 140.9088 17.0106 -96.3652 100.0000 stroke3
movl 0 -26.7984 377.4054 177.4624 147.6854 11.3407 -99.7189 100.0000 stroke3
movl 0 -29.7794 375.1643 168.9301 151.4472 13.2457 -100.8987 100.0000 stroke3
movl 0 -33.2861 374.6830 166.5226 153.2895 13.9516 -101.1099 100.0000 stroke3
movl 0 -33.9273 376.0264 165.6599 153.1850 13.5470 -101.1856 100.0000 stroke3
movl 0 -37.8983 378.4546 164.2321 154.4618 12.7098 -101.9155 100.0000 stroke3
movl 0 -39.6836 380.1135 163.8722 155.9616 10.3595 -104.6645 100.0000 stroke3
movl 0 -40.8044 380.8004 164.4090 156.0094 7.8659 -106.0540 100.0000 stroke3
movl 0 -40.3242 382.6804 165.1262 156.1435 5.2897 -108.2254 100.0000 stroke3
movl 0 -40.4963 383.2394 165.7016 156.3331 3.4346 -109.8440 100.0000 stroke3
movl 0 -40.6042 383.7440 166.3628 156.7276 1.8064 -111.1098 100.0000 stroke3
movl 0 -40.7003 384.4922 166.9796 157.2912 -0.2127 -113.0292 100.0000 stroke3
movl 0 -41.0807 385.3575 167.8019 158.2192 -2.6693 -115.5263 100.0000 stroke3
movl 0 -41.5729 385.8564 168.5142 158.9261 -4.5536 -117.4237 100.0000 stroke3
movl 0 -42.0126 386.6007 169.0270 159.9531 -6.6664 -119.7718 100.0000 stroke3
movl 0 -42.7187 387.6886 169.4389 161.3887 -8.8932 -122.4967 100.0000 stroke3
movl 0 -43.7861 388.8750 169.8772 163.2869 -11.0698 -125.4011 100.0000 stroke3
movl 0 -45.6064 389.6223 170.1047 164.9704 -12.2126 -126.9721 100.0000 stroke3
movl 0 -46.0703 391.0453 170.1325 166.6512 -13.9020 -129.3394 100.0000 stroke3
movl 0 -47.2415 392.6613 170.0524 168.7992 -15.5233 -131.5567 100.0000 stroke3
movl 0 -48.9888 394.4573 169.7383 171.1882 -16.7600 -133.6608 100.0000 stroke3
movl 0 -50.7124 395.4721 169.5552 172.7375 -17.5271 -133.9695 100.0000 stroke3
movl 0 -52.2455 395.9933 169.4344 173.7908 -18.0510 -133.6299 100.0000 stroke3
movl 0 -53.3623 395.5894 169.6606 174.0918 -18.1411 -133.0049 100.0000 stroke3
movl 0 -49.8126 394.0683 170.7330 172.2537 -17.3487 -132.7244 100.0000 stroke3
movl 0 -48.9029 393.6780 170.9342 171.9258 -17.3870 -132.7168 100.0000 stroke3
movl 0 -50.1136 394.0000 170.8640 172.8045 -17.9141 -132.5580 100.0000 stroke3
movl 0 -47.5869 392.5473 171.8467 171.5411 -17.1767 -132.7068 100.0000 stroke3
movl 0 -47.5358 392.8499 171.7408 171.9055 -17.7266 -132.7173 100.0000 stroke3
movl 0 -48.6068 392.7119 171.7489 172.1501 -17.4028 -132.7179 100.0000 stroke3
movl 0 -40.2160 381.4931 176.2666 163.4616 -13.0047 -131.5759 100.0000 stroke3
movl 0 -29.4527 361.5678 212.6727 147.9399 0.5814 -127.5962 100.0000 stroke3
movl 0 -39.0642 388.3674 217.8060 148.1040 0.9330 -123.8500 100.0000 stroke4
movl 0 -44.4230 390.1088 183.2362 153.6260 -2.8992 -124.5433 100.0000 stroke4
movl 0 -45.1125 389.0798 173.4659 155.3343 -1.9166 -125.1938 100.0000 stroke4
movl 0 -43.5874 391.2409 172.2781 156.2978 -3.0501 -126.9482 100.0000 stroke4
movl 0 -43.4306 391.1167 173.0416 157.0071 -4.0479 -127.8480 100.0000 stroke4
movl 0 -44.0208 391.8446 172.8640 157.9518 -5.0264 -128.4490 100.0000 stroke4
movl 0 -46.2712 394.5052 172.1292 159.9449 -6.0042 -129.6260 100.0000 stroke4
movl 0 -46.7898 395.9152 171.9613 161.0316 -7.0696 -130.2865 100.0000 stroke4
movl 0 -47.8402 396.0683 171.9364 161.4440 -7.9875 -129.8796 100.0000 stroke4
movl 0 -49.8148 395.4113 172.1657 162.0760 -8.9011 -129.3859 100.0000 stroke4
movl 0 -52.5730 394.0019 172.6068 162.4948 -9.6017 -128.3659 100.0000 stroke4
movl 0 -55.1320 392.5316 172.9602 162.6753 -10.1824 -127.1874 100.0000 stroke4
movl 0 -57.6701 390.8729 173.3438 162.6149 -10.3646 -126.3347 100.0000 stroke4
movl 0 -59.6020 389.4894 173.8565 162.2949 -10.4950 -125.5470 100.0000 stroke4
movl 0 -60.4687 384.9202 179.1484 159.3441 -10.1889 -123.0985 100.0000 stroke4
movl 0 -75.1386 355.6559 227.3607 149.2441 -2.4256 -114.8639 100.0000 stroke4
movl 0 -23.5561 380.9436 247.2620 140.0562 9.5166 -105.5336 100.0000 stroke5
movl 0 -10.4336 399.4034 184.3801 147.5856 -6.8020 -117.2382 100.0000 stroke5
movl 0 -16.5290 395.3212 173.8848 153.0182 -9.0036 -125.4427 100.0000 stroke5
movl 0 -28.2570 392.3822 174.8940 156.9430 -7.2467 -128.2703 100.0000 stroke5
movl 0 -34.6618 390.3126 174.4658 157.5634 -6.6244 -128.5188 100.0000 stroke5
movl 0 -36.6084 390.2722 173.5869 157.8606 -6.4665 -128.2610 100.0000 stroke5
movl 0 -42.0113 389.7942 173.1215 159.8521 -5.4692 -129.0429 100.0000 stroke5
movl 0 -44.8920 391.0059 173.1346 162.5219 -5.0694 -131.6576 100.0000 stroke5
movl 0 -48.3037 391.6999 173.2512 164.8957 -4.6383 -134.1258 100.0000 stroke5
movl 0 -47.0374 390.3913 173.7154 164.0319 -4.5996 -134.2377 100.0000 stroke5
movl 0 -43.0290 389.7539 174.3697 162.8653 -4.7672 -134.5799 100.0000 stroke5
movl 0 -42.7732 390.4917 174.2421 163.0828 -5.3027 -133.8061 100.0000 stroke5
movl 0 -42.5612 391.0637 174.1324 163.2781 -5.8966 -131.5233 100.0000 stroke5
movl 0 -28.2690 383.0171 184.0633 151.9831 1.0103 -120.7167 100.0000 stroke5
movl 0 6.8524 394.2146 187.5724 147.5988 16.5523 -90.9552 100.0000 stroke6
movl 0 1.1726 392.3439 167.6176 150.9145 18.3656 -89.6963 100.0000 stroke6
movl 0 -11.5150 391.7080 167.2698 155.7988 18.3759 -87.5805 100.0000 stroke6
movl 0 -13.6663 391.1206 166.9892 156.6795 19.0574 -87.2730 100.0000 stroke6
movl 0 -16.6777 392.2854 165.3877 157.3179 19.1317 -87.1274 100.0000 stroke6
movl 0 -19.5609 395.9971 164.7223 158.0495 15.4149 -89.7667 100.0000 stroke6
movl 0 -19.0498 398.1119 164.5677 157.4547 12.4653 -93.6156 100.0000 stroke6
movl 0 -18.4262 398.8745 164.9014 156.7500 9.8983 -96.7230 100.0000 stroke6
movl 0 -17.7995 399.7973 165.6501 156.4616 7.1342 -99.5645 100.0000 stroke6
movl 0 -17.0803 401.2728 166.5867 156.2828 3.1284 -103.5320 100.0000 stroke6
movl 0 -16.9725 402.8598 167.4451 156.8879 -1.3723 -108.1309 100.0000 stroke6
movl 0 -17.3910 405.1386 167.9879 158.5186 -6.1595 -113.4740 100.0000 stroke6
movl 0 -18.3542 407.2066 168.1942 160.5265 -9.9006 -117.5455 100.0000 stroke6
movl 0 -19.3021 408.9947 168.2514 162.6818 -12.9572 -121.1360 100.0000 stroke6
movl 0 -21.2714 409.4946 168.3425 164.3552 -14.5975 -122.8036 100.0000 stroke6
movl 0 -18.5616 406.1227 169.3910 162.7738 -13.4279 -123.6656 100.0000 stroke6
movl 0 -19.4733 406.5116 169.1010 163.6534 -13.8968 -123.8335 100.0000 stroke6
movl 0 -18.8606 404.4542 169.9048 162.7273 -12.8579 -123.9009 100.0000 stroke6
movl 0 -12.6606 389.0914 185.1222 153.7156 -2.0296 -120.4730 100.0000 stroke6
movl 0 -8.9583 387.9071 193.6734 148.9100 12.8483 -106.4738 100.0000 stroke7
movl 0 -14.3119 388.2505 174.2701 152.0767 10.3621 -108.1268 100.0000 stroke7
movl 0 -23.0904 389.9059 171.0882 155.0728 10.4042 -108.1736 100.0000 stroke7
movl 0 -24.1689 391.2081 170.8460 155.6159 9.3400 -108.9891 100.0000 stroke7
movl 0 -25.4585 392.6224 170.1444 156.4134 9.0207 -108.7652 100.0000 stroke7
movl 0 -29.7657 393.0112 170.0619 158.8603 9.3648 -109.4519 100.0000 stroke7
movl 0 -31.4731 392.9890 170.0495 159.5136 9.5628 -109.8833 100.0000 stroke7
movl 0 -26.7248 394.9505 170.1883 159.3639 8.9240 -113.0293 100.0000 stroke7
movl 0 -19.0737 398.8705 169.9015 158.8862 7.5156 -117.1797 100.0000 stroke7
movl 0 -15.3551 400.8868 169.2982 158.0182 6.0326 -118.1082 100.0000 stroke7
movl 0 -8.6736 408.2451 167.2740 157.8298 0.7686 -120.4606 100.0000 stroke7
movl 0 -3.3176 413.0632 165.7847 157.7372 -2.4388 -122.0634 100.0000 stroke7
movl 0 -2.9113 414.5319 165.5966 157.9160 -4.5156 -122.3734 100.0000 stroke7
movl 0 -2.8266 415.6404 166.6931 158.9103 -6.5221 -123.8428 100.0000 stroke7
movl 0 -3.0852 417.0471 167.4383 160.4178 -8.9170 -125.8527 100.0000 stroke7
movl 0 -3.7355 418.8876 168.1031 162.4026 -11.4770 -128.2871 100.0000 stroke7
movl 0 -4.8736 421.8016 168.5113 165.3704 -14.3200 -131.6039 100.0000 stroke7
movl 0 -6.3725 424.8207 168.6012 168.6980 -16.7678 -135.0105 100.0000 stroke7
movl 0 -8.1402 427.6555 168.4031 172.1554 -18.6803 -138.2320 100.0000 stroke7
movl 0 -9.4048 430.2263 167.8189 175.0598 -20.0111 -140.9398 100.0000 stroke7
movl 0 -10.7822 431.9488 167.3052 177.2906 -20.7062 -143.0029 100.0000 stroke7
movl 0 -12.0243 433.2929 166.8962 179.2313 -21.2285 -144.5255 100.0000 stroke7
movl 0 -12.8660 433.7480 166.7076 -179.8311 -21.4447 -145.3049 100.0000 stroke7
movl 0 -13.9039 433.8576 166.6196 -179.0346 -21.6887 -145.6039 100.0000 stroke7
movl 0 -12.0849 432.0732 167.9887 179.6938 -21.2982 -144.9761 100.0000 stroke7
movl 0 -8.5766 429.4260 169.4183 178.1243 -20.8433 -145.4274 100.0000 stroke7
movl 0 -9.6800 429.6400 169.3887 178.9314 -20.9774 -145.8167 100.0000 stroke7
movl 0 -11.1470 429.2078 169.4715 179.5734 -21.0179 -145.8344 100.0000 stroke7
movl 0 -11.2148 429.0729 169.5091 179.7220 -21.0051 -146.0028 100.0000 stroke7
movl 0 -9.3622 425.8363 171.0957 176.9237 -20.3513 -144.6869 100.0000 stroke7
movl 0 4.6421 400.0901 196.2356 156.0373 -11.1683 -136.0466 100.0000 stroke7
movl 0 4.6320 388.2209 192.1207 149.2307 -6.9896 -128.2311 100.0000 stroke8
movl 0 -2.1264 389.8163 177.4263 152.3527 -7.8567 -128.0748 100.0000 stroke8
movl 0 -13.9685 389.5678 173.9558 155.0416 -4.8409 -127.1091 100.0000 stroke8
movl 0 -17.2065 388.8722 173.4569 155.3080 -3.1653 -127.2072 100.0000 stroke8
movl 0 -18.7148 390.2317 172.4264 155.6795 -2.6479 -126.5768 100.0000 stroke8
movl 0 -20.3192 391.6708 171.6703 156.5169 -2.7389 -126.2355 100.0000 stroke8
movl 0 -21.9283 392.6984 171.4761 157.7396 -2.6947 -127.2697 100.0000 stroke8
movl 0 -22.7622 392.7257 171.3779 158.1982 -2.3524 -127.8364 100.0000 stroke8
movl 0 -22.1248 393.1037 171.2209 158.4503 -2.3287 -128.7466 100.0000 stroke8
movl 0 -20.7081 393.9570 171.1911 158.7706 -2.4742 -130.3054 100.0000 stroke8
movl 0 -19.7443 394.6272 171.0805 158.9471 -2.6869 -131.1682 100.0000 stroke8
movl 0 -18.5776 393.4360 171.4305 158.1887 -2.6275 -131.1564 100.0000 stroke8
movl 0 -18.1261 393.1698 171.5491 157.9433 -2.6612 -131.2996 100.0000 stroke8
movl 0 -17.9042 393.1672 171.5458 157.9087 -2.7225 -131.3671 100.0000 stroke8
movl 0 -18.7561 394.4003 171.5188 158.9447 -3.4550 -131.7364 100.0000 stroke8
movl 0 -16.1187 385.4112 177.1761 153.8623 -3.9647 -127.8587 100.0000 stroke8
movl 0 -8.4680 357.3267 239.8898 141.9497 -1.7696 -125.8628 100.0000 stroke8
movl 0 -2.4332 378.0178 204.5991 150.4066 -13.5838 -136.2922 100.0000 stroke9
movl 0 -1.4499 387.2830 171.8938 155.6246 -15.0480 -143.1910 100.0000 stroke9
movl 0 -10.5428 385.1916 174.1755 157.7261 -12.9096 -144.1288 100.0000 stroke9
movl 0 -12.3189 385.7797 174.7604 159.8881 -13.6740 -145.2785 100.0000 stroke9
movl 0 -15.7870 386.9125 173.4692 160.4638 -13.3430 -144.7939 100.0000 stroke9
movl 0 -17.0574 388.7085 172.4824 160.9355 -13.2877 -144.6169 100.0000 stroke9
movl 0 -19.7313 388.5483 172.4750 161.7455 -12.1563 -145.6091 100.0000 stroke9
movl 0 -20.7216 388.8673 172.4192 162.4554 -11.7322 -146.2964 100.0000 stroke9
movl 0 -21.4599 388.4336 172.5577 162.5938 -11.1878 -147.0147 100.0000 stroke9
movl 0 -20.6316 388.7713 172.4894 162.8937 -10.9528 -148.1849 100.0000 stroke9
movl 0 -19.6395 389.5144 172.4134 163.3874 -10.7485 -149.7659 100.0000 stroke9
movl 0 -18.7749 389.9355 172.4039 163.6836 -10.6132 -151.0422 100.0000 stroke9
movl 0 -17.5038 388.0774 173.0132 162.6518 -10.8070 -150.6980 100.0000 stroke9
movl 0 -17.2013 388.2073 173.0771 162.6357 -10.8769 -150.8243 100.0000 stroke9
movl 0 -17.8946 389.3778 173.1024 164.0110 -11.1296 -151.3259 100.0000 stroke9
movl 0 -12.5522 383.9772 177.3611 159.6396 -13.3277 -148.2384 100.0000 stroke9
movl 0 -5.0776 356.2804 238.4623 143.8715 -10.2345 -141.8143 100.0000 stroke9
movl 0 -4.9969 366.6236 194.1802 153.6946 -15.9548 -146.1214 100.0000 stroke10
movl 0 -9.9632 372.2160 174.1766 158.9969 -15.6226 -149.3135 100.0000 stroke10
movl 0 -12.3968 374.2891 173.6204 160.2642 -16.5737 -149.2875 100.0000 stroke10
movl 0 -20.3456 373.1429 173.4801 161.2352 -15.7345 -148.4935 100.0000 stroke10
movl 0 -20.9736 374.3414 172.2059 161.5779 -15.9775 -148.5391 100.0000 stroke10
movl 0 -24.7991 374.8422 171.6188 162.5868 -14.6609 -149.2612 100.0000 stroke10
movl 0 -27.8137 375.3640 171.6171 164.1487 -13.4695 -150.9248 100.0000 stroke10
movl 0 -28.7248 375.5424 171.8815 164.8894 -13.0935 -151.9454 100.0000 stroke10
movl 0 -28.9517 375.3968 171.9868 165.0576 -12.5523 -153.1739 100.0000 stroke10
movl 0 -27.0709 376.0526 172.2492 165.6391 -12.1863 -155.8814 100.0000 stroke10
movl 0 -23.9468 377.5476 172.3590 166.3482 -12.2210 -158.8698 100.0000 stroke10
movl 0 -21.2001 378.5250 172.5722 166.8008 -11.8821 -161.4764 100.0000 stroke10
movl 0 -20.2227 379.1620 172.7979 167.1912 -11.0492 -163.6108 100.0000 stroke10
movl 0 -18.7743 376.6957 173.5926 165.8587 -11.4517 -162.8291 100.0000 stroke10
movl 0 -19.5159 377.3742 173.5946 166.6557 -11.1184 -162.9099 100.0000 stroke10
movl 0 -19.5229 375.7640 174.1298 165.9099 -11.1033 -161.3816 100.0000 stroke10
movl 0 -22.1250 356.7518 193.0144 153.6883 -8.2701 -149.2053 100.0000 stroke10
movl 0 -2.8899 359.7867 231.0597 153.6920 -18.9363 -152.7400 100.0000 stroke11
movl 0 -3.5709 361.3597 187.7897 158.7485 -18.4820 -155.2847 100.0000 stroke11
movl 0 -9.3606 362.1109 175.0527 160.2316 -16.1213 -154.3239 100.0000 stroke11
movl 0 -13.1931 362.4978 173.9037 160.1495 -14.8960 -153.4541 100.0000 stroke11
movl 0 -14.4778 364.0307 172.8759 160.7775 -14.7827 -153.3840 100.0000 stroke11
movl 0 -15.8921 365.8781 172.1128 161.4670 -14.5320 -153.5261 100.0000 stroke11
movl 0 -17.9557 367.4571 171.3507 162.4194 -13.9591 -153.9766 100.0000 stroke11
movl 0 -19.7267 369.7893 170.5083 164.2733 -13.7349 -154.8814 100.0000 stroke11
movl 0 -18.7002 371.5320 169.9766 165.1285 -14.2806 -155.7499 100.0000 stroke11
movl 0 -18.8772 371.7506 169.9074 165.7335 -14.8307 -155.5680 100.0000 stroke11
movl 0 -19.2315 371.4262 169.9988 166.3877 -15.5099 -155.0949 100.0000 stroke11
movl 0 -20.3158 371.2095 170.2893 167.2019 -16.1125 -154.3106 100.0000 stroke11
movl 0 -21.0981 370.5071 170.5812 167.5133 -16.6524 -153.1874 100.0000 stroke11
movl 0 -22.3581 369.4457 170.8788 167.3675 -16.8672 -151.8358 100.0000 stroke11
movl 0 -23.2901 368.9351 171.0099 167.2262 -16.9999 -150.8418 100.0000 stroke11
movl 0 -23.2175 368.5158 171.2137 166.9072 -17.2480 -150.3396 100.0000 stroke11
movl 0 -23.3232 368.3247 171.3259 166.7298 -17.3865 -149.9277 100.0000 stroke11
movl 0 -23.3243 368.5738 171.4477 166.6534 -17.5685 -149.4551 100.0000 stroke11
movl 0 -23.1885 368.3058 171.5547 166.4152 -17.6528 -149.1682 100.0000 stroke11
movl 0 -20.3499 366.2856 172.8402 164.0377 -18.4820 -147.1106 100.0000 stroke11
movl 0 -14.9632 346.3800 207.8018 147.8523 -13.7210 -134.0828 100.0000 stroke11
movl 0 21.6357 367.5559 223.1069 139.3671 -1.8279 -114.7588 100.0000 stroke12
movl 0 13.5006 364.7278 179.0692 146.5970 -2.9030 -119.6011 100.0000 stroke12
movl 0 8.5243 366.3802 172.6229 150.7754 -3.4356 -122.9849 100.0000 stroke12
movl 0 -1.5557 365.3808 173.0702 154.7120 -2.8849 -125.3973 100.0000 stroke12
movl 0 -5.6858 366.6167 172.2178 156.2237 -2.8950 -125.6305 100.0000 stroke12
movl 0 -6.7784 368.2979 171.6838 156.9407 -3.7982 -126.1114 100.0000 stroke12
movl 0 -7.9596 369.9468 171.0541 157.6332 -4.5255 -126.7505 100.0000 stroke12
movl 0 -8.8330 374.0316 170.3744 160.0909 -6.5804 -129.0701 100.0000 stroke12
movl 0 -9.1352 379.3580 169.7879 162.8543 -11.0349 -130.4311 100.0000 stroke12
movl 0 -9.4627 382.4984 169.6988 165.6902 -14.5882 -133.2941 100.0000 stroke12
movl 0 -9.1178 381.9853 170.1369 165.9279 -14.4825 -133.9100 100.0000 stroke12
movl 0 -10.2007 381.1057 170.9070 166.6227 -13.8681 -134.6821 100.0000 stroke12
movl 0 -12.2887 379.5029 171.7044 167.1734 -12.8480 -135.5998 100.0000 stroke12
movl 0 -13.3474 378.8393 172.3605 167.9015 -12.2444 -136.9707 100.0000 stroke12
movl 0 -12.6405 378.5800 172.8712 168.2278 -12.1168 -138.0797 100.0000 stroke12
movl 0 -12.2250 378.9436 173.2492 168.8770 -11.9633 -139.2086 100.0000 stroke12
movl 0 -12.0128 379.5584 173.7703 169.9507 -11.5616 -140.8476 100.0000 stroke12
movl 0 -12.7132 380.1864 174.4452 171.4762 -10.6091 -142.9782 100.0000 stroke12
movl 0 -13.4925 380.9201 175.2015 173.0717 -9.5318 -145.3897 100.0000 stroke12
movl 0 -14.9153 381.6046 175.6411 174.4007 -8.3590 -147.8046 100.0000 stroke12
movl 0 -17.0941 382.3705 176.0703 176.0189 -6.7079 -151.0598 100.0000 stroke12
movl 0 -19.0258 382.9228 176.4484 177.1792 -5.2669 -154.3178 100.0000 stroke12
movl 0 -20.6639 383.4642 176.6700 177.9983 -3.9313 -157.5637 100.0000 stroke12
movl 0 -22.4617 382.5237 177.1473 178.0302 -3.3349 -159.2001 100.0000 stroke12
movl 0 -21.0170 383.6113 177.2700 178.0930 -3.5075 -160.7254 100.0000 stroke12
movl 0 -20.2136 384.7653 177.3382 178.2233 -3.4695 -161.8383 100.0000 stroke12
movl 0 -18.4457 384.1983 177.6586 178.1642 -3.9121 -162.5687 100.0000 stroke12
movl 0 -16.1829 385.9153 177.8702 178.0836 -4.1413 -163.6823 100.0000 stroke12
movl 0 -13.8772 385.6191 178.2892 177.6766 -4.5590 -164.2054 100.0000 stroke12
movl 0 -12.4182 385.1292 178.8034 177.1545 -4.7374 -164.4763 100.0000 stroke12
movl 0 -11.2065 384.2740 179.2785 176.4518 -4.8569 -164.2127 100.0000 stroke12
movl 0 -9.7754 383.4771 179.6935 175.7881 -4.9964 -164.1323 100.0000 stroke12
movl 0 -8.4330 382.1797 180.1594 175.0015 -5.2073 -163.6096 100.0000 stroke12
movl 0 -7.8962 380.9742 180.6552 174.3307 -5.2699 -163.0276 100.0000 stroke12
movl 0 -7.2566 379.4029 181.2254 173.5021 -5.2501 -162.6948 100.0000 stroke12
movl 0 -7.1375 378.4945 181.5503 173.0423 -5.1123 -162.0459 100.0000 stroke12
movl 0 -6.9361 377.8735 181.8371 172.8470 -5.2349 -161.5293 100.0000 stroke12
movl 0 -5.1959 375.1628 183.0755 171.7743 -5.6988 -160.7022 100.0000 stroke12
movl 0 9.2604 363.8441 186.4269 164.0611 -7.3151 -156.2136 100.0000 stroke12
movl 0 19.2575 350.3208 205.7798 152.8531 -3.6206 -147.1130 100.0000 stroke12
