movl 0 -58.8497 384.4182 177.1148 169.3511 21.2486 -75.2995 100.0000 stroke1
movl 0 -60.5494 386.2894 175.7542 170.2615 20.1749 -75.2372 100.0000 stroke1
movl 0 -62.3866 387.1975 175.3271 171.0281 19.3905 -75.2713 100.0000 stroke1
movl 0 -64.0004 387.6555 175.2652 171.6825 18.6619 -75.4944 100.0000 stroke1
movl 0 -64.9365 387.4100 175.2638 172.3449 18.2057 -75.7758 100.0000 stroke1
movl 0 -65.8931 387.0443 175.5843 172.4701 18.3389 -75.9628 100.0000 stroke1
movl 0 -65.9031 386.7921 175.7324 172.3156 18.3458 -76.5962 100.0000 stroke1
movl 0 -67.0132 386.5269 175.9562 172.3012 18.2323 -77.6448 100.0000 stroke1
movl 0 -68.3294 386.5836 175.9885 172.4669 17.9808 -78.6124 100.0000 stroke1
movl 0 -68.9838 386.5352 176.0906 172.5144 17.8156 -79.3506 100.0000 stroke1
movl 0 -69.4459 386.6506 176.0907 172.6575 17.7236 -79.9487 100.0000 stroke1
movl 0 -69.4842 386.9695 176.1851 172.8540 17.5973 -80.6711 100.0000 stroke1
movl 0 -69.8522 387.4023 176.2934 173.3365 17.4489 -81.6679 100.0000 stroke1
movl 0 -69.9650 387.7038 176.3023 173.7143 17.3794 -82.3844 100.0000 stroke1
movl 0 -69.6695 388.1734 176.4584 174.2445 17.2854 -83.4477 100.0000 stroke1
movl 0 -69.5700 388.6909 176.6679 174.9101 17.1722 -84.6866 100.0000 stroke1
movl 0 -69.6884 389.6418 176.6856 175.8642 16.9351 -86.4639 100.0000 stroke1
movl 0 -70.1233 390.8063 176.5846 176.9141 16.6792 -88.7465 100.0000 stroke1
movl 0 -70.7620 391.9998 176.3018 178.0718 16.5552 -90.7049 100.0000 stroke1
movl 0 -69.8985 393.9967 175.9287 178.8256 16.2613 -92.9549 100.0000 stroke1
movl 0 -69.4831 395.0967 175.4419 179.1950 16.0721 -93.9607 100.0000 stroke1
movl 0 -68.0046 391.9350 177.0102 177.9608 17.1792 -93.7345 100.0000 stroke1
movl 0 -65.9506 390.0734 178.2184 177.2190 18.0130 -94.0572 100.0000 stroke1
movl 0 -64.9681 389.2961 178.8443 176.9314 18.4113 -94.1801 100.0000 stroke1
movl 0 -64.1282 388.5740 179.3011 176.7768 18.7425 -94.2290 100.0000 stroke1
movl 0 -64.0604 388.7411 179.1746 176.7670 18.4479 -94.1959 100.0000 stroke1
movl 0 -64.1507 389.6144 179.3569 177.1094 16.7842 -94.3710 100.0000 stroke1
movl 0 -63.2503 389.8759 179.0824 176.7111 16.2337 -94.2548 100.0000 stroke1
movl 0 -61.9212 389.8379 178.9321 175.0439 15.8754 -93.2326 100.0000 stroke1
movl 0 -61.6045 389.7200 178.8485 174.8558 15.9892 -93.0475 100.0000 stroke1
movl 0 -60.3006 389.5606 178.9592 174.3846 16.1304 -92.9231 100.0000 stroke1
movl 0 -53.2124 388.2223 181.0117 171.7480 17.2227 -91.9000 100.0000 stroke1
movl 0 -43.3897 382.7837 199.3782 167.9282 21.8841 -89.3455 100.0000 stroke1
movl 0 -20.7939 379.0540 204.3907 158.5810 23.6348 -80.5667 100.0000 stroke2
movl 0 -24.2528 373.2513 177.4061 162.8853 22.2761 -80.5796 100.0000 stroke2
movl 0 -26.6279 372.0245 176.6240 165.0917 23.5343 -81.4202 100.0000 stroke2
movl 0 -28.4199 373.5201 175.0226 165.3489 23.1109 -81.3408 100.0000 stroke2
movl 0 -31.3273 374.9667 173.8700 165.9893 22.7147 -80.9230 100.0000 stroke2
movl 0 -32.3960 377.4895 172.5562 166.2696 22.1530 -80.5929 100.0000 stroke2
movl 0 -34.9069 380.9289 171.7159 166.8643 19.3457 -80.0698 100.0000 stroke2
movl 0 -36.0107 383.0552 171.3448 166.8208 17.4117 -80.7511 100.0000 stroke2
movl 0 -35.8213 384.1087 171.1516 166.4414 16.4531 -80.8284 100.0000 stroke2
movl 0 -36.1774 384.4582 171.6348 165.7882 14.9503 -81.0837 100.0000 stroke2
movl 0 -37.5002 384.2421 172.1557 165.2481 13.5771 -80.9535 100.0000 stroke2
movl 0 -40.2636 383.6786 172.4902 164.9159 12.1887 -79.5836 100.0000 stroke2
movl 0 -43.9179 382.1744 172.8421 164.3859 11.1572 -77.3072 100.0000 stroke2
movl 0 -45.4944 380.3485 173.3250 164.3902 11.6584 -76.7161 100.0000 stroke2
movl 0 -43.3291 380.1683 173.4087 164.0788 12.1485 -77.3423 100.0000 stroke2
movl 0 -42.6751 379.9327 173.5208 163.9800 12.3198 -77.7728 100.0000 stroke2
movl 0 -42.1841 379.9759 173.4902 163.9124 12.3222 -78.3048 100.0000 stroke2
movl 0 -41.7756 380.0017 173.4722 163.8564 12.3190 -78.8261 100.0000 stroke2
movl 0 -42.1419 380.1483 173.3397 163.9410 12.0287 -79.3768 100.0000 stroke2
movl 0 -42.9658 380.5901 173.2618 163.9740 11.0985 -79.8678 100.0000 stroke2
movl 0 -44.4718 380.6030 173.4343 164.2180 10.5279 -79.8067 100.0000 stroke2
movl 0 -43.4377 380.2510 173.6089 164.2762 11.2465 -80.2423 100.0000 stroke2
movl 0 -40.5757 377.8658 176.5145 163.8630 13.7484 -81.2355 100.0000 stroke2
movl 0 -32.9772 370.2415 215.1838 162.2494 23.1933 -83.8634 100.0000 stroke2
movl 0 -11.6227 383.8868 213.5862 153.1434 21.8512 -86.2729 100.0000 stroke3
movl 0 -12.6909 381.1048 175.3940 153.4604 18.1697 -87.7288 100.0000 stroke3
movl 0 -19.5104 378.7729 177.1095 156.0467 18.2577 -87.2504 100.0000 stroke3
movl 0 -23.9154 381.1897 174.1170 158.0833 17.1063 -86.5054 100.0000 stroke3
movl 0 -26.3113 382.3064 172.6896 158.7290 16.8183 -86.1819 100.0000 stroke3
movl 0 -30.9218 386.0812 170.6950 160.7900 14.7061 -84.7133 100.0000 stroke3
movl 0 -31.9588 388.3211 170.9396 162.2108 12.2022 -84.7921 100.0000 stroke3
movl 0 -29.5707 389.5690 171.3117 163.0002 10.7266 -86.2766 100.0000 stroke3
movl 0 -25.8025 391.0435 171.6228 163.0882 9.2276 -88.3530 100.0000 stroke3
movl 0 -22.3251 393.5552 171.6319 162.9035 7.0771 -90.2071 100.0000 stroke3
movl 0 -22.9787 395.8246 171.1196 162.9457 4.5947 -91.0024 100.0000 stroke3
movl 0 -23.9563 397.4518 170.8390 162.9399 2.2219 -91.2216 100.0000 stroke3
movl 0 -24.7409 397.1982 170.9452 162.7557 0.9801 -90.9401 100.0000 stroke3
movl 0 -25.7786 395.4650 171.6905 162.4584 0.9435 -89.8651 100.0000 stroke3
movl 0 -25.9238 393.4099 172.7793 162.0179 1.5488 -88.9782 100.0000 stroke3
movl 0 -25.4129 391.3396 174.0393 161.4868 2.4549 -88.2858 100.0000 stroke3
movl 0 -23.9769 389.5955 175.3360 160.8498 3.5504 -87.8450 100.0000 stroke3
movl 0 -22.9146 388.5851 176.3430 160.4348 4.2091 -87.7804 100.0000 stroke3
movl 0 -21.4631 387.4801 177.5114 160.0873 4.9119 -87.8764 100.0000 stroke3
movl 0 -17.9622 383.5901 182.8331 158.4578 7.6486 -87.8321 100.0000 stroke3
movl 0 -21.3245 371.4374 212.8813 156.9770 17.2715 -84.8382 100.0000 stroke3
movl 0 -22.0627 382.5669 249.8136 155.7426 20.2269 -80.2958 100.0000 stroke4
movl 0 -25.5947 381.0375 201.6272 154.2818 15.0991 -81.2826 100.0000 stroke4
movl 0 -41.5234 373.4262 184.7202 157.6732 14.5139 -79.6344 100.0000 stroke4
movl 0 -56.1514 367.5223 180.8686 161.7723 14.5360 -78.4979 100.0000 stroke4
movl 0 -61.6983 365.2825 180.0791 163.5590 14.8467 -78.4858 100.0000 stroke4
movl 0 -65.3117 364.7698 179.5334 164.4406 14.7574 -78.4758 100.0000 stroke4
movl 0 -69.5217 364.6033 178.7966 165.8019 14.1455 -78.2065 100.0000 stroke4
movl 0 -71.7287 364.5228 178.5745 166.1052 13.8038 -78.1743 100.0000 stroke4
movl 0 -74.7609 364.7435 177.6594 166.7097 13.3362 -78.3076 100.0000 stroke4
movl 0 -79.4079 364.7157 176.5615 168.4900 12.3501 -78.9758 100.0000 stroke4
movl 0 -82.2382 365.0992 176.2646 169.4322 11.0700 -80.6929 100.0000 stroke4
movl 0 -83.3012 365.2510 176.4996 169.7083 10.1934 -82.0271 100.0000 stroke4
movl 0 -83.5303 366.5568 176.5579 169.9927 10.1793 -82.3077 100.0000 stroke4
movl 0 -81.6959 367.9667 176.5583 170.0379 10.1591 -82.4577 100.0000 stroke4
movl 0 -80.3999 368.9123 176.6021 170.1942 10.1029 -82.1144 100.0000 stroke4
movl 0 -78.4963 369.6247 176.9006 170.2688 10.1169 -81.9714 100.0000 stroke4
movl 0 -76.3111 370.1984 177.1158 170.4195 10.0602 -82.3067 100.0000 stroke4
movl 0 -74.0476 370.9621 177.4194 170.5236 9.8579 -82.6628 100.0000 stroke4
movl 0 -71.7964 371.5624 177.7517 170.6536 9.7449 -83.1340 100.0000 stroke4
movl 0 -70.0776 372.3221 177.9119 170.9769 9.4513 -83.7625 100.0000 stroke4
movl 0 -68.5739 372.7160 178.2768 171.1716 9.3734 -84.3824 100.0000 stroke4
movl 0 -67.7930 373.3213 178.3837 171.6624 9.1110 -85.1783 100.0000 stroke4
movl 0 -66.8207 373.9741 178.4708 172.0744 8.8878 -85.9702 100.0000 stroke4
movl 0 -65.6421 374.3534 178.7074 172.1071 8.7712 -86.5125 100.0000 stroke4
movl 0 -64.3069 374.8491 178.9358 172.3159 8.6058 -87.0471 100.0000 stroke4
movl 0 -62.6239 375.2459 179.2731 172.3456 8.4706 -87.5741 100.0000 stroke4
movl 0 -61.7035 375.7666 179.3735 172.5842 8.2355 -88.0145 100.0000 stroke4
movl 0 -61.2940 376.1488 179.5715 173.0503 8.0720 -88.6347 100.0000 stroke4
movl 0 -60.5227 376.8887 179.7695 173.5138 7.8488 -89.5766 100.0000 stroke4
movl 0 -61.3022 377.2138 180.0572 174.4933 7.7819 -90.4944 100.0000 stroke4
movl 0 -61.0548 377.6215 180.2662 175.1817 7.7642 -91.4255 100.0000 stroke4
movl 0 -61.0941 378.2221 180.3122 175.8281 7.6398 -92.3966 100.0000 stroke4
movl 0 -61.6959 378.9395 180.4234 176.7925 7.4152 -93.5758 100.0000 stroke4
movl 0 -61.8063 379.6356 180.5790 177.6662 7.3658 -95.2490 100.0000 stroke4
movl 0 -61.8888 380.9230 180.3969 178.5851 7.0611 -97.4357 100.0000 stroke4
movl 0 -62.7980 382.1761 180.0872 179.6303 6.8361 -100.4930 100.0000 stroke4
movl 0 -63.9941 383.3392 179.7703 -179.0514 6.9906 -104.1213 100.0000 stroke4
movl 0 -64.6756 384.7030 179.2703 -177.9677 7.2729 -107.8906 100.0000 stroke4
movl 0 -66.1866 385.7495 178.8483 -176.7332 7.9050 -111.1487 100.0000 stroke4
movl 0 -68.4075 385.7400 178.2904 -175.7755 8.7573 -113.6331 100.0000 stroke4
movl 0 -68.1264 385.5753 178.2884 -175.8961 8.7696 -114.1782 100.0000 stroke4
movl 0 -63.2919 384.7035 179.8450 -177.7919 8.3051 -113.1549 100.0000 stroke4
movl 0 -60.0541 384.1778 181.0210 -178.9269 8.3354 -113.0160 100.0000 stroke4
movl 0 -58.8303 383.4907 181.7872 -179.4677 8.6808 -113.1203 100.0000 stroke4
movl 0 -57.8740 383.3899 182.2087 -179.6762 8.8166 -113.3834 100.0000 stroke4
movl 0 -57.7698 384.1154 181.8688 -179.4646 8.3653 -113.4349 100.0000 stroke4
movl 0 -58.9371 385.5592 181.1780 -178.8049 7.3141 -113.6766 100.0000 stroke4
movl 0 -58.8567 386.1765 181.1466 -178.4182 6.8300 -114.2311 100.0000 stroke4
movl 0 -58.3062 386.4841 181.3417 -178.2302 6.3904 -114.3180 100.0000 stroke4
movl 0 -57.5267 386.5157 181.6134 -178.2852 6.1626 -114.5041 100.0000 stroke4
movl 0 -56.6703 386.3919 181.9650 -178.3823 5.8875 -114.5523 100.0000 stroke4
movl 0 -54.9982 385.9138 182.5527 -178.8126 5.6798 -113.9548 100.0000 stroke4
movl 0 -52.6741 384.9143 183.7940 -179.4727 5.6613 -113.4783 100.0000 stroke4
movl 0 -51.6148 383.9748 184.5135 -179.7996 5.6344 -113.2038 100.0000 stroke4
movl 0 -50.5741 382.7623 184.9525 179.4065 5.8825 -112.2790 100.0000 stroke4
movl 0 -49.9189 379.9927 185.6809 177.5531 6.6469 -110.2472 100.0000 stroke4
movl 0 -50.3639 379.4176 185.6409 177.0079 6.9984 -109.2954 100.0000 stroke4
movl 0 -50.9748 379.5332 185.5224 176.9484 6.9072 -109.0286 100.0000 stroke4
movl 0 -50.2265 378.3541 186.2973 176.1819 6.9678 -108.5463 100.0000 stroke4
movl 0 -50.5234 376.7306 187.0632 175.8241 7.3046 -107.8781 100.0000 stroke4
movl 0 -47.6378 375.3889 188.4887 174.8204 7.6537 -107.7146 100.0000 stroke4
movl 0 -39.5047 371.0492 193.0785 171.6284 9.3289 -106.6146 100.0000 stroke4
movl 0 -33.6044 362.3169 211.4502 168.8585 13.1932 -104.3737 100.0000 stroke4
