movl 0 -27.9378 391.3360 194.5968 151.3478 -9.0046 -139.7669 100.0000 stroke1
movl 0 -21.2106 398.1902 174.0268 151.8092 -12.3135 -141.8866 100.0000 stroke1
movl 0 -20.1099 398.1614 171.9107 152.5528 -12.9932 -142.7926 100.0000 stroke1
movl 0 -18.4319 400.8145 170.2479 153.2910 -14.1676 -143.0347 100.0000 stroke1
movl 0 -18.9028 403.1013 169.9284 154.2616 -15.2937 -143.3025 100.0000 stroke1
movl 0 -19.9936 402.5930 169.9156 154.6658 -15.1663 -143.5193 100.0000 stroke1
movl 0 -20.4571 402.6086 169.9905 154.6979 -15.0816 -143.6998 100.0000 stroke1
movl 0 -21.4712 401.7167 170.3130 154.7884 -14.6081 -143.9715 100.0000 stroke1
movl 0 -21.8809 402.2734 170.1280 154.7669 -14.6015 -144.0406 100.0000 stroke1
movl 0 -23.2964 402.0437 170.0189 154.4748 -14.0086 -144.0956 100.0000 stroke1
movl 0 -24.5680 402.5520 169.3846 154.4263 -13.2222 -143.9231 100.0000 stroke1
movl 0 -27.6225 404.0260 168.9338 156.1019 -12.8318 -144.4175 100.0000 stroke1
movl 0 -29.3375 404.8308 168.7068 157.8403 -12.9398 -145.8856 100.0000 stroke1
movl 0 -30.4469 404.7756 168.6297 158.3159 -13.1599 -146.0329 100.0000 stroke1
movl 0 -31.6490 403.9898 168.8373 158.6814 -13.4110 -145.9468 100.0000 stroke1
movl 0 -33.1953 402.9560 169.0809 158.9046 -13.7107 -145.5670 100.0000 stroke1
movl 0 -34.8332 402.2836 169.2174 159.1038 -14.1240 -145.0224 100.0000 stroke1
movl 0 -36.7940 401.7653 169.3838 159.2752 -14.4168 -144.4846 100.0000 stroke1
movl 0 -38.6334 401.1242 169.6100 159.3101 -14.6494 -144.0199 100.0000 stroke1
movl 0 -40.1744 400.6753 169.8781 159.1543 -14.8291 -143.5913 100.0000 stroke1
movl 0 -41.9323 400.2262 170.0496 158.8906 -15.0359 -142.9359 100.0000 stroke1
movl 0 -39.6601 399.7667 172.9947 155.4472 -17.7225 -140.3131 100.0000 stroke1
movl 0 -34.6572 387.4644 203.4888 144.5967 -19.4219 -133.3558 100.0000 stroke1
movl 0 -30.1849 406.6665 233.7573 140.1579 -12.5013 -124.9949 100.0000 stroke2
movl 0 -22.2089 409.7778 187.3568 147.7738 -17.6670 -133.1391 100.0000 stroke2
movl 0 -19.5784 405.4568 174.7384 152.6376 -19.3512 -141.9948 100.0000 stroke2
movl 0 -30.1901 400.5328 173.2326 157.4335 -18.0040 -148.4105 100.0000 stroke2
movl 0 -34.9118 400.7249 172.7477 159.9871 -18.1844 -151.2328 100.0000 stroke2
movl 0 -37.7369 400.5478 172.9575 161.7712 -18.4628 -153.0549 100.0000 stroke2
movl 0 -40.9344 401.7376 172.2286 163.5640 -18.1576 -154.5428 100.0000 stroke2
movl 0 -45.2514 401.7538 171.8642 165.4155 -17.6669 -155.9425 100.0000 stroke2
movl 0 -47.6478 401.6647 171.8116 166.6251 -17.6110 -156.8274 100.0000 stroke2
movl 0 -50.0308 401.4455 171.6490 167.5694 -17.5358 -157.4073 100.0000 stroke2
movl 0 -53.1394 399.1607 171.9626 167.3322 -16.6828 -157.7950 100.0000 stroke2
movl 0 -51.9693 399.3312 172.5339 167.6760 -16.2955 -160.6725 100.0000 stroke2
movl 0 -53.2781 399.4161 172.7937 168.6678 -15.6490 -162.7539 100.0000 stroke2
movl 0 -52.7104 399.6593 173.0098 169.2154 -15.7363 -163.8764 100.0000 stroke2
movl 0 -51.8655 399.8759 173.2836 169.6995 -15.8604 -164.8911 100.0000 stroke2
movl 0 -51.0696 400.0288 173.6321 170.1844 -15.9936 -165.7063 100.0000 stroke2
movl 0 -49.4239 399.7152 174.2446 170.2267 -16.2581 -166.1729 100.0000 stroke2
movl 0 -33.0386 396.2634 181.5925 166.8443 -20.5390 -164.4810 100.0000 stroke2
movl 0 -14.4821 389.4655 223.4208 157.7041 -24.3911 -158.5513 100.0000 stroke2
movl 0 -36.0678 393.0310 240.7705 145.8184 -21.0737 -156.2437 100.0000 stroke3
movl 0 -22.9364 391.0665 180.5078 141.6428 -22.3675 -151.0652 100.0000 stroke3
movl 0 -26.1811 375.8046 162.0985 136.6451 -18.9310 -153.4428 100.0000 stroke3
movl 0 -30.4200 383.3779 168.2960 158.9175 -28.4312 -175.5720 100.0000 stroke3
movl 0 -36.1330 381.8772 170.8035 164.3088 -26.8802 176.7235 100.0000 stroke3
movl 0 -39.4517 382.6766 172.7996 168.8380 -25.3169 170.7782 100.0000 stroke3
movl 0 -42.3549 383.2442 173.1701 170.7204 -23.6800 167.1602 100.0000 stroke3
movl 0 -45.0425 382.6612 173.0214 170.7301 -22.6385 166.3268 100.0000 stroke3
movl 0 -47.1057 383.6258 172.4554 171.0231 -21.7025 165.4002 100.0000 stroke3
movl 0 -51.1696 384.2586 172.3928 172.8735 -20.3313 162.9647 100.0000 stroke3
movl 0 -52.9451 384.8605 172.4125 174.4101 -19.7362 160.6753 100.0000 stroke3
movl 0 -54.3150 385.1672 172.5221 175.8255 -19.2884 158.4593 100.0000 stroke3
movl 0 -55.9220 384.2598 172.7571 175.7526 -19.1786 157.3461 100.0000 stroke3
movl 0 -54.5268 385.1975 172.7747 175.7823 -18.9755 155.1005 100.0000 stroke3
movl 0 -54.3066 385.7995 172.8198 176.0628 -18.5729 153.5130 100.0000 stroke3
movl 0 -53.1797 386.0010 172.9870 176.4572 -18.5539 152.6951 100.0000 stroke3
movl 0 -51.7852 386.0125 173.3508 176.8611 -18.6136 152.0271 100.0000 stroke3
movl 0 -49.8072 385.7155 173.9283 177.1533 -18.8893 151.6069 100.0000 stroke3
movl 0 -27.6483 380.4996 185.3084 176.9902 -26.0323 153.0601 100.0000 stroke3
movl 0 -2.1708 367.4435 241.4446 162.3252 -34.9689 169.4789 100.0000 stroke3
movl 0 -14.9867 427.2403 235.8239 165.7991 -30.4829 -158.2384 100.0000 stroke4
movl 0 -11.7519 417.2068 189.5514 164.7784 -26.7448 -158.8370 100.0000 stroke4
movl 0 -14.1552 410.0135 178.1115 164.5369 -23.6358 -163.4986 100.0000 stroke4
movl 0 -19.4667 405.4169 178.7153 164.4951 -20.9980 -165.6564 100.0000 stroke4
movl 0 -24.7465 403.7138 178.8106 164.9178 -19.2389 -166.6667 100.0000 stroke4
movl 0 -30.9812 402.7055 178.0395 164.7784 -17.1981 -166.1155 100.0000 stroke4
movl 0 -32.7121 403.9410 176.9240 164.6887 -16.4956 -165.7444 100.0000 stroke4
movl 0 -37.0771 406.3926 175.8307 166.2896 -15.0774 -166.0303 100.0000 stroke4
movl 0 -37.1532 408.5884 175.4838 167.9527 -14.8342 -167.1329 100.0000 stroke4
movl 0 -38.0344 408.1923 175.6781 168.5516 -14.8696 -167.1720 100.0000 stroke4
movl 0 -38.9852 407.2686 175.9559 169.5455 -15.1639 -167.1999 100.0000 stroke4
movl 0 -41.3578 405.2736 176.4200 170.2315 -15.2722 -166.6268 100.0000 stroke4
movl 0 -44.2479 402.8874 176.8955 171.0086 -15.4754 -165.8777 100.0000 stroke4
movl 0 -48.3247 400.8877 177.0375 171.5374 -15.6143 -164.4368 100.0000 stroke4
movl 0 -52.3281 399.0633 177.1946 171.7134 -15.6775 -163.0475 100.0000 stroke4
movl 0 -56.1496 397.4433 177.5834 171.7499 -15.8917 -161.8733 100.0000 stroke4
movl 0 -60.2605 395.9932 177.9757 171.6276 -16.0953 -160.7525 100.0000 stroke4
movl 0 -61.5541 392.0907 181.9303 169.2230 -17.8474 -158.0445 100.0000 stroke4
movl 0 -52.5859 378.2778 209.3107 154.3094 -21.8317 -147.6389 100.0000 stroke4
movl 0 -33.6143 390.6877 215.2164 148.0172 -2.4924 -114.8441 100.0000 stroke5
movl 0 -22.5602 389.5432 189.0580 151.1282 -9.4337 -127.6440 100.0000 stroke5
movl 0 -26.2600 388.4143 178.7070 156.2123 -12.2063 -135.1640 100.0000 stroke5
movl 0 -34.0526 383.9698 180.7133 158.1224 -10.3447 -137.6664 100.0000 stroke5
movl 0 -36.1215 383.2482 180.8532 158.7379 -9.9285 -138.6884 100.0000 stroke5
movl 0 -38.5798 382.5932 180.7280 159.2413 -9.4502 -139.0630 100.0000 stroke5
movl 0 -40.3202 383.9565 179.6525 159.7843 -8.8652 -140.2911 100.0000 stroke5
movl 0 -43.6788 385.9048 178.0057 160.8838 -8.3903 -141.5224 100.0000 stroke5
movl 0 -46.8394 389.6177 177.0939 163.6897 -8.7305 -142.9045 100.0000 stroke5
movl 0 -42.8321 392.8753 177.0105 165.3323 -10.5579 -145.4568 100.0000 stroke5
movl 0 -43.4030 393.9536 176.9557 166.3352 -11.2219 -146.2398 100.0000 stroke5
movl 0 -42.2199 394.9045 177.0432 167.4089 -12.3704 -147.3219 100.0000 stroke5
movl 0 -42.7096 395.6228 177.2244 169.0800 -13.4071 -148.3299 100.0000 stroke5
movl 0 -44.1312 396.0259 177.2976 170.9093 -14.0455 -149.1227 100.0000 stroke5
movl 0 -46.3279 396.2676 177.2280 172.6963 -14.4991 -149.7523 100.0000 stroke5
movl 0 -48.4348 395.4200 177.1882 173.6758 -14.7097 -149.5943 100.0000 stroke5
movl 0 -52.3483 393.2522 177.2736 174.1508 -14.5725 -148.0856 100.0000 stroke5
movl 0 -53.7695 389.2275 178.6794 173.0019 -13.6983 -147.2493 100.0000 stroke5
movl 0 -45.4743 384.1779 181.4590 168.9690 -13.2174 -147.5326 100.0000 stroke5
movl 0 -49.9589 386.3881 179.4995 170.3317 -13.1491 -146.3803 100.0000 stroke5
movl 0 -54.4072 385.5550 178.6800 170.5519 -12.9055 -144.1793 100.0000 stroke5
movl 0 -54.2139 385.6342 178.3299 169.9072 -13.1813 -143.5219 100.0000 stroke5
movl 0 -53.6679 385.9786 178.1093 169.4083 -13.3699 -143.2645 100.0000 stroke5
movl 0 -52.7085 385.8886 178.1295 168.9204 -13.5660 -143.1637 100.0000 stroke5
movl 0 -52.7012 385.7627 178.1418 168.7088 -13.5037 -142.9953 100.0000 stroke5
movl 0 -51.9538 385.0966 178.2273 168.0295 -13.5893 -142.6104 100.0000 stroke5
movl 0 -49.1763 383.0358 179.3768 166.3610 -13.8290 -142.1505 100.0000 stroke5
movl 0 -39.9452 374.9412 183.9302 159.5861 -12.8298 -139.9749 100.0000 stroke5
movl 0 -26.0756 361.4423 195.2532 145.1236 -5.6636 -132.4499 100.0000 stroke5
movl 0 -31.7362 343.7647 245.4574 138.5396 7.8852 -126.1696 100.0000 stroke5
movl 0 -36.7542 395.9584 231.5617 151.3813 -10.6941 -126.1298 100.0000 stroke6
movl 0 -28.7840 395.1499 192.1519 157.8075 -14.6215 -136.4048 100.0000 stroke6
movl 0 -32.9212 393.4644 184.0021 161.3532 -12.7052 -138.6954 100.0000 stroke6
movl 0 -40.5479 391.1034 181.5867 161.7188 -10.8001 -138.3049 100.0000 stroke6
movl 0 -43.5531 391.9368 180.4756 162.3878 -10.0739 -138.1146 100.0000 stroke6
movl 0 -44.5350 391.9332 179.8199 162.4273 -9.5529 -138.1298 100.0000 stroke6
movl 0 -46.3161 393.0329 178.9975 163.1819 -8.9809 -138.4785 100.0000 stroke6
movl 0 -48.9518 394.0819 178.3109 164.2797 -9.1159 -138.0746 100.0000 stroke6
movl 0 -50.2402 393.7611 178.3111 164.6430 -9.4837 -137.5933 100.0000 stroke6
movl 0 -52.8647 392.6003 178.2972 164.8866 -9.7405 -136.5840 100.0000 stroke6
movl 0 -57.0084 390.7202 178.3435 165.1017 -9.8956 -135.3029 100.0000 stroke6
movl 0 -61.8437 388.9085 178.2151 165.3356 -9.6978 -133.9264 100.0000 stroke6
movl 0 -65.1697 387.1500 178.3196 165.2893 -9.5802 -132.9615 100.0000 stroke6
movl 0 -67.7656 386.3642 178.5210 165.2691 -9.5537 -132.5040 100.0000 stroke6
movl 0 -69.0140 385.8385 178.7826 165.2127 -9.6092 -132.3243 100.0000 stroke6
movl 0 -69.2240 385.8682 178.9577 165.1684 -9.8398 -132.2948 100.0000 stroke6
movl 0 -69.3277 385.5973 179.2238 164.9506 -9.9774 -132.2019 100.0000 stroke6
movl 0 -66.2939 382.8981 182.2680 162.9555 -10.4400 -131.8805 100.0000 stroke6
movl 0 -63.7156 371.5046 216.7173 155.5587 -9.1522 -127.8809 100.0000 stroke6
movl 0 -32.7010 404.5195 230.1301 147.9366 -14.0026 -119.8379 100.0000 stroke7
movl 0 -24.2670 405.1835 187.8182 152.5778 -17.3119 -125.2780 100.0000 stroke7
movl 0 -20.3935 403.3896 174.1884 155.1865 -18.2385 -128.6347 100.0000 stroke7
movl 0 -24.4057 401.5021 174.4734 157.9160 -17.5770 -130.9426 100.0000 stroke7
movl 0 -29.7356 398.3453 176.9868 160.2792 -16.3238 -132.6636 100.0000 stroke7
movl 0 -32.3587 393.4801 179.3330 160.3523 -14.0684 -133.8351 100.0000 stroke7
movl 0 -36.0475 388.6099 180.5027 160.0912 -11.6790 -133.6273 100.0000 stroke7
movl 0 -36.1321 390.1181 180.1641 160.8635 -11.7755 -134.6230 100.0000 stroke7
movl 0 -35.1776 392.2227 179.6011 161.8518 -11.7452 -136.4313 100.0000 stroke7
movl 0 -37.0244 391.2944 179.2923 161.7001 -11.0206 -136.2081 100.0000 stroke7
movl 0 -38.1199 391.9612 178.6034 162.1150 -10.5683 -136.8418 100.0000 stroke7
movl 0 -40.9845 393.1519 177.8346 163.2598 -10.0943 -137.3278 100.0000 stroke7
movl 0 -42.6762 395.0609 177.1464 164.7763 -10.8474 -137.2788 100.0000 stroke7
movl 0 -45.0736 394.4997 177.2411 165.4415 -11.3889 -136.3655 100.0000 stroke7
movl 0 -49.1020 393.0098 177.2093 166.0215 -11.7193 -134.5301 100.0000 stroke7
movl 0 -53.6515 390.9962 177.1223 166.1737 -11.7336 -132.1384 100.0000 stroke7
movl 0 -55.3682 389.9841 177.1477 166.1168 -11.8569 -131.2467 100.0000 stroke7
movl 0 -56.1329 389.4973 177.2646 165.9926 -11.9038 -130.8768 100.0000 stroke7
movl 0 -56.6428 389.2003 177.3988 165.7864 -11.9922 -130.3627 100.0000 stroke7
movl 0 -49.1446 386.3489 181.0643 161.6409 -13.1431 -129.4886 100.0000 stroke7
movl 0 -34.9023 372.7928 201.6750 146.5137 -5.8793 -121.3650 100.0000 stroke7
movl 0 -23.6136 415.5294 239.6347 159.8360 22.7492 -67.0195 100.0000 stroke8
movl 0 -1.2281 413.5138 188.6235 153.4076 18.7158 -74.4530 100.0000 stroke8
movl 0 -3.0742 403.4069 176.4095 156.1943 19.8040 -74.5477 100.0000 stroke8
movl 0 -14.1289 396.2645 176.1099 161.5561 20.2261 -73.0495 100.0000 stroke8
movl 0 -18.0835 394.1211 175.4353 162.5610 20.5291 -72.8994 100.0000 stroke8
movl 0 -21.5578 394.7247 174.8928 162.8948 19.4250 -72.3895 100.0000 stroke8
movl 0 -26.6356 396.0146 174.6714 164.9875 17.9979 -72.9175 100.0000 stroke8
movl 0 -30.4813 395.3369 174.8921 166.8722 17.5180 -74.2500 100.0000 stroke8
movl 0 -27.6780 397.8583 174.7626 166.7486 16.2458 -77.3194 100.0000 stroke8
movl 0 -22.6700 400.9319 174.5306 165.9202 15.1020 -80.4554 100.0000 stroke8
movl 0 -14.7718 402.3122 174.2845 162.8290 14.8652 -82.2805 100.0000 stroke8
movl 0 -10.0179 411.3264 172.3999 160.8159 10.1147 -85.5184 100.0000 stroke8
movl 0 -4.9811 419.3203 170.3362 159.2135 5.1278 -89.2679 100.0000 stroke8
movl 0 -4.1235 423.3114 169.1055 158.1762 2.2920 -90.4922 100.0000 stroke8
movl 0 -4.5237 424.8595 168.7735 157.8188 0.2596 -91.4461 100.0000 stroke8
movl 0 -4.5738 426.3510 168.6721 157.5919 -1.8626 -92.2867 100.0000 stroke8
movl 0 -5.0574 427.6571 168.7365 157.7198 -4.3775 -93.7898 100.0000 stroke8
movl 0 -6.1241 429.6261 168.5115 158.1497 -7.5647 -95.5251 100.0000 stroke8
movl 0 -6.0117 428.0703 169.3828 158.2083 -8.0036 -97.3280 100.0000 stroke8
movl 0 -3.7957 425.4257 170.3180 157.7230 -6.9009 -99.7148 100.0000 stroke8
movl 0 -4.5524 426.1631 170.1024 158.0642 -7.7011 -100.0173 100.0000 stroke8
movl 0 -5.6827 426.5394 170.0853 158.5083 -8.4157 -99.9380 100.0000 stroke8
movl 0 -7.4668 426.9426 170.1262 159.1905 -9.1805 -99.5735 100.0000 stroke8
movl 0 -7.1826 426.2552 170.4534 158.9644 -8.9498 -99.6317 100.0000 stroke8
movl 0 -3.9449 417.0758 173.3003 156.3854 -4.3867 -101.4072 100.0000 stroke8
movl 0 8.1151 387.9168 185.8535 147.5057 14.3317 -101.5329 100.0000 stroke8
movl 0 12.0787 354.1028 243.3392 139.3037 36.7049 -98.4914 100.0000 stroke8
movl 0 2.3178 382.4069 240.7648 139.0988 6.3838 -114.8923 100.0000 stroke9
movl 0 3.9968 388.2605 183.6389 144.1767 -3.0082 -119.5106 100.0000 stroke9
movl 0 3.3385 390.4263 178.0036 149.1294 -7.2351 -123.6995 100.0000 stroke9
movl 0 -5.2997 391.7311 175.1552 152.5647 -7.5313 -124.0289 100.0000 stroke9
movl 0 -9.0962 393.3925 173.7835 153.3539 -7.4766 -123.6049 100.0000 stroke9
movl 0 -11.0511 394.0186 172.6925 153.5103 -6.9140 -122.8571 100.0000 stroke9
movl 0 -13.0980 394.0688 171.9678 153.7288 -5.7575 -122.0727 100.0000 stroke9
movl 0 -16.9236 393.8255 171.5087 155.0265 -4.3010 -121.8377 100.0000 stroke9
movl 0 -19.6747 393.7609 171.7044 156.6038 -3.4235 -121.7800 100.0000 stroke9
movl 0 -21.2075 393.6115 172.0017 157.4931 -3.2059 -122.2544 100.0000 stroke9
movl 0 -22.1199 392.9808 172.3153 157.8402 -2.5142 -122.7075 100.0000 stroke9
movl 0 -19.7529 393.4945 172.5402 158.0539 -2.7446 -124.6469 100.0000 stroke9
movl 0 -16.6364 394.5435 172.6277 158.1163 -3.3848 -126.4273 100.0000 stroke9
movl 0 -15.2675 392.6843 173.2363 156.8599 -3.0737 -125.7327 100.0000 stroke9
movl 0 -15.8161 394.3250 173.1271 157.9488 -3.7298 -125.5669 100.0000 stroke9
movl 0 -12.0167 386.2791 177.0871 151.5190 -1.0167 -119.2216 100.0000 stroke9
movl 0 -7.2973 355.1607 231.4840 138.0567 22.8423 -105.6500 100.0000 stroke9
movl 0 -11.3672 375.4311 224.2404 148.0479 14.5552 -96.6562 100.0000 stroke10
movl 0 -2.0475 380.8249 179.9848 148.7698 7.8903 -101.2829 100.0000 stroke10
movl 0 -0.7532 381.7918 177.1725 149.6690 5.6249 -103.5427 100.0000 stroke10
movl 0 -4.9200 384.0043 176.1284 151.9275 3.5420 -105.0270 100.0000 stroke10
movl 0 -4.2265 386.1046 176.2514 152.6938 0.9650 -108.0852 100.0000 stroke10
movl 0 -5.6754 387.3477 177.1084 154.1888 -0.9442 -110.2127 100.0000 stroke10
movl 0 -6.0227 389.6223 177.8759 155.4809 -3.3746 -112.0961 100.0000 stroke10
movl 0 -4.9050 388.7461 178.0879 154.9136 -3.3339 -112.8412 100.0000 stroke10
movl 0 -5.7945 379.9243 177.6306 151.7694 2.7357 -112.4845 100.0000 stroke10
movl 0 -9.9336 380.3506 179.1612 154.2943 1.3196 -113.2044 100.0000 stroke10
movl 0 -13.4174 381.5369 178.6609 155.3466 0.5102 -112.3093 100.0000 stroke10
movl 0 -15.5780 382.1218 177.2594 155.2472 0.8738 -110.9275 100.0000 stroke10
movl 0 -20.0178 383.0919 175.6824 156.2210 1.7510 -109.7216 100.0000 stroke10
movl 0 -22.6635 383.5807 175.0455 157.1977 2.1937 -109.5278 100.0000 stroke10
movl 0 -25.6883 383.1762 175.1224 158.5405 2.6554 -110.0656 100.0000 stroke10
movl 0 -27.4816 382.5692 175.1519 159.2869 3.1554 -110.4880 100.0000 stroke10
movl 0 -24.9979 383.6581 175.1361 159.5164 2.7855 -112.6581 100.0000 stroke10
movl 0 -22.1159 384.8138 175.0315 159.4292 2.3297 -114.3762 100.0000 stroke10
movl 0 -23.1573 384.7420 174.9841 159.9549 2.2899 -114.3766 100.0000 stroke10
movl 0 -22.6414 380.9305 175.9960 158.1883 3.4366 -112.5380 100.0000 stroke10
movl 0 -18.7025 365.6976 191.5115 151.5280 10.9736 -109.0202 100.0000 stroke10
movl 0 -15.9112 380.0830 218.9922 146.8342 7.2142 -107.9759 100.0000 stroke11
movl 0 -13.5280 380.1613 177.2249 148.3691 6.6222 -111.6844 100.0000 stroke11
movl 0 -17.8881 379.7823 174.4529 151.2150 7.2485 -112.4144 100.0000 stroke11
movl 0 -23.3540 382.6639 172.8345 153.4917 6.5154 -110.5730 100.0000 stroke11
movl 0 -25.2708 385.3328 171.5787 154.3629 5.9028 -109.9152 100.0000 stroke11
movl 0 -28.6558 390.2662 170.5556 156.5498 3.5059 -111.0886 100.0000 stroke11
movl 0 -26.3966 395.4958 170.3478 157.7389 -0.4847 -116.2221 100.0000 stroke11
movl 0 -26.5888 397.5360 170.8474 158.8315 -3.4193 -118.7384 100.0000 stroke11
movl 0 -26.1561 399.4234 171.9296 160.3211 -6.5325 -121.8993 100.0000 stroke11
movl 0 -25.8868 401.8152 172.6173 162.4601 -9.9791 -125.7888 100.0000 stroke11
movl 0 -26.8679 403.9846 173.0768 165.1319 -12.7138 -129.4473 100.0000 stroke11
movl 0 -27.8094 405.6498 173.2302 167.4413 -14.7959 -131.6979 100.0000 stroke11
movl 0 -29.2970 406.2602 173.2295 169.1224 -16.0730 -133.0866 100.0000 stroke11
movl 0 -27.1552 405.2643 173.7951 168.3046 -15.9484 -134.0963 100.0000 stroke11
movl 0 -28.1197 405.5469 173.5418 169.0751 -16.3556 -134.5364 100.0000 stroke11
movl 0 -26.8385 405.7930 173.5192 168.8942 -16.4897 -135.0757 100.0000 stroke11
movl 0 -28.3627 404.9849 173.5320 169.2114 -16.4368 -134.9592 100.0000 stroke11
movl 0 -28.7175 405.0369 173.4554 169.4976 -16.7133 -135.1898 100.0000 stroke11
movl 0 -29.0282 404.9589 173.4246 169.5520 -16.5384 -135.2370 100.0000 stroke11
movl 0 -29.1287 403.9371 173.8828 169.1845 -16.1111 -135.3409 100.0000 stroke11
movl 0 -25.9283 397.0722 177.1817 165.4433 -14.2790 -134.9648 100.0000 stroke11
movl 0 -22.8604 367.0728 214.3940 151.1518 -4.1666 -131.4110 100.0000 stroke11
movl 0 -11.3243 375.3815 206.9841 157.5980 -18.1053 -144.1025 100.0000 stroke12
movl 0 -12.6612 375.5533 181.3133 161.1152 -18.6428 -146.9110 100.0000 stroke12
movl 0 -18.4786 373.3974 177.6569 161.5057 -16.6662 -146.1414 100.0000 stroke12
movl 0 -21.1386 374.4609 176.2547 161.9170 -16.5660 -145.0693 100.0000 stroke12
movl 0 -23.2694 375.8149 175.4384 162.8149 -16.2452 -145.3948 100.0000 stroke12
movl 0 -29.2405 374.9784 175.2517 163.8484 -13.9601 -145.8805 100.0000 stroke12
movl 0 -32.3815 374.3334 175.2935 164.6277 -12.5245 -146.3855 100.0000 stroke12
movl 0 -33.1692 375.4254 175.6487 166.3378 -12.2646 -147.7381 100.0000 stroke12
movl 0 -35.5192 374.3009 175.9600 166.1948 -11.2303 -148.0388 100.0000 stroke12
movl 0 -35.6239 374.2296 175.9007 166.2405 -10.6982 -149.2585 100.0000 stroke12
movl 0 -33.9542 374.9389 175.9454 166.3848 -10.7470 -150.8605 100.0000 stroke12
movl 0 -31.3993 376.0741 176.0024 166.5412 -11.0474 -152.6160 100.0000 stroke12
movl 0 -31.9833 374.7716 176.2280 166.1705 -11.4024 -150.9977 100.0000 stroke12
movl 0 -31.2175 375.6840 176.0549 166.3960 -11.2786 -152.3178 100.0000 stroke12
movl 0 -29.2457 376.4230 176.1658 166.5941 -11.3884 -153.9883 100.0000 stroke12
movl 0 -27.1587 377.0593 176.3267 166.6638 -11.6220 -155.1808 100.0000 stroke12
movl 0 -25.0379 377.5258 176.5442 166.6243 -11.8975 -156.0501 100.0000 stroke12
movl 0 -22.7611 377.9195 176.7866 166.5509 -12.2326 -156.8331 100.0000 stroke12
movl 0 -14.5166 373.7708 180.2378 163.9182 -12.7570 -157.8032 100.0000 stroke12
movl 0 1.4337 358.2534 209.8749 155.7242 -14.3295 -156.5175 100.0000 stroke12
movl 0 -11.1281 371.8264 207.6758 157.3692 -14.2995 -146.5200 100.0000 stroke13
movl 0 -7.0928 371.4877 183.0157 160.9990 -15.6531 -153.2115 100.0000 stroke13
movl 0 -10.6547 371.4929 180.6867 162.3926 -14.9902 -156.3636 100.0000 stroke13
movl 0 -13.9103 372.4731 179.2449 162.6436 -14.5557 -157.3013 100.0000 stroke13
movl 0 -18.0317 372.6700 178.0232 162.8606 -13.6304 -156.7100 100.0000 stroke13
movl 0 -22.8928 372.7583 177.2858 163.5625 -11.8787 -156.6883 100.0000 stroke13
movl 0 -25.9003 375.1148 177.0684 165.9327 -10.6763 -158.9732 100.0000 stroke13
movl 0 -28.1189 379.0194 176.5178 168.8290 -9.9610 -161.9117 100.0000 stroke13
movl 0 -26.3727 382.9420 175.7606 170.8821 -10.4131 -164.3501 100.0000 stroke13
movl 0 -23.6360 384.6604 175.4262 170.9871 -10.8234 -165.4949 100.0000 stroke13
movl 0 -23.5708 387.1496 175.5077 173.8903 -11.7218 -165.8718 100.0000 stroke13
movl 0 -21.0248 384.5625 176.4241 171.9842 -11.7705 -165.3837 100.0000 stroke13
movl 0 -21.0264 385.8298 176.3279 173.8758 -12.2179 -165.4981 100.0000 stroke13
movl 0 -15.8493 378.1755 177.9621 167.5687 -13.6415 -160.2964 100.0000 stroke13
movl 0 -1.8631 362.7738 174.4370 150.4058 -8.8658 -146.4125 100.0000 stroke13
movl 0 -2.7203 362.1780 173.5595 148.8542 -5.8312 -142.7728 100.0000 stroke13
movl 0 -6.6844 361.4533 173.8811 149.6312 -5.0064 -142.4065 100.0000 stroke13
movl 0 -7.8841 360.4753 174.1242 149.6141 -4.3878 -141.9493 100.0000 stroke13
movl 0 -9.5519 359.3054 175.3000 149.4466 -2.1285 -139.4055 100.0000 stroke13
movl 0 -20.4674 348.6082 217.7070 149.7471 0.5020 -134.9885 100.0000 stroke13
movl 0 -29.5608 354.4672 191.4406 151.4620 -5.1969 -122.6290 100.0000 stroke14
movl 0 -33.3711 350.1123 175.3525 153.2003 -4.5628 -123.6972 100.0000 stroke14
movl 0 -39.5435 348.4719 174.5159 153.6610 -2.7591 -123.7780 100.0000 stroke14
movl 0 -45.8487 344.9638 173.2568 154.1513 -0.8436 -122.7349 100.0000 stroke14
movl 0 -49.0736 346.0552 172.5687 155.5412 -1.4041 -122.9950 100.0000 stroke14
movl 0 -52.7073 348.1458 172.1274 157.7468 -3.4678 -123.6400 100.0000 stroke14
movl 0 -54.4875 349.4695 171.9003 159.0943 -4.8824 -124.2121 100.0000 stroke14
movl 0 -56.0906 350.4695 171.5417 160.0607 -6.0569 -123.5178 100.0000 stroke14
movl 0 -54.0840 350.4902 172.0124 159.4023 -5.7050 -124.6069 100.0000 stroke14
movl 0 -56.6210 350.5315 171.5488 160.8764 -6.1627 -124.5638 100.0000 stroke14
movl 0 -57.2493 350.0948 171.8356 160.5862 -5.4886 -124.8947 100.0000 stroke14
movl 0 -56.8299 348.4436 172.1388 159.8013 -3.9170 -126.1238 100.0000 stroke14
movl 0 -56.3501 348.5696 172.2532 159.8129 -4.5002 -125.5586 100.0000 stroke14
movl 0 -57.6099 347.0680 172.3976 159.7786 -3.8400 -125.4261 100.0000 stroke14
movl 0 -56.3947 347.6336 172.3464 159.5496 -3.2441 -127.2432 100.0000 stroke14
movl 0 -56.1456 347.8554 172.1961 159.4354 -3.1134 -127.4656 100.0000 stroke14
movl 0 -56.0406 347.9931 172.1475 159.4534 -2.8156 -128.0015 100.0000 stroke14
movl 0 -55.5038 348.0382 172.2290 159.3320 -2.6935 -128.3858 100.0000 stroke14
movl 0 -54.7899 347.6553 172.4212 159.0607 -2.5086 -128.6959 100.0000 stroke14
movl 0 -53.7324 347.4397 172.6555 158.7710 -2.4816 -128.9856 100.0000 stroke14
movl 0 -51.5482 346.5085 173.4200 158.0859 -2.4333 -129.5214 100.0000 stroke14
movl 0 -43.0728 341.2840 178.6066 154.8825 -1.6964 -130.7674 100.0000 stroke14
movl 0 -35.3166 326.4214 214.9411 149.0907 1.2696 -130.3198 100.0000 stroke14
movl 0 -12.4112 353.5678 212.9839 147.9937 -4.8351 -121.6223 100.0000 stroke15
movl 0 -17.7172 352.5823 179.4266 150.2550 -7.2256 -123.4112 100.0000 stroke15
movl 0 -24.3981 349.1902 174.7062 151.6256 -5.7498 -124.2956 100.0000 stroke15
movl 0 -33.8312 344.7527 173.6755 153.0795 -2.7069 -124.3554 100.0000 stroke15
movl 0 -36.1911 345.6595 172.1742 153.5705 -1.9788 -124.5665 100.0000 stroke15
movl 0 -40.0044 347.8441 171.1944 155.6237 -2.1271 -124.8885 100.0000 stroke15
movl 0 -40.6792 349.6046 172.0723 157.7475 -3.5586 -125.7474 100.0000 stroke15
movl 0 -40.9953 350.1559 172.7646 158.9160 -4.0822 -126.2756 100.0000 stroke15
movl 0 -40.1271 350.9244 173.2803 159.7034 -4.4591 -126.8069 100.0000 stroke15
movl 0 -38.5027 352.5868 173.6145 160.7558 -5.1587 -127.5800 100.0000 stroke15
movl 0 -37.5448 354.3265 173.8446 162.0770 -5.7649 -128.4260 100.0000 stroke15
movl 0 -36.2693 355.8458 174.1272 163.3010 -6.2929 -129.5535 100.0000 stroke15
movl 0 -34.5964 357.1400 174.4835 164.3855 -6.5868 -130.7746 100.0000 stroke15
movl 0 -33.3698 358.7631 174.7824 165.7201 -6.5938 -132.0058 100.0000 stroke15
movl 0 -32.2002 359.9849 174.8364 166.6032 -6.2658 -132.9264 100.0000 stroke15
movl 0 -30.7914 361.6907 174.8515 167.4022 -6.2420 -133.8801 100.0000 stroke15
movl 0 -29.1592 363.5539 174.7585 168.3341 -6.2134 -135.5177 100.0000 stroke15
movl 0 -27.3627 365.3696 174.7445 168.8661 -6.3216 -136.7963 100.0000 stroke15
movl 0 -27.2177 365.3290 175.0090 168.8688 -6.2833 -137.0009 100.0000 stroke15
movl 0 -27.3668 363.0680 175.6455 168.0807 -6.1795 -135.5688 100.0000 stroke15
movl 0 -24.2289 364.4664 175.3748 167.5784 -7.0838 -135.4155 100.0000 stroke15
movl 0 -24.4124 363.4732 175.8720 167.2826 -6.9184 -134.9713 100.0000 stroke15
movl 0 -22.7992 364.6548 175.8842 167.5399 -7.2407 -135.7179 100.0000 stroke15
movl 0 -22.2966 363.5040 176.4784 167.2069 -7.7221 -135.1598 100.0000 stroke15
movl 0 -21.0865 364.8313 176.4074 167.6929 -8.0539 -135.9877 100.0000 stroke15
movl 0 -20.0274 364.8653 176.7634 167.7306 -8.2454 -136.3468 100.0000 stroke15
movl 0 -19.3721 362.5061 177.6161 167.0984 -8.3182 -135.8773 100.0000 stroke15
movl 0 -16.8624 363.8375 177.6290 167.0516 -8.6506 -136.6363 100.0000 stroke15
movl 0 -15.9956 364.0517 177.6246 167.0722 -8.7243 -136.9740 100.0000 stroke15
movl 0 -14.7793 364.3497 177.5092 166.6947 -8.8488 -136.6824 100.0000 stroke15
movl 0 -3.2065 359.4557 176.2858 158.4669 -10.0495 -128.9197 100.0000 stroke15
movl 0 -7.5385 365.3804 173.0312 160.4539 -10.7114 -127.5551 100.0000 stroke15
movl 0 -14.4689 366.6806 172.9272 163.9693 -8.9986 -129.6555 100.0000 stroke15
movl 0 -20.9107 364.3305 173.6891 164.7154 -6.0742 -130.2084 100.0000 stroke15
movl 0 -23.7774 364.2946 173.9754 164.5071 -4.6799 -130.2716 100.0000 stroke15
movl 0 -24.8490 363.2571 174.3825 164.2341 -4.1001 -129.8796 100.0000 stroke15
movl 0 -25.2127 361.7924 174.8254 164.5836 -4.1289 -129.7912 100.0000 stroke15
movl 0 -27.6086 361.1994 174.9410 163.7013 -2.6399 -129.2820 100.0000 stroke15
movl 0 -27.7183 360.0407 175.4296 163.3355 -2.4387 -128.8349 100.0000 stroke15
movl 0 -28.0901 359.1979 175.5829 162.9382 -1.9649 -128.6730 100.0000 stroke15
movl 0 -28.6635 358.7944 175.6973 162.2300 -1.2933 -128.3834 100.0000 stroke15
movl 0 -28.4904 358.2758 175.8405 161.9619 -1.0663 -128.1723 100.0000 stroke15
movl 0 -28.4405 357.3026 175.7764 161.4713 -0.6081 -127.8219 100.0000 stroke15
movl 0 -27.8959 356.2769 175.9942 160.8870 -0.2947 -127.3489 100.0000 stroke15
movl 0 -20.3575 338.8277 182.6205 153.8340 3.4326 -124.4011 100.0000 stroke15
movl 0 -13.3133 290.4794 237.1782 136.6656 20.5115 -118.0075 100.0000 stroke15
movl 0 -46.6171 325.3871 236.6133 142.5683 5.9053 -139.3684 100.0000 stroke16
movl 0 -38.0241 341.9703 186.3122 152.5974 -8.7649 -149.1724 100.0000 stroke16
movl 0 -37.7690 340.9514 181.1466 156.3538 -10.5486 -154.9670 100.0000 stroke16
movl 0 -42.7580 342.5959 180.4439 159.8700 -9.4937 -158.1068 100.0000 stroke16
movl 0 -45.3005 342.2155 180.3266 160.3717 -8.6098 -158.9712 100.0000 stroke16
movl 0 -44.6961 343.3567 180.1248 161.3543 -8.5393 -160.2328 100.0000 stroke16
movl 0 -46.2812 345.1598 179.8244 163.1418 -8.5900 -161.5600 100.0000 stroke16
movl 0 -48.7469 347.8849 179.0065 165.1375 -8.4998 -162.4369 100.0000 stroke16
movl 0 -50.8888 348.5570 178.3070 166.4715 -8.6140 -161.1883 100.0000 stroke16
movl 0 -51.3567 345.4137 178.7280 165.2867 -8.1357 -160.4217 100.0000 stroke16
movl 0 -54.6898 344.2291 178.4550 165.5924 -6.5315 -160.6683 100.0000 stroke16
movl 0 -58.5710 343.2726 178.3565 166.8363 -5.3746 -161.2774 100.0000 stroke16
movl 0 -60.8493 341.6787 178.3359 166.8794 -4.7108 -161.9282 100.0000 stroke16
movl 0 -63.4835 340.5407 178.2658 165.8163 -3.6034 -162.9230 100.0000 stroke16
movl 0 -62.2317 341.9125 178.2445 165.4432 -3.7135 -164.7007 100.0000 stroke16
movl 0 -63.7422 339.0947 178.2611 165.6094 -3.6483 -163.4678 100.0000 stroke16
movl 0 -63.0450 341.3580 178.1105 165.3728 -3.5085 -165.3585 100.0000 stroke16
movl 0 -61.6228 342.7353 178.2016 165.1435 -3.5630 -167.0598 100.0000 stroke16
movl 0 -60.0469 343.2933 178.5379 164.9776 -3.8691 -167.7370 100.0000 stroke16
movl 0 -58.0706 343.3216 179.0171 164.6438 -4.2853 -168.3027 100.0000 stroke16
movl 0 -52.9141 340.8446 181.2831 163.0519 -5.3836 -169.0042 100.0000 stroke16
movl 0 -37.9280 324.2136 208.0471 154.9572 -8.7724 -167.4968 100.0000 stroke16
movl 0 -19.1525 350.3674 240.5388 156.8679 -16.2731 -160.8033 100.0000 stroke17
movl 0 -10.9512 356.5069 196.5002 165.7242 -20.2740 -174.3413 100.0000 stroke17
movl 0 -5.8406 358.7372 181.9409 170.1321 -21.0963 178.1480 100.0000 stroke17
movl 0 -10.5693 357.0494 183.8537 171.2469 -18.6253 175.0383 100.0000 stroke17
movl 0 -12.6491 358.2996 183.1452 171.6236 -17.9872 174.9662 100.0000 stroke17
movl 0 -14.4996 360.0836 181.4385 172.0340 -18.2228 175.9177 100.0000 stroke17
movl 0 -17.1251 363.5263 179.5342 172.9448 -17.3210 175.6045 100.0000 stroke17
movl 0 -23.6860 367.8912 178.8783 175.3169 -13.4459 172.3499 100.0000 stroke17
movl 0 -26.5642 372.7352 178.2631 177.6211 -10.8267 168.9506 100.0000 stroke17
movl 0 -26.9154 376.3012 177.4747 179.0259 -9.5831 166.2850 100.0000 stroke17
movl 0 -24.6027 379.9885 176.7279 -179.8595 -9.5243 165.1108 100.0000 stroke17
movl 0 -23.8874 383.3294 176.4575 -177.2323 -9.0075 165.1166 100.0000 stroke17
movl 0 -23.1503 381.8201 177.2731 -177.9192 -9.2429 165.3547 100.0000 stroke17
movl 0 -21.7458 380.8355 177.7498 -178.8274 -9.7010 165.3700 100.0000 stroke17
movl 0 -22.5728 381.6737 177.7542 -177.0978 -8.9775 165.0357 100.0000 stroke17
movl 0 -20.7407 379.7307 178.7836 -177.9248 -9.7339 164.6835 100.0000 stroke17
movl 0 -21.0424 379.9654 178.6926 -176.9486 -9.2508 164.2010 100.0000 stroke17
movl 0 -21.7533 379.0863 178.9868 -177.5089 -9.3046 164.5466 100.0000 stroke17
movl 0 -21.1153 378.1901 179.3219 -177.9582 -9.8818 164.7243 100.0000 stroke17
movl 0 -20.2320 376.7950 179.9566 -178.6326 -10.6444 165.0550 100.0000 stroke17
movl 0 -20.2858 369.1069 182.4152 178.0481 -12.0053 166.6486 100.0000 stroke17
movl 0 -23.7833 355.4336 188.1876 170.4894 -12.9667 171.9147 100.0000 stroke17
movl 0 -38.4561 321.6572 240.2754 155.3873 -9.8004 -175.1623 100.0000 stroke17
