movl 0 -32.4119 400.8021 178.7847 -158.3108 19.7490 3.9417 100.0000 stroke1
movl 0 -32.4896 400.2090 180.5718 -158.5266 20.3284 3.1396 100.0000 stroke1
movl 0 -23.2939 405.4744 183.2710 -150.2680 12.4759 29.8870 100.0000 stroke1
movl 0 -20.1987 399.0101 189.5887 -145.0013 1.9933 47.9617 100.0000 stroke1
movl 0 -27.4876 390.8906 181.0555 -147.4733 -0.0259 47.7576 100.0000 stroke1
movl 0 -33.1093 392.2572 176.6658 -149.3250 0.6866 47.4274 100.0000 stroke1
movl 0 -34.0220 394.5164 174.0802 -149.8625 -0.0634 48.8620 100.0000 stroke1
movl 0 -33.9078 395.4603 172.5205 -150.4274 -0.3733 49.4974 100.0000 stroke1
movl 0 -34.5702 397.2070 171.6449 -150.7194 0.3920 48.5049 100.0000 stroke1
movl 0 -35.2762 398.4827 170.7120 -150.7878 1.0475 48.2118 100.0000 stroke1
movl 0 -35.1430 399.4473 170.0806 -150.8325 1.1513 48.5459 100.0000 stroke1
movl 0 -36.6904 400.7383 169.3822 -152.0924 1.0666 48.6393 100.0000 stroke1
movl 0 -38.4136 401.6949 169.3586 -153.6446 0.6663 48.0684 100.0000 stroke1
movl 0 -40.1791 403.0278 169.0338 -155.2583 0.5199 47.5078 100.0000 stroke1
movl 0 -40.9292 405.2616 168.0970 -156.8351 0.9652 46.6748 100.0000 stroke1
movl 0 -38.7399 407.5572 168.2019 -157.7656 1.8139 45.0038 100.0000 stroke1
movl 0 -36.9197 409.0011 167.9410 -158.0045 2.5957 44.1274 100.0000 stroke1
movl 0 -36.3940 410.3999 168.4177 -159.0371 4.4769 44.0477 100.0000 stroke1
movl 0 -36.1678 409.2598 169.2108 -159.1361 4.5266 43.8598 100.0000 stroke1
movl 0 -35.5757 409.3727 169.6015 -159.3988 4.8539 43.8332 100.0000 stroke1
movl 0 -35.1605 407.4383 170.1174 -158.3084 4.1705 44.1252 100.0000 stroke1
movl 0 -35.3643 406.3752 170.1917 -157.5616 3.6300 44.8684 100.0000 stroke1
movl 0 -33.4706 401.4878 172.8889 -153.9118 2.0099 47.2539 100.0000 stroke1
movl 0 -33.5306 379.4620 209.5007 -143.8176 -10.7178 56.9994 100.0000 stroke1
movl 0 -30.9939 383.5112 236.5229 -147.2598 -15.5110 75.8217 100.0000 stroke2
movl 0 -24.5860 385.7952 183.9537 -148.9910 -13.4267 76.5689 100.0000 stroke2
movl 0 -28.4856 384.7938 174.7494 -150.6852 -12.9398 76.5243 100.0000 stroke2
movl 0 -35.8220 385.3100 170.6478 -152.4152 -13.3721 77.6338 100.0000 stroke2
movl 0 -38.2884 386.4492 169.5549 -152.8953 -13.2697 77.9966 100.0000 stroke2
movl 0 -39.0323 388.1617 168.3557 -152.7346 -12.4179 77.7440 100.0000 stroke2
movl 0 -40.4911 389.3801 167.5682 -153.4359 -11.8196 77.7202 100.0000 stroke2
movl 0 -41.2539 390.2804 167.5617 -154.6954 -11.1349 76.8672 100.0000 stroke2
movl 0 -42.2132 390.7207 167.7053 -155.9211 -10.5550 76.2626 100.0000 stroke2
movl 0 -43.5111 390.6340 167.8659 -156.5779 -10.6234 75.8792 100.0000 stroke2
movl 0 -44.4778 390.4201 168.0928 -157.2764 -11.0317 75.3738 100.0000 stroke2
movl 0 -43.2406 390.9638 168.3246 -157.6699 -11.0160 74.4261 100.0000 stroke2
movl 0 -41.7282 391.5343 168.6293 -158.1551 -10.9283 73.2117 100.0000 stroke2
movl 0 -38.9840 392.6811 168.9142 -158.5699 -10.6791 71.4429 100.0000 stroke2
movl 0 -36.7672 393.8218 169.1140 -159.4120 -10.4539 69.3473 100.0000 stroke2
movl 0 -35.1435 395.4598 169.0228 -160.5421 -10.2007 67.3149 100.0000 stroke2
movl 0 -34.4415 396.5703 168.8904 -161.5687 -10.3648 65.3646 100.0000 stroke2
movl 0 -34.0344 395.7197 169.1569 -161.1685 -10.5678 65.2161 100.0000 stroke2
movl 0 -32.4946 394.0656 169.8647 -159.9894 -10.9954 64.9781 100.0000 stroke2
movl 0 -31.6681 393.3592 170.3822 -159.5805 -11.2896 64.6708 100.0000 stroke2
movl 0 -30.8169 393.1664 170.6000 -159.4903 -11.2329 64.4936 100.0000 stroke2
movl 0 -30.6051 393.8461 170.4910 -159.9648 -10.3290 64.7541 100.0000 stroke2
movl 0 -29.8288 393.6946 170.4209 -160.1390 -9.6699 64.7688 100.0000 stroke2
movl 0 -30.3405 391.0868 170.5360 -157.9250 -10.5389 67.4838 100.0000 stroke2
movl 0 -22.7130 381.7290 178.9784 -150.4574 -16.4540 72.9871 100.0000 stroke2
movl 0 -26.3630 364.1783 222.2285 -146.1214 -22.1708 75.1850 100.0000 stroke2
movl 0 -29.7448 372.9123 244.7572 -141.4184 -12.4192 75.9959 100.0000 stroke3
movl 0 -31.4249 373.5107 190.2809 -146.0617 -9.0472 70.7682 100.0000 stroke3
movl 0 -34.9590 374.3742 175.2181 -148.7948 -8.6586 70.0235 100.0000 stroke3
movl 0 -40.3069 372.9690 173.4323 -151.2564 -10.3443 70.1109 100.0000 stroke3
movl 0 -40.5884 376.1916 170.8367 -152.1195 -9.4247 70.1302 100.0000 stroke3
movl 0 -41.2854 377.2832 169.7531 -152.4400 -9.1980 70.1830 100.0000 stroke3
movl 0 -42.9509 379.5274 168.0868 -153.5011 -8.0388 70.3859 100.0000 stroke3
movl 0 -43.7877 381.2394 168.2015 -154.5441 -6.1921 69.9036 100.0000 stroke3
movl 0 -43.9616 382.1234 168.7701 -155.0300 -4.4730 69.0236 100.0000 stroke3
movl 0 -44.3820 382.5616 169.4410 -155.5738 -2.8267 68.1328 100.0000 stroke3
movl 0 -44.8487 382.6141 170.0617 -156.0037 -1.5049 67.4098 100.0000 stroke3
movl 0 -45.7524 382.2615 170.8258 -156.5249 -0.3218 66.2758 100.0000 stroke3
movl 0 -46.6521 382.2916 171.4828 -157.0972 1.4316 65.6333 100.0000 stroke3
movl 0 -48.1487 381.9571 172.1729 -157.8035 2.9466 64.9836 100.0000 stroke3
movl 0 -50.0138 381.5210 172.5362 -158.5659 4.3825 64.5564 100.0000 stroke3
movl 0 -52.0067 380.5153 172.9999 -159.1123 5.3395 64.8505 100.0000 stroke3
movl 0 -54.0929 379.1208 173.5131 -159.4675 5.9489 65.5485 100.0000 stroke3
movl 0 -56.6557 377.5392 174.0155 -159.7808 6.2887 66.4677 100.0000 stroke3
movl 0 -58.6985 376.1988 174.6399 -159.7860 6.4796 67.2913 100.0000 stroke3
movl 0 -60.3461 375.1029 175.1748 -159.7720 6.5205 68.1204 100.0000 stroke3
movl 0 -61.3418 374.1447 175.8001 -159.4923 6.4965 68.8698 100.0000 stroke3
movl 0 -57.1371 372.1078 182.4747 -156.2123 6.6919 70.6466 100.0000 stroke3
movl 0 -45.9781 359.8447 241.1149 -146.2657 2.6704 74.0674 100.0000 stroke3
movl 0 6.3699 398.5262 196.9704 -143.1067 -10.1307 81.8095 100.0000 stroke4
movl 0 -4.5451 396.5211 176.4166 -147.7999 -9.9759 83.8888 100.0000 stroke4
movl 0 -14.9206 392.7256 174.4845 -150.3671 -10.6013 86.9154 100.0000 stroke4
movl 0 -21.1811 393.7178 170.9681 -151.9696 -10.6680 89.8152 100.0000 stroke4
movl 0 -22.0773 394.7485 170.2710 -152.4244 -10.5203 90.7552 100.0000 stroke4
movl 0 -23.6595 395.8792 169.1046 -152.9120 -10.2857 91.3073 100.0000 stroke4
movl 0 -26.4117 396.6309 168.6303 -154.5063 -10.1453 91.3076 100.0000 stroke4
movl 0 -27.9278 396.4540 169.1548 -156.0591 -9.8922 91.0152 100.0000 stroke4
movl 0 -29.1523 396.0811 169.4494 -156.9103 -10.1002 90.8386 100.0000 stroke4
movl 0 -28.1550 396.3602 169.6839 -157.4799 -10.0335 90.0536 100.0000 stroke4
movl 0 -24.1322 397.4312 169.8877 -157.7355 -9.6064 88.2740 100.0000 stroke4
movl 0 -18.7358 399.4337 169.7407 -158.0722 -8.7548 85.5035 100.0000 stroke4
movl 0 -14.0107 400.8942 169.2266 -157.7607 -8.1263 83.9635 100.0000 stroke4
movl 0 -9.5727 399.9677 170.2003 -155.7860 -8.1502 83.2463 100.0000 stroke4
movl 0 -7.6701 403.5257 168.4433 -155.7157 -6.2045 82.6422 100.0000 stroke4
movl 0 -3.4086 408.2920 166.1229 -155.2202 -3.2096 81.2133 100.0000 stroke4
movl 0 -1.0711 411.2779 164.4195 -154.0258 -1.2274 81.8853 100.0000 stroke4
movl 0 -1.5862 412.7033 164.6363 -153.5113 0.9398 83.0288 100.0000 stroke4
movl 0 -2.4256 412.0674 165.3420 -153.2743 1.4430 83.8560 100.0000 stroke4
movl 0 -1.1839 408.6120 167.3502 -152.5217 -0.7095 83.2898 100.0000 stroke4
movl 0 3.0473 391.5955 185.4169 -148.8828 -14.1980 84.8539 100.0000 stroke4
movl 0 -24.2809 385.7309 234.3121 -155.5301 -22.8197 100.0180 100.0000 stroke5
movl 0 -15.5184 390.3649 192.2027 -153.1040 -15.8837 97.6755 100.0000 stroke5
movl 0 -20.0354 388.4795 184.3590 -155.2972 -14.3283 100.1759 100.0000 stroke5
movl 0 -28.2551 388.6127 179.1827 -157.6169 -13.8896 102.9255 100.0000 stroke5
movl 0 -32.6778 389.4603 177.1429 -158.7780 -13.5550 104.0659 100.0000 stroke5
movl 0 -34.6960 390.1965 175.6909 -159.5596 -13.3453 104.3056 100.0000 stroke5
movl 0 -35.8070 390.6059 175.0673 -159.7697 -13.2232 104.3059 100.0000 stroke5
movl 0 -38.2462 390.9305 174.6893 -161.1536 -12.5805 103.8475 100.0000 stroke5
movl 0 -40.0940 390.9867 174.8225 -162.4220 -11.7968 103.2116 100.0000 stroke5
movl 0 -41.4805 390.8620 174.9395 -162.8933 -11.5892 102.7781 100.0000 stroke5
movl 0 -42.0698 391.0387 174.9566 -163.4603 -11.4396 101.9908 100.0000 stroke5
movl 0 -40.6906 391.7834 175.0679 -163.9086 -11.0300 100.6687 100.0000 stroke5
movl 0 -38.0739 393.0361 175.0064 -164.2206 -10.4955 98.9380 100.0000 stroke5
movl 0 -35.0358 394.5123 174.8583 -164.6727 -9.7639 97.0257 100.0000 stroke5
movl 0 -31.0912 396.1975 174.6614 -165.0424 -9.0128 94.7479 100.0000 stroke5
movl 0 -30.1333 396.0316 174.6091 -165.1515 -9.0561 94.3485 100.0000 stroke5
movl 0 -28.2273 393.1567 176.0824 -164.1040 -10.5854 94.0289 100.0000 stroke5
movl 0 -28.8381 393.9935 175.7308 -164.7320 -9.6797 94.4518 100.0000 stroke5
movl 0 -28.8843 394.5969 175.2595 -164.5616 -9.4283 95.1765 100.0000 stroke5
movl 0 -28.3657 385.4866 178.0096 -162.5438 -17.2228 100.3786 100.0000 stroke5
movl 0 -23.2754 373.4523 200.2752 -161.3092 -29.2000 103.8371 100.0000 stroke5
movl 0 -19.1436 400.8873 237.8250 -162.0626 -33.2217 121.7633 100.0000 stroke6
movl 0 -18.0339 401.6635 191.5674 -159.3383 -26.5434 118.6923 100.0000 stroke6
movl 0 -15.8825 401.4899 178.9981 -158.6598 -23.0253 115.6499 100.0000 stroke6
movl 0 -21.3680 398.7821 175.5140 -161.1031 -22.8780 116.3439 100.0000 stroke6
movl 0 -22.6202 400.7792 173.0841 -162.3063 -22.2370 117.5992 100.0000 stroke6
movl 0 -22.8816 402.9821 170.6686 -162.5306 -21.7640 118.8352 100.0000 stroke6
movl 0 -23.6019 403.4719 169.5610 -162.5659 -21.8368 118.6604 100.0000 stroke6
movl 0 -25.9550 405.8888 168.3153 -162.7121 -19.9257 118.5788 100.0000 stroke6
movl 0 -25.3836 407.7631 168.0905 -162.3775 -18.0115 116.9201 100.0000 stroke6
movl 0 -25.7800 408.9004 168.0027 -161.7286 -16.5235 116.1773 100.0000 stroke6
movl 0 -26.6125 410.0400 169.1900 -160.4441 -13.8635 115.4934 100.0000 stroke6
movl 0 -28.1017 411.4306 169.8767 -159.5852 -11.1190 114.9214 100.0000 stroke6
movl 0 -28.9467 411.2914 170.1491 -159.5749 -10.4830 114.7610 100.0000 stroke6
movl 0 -29.0579 411.2624 169.9899 -159.7416 -10.6184 114.8121 100.0000 stroke6
movl 0 -26.5175 407.6901 173.4821 -160.2769 -13.4819 114.7719 100.0000 stroke6
movl 0 -21.6589 390.3736 217.4789 -163.2073 -25.9295 116.3597 100.0000 stroke6
movl 0 -18.5967 378.8091 229.8194 -168.0879 -36.0476 122.6876 100.0000 stroke7
movl 0 -9.5024 389.3854 181.0391 -163.5063 -28.5788 116.8812 100.0000 stroke7
movl 0 -9.2104 392.6705 174.3760 -161.4519 -25.3498 115.3978 100.0000 stroke7
movl 0 -12.3504 395.7949 171.2495 -161.5690 -22.9034 115.3740 100.0000 stroke7
movl 0 -13.5211 397.7194 169.3078 -162.3534 -22.6531 116.4654 100.0000 stroke7
movl 0 -14.3418 398.7044 168.2203 -162.6937 -22.6606 116.7288 100.0000 stroke7
movl 0 -16.4729 401.1921 167.2041 -163.0369 -21.0793 116.5659 100.0000 stroke7
movl 0 -15.7550 403.7325 166.7523 -162.5754 -18.7780 115.1608 100.0000 stroke7
movl 0 -16.3651 404.8675 166.7532 -161.9873 -17.1555 114.4669 100.0000 stroke7
movl 0 -17.0054 406.8621 167.7667 -160.2940 -13.9658 113.3589 100.0000 stroke7
movl 0 -17.7151 408.2885 168.5480 -158.8646 -11.2235 112.4365 100.0000 stroke7
movl 0 -18.2820 408.3137 168.6905 -158.7283 -10.6742 112.0734 100.0000 stroke7
movl 0 -16.9219 405.7818 170.2027 -159.0097 -12.4514 111.7203 100.0000 stroke7
movl 0 -9.7006 393.5433 187.3919 -158.9986 -22.2796 111.0592 100.0000 stroke7
movl 0 -7.3871 378.1894 191.1029 -150.8893 -21.6176 106.5172 100.0000 stroke8
movl 0 -8.6744 377.1834 175.2906 -151.5843 -19.2592 105.3668 100.0000 stroke8
movl 0 -14.4522 376.4145 172.0492 -154.2537 -18.4096 106.4200 100.0000 stroke8
movl 0 -17.2822 377.4909 170.2656 -155.1270 -17.7398 106.6083 100.0000 stroke8
movl 0 -19.6008 379.6275 168.3061 -155.3932 -17.0138 106.8569 100.0000 stroke8
movl 0 -21.4947 380.5106 167.3026 -155.4215 -16.6965 106.9804 100.0000 stroke8
movl 0 -23.6796 380.7266 166.9818 -156.4946 -16.2021 106.7557 100.0000 stroke8
movl 0 -25.9307 380.6963 166.9431 -157.8402 -15.4187 106.7143 100.0000 stroke8
movl 0 -26.4453 380.3911 167.2543 -158.3766 -15.1048 106.6856 100.0000 stroke8
movl 0 -26.4270 380.2967 167.5858 -158.6316 -15.1179 106.3518 100.0000 stroke8
movl 0 -24.6602 380.4698 167.8590 -158.7635 -14.9250 105.4848 100.0000 stroke8
movl 0 -22.5087 381.0051 168.0632 -158.9997 -14.6444 104.5414 100.0000 stroke8
movl 0 -20.2999 381.4445 168.3499 -159.2592 -14.2728 103.5524 100.0000 stroke8
movl 0 -17.3962 382.1716 168.5155 -159.2981 -13.8575 102.3326 100.0000 stroke8
movl 0 -14.2635 382.6457 168.8225 -159.3929 -13.6241 101.4301 100.0000 stroke8
movl 0 -11.0793 383.3522 168.9446 -159.4056 -13.2446 100.3078 100.0000 stroke8
movl 0 -7.5873 384.3443 168.9680 -159.6424 -12.7548 98.8677 100.0000 stroke8
movl 0 -3.8921 385.3874 168.8850 -159.8879 -12.5331 98.0573 100.0000 stroke8
movl 0 -2.0259 384.4415 169.2420 -159.0319 -13.0996 98.1747 100.0000 stroke8
movl 0 2.4856 384.2926 169.3861 -157.2956 -13.4265 97.7997 100.0000 stroke8
movl 0 5.0460 386.6120 168.2636 -156.4845 -12.4376 97.3604 100.0000 stroke8
movl 0 7.7206 391.2705 165.8794 -155.6619 -9.8068 96.9362 100.0000 stroke8
movl 0 14.0089 396.8156 162.2298 -153.2006 -7.3134 96.0451 100.0000 stroke8
movl 0 19.0624 400.9940 159.0574 -150.8118 -5.8306 96.1131 100.0000 stroke8
movl 0 19.0872 402.0277 158.1921 -150.2165 -5.2672 96.4854 100.0000 stroke8
movl 0 18.5282 402.3122 157.9669 -149.9076 -5.0102 96.8346 100.0000 stroke8
movl 0 17.6285 401.8908 158.3251 -149.7329 -5.0345 97.2844 100.0000 stroke8
movl 0 16.6750 401.4301 158.7964 -149.6915 -4.9731 97.5886 100.0000 stroke8
movl 0 16.0314 400.8196 159.2473 -149.5981 -5.0826 97.8602 100.0000 stroke8
movl 0 15.0964 399.9728 159.8888 -149.6234 -5.2901 98.1081 100.0000 stroke8
movl 0 14.5017 399.0544 160.5939 -149.6518 -5.6222 98.2787 100.0000 stroke8
movl 0 13.9720 398.1914 161.2302 -149.6895 -5.9573 98.4776 100.0000 stroke8
movl 0 13.0802 397.2179 161.8952 -149.8706 -6.2986 98.6447 100.0000 stroke8
movl 0 12.4624 396.4093 162.5170 -149.9779 -6.5971 98.7783 100.0000 stroke8
movl 0 13.3129 394.5665 163.6428 -149.7647 -7.5270 98.7517 100.0000 stroke8
movl 0 17.9614 387.6070 169.0387 -148.9107 -11.9719 98.3076 100.0000 stroke8
movl 0 15.8436 372.6125 208.9262 -147.9710 -19.9804 100.5993 100.0000 stroke8
movl 0 2.9747 390.6773 201.3182 -150.1113 -24.9395 115.0636 100.0000 stroke9
movl 0 2.1485 390.2379 183.8327 -150.4967 -23.5544 114.8390 100.0000 stroke9
movl 0 1.9391 390.4372 174.5145 -151.0652 -23.2975 114.8857 100.0000 stroke9
movl 0 -1.6262 390.0525 172.3459 -152.4886 -21.6643 116.0772 100.0000 stroke9
movl 0 -8.5832 389.4930 171.9288 -154.4079 -19.9146 117.5911 100.0000 stroke9
movl 0 -14.8314 388.4905 171.3920 -156.5898 -19.0802 118.9348 100.0000 stroke9
movl 0 -18.5948 388.4876 170.6104 -157.6228 -17.6098 119.6655 100.0000 stroke9
movl 0 -19.1256 388.7772 169.9309 -157.5619 -17.3479 119.6007 100.0000 stroke9
movl 0 -20.5924 389.3055 168.8721 -157.6163 -16.9159 119.6396 100.0000 stroke9
movl 0 -23.2933 391.3064 167.4448 -157.5418 -15.4631 119.7558 100.0000 stroke9
movl 0 -26.1182 393.1365 165.7586 -157.4616 -14.1348 119.9662 100.0000 stroke9
movl 0 -29.4902 394.7933 164.3696 -157.1872 -12.5018 120.6221 100.0000 stroke9
movl 0 -30.9759 394.7321 164.1638 -157.1141 -11.9828 121.0873 100.0000 stroke9
movl 0 -29.3111 393.8556 164.8440 -157.1387 -12.6762 120.6325 100.0000 stroke9
movl 0 -30.8455 394.5898 164.1969 -157.2318 -11.7188 120.9875 100.0000 stroke9
movl 0 -30.1457 394.2221 164.6537 -157.3181 -12.0943 120.6590 100.0000 stroke9
movl 0 -30.0002 394.1547 164.7920 -157.4191 -12.2519 120.6499 100.0000 stroke9
movl 0 -29.7319 393.8845 165.1611 -157.5219 -12.4599 120.5554 100.0000 stroke9
movl 0 -28.8910 393.4138 165.7385 -157.5988 -12.8081 120.3150 100.0000 stroke9
movl 0 -24.2519 389.5526 169.1120 -157.5837 -15.0183 119.6420 100.0000 stroke9
movl 0 -14.7739 378.1994 189.4865 -158.4857 -24.0298 117.1399 100.0000 stroke9
movl 0 -19.8828 377.6572 222.1130 -160.6949 -22.8287 120.4621 100.0000 stroke10
movl 0 -17.0367 378.2085 190.8208 -160.0885 -21.2593 121.0351 100.0000 stroke10
movl 0 -14.6972 380.5057 175.7899 -158.7499 -19.9597 120.7264 100.0000 stroke10
movl 0 -16.1739 381.8142 173.7773 -158.9462 -18.9160 120.8025 100.0000 stroke10
movl 0 -16.9781 383.4395 171.5209 -158.9107 -18.1064 120.3787 100.0000 stroke10
movl 0 -18.5471 386.1733 169.2877 -159.0065 -16.2770 120.0567 100.0000 stroke10
movl 0 -19.5202 387.4506 168.8442 -159.2447 -14.7368 119.7586 100.0000 stroke10
movl 0 -19.3063 388.1467 168.7569 -159.4240 -13.8019 119.3534 100.0000 stroke10
movl 0 -17.5103 389.0655 168.7579 -159.4565 -12.7972 118.7723 100.0000 stroke10
movl 0 -15.2469 390.3267 168.6285 -159.6924 -11.7085 117.9294 100.0000 stroke10
movl 0 -11.9427 391.6580 168.6843 -159.8149 -10.6170 116.6959 100.0000 stroke10
movl 0 -8.3334 393.0413 168.6414 -160.1581 -9.6456 115.2089 100.0000 stroke10
movl 0 -4.3755 393.9866 168.8454 -160.7636 -9.2102 113.7479 100.0000 stroke10
movl 0 -5.6104 392.4967 169.5672 -161.8761 -9.9026 114.3612 100.0000 stroke10
movl 0 -6.8910 390.6028 170.6201 -162.4723 -11.1222 115.1629 100.0000 stroke10
movl 0 -7.2577 389.9885 171.0221 -162.7283 -11.9554 115.6430 100.0000 stroke10
movl 0 -7.3856 389.8617 171.2225 -162.8096 -12.5783 115.9295 100.0000 stroke10
movl 0 -7.6800 389.7606 171.3853 -162.7985 -13.0813 116.0734 100.0000 stroke10
movl 0 -8.1837 389.6784 171.4738 -162.8199 -13.5103 116.2603 100.0000 stroke10
movl 0 -8.5753 389.8608 171.3580 -162.9570 -13.8389 116.4651 100.0000 stroke10
movl 0 -9.5014 389.4722 171.5262 -163.0806 -14.1806 116.6487 100.0000 stroke10
movl 0 -10.0457 389.6508 171.5390 -163.1326 -14.3008 116.7724 100.0000 stroke10
movl 0 -10.3701 389.6709 171.7779 -163.1237 -14.4502 116.8571 100.0000 stroke10
movl 0 -10.5144 389.5493 171.8510 -163.1262 -14.5549 116.9706 100.0000 stroke10
movl 0 -9.8466 386.8991 173.1368 -163.2492 -15.5613 117.4214 100.0000 stroke10
movl 0 -11.4838 374.5033 180.9816 -165.5178 -19.9642 117.9993 100.0000 stroke10
movl 0 -15.5982 361.1912 197.9912 -169.4866 -24.5590 119.9202 100.0000 stroke10
movl 0 -16.9747 348.5872 237.1058 -171.6163 -30.7479 121.9945 100.0000 stroke10
movl 0 -33.2872 352.4276 217.2506 -169.3077 -28.3594 120.0359 100.0000 stroke11
movl 0 -29.9680 357.2479 184.0739 -167.4698 -23.2882 117.4599 100.0000 stroke11
movl 0 -31.2650 356.8608 182.3917 -168.3013 -22.6615 117.1143 100.0000 stroke11
movl 0 -32.9916 357.8917 178.4870 -168.7671 -21.5024 116.9797 100.0000 stroke11
movl 0 -33.1560 359.8086 176.6183 -168.6176 -20.8662 116.3646 100.0000 stroke11
movl 0 -34.0295 361.0840 175.3507 -168.4387 -20.5703 116.0582 100.0000 stroke11
movl 0 -35.5993 362.9707 173.9737 -168.6016 -19.8134 115.5592 100.0000 stroke11
movl 0 -37.1002 364.9119 173.1297 -168.6051 -17.7162 115.3876 100.0000 stroke11
movl 0 -37.3892 365.1478 173.0600 -168.5626 -17.4125 115.1457 100.0000 stroke11
movl 0 -37.0582 365.8382 172.7891 -168.6582 -17.2691 114.7491 100.0000 stroke11
movl 0 -35.6934 366.5824 172.9371 -168.5434 -17.2501 114.0865 100.0000 stroke11
movl 0 -33.9073 367.2428 173.3047 -168.3795 -17.2659 113.5157 100.0000 stroke11
movl 0 -30.5348 367.3482 174.5074 -167.8547 -17.7935 112.3584 100.0000 stroke11
movl 0 -26.4979 365.7211 177.8785 -167.4753 -18.8696 111.7611 100.0000 stroke11
movl 0 -20.9287 360.9123 193.9693 -166.7187 -21.4322 111.9364 100.0000 stroke11
movl 0 -14.9956 350.8325 244.0281 -168.1631 -27.5155 114.4323 100.0000 stroke11
movl 0 -17.6702 379.7667 204.3947 -163.6483 -18.8536 116.8100 100.0000 stroke12
movl 0 -15.6874 378.1504 187.5590 -163.5188 -18.1310 117.2063 100.0000 stroke12
movl 0 -17.4891 378.5570 184.3099 -164.8963 -17.7577 117.7452 100.0000 stroke12
movl 0 -18.5180 379.8419 181.7472 -165.0475 -16.9437 117.7838 100.0000 stroke12
movl 0 -20.0618 381.7611 179.4314 -165.3101 -16.2069 117.6496 100.0000 stroke12
movl 0 -21.4537 382.8508 178.0542 -165.5526 -15.8668 117.6448 100.0000 stroke12
movl 0 -24.0157 383.8299 176.5261 -166.0904 -15.0619 117.6269 100.0000 stroke12
movl 0 -24.9763 385.9273 175.3182 -166.2506 -13.5192 117.1636 100.0000 stroke12
movl 0 -25.2120 386.7687 174.9226 -165.8530 -12.9528 117.1273 100.0000 stroke12
movl 0 -26.5335 386.3108 175.2462 -165.5514 -12.5521 117.4432 100.0000 stroke12
movl 0 -27.8449 385.8955 175.7260 -165.1210 -12.1210 117.8547 100.0000 stroke12
movl 0 -29.6052 385.1081 176.0188 -164.9086 -11.8005 118.3963 100.0000 stroke12
movl 0 -31.9057 384.3065 176.3531 -164.5177 -11.4223 119.2211 100.0000 stroke12
movl 0 -34.4516 382.7424 176.9117 -164.3052 -11.3296 120.1327 100.0000 stroke12
movl 0 -37.1880 381.3437 177.2452 -164.1992 -11.2923 121.0832 100.0000 stroke12
movl 0 -40.1454 379.8107 177.6462 -164.1238 -11.3166 122.1566 100.0000 stroke12
movl 0 -43.9245 378.3379 177.8228 -164.2358 -11.1540 123.7472 100.0000 stroke12
movl 0 -47.5268 376.7225 178.1153 -164.2621 -11.2404 124.7246 100.0000 stroke12
movl 0 -50.0345 375.4454 178.5806 -164.2277 -11.4212 125.4305 100.0000 stroke12
movl 0 -51.9053 374.5983 178.9242 -164.1940 -11.5662 125.9348 100.0000 stroke12
movl 0 -53.5331 373.7432 179.3489 -164.1887 -11.7230 126.3136 100.0000 stroke12
movl 0 -55.2568 373.2560 179.6616 -164.3214 -11.7655 127.0402 100.0000 stroke12
movl 0 -56.3883 372.8705 180.0493 -164.3159 -11.8925 127.2761 100.0000 stroke12
movl 0 -57.5217 372.2393 180.5344 -164.3731 -12.1071 127.4582 100.0000 stroke12
movl 0 -57.0534 371.3206 181.1247 -164.2419 -12.6776 127.3027 100.0000 stroke12
movl 0 -55.0189 369.6647 182.9995 -163.7036 -13.7108 126.6332 100.0000 stroke12
movl 0 -49.7997 368.1314 188.0568 -162.3154 -15.5351 124.8327 100.0000 stroke12
movl 0 -45.9127 365.6971 206.1376 -160.6649 -18.6643 124.1602 100.0000 stroke12
movl 0 -5.8789 401.8174 229.7180 -152.7566 -13.1225 112.4660 100.0000 stroke13
movl 0 0.3225 397.2694 192.0123 -153.4208 -11.3157 113.9548 100.0000 stroke13
movl 0 0.9707 394.0150 186.7279 -154.4368 -11.5695 115.3974 100.0000 stroke13
movl 0 -3.0912 394.7669 180.9091 -155.4522 -11.2508 117.2565 100.0000 stroke13
movl 0 -4.8561 395.1131 178.0715 -155.9807 -11.2732 118.2199 100.0000 stroke13
movl 0 -7.3746 395.4682 175.9924 -156.4988 -11.1270 119.0136 100.0000 stroke13
movl 0 -8.4818 395.5184 175.4683 -156.8193 -11.1161 119.1916 100.0000 stroke13
movl 0 -11.0526 397.8017 173.8059 -157.5418 -9.6324 119.4148 100.0000 stroke13
movl 0 -14.5793 400.1308 171.9942 -158.0700 -7.3197 119.8135 100.0000 stroke13
movl 0 -15.1988 400.5414 171.3500 -157.9888 -6.9887 119.9149 100.0000 stroke13
movl 0 -16.3465 399.7964 171.6171 -157.8413 -6.7567 120.6030 100.0000 stroke13
movl 0 -18.3354 398.3585 172.2392 -157.7482 -6.6055 121.5399 100.0000 stroke13
movl 0 -20.8035 396.6639 173.0417 -157.6723 -6.4704 122.5035 100.0000 stroke13
movl 0 -24.2007 394.7253 173.6367 -157.6958 -6.2417 123.6883 100.0000 stroke13
movl 0 -26.9767 392.6958 174.5294 -157.7081 -6.4998 124.3514 100.0000 stroke13
movl 0 -29.2690 391.2985 175.3967 -157.6160 -6.8367 124.8102 100.0000 stroke13
movl 0 -31.3643 390.1257 176.1858 -157.5749 -7.1127 125.1886 100.0000 stroke13
movl 0 -32.9132 389.6376 176.8649 -157.5675 -7.3091 125.3924 100.0000 stroke13
movl 0 -34.0296 389.0002 177.5410 -157.4766 -7.7764 125.1642 100.0000 stroke13
movl 0 -32.9918 386.6248 180.4774 -156.7544 -9.5220 124.6948 100.0000 stroke13
movl 0 -28.5417 374.4855 207.2831 -156.3787 -18.1718 123.6940 100.0000 stroke13
movl 0 -16.7793 369.3784 203.2280 -158.9234 -26.2321 126.8526 100.0000 stroke14
movl 0 -14.4988 368.6713 180.9682 -158.4042 -22.9676 124.9380 100.0000 stroke14
movl 0 -13.6714 372.2755 176.3907 -158.5371 -20.5475 123.5935 100.0000 stroke14
movl 0 -17.7574 373.5759 174.3860 -159.2046 -19.2098 124.2056 100.0000 stroke14
movl 0 -20.7135 374.0919 173.1596 -159.8698 -18.5266 124.2322 100.0000 stroke14
movl 0 -23.4000 373.9210 172.6023 -161.1166 -18.3317 124.3271 100.0000 stroke14
movl 0 -27.3869 373.7036 172.5650 -162.7665 -17.0419 124.2358 100.0000 stroke14
movl 0 -30.5276 372.9856 172.5876 -164.2233 -16.2608 124.3420 100.0000 stroke14
movl 0 -30.7767 373.4477 172.5803 -164.5178 -15.7890 124.0569 100.0000 stroke14
movl 0 -30.3093 373.8519 172.6210 -164.5373 -15.3150 123.5634 100.0000 stroke14
movl 0 -30.2998 373.8175 172.9179 -164.4415 -14.8798 123.1062 100.0000 stroke14
movl 0 -30.4794 373.9016 173.3491 -164.3968 -14.1571 122.5415 100.0000 stroke14
movl 0 -30.5914 374.1978 173.7165 -164.4554 -13.4046 121.9767 100.0000 stroke14
movl 0 -30.5679 374.8669 174.0482 -164.3930 -12.4534 121.2344 100.0000 stroke14
movl 0 -30.9988 375.5450 174.2980 -164.5527 -11.4009 120.8258 100.0000 stroke14
movl 0 -32.2734 375.8462 174.6833 -165.0534 -10.3392 120.3725 100.0000 stroke14
movl 0 -33.3334 376.4252 175.0221 -165.3798 -9.1706 119.8720 100.0000 stroke14
movl 0 -34.1905 377.1225 175.2835 -165.7784 -7.9935 119.3925 100.0000 stroke14
movl 0 -34.6698 378.0953 175.4975 -166.0216 -6.6205 118.4918 100.0000 stroke14
movl 0 -35.4719 378.8594 175.8884 -166.4027 -5.0638 117.2664 100.0000 stroke14
movl 0 -36.7103 379.5773 175.9609 -166.9766 -3.5052 115.7675 100.0000 stroke14
movl 0 -38.5132 380.3480 175.8938 -167.7637 -2.1099 114.3353 100.0000 stroke14
movl 0 -40.3935 380.8213 175.8619 -168.6630 -0.8998 112.6978 100.0000 stroke14
movl 0 -42.3580 380.9376 175.8161 -169.5745 -0.0368 110.5311 100.0000 stroke14
movl 0 -44.2797 381.0985 175.8544 -170.6067 0.9151 108.2935 100.0000 stroke14
movl 0 -45.3929 380.8335 176.0812 -171.3396 1.5000 106.4682 100.0000 stroke14
movl 0 -45.9172 380.7814 176.2289 -171.7088 1.9003 104.9399 100.0000 stroke14
movl 0 -46.8326 380.3711 176.4564 -172.2090 2.2029 102.9606 100.0000 stroke14
movl 0 -47.7860 379.7980 176.7272 -172.5532 2.2316 101.4570 100.0000 stroke14
movl 0 -47.4943 379.8312 177.0408 -172.6963 2.3394 98.4868 100.0000 stroke14
movl 0 -47.0635 379.6248 177.3573 -172.8395 2.3984 95.4440 100.0000 stroke14
movl 0 -47.8941 378.9510 177.5183 -173.0608 2.8138 93.7626 100.0000 stroke14
movl 0 -48.5747 378.2325 177.8193 -173.2494 3.0657 92.0974 100.0000 stroke14
movl 0 -47.6504 379.0258 177.8496 -173.4279 3.3022 90.3248 100.0000 stroke14
movl 0 -45.7297 379.9523 177.8882 -173.2361 3.5124 89.7451 100.0000 stroke14
movl 0 -44.7678 380.2049 177.9516 -173.0701 3.6799 89.6058 100.0000 stroke14
movl 0 -44.6103 379.9401 178.0164 -173.0458 3.7897 89.6524 100.0000 stroke14
movl 0 -43.2748 380.3591 177.9882 -173.0016 3.8727 89.3772 100.0000 stroke14
movl 0 -41.6983 381.0372 177.7969 -172.9712 4.0151 88.9390 100.0000 stroke14
movl 0 -40.3914 380.8370 178.0616 -172.7347 4.0404 88.9176 100.0000 stroke14
movl 0 -39.0104 380.9961 178.2697 -172.5638 4.1464 88.7661 100.0000 stroke14
movl 0 -37.6561 380.9832 178.5112 -172.4926 4.1918 88.4055 100.0000 stroke14
movl 0 -36.7248 381.0238 178.6224 -172.4786 4.2010 88.2138 100.0000 stroke14
movl 0 -35.1583 380.7775 179.0736 -172.2863 4.1758 87.9557 100.0000 stroke14
movl 0 -34.2350 380.2084 179.4957 -172.2497 4.0103 87.7141 100.0000 stroke14
movl 0 -32.9502 380.2510 179.7448 -172.1159 4.0599 87.5697 100.0000 stroke14
movl 0 -31.3399 380.1895 180.1434 -171.9386 4.0854 87.3164 100.0000 stroke14
movl 0 -30.2732 380.0133 180.4345 -171.8384 4.0441 87.1201 100.0000 stroke14
movl 0 -29.3007 380.0541 180.6208 -171.7480 4.0943 86.9968 100.0000 stroke14
movl 0 -28.2224 379.8838 180.9722 -171.5954 4.0916 86.8610 100.0000 stroke14
movl 0 -27.4521 379.8168 181.1953 -171.5145 4.1296 86.7498 100.0000 stroke14
movl 0 -26.8893 379.7796 181.4414 -171.4603 4.1373 86.6256 100.0000 stroke14
movl 0 -26.1800 379.8483 181.5652 -171.3617 4.1826 86.5347 100.0000 stroke14
movl 0 -25.3835 379.6579 181.9350 -171.2268 4.1430 86.4337 100.0000 stroke14
movl 0 -24.4781 379.4268 182.3393 -171.0127 4.1149 86.4850 100.0000 stroke14
movl 0 -23.5345 379.3370 182.6761 -170.8673 4.0643 86.4546 100.0000 stroke14
movl 0 -23.0018 379.3127 182.8581 -170.7343 4.1166 86.5280 100.0000 stroke14
movl 0 -22.2307 379.0179 183.3196 -170.5641 4.0860 86.5670 100.0000 stroke14
movl 0 -21.5206 378.9881 183.6313 -170.4457 4.0831 86.5049 100.0000 stroke14
movl 0 -20.8835 378.7516 184.0182 -170.3493 4.0223 86.4017 100.0000 stroke14
movl 0 -19.5286 378.4202 184.6603 -170.0550 3.8970 86.2539 100.0000 stroke14
movl 0 -18.4543 378.0419 185.2205 -169.8056 3.8411 86.1637 100.0000 stroke14
movl 0 -16.9481 377.3373 186.1452 -169.4316 3.6766 86.0213 100.0000 stroke14
movl 0 -14.7526 376.7280 187.2033 -168.9974 3.5650 85.7726 100.0000 stroke14
movl 0 -14.4702 376.4821 187.4498 -168.9253 3.5248 85.7215 100.0000 stroke14
movl 0 -13.6753 375.8450 188.0315 -168.6249 3.3018 85.7521 100.0000 stroke14
movl 0 -13.5509 375.4413 188.3571 -168.4931 3.1464 85.7468 100.0000 stroke14
movl 0 -12.4807 375.2019 189.0253 -168.0408 2.9670 85.7543 100.0000 stroke14
movl 0 -11.0299 375.4495 191.2567 -167.5403 2.6829 85.4812 100.0000 stroke14
movl 0 -7.2173 375.7774 209.6593 -165.0943 2.2356 85.3350 100.0000 stroke14
