movl 0 -40.3963 383.9483 172.4461 -175.8781 39.2828 -31.4821 100.0000 stroke1
movl 0 -38.3223 389.0260 169.3621 -179.9158 36.3771 -35.9467 100.0000 stroke1
movl 0 -36.6091 396.4906 168.1772 -173.7794 33.7114 -20.6175 100.0000 stroke1
movl 0 -41.5999 394.9113 170.9921 -179.6757 32.6722 -31.1546 100.0000 stroke1
movl 0 -50.2578 394.6801 173.3933 179.3952 29.6094 -36.0620 100.0000 stroke1
movl 0 -46.1358 394.1969 171.1825 176.5542 31.2092 -41.4295 100.0000 stroke1
movl 0 -44.4525 391.7987 168.9439 175.7653 32.8701 -42.7401 100.0000 stroke1
movl 0 -47.3125 394.7968 171.1239 175.5496 29.7877 -42.0442 100.0000 stroke1
movl 0 -50.9623 392.8708 171.5354 173.4467 28.2931 -47.3749 100.0000 stroke1
movl 0 -53.8906 392.7915 171.4574 172.7513 26.8773 -50.2056 100.0000 stroke1
movl 0 -54.7794 392.9047 171.2649 172.1459 26.3564 -51.7760 100.0000 stroke1
movl 0 -55.7658 392.9725 171.6448 171.6929 25.4802 -52.9879 100.0000 stroke1
movl 0 -57.2186 392.6707 171.6440 172.0459 25.0870 -53.1060 100.0000 stroke1
movl 0 -57.5003 393.2673 170.9593 171.9812 25.1665 -54.1369 100.0000 stroke1
movl 0 -58.1624 393.9577 169.9793 171.8437 25.2241 -54.6730 100.0000 stroke1
movl 0 -59.7740 396.0817 169.0038 171.4551 24.0847 -55.8822 100.0000 stroke1
movl 0 -61.2056 399.3701 168.8478 169.8699 21.2526 -58.7951 100.0000 stroke1
movl 0 -61.6083 400.8120 168.9738 168.7640 19.6978 -60.7171 100.0000 stroke1
movl 0 -61.4075 401.2907 169.3715 167.6176 18.7666 -62.4674 100.0000 stroke1
movl 0 -61.4170 401.7083 169.9958 166.2866 17.2106 -65.0469 100.0000 stroke1
movl 0 -60.6845 401.7910 170.1151 164.5391 15.2948 -68.4711 100.0000 stroke1
movl 0 -60.9867 402.4368 170.5740 163.3930 13.4051 -71.1296 100.0000 stroke1
movl 0 -61.5167 403.6325 170.7891 162.5395 11.1767 -73.9927 100.0000 stroke1
movl 0 -61.9329 404.9476 171.2028 161.6689 8.4661 -77.0068 100.0000 stroke1
movl 0 -63.0742 406.7764 171.7952 161.2750 5.3328 -79.6564 100.0000 stroke1
movl 0 -65.2939 407.9459 172.3149 161.7086 2.5616 -81.9705 100.0000 stroke1
movl 0 -67.0308 410.0140 172.2162 161.9889 0.0548 -83.1256 100.0000 stroke1
movl 0 -68.2617 411.4153 172.1950 162.2718 -1.7265 -83.7625 100.0000 stroke1
movl 0 -67.6461 410.5686 172.6272 162.1906 -1.1868 -83.7662 100.0000 stroke1
movl 0 -65.0155 408.5156 173.1977 161.5407 0.9576 -82.6942 100.0000 stroke1
movl 0 -65.1569 408.5341 173.2313 161.5667 0.9020 -82.5537 100.0000 stroke1
movl 0 -65.7712 408.5827 173.2217 161.7273 0.5987 -82.4404 100.0000 stroke1
movl 0 -65.5128 408.8728 173.2311 161.6405 0.4059 -82.3444 100.0000 stroke1
movl 0 -65.8807 408.2644 173.4343 161.7786 0.6499 -82.2306 100.0000 stroke1
movl 0 -64.7236 405.6754 174.0014 161.5673 2.8146 -81.6623 100.0000 stroke1
movl 0 -56.4186 384.9065 177.4227 162.8302 20.7528 -75.1447 100.0000 stroke1
movl 0 -49.7928 359.8890 207.3291 176.2544 40.9484 -57.4789 100.0000 stroke1
movl 0 -36.9627 387.9995 205.0417 162.9567 31.9745 -59.8276 100.0000 stroke2
movl 0 -42.2784 387.4773 179.0040 168.3920 31.0176 -58.1480 100.0000 stroke2
movl 0 -52.1487 388.6238 173.7376 171.6531 27.0487 -58.5219 100.0000 stroke2
movl 0 -57.5713 385.9600 174.1092 172.7654 26.1781 -57.8822 100.0000 stroke2
movl 0 -60.4380 387.6766 173.2491 173.4198 25.0578 -57.8678 100.0000 stroke2
movl 0 -62.1508 389.8586 172.4951 173.2603 23.8551 -57.9026 100.0000 stroke2
movl 0 -63.4277 392.2155 172.0005 172.7466 22.4394 -59.1060 100.0000 stroke2
movl 0 -65.1116 393.3197 172.1304 172.7865 20.9072 -61.1457 100.0000 stroke2
movl 0 -65.5525 393.8343 172.1198 172.9416 20.4671 -62.3559 100.0000 stroke2
movl 0 -64.5139 394.9879 172.2004 173.0061 20.0333 -63.9037 100.0000 stroke2
movl 0 -62.3701 397.3112 172.2185 172.7535 19.2664 -66.9475 100.0000 stroke2
movl 0 -61.2196 397.4043 172.4197 172.3312 19.3506 -67.8863 100.0000 stroke2
movl 0 -59.4197 396.7409 172.8011 171.8336 19.9272 -68.2599 100.0000 stroke2
movl 0 -59.9151 398.6593 172.8834 171.5028 18.3769 -68.7180 100.0000 stroke2
movl 0 -53.6710 395.3552 174.5679 168.6444 21.4158 -66.6131 100.0000 stroke2
movl 0 -31.5417 378.4683 205.6506 165.4189 37.1864 -60.7712 100.0000 stroke2
movl 0 -27.2265 401.0512 195.8826 148.0708 15.7422 -79.3528 100.0000 stroke3
movl 0 -22.4247 405.6592 174.5348 149.0685 11.8388 -83.7928 100.0000 stroke3
movl 0 -34.0690 401.8587 174.4387 155.9428 11.7844 -85.6056 100.0000 stroke3
movl 0 -38.9117 401.5923 174.0849 157.4817 11.1908 -85.6363 100.0000 stroke3
movl 0 -41.9766 401.7012 173.1175 158.1201 11.9729 -85.4913 100.0000 stroke3
movl 0 -44.1317 403.1384 172.0992 158.5959 12.3558 -84.9421 100.0000 stroke3
movl 0 -44.8053 403.8749 171.4662 158.9882 12.4965 -84.8292 100.0000 stroke3
movl 0 -48.3977 405.3904 170.8419 160.4486 11.6476 -84.8369 100.0000 stroke3
movl 0 -47.2618 406.3314 169.9458 160.4181 10.6493 -86.3000 100.0000 stroke3
movl 0 -48.7697 406.2415 170.0749 160.6262 10.0467 -86.7019 100.0000 stroke3
movl 0 -48.3181 404.4671 171.3860 159.4918 8.8014 -86.6961 100.0000 stroke3
movl 0 -45.7696 385.6954 191.5647 155.2724 14.4328 -86.6198 100.0000 stroke3
movl 0 -36.6913 399.7501 189.4884 151.9728 9.8306 -85.6623 100.0000 stroke4
movl 0 -40.8637 403.9536 176.3530 155.4189 7.1575 -88.1546 100.0000 stroke4
movl 0 -51.7574 400.2711 175.7973 158.5504 8.2233 -88.1955 100.0000 stroke4
movl 0 -54.9607 400.5079 174.7193 158.9559 8.3576 -88.0222 100.0000 stroke4
movl 0 -55.5888 402.2588 173.7648 159.0280 8.3111 -88.2349 100.0000 stroke4
movl 0 -58.0998 403.2307 173.3392 160.0606 7.6117 -88.5167 100.0000 stroke4
movl 0 -60.6151 402.8944 173.6527 161.2078 7.3264 -89.3731 100.0000 stroke4
movl 0 -59.5150 403.2781 173.6471 161.4543 7.2404 -90.5430 100.0000 stroke4
movl 0 -54.6655 405.6334 173.6142 161.7445 6.6583 -93.0272 100.0000 stroke4
movl 0 -48.1751 408.3581 173.5032 161.6008 5.9600 -95.4776 100.0000 stroke4
movl 0 -45.9641 407.2003 173.9222 160.7478 6.1444 -95.8776 100.0000 stroke4
movl 0 -45.3193 410.8620 172.7104 160.9967 4.2770 -96.5710 100.0000 stroke4
movl 0 -45.1664 412.7319 172.1329 160.7322 2.6369 -96.9455 100.0000 stroke4
movl 0 -45.8732 413.1149 172.2782 160.4766 0.9436 -96.7141 100.0000 stroke4
movl 0 -47.5815 411.1599 172.7902 160.3583 0.0088 -96.1879 100.0000 stroke4
movl 0 -44.7362 399.7733 182.1225 157.8412 4.1523 -95.6712 100.0000 stroke4
movl 0 -43.1656 370.3523 229.1883 153.1310 18.5015 -89.5887 100.0000 stroke4
movl 0 -44.2926 386.9055 200.0272 154.2388 13.4955 -82.1098 100.0000 stroke5
movl 0 -43.9820 395.3974 176.0903 156.5297 9.9940 -85.4962 100.0000 stroke5
movl 0 -53.1068 392.9724 177.1131 159.8647 10.3144 -86.8645 100.0000 stroke5
movl 0 -54.2200 393.9121 176.6320 159.4088 8.7818 -87.8489 100.0000 stroke5
movl 0 -58.1262 394.3708 175.5114 160.3202 8.1321 -87.5362 100.0000 stroke5
movl 0 -56.9656 396.0391 175.0470 160.2325 7.3321 -88.1202 100.0000 stroke5
movl 0 -57.8125 396.1414 174.6151 159.9905 7.2242 -87.5721 100.0000 stroke5
movl 0 -59.7691 397.1582 174.0337 161.2421 6.5620 -88.7193 100.0000 stroke5
movl 0 -63.1715 396.5142 174.1427 162.5600 6.4947 -89.8575 100.0000 stroke5
movl 0 -62.9667 396.6539 174.0470 162.9987 6.3844 -90.9528 100.0000 stroke5
movl 0 -62.6119 396.6286 174.2046 163.4675 6.4256 -91.9337 100.0000 stroke5
movl 0 -60.7152 397.4480 174.2873 163.5473 6.2804 -93.0474 100.0000 stroke5
movl 0 -59.2067 398.0538 174.4940 163.8265 6.0595 -94.2792 100.0000 stroke5
movl 0 -57.1453 399.1503 174.6988 164.2245 5.8554 -96.1341 100.0000 stroke5
movl 0 -56.1231 398.0592 175.2508 163.8435 6.2470 -96.4565 100.0000 stroke5
movl 0 -55.7380 397.4519 175.5766 163.8116 6.5727 -96.4719 100.0000 stroke5
movl 0 -56.3558 398.3522 175.4732 164.5049 5.7242 -96.4652 100.0000 stroke5
movl 0 -57.1899 395.3051 175.7862 163.0638 6.5504 -93.8868 100.0000 stroke5
movl 0 -51.3921 378.4378 191.3388 156.6301 18.2194 -87.0336 100.0000 stroke5
movl 0 -35.1597 395.2948 211.4642 147.9515 5.7836 -86.6722 100.0000 stroke6
movl 0 -35.6076 397.6729 178.0828 152.3327 4.7659 -90.4365 100.0000 stroke6
movl 0 -36.0236 400.3350 177.1159 154.2414 3.6987 -92.3470 100.0000 stroke6
movl 0 -37.1422 402.5495 174.3921 155.0342 2.4229 -93.3105 100.0000 stroke6
movl 0 -36.1856 403.8296 173.2337 154.9154 1.5557 -93.9184 100.0000 stroke6
movl 0 -36.8417 404.7774 172.4887 155.0341 1.1627 -93.8913 100.0000 stroke6
movl 0 -38.0001 406.8065 171.4476 155.5682 0.5543 -94.1411 100.0000 stroke6
movl 0 -42.6866 410.9428 170.1789 158.0759 -1.3143 -95.1171 100.0000 stroke6
movl 0 -42.1533 412.9052 169.7650 158.8687 -2.5466 -96.5086 100.0000 stroke6
movl 0 -42.2242 414.1820 169.5492 158.9948 -3.6162 -96.6873 100.0000 stroke6
movl 0 -41.9988 413.0090 170.2984 158.8869 -4.1516 -96.8323 100.0000 stroke6
movl 0 -41.3816 413.0408 170.3845 158.6505 -4.4746 -96.9758 100.0000 stroke6
movl 0 -39.8459 407.9541 172.4287 157.3198 -2.0474 -96.5449 100.0000 stroke6
movl 0 -41.4378 383.2086 204.7161 152.7200 11.9254 -90.9677 100.0000 stroke6
movl 0 -43.0659 387.2275 222.4285 149.1763 6.4628 -89.1127 100.0000 stroke7
movl 0 -44.5958 393.5831 185.2205 154.1358 3.6493 -91.6510 100.0000 stroke7
movl 0 -47.7679 392.5245 175.6769 156.2450 3.1225 -92.7030 100.0000 stroke7
movl 0 -53.3307 389.5322 175.9608 158.0868 4.0595 -92.8232 100.0000 stroke7
movl 0 -55.1997 389.6355 175.4768 158.6880 3.7742 -93.2348 100.0000 stroke7
movl 0 -57.3582 389.4688 175.0513 159.1934 3.8173 -93.1618 100.0000 stroke7
movl 0 -61.8878 388.0652 175.1017 161.0484 4.3064 -93.6494 100.0000 stroke7
movl 0 -62.8273 388.2079 175.1898 161.7440 4.2653 -94.3332 100.0000 stroke7
movl 0 -62.5646 388.7183 174.9258 162.1676 4.0589 -95.1786 100.0000 stroke7
movl 0 -61.7564 389.3917 175.1818 162.7138 3.7546 -96.7798 100.0000 stroke7
movl 0 -61.3980 389.9162 175.5719 163.4868 3.6394 -98.1660 100.0000 stroke7
movl 0 -60.1715 391.1270 175.7208 164.0505 3.2863 -99.4865 100.0000 stroke7
movl 0 -57.6251 392.8585 175.8114 164.7336 2.8585 -101.4332 100.0000 stroke7
movl 0 -55.5202 393.6910 175.9621 164.6718 2.6536 -102.3267 100.0000 stroke7
movl 0 -53.9079 392.9017 176.5229 164.0676 2.8755 -102.5268 100.0000 stroke7
movl 0 -55.0115 393.5966 176.3757 164.8093 2.0743 -102.5167 100.0000 stroke7
movl 0 -52.4436 390.8601 177.5707 162.3986 3.1632 -100.7089 100.0000 stroke7
movl 0 -34.8485 377.5648 210.1550 153.2225 15.9362 -92.6033 100.0000 stroke7
movl 0 -14.6535 412.0447 220.2145 151.6967 9.4778 -97.3198 100.0000 stroke8
movl 0 -16.8931 411.1859 186.3527 153.7536 8.8613 -99.1949 100.0000 stroke8
movl 0 -21.2475 414.5795 172.7806 155.7491 7.6732 -97.8691 100.0000 stroke8
movl 0 -22.2341 414.7687 172.6392 156.1149 8.1053 -96.7164 100.0000 stroke8
movl 0 -21.7571 416.9320 171.7809 155.9761 7.9549 -96.1364 100.0000 stroke8
movl 0 -24.8174 419.6782 170.2883 157.0388 7.4750 -95.1191 100.0000 stroke8
movl 0 -26.9878 422.0255 169.6187 158.5247 6.0225 -95.8415 100.0000 stroke8
movl 0 -25.8711 422.9493 168.8591 158.5011 4.8342 -97.0605 100.0000 stroke8
movl 0 -26.4326 422.9706 168.8521 158.5186 4.1478 -96.9667 100.0000 stroke8
movl 0 -26.8653 422.4700 169.1865 158.4836 3.3782 -96.7507 100.0000 stroke8
movl 0 -26.8737 421.5736 169.6105 158.2320 2.6679 -96.4780 100.0000 stroke8
movl 0 -27.1598 420.4060 170.1803 158.0782 2.2395 -96.2116 100.0000 stroke8
movl 0 -27.1835 418.8791 170.7018 157.8186 2.0278 -95.6747 100.0000 stroke8
movl 0 -27.0807 416.3064 172.1876 157.1164 2.3110 -94.8205 100.0000 stroke8
movl 0 -30.1588 407.7837 185.4877 154.6211 5.5989 -91.5290 100.0000 stroke8
movl 0 -34.9901 382.1786 247.4068 150.8991 20.9999 -80.1779 100.0000 stroke8
movl 0 -15.5554 402.4368 220.4959 151.0393 15.1725 -78.7847 100.0000 stroke9
movl 0 -15.1581 403.5646 180.0089 156.3844 13.8225 -81.3727 100.0000 stroke9
movl 0 -26.9249 398.5792 179.4257 161.0214 13.7839 -83.8822 100.0000 stroke9
movl 0 -31.6041 399.3710 177.0914 162.2017 13.0764 -84.1925 100.0000 stroke9
movl 0 -32.3629 400.9506 176.0665 162.5065 12.7109 -84.5107 100.0000 stroke9
movl 0 -32.8462 401.7419 175.3351 162.6375 12.6974 -84.7508 100.0000 stroke9
movl 0 -36.4284 402.1754 174.6431 164.4922 12.0834 -85.4229 100.0000 stroke9
movl 0 -39.7886 401.5269 174.8467 166.2086 12.0823 -86.2767 100.0000 stroke9
movl 0 -41.2548 401.6583 174.8011 167.4905 12.1349 -87.6989 100.0000 stroke9
movl 0 -40.5939 403.1389 174.5410 168.2572 11.8455 -90.2685 100.0000 stroke9
movl 0 -39.5160 402.8483 174.6368 167.9325 12.0461 -91.0614 100.0000 stroke9
movl 0 -37.0472 401.8479 174.9861 166.7984 12.6224 -91.0392 100.0000 stroke9
movl 0 -35.9824 401.3405 175.2137 166.3619 12.7925 -91.0880 100.0000 stroke9
movl 0 -35.3296 401.9703 175.0708 166.1454 12.5120 -91.2290 100.0000 stroke9
movl 0 -35.8353 403.7795 174.8568 166.6225 11.1368 -91.5984 100.0000 stroke9
movl 0 -28.7326 401.7341 176.1838 162.8708 11.9338 -90.6482 100.0000 stroke9
movl 0 -5.9300 380.8093 215.9390 152.1219 24.3014 -89.5335 100.0000 stroke9
movl 0 -25.9055 383.9865 234.1317 152.0676 12.0137 -88.8486 100.0000 stroke10
movl 0 -17.9808 396.4171 183.1920 152.9838 5.5410 -95.3198 100.0000 stroke10
movl 0 -22.9708 394.0776 177.8343 156.7504 6.4146 -97.1989 100.0000 stroke10
movl 0 -27.9829 393.1851 176.7230 158.3156 7.0231 -97.6870 100.0000 stroke10
movl 0 -30.3577 394.4975 176.2057 158.8082 7.2137 -98.2179 100.0000 stroke10
movl 0 -31.0630 395.6007 175.4523 159.3153 7.1706 -98.4981 100.0000 stroke10
movl 0 -34.6662 396.0665 174.9363 161.0333 7.0377 -99.0013 100.0000 stroke10
movl 0 -36.0031 395.9570 174.8069 161.6742 6.9476 -99.7303 100.0000 stroke10
movl 0 -36.1744 396.4179 174.8055 162.3247 6.8442 -101.2232 100.0000 stroke10
movl 0 -34.7084 397.8999 174.4858 162.9009 6.4979 -103.2900 100.0000 stroke10
movl 0 -33.7258 397.0582 174.6303 162.4413 6.7176 -103.4958 100.0000 stroke10
movl 0 -32.3236 395.9397 175.0619 161.8107 7.2062 -103.5524 100.0000 stroke10
movl 0 -32.5940 396.3118 174.9470 162.0173 6.9416 -103.5121 100.0000 stroke10
movl 0 -33.7819 397.7113 174.8740 162.5836 5.9624 -103.6900 100.0000 stroke10
movl 0 -29.6854 385.6203 182.1306 158.2829 10.9419 -100.5098 100.0000 stroke10
movl 0 -17.5416 345.5350 242.9604 146.8479 26.3785 -100.0458 100.0000 stroke10
movl 0 -18.4514 371.9426 212.6371 150.9238 17.0823 -90.8759 100.0000 stroke11
movl 0 -17.5981 383.5294 179.9026 153.4572 7.8931 -97.0843 100.0000 stroke11
movl 0 -24.2431 384.3473 175.4307 155.7110 5.8627 -99.1434 100.0000 stroke11
movl 0 -29.2813 382.4368 174.5900 157.3802 7.3964 -99.6017 100.0000 stroke11
movl 0 -30.2765 383.3303 174.2565 158.2926 7.4446 -99.9151 100.0000 stroke11
movl 0 -30.5491 384.5184 173.6153 158.3801 7.1878 -99.8283 100.0000 stroke11
movl 0 -33.5685 386.2287 173.0859 160.1240 6.8106 -100.1663 100.0000 stroke11
movl 0 -36.3200 385.0630 173.0343 161.1856 7.0521 -100.8559 100.0000 stroke11
movl 0 -35.7927 385.8274 172.9199 161.7052 6.8280 -102.3535 100.0000 stroke11
movl 0 -34.2799 387.5441 172.6928 162.6494 6.4269 -104.9007 100.0000 stroke11
movl 0 -32.7758 389.0337 172.4703 162.9916 5.9729 -106.5823 100.0000 stroke11
movl 0 -30.5468 385.8712 173.5597 161.5510 7.0226 -106.3516 100.0000 stroke11
movl 0 -29.9201 386.3027 173.7389 161.3558 6.7364 -106.3443 100.0000 stroke11
movl 0 -30.6034 387.7412 173.7775 162.2453 5.4229 -106.5001 100.0000 stroke11
movl 0 -26.1364 383.5947 177.0845 158.2685 6.8773 -104.2421 100.0000 stroke11
movl 0 -4.4895 375.7288 235.0980 148.0839 10.0156 -105.3948 100.0000 stroke11
movl 0 -23.3952 385.1807 227.0510 145.9335 -1.4024 -104.2567 100.0000 stroke12
movl 0 -27.3865 388.3948 181.7384 150.6765 -4.5809 -106.0808 100.0000 stroke12
movl 0 -34.6060 386.8036 174.1166 153.2036 -2.9963 -105.5249 100.0000 stroke12
movl 0 -40.6167 386.0874 172.4328 154.4567 -1.6034 -103.5263 100.0000 stroke12
movl 0 -43.6740 385.7676 171.7998 154.3103 -1.4298 -101.6708 100.0000 stroke12
movl 0 -48.1572 387.4423 169.9440 155.5635 -1.7875 -101.0781 100.0000 stroke12
movl 0 -53.6635 390.2307 169.1113 158.5117 -3.2888 -102.2391 100.0000 stroke12
movl 0 -53.7560 392.4166 168.9803 159.5002 -4.7035 -103.8230 100.0000 stroke12
movl 0 -54.5047 393.4057 169.2122 160.2837 -6.0158 -104.8713 100.0000 stroke12
movl 0 -55.0502 394.6195 169.6382 161.1723 -7.5179 -105.9988 100.0000 stroke12
movl 0 -55.5333 396.0844 169.8001 162.1383 -9.2747 -107.2127 100.0000 stroke12
movl 0 -56.2734 398.4212 169.8231 163.5179 -11.4678 -108.3830 100.0000 stroke12
movl 0 -56.7833 399.3064 170.0154 164.2872 -13.1464 -109.0065 100.0000 stroke12
movl 0 -54.7114 397.2764 171.1128 163.4152 -12.0624 -109.7263 100.0000 stroke12
movl 0 -56.5575 397.6068 170.7638 164.1895 -12.6134 -109.4482 100.0000 stroke12
movl 0 -56.1315 395.3365 171.8852 163.4820 -11.0152 -109.1900 100.0000 stroke12
movl 0 -47.3825 377.2332 186.5567 155.8822 0.4772 -105.4282 100.0000 stroke12
movl 0 -38.9720 368.5286 199.6941 153.4815 6.7814 -93.3752 100.0000 stroke13
movl 0 -45.9084 367.0222 180.6672 157.1421 8.1836 -93.3364 100.0000 stroke13
movl 0 -51.6391 364.9696 178.3250 159.7540 9.2884 -93.7750 100.0000 stroke13
movl 0 -56.4019 365.2058 177.4059 161.0299 9.4234 -93.0974 100.0000 stroke13
movl 0 -56.6141 366.5067 176.1519 160.9778 8.8424 -93.2655 100.0000 stroke13
movl 0 -59.6399 368.3723 175.0011 162.1259 8.1362 -93.3663 100.0000 stroke13
movl 0 -61.9677 369.1416 175.0377 163.5119 7.6899 -93.7028 100.0000 stroke13
movl 0 -63.0090 369.1308 175.0305 164.1862 7.8036 -94.2539 100.0000 stroke13
movl 0 -61.9708 370.0770 175.0233 164.5903 7.6607 -95.2308 100.0000 stroke13
movl 0 -58.4054 371.8416 175.2394 164.7202 7.1153 -96.7952 100.0000 stroke13
movl 0 -53.6431 373.9126 175.4303 164.8994 6.5614 -98.6798 100.0000 stroke13
movl 0 -47.3823 376.7538 175.4285 165.0417 5.6896 -101.0638 100.0000 stroke13
movl 0 -41.3447 380.0384 175.3393 165.3356 4.7371 -103.9330 100.0000 stroke13
movl 0 -37.7397 382.2498 175.1788 165.4193 3.9046 -105.6992 100.0000 stroke13
movl 0 -34.1145 381.1323 176.0406 163.8456 3.9286 -106.2757 100.0000 stroke13
movl 0 -30.9557 386.6261 174.7406 163.8609 1.1035 -107.7271 100.0000 stroke13
movl 0 -22.5162 396.6865 171.7542 163.2869 -4.3963 -109.8527 100.0000 stroke13
movl 0 -17.7986 403.5550 169.1087 162.5212 -7.9910 -110.1033 100.0000 stroke13
movl 0 -15.6204 407.5558 167.5884 162.0423 -10.4310 -110.1194 100.0000 stroke13
movl 0 -16.3604 409.3548 167.2579 162.4469 -12.4371 -110.2400 100.0000 stroke13
movl 0 -17.3683 411.0124 166.9699 163.0430 -14.7487 -110.7950 100.0000 stroke13
movl 0 -19.8849 412.5357 166.6263 164.2771 -17.0198 -111.4823 100.0000 stroke13
movl 0 -20.9244 412.0383 167.1614 164.6417 -17.5269 -111.7974 100.0000 stroke13
movl 0 -20.4675 411.7568 167.3972 164.3813 -17.6104 -111.6129 100.0000 stroke13
movl 0 -20.8392 410.9473 167.8601 164.4347 -17.2188 -111.6568 100.0000 stroke13
movl 0 -18.3212 402.0305 172.2772 161.5952 -12.9195 -111.6460 100.0000 stroke13
movl 0 -16.9356 370.0797 196.8099 152.7893 6.3140 -108.6626 100.0000 stroke13
movl 0 -37.9591 370.1717 205.2321 153.2428 -1.1186 -115.0775 100.0000 stroke14
movl 0 -43.9049 369.7839 182.2035 157.7851 -5.0630 -121.3486 100.0000 stroke14
movl 0 -50.9225 365.6810 179.8816 159.6547 -4.2630 -123.7569 100.0000 stroke14
movl 0 -55.6245 364.3418 179.0729 160.9368 -3.4233 -124.7873 100.0000 stroke14
movl 0 -56.8353 365.1237 178.5193 161.6781 -3.5309 -126.0879 100.0000 stroke14
movl 0 -60.2351 366.4172 177.6376 163.0566 -3.5978 -127.3067 100.0000 stroke14
movl 0 -63.0782 367.9444 176.8843 164.4372 -4.3530 -128.9714 100.0000 stroke14
movl 0 -65.3809 368.1638 176.2395 165.4047 -4.9428 -130.5833 100.0000 stroke14
movl 0 -67.0247 368.1897 175.7187 166.1613 -5.4794 -131.8554 100.0000 stroke14
movl 0 -68.6882 367.9539 175.2883 166.6519 -5.8894 -132.6381 100.0000 stroke14
movl 0 -68.0931 368.4784 175.4824 166.7398 -6.0112 -133.7916 100.0000 stroke14
movl 0 -66.8074 369.4699 175.5606 167.1216 -6.2918 -135.2069 100.0000 stroke14
movl 0 -66.0757 369.9117 175.8029 167.5918 -6.8350 -136.4525 100.0000 stroke14
movl 0 -65.1227 370.1427 176.3102 168.0318 -7.3711 -137.6221 100.0000 stroke14
movl 0 -64.2812 370.0356 176.9548 168.3151 -7.7027 -138.1896 100.0000 stroke14
movl 0 -63.1903 370.1374 177.5382 168.6300 -8.1957 -138.8388 100.0000 stroke14
movl 0 -63.3190 370.0810 177.6258 168.4452 -8.0724 -138.7703 100.0000 stroke14
movl 0 -54.8059 364.1824 182.2006 162.6525 -6.1511 -134.2949 100.0000 stroke14
movl 0 -24.0244 354.5680 239.7780 149.9523 -3.7265 -125.0903 100.0000 stroke14
movl 0 5.2969 413.2546 241.6752 143.6496 -5.7269 -94.5888 100.0000 stroke15
movl 0 -3.0111 410.3106 187.3210 150.1437 -12.5058 -104.3713 100.0000 stroke15
movl 0 -14.4256 396.6884 174.9208 155.0807 -9.4444 -108.7417 100.0000 stroke15
movl 0 -20.4817 391.5759 174.7957 156.5128 -6.3770 -109.5133 100.0000 stroke15
movl 0 -24.2379 391.3024 173.1538 157.2675 -6.4397 -109.1305 100.0000 stroke15
movl 0 -25.5766 392.3172 172.4444 157.6858 -6.6376 -108.9625 100.0000 stroke15
movl 0 -29.6791 395.2179 171.3461 159.6403 -7.4155 -109.1958 100.0000 stroke15
movl 0 -32.0178 398.5273 170.2596 161.7101 -8.9899 -110.3337 100.0000 stroke15
movl 0 -32.1745 399.7898 169.8132 162.1955 -9.6279 -110.3736 100.0000 stroke15
movl 0 -33.0770 400.7590 169.6327 162.7148 -10.5892 -110.3903 100.0000 stroke15
movl 0 -34.0408 400.3120 169.9601 162.9191 -11.1781 -109.7564 100.0000 stroke15
movl 0 -35.0320 398.9669 170.5408 162.8864 -11.3901 -108.8940 100.0000 stroke15
movl 0 -35.9717 397.5948 171.1151 162.7408 -11.4178 -108.0900 100.0000 stroke15
movl 0 -36.4031 396.6264 171.5749 162.5305 -11.3174 -107.5072 100.0000 stroke15
movl 0 -36.5170 395.8259 171.9284 162.3108 -11.1367 -107.1855 100.0000 stroke15
movl 0 -36.2788 395.3588 172.2048 162.0563 -11.0785 -106.9234 100.0000 stroke15
movl 0 -28.2608 389.6046 177.2640 158.0778 -9.8732 -105.8433 100.0000 stroke15
movl 0 -15.6346 368.1990 213.1924 147.1089 0.8148 -97.9634 100.0000 stroke15
