movl 0 -13.1336 389.7397 168.4273 138.2798 -2.1545 -117.2725 100.0000 stroke1
movl 0 -23.6248 376.7326 162.7594 142.7175 13.0455 -114.7199 100.0000 stroke1
movl 0 -20.3974 387.8248 165.2606 146.4371 -3.1669 -128.0298 100.0000 stroke1
movl 0 -22.1233 393.6657 165.3618 149.0104 -7.4217 -132.8596 100.0000 stroke1
movl 0 -27.4894 398.6402 167.5692 149.0790 -5.0192 -128.8467 100.0000 stroke1
movl 0 -28.2382 395.6627 168.5703 147.5253 9.7355 -108.8739 100.0000 stroke1
movl 0 -30.6458 392.7428 167.3293 149.8663 25.9084 -91.3212 100.0000 stroke1
movl 0 -35.1843 401.5813 169.8567 150.8278 16.3284 -95.5319 100.0000 stroke1
movl 0 -31.4115 404.2251 170.9789 151.1671 9.0369 -104.0728 100.0000 stroke1
movl 0 -35.8816 402.5275 170.7251 152.5734 8.6652 -105.4919 100.0000 stroke1
movl 0 -38.2376 402.0826 169.2690 153.1119 8.9468 -105.5813 100.0000 stroke1
movl 0 -41.6157 401.1143 168.1592 153.9582 9.7076 -105.1557 100.0000 stroke1
movl 0 -43.9780 403.8395 167.4216 155.3761 7.9120 -106.1072 100.0000 stroke1
movl 0 -46.2094 405.2096 167.2565 156.5573 6.5388 -107.4494 100.0000 stroke1
movl 0 -46.7255 406.4718 167.2979 157.1532 5.1833 -108.8979 100.0000 stroke1
movl 0 -46.2312 408.2261 167.0789 157.3536 3.6571 -110.4589 100.0000 stroke1
movl 0 -46.4404 408.7452 167.0149 157.2614 2.7711 -111.2051 100.0000 stroke1
movl 0 -46.8456 408.2139 167.1695 157.1829 2.2356 -111.8470 100.0000 stroke1
movl 0 -47.7905 407.1621 167.4098 157.2201 1.9787 -112.1154 100.0000 stroke1
movl 0 -48.6685 406.0384 167.7250 157.2069 1.5658 -112.3001 100.0000 stroke1
movl 0 -49.1711 404.9540 168.0590 156.9806 1.1161 -112.2797 100.0000 stroke1
movl 0 -49.6279 403.6426 168.5951 156.5983 0.9578 -112.1603 100.0000 stroke1
movl 0 -46.2433 400.6777 171.9587 152.6319 -0.4412 -111.9347 100.0000 stroke1
movl 0 -49.8363 384.3086 211.7086 144.7358 3.8035 -111.6865 100.0000 stroke1
movl 0 -43.3290 391.1662 223.3625 149.4812 -9.1570 -123.8333 100.0000 stroke2
movl 0 -37.3877 389.1774 175.1541 153.3320 -10.3619 -133.5459 100.0000 stroke2
movl 0 -40.5214 386.5161 178.1016 153.6342 -6.7142 -133.1273 100.0000 stroke2
movl 0 -40.3303 392.6026 173.5610 155.0163 -6.8520 -132.5660 100.0000 stroke2
movl 0 -38.3399 396.7013 171.3168 155.5987 -7.5435 -131.8483 100.0000 stroke2
movl 0 -39.7748 398.6946 170.0651 156.2637 -7.5618 -131.4132 100.0000 stroke2
movl 0 -41.2148 403.7925 168.5928 158.7852 -8.7459 -131.9138 100.0000 stroke2
movl 0 -40.6593 407.5452 167.9192 160.5207 -10.0154 -133.2129 100.0000 stroke2
movl 0 -40.3797 408.7280 167.7008 160.7588 -10.6880 -133.1385 100.0000 stroke2
movl 0 -41.0102 408.7145 167.6768 160.8818 -11.0614 -132.6610 100.0000 stroke2
movl 0 -41.6106 408.1921 167.8929 161.0454 -11.3745 -132.4415 100.0000 stroke2
movl 0 -42.4383 407.2459 168.1478 161.2661 -11.6047 -132.3414 100.0000 stroke2
movl 0 -43.2648 406.3810 168.3316 161.4543 -11.8159 -132.1884 100.0000 stroke2
movl 0 -43.9502 405.7622 168.4502 161.6164 -12.0358 -131.9157 100.0000 stroke2
movl 0 -44.8233 404.8198 168.5969 161.8090 -12.2715 -131.6153 100.0000 stroke2
movl 0 -45.9983 403.7250 168.7934 161.9605 -12.4406 -131.2169 100.0000 stroke2
movl 0 -46.9982 402.7766 168.9569 162.1468 -12.7656 -130.8611 100.0000 stroke2
movl 0 -48.6315 401.5381 169.1039 162.2423 -12.8594 -130.2251 100.0000 stroke2
movl 0 -50.3845 400.1174 169.2752 162.3238 -12.9766 -129.5896 100.0000 stroke2
movl 0 -51.8013 398.9651 169.4105 162.3398 -13.1498 -129.0292 100.0000 stroke2
movl 0 -53.4869 397.4442 169.7756 162.2434 -13.1439 -128.3840 100.0000 stroke2
movl 0 -54.8965 396.3207 170.0925 162.2152 -13.2215 -128.0396 100.0000 stroke2
movl 0 -56.4383 395.6762 170.1803 162.2700 -13.2948 -127.5829 100.0000 stroke2
movl 0 -57.6502 394.9076 170.4478 162.1893 -13.3114 -127.1931 100.0000 stroke2
movl 0 -58.8398 393.8327 170.9804 162.0233 -13.3667 -126.7921 100.0000 stroke2
movl 0 -60.3044 392.9837 171.4678 161.9012 -13.4292 -126.4189 100.0000 stroke2
movl 0 -61.2944 392.4682 171.9619 161.8361 -13.5307 -126.2833 100.0000 stroke2
movl 0 -61.8729 392.1539 172.3683 161.6992 -13.6735 -126.1792 100.0000 stroke2
movl 0 -62.2752 390.5574 173.7759 161.1273 -13.7748 -125.8167 100.0000 stroke2
movl 0 -60.2687 383.6612 183.7154 157.0218 -12.2976 -123.2182 100.0000 stroke2
movl 0 -71.5970 358.1343 230.8257 148.3576 5.6080 -108.6079 100.0000 stroke2
movl 0 -43.4983 387.5915 207.8994 151.4422 5.5231 -91.7664 100.0000 stroke3
movl 0 -41.1101 377.3475 173.8329 155.2050 7.9913 -93.4874 100.0000 stroke3
movl 0 -43.1645 375.4964 173.4517 157.4437 10.0126 -93.0733 100.0000 stroke3
movl 0 -42.6743 377.4128 172.3177 157.8499 9.6403 -92.7658 100.0000 stroke3
movl 0 -42.5030 379.5655 171.5730 157.9318 8.9626 -93.3703 100.0000 stroke3
movl 0 -44.5432 382.1540 170.7053 158.6019 7.5372 -93.5957 100.0000 stroke3
movl 0 -47.1630 386.2141 170.0914 159.9073 4.7587 -94.8241 100.0000 stroke3
movl 0 -46.5869 389.5670 169.8444 160.3308 2.3396 -97.0269 100.0000 stroke3
movl 0 -46.9383 390.7187 169.8210 160.4195 0.8741 -98.1968 100.0000 stroke3
movl 0 -47.5067 391.5230 170.2187 160.8010 -1.0235 -99.4532 100.0000 stroke3
movl 0 -48.6326 392.0142 170.5117 161.2557 -2.9996 -100.6394 100.0000 stroke3
movl 0 -50.0023 392.6050 170.7475 161.9669 -5.1636 -101.8356 100.0000 stroke3
movl 0 -52.2424 392.6230 170.7584 162.7008 -7.0645 -102.3043 100.0000 stroke3
movl 0 -52.6538 391.1312 171.2698 162.5064 -7.1430 -102.4900 100.0000 stroke3
movl 0 -49.5853 390.3919 172.0508 161.8263 -6.4540 -103.8679 100.0000 stroke3
movl 0 -49.2966 390.4027 172.1857 162.0407 -6.8120 -104.8202 100.0000 stroke3
movl 0 -49.8824 390.6525 172.2052 162.5302 -7.5465 -105.2837 100.0000 stroke3
movl 0 -51.0670 390.0308 172.3358 163.0401 -8.0711 -105.6285 100.0000 stroke3
movl 0 -50.1187 388.6941 173.0189 162.7212 -7.2848 -107.3255 100.0000 stroke3
movl 0 -42.1548 376.8172 182.5721 157.3578 -0.2524 -112.5550 100.0000 stroke3
movl 0 -14.7787 383.8650 241.5079 151.3221 16.4804 -101.9453 100.0000 stroke4
movl 0 -10.4984 388.5267 180.3094 152.7360 9.7189 -104.1756 100.0000 stroke4
movl 0 -18.7441 387.9367 180.3061 154.1482 8.6062 -103.9094 100.0000 stroke4
movl 0 -27.2224 390.0032 175.4095 156.5700 7.3796 -102.8572 100.0000 stroke4
movl 0 -30.7624 390.6460 173.1876 156.9951 8.0454 -102.4161 100.0000 stroke4
movl 0 -33.5852 392.0317 171.9040 158.1275 7.8543 -102.2431 100.0000 stroke4
movl 0 -36.3837 393.1183 171.6719 160.0085 7.4833 -102.8431 100.0000 stroke4
movl 0 -37.2664 393.9665 171.9949 161.1762 7.0720 -103.3613 100.0000 stroke4
movl 0 -38.3119 393.5622 172.0426 161.8673 7.4275 -103.9518 100.0000 stroke4
movl 0 -37.8382 393.9644 172.2746 162.4283 7.3463 -105.2839 100.0000 stroke4
movl 0 -36.1800 394.8755 172.4739 162.7973 7.1687 -107.0231 100.0000 stroke4
movl 0 -33.7613 396.5131 172.5521 163.3217 6.9273 -109.4078 100.0000 stroke4
movl 0 -31.0461 399.3737 172.4140 164.2168 6.5962 -112.5327 100.0000 stroke4
movl 0 -29.2832 399.6805 172.5472 163.7512 6.3843 -112.9758 100.0000 stroke4
movl 0 -26.1768 397.7532 173.2461 162.1383 6.7202 -113.1589 100.0000 stroke4
movl 0 -25.5934 397.0136 173.5267 161.7894 6.9411 -113.2485 100.0000 stroke4
movl 0 -25.1445 396.7633 173.6283 161.6534 7.0314 -113.3519 100.0000 stroke4
movl 0 -25.2862 397.0120 173.5106 161.8470 6.8068 -113.3966 100.0000 stroke4
movl 0 -25.8096 398.9087 173.4109 162.8041 5.4866 -113.7948 100.0000 stroke4
movl 0 -25.8113 399.3540 173.3747 162.9630 4.8605 -113.9794 100.0000 stroke4
movl 0 -25.3122 399.3932 173.1189 162.0121 4.2950 -112.9015 100.0000 stroke4
movl 0 -21.2716 390.0768 178.9867 156.6973 6.1066 -106.5821 100.0000 stroke4
movl 0 -21.8132 362.6485 239.1832 148.9923 22.0292 -99.3346 100.0000 stroke4
movl 0 -6.9019 394.5680 233.0352 148.4915 22.1688 -92.4961 100.0000 stroke5
movl 0 2.8047 405.2986 176.8099 151.1259 17.6398 -92.4150 100.0000 stroke5
movl 0 -2.9748 409.8722 167.1458 153.3989 17.3632 -91.0856 100.0000 stroke5
movl 0 -8.3246 410.1527 165.1855 155.9373 17.9597 -89.0691 100.0000 stroke5
movl 0 -9.6090 412.5372 164.8835 156.4824 16.3697 -89.6548 100.0000 stroke5
movl 0 -13.5079 416.0164 163.8400 157.7053 13.5467 -91.3833 100.0000 stroke5
movl 0 -13.5557 419.3485 163.7302 158.0921 9.8198 -95.9048 100.0000 stroke5
movl 0 -13.8783 420.7456 163.6770 157.6859 7.2892 -98.5964 100.0000 stroke5
movl 0 -14.4938 421.1883 163.9579 157.5764 5.1605 -101.1563 100.0000 stroke5
movl 0 -14.7029 421.7380 164.3169 157.5964 3.3510 -103.3981 100.0000 stroke5
movl 0 -14.9509 422.2222 164.8504 157.7984 1.4380 -105.4694 100.0000 stroke5
movl 0 -15.1383 422.6495 165.3996 158.1131 -0.1063 -106.7059 100.0000 stroke5
movl 0 -15.2978 423.1219 165.9949 158.4954 -1.6159 -107.9711 100.0000 stroke5
movl 0 -15.8360 423.0356 166.6648 159.0610 -2.9368 -109.1806 100.0000 stroke5
movl 0 -16.5892 422.8011 167.3351 159.6766 -4.2396 -110.5776 100.0000 stroke5
movl 0 -17.4187 422.7194 167.9358 160.3338 -5.2897 -111.7511 100.0000 stroke5
movl 0 -18.0485 422.7021 168.4281 161.0036 -6.4733 -112.9045 100.0000 stroke5
movl 0 -18.7823 422.4088 168.8510 161.7989 -7.6465 -114.2378 100.0000 stroke5
movl 0 -19.7568 421.8080 169.2229 162.5567 -8.3884 -115.2708 100.0000 stroke5
movl 0 -20.5668 421.2948 169.5454 163.1134 -8.9808 -115.7343 100.0000 stroke5
movl 0 -21.2487 421.1642 169.7546 163.6958 -9.7758 -116.4326 100.0000 stroke5
movl 0 -21.6946 420.6986 169.9125 164.3326 -10.7348 -117.5113 100.0000 stroke5
movl 0 -22.1216 420.2509 170.1009 164.9625 -11.4621 -118.6347 100.0000 stroke5
movl 0 -22.3783 419.8481 170.1828 165.6043 -12.2942 -119.8632 100.0000 stroke5
movl 0 -23.1155 419.3306 170.2865 166.5311 -13.1556 -121.1281 100.0000 stroke5
movl 0 -23.7082 419.0048 170.3784 167.3316 -13.9131 -122.0622 100.0000 stroke5
movl 0 -25.0951 418.2573 170.3830 168.5084 -14.7682 -122.9629 100.0000 stroke5
movl 0 -25.9619 417.2160 170.5978 169.1756 -15.0614 -123.6141 100.0000 stroke5
movl 0 -22.7967 415.5079 171.8558 167.6189 -14.2214 -123.9619 100.0000 stroke5
movl 0 -19.5032 413.6706 172.6764 166.0489 -13.4392 -123.9293 100.0000 stroke5
movl 0 -20.8564 414.5778 172.5648 167.3827 -14.3129 -124.6287 100.0000 stroke5
movl 0 -21.8773 414.0614 172.6199 167.6378 -14.1691 -124.7564 100.0000 stroke5
movl 0 -21.1858 410.9949 173.4626 166.0656 -12.6728 -124.5933 100.0000 stroke5
movl 0 -15.2806 396.2543 185.7146 158.0616 -5.5518 -123.3281 100.0000 stroke5
movl 0 -3.7576 381.7452 212.9189 148.6703 0.6325 -119.0224 100.0000 stroke6
movl 0 -9.4084 384.4666 182.9610 151.7269 -1.8750 -120.9839 100.0000 stroke6
movl 0 -17.6568 386.8776 177.4482 154.2726 -2.6886 -120.5797 100.0000 stroke6
movl 0 -22.9038 386.3567 175.5648 155.3677 -1.8647 -119.8136 100.0000 stroke6
movl 0 -25.5778 388.4356 174.2610 156.4303 -2.3267 -118.7446 100.0000 stroke6
movl 0 -26.2310 389.8724 173.3722 156.5937 -2.6136 -117.6865 100.0000 stroke6
movl 0 -28.2624 391.0076 172.8055 157.7324 -2.3833 -118.2792 100.0000 stroke6
movl 0 -30.6688 391.4729 172.8413 159.1717 -2.1629 -119.4206 100.0000 stroke6
movl 0 -31.7889 391.7887 173.0774 160.1884 -2.3634 -120.3290 100.0000 stroke6
movl 0 -33.2205 391.1595 173.2033 160.6259 -1.8918 -121.1655 100.0000 stroke6
movl 0 -32.3916 391.5284 173.4425 161.1304 -1.8322 -122.8705 100.0000 stroke6
movl 0 -31.3941 392.2444 173.6641 161.8463 -1.7091 -124.7813 100.0000 stroke6
movl 0 -30.4204 393.1150 173.9608 162.5460 -1.6154 -126.7136 100.0000 stroke6
movl 0 -29.4484 394.0298 174.1823 163.4736 -1.2852 -128.8798 100.0000 stroke6
movl 0 -27.9945 395.6144 174.0481 164.4020 -1.2315 -131.0471 100.0000 stroke6
movl 0 -28.2651 395.5616 174.1013 164.8239 -0.8316 -132.2138 100.0000 stroke6
movl 0 -26.5124 393.3480 174.9166 163.4995 -0.8396 -131.6899 100.0000 stroke6
movl 0 -24.5049 392.1851 175.4317 162.5676 -0.8636 -131.5814 100.0000 stroke6
movl 0 -23.7412 391.8810 175.6686 162.2789 -0.8212 -131.5379 100.0000 stroke6
movl 0 -24.5176 393.0007 175.7590 163.4580 -1.3282 -131.6525 100.0000 stroke6
movl 0 -25.1644 394.2486 175.9697 164.6257 -2.1208 -132.0619 100.0000 stroke6
movl 0 -23.3745 393.0250 175.7977 162.8175 -2.8752 -130.0129 100.0000 stroke6
movl 0 -19.7661 385.0970 183.0225 156.8488 -1.6116 -126.2566 100.0000 stroke6
movl 0 -7.1440 369.0218 218.8656 148.9407 1.3955 -118.3687 100.0000 stroke7
movl 0 -12.9003 373.0741 180.5613 153.5311 -1.3891 -119.0953 100.0000 stroke7
movl 0 -22.9537 371.7921 178.6256 155.3832 -1.0016 -118.2712 100.0000 stroke7
movl 0 -27.9430 372.4494 176.5461 156.5696 -1.4327 -118.2442 100.0000 stroke7
movl 0 -30.6235 373.8606 175.3016 157.2489 -1.8098 -118.2644 100.0000 stroke7
movl 0 -33.0830 374.3054 174.5407 157.9601 -1.7058 -118.6301 100.0000 stroke7
movl 0 -36.5161 374.9647 173.7711 159.4028 -1.3037 -119.9823 100.0000 stroke7
movl 0 -38.8017 376.5210 173.5158 160.9836 -1.6317 -121.7012 100.0000 stroke7
movl 0 -40.3927 377.3410 173.6827 162.3664 -2.1905 -123.0400 100.0000 stroke7
movl 0 -41.4941 376.8901 173.8924 162.7204 -1.9160 -123.8658 100.0000 stroke7
movl 0 -42.0288 376.7599 173.9712 163.2702 -1.5105 -125.1853 100.0000 stroke7
movl 0 -41.8781 377.0630 174.3278 163.9584 -1.3415 -126.9437 100.0000 stroke7
movl 0 -41.3082 377.4845 174.6904 164.5710 -1.2523 -128.7111 100.0000 stroke7
movl 0 -40.7490 377.9516 175.1474 165.2037 -1.1108 -130.4580 100.0000 stroke7
movl 0 -39.9458 378.4744 175.4881 165.7632 -0.9428 -132.0704 100.0000 stroke7
movl 0 -39.8847 379.0260 175.7391 166.5118 -0.6111 -133.7049 100.0000 stroke7
movl 0 -39.6509 379.7832 175.9241 167.2930 -0.2521 -135.5835 100.0000 stroke7
movl 0 -39.6672 380.4444 175.9821 168.1283 0.1742 -137.5368 100.0000 stroke7
movl 0 -40.4494 380.7421 176.0055 168.8379 0.8527 -139.3296 100.0000 stroke7
movl 0 -41.3310 380.9283 175.9805 169.3961 1.3431 -140.8616 100.0000 stroke7
movl 0 -41.9675 381.3245 175.8229 169.8679 1.6565 -142.2974 100.0000 stroke7
movl 0 -42.8139 380.9326 175.8110 170.0712 2.0045 -143.1207 100.0000 stroke7
movl 0 -40.8990 378.7480 176.8350 168.6852 1.7263 -142.2469 100.0000 stroke7
movl 0 -38.5835 377.1551 177.2577 167.3820 1.6528 -141.6868 100.0000 stroke7
movl 0 -38.0067 376.6921 177.5224 167.1153 1.6811 -141.6524 100.0000 stroke7
movl 0 -37.2048 376.4850 177.7785 166.9197 1.6006 -141.6930 100.0000 stroke7
movl 0 -36.4030 375.9858 178.1374 166.6056 1.5227 -141.7773 100.0000 stroke7
movl 0 -36.3456 375.8450 178.2152 166.5987 1.4847 -141.7811 100.0000 stroke7
movl 0 -36.9166 377.1407 178.5798 167.6337 0.9237 -142.1069 100.0000 stroke7
movl 0 -37.6291 378.7222 178.6567 168.8169 0.3228 -142.7814 100.0000 stroke7
movl 0 -37.6285 379.7286 178.7945 169.5215 -0.2026 -143.3675 100.0000 stroke7
movl 0 -37.6316 379.9043 178.9465 169.8743 -0.3936 -143.7249 100.0000 stroke7
movl 0 -37.9413 380.0654 178.8571 170.0212 -0.5528 -143.9116 100.0000 stroke7
movl 0 -37.3239 379.7428 178.7647 169.4114 -0.9685 -143.1458 100.0000 stroke7
movl 0 -36.8609 379.9436 178.7520 168.9601 -1.2713 -142.5339 100.0000 stroke7
movl 0 -36.5717 380.1145 178.9304 168.6917 -1.5005 -142.2680 100.0000 stroke7
movl 0 -35.8736 380.0808 179.0872 168.4871 -1.7404 -142.1135 100.0000 stroke7
movl 0 -33.1980 378.3922 180.6765 167.5599 -2.0475 -142.0099 100.0000 stroke7
movl 0 -21.0761 368.7458 194.5237 162.6203 -2.9151 -141.0477 100.0000 stroke7
movl 0 0.8636 347.7849 242.1404 152.9119 -4.0347 -140.4791 100.0000 stroke7
