movl 0 -24.7681 404.7613 173.7524 -168.5999 29.2393 -1.0592 100.0000 stroke1
movl 0 -30.1969 401.9087 175.7751 -169.3144 26.8794 -2.9345 100.0000 stroke1
movl 0 -30.3952 402.7910 175.0696 -169.9051 27.0295 -4.0005 100.0000 stroke1
movl 0 -32.8265 401.2155 175.8984 -168.9422 26.3890 -3.5534 100.0000 stroke1
movl 0 -32.4005 403.6469 174.6410 -169.6070 26.3181 -3.3872 100.0000 stroke1
movl 0 -30.2602 406.8264 173.0443 -170.5036 26.3903 -2.7926 100.0000 stroke1
movl 0 -32.4159 407.3739 172.2938 -170.6803 25.7423 -2.3548 100.0000 stroke1
movl 0 -34.9914 410.4180 171.6095 -173.1930 24.6514 -4.4032 100.0000 stroke1
movl 0 -36.8462 413.5373 171.0586 -175.7411 23.5701 -7.0807 100.0000 stroke1
movl 0 -37.4245 416.7086 170.4634 -178.2635 22.7999 -9.9694 100.0000 stroke1
movl 0 -35.6337 420.9393 169.6040 178.7110 22.2051 -13.7449 100.0000 stroke1
movl 0 -33.5935 423.4998 168.9424 177.0663 22.3114 -15.8027 100.0000 stroke1
movl 0 -34.2318 424.3340 168.8396 176.1537 22.4694 -16.1250 100.0000 stroke1
movl 0 -35.3724 423.7209 169.0085 175.6240 22.4448 -16.4720 100.0000 stroke1
movl 0 -36.4861 423.1518 169.3902 174.7489 22.2293 -17.4986 100.0000 stroke1
movl 0 -37.6975 422.4652 169.6988 173.9981 21.9702 -18.1954 100.0000 stroke1
movl 0 -39.5307 421.3395 170.0256 173.4361 21.7887 -18.4453 100.0000 stroke1
movl 0 -41.0764 419.9972 170.4049 173.0253 21.7676 -18.4614 100.0000 stroke1
movl 0 -43.0389 418.6596 170.8037 172.9320 21.8184 -17.8553 100.0000 stroke1
movl 0 -44.9552 417.3144 171.1268 172.8805 21.8590 -17.4505 100.0000 stroke1
movl 0 -46.8089 416.5141 171.2306 172.7083 21.8061 -17.1399 100.0000 stroke1
movl 0 -48.1575 415.8177 171.4174 172.6305 21.8691 -16.9264 100.0000 stroke1
movl 0 -49.4144 415.1574 171.5869 172.5739 21.9742 -16.7524 100.0000 stroke1
movl 0 -50.3140 414.8367 171.7023 172.6518 22.1068 -16.3786 100.0000 stroke1
movl 0 -51.4799 414.5154 171.7385 172.6505 22.1495 -16.0687 100.0000 stroke1
movl 0 -52.5011 414.1686 171.8736 172.5985 22.2695 -15.9069 100.0000 stroke1
movl 0 -53.3225 414.0120 171.8686 172.5336 22.4090 -15.7654 100.0000 stroke1
movl 0 -53.8889 413.6908 172.0465 172.5220 22.5718 -15.6801 100.0000 stroke1
movl 0 -54.3622 413.4320 172.1793 172.5084 22.7236 -15.7620 100.0000 stroke1
movl 0 -54.6630 413.2674 172.2782 172.5023 22.8857 -15.9657 100.0000 stroke1
movl 0 -55.0056 413.0948 172.2414 172.5379 23.0873 -16.0219 100.0000 stroke1
movl 0 -53.7971 412.3948 172.5995 172.6421 23.8629 -16.0533 100.0000 stroke1
movl 0 -49.8190 406.8942 175.6935 173.6449 27.1362 -17.5898 100.0000 stroke1
movl 0 -47.5540 388.7289 196.2009 176.2009 34.7948 -25.7269 100.0000 stroke1
movl 0 -28.7868 412.6600 238.5557 161.8820 41.8240 -41.9214 100.0000 stroke2
movl 0 -19.7828 406.1176 184.8653 158.8315 35.6528 -47.7780 100.0000 stroke2
movl 0 -18.5566 394.1119 169.4514 159.3131 32.6013 -52.0210 100.0000 stroke2
movl 0 -19.1039 391.5585 165.9655 157.9557 28.5623 -56.5736 100.0000 stroke2
movl 0 -19.0334 391.8719 167.4761 159.3286 27.8620 -55.1668 100.0000 stroke2
movl 0 -17.4034 392.0727 169.0796 161.3836 28.3705 -52.5931 100.0000 stroke2
movl 0 -22.0627 391.0490 170.6072 162.8487 26.0015 -52.7630 100.0000 stroke2
movl 0 -27.2709 388.1909 171.7751 165.0383 25.2309 -51.5545 100.0000 stroke2
movl 0 -28.9713 388.2366 170.7577 165.7574 25.8150 -49.5900 100.0000 stroke2
movl 0 -31.3008 388.2957 169.7507 166.2764 26.1941 -47.3868 100.0000 stroke2
movl 0 -34.7840 391.1211 168.6938 166.1888 24.0417 -46.7733 100.0000 stroke2
movl 0 -36.5177 394.2698 168.6086 164.6393 20.3678 -49.6209 100.0000 stroke2
movl 0 -36.4125 396.6148 168.5679 162.9800 18.0198 -52.5481 100.0000 stroke2
movl 0 -36.8143 396.9386 168.9311 162.0275 16.7463 -54.4170 100.0000 stroke2
movl 0 -37.0456 397.7641 169.1881 160.8757 15.1455 -56.4032 100.0000 stroke2
movl 0 -37.7048 398.4451 169.2828 159.9031 13.6370 -57.5937 100.0000 stroke2
movl 0 -38.3449 399.8516 169.1425 158.6584 11.4367 -59.1587 100.0000 stroke2
movl 0 -39.7594 401.1585 168.9642 157.7797 8.9754 -60.6166 100.0000 stroke2
movl 0 -41.1355 402.3050 168.6249 157.0447 6.6816 -61.6261 100.0000 stroke2
movl 0 -42.4961 402.8254 168.3686 156.5808 4.6474 -61.9184 100.0000 stroke2
movl 0 -43.7623 403.3651 168.0945 156.2521 3.3096 -61.9171 100.0000 stroke2
movl 0 -45.6705 403.4084 167.8203 155.8902 2.3987 -61.2190 100.0000 stroke2
movl 0 -44.3515 402.5435 168.2603 155.7540 3.1558 -61.3603 100.0000 stroke2
movl 0 -40.9288 400.7626 169.2059 155.9440 4.7359 -62.2840 100.0000 stroke2
movl 0 -40.5286 400.0049 169.6080 156.1955 5.0582 -62.7537 100.0000 stroke2
movl 0 -40.4736 400.1254 169.5502 156.1016 4.5718 -63.0201 100.0000 stroke2
movl 0 -40.5453 400.0082 169.6162 156.1118 4.4483 -63.1018 100.0000 stroke2
movl 0 -40.7047 399.8220 169.6491 156.1274 4.3368 -63.1158 100.0000 stroke2
movl 0 -40.7083 399.5169 169.7628 156.0971 4.2306 -63.1055 100.0000 stroke2
movl 0 -40.8545 399.7485 169.6700 155.9762 3.8543 -62.8866 100.0000 stroke2
movl 0 -41.6742 399.7610 169.4664 155.7610 3.1750 -62.7097 100.0000 stroke2
movl 0 -39.3192 397.7748 170.4040 155.7792 4.8296 -63.4870 100.0000 stroke2
movl 0 -37.1669 397.0215 170.8332 155.7891 5.6644 -64.3711 100.0000 stroke2
movl 0 -38.4045 398.3860 170.4616 155.6557 4.0450 -64.2774 100.0000 stroke2
movl 0 -40.5702 398.3791 170.3398 155.9767 3.3503 -64.1157 100.0000 stroke2
movl 0 -39.1945 396.9505 170.8494 156.2918 5.0087 -64.6850 100.0000 stroke2
movl 0 -32.7718 383.4066 175.1131 158.9436 16.6425 -62.3490 100.0000 stroke2
movl 0 -27.1196 351.3990 200.4962 -179.9186 39.3166 -39.0024 100.0000 stroke2
movl 0 -9.1459 397.2487 199.4876 165.1115 32.3483 -51.6690 100.0000 stroke3
movl 0 -9.4539 393.1070 171.6332 167.1864 29.8188 -51.6004 100.0000 stroke3
movl 0 -13.2120 393.6806 171.1093 169.0395 28.9884 -50.0192 100.0000 stroke3
movl 0 -14.9136 396.0697 169.4808 168.1391 27.4440 -50.3447 100.0000 stroke3
movl 0 -15.3629 398.1879 168.1865 167.2255 26.9609 -50.2819 100.0000 stroke3
movl 0 -18.7578 403.4834 167.6245 164.8120 22.2662 -54.3467 100.0000 stroke3
movl 0 -18.3499 407.3499 167.3454 161.5797 18.3504 -59.0174 100.0000 stroke3
movl 0 -19.5284 407.5627 167.8453 160.2712 16.2731 -60.9613 100.0000 stroke3
movl 0 -20.2914 408.4006 168.3280 158.9163 13.9248 -63.0490 100.0000 stroke3
movl 0 -21.4262 409.5415 168.7659 157.5889 10.7287 -65.6708 100.0000 stroke3
movl 0 -23.1714 411.4029 168.9856 156.5699 6.7368 -68.5973 100.0000 stroke3
movl 0 -25.6395 412.9375 168.9728 156.3628 3.0343 -70.3492 100.0000 stroke3
movl 0 -28.2184 414.2060 168.5684 156.3141 -0.0758 -71.0902 100.0000 stroke3
movl 0 -30.5042 415.5289 168.2566 156.3158 -2.7406 -71.4854 100.0000 stroke3
movl 0 -33.0732 416.3208 168.0907 156.2308 -4.6850 -70.5933 100.0000 stroke3
movl 0 -33.9990 414.2755 168.7013 156.5691 -4.6832 -70.6757 100.0000 stroke3
movl 0 -29.4316 410.7044 170.2642 156.2731 -1.8504 -71.8162 100.0000 stroke3
movl 0 -28.7065 409.1563 170.8639 156.4942 -1.0000 -72.0311 100.0000 stroke3
movl 0 -29.1527 409.0271 170.9221 156.6120 -1.4460 -72.1243 100.0000 stroke3
movl 0 -29.5520 409.1563 171.0049 156.7343 -2.1510 -72.4435 100.0000 stroke3
movl 0 -30.8687 409.9189 170.6812 156.8678 -3.1797 -72.0832 100.0000 stroke3
movl 0 -31.3511 409.9779 170.6850 156.9150 -3.4809 -71.8618 100.0000 stroke3
movl 0 -30.8563 407.4184 171.6762 157.3249 -1.7164 -72.1628 100.0000 stroke3
movl 0 -29.1741 404.7523 172.5062 157.2256 0.7781 -72.3143 100.0000 stroke3
movl 0 -25.2063 388.3917 177.9727 159.2003 12.6866 -71.6582 100.0000 stroke3
movl 0 -31.9719 356.6425 201.3242 176.8992 34.4223 -55.0765 100.0000 stroke3
movl 0 3.3511 407.8560 202.9009 163.0622 30.7619 -60.8568 100.0000 stroke4
movl 0 7.0282 406.0208 175.6615 161.0157 26.1473 -64.2309 100.0000 stroke4
movl 0 2.0231 406.8373 172.6340 161.8217 23.6550 -64.6824 100.0000 stroke4
movl 0 -1.8383 408.4598 170.2506 163.3999 24.4016 -62.2596 100.0000 stroke4
movl 0 -6.8523 411.3411 168.8723 165.1860 22.7852 -60.7939 100.0000 stroke4
movl 0 -10.4342 415.8597 169.0004 165.0563 17.9704 -62.5710 100.0000 stroke4
movl 0 -7.2111 419.5261 168.4774 163.2490 16.1105 -64.7189 100.0000 stroke4
movl 0 -7.2000 420.6060 168.8458 161.6460 14.4537 -65.6459 100.0000 stroke4
movl 0 -7.8870 421.1738 169.5128 160.0653 12.1592 -66.6781 100.0000 stroke4
movl 0 -9.1965 421.2822 169.9337 159.1215 10.3835 -66.8987 100.0000 stroke4
movl 0 -9.4359 420.8129 170.0257 158.3351 9.5808 -66.8385 100.0000 stroke4
movl 0 -10.5309 419.1796 170.3247 157.9978 9.5373 -66.1436 100.0000 stroke4
movl 0 -11.4769 417.9748 170.5109 157.7945 9.5548 -65.7015 100.0000 stroke4
movl 0 -12.3848 416.7178 170.8411 157.6536 9.7387 -65.3093 100.0000 stroke4
movl 0 -13.0890 415.7682 171.1160 157.5284 9.9385 -65.0530 100.0000 stroke4
movl 0 -13.5703 415.0784 171.3720 157.3818 10.1722 -64.8250 100.0000 stroke4
movl 0 -13.8754 414.7226 171.6655 157.2463 10.3815 -64.7154 100.0000 stroke4
movl 0 -13.4862 413.7115 172.6844 156.7255 11.0271 -64.5295 100.0000 stroke4
movl 0 -13.0615 408.2266 182.9908 155.9065 14.7865 -63.0999 100.0000 stroke4
movl 0 -10.2945 391.8898 192.4568 161.1924 23.4619 -62.5956 100.0000 stroke5
movl 0 -16.7599 385.6114 178.5611 165.1163 20.1397 -63.4379 100.0000 stroke5
movl 0 -23.0025 385.5370 176.6513 167.4087 19.2632 -63.4587 100.0000 stroke5
movl 0 -23.8202 387.5359 175.6539 167.2995 18.3810 -63.5314 100.0000 stroke5
movl 0 -27.1139 388.4452 175.1239 168.6799 17.0619 -64.5812 100.0000 stroke5
movl 0 -31.9445 387.7228 175.6328 170.6087 15.7262 -66.0571 100.0000 stroke5
movl 0 -33.9160 386.4017 176.1019 171.6426 15.7666 -66.9944 100.0000 stroke5
movl 0 -33.0289 387.1425 176.3464 172.1601 15.4517 -69.3330 100.0000 stroke5
movl 0 -32.2476 389.3230 176.0378 173.0358 14.7280 -72.8495 100.0000 stroke5
movl 0 -31.5184 391.4951 175.5814 174.2381 14.1674 -76.2922 100.0000 stroke5
movl 0 -30.3461 392.1918 175.4854 174.1590 14.1261 -77.6117 100.0000 stroke5
movl 0 -27.8240 389.5098 176.4097 173.2504 15.7174 -76.9009 100.0000 stroke5
movl 0 -25.9270 388.4938 176.8958 172.6051 16.4520 -76.9689 100.0000 stroke5
movl 0 -25.6077 387.9687 177.1098 172.4780 16.8081 -76.9079 100.0000 stroke5
movl 0 -26.4191 388.4292 176.8815 172.7710 16.4175 -76.7027 100.0000 stroke5
movl 0 -27.2106 390.3586 177.0093 172.8216 14.6973 -77.3950 100.0000 stroke5
movl 0 -27.4509 390.6918 177.3078 172.7670 13.9340 -78.0157 100.0000 stroke5
movl 0 -26.7845 391.7413 177.5251 172.4420 13.0449 -78.8871 100.0000 stroke5
movl 0 -25.9208 391.2019 177.6881 172.0252 12.9854 -78.7400 100.0000 stroke5
movl 0 -26.6455 389.6023 177.7685 171.5043 13.6523 -77.3355 100.0000 stroke5
movl 0 -25.4518 389.2161 177.8579 170.8012 13.9557 -76.8568 100.0000 stroke5
movl 0 -24.8940 387.0591 178.7115 169.8922 15.1044 -75.5077 100.0000 stroke5
movl 0 -40.5317 348.1175 206.3869 177.7494 30.1726 -57.7344 100.0000 stroke5
movl 0 -9.8531 402.8737 207.6370 166.0969 23.5828 -42.5411 100.0000 stroke6
movl 0 -13.3824 388.8787 186.5683 171.5703 21.0512 -44.8509 100.0000 stroke6
movl 0 -17.6796 386.0758 182.6650 173.2509 19.9219 -45.1266 100.0000 stroke6
movl 0 -20.8563 383.5022 182.0396 175.1876 19.8994 -45.1165 100.0000 stroke6
movl 0 -22.6909 384.1125 180.7537 176.2072 19.8844 -44.9411 100.0000 stroke6
movl 0 -27.6765 388.7195 179.0272 175.4595 16.8356 -45.0837 100.0000 stroke6
movl 0 -29.4976 393.1895 178.6897 172.9846 13.4545 -47.2160 100.0000 stroke6
movl 0 -31.3492 394.9115 178.7433 171.6986 11.4534 -48.2672 100.0000 stroke6
movl 0 -34.0519 394.9961 178.8781 170.9596 9.9046 -48.3082 100.0000 stroke6
movl 0 -36.5883 394.2747 179.0163 170.4000 8.9649 -47.5829 100.0000 stroke6
movl 0 -38.5420 392.6134 179.3155 170.0448 8.6521 -46.5833 100.0000 stroke6
movl 0 -39.7468 391.1492 179.6251 169.7520 8.7014 -45.8848 100.0000 stroke6
movl 0 -41.0666 389.3077 180.1034 169.5169 8.9485 -45.3467 100.0000 stroke6
movl 0 -41.9181 388.0977 180.7941 169.2939 9.2834 -45.0536 100.0000 stroke6
movl 0 -42.4269 387.4273 181.4869 169.1456 9.5906 -44.9610 100.0000 stroke6
movl 0 -42.5623 387.1963 182.0465 168.9886 9.9170 -44.9291 100.0000 stroke6
movl 0 -42.5656 386.7747 182.6710 168.9214 10.1934 -45.0237 100.0000 stroke6
movl 0 -39.8640 383.9598 185.5974 168.8757 12.1778 -45.1430 100.0000 stroke6
movl 0 -36.5190 371.7363 206.4940 170.5727 21.1726 -42.2712 100.0000 stroke6
movl 0 -25.4083 373.4031 201.1791 -176.0726 25.7604 -18.2723 100.0000 stroke7
movl 0 -31.1918 367.7679 185.5711 -175.2886 22.6479 -21.3803 100.0000 stroke7
movl 0 -39.8607 364.9848 182.5642 -173.0426 20.3391 -20.5227 100.0000 stroke7
movl 0 -41.5625 367.0518 180.8790 -173.0854 20.0655 -21.0084 100.0000 stroke7
movl 0 -43.7962 368.4537 179.6416 -173.3155 19.4034 -21.6534 100.0000 stroke7
movl 0 -50.3883 370.3311 178.2806 -173.4371 16.5756 -24.0836 100.0000 stroke7
movl 0 -50.2419 372.6741 178.4088 -174.5523 15.7993 -26.6791 100.0000 stroke7
movl 0 -50.5718 373.4500 178.7596 -175.4056 15.2209 -28.0936 100.0000 stroke7
movl 0 -51.4080 375.1852 179.4994 -176.7564 13.6383 -30.2065 100.0000 stroke7
movl 0 -53.3990 377.7733 180.2502 -178.0673 10.9755 -33.4893 100.0000 stroke7
movl 0 -56.1481 380.7589 180.5884 -178.9840 8.3659 -36.3319 100.0000 stroke7
movl 0 -59.3889 384.2641 180.4987 -179.7814 5.1331 -39.8799 100.0000 stroke7
movl 0 -62.9747 387.4632 179.9071 179.8920 2.2079 -43.2961 100.0000 stroke7
movl 0 -65.1483 389.8612 179.3968 179.7099 0.1407 -45.8195 100.0000 stroke7
movl 0 -67.4896 392.3420 178.8411 179.7505 -1.9678 -48.6023 100.0000 stroke7
movl 0 -70.0642 394.2752 178.1815 -179.6986 -3.9342 -51.2336 100.0000 stroke7
movl 0 -71.7062 395.7162 177.6675 -179.1481 -5.2810 -53.6505 100.0000 stroke7
movl 0 -73.9589 396.2710 177.0636 -178.1826 -6.4060 -56.2050 100.0000 stroke7
movl 0 -75.5166 395.9750 176.8492 -177.2617 -6.7071 -59.4752 100.0000 stroke7
movl 0 -75.2992 396.1016 177.0202 -176.8499 -6.4358 -62.6668 100.0000 stroke7
movl 0 -73.9155 396.4226 177.5096 -176.6792 -5.8415 -67.1796 100.0000 stroke7
movl 0 -73.2767 395.8753 177.8641 -176.6735 -5.4092 -69.9688 100.0000 stroke7
movl 0 -74.4965 395.3016 177.3836 -176.0709 -5.5951 -71.6978 100.0000 stroke7
movl 0 -76.3653 393.9607 177.2803 -175.1424 -5.1897 -73.4103 100.0000 stroke7
movl 0 -76.1372 394.2575 177.4275 -174.7796 -4.7693 -75.5389 100.0000 stroke7
movl 0 -74.5956 395.5981 177.4381 -174.8406 -4.7695 -76.4000 100.0000 stroke7
movl 0 -72.9838 397.0184 177.5043 -175.0084 -4.9067 -77.0293 100.0000 stroke7
movl 0 -72.0796 397.5768 177.5096 -175.1981 -5.1487 -76.8252 100.0000 stroke7
movl 0 -70.0372 397.8546 178.0691 -175.8270 -5.3112 -75.8822 100.0000 stroke7
movl 0 -67.9267 398.3946 178.5463 -176.3169 -5.3397 -75.4321 100.0000 stroke7
movl 0 -66.4570 399.1166 178.6715 -176.6348 -5.5361 -75.3190 100.0000 stroke7
movl 0 -65.1833 399.4767 178.7928 -176.7962 -5.6795 -75.0031 100.0000 stroke7
movl 0 -63.7177 399.8623 178.9605 -176.9469 -5.7958 -74.8732 100.0000 stroke7
movl 0 -62.4873 400.0856 179.1464 -177.0965 -5.9116 -74.7618 100.0000 stroke7
movl 0 -61.3344 400.3022 179.3557 -177.1971 -5.9358 -74.8147 100.0000 stroke7
movl 0 -59.9523 400.4865 179.7366 -177.4357 -5.9687 -74.8923 100.0000 stroke7
movl 0 -58.8667 400.5469 180.1052 -177.5885 -5.9902 -75.0997 100.0000 stroke7
movl 0 -57.2281 400.8588 180.6655 -177.8714 -6.0017 -75.3512 100.0000 stroke7
movl 0 -56.0588 401.2577 180.9304 -178.0129 -6.0457 -75.5155 100.0000 stroke7
movl 0 -55.4226 401.3125 181.2759 -178.1094 -6.0288 -75.5314 100.0000 stroke7
movl 0 -54.4447 401.4544 181.6371 -178.2512 -6.0316 -75.5348 100.0000 stroke7
movl 0 -53.8421 401.5955 181.8607 -178.3262 -6.0851 -75.6163 100.0000 stroke7
movl 0 -52.9653 401.6778 182.3003 -178.4581 -6.0635 -75.6098 100.0000 stroke7
movl 0 -52.1445 401.8090 182.6663 -178.5901 -6.0505 -75.6018 100.0000 stroke7
movl 0 -51.4549 401.8849 183.0165 -178.6758 -6.0066 -75.6484 100.0000 stroke7
movl 0 -50.4761 401.8549 183.4859 -178.7899 -5.9126 -75.7392 100.0000 stroke7
movl 0 -49.5323 401.8253 184.0154 -178.9425 -5.8175 -75.7921 100.0000 stroke7
movl 0 -48.5713 401.9423 184.4585 -179.0568 -5.7867 -75.8908 100.0000 stroke7
movl 0 -47.7701 401.9204 184.9327 -179.1693 -5.7091 -75.9779 100.0000 stroke7
movl 0 -46.9249 401.8830 185.3786 -179.3192 -5.6263 -76.0409 100.0000 stroke7
movl 0 -46.2439 401.9174 185.7081 -179.4448 -5.5690 -76.0700 100.0000 stroke7
movl 0 -45.6373 401.9368 185.9829 -179.5419 -5.5048 -76.0956 100.0000 stroke7
movl 0 -45.0322 401.9580 186.2698 -179.6802 -5.4546 -76.1357 100.0000 stroke7
movl 0 -44.3257 401.8004 186.6457 -179.8820 -5.3438 -76.1294 100.0000 stroke7
movl 0 -43.1371 401.2457 187.5534 179.8377 -5.1310 -76.1717 100.0000 stroke7
movl 0 -41.3142 399.5914 189.1703 179.4075 -4.5937 -76.1966 100.0000 stroke7
movl 0 -40.8806 399.4099 189.6257 179.2955 -4.4681 -76.3117 100.0000 stroke7
movl 0 -39.8108 398.9960 190.1880 178.7997 -4.1190 -76.0362 100.0000 stroke7
movl 0 -32.8223 395.6185 194.4572 176.2472 -1.4568 -74.2932 100.0000 stroke7
movl 0 -17.5949 387.7341 223.4939 171.6489 5.2380 -69.7342 100.0000 stroke7
