movl 0 -25.7634 388.9526 169.6481 175.6684 -33.4110 158.8313 100.0000 stroke1
movl 0 -24.2553 390.5934 169.4522 173.7291 -32.3195 161.6364 100.0000 stroke1
movl 0 -25.4481 390.9330 169.0087 172.9402 -31.5019 162.0048 100.0000 stroke1
movl 0 -26.4690 391.8589 168.0611 173.2911 -30.9863 161.6060 100.0000 stroke1
movl 0 -26.8896 391.8324 167.6233 173.5588 -30.8628 161.1212 100.0000 stroke1
movl 0 -27.8825 392.4777 166.8807 173.6526 -30.1398 160.8944 100.0000 stroke1
movl 0 -29.5451 393.7668 166.0652 174.2618 -29.6040 160.2455 100.0000 stroke1
movl 0 -31.5797 395.6072 165.8377 175.8922 -28.0239 158.4546 100.0000 stroke1
movl 0 -32.9353 397.3019 165.5945 177.3773 -26.8298 156.8726 100.0000 stroke1
movl 0 -32.7997 398.8243 165.1936 178.7627 -26.1044 155.0290 100.0000 stroke1
movl 0 -31.6149 400.8361 164.8151 -179.9274 -26.1154 154.1513 100.0000 stroke1
movl 0 -33.1653 400.9566 165.1073 -178.6861 -25.8050 152.4601 100.0000 stroke1
movl 0 -34.8974 400.7185 165.4978 -177.6679 -25.4120 150.4336 100.0000 stroke1
movl 0 -35.8388 400.4860 165.7507 -176.8124 -25.0232 148.6017 100.0000 stroke1
movl 0 -36.4021 400.1613 166.0042 -175.8134 -24.8441 146.9297 100.0000 stroke1
movl 0 -36.8056 399.7493 166.1945 -175.0964 -24.6647 145.8284 100.0000 stroke1
movl 0 -37.2943 399.0845 166.4924 -174.5820 -24.4626 145.2101 100.0000 stroke1
movl 0 -37.9853 398.3307 166.8700 -174.2310 -24.2942 144.8971 100.0000 stroke1
movl 0 -38.2395 397.7961 167.1702 -173.6530 -24.1229 144.2888 100.0000 stroke1
movl 0 -38.7956 397.1725 167.5017 -173.1592 -23.9285 143.9198 100.0000 stroke1
movl 0 -39.5744 396.6070 167.7731 -172.7491 -23.7721 143.8268 100.0000 stroke1
movl 0 -40.4262 396.0479 168.0174 -172.4083 -23.5967 143.8889 100.0000 stroke1
movl 0 -41.2217 395.4588 168.4891 -171.9129 -23.4804 143.9212 100.0000 stroke1
movl 0 -42.2028 394.6906 168.7737 -171.6855 -23.4178 144.0360 100.0000 stroke1
movl 0 -43.3553 394.1190 168.9904 -171.4479 -23.3122 144.2560 100.0000 stroke1
movl 0 -44.6415 393.3381 169.3050 -171.2905 -23.3525 144.6296 100.0000 stroke1
movl 0 -45.8780 392.5355 169.5753 -171.1482 -23.3641 144.9424 100.0000 stroke1
movl 0 -46.7527 392.1918 169.6454 -170.9004 -23.4128 145.1019 100.0000 stroke1
movl 0 -47.7000 391.4977 169.9744 -170.7395 -23.5614 145.2852 100.0000 stroke1
movl 0 -48.3285 391.0683 170.2855 -170.6001 -23.7573 145.3473 100.0000 stroke1
movl 0 -49.0464 390.6524 170.5496 -170.5585 -23.9518 145.5944 100.0000 stroke1
movl 0 -49.5329 390.3083 170.7535 -170.4858 -24.1654 145.6783 100.0000 stroke1
movl 0 -49.8884 390.1649 170.7932 -170.3082 -24.2142 145.3867 100.0000 stroke1
movl 0 -50.0097 389.9880 170.8092 -169.9033 -24.3336 144.5892 100.0000 stroke1
movl 0 -49.8361 389.5692 171.0800 -169.4807 -24.7308 143.8524 100.0000 stroke1
movl 0 -46.2819 388.3172 172.5282 -168.0148 -27.1962 141.4498 100.0000 stroke1
movl 0 -38.7708 380.4773 180.7220 -169.4625 -35.1150 139.7949 100.0000 stroke1
movl 0 -38.1983 374.5635 213.6557 -176.6307 -40.8990 147.7814 100.0000 stroke1
movl 0 -26.8408 401.1779 232.7676 -172.0656 -39.5445 147.1898 100.0000 stroke2
movl 0 -25.3599 387.3206 189.7551 -166.5603 -35.2601 138.3657 100.0000 stroke2
movl 0 -28.0398 378.9357 172.2090 -168.5999 -34.0216 136.8878 100.0000 stroke2
movl 0 -29.0800 376.8941 170.3824 -167.7869 -30.9127 133.0759 100.0000 stroke2
movl 0 -29.6986 378.0660 169.4188 -168.0661 -29.0494 131.2245 100.0000 stroke2
movl 0 -31.7310 378.4977 168.8232 -169.5244 -28.5866 132.0773 100.0000 stroke2
movl 0 -33.1113 381.8195 167.7663 -168.6837 -27.1378 130.9089 100.0000 stroke2
movl 0 -37.2198 385.0727 167.9009 -166.8615 -23.7983 126.6352 100.0000 stroke2
movl 0 -37.8739 387.2027 167.6042 -165.3202 -21.4531 123.5296 100.0000 stroke2
movl 0 -35.8337 388.9817 167.1801 -163.3755 -19.6422 120.0066 100.0000 stroke2
movl 0 -36.0915 389.5544 167.3283 -162.4656 -18.3840 118.3553 100.0000 stroke2
movl 0 -35.9731 390.3818 167.6048 -161.3929 -16.8017 116.6873 100.0000 stroke2
movl 0 -36.3962 391.2287 168.1434 -160.3127 -14.8498 114.6844 100.0000 stroke2
movl 0 -36.4153 391.9664 168.8144 -159.2393 -12.8575 112.8282 100.0000 stroke2
movl 0 -36.9161 393.1561 169.1987 -158.5788 -10.6446 111.5463 100.0000 stroke2
movl 0 -37.1940 394.4229 169.1383 -157.4642 -7.9477 108.7262 100.0000 stroke2
movl 0 -37.9960 395.8774 168.9810 -156.7199 -5.1122 106.5031 100.0000 stroke2
movl 0 -38.9971 397.0268 168.8846 -156.3647 -2.3731 104.2704 100.0000 stroke2
movl 0 -40.3068 397.9009 168.8108 -156.3930 0.1268 102.4167 100.0000 stroke2
movl 0 -41.7634 398.9545 168.6679 -156.5477 2.7379 100.8654 100.0000 stroke2
movl 0 -43.8727 399.6860 168.4407 -156.9169 4.9350 100.1604 100.0000 stroke2
movl 0 -45.4822 400.2761 168.2258 -157.2103 6.6969 99.8154 100.0000 stroke2
movl 0 -47.3560 400.3314 168.1212 -157.4033 7.9161 100.0308 100.0000 stroke2
movl 0 -49.8556 399.6305 168.1303 -157.6081 8.7134 100.7241 100.0000 stroke2
movl 0 -51.5750 398.5389 168.3992 -157.5406 8.5180 101.8734 100.0000 stroke2
movl 0 -46.8986 396.5064 169.9585 -156.7884 5.8713 102.2494 100.0000 stroke2
movl 0 -43.5480 393.8310 171.2887 -156.6544 3.0554 102.7009 100.0000 stroke2
movl 0 -43.3488 393.3979 171.5044 -156.5743 2.8582 102.7469 100.0000 stroke2
movl 0 -43.8581 393.7410 171.4118 -156.5662 3.8620 102.5770 100.0000 stroke2
movl 0 -43.8493 393.5356 171.5419 -156.5716 4.0737 102.4494 100.0000 stroke2
movl 0 -44.0827 393.7608 171.5664 -156.5440 4.7574 102.3336 100.0000 stroke2
movl 0 -45.0630 393.6580 171.5521 -156.7996 4.9712 102.5177 100.0000 stroke2
movl 0 -43.9532 392.5416 172.0463 -156.6063 3.6528 102.5546 100.0000 stroke2
movl 0 -42.9401 391.5159 172.5685 -156.4970 2.2479 102.7323 100.0000 stroke2
movl 0 -37.1859 383.0262 179.2433 -155.9548 -5.8178 101.0946 100.0000 stroke2
movl 0 -28.5432 367.3753 224.1798 -156.9329 -26.5690 105.3139 100.0000 stroke2
movl 0 -13.4793 402.3352 236.9228 -164.2047 -35.2863 121.8347 100.0000 stroke3
movl 0 -0.7941 400.6512 187.8532 -159.7881 -29.5920 115.3830 100.0000 stroke3
movl 0 2.8418 401.5521 171.4706 -160.2253 -27.8329 115.1201 100.0000 stroke3
movl 0 4.0137 403.6436 169.2257 -160.6484 -27.0735 115.4847 100.0000 stroke3
movl 0 5.7806 406.8850 166.8278 -160.7769 -27.4301 116.6862 100.0000 stroke3
movl 0 -1.3976 411.0168 165.7960 -162.1088 -24.3524 116.7994 100.0000 stroke3
movl 0 -4.9527 415.9164 165.7890 -162.4655 -19.8927 115.6601 100.0000 stroke3
movl 0 -3.3102 418.1708 165.4408 -162.3101 -18.1154 113.7213 100.0000 stroke3
movl 0 -3.8031 418.9665 165.6068 -161.9055 -17.0083 112.8847 100.0000 stroke3
movl 0 -3.6323 418.9240 166.5156 -160.0311 -14.7869 108.9081 100.0000 stroke3
movl 0 -3.6839 417.9671 167.2681 -158.7327 -13.1799 106.4910 100.0000 stroke3
movl 0 -3.6629 416.4557 167.8143 -158.3322 -13.2417 105.4137 100.0000 stroke3
movl 0 -3.7825 414.0304 168.3784 -158.6754 -14.8027 105.0335 100.0000 stroke3
movl 0 -5.0515 412.1133 169.1004 -159.2740 -15.7214 105.0492 100.0000 stroke3
movl 0 -5.6816 411.0961 169.2314 -159.7234 -16.6402 104.9334 100.0000 stroke3
movl 0 -6.1640 410.1484 169.4932 -160.3354 -17.5771 105.8078 100.0000 stroke3
movl 0 -6.0610 408.5245 170.0861 -160.4263 -18.3147 105.6424 100.0000 stroke3
movl 0 -5.8942 404.4012 172.3007 -160.6285 -20.2666 105.5724 100.0000 stroke3
movl 0 -7.9268 392.3675 189.3521 -161.9691 -27.9212 109.4827 100.0000 stroke3
movl 0 -14.4039 396.6008 238.9976 -161.2900 -31.4618 118.5654 100.0000 stroke4
movl 0 -4.4883 397.8696 177.0312 -157.6721 -24.7853 112.0397 100.0000 stroke4
movl 0 -4.0441 395.2609 173.3430 -159.0069 -24.5671 112.3522 100.0000 stroke4
movl 0 -9.8773 394.4580 171.7890 -161.6054 -24.0746 113.2007 100.0000 stroke4
movl 0 -12.4665 396.4573 170.3744 -162.9661 -23.5303 115.0048 100.0000 stroke4
movl 0 -15.0533 397.1268 169.9475 -163.6247 -22.9481 115.6113 100.0000 stroke4
movl 0 -19.2999 397.7760 170.3241 -164.8104 -20.9355 113.9372 100.0000 stroke4
movl 0 -21.2759 397.8220 170.8701 -165.3509 -19.8511 111.9240 100.0000 stroke4
movl 0 -22.6007 397.8050 171.1573 -166.4897 -19.7208 112.2949 100.0000 stroke4
movl 0 -20.5593 398.2124 171.4226 -166.7030 -19.4643 111.0253 100.0000 stroke4
movl 0 -18.8968 399.0252 171.5667 -167.1918 -18.9113 109.3126 100.0000 stroke4
movl 0 -17.3058 399.6613 171.7194 -167.8011 -18.3646 107.4936 100.0000 stroke4
movl 0 -16.5154 400.4571 171.8064 -168.6766 -17.7296 105.3260 100.0000 stroke4
movl 0 -16.1759 401.0884 172.0103 -169.5598 -17.2300 103.4060 100.0000 stroke4
movl 0 -15.8171 399.8208 172.5102 -169.1956 -17.6779 103.1076 100.0000 stroke4
movl 0 -14.7526 397.7286 173.1490 -168.8742 -19.0662 103.1045 100.0000 stroke4
movl 0 -14.0999 397.2311 173.2857 -168.7414 -19.4461 102.9262 100.0000 stroke4
movl 0 -14.3718 396.9490 173.2159 -168.8671 -19.2542 103.1153 100.0000 stroke4
movl 0 -14.0162 397.9341 173.2780 -168.6921 -17.4248 102.5194 100.0000 stroke4
movl 0 -16.1929 396.9724 173.1206 -168.1770 -17.5900 103.2981 100.0000 stroke4
movl 0 -14.0867 395.9014 173.0293 -165.9791 -18.7563 103.4244 100.0000 stroke4
movl 0 -12.1181 395.1378 173.6224 -164.4941 -19.1508 102.8044 100.0000 stroke4
movl 0 -9.2030 392.3542 179.4012 -161.7395 -20.8265 100.8316 100.0000 stroke4
movl 0 -8.4802 385.5066 218.8775 -157.4637 -28.9562 103.9002 100.0000 stroke4
movl 0 6.9817 394.8874 199.6504 -146.0787 -18.7073 95.3915 100.0000 stroke5
movl 0 10.2473 393.5760 170.3795 -147.5773 -15.0758 94.0553 100.0000 stroke5
movl 0 5.8571 392.9135 170.1202 -150.6140 -15.0128 93.9900 100.0000 stroke5
movl 0 1.3802 393.9702 169.4227 -151.7414 -13.4427 93.0180 100.0000 stroke5
movl 0 -4.2642 395.3744 168.9945 -153.6592 -11.9810 92.0755 100.0000 stroke5
movl 0 -12.8231 400.6408 168.3578 -155.6224 -5.8511 89.6316 100.0000 stroke5
movl 0 -15.4924 400.1257 168.9008 -156.2748 -4.8526 87.7863 100.0000 stroke5
movl 0 -13.1714 400.2617 168.9468 -156.3070 -4.8173 85.6378 100.0000 stroke5
movl 0 -13.8889 400.2567 169.1473 -156.8554 -3.9717 84.5056 100.0000 stroke5
movl 0 -14.4665 399.1526 169.4113 -157.1797 -4.0002 84.2681 100.0000 stroke5
movl 0 -12.8164 397.6421 170.0698 -157.0364 -4.2057 83.9535 100.0000 stroke5
movl 0 -11.3351 395.8170 170.8579 -156.7376 -4.5442 83.9002 100.0000 stroke5
movl 0 -10.4902 395.0627 171.1627 -156.5383 -5.3263 84.4543 100.0000 stroke5
movl 0 -8.6673 393.6189 172.4302 -155.6538 -7.6118 86.9365 100.0000 stroke5
movl 0 1.3673 390.0217 202.4386 -153.2235 -18.5659 93.3288 100.0000 stroke5
movl 0 6.7408 399.3716 183.5386 -157.2798 -21.5353 108.6765 100.0000 stroke6
movl 0 8.8023 393.7206 177.9798 -160.3395 -22.1031 109.2079 100.0000 stroke6
movl 0 7.2889 396.3707 173.6449 -160.6990 -20.1244 109.3350 100.0000 stroke6
movl 0 7.1197 396.7829 172.9268 -161.0880 -19.9722 109.2699 100.0000 stroke6
movl 0 5.4066 399.1358 171.8046 -161.0978 -19.0987 108.0227 100.0000 stroke6
movl 0 1.7368 403.8661 170.9312 -161.8348 -16.1414 107.5155 100.0000 stroke6
movl 0 3.1163 406.9440 170.1812 -161.0987 -14.1104 106.1959 100.0000 stroke6
movl 0 2.8837 408.1035 170.2635 -159.7968 -12.0812 104.9514 100.0000 stroke6
movl 0 3.1346 409.2368 170.7041 -158.0959 -9.5226 103.4413 100.0000 stroke6
movl 0 2.7606 409.2205 170.9704 -157.0430 -8.1341 103.0036 100.0000 stroke6
movl 0 2.5186 407.8574 171.4271 -156.7328 -8.2298 103.0710 100.0000 stroke6
movl 0 2.1863 406.6150 171.9883 -156.6552 -8.6777 103.3456 100.0000 stroke6
movl 0 2.7297 404.0109 173.5665 -156.3109 -9.9216 103.4563 100.0000 stroke6
movl 0 3.4388 393.3493 190.2109 -153.7034 -15.5473 103.4356 100.0000 stroke6
movl 0 -0.9789 385.5190 201.0607 -152.9774 -18.7713 101.6724 100.0000 stroke7
movl 0 -5.9791 379.2767 178.6281 -155.7957 -17.4834 101.5397 100.0000 stroke7
movl 0 -14.1122 378.6333 175.5666 -158.3272 -17.2973 102.8773 100.0000 stroke7
movl 0 -17.9229 378.4270 174.8011 -158.7453 -17.6418 104.2864 100.0000 stroke7
movl 0 -21.3524 380.0901 173.9168 -158.9066 -16.9536 105.1295 100.0000 stroke7
movl 0 -24.9574 380.3847 173.7561 -160.4151 -16.6518 105.4330 100.0000 stroke7
movl 0 -30.7104 380.8646 173.7365 -162.8590 -15.3696 105.1098 100.0000 stroke7
movl 0 -33.4692 381.4889 173.9908 -164.2310 -14.1764 104.7804 100.0000 stroke7
movl 0 -34.0844 381.6353 174.1972 -164.6788 -13.8320 104.3820 100.0000 stroke7
movl 0 -34.0837 381.9405 174.0388 -165.1016 -13.8781 103.9263 100.0000 stroke7
movl 0 -32.0790 382.5026 174.1431 -165.1973 -13.7563 102.9588 100.0000 stroke7
movl 0 -29.9011 383.1869 174.2906 -165.2149 -13.5905 101.8928 100.0000 stroke7
movl 0 -27.0740 383.6301 174.6142 -165.2397 -13.4827 100.8248 100.0000 stroke7
movl 0 -23.9793 384.3795 174.8358 -165.3712 -13.2165 99.4575 100.0000 stroke7
movl 0 -20.3440 385.1962 175.1248 -165.7024 -12.7981 97.7461 100.0000 stroke7
movl 0 -18.6361 385.7020 175.4216 -166.6625 -12.4503 95.7875 100.0000 stroke7
movl 0 -17.5607 386.3682 175.7133 -167.7354 -12.1238 93.8399 100.0000 stroke7
movl 0 -16.9372 386.7068 175.9856 -168.8391 -11.9731 91.6099 100.0000 stroke7
movl 0 -17.2007 387.2856 176.2378 -170.1432 -11.7901 89.7348 100.0000 stroke7
movl 0 -18.7604 387.8631 176.4076 -171.7997 -11.6127 87.8975 100.0000 stroke7
movl 0 -19.9364 388.2719 176.3918 -173.0330 -11.4297 86.2001 100.0000 stroke7
movl 0 -19.2020 386.4085 177.0132 -172.4006 -12.1098 86.2694 100.0000 stroke7
movl 0 -15.9167 384.0025 178.0074 -171.0832 -13.2630 86.0820 100.0000 stroke7
movl 0 -16.1303 383.7867 178.1307 -171.1714 -13.1195 86.0869 100.0000 stroke7
movl 0 -15.7830 384.7451 178.1728 -171.2834 -11.9103 85.5304 100.0000 stroke7
movl 0 -15.2960 384.7715 178.1432 -171.2317 -11.3903 85.2142 100.0000 stroke7
movl 0 -14.4492 384.4866 178.3417 -171.1222 -11.2001 84.9692 100.0000 stroke7
movl 0 -13.3586 384.0756 178.5483 -170.8481 -10.9011 84.7678 100.0000 stroke7
movl 0 -12.8899 382.8921 178.9711 -170.5715 -11.0101 84.9312 100.0000 stroke7
movl 0 -11.7927 382.5983 178.8679 -169.9829 -10.9300 85.8263 100.0000 stroke7
movl 0 -13.0561 381.4288 179.0868 -168.8946 -11.6726 87.5874 100.0000 stroke7
movl 0 -12.7307 381.3541 179.2438 -168.3774 -12.0761 87.9677 100.0000 stroke7
movl 0 -13.1229 381.1657 179.5317 -168.0266 -12.4402 88.2020 100.0000 stroke7
movl 0 -13.2088 380.2270 180.0648 -167.5831 -12.8671 88.8097 100.0000 stroke7
movl 0 -8.2041 368.1791 198.8128 -161.1763 -20.4575 97.2408 100.0000 stroke7
movl 0 5.5814 392.4941 189.2240 -162.5839 -31.3742 136.8296 100.0000 stroke8
movl 0 7.4853 385.4394 171.6599 -165.3229 -29.0555 135.7403 100.0000 stroke8
movl 0 2.7157 384.1155 171.5739 -165.8250 -27.3648 135.9166 100.0000 stroke8
movl 0 -3.8060 382.6606 172.0797 -166.9781 -25.1076 134.7963 100.0000 stroke8
movl 0 -5.4226 383.1496 171.6573 -167.3007 -24.7710 134.7090 100.0000 stroke8
movl 0 -6.3972 384.2361 170.9249 -167.0333 -24.6465 134.8280 100.0000 stroke8
movl 0 -10.9774 387.4116 170.3290 -166.5770 -21.5215 133.3688 100.0000 stroke8
movl 0 -11.7580 389.6403 170.4702 -164.8226 -19.4002 130.2781 100.0000 stroke8
movl 0 -12.6945 391.3260 170.8237 -162.6273 -16.7408 125.6535 100.0000 stroke8
movl 0 -13.2880 392.6936 170.8989 -161.2211 -14.5226 123.2230 100.0000 stroke8
movl 0 -12.9060 392.5798 171.3182 -160.3506 -13.4666 121.4549 100.0000 stroke8
movl 0 -11.8589 392.3760 171.5170 -159.8055 -13.2992 120.7699 100.0000 stroke8
movl 0 -11.8094 391.6642 171.7611 -160.1830 -13.7209 120.7524 100.0000 stroke8
movl 0 -11.6310 388.6920 172.6786 -161.5964 -15.9111 121.4673 100.0000 stroke8
movl 0 -6.7663 383.2918 178.4228 -163.9235 -21.5379 123.9960 100.0000 stroke8
movl 0 -0.4897 376.5523 219.9753 -169.3832 -31.9108 131.7797 100.0000 stroke8
movl 0 -3.0643 386.2428 202.2207 -167.1745 -31.7527 140.2483 100.0000 stroke9
movl 0 -7.6383 378.4224 178.5456 -171.3892 -27.4684 140.9839 100.0000 stroke9
movl 0 -7.7108 380.0144 178.5446 -170.7135 -24.4375 138.6678 100.0000 stroke9
movl 0 -8.1077 381.8236 177.0505 -170.1582 -23.0049 136.9762 100.0000 stroke9
movl 0 -9.0282 382.6314 176.0990 -170.0482 -22.8488 137.2088 100.0000 stroke9
movl 0 -10.4416 384.4591 175.2431 -170.2529 -22.6616 138.1272 100.0000 stroke9
movl 0 -11.1755 384.8121 174.8927 -170.6003 -22.6605 138.6462 100.0000 stroke9
movl 0 -15.7974 384.5222 175.4313 -172.2705 -21.0528 138.5874 100.0000 stroke9
movl 0 -18.0414 384.5997 175.5450 -173.0933 -20.1342 138.4158 100.0000 stroke9
movl 0 -16.3855 385.3674 175.4280 -173.2455 -19.7383 137.1666 100.0000 stroke9
movl 0 -14.1943 386.5979 175.0098 -172.8242 -19.2661 134.9135 100.0000 stroke9
movl 0 -11.5643 386.0790 175.1847 -172.2479 -19.8562 134.0021 100.0000 stroke9
movl 0 -11.5171 388.0131 174.5378 -171.2902 -19.0110 133.0449 100.0000 stroke9
movl 0 -9.2242 390.9036 173.4559 -169.5565 -17.8823 130.6451 100.0000 stroke9
movl 0 -9.3042 393.0694 172.7248 -168.1098 -17.0478 130.2786 100.0000 stroke9
movl 0 -8.5614 395.0195 172.3459 -166.2104 -16.0223 130.3726 100.0000 stroke9
movl 0 -8.6845 396.0603 172.4880 -164.6714 -14.8384 130.2047 100.0000 stroke9
movl 0 -8.8866 396.0315 172.6651 -163.7315 -14.1258 129.8435 100.0000 stroke9
movl 0 -9.3638 395.4128 172.9703 -163.4850 -14.0345 129.8470 100.0000 stroke9
movl 0 -8.4840 394.4496 173.4685 -163.8671 -14.7022 129.5797 100.0000 stroke9
movl 0 -8.3252 394.0488 173.5114 -163.9173 -14.8713 129.6209 100.0000 stroke9
movl 0 -8.8691 393.3603 173.7071 -163.9504 -14.8043 129.7897 100.0000 stroke9
movl 0 -8.5926 393.2439 173.7045 -163.8574 -14.8237 129.5491 100.0000 stroke9
movl 0 -8.6230 392.8109 173.9561 -164.1265 -15.0239 129.1404 100.0000 stroke9
movl 0 -8.5997 392.0532 174.3079 -164.0952 -15.3435 127.5504 100.0000 stroke9
movl 0 -8.4239 391.3400 174.7407 -164.2247 -15.6099 127.3293 100.0000 stroke9
movl 0 -6.4830 387.1439 177.6175 -164.8344 -17.7671 126.7897 100.0000 stroke9
movl 0 -4.8391 377.3215 196.0457 -166.5628 -23.0883 126.9735 100.0000 stroke9
movl 0 -10.2363 356.9209 229.4297 -170.5589 -29.1378 132.4940 100.0000 stroke10
movl 0 -8.1621 368.6066 193.4901 -168.3653 -24.7975 130.0240 100.0000 stroke10
movl 0 -7.5975 371.3432 184.2177 -166.9428 -22.8997 127.6411 100.0000 stroke10
movl 0 -9.5053 374.6528 179.5217 -166.0836 -20.1827 126.0583 100.0000 stroke10
movl 0 -13.0575 375.3858 177.6793 -166.6344 -19.3788 127.8720 100.0000 stroke10
movl 0 -16.0933 377.4644 176.4056 -166.2399 -18.5809 126.5472 100.0000 stroke10
movl 0 -16.8553 377.5964 176.0617 -166.1144 -18.4850 126.4324 100.0000 stroke10
movl 0 -18.2336 378.4870 175.8944 -166.2186 -17.6382 126.1383 100.0000 stroke10
movl 0 -20.1897 378.6929 175.9358 -166.6080 -16.7386 125.2762 100.0000 stroke10
movl 0 -20.6475 378.8534 175.9505 -166.8402 -16.3356 124.5496 100.0000 stroke10
movl 0 -20.8262 379.0138 176.0327 -167.1554 -15.9964 123.9008 100.0000 stroke10
movl 0 -20.5539 379.3614 175.8982 -167.4977 -15.5748 123.2066 100.0000 stroke10
movl 0 -19.4403 379.8067 175.7810 -167.5633 -15.2189 122.3364 100.0000 stroke10
movl 0 -19.0453 380.2813 175.6946 -167.8039 -14.7264 121.3859 100.0000 stroke10
movl 0 -18.3168 381.1353 175.4189 -168.0521 -13.9815 120.0042 100.0000 stroke10
movl 0 -17.5773 380.9781 175.5554 -168.1186 -13.8724 119.5146 100.0000 stroke10
movl 0 -16.2855 378.4501 176.5914 -168.2823 -15.1750 119.5806 100.0000 stroke10
movl 0 -16.4019 378.7819 176.4074 -168.2571 -14.8942 119.5906 100.0000 stroke10
movl 0 -16.9734 379.5870 176.3435 -168.1453 -13.9458 119.6317 100.0000 stroke10
movl 0 -16.6126 379.4076 176.2189 -168.0832 -13.8116 119.6324 100.0000 stroke10
movl 0 -17.6872 378.2926 176.4665 -168.2420 -14.1114 120.3064 100.0000 stroke10
movl 0 -18.5519 377.5566 176.6769 -168.2011 -14.5794 120.9439 100.0000 stroke10
movl 0 -18.2775 377.3338 176.7366 -168.1345 -14.8831 121.2092 100.0000 stroke10
movl 0 -18.0787 377.4649 176.9470 -168.1267 -15.0801 121.3223 100.0000 stroke10
movl 0 -16.2237 375.5470 178.5359 -168.3142 -16.3009 121.9374 100.0000 stroke10
movl 0 -3.4359 362.7597 205.8246 -168.8973 -24.8170 124.4999 100.0000 stroke10
movl 0 -0.8969 353.7717 217.9018 168.4872 -35.1296 165.9827 100.0000 stroke11
movl 0 -2.8807 348.9953 179.6826 167.5626 -31.2359 163.1498 100.0000 stroke11
movl 0 -5.7321 349.1551 176.2326 163.5900 -26.8084 165.1691 100.0000 stroke11
movl 0 -1.6523 353.4195 174.1401 165.8484 -25.8830 163.9712 100.0000 stroke11
movl 0 -0.2998 356.3891 172.5592 167.3512 -25.8562 163.5234 100.0000 stroke11
movl 0 -0.1427 358.0055 171.9784 168.2481 -25.8296 162.9585 100.0000 stroke11
movl 0 -0.4784 359.7726 171.3404 169.3654 -25.8079 162.2280 100.0000 stroke11
movl 0 -1.6144 363.1882 170.5160 171.4990 -25.2669 160.1021 100.0000 stroke11
movl 0 -2.8043 367.1715 170.2649 175.4638 -23.6426 154.3554 100.0000 stroke11
movl 0 -2.9631 368.7219 170.2845 177.3373 -22.5279 151.6395 100.0000 stroke11
movl 0 -3.2610 369.4807 170.4137 179.3379 -22.4628 149.6130 100.0000 stroke11
movl 0 -1.7847 370.0333 170.6089 -179.0978 -22.5753 147.9244 100.0000 stroke11
movl 0 -1.5350 370.7576 171.0782 -177.1389 -21.9165 145.5671 100.0000 stroke11
movl 0 -1.3281 371.6788 171.5051 -174.8348 -20.9155 142.3003 100.0000 stroke11
movl 0 -1.6004 372.9873 171.8565 -172.4248 -19.5614 138.9658 100.0000 stroke11
movl 0 -2.1111 374.6936 172.2272 -169.8568 -17.5017 135.0060 100.0000 stroke11
movl 0 -2.6518 376.5429 172.5272 -167.2165 -15.1992 130.0701 100.0000 stroke11
movl 0 -3.1752 378.3735 172.9482 -164.8588 -13.2021 125.6669 100.0000 stroke11
movl 0 -3.6437 380.3334 172.9184 -163.2526 -10.8118 122.6317 100.0000 stroke11
movl 0 -4.0123 382.4071 172.6901 -162.2270 -8.5834 122.3209 100.0000 stroke11
movl 0 -4.3141 384.3638 172.2364 -161.0646 -6.2654 120.8965 100.0000 stroke11
movl 0 -5.3943 385.8741 172.0703 -160.4027 -3.9691 119.5739 100.0000 stroke11
movl 0 -6.1903 386.9335 171.7660 -159.9552 -2.4084 118.2621 100.0000 stroke11
movl 0 -6.8309 387.9522 171.3807 -159.5378 -1.0448 117.3831 100.0000 stroke11
movl 0 -7.6693 388.8258 171.1338 -159.2414 0.1936 116.9309 100.0000 stroke11
movl 0 -9.0141 389.4251 170.9426 -159.2337 1.1600 116.9406 100.0000 stroke11
movl 0 -10.1372 389.7940 170.6687 -158.8826 1.9379 117.2159 100.0000 stroke11
movl 0 -9.9542 388.4045 170.9930 -158.3494 1.1213 118.5525 100.0000 stroke11
movl 0 -6.1423 385.3743 172.8099 -158.8237 -1.2470 118.6016 100.0000 stroke11
movl 0 -4.8534 384.2423 173.3380 -158.9578 -1.6996 118.1719 100.0000 stroke11
movl 0 -5.2123 384.5368 173.1993 -158.8344 -1.1782 117.9714 100.0000 stroke11
movl 0 -5.2118 384.6656 173.0462 -158.6492 -0.6877 117.6868 100.0000 stroke11
movl 0 -5.1518 384.4983 173.2202 -158.5728 -0.3860 117.2490 100.0000 stroke11
movl 0 -6.0153 384.1934 173.2385 -158.7207 -0.2791 117.3990 100.0000 stroke11
movl 0 -3.3452 378.9933 175.4222 -159.7803 -4.0812 117.9873 100.0000 stroke11
movl 0 -0.1926 372.4140 176.9380 -161.3352 -9.3514 118.1137 100.0000 stroke11
movl 0 -0.2187 370.0806 177.6949 -161.6751 -10.4048 116.5462 100.0000 stroke11
movl 0 1.0466 368.5113 178.1061 -161.6896 -11.3080 116.3976 100.0000 stroke11
movl 0 2.1138 367.4027 178.1356 -161.7074 -11.9415 116.0930 100.0000 stroke11
movl 0 2.7320 367.7368 177.5038 -161.3722 -11.6665 115.5466 100.0000 stroke11
movl 0 1.3908 373.1800 175.1699 -159.7886 -7.9947 115.6697 100.0000 stroke11
movl 0 1.3351 376.0939 173.4431 -158.5174 -6.0275 115.0510 100.0000 stroke11
movl 0 1.8226 378.4575 171.8419 -157.4411 -4.7470 115.0007 100.0000 stroke11
movl 0 2.0100 379.7500 170.7460 -156.7181 -4.3230 115.3773 100.0000 stroke11
movl 0 2.6500 380.2360 170.2596 -156.1561 -4.2210 115.5337 100.0000 stroke11
movl 0 2.2012 379.9119 170.2498 -156.0305 -4.4611 115.8481 100.0000 stroke11
movl 0 1.3721 379.0492 170.7459 -156.2358 -4.9894 116.5058 100.0000 stroke11
movl 0 1.1844 378.5918 171.0286 -156.1700 -5.4250 116.9742 100.0000 stroke11
movl 0 1.0396 378.0474 171.3785 -156.2591 -6.0432 117.3219 100.0000 stroke11
movl 0 0.5976 377.3869 171.9274 -156.3572 -6.7210 117.7083 100.0000 stroke11
movl 0 0.1135 377.0148 172.2773 -156.4079 -7.2569 117.9078 100.0000 stroke11
movl 0 0.5263 377.0780 172.5088 -156.3739 -7.5156 117.8061 100.0000 stroke11
movl 0 -0.4903 377.2146 172.7440 -156.4067 -7.7817 117.8048 100.0000 stroke11
movl 0 0.4186 377.1374 173.1833 -156.2503 -8.1532 116.8310 100.0000 stroke11
movl 0 -0.1464 377.1097 173.4969 -156.2603 -8.4188 116.2745 100.0000 stroke11
movl 0 0.9619 376.9857 173.6772 -156.1527 -8.7270 116.1980 100.0000 stroke11
movl 0 0.7126 377.3027 173.6724 -156.2726 -8.6076 116.1904 100.0000 stroke11
movl 0 2.2499 377.1390 173.6801 -156.4049 -8.6109 116.1365 100.0000 stroke11
movl 0 2.9590 375.7486 174.4836 -156.6527 -8.8291 115.9492 100.0000 stroke11
movl 0 8.0929 371.9412 180.1848 -156.3523 -10.5872 115.7079 100.0000 stroke11
movl 0 8.7777 361.0174 226.7822 -156.9924 -17.5246 118.3505 100.0000 stroke11
