movl 0 -36.8495 400.1607 218.1199 179.4695 -36.8269 153.2215 100.0000 stroke1
movl 0 -28.3843 400.9053 184.2182 -173.4406 -32.5562 146.0571 100.0000 stroke1
movl 0 -22.0228 398.4911 173.5913 -173.4885 -32.9867 144.2256 100.0000 stroke1
movl 0 -28.3519 398.6420 172.8686 -174.5601 -30.1217 142.6167 100.0000 stroke1
movl 0 -32.6322 399.9880 172.5931 -174.0253 -29.2266 141.0566 100.0000 stroke1
movl 0 -39.2766 399.1029 171.1006 -176.9754 -29.0680 144.4636 100.0000 stroke1
movl 0 -40.0504 400.5071 169.7859 -177.1416 -28.5959 144.5530 100.0000 stroke1
movl 0 -42.8172 403.5591 169.1809 -175.2282 -26.5820 142.5268 100.0000 stroke1
movl 0 -44.1057 406.3806 169.1386 -172.4679 -24.2732 138.0181 100.0000 stroke1
movl 0 -42.6848 408.7158 168.6168 -169.7961 -22.3367 133.1452 100.0000 stroke1
movl 0 -43.5262 410.0191 168.7367 -168.2645 -21.1385 130.4016 100.0000 stroke1
movl 0 -43.1103 410.9047 168.8743 -166.5026 -19.7849 127.1228 100.0000 stroke1
movl 0 -43.4850 411.0356 169.3789 -165.3308 -18.3918 124.6681 100.0000 stroke1
movl 0 -43.8239 411.2225 169.8380 -164.3236 -17.0099 122.6301 100.0000 stroke1
movl 0 -43.6662 411.6881 170.0374 -163.5347 -16.0481 120.9873 100.0000 stroke1
movl 0 -43.8449 412.0230 170.2086 -162.8637 -15.0775 119.6343 100.0000 stroke1
movl 0 -44.5057 411.9609 170.5818 -162.4273 -14.0176 118.6072 100.0000 stroke1
movl 0 -45.1802 411.9490 170.9446 -161.8666 -12.7583 117.3656 100.0000 stroke1
movl 0 -45.9082 412.0651 171.2929 -161.2163 -11.1844 115.8141 100.0000 stroke1
movl 0 -47.1325 411.7667 171.6261 -161.0157 -9.8624 114.7821 100.0000 stroke1
movl 0 -48.0936 411.2017 171.8280 -160.7523 -8.6807 113.7703 100.0000 stroke1
movl 0 -49.0125 410.5507 172.0027 -160.4955 -7.5365 112.7924 100.0000 stroke1
movl 0 -50.2071 409.4993 172.1607 -160.4262 -6.6171 112.2998 100.0000 stroke1
movl 0 -52.0005 407.8412 172.3366 -160.5260 -5.6721 111.7517 100.0000 stroke1
movl 0 -54.0373 406.0954 172.3626 -160.5585 -4.8384 111.8544 100.0000 stroke1
movl 0 -56.3670 403.9361 172.4312 -160.7219 -4.2528 112.1393 100.0000 stroke1
movl 0 -59.0795 402.0501 172.3674 -160.9194 -3.9219 112.9931 100.0000 stroke1
movl 0 -61.2653 400.0245 172.4339 -161.1179 -3.8060 113.4722 100.0000 stroke1
movl 0 -62.8050 398.5729 172.4956 -161.0026 -3.7538 114.0243 100.0000 stroke1
movl 0 -64.4129 397.3461 172.6188 -160.9461 -3.7931 114.6415 100.0000 stroke1
movl 0 -65.8551 396.5553 172.6496 -160.6952 -3.8451 115.4444 100.0000 stroke1
movl 0 -66.7347 395.8345 172.8030 -160.5823 -3.9201 115.8085 100.0000 stroke1
movl 0 -66.8885 395.1877 173.1111 -160.3078 -4.1916 116.0339 100.0000 stroke1
movl 0 -67.3212 394.6240 173.3582 -160.0890 -4.4222 116.2914 100.0000 stroke1
movl 0 -67.6759 394.3043 173.5905 -159.7703 -4.8011 116.5903 100.0000 stroke1
movl 0 -67.7646 394.0293 173.8759 -159.4907 -5.1377 116.7552 100.0000 stroke1
movl 0 -67.8714 393.7164 174.2815 -159.2876 -5.5374 116.8235 100.0000 stroke1
movl 0 -67.5773 393.4252 174.6595 -159.1469 -5.9230 116.7632 100.0000 stroke1
movl 0 -67.2371 393.2805 174.8074 -159.0243 -6.2117 116.7300 100.0000 stroke1
movl 0 -65.3842 393.3208 175.0596 -158.5316 -6.8040 116.4759 100.0000 stroke1
movl 0 -58.0757 392.4306 176.4433 -156.7240 -8.9291 116.2377 100.0000 stroke1
movl 0 -43.6132 386.4484 185.8430 -154.6552 -16.3873 117.5629 100.0000 stroke1
movl 0 -33.2151 378.8116 222.5493 -160.4196 -31.8798 129.0094 100.0000 stroke1
movl 0 -20.9724 402.5433 224.5693 -171.7361 -39.3827 141.9180 100.0000 stroke2
movl 0 -23.5211 397.0893 178.3089 -171.4640 -34.3018 139.0218 100.0000 stroke2
movl 0 -28.5920 398.7870 172.7106 -169.8820 -29.5792 134.3865 100.0000 stroke2
movl 0 -32.7675 400.6165 171.9609 -169.1036 -26.6370 131.2309 100.0000 stroke2
movl 0 -34.0282 401.6088 171.0861 -168.0416 -26.1443 129.9334 100.0000 stroke2
movl 0 -36.4147 403.7044 170.3667 -168.0222 -24.4319 128.7990 100.0000 stroke2
movl 0 -41.9178 401.6537 170.9429 -170.2833 -22.5540 127.6975 100.0000 stroke2
movl 0 -43.6104 401.2798 170.8828 -171.0366 -22.1018 127.0168 100.0000 stroke2
movl 0 -41.9157 402.2435 170.9050 -170.9249 -21.7200 125.5660 100.0000 stroke2
movl 0 -38.9766 403.5861 171.0475 -170.5745 -21.2755 123.9757 100.0000 stroke2
movl 0 -35.3351 405.3288 171.0928 -170.3246 -20.7926 122.2241 100.0000 stroke2
movl 0 -30.8002 407.6990 171.0651 -169.8984 -20.1815 120.0669 100.0000 stroke2
movl 0 -26.7645 409.7932 170.9176 -169.5144 -19.4555 117.7817 100.0000 stroke2
movl 0 -21.5568 410.2533 171.1772 -167.2094 -20.2491 116.2916 100.0000 stroke2
movl 0 -18.4899 413.9663 170.2806 -165.2611 -19.1569 114.1033 100.0000 stroke2
movl 0 -15.6182 419.1351 169.4462 -162.9518 -15.5593 110.2435 100.0000 stroke2
movl 0 -12.2081 423.7558 167.8486 -160.8259 -12.5719 107.3153 100.0000 stroke2
movl 0 -11.0779 425.3872 167.1567 -159.6453 -11.7470 106.6575 100.0000 stroke2
movl 0 -10.1253 426.3490 166.5734 -159.0032 -11.5093 106.4759 100.0000 stroke2
movl 0 -8.9586 427.4459 166.0713 -158.4624 -11.2156 106.1908 100.0000 stroke2
movl 0 -9.6370 427.9487 165.8121 -158.0944 -10.7018 106.2259 100.0000 stroke2
movl 0 -10.8134 427.4917 165.9020 -158.0809 -10.3230 105.9689 100.0000 stroke2
movl 0 -11.3286 427.2773 165.9880 -157.9474 -9.9084 105.5901 100.0000 stroke2
movl 0 -11.5468 427.5048 166.1155 -157.8959 -9.5283 105.2349 100.0000 stroke2
movl 0 -10.7073 427.4679 166.2353 -157.7209 -9.6801 104.9778 100.0000 stroke2
movl 0 -9.8284 427.8622 166.2105 -157.4982 -9.6322 104.5231 100.0000 stroke2
movl 0 -10.4794 427.8975 166.1375 -157.3922 -9.1230 104.0273 100.0000 stroke2
movl 0 -10.4317 428.0570 166.1675 -157.1652 -8.5933 103.1773 100.0000 stroke2
movl 0 -10.6759 428.0232 166.3825 -157.0857 -7.9898 102.4541 100.0000 stroke2
movl 0 -11.0253 427.9979 166.7780 -156.8891 -6.9593 101.4578 100.0000 stroke2
movl 0 -11.5749 428.1889 167.0825 -156.6989 -5.5813 100.3045 100.0000 stroke2
movl 0 -12.1876 428.4243 167.4292 -156.6079 -4.0685 99.1717 100.0000 stroke2
movl 0 -13.3440 428.6604 167.8403 -156.6931 -2.1385 97.8108 100.0000 stroke2
movl 0 -14.3552 428.9408 168.0590 -156.6333 -0.0936 96.6583 100.0000 stroke2
movl 0 -15.4485 429.5127 168.1040 -156.6367 2.4262 95.3169 100.0000 stroke2
movl 0 -16.8121 430.9012 167.9239 -157.0120 5.5050 93.7685 100.0000 stroke2
movl 0 -18.0187 431.8760 167.6803 -157.4541 8.1332 92.3530 100.0000 stroke2
movl 0 -20.2526 433.1160 167.3122 -158.2424 10.6453 91.4392 100.0000 stroke2
movl 0 -22.2177 434.1222 167.2208 -158.9494 12.6568 91.1558 100.0000 stroke2
movl 0 -24.1855 435.6187 166.5773 -159.8014 14.4252 91.2453 100.0000 stroke2
movl 0 -26.9540 436.9480 165.7059 -160.7498 16.3350 91.4506 100.0000 stroke2
movl 0 -29.8241 438.3130 165.0174 -161.4287 17.6241 92.4763 100.0000 stroke2
movl 0 -32.0422 439.5605 164.1580 -161.7719 18.7757 93.5712 100.0000 stroke2
movl 0 -34.9814 439.9678 163.3786 -161.8766 19.4614 95.3638 100.0000 stroke2
movl 0 -37.6054 438.9657 163.3566 -161.5785 19.5366 97.4435 100.0000 stroke2
movl 0 -31.7640 437.8199 165.1196 -160.3434 17.9584 96.2001 100.0000 stroke2
movl 0 -26.8065 437.0433 166.0959 -159.5947 17.0968 94.9833 100.0000 stroke2
movl 0 -25.2106 436.9430 166.2398 -159.4417 17.1116 94.4389 100.0000 stroke2
movl 0 -26.2119 437.3393 165.8362 -159.6896 17.9019 94.7840 100.0000 stroke2
movl 0 -27.3601 436.4939 165.9712 -159.8367 17.9567 95.1327 100.0000 stroke2
movl 0 -23.8286 435.3030 167.0673 -159.1742 16.9482 94.2419 100.0000 stroke2
movl 0 -26.7420 435.5309 166.4000 -159.7850 17.4852 94.8039 100.0000 stroke2
movl 0 -25.0843 431.9420 168.6434 -159.6014 15.4222 93.8372 100.0000 stroke2
movl 0 -18.4679 422.3970 174.8537 -157.5570 9.0159 93.1750 100.0000 stroke2
movl 0 -11.2307 383.4828 193.0500 -152.1620 -12.7698 86.1564 100.0000 stroke2
movl 0 -20.3774 341.2584 192.9767 -148.0755 -26.7005 75.1874 100.0000 stroke2
movl 0 -30.8039 317.8988 179.2171 -153.6958 -27.4603 78.1743 100.0000 stroke2
movl 0 -33.2480 313.8072 165.5766 -157.9521 -24.3850 78.0575 100.0000 stroke2
movl 0 -33.0009 317.0341 164.4440 -158.5173 -21.8645 77.1003 100.0000 stroke2
movl 0 -31.5151 318.2127 164.2876 -157.8044 -21.5505 77.3903 100.0000 stroke2
movl 0 -32.2072 320.8451 163.5256 -158.2573 -20.0635 77.9660 100.0000 stroke2
movl 0 -31.9775 323.9120 163.0237 -158.3879 -17.9436 78.7173 100.0000 stroke2
movl 0 -32.1741 323.5324 162.7911 -158.1846 -17.7913 79.8127 100.0000 stroke2
movl 0 -31.8468 323.1204 162.8349 -157.7514 -17.7617 80.2333 100.0000 stroke2
movl 0 -30.9547 323.1391 162.7838 -157.1424 -17.7811 80.3697 100.0000 stroke2
movl 0 -27.0981 322.6815 163.3249 -155.1788 -18.4886 79.6269 100.0000 stroke2
movl 0 -15.5182 314.0658 169.2895 -150.6415 -27.7413 78.4983 100.0000 stroke2
movl 0 1.6014 306.0646 216.3413 -144.9600 -41.5407 81.9634 100.0000 stroke2
movl 0 2.7208 426.8030 192.8353 -138.8400 -13.9695 86.4337 100.0000 stroke3
movl 0 3.3882 430.6088 168.4001 -143.2396 3.8704 75.3324 100.0000 stroke3
movl 0 0.0909 432.6264 165.6178 -147.3508 10.6959 69.6091 100.0000 stroke3
movl 0 -1.4538 433.8333 162.6277 -147.6256 12.5351 70.1385 100.0000 stroke3
movl 0 -2.3405 434.8694 160.3216 -147.3289 11.7539 72.5354 100.0000 stroke3
movl 0 -6.9748 433.3998 161.1824 -149.9126 10.5887 72.4063 100.0000 stroke3
movl 0 -10.5106 433.1681 161.8010 -152.4809 10.0981 70.7325 100.0000 stroke3
movl 0 -10.6600 434.1668 161.8663 -154.1573 10.6293 68.8373 100.0000 stroke3
movl 0 -8.4369 435.4676 161.4324 -154.3699 11.1587 67.9513 100.0000 stroke3
movl 0 -8.4897 438.4519 160.5085 -155.1859 12.6994 68.3276 100.0000 stroke3
movl 0 -9.3558 441.6870 159.4113 -156.8436 14.6126 68.3721 100.0000 stroke3
movl 0 -9.9931 442.8371 158.6820 -157.3142 15.4643 68.8294 100.0000 stroke3
movl 0 -10.3425 442.7871 158.4423 -156.7148 15.5530 70.1523 100.0000 stroke3
movl 0 -11.2872 441.3506 158.9215 -155.9064 15.0934 71.7473 100.0000 stroke3
movl 0 -11.6523 440.1100 159.4376 -155.0688 14.7382 72.9539 100.0000 stroke3
movl 0 -11.4439 439.0157 159.8971 -154.4166 14.3227 73.5050 100.0000 stroke3
movl 0 -8.9190 435.6644 161.1053 -152.4677 13.1215 73.6865 100.0000 stroke3
movl 0 -0.1271 426.0999 164.8345 -146.3384 7.1581 73.7410 100.0000 stroke3
movl 0 -0.2237 409.9067 188.5616 -140.7658 -11.3011 82.4081 100.0000 stroke3
movl 0 -21.2592 400.5993 228.0281 -145.9091 -15.0630 93.1792 100.0000 stroke4
movl 0 -20.3720 394.3695 178.2967 -148.5972 -10.4030 88.1655 100.0000 stroke4
movl 0 -32.0862 390.8356 175.9338 -152.0528 -9.7830 87.7157 100.0000 stroke4
movl 0 -44.1369 389.4912 173.6795 -153.7660 -10.1214 89.9955 100.0000 stroke4
movl 0 -52.2228 388.3497 172.5560 -155.3598 -9.9881 91.7582 100.0000 stroke4
movl 0 -55.4899 388.6533 172.2000 -156.4879 -9.4985 91.6008 100.0000 stroke4
movl 0 -60.3626 387.6875 172.1326 -158.7203 -9.2936 90.9552 100.0000 stroke4
movl 0 -62.4254 388.4678 172.3704 -160.2576 -8.3330 89.7505 100.0000 stroke4
movl 0 -63.6584 388.0705 172.6304 -160.9615 -8.0596 89.2639 100.0000 stroke4
movl 0 -63.4532 388.3235 172.7831 -161.2894 -8.0593 88.3621 100.0000 stroke4
movl 0 -60.9070 389.3775 173.0950 -161.4686 -7.5908 86.9440 100.0000 stroke4
movl 0 -57.4244 390.2075 173.5854 -161.4592 -7.1293 85.4140 100.0000 stroke4
movl 0 -53.0990 391.1325 173.8780 -161.2663 -6.6967 84.2104 100.0000 stroke4
movl 0 -49.0285 391.8364 174.2304 -161.3779 -6.5048 83.0113 100.0000 stroke4
movl 0 -45.2824 392.4640 174.3131 -161.6728 -6.2650 81.8236 100.0000 stroke4
movl 0 -41.9861 393.6180 174.5182 -162.1626 -5.8898 80.3913 100.0000 stroke4
movl 0 -38.2404 394.7825 174.8615 -162.7375 -5.5019 78.7020 100.0000 stroke4
movl 0 -36.1355 396.2121 175.3144 -163.9222 -5.0423 76.6955 100.0000 stroke4
movl 0 -35.1407 397.8051 175.8427 -165.3713 -4.7478 75.0052 100.0000 stroke4
movl 0 -35.3927 398.9881 176.3651 -167.2193 -4.8014 73.1344 100.0000 stroke4
movl 0 -36.4375 399.8972 176.7661 -169.1047 -5.0735 71.1445 100.0000 stroke4
movl 0 -38.4798 400.8529 176.6564 -171.0239 -5.3583 69.0427 100.0000 stroke4
movl 0 -39.0901 401.3634 176.5456 -171.8254 -5.3859 67.6009 100.0000 stroke4
movl 0 -35.8562 400.5771 177.2512 -170.1703 -4.9811 68.2453 100.0000 stroke4
movl 0 -33.2582 398.9887 178.0195 -168.7761 -5.2878 68.6902 100.0000 stroke4
movl 0 -31.7820 397.6702 178.4852 -167.9700 -5.7564 68.8495 100.0000 stroke4
movl 0 -30.8476 397.0698 178.7943 -167.6626 -6.0358 68.8206 100.0000 stroke4
movl 0 -30.1547 396.6755 179.1149 -167.4222 -6.1578 68.7510 100.0000 stroke4
movl 0 -29.2377 396.1017 179.4316 -167.0552 -6.3335 68.6544 100.0000 stroke4
movl 0 -28.5238 395.9129 179.5817 -166.8386 -6.3627 68.5436 100.0000 stroke4
movl 0 -28.2098 395.4821 179.7923 -166.7766 -6.5096 68.4046 100.0000 stroke4
movl 0 -28.1914 395.6036 179.7806 -166.8882 -6.3766 68.3165 100.0000 stroke4
movl 0 -28.9489 398.2156 179.5607 -167.8450 -4.6681 68.2072 100.0000 stroke4
movl 0 -29.4669 400.6383 179.3846 -168.7382 -3.1259 67.6215 100.0000 stroke4
movl 0 -29.2843 402.4466 179.3497 -169.3009 -1.8924 67.1673 100.0000 stroke4
movl 0 -28.7967 403.5601 179.4627 -169.6687 -1.0392 66.6843 100.0000 stroke4
movl 0 -27.0732 402.5660 179.5854 -168.4866 -1.2693 67.3547 100.0000 stroke4
movl 0 -23.1362 399.3159 179.5018 -165.3791 -2.5086 69.5471 100.0000 stroke4
movl 0 -21.8844 398.3881 179.4481 -164.3431 -2.7750 70.4202 100.0000 stroke4
movl 0 -21.6719 397.4780 179.5829 -163.7369 -2.9817 71.1158 100.0000 stroke4
movl 0 -21.4492 397.1195 179.6910 -163.5604 -3.0929 71.2594 100.0000 stroke4
movl 0 -20.8682 396.3099 180.1711 -163.2790 -3.4235 71.2412 100.0000 stroke4
movl 0 -18.3101 393.5339 182.5148 -161.9100 -4.6859 71.9275 100.0000 stroke4
movl 0 -14.9114 385.4441 197.6762 -158.9135 -8.1946 72.9476 100.0000 stroke4
