movl 0 -26.2342 459.6390 220.6808 147.3112 -37.4732 -153.3042 100.0000 stroke1
movl 0 -3.9423 427.7160 169.7719 159.9076 -42.6806 -167.2026 100.0000 stroke1
movl 0 0.4046 405.4989 156.9857 161.9996 -40.4893 -169.9030 100.0000 stroke1
movl 0 -1.5289 398.3777 160.2517 161.4640 -37.0193 -171.5138 100.0000 stroke1
movl 0 -11.9485 396.3539 161.7126 162.0282 -32.6816 -172.3745 100.0000 stroke1
movl 0 -23.8798 392.9057 163.9592 161.9840 -28.3874 -172.7771 100.0000 stroke1
movl 0 -28.2705 393.4932 163.6393 160.5849 -26.5250 -170.5334 100.0000 stroke1
movl 0 -30.6717 396.0188 162.5420 161.6953 -25.3411 -170.2718 100.0000 stroke1
movl 0 -32.9497 400.0382 162.4163 165.6712 -24.9314 -174.0221 100.0000 stroke1
movl 0 -32.2121 401.7980 162.1307 167.7513 -25.1144 -176.6438 100.0000 stroke1
movl 0 -32.2628 402.3271 162.0973 168.8402 -25.6500 -177.4331 100.0000 stroke1
movl 0 -31.6771 402.3088 162.0833 169.7758 -26.2036 -178.0467 100.0000 stroke1
movl 0 -31.5225 402.1098 162.2949 170.2858 -26.5015 -178.1857 100.0000 stroke1
movl 0 -31.3380 401.6006 162.5752 170.6315 -26.8143 -178.0091 100.0000 stroke1
movl 0 -31.3502 401.0379 162.8244 170.8431 -27.0866 -177.7942 100.0000 stroke1
movl 0 -30.8102 400.0013 163.5958 171.0325 -27.8555 -176.9334 100.0000 stroke1
movl 0 -24.8520 391.8517 172.5965 167.3845 -30.6774 -173.9583 100.0000 stroke1
movl 0 -14.5378 378.8583 205.2715 159.2062 -35.1422 -169.6942 100.0000 stroke1
movl 0 -5.0014 428.6225 195.8136 -178.7505 -45.0694 -179.9444 100.0000 stroke2
movl 0 -0.0007 414.4970 156.0903 179.4566 -42.9969 178.4142 100.0000 stroke2
movl 0 -9.3295 407.7926 156.7719 176.3271 -38.1328 -179.5646 100.0000 stroke2
movl 0 -16.0131 408.6487 159.5356 175.6272 -35.6500 -176.8899 100.0000 stroke2
movl 0 -18.2324 412.6349 158.4436 177.7120 -34.9799 -177.5061 100.0000 stroke2
movl 0 -25.6738 415.9453 158.4501 -178.3252 -31.6969 178.8229 100.0000 stroke2
movl 0 -22.6109 419.1628 157.4906 -174.4535 -31.0814 173.1822 100.0000 stroke2
movl 0 -24.5740 419.5486 157.8197 -172.2342 -30.0885 170.0339 100.0000 stroke2
movl 0 -24.0952 419.7452 158.0622 -168.7578 -29.4556 165.0514 100.0000 stroke2
movl 0 -24.2604 419.9013 158.6178 -164.9111 -27.8568 159.3978 100.0000 stroke2
movl 0 -24.2276 420.4080 159.0806 -160.9524 -25.6210 153.1938 100.0000 stroke2
movl 0 -24.7601 420.8929 159.4016 -158.2575 -23.4791 148.8393 100.0000 stroke2
movl 0 -24.4366 420.7425 159.7757 -156.5304 -22.1038 145.5972 100.0000 stroke2
movl 0 -22.0629 419.3089 160.0282 -155.4062 -21.7669 142.1628 100.0000 stroke2
movl 0 -22.0953 418.9164 160.2533 -154.8284 -21.0027 140.6914 100.0000 stroke2
movl 0 -22.3218 419.1256 160.2241 -153.7561 -19.9959 139.2586 100.0000 stroke2
movl 0 -22.5607 418.6788 160.3858 -153.8288 -19.8732 138.6138 100.0000 stroke2
movl 0 -18.8353 412.5152 164.4258 -156.7955 -24.1104 138.9669 100.0000 stroke2
movl 0 -8.8901 393.2500 206.8919 -167.6533 -37.2685 147.3699 100.0000 stroke2
movl 0 -29.7083 388.5700 182.1603 -165.7859 -32.1063 155.9433 100.0000 stroke3
movl 0 -22.5867 378.0703 172.4468 -167.7876 -31.6564 155.3057 100.0000 stroke3
movl 0 -26.8688 378.5335 169.9699 -167.9142 -29.0685 154.6695 100.0000 stroke3
movl 0 -31.6278 379.1512 169.6552 -168.4480 -27.9344 155.6611 100.0000 stroke3
movl 0 -39.2517 379.0896 169.3435 -170.3146 -24.1350 155.2056 100.0000 stroke3
movl 0 -47.0499 377.7053 170.3336 -171.3661 -20.5089 154.8159 100.0000 stroke3
movl 0 -47.8992 377.6051 170.7532 -172.4607 -20.3496 154.6744 100.0000 stroke3
movl 0 -47.9602 377.7252 170.9730 -173.1348 -20.2356 153.9677 100.0000 stroke3
movl 0 -46.6648 378.8561 171.1679 -173.2970 -20.2812 152.9394 100.0000 stroke3
movl 0 -45.7551 379.4010 171.3670 -173.2596 -20.3446 152.4197 100.0000 stroke3
movl 0 -48.3795 375.9924 172.4429 -173.9352 -20.3731 153.5360 100.0000 stroke3
movl 0 -48.1159 377.0297 172.4962 -174.2225 -20.3108 152.9742 100.0000 stroke3
movl 0 -46.7677 378.4528 172.6843 -174.3339 -20.4337 152.1067 100.0000 stroke3
movl 0 -45.5020 379.8850 172.9129 -174.4813 -20.5380 151.5754 100.0000 stroke3
movl 0 -44.0417 380.4234 173.2217 -174.5867 -20.7119 151.0525 100.0000 stroke3
movl 0 -41.9942 381.1510 173.6785 -174.6682 -21.0907 150.4668 100.0000 stroke3
movl 0 -39.7297 381.4254 174.2186 -175.0239 -21.8425 149.9505 100.0000 stroke3
movl 0 -34.5229 376.0621 177.9396 -179.1797 -24.9487 151.7007 100.0000 stroke3
movl 0 -29.8852 361.1927 200.1160 168.2402 -30.9176 160.6968 100.0000 stroke3
movl 0 -3.3834 416.6711 245.1281 166.1527 -38.5026 173.7694 100.0000 stroke4
movl 0 -2.9478 412.9998 176.9922 170.7208 -36.9022 173.5844 100.0000 stroke4
movl 0 -7.9969 408.1272 167.5896 167.5981 -32.8235 176.2705 100.0000 stroke4
movl 0 -13.5261 408.8429 166.9809 167.1246 -29.5991 177.4414 100.0000 stroke4
movl 0 -16.3430 409.0901 166.7966 166.5687 -28.1926 178.0818 100.0000 stroke4
movl 0 -20.0156 414.6691 165.6350 170.6776 -26.4513 174.8486 100.0000 stroke4
movl 0 -22.6840 417.8092 166.1723 174.6979 -24.9248 169.4454 100.0000 stroke4
movl 0 -21.6413 419.8175 166.0926 177.6649 -24.7664 165.1325 100.0000 stroke4
movl 0 -20.0218 421.2024 166.7706 -178.2806 -24.7081 159.9051 100.0000 stroke4
movl 0 -19.3021 422.7858 168.0753 -173.1361 -23.1668 152.9906 100.0000 stroke4
movl 0 -19.8038 425.5894 168.6366 -167.9690 -20.3074 145.9643 100.0000 stroke4
movl 0 -19.3559 425.0994 169.5700 -165.6531 -19.1594 141.9240 100.0000 stroke4
movl 0 -18.2870 425.2088 169.6840 -164.5547 -18.8743 140.5836 100.0000 stroke4
movl 0 -17.3072 424.0363 170.0853 -164.6544 -19.1920 139.6928 100.0000 stroke4
movl 0 -18.7578 423.9467 170.0477 -164.5879 -18.5091 139.8552 100.0000 stroke4
movl 0 -16.4310 420.6646 171.0064 -166.2262 -21.0799 140.2678 100.0000 stroke4
movl 0 -1.9612 402.7201 193.8501 -177.2388 -35.0575 147.6381 100.0000 stroke4
movl 0 12.3885 416.0809 203.1394 -169.7172 -39.4992 149.1349 100.0000 stroke5
movl 0 8.3671 410.7375 174.8876 -168.6342 -34.6709 147.4557 100.0000 stroke5
movl 0 -0.7471 413.0216 171.0759 -169.0908 -31.0652 148.1997 100.0000 stroke5
movl 0 -10.6833 412.7343 170.5421 -170.2438 -29.8514 150.4700 100.0000 stroke5
movl 0 -13.9830 414.3607 169.0188 -170.8917 -29.4968 153.2156 100.0000 stroke5
movl 0 -18.2012 414.7550 168.1097 -172.1154 -28.4945 155.2520 100.0000 stroke5
movl 0 -23.8941 414.1732 168.4319 -173.7184 -25.8396 155.8091 100.0000 stroke5
movl 0 -24.6155 414.4357 168.7981 -173.6088 -24.6650 155.1904 100.0000 stroke5
movl 0 -25.5588 414.2363 168.9722 -173.9078 -24.0702 154.4438 100.0000 stroke5
movl 0 -22.8316 415.2918 168.9904 -173.5007 -23.9440 152.6482 100.0000 stroke5
movl 0 -17.8509 416.4588 169.2967 -172.7956 -23.8237 149.8354 100.0000 stroke5
movl 0 -11.8459 417.1975 169.9117 -172.3256 -24.0929 147.2355 100.0000 stroke5
movl 0 -12.4280 416.5809 170.1174 -172.5113 -24.1193 147.5521 100.0000 stroke5
movl 0 -11.5465 415.9483 170.4139 -172.0231 -25.3872 148.6689 100.0000 stroke5
movl 0 -3.3998 408.3838 186.4296 -175.1361 -32.7669 153.9869 100.0000 stroke5
movl 0 18.8276 415.7520 188.3953 -171.2474 -34.5972 153.5395 100.0000 stroke6
movl 0 12.9274 407.6079 174.2274 -174.8173 -31.5778 154.7578 100.0000 stroke6
movl 0 3.7528 404.1419 174.3274 -176.7810 -28.6867 154.2899 100.0000 stroke6
movl 0 -2.8770 404.4721 173.6601 -177.7116 -27.4499 154.7194 100.0000 stroke6
movl 0 -4.7663 404.7162 172.7732 -177.9863 -27.0544 155.0371 100.0000 stroke6
movl 0 -8.1213 405.4062 172.4799 -178.6082 -25.9073 154.9150 100.0000 stroke6
movl 0 -11.2244 405.2400 172.7342 -179.1874 -23.5517 153.4768 100.0000 stroke6
movl 0 -11.1223 405.8821 172.7978 -179.1118 -22.3516 151.7752 100.0000 stroke6
movl 0 -10.8669 406.9646 172.8011 -178.9063 -20.8939 149.5553 100.0000 stroke6
movl 0 -10.1366 407.7053 172.9046 -178.7441 -19.5159 146.7537 100.0000 stroke6
movl 0 -9.0125 407.4812 173.1575 -178.7150 -19.5237 146.1440 100.0000 stroke6
movl 0 -5.8200 405.1817 174.2103 -179.0502 -21.3527 146.0209 100.0000 stroke6
movl 0 -6.3672 406.4905 173.7644 -178.1370 -20.3045 146.1747 100.0000 stroke6
movl 0 -6.3270 407.1332 173.1290 -177.5699 -20.4868 147.2636 100.0000 stroke6
movl 0 -0.8575 398.8075 178.0716 178.8199 -28.7478 156.2387 100.0000 stroke6
movl 0 -1.8783 379.4485 236.7464 159.5119 -35.1476 176.9660 100.0000 stroke6
movl 0 7.0642 422.4733 206.7627 162.3640 -33.0620 -170.2661 100.0000 stroke7
movl 0 4.6915 410.4889 173.4706 161.4205 -28.4349 -170.0033 100.0000 stroke7
movl 0 0.9745 405.5488 171.0972 159.3303 -25.0410 -169.4730 100.0000 stroke7
movl 0 -2.7166 405.4472 169.8276 159.1424 -23.0459 -169.9061 100.0000 stroke7
movl 0 -3.7738 408.2191 168.0216 159.3121 -22.3616 -169.8079 100.0000 stroke7
movl 0 -8.8205 414.6420 167.0786 163.9483 -21.0841 -172.6594 100.0000 stroke7
movl 0 -11.7398 416.8619 167.3653 167.1081 -20.2440 -176.5420 100.0000 stroke7
movl 0 -9.1643 418.7209 167.2646 169.3395 -21.3839 -179.5673 100.0000 stroke7
movl 0 -8.5917 419.4160 167.7206 172.1794 -22.2567 177.8716 100.0000 stroke7
movl 0 -8.2003 419.7660 168.4824 175.0015 -22.7017 175.6960 100.0000 stroke7
movl 0 -8.9597 421.0156 169.2472 178.9556 -22.5829 172.0850 100.0000 stroke7
movl 0 -9.5539 421.1125 169.7574 -178.6354 -22.4508 170.1125 100.0000 stroke7
movl 0 -9.5701 420.5928 170.3228 -177.3392 -22.5525 169.2876 100.0000 stroke7
movl 0 -9.4231 419.6601 170.8512 -177.0234 -22.7878 169.2399 100.0000 stroke7
movl 0 -9.1401 419.0716 171.1625 -176.7815 -23.1099 169.5999 100.0000 stroke7
movl 0 5.7532 412.6165 183.6038 -178.3826 -28.4930 168.8334 100.0000 stroke7
movl 0 4.3408 414.4863 232.1621 166.8167 -37.8102 -168.6677 100.0000 stroke8
movl 0 5.7789 411.8887 176.8707 174.2761 -36.3181 -173.8416 100.0000 stroke8
movl 0 -1.7003 407.3609 164.3066 173.6653 -33.2455 -173.4294 100.0000 stroke8
movl 0 -8.2445 403.5447 166.8076 171.2414 -30.3629 -171.9778 100.0000 stroke8
movl 0 -6.1911 404.8801 166.0800 171.9645 -30.4997 -172.6476 100.0000 stroke8
movl 0 -10.5622 407.0350 164.8314 173.2463 -29.8944 -172.7836 100.0000 stroke8
movl 0 -13.5990 410.8763 163.6264 177.1039 -28.5109 -176.7940 100.0000 stroke8
movl 0 -13.8223 412.8474 163.4670 -179.7571 -28.1727 179.6584 100.0000 stroke8
movl 0 -14.2872 413.9171 163.7326 -176.5918 -27.6823 176.1091 100.0000 stroke8
movl 0 -14.9357 415.7035 163.6853 -172.4636 -26.7670 171.3963 100.0000 stroke8
movl 0 -16.4326 417.6675 163.6148 -168.4221 -25.1279 167.0498 100.0000 stroke8
movl 0 -17.7735 419.2688 163.3506 -165.6044 -23.5923 164.5062 100.0000 stroke8
movl 0 -19.1942 421.0502 162.9842 -162.4313 -21.8729 161.5331 100.0000 stroke8
movl 0 -20.1081 420.2613 163.5022 -161.4887 -21.1921 160.6400 100.0000 stroke8
movl 0 -15.4565 417.6081 164.6297 -162.8171 -22.5540 158.9987 100.0000 stroke8
movl 0 -18.3067 417.4883 164.3728 -161.5141 -21.1067 158.3972 100.0000 stroke8
movl 0 -19.7587 417.4215 164.4245 -161.3958 -20.7113 158.2747 100.0000 stroke8
movl 0 -19.4127 416.8797 164.7952 -161.9968 -20.9711 158.3685 100.0000 stroke8
movl 0 -9.7808 404.5902 174.7393 -170.9767 -27.8627 161.0616 100.0000 stroke8
movl 0 -0.3585 378.6704 248.0124 163.2757 -37.6673 178.8886 100.0000 stroke8
movl 0 5.0682 393.6652 231.7175 150.0414 -29.0259 -156.5219 100.0000 stroke9
movl 0 2.8023 393.2916 181.5304 161.8392 -30.8680 -167.0301 100.0000 stroke9
movl 0 -5.3159 391.8551 175.8953 168.3352 -28.0572 -174.1552 100.0000 stroke9
movl 0 -13.6279 391.5889 174.2796 169.1694 -26.2938 -174.3428 100.0000 stroke9
movl 0 -16.5750 392.8822 173.1398 169.5339 -26.0369 -173.5086 100.0000 stroke9
movl 0 -18.3900 394.6759 171.4707 169.5544 -25.5335 -172.4137 100.0000 stroke9
movl 0 -20.2255 395.5960 170.5869 169.2494 -24.4907 -171.2940 100.0000 stroke9
movl 0 -22.1010 396.2086 170.6578 169.9871 -22.8903 -172.1993 100.0000 stroke9
movl 0 -23.4433 396.1214 170.9144 170.1034 -21.9400 -172.9432 100.0000 stroke9
movl 0 -20.9362 396.8082 171.1068 170.4675 -21.7985 -174.4830 100.0000 stroke9
movl 0 -15.5992 397.6303 171.5209 171.0210 -21.8076 -176.7911 100.0000 stroke9
movl 0 -9.0253 399.6194 171.4160 172.0755 -21.9241 -179.9548 100.0000 stroke9
movl 0 -3.5692 401.6952 171.2233 173.1170 -21.4482 176.5301 100.0000 stroke9
movl 0 0.9621 401.7772 171.2826 173.4522 -22.3821 175.3015 100.0000 stroke9
movl 0 5.0579 404.8269 170.0934 175.7596 -23.3743 173.0835 100.0000 stroke9
movl 0 10.8006 411.8233 167.4900 -178.6516 -23.6197 168.5047 100.0000 stroke9
movl 0 12.5347 416.9133 165.3890 -174.4700 -24.0588 165.6996 100.0000 stroke9
movl 0 12.9045 420.8162 165.0458 -169.7114 -22.8649 161.8010 100.0000 stroke9
movl 0 12.6445 424.2801 164.7002 -165.3542 -21.1550 158.4167 100.0000 stroke9
movl 0 11.6924 428.3521 163.9655 -160.8112 -18.8475 154.9338 100.0000 stroke9
movl 0 10.3586 431.4832 162.8283 -157.8405 -16.9982 153.2279 100.0000 stroke9
movl 0 8.9320 433.2324 162.0417 -156.0354 -15.7544 152.2694 100.0000 stroke9
movl 0 7.8216 434.1787 161.2821 -155.1627 -15.3450 152.6879 100.0000 stroke9
movl 0 6.2463 434.4466 160.9185 -154.5175 -14.9144 152.9688 100.0000 stroke9
movl 0 6.1629 432.9947 161.6678 -155.2412 -15.8987 154.0822 100.0000 stroke9
movl 0 12.7323 430.9358 162.9909 -156.3554 -17.6350 153.5719 100.0000 stroke9
movl 0 13.4898 430.9810 162.7778 -156.3736 -17.8272 153.5964 100.0000 stroke9
movl 0 14.5872 430.6497 162.8890 -156.3861 -18.0775 153.4778 100.0000 stroke9
movl 0 13.0411 431.5471 162.3648 -155.4303 -17.5351 153.8025 100.0000 stroke9
movl 0 12.4162 431.5987 162.2675 -155.3290 -17.4337 153.8978 100.0000 stroke9
movl 0 11.7976 430.3567 162.8875 -155.8847 -17.6459 154.1081 100.0000 stroke9
movl 0 19.5189 418.6442 168.2680 -161.9242 -22.5779 155.2874 100.0000 stroke9
movl 0 20.0252 415.8870 168.7624 -164.1600 -23.8526 156.2862 100.0000 stroke9
movl 0 17.4462 420.3974 166.0222 -161.9926 -22.3895 156.6766 100.0000 stroke9
movl 0 15.0216 424.7702 163.2549 -159.4143 -21.5657 156.9102 100.0000 stroke9
movl 0 13.9811 425.6670 162.4555 -158.8747 -21.5875 157.5056 100.0000 stroke9
movl 0 13.7745 424.5097 162.9939 -159.5023 -22.3788 158.3107 100.0000 stroke9
movl 0 21.3159 411.2634 168.3498 -167.3180 -29.3635 160.1925 100.0000 stroke9
movl 0 36.3401 389.2913 175.9842 172.7235 -42.5790 169.3642 100.0000 stroke9
movl 0 16.9108 426.4689 190.5712 -170.3606 -39.8834 166.4447 100.0000 stroke10
movl 0 15.9318 409.6071 169.2466 -175.4405 -35.4071 167.4576 100.0000 stroke10
movl 0 9.2767 403.1057 168.1073 -178.7122 -32.4353 167.8625 100.0000 stroke10
movl 0 4.6285 402.2410 168.1720 179.9938 -30.5124 168.0718 100.0000 stroke10
movl 0 3.7396 404.7277 167.1477 -178.9051 -30.0853 167.3307 100.0000 stroke10
movl 0 -1.3879 407.1699 165.9930 -177.5296 -28.1688 165.7899 100.0000 stroke10
movl 0 -4.1264 408.3836 165.8404 -175.5678 -26.0339 163.2099 100.0000 stroke10
movl 0 -4.5700 409.9470 165.8295 -173.1106 -25.3717 160.9698 100.0000 stroke10
movl 0 -5.2210 411.2468 165.9525 -170.4487 -24.1870 157.8343 100.0000 stroke10
movl 0 -6.0988 412.4626 166.0448 -168.2857 -22.7419 155.8561 100.0000 stroke10
movl 0 -7.1797 414.2008 166.0917 -165.5097 -21.1477 152.9818 100.0000 stroke10
movl 0 -8.2875 415.1962 166.1425 -163.3279 -19.4488 150.7569 100.0000 stroke10
movl 0 -9.1814 416.4260 166.0811 -161.1419 -17.6729 147.7813 100.0000 stroke10
movl 0 -10.6402 417.6791 165.7611 -159.3147 -15.6531 146.5249 100.0000 stroke10
movl 0 -9.2179 415.6724 166.6305 -159.4781 -16.0806 146.2633 100.0000 stroke10
movl 0 -5.8710 412.6143 168.0226 -160.6986 -17.9922 145.7524 100.0000 stroke10
movl 0 -8.4870 413.3613 167.5251 -159.7073 -16.3358 145.7889 100.0000 stroke10
movl 0 -5.4599 410.5850 169.2841 -161.3147 -18.6679 145.5022 100.0000 stroke10
movl 0 8.7714 394.2218 185.1513 -170.6458 -31.8023 148.9254 100.0000 stroke10
movl 0 9.0533 412.7726 190.2929 -160.1870 -35.7108 147.4027 100.0000 stroke11
movl 0 5.7414 407.5647 165.7774 -161.6832 -31.3561 145.9187 100.0000 stroke11
movl 0 3.6665 407.2551 165.3497 -161.6296 -29.3812 144.5059 100.0000 stroke11
movl 0 2.4191 407.1454 165.4134 -161.9497 -28.0512 143.0863 100.0000 stroke11
movl 0 2.9084 409.1239 163.9802 -161.2758 -27.3660 142.2127 100.0000 stroke11
movl 0 0.1163 412.0795 162.7088 -160.7543 -25.7492 141.5537 100.0000 stroke11
movl 0 -6.2673 414.0001 163.1438 -161.4027 -21.4098 139.9991 100.0000 stroke11
movl 0 -4.7919 411.8585 163.9479 -162.0240 -22.0371 139.5928 100.0000 stroke11
movl 0 -5.4248 412.9032 163.8536 -161.2473 -20.9610 139.9351 100.0000 stroke11
movl 0 -4.5699 412.4894 163.8333 -161.1511 -21.4725 140.5764 100.0000 stroke11
movl 0 -3.6481 411.0005 164.2719 -161.2694 -22.6575 141.7592 100.0000 stroke11
movl 0 -1.2044 405.7558 167.8221 -162.5317 -25.2678 143.0282 100.0000 stroke11
movl 0 10.1765 391.9342 200.9019 -165.2673 -34.9486 146.3329 100.0000 stroke11
movl 0 -1.1527 405.2997 185.4261 -165.4911 -32.1007 155.7920 100.0000 stroke12
movl 0 -3.2872 401.7391 169.5015 -166.4419 -29.1701 155.2932 100.0000 stroke12
movl 0 -3.2066 400.0775 169.5700 -166.8795 -28.1338 154.5995 100.0000 stroke12
movl 0 -5.4650 400.4878 169.2214 -166.8590 -26.8164 154.0676 100.0000 stroke12
movl 0 -7.2138 401.3772 168.9926 -167.1125 -25.7255 153.3734 100.0000 stroke12
movl 0 -12.3377 403.4084 168.3930 -166.8722 -23.1499 153.0030 100.0000 stroke12
movl 0 -16.4391 404.4945 168.5831 -166.2437 -20.4850 152.3712 100.0000 stroke12
movl 0 -18.1881 404.6016 168.6450 -166.2627 -19.6452 152.2140 100.0000 stroke12
movl 0 -19.7331 403.5963 169.0733 -166.7645 -19.1505 152.4141 100.0000 stroke12
movl 0 -19.5710 403.0342 169.6110 -167.6346 -19.3948 152.0151 100.0000 stroke12
movl 0 -18.4485 402.9074 169.8002 -168.1534 -19.7017 151.5146 100.0000 stroke12
movl 0 -16.7652 402.9347 169.8874 -168.2230 -20.0803 150.9368 100.0000 stroke12
movl 0 -13.5714 402.2357 170.4967 -168.3127 -21.1387 150.1234 100.0000 stroke12
movl 0 -0.9048 398.7863 174.8918 -168.2774 -25.9626 149.1333 100.0000 stroke12
movl 0 3.1139 396.1541 202.8736 -170.6693 -30.9000 153.1604 100.0000 stroke12
movl 0 14.6701 428.5418 239.3572 -160.9618 -32.5172 149.4881 100.0000 stroke13
movl 0 22.0299 421.0432 181.8409 -158.3821 -29.8962 144.5725 100.0000 stroke13
movl 0 21.1652 413.9110 166.7757 -160.9017 -28.4162 144.2269 100.0000 stroke13
movl 0 19.1989 414.8876 166.4009 -161.8351 -27.5076 143.6228 100.0000 stroke13
movl 0 17.8798 415.4292 165.7056 -162.1055 -26.9252 143.1891 100.0000 stroke13
movl 0 11.7975 418.8297 164.9495 -162.5560 -23.6674 142.9944 100.0000 stroke13
movl 0 6.9770 421.2444 164.9838 -162.5052 -20.1951 142.4965 100.0000 stroke13
movl 0 9.5854 421.7213 164.6185 -162.0585 -20.2339 141.3381 100.0000 stroke13
movl 0 9.4687 420.1724 165.1202 -161.8733 -19.9637 141.4946 100.0000 stroke13
movl 0 9.5861 419.8486 165.1106 -161.7855 -20.1421 141.6129 100.0000 stroke13
movl 0 10.5918 417.4897 166.1665 -162.5618 -21.7983 142.5164 100.0000 stroke13
movl 0 13.0329 407.9590 182.1421 -165.6997 -27.4252 144.1889 100.0000 stroke13
movl 0 11.4408 400.6169 234.7635 -160.7132 -30.4664 139.6981 100.0000 stroke14
movl 0 13.2953 394.6699 184.7482 -160.1381 -26.2877 136.6044 100.0000 stroke14
movl 0 5.2909 389.6019 177.0912 -163.8379 -24.3277 137.5792 100.0000 stroke14
movl 0 -3.6668 389.5056 176.0567 -166.2780 -21.9424 137.6592 100.0000 stroke14
movl 0 -4.1641 391.0240 174.7111 -165.8989 -21.5037 137.2110 100.0000 stroke14
movl 0 -6.4849 392.0482 173.6522 -166.3811 -21.0147 137.1872 100.0000 stroke14
movl 0 -12.6014 393.1747 173.8187 -168.0069 -17.8588 136.1835 100.0000 stroke14
movl 0 -17.2950 394.5206 174.0783 -169.1675 -15.0630 134.7743 100.0000 stroke14
movl 0 -16.8150 394.8467 173.8634 -169.0860 -14.2503 133.6283 100.0000 stroke14
movl 0 -12.9830 393.2099 174.6703 -168.7971 -15.8665 133.3935 100.0000 stroke14
movl 0 -11.7329 392.1861 175.1341 -168.9510 -16.0624 133.1565 100.0000 stroke14
movl 0 -10.6374 392.3309 175.0243 -168.5717 -16.1668 133.2404 100.0000 stroke14
movl 0 -10.5837 394.1672 174.2356 -167.1313 -14.9089 133.6729 100.0000 stroke14
movl 0 -9.6804 393.1622 174.2188 -167.0395 -16.0525 134.8732 100.0000 stroke14
movl 0 1.1891 383.3747 181.7629 -170.7376 -25.2086 139.8464 100.0000 stroke14
movl 0 35.8335 361.9287 234.5592 177.5582 -42.2843 149.8346 100.0000 stroke14
