movl 0 -29.2793 384.2008 171.4766 145.9293 9.1795 -126.0569 100.0000 stroke1
movl 0 -28.3923 386.3603 170.2946 146.0881 6.5195 -126.9796 100.0000 stroke1
movl 0 -33.4618 388.8552 171.2607 149.1311 4.1854 -129.8385 100.0000 stroke1
movl 0 -36.5562 390.3012 169.8433 150.2223 4.7698 -128.3474 100.0000 stroke1
movl 0 -35.4533 392.9600 167.6512 150.2824 4.1514 -126.7285 100.0000 stroke1
movl 0 -35.3895 395.1401 166.2426 150.6789 3.1590 -126.6828 100.0000 stroke1
movl 0 -37.1670 397.7968 166.1636 152.5090 1.3957 -128.3344 100.0000 stroke1
movl 0 -38.4653 400.8417 166.4042 154.5568 -1.1717 -131.1612 100.0000 stroke1
movl 0 -39.6015 402.5913 166.5822 156.1078 -2.5395 -133.6177 100.0000 stroke1
movl 0 -38.9033 404.1282 166.8925 157.1818 -4.0661 -136.3952 100.0000 stroke1
movl 0 -38.9381 404.1948 167.3850 157.6661 -5.2049 -137.8173 100.0000 stroke1
movl 0 -38.2978 404.5098 168.1353 158.4479 -6.7029 -139.8877 100.0000 stroke1
movl 0 -38.1080 405.1073 168.9216 159.6075 -8.3122 -142.0055 100.0000 stroke1
movl 0 -37.5959 406.0244 169.6196 160.9722 -10.1185 -144.3291 100.0000 stroke1
movl 0 -37.2264 407.0327 170.4768 162.7826 -12.2939 -147.0617 100.0000 stroke1
movl 0 -36.5396 406.0952 170.8970 162.4943 -12.3997 -148.0478 100.0000 stroke1
movl 0 -37.3960 406.3587 171.0927 163.4090 -12.8103 -148.7839 100.0000 stroke1
movl 0 -37.0325 406.2854 171.2882 163.5090 -13.0352 -149.1712 100.0000 stroke1
movl 0 -37.3489 406.0806 171.3124 163.4884 -12.8957 -149.1631 100.0000 stroke1
movl 0 -36.7632 402.4332 172.1781 161.1217 -11.3217 -147.6391 100.0000 stroke1
movl 0 -34.9567 391.7399 181.9842 154.4125 -6.4898 -141.4259 100.0000 stroke1
movl 0 -41.1313 375.7888 229.1318 146.7775 3.3456 -133.0589 100.0000 stroke1
movl 0 -29.4963 384.3661 219.2421 145.8121 8.6911 -121.2782 100.0000 stroke2
movl 0 -24.1221 383.3495 184.5402 147.5479 5.7876 -122.4211 100.0000 stroke2
movl 0 -29.2508 385.5468 177.9344 150.9467 0.9593 -128.4572 100.0000 stroke2
movl 0 -33.1831 388.8219 174.0471 154.1225 -0.0708 -130.5171 100.0000 stroke2
movl 0 -32.0377 391.1092 172.9603 154.4219 -0.9301 -131.1045 100.0000 stroke2
movl 0 -32.3832 393.0786 172.1509 154.7434 -1.3995 -130.9135 100.0000 stroke2
movl 0 -32.3421 394.2804 171.2627 154.8350 -1.9991 -131.4246 100.0000 stroke2
movl 0 -33.6424 395.1298 170.7255 155.3638 -1.7387 -131.6975 100.0000 stroke2
movl 0 -34.6366 396.2097 170.3394 156.2292 -1.6608 -132.4732 100.0000 stroke2
movl 0 -35.2211 396.4968 170.2415 156.6294 -1.3686 -132.7743 100.0000 stroke2
movl 0 -34.7137 396.8749 170.1949 156.7920 -1.3296 -133.2780 100.0000 stroke2
movl 0 -33.3309 397.6772 170.0699 157.0087 -1.5315 -134.3232 100.0000 stroke2
movl 0 -32.3290 398.5768 169.8579 157.5226 -1.5716 -135.9175 100.0000 stroke2
movl 0 -30.9157 400.0936 169.5625 158.0622 -1.8279 -137.6526 100.0000 stroke2
movl 0 -30.4661 399.0827 169.8429 157.5890 -1.8248 -137.4307 100.0000 stroke2
movl 0 -29.7321 397.6782 170.3519 156.7874 -1.6990 -137.3321 100.0000 stroke2
movl 0 -29.3167 397.2376 170.4961 156.4988 -1.7273 -137.3038 100.0000 stroke2
movl 0 -28.5711 396.8045 170.6305 156.1895 -1.7831 -137.3979 100.0000 stroke2
movl 0 -28.1514 396.5368 170.6087 155.9102 -1.9613 -137.4423 100.0000 stroke2
movl 0 -28.2473 397.4313 170.6116 156.7568 -2.4554 -137.9654 100.0000 stroke2
movl 0 -28.0915 397.6660 170.4227 157.3860 -2.9241 -138.6174 100.0000 stroke2
movl 0 -28.7980 397.9442 170.3988 157.3407 -3.0722 -138.4943 100.0000 stroke2
movl 0 -26.5530 393.8947 171.7360 154.5124 -2.7723 -137.6501 100.0000 stroke2
movl 0 -33.4044 378.2944 194.2392 146.5951 7.0544 -134.2093 100.0000 stroke2
movl 0 -37.3684 382.9555 229.1084 142.2181 -2.8201 -127.7996 100.0000 stroke3
movl 0 -46.1409 380.6860 184.5209 148.1533 -3.4363 -129.4515 100.0000 stroke3
movl 0 -50.4548 382.6187 168.4193 150.9210 -4.7954 -131.5144 100.0000 stroke3
movl 0 -50.2816 383.5076 168.4541 151.6047 -4.5534 -133.1499 100.0000 stroke3
movl 0 -49.6006 386.1468 167.3293 152.1274 -5.4094 -133.2645 100.0000 stroke3
movl 0 -49.5486 387.6307 166.3393 152.3096 -5.6224 -133.0334 100.0000 stroke3
movl 0 -50.0005 389.3112 165.4113 153.1520 -6.2645 -132.9058 100.0000 stroke3
movl 0 -50.1160 391.1290 165.4316 154.4940 -7.1929 -134.3295 100.0000 stroke3
movl 0 -49.9537 392.4443 165.4284 155.3739 -8.2133 -135.3129 100.0000 stroke3
movl 0 -49.9485 393.5616 165.6663 156.3914 -9.5580 -135.8686 100.0000 stroke3
movl 0 -50.1812 396.0347 166.3709 158.1289 -11.5290 -137.0275 100.0000 stroke3
movl 0 -50.6245 397.9129 166.6537 159.9861 -13.3757 -138.5263 100.0000 stroke3
movl 0 -50.7530 399.6173 166.5669 161.7559 -15.5219 -140.0323 100.0000 stroke3
movl 0 -49.6057 398.6999 166.8267 161.0926 -15.3503 -140.3731 100.0000 stroke3
movl 0 -49.4009 398.6469 166.8599 161.2313 -15.2867 -140.0539 100.0000 stroke3
movl 0 -49.2710 397.2917 167.0674 160.1049 -14.5704 -139.3570 100.0000 stroke3
movl 0 -45.9270 385.5738 177.0912 152.1361 -8.7931 -134.5065 100.0000 stroke3
movl 0 -50.7405 363.0334 240.5214 143.7008 6.8189 -126.6000 100.0000 stroke3
movl 0 -32.4598 383.5835 226.0927 147.9414 5.5606 -117.1124 100.0000 stroke4
movl 0 -36.2071 382.0656 178.8896 150.4518 2.2906 -118.3261 100.0000 stroke4
movl 0 -47.9961 379.0932 175.4061 153.2377 4.6399 -117.8915 100.0000 stroke4
movl 0 -50.7600 381.7975 172.0357 154.8240 5.3225 -115.9676 100.0000 stroke4
movl 0 -51.2680 383.4347 171.2377 155.2297 5.7625 -114.0923 100.0000 stroke4
movl 0 -51.9629 384.8957 170.5227 155.2014 5.0330 -114.0819 100.0000 stroke4
movl 0 -54.1318 385.6298 169.4299 156.0273 4.8900 -114.2399 100.0000 stroke4
movl 0 -54.6885 386.3445 169.6084 157.1938 4.5469 -115.2299 100.0000 stroke4
movl 0 -55.8578 386.1193 169.6494 157.7293 4.8859 -115.5845 100.0000 stroke4
movl 0 -53.9388 386.7043 169.7649 157.8768 4.8112 -116.3570 100.0000 stroke4
movl 0 -50.0165 387.8113 170.1791 157.9682 4.4039 -117.9617 100.0000 stroke4
movl 0 -45.2514 389.4598 170.8692 158.2828 3.7561 -119.1698 100.0000 stroke4
movl 0 -39.5099 390.8407 171.1601 158.3207 3.0299 -120.9334 100.0000 stroke4
movl 0 -33.4246 392.6049 171.0634 158.4796 1.9907 -122.9207 100.0000 stroke4
movl 0 -27.3530 394.3050 170.8858 158.1607 0.9757 -124.4070 100.0000 stroke4
movl 0 -24.0741 394.9219 170.9363 158.2175 0.5740 -125.5141 100.0000 stroke4
movl 0 -21.3043 395.9546 170.6792 158.4190 0.0699 -126.6339 100.0000 stroke4
movl 0 -19.9088 397.0305 170.3898 158.6494 -0.2893 -127.3584 100.0000 stroke4
movl 0 -18.3954 397.3135 170.3704 158.6235 -0.5106 -127.8231 100.0000 stroke4
movl 0 -16.4660 394.6874 171.4459 157.0653 -0.4592 -127.3242 100.0000 stroke4
movl 0 -10.8001 393.1293 172.3937 155.4212 -1.1440 -127.9660 100.0000 stroke4
movl 0 -8.0476 395.6664 171.2195 155.2896 -2.5622 -128.4607 100.0000 stroke4
movl 0 -8.1783 399.5750 169.5257 156.4834 -4.0824 -129.0297 100.0000 stroke4
movl 0 -5.5631 404.7800 167.9469 158.2902 -7.2749 -131.2891 100.0000 stroke4
movl 0 -4.1619 407.9649 166.5836 158.7848 -9.4140 -131.8468 100.0000 stroke4
movl 0 -4.1797 408.0680 166.4899 158.5393 -10.3944 -131.4409 100.0000 stroke4
movl 0 -4.8748 407.4278 166.9561 158.3967 -10.8679 -131.1341 100.0000 stroke4
movl 0 -6.5971 405.9684 167.8760 158.0119 -10.7049 -130.5677 100.0000 stroke4
movl 0 -6.5852 404.7597 168.3237 157.4487 -10.9204 -130.3002 100.0000 stroke4
movl 0 -5.7006 397.7579 173.5676 153.8811 -9.5633 -128.4972 100.0000 stroke4
movl 0 -16.1109 376.6273 207.1658 145.2192 -0.7347 -123.5000 100.0000 stroke4
movl 0 -30.3691 375.9849 192.3470 148.2195 -8.0282 -124.4422 100.0000 stroke5
movl 0 -33.4464 370.5747 172.7687 150.9308 -5.1188 -129.4101 100.0000 stroke5
movl 0 -36.5926 372.4906 173.1493 153.6097 -4.3416 -131.2866 100.0000 stroke5
movl 0 -34.9826 376.6429 171.4698 154.3717 -5.9521 -131.9503 100.0000 stroke5
movl 0 -35.7071 378.6111 169.5071 154.1368 -5.6832 -131.3679 100.0000 stroke5
movl 0 -36.7751 381.0608 168.0526 154.9316 -6.2308 -131.3243 100.0000 stroke5
movl 0 -37.6862 384.4610 167.4665 157.0465 -8.0488 -132.7003 100.0000 stroke5
movl 0 -36.9988 385.7410 167.7595 158.2607 -9.7474 -134.3814 100.0000 stroke5
movl 0 -37.1091 386.8321 168.4219 159.8846 -11.7253 -136.2958 100.0000 stroke5
movl 0 -37.7741 388.0658 169.1212 162.1312 -13.8232 -138.8263 100.0000 stroke5
movl 0 -38.9909 389.1000 169.4739 164.7669 -15.8404 -141.7225 100.0000 stroke5
movl 0 -41.0663 389.3894 169.8062 167.0585 -16.9971 -143.9762 100.0000 stroke5
movl 0 -43.1515 389.9262 169.9555 169.2979 -17.9956 -145.5806 100.0000 stroke5
movl 0 -45.5414 390.2858 170.0649 171.2077 -18.6930 -146.2900 100.0000 stroke5
movl 0 -47.7346 390.1387 169.9644 172.1829 -19.3096 -145.3005 100.0000 stroke5
movl 0 -46.8983 389.0336 170.3511 171.4067 -19.2100 -144.7942 100.0000 stroke5
movl 0 -44.7412 388.6438 170.5622 170.7951 -18.9676 -145.1046 100.0000 stroke5
movl 0 -44.7756 388.5225 170.6298 170.9819 -18.9709 -145.2259 100.0000 stroke5
movl 0 -45.1737 388.8970 170.5971 171.6567 -19.3493 -145.1348 100.0000 stroke5
movl 0 -45.6353 388.1858 170.8451 171.4638 -18.9037 -144.9423 100.0000 stroke5
movl 0 -39.9998 370.4736 178.9624 158.4426 -11.3783 -138.7438 100.0000 stroke5
movl 0 -45.5218 334.5586 233.9766 142.0819 15.6694 -127.5056 100.0000 stroke5
movl 0 -25.2638 367.6212 218.5168 147.8905 19.4582 -103.0265 100.0000 stroke6
movl 0 -24.7076 373.0219 172.6884 149.3896 7.1841 -108.5911 100.0000 stroke6
movl 0 -38.7251 366.2696 174.9778 153.9866 11.2494 -107.3771 100.0000 stroke6
movl 0 -43.6320 366.9960 173.1607 156.4566 12.6184 -105.3863 100.0000 stroke6
movl 0 -44.4564 369.3972 172.3915 157.4845 11.9291 -104.5148 100.0000 stroke6
movl 0 -45.5898 371.0305 171.7026 158.0914 11.6917 -103.8652 100.0000 stroke6
movl 0 -45.6620 372.4840 171.4326 158.5260 11.1059 -103.7304 100.0000 stroke6
movl 0 -47.5762 372.9994 171.6236 159.7967 11.0531 -104.9850 100.0000 stroke6
movl 0 -45.4950 374.4267 171.7645 160.1231 10.4832 -107.2575 100.0000 stroke6
movl 0 -40.4049 377.2415 171.6045 159.8628 9.2988 -110.3466 100.0000 stroke6
movl 0 -39.0338 378.2275 171.3227 159.5001 8.5340 -111.5713 100.0000 stroke6
movl 0 -37.0393 382.8444 170.5763 160.1464 5.1371 -114.4232 100.0000 stroke6
movl 0 -33.8568 386.5708 169.8057 159.8268 2.1327 -116.0281 100.0000 stroke6
movl 0 -32.3865 388.2868 169.7050 159.7186 -0.1920 -117.3955 100.0000 stroke6
movl 0 -32.3743 389.3267 170.2554 160.4524 -2.4537 -119.4976 100.0000 stroke6
movl 0 -32.0042 390.4848 170.8845 161.4469 -5.2802 -122.4565 100.0000 stroke6
movl 0 -32.1325 392.4436 171.6876 163.0579 -8.2684 -126.0837 100.0000 stroke6
movl 0 -33.0354 395.1490 171.8744 165.8548 -11.3575 -130.5590 100.0000 stroke6
movl 0 -34.0352 398.1465 171.7772 168.9705 -13.7990 -134.4751 100.0000 stroke6
movl 0 -35.0414 400.4615 171.6364 171.8816 -15.6568 -138.1358 100.0000 stroke6
movl 0 -36.0299 402.6147 171.2519 174.5501 -17.0505 -141.1065 100.0000 stroke6
movl 0 -37.3309 404.1824 170.8913 176.9569 -17.8722 -143.6414 100.0000 stroke6
movl 0 -38.8603 405.2468 170.4193 178.7709 -19.0373 -144.6549 100.0000 stroke6
movl 0 -35.8396 402.8735 171.6764 176.8425 -18.8411 -144.3171 100.0000 stroke6
movl 0 -32.1156 401.2267 172.4366 175.4188 -18.5901 -144.5093 100.0000 stroke6
movl 0 -32.8450 401.5693 172.2671 176.2908 -18.8633 -144.9347 100.0000 stroke6
movl 0 -33.8334 400.9929 172.2946 176.5989 -18.8280 -144.9690 100.0000 stroke6
movl 0 -30.2557 393.9967 174.8003 171.7284 -17.0712 -142.6171 100.0000 stroke6
movl 0 -26.8882 384.8815 176.4860 166.2413 -14.4095 -140.4328 100.0000 stroke6
movl 0 -27.8307 386.1734 175.4111 166.5122 -14.5968 -139.8898 100.0000 stroke6
movl 0 -30.1519 390.2910 173.6168 168.8368 -16.2915 -139.5236 100.0000 stroke6
movl 0 -30.9150 391.0689 173.0670 169.2358 -16.8782 -138.7227 100.0000 stroke6
movl 0 -30.1109 389.7405 173.5374 168.2282 -16.8070 -138.0299 100.0000 stroke6
movl 0 -24.6978 381.6642 176.5369 162.4906 -14.9086 -136.0087 100.0000 stroke6
movl 0 -10.1821 365.0592 191.1045 146.6922 -6.8948 -130.9055 100.0000 stroke6
movl 0 -30.1693 385.3680 190.4549 150.5815 -4.7654 -122.4341 100.0000 stroke7
movl 0 -33.5326 382.0678 176.9093 154.9345 -7.8715 -127.2892 100.0000 stroke7
movl 0 -36.2690 383.8442 175.4949 157.8680 -8.0946 -130.5917 100.0000 stroke7
movl 0 -38.6373 383.9197 174.7029 158.6133 -8.1072 -131.2677 100.0000 stroke7
movl 0 -39.1282 386.3649 173.3976 158.9334 -9.0318 -130.9211 100.0000 stroke7
movl 0 -40.8090 388.3993 172.7065 160.2332 -9.6070 -131.8403 100.0000 stroke7
movl 0 -42.0230 389.2543 172.8931 161.4931 -9.3680 -133.8271 100.0000 stroke7
movl 0 -41.1569 389.5372 172.8798 161.9050 -9.2803 -135.1909 100.0000 stroke7
movl 0 -39.2946 390.1548 172.7641 162.2237 -9.4015 -136.5975 100.0000 stroke7
movl 0 -37.2858 390.6644 172.7321 162.6282 -9.4687 -138.2724 100.0000 stroke7
movl 0 -36.3365 389.1127 173.2620 161.9200 -9.4187 -138.3276 100.0000 stroke7
movl 0 -35.3247 387.6701 173.7644 161.1736 -9.2819 -138.4532 100.0000 stroke7
movl 0 -36.3571 388.9005 173.6718 162.2904 -9.5697 -138.8484 100.0000 stroke7
movl 0 -37.0304 389.0161 173.7186 162.5764 -10.0162 -138.6737 100.0000 stroke7
movl 0 -34.6171 376.9055 188.3609 153.2790 -10.6772 -132.9921 100.0000 stroke7
movl 0 -31.7670 373.7455 200.8896 154.0472 -13.8807 -135.5159 100.0000 stroke8
movl 0 -31.5990 376.6871 174.6178 158.9838 -14.7462 -138.9205 100.0000 stroke8
movl 0 -34.2956 378.1482 174.1155 160.5789 -14.1029 -139.8236 100.0000 stroke8
movl 0 -33.1768 379.2310 172.6381 160.1702 -14.5495 -139.9598 100.0000 stroke8
movl 0 -33.7324 381.1860 171.6720 160.5966 -14.9419 -140.1901 100.0000 stroke8
movl 0 -37.5387 381.5630 171.8473 162.0086 -13.6965 -141.3412 100.0000 stroke8
movl 0 -38.4895 381.8451 172.0559 162.8558 -13.1744 -142.5060 100.0000 stroke8
movl 0 -37.6470 382.1978 172.0866 163.3098 -13.0298 -143.8495 100.0000 stroke8
movl 0 -35.7084 382.9253 171.9466 164.0010 -13.0335 -145.9870 100.0000 stroke8
movl 0 -33.7753 383.2634 171.9846 164.2599 -13.0662 -147.6509 100.0000 stroke8
movl 0 -33.5004 381.2022 172.6924 163.3952 -12.7708 -147.4492 100.0000 stroke8
movl 0 -33.6826 381.8228 172.6106 163.8266 -12.8677 -147.6109 100.0000 stroke8
movl 0 -33.8843 382.5471 172.3766 165.0518 -13.1135 -148.2207 100.0000 stroke8
movl 0 -35.7397 381.5785 172.6283 164.6481 -13.1943 -147.1199 100.0000 stroke8
movl 0 -35.4922 381.3228 172.6749 164.2053 -13.4784 -146.5019 100.0000 stroke8
movl 0 -32.9305 379.6795 173.5010 162.6371 -13.8823 -145.4550 100.0000 stroke8
movl 0 -28.2215 361.4721 192.8180 153.8984 -9.6442 -138.7539 100.0000 stroke8
