movl 0 -52.6446 382.1694 177.9233 152.8364 12.5746 -113.8816 100.0000 stroke1
movl 0 -49.4957 384.8170 174.7013 152.7200 10.2484 -116.5669 100.0000 stroke1
movl 0 -51.1287 386.3868 172.9968 153.5107 9.7805 -115.3543 100.0000 stroke1
movl 0 -51.2065 387.2557 173.2377 153.9839 9.8200 -114.0095 100.0000 stroke1
movl 0 -53.0348 388.0824 172.8448 154.8213 10.2978 -113.1362 100.0000 stroke1
movl 0 -54.3897 389.7438 171.9664 155.6184 9.7596 -113.0749 100.0000 stroke1
movl 0 -55.8356 391.9513 171.0257 157.0032 8.3733 -113.5164 100.0000 stroke1
movl 0 -56.5186 393.8388 170.4557 157.8998 6.8779 -114.4423 100.0000 stroke1
movl 0 -57.4288 396.8875 170.4679 159.2386 5.0909 -115.4044 100.0000 stroke1
movl 0 -56.4119 399.2236 170.2452 159.9132 3.3145 -116.6797 100.0000 stroke1
movl 0 -53.0387 401.5233 169.6485 159.5231 1.5293 -118.1258 100.0000 stroke1
movl 0 -53.3164 402.2044 169.4034 159.2737 0.4470 -118.2992 100.0000 stroke1
movl 0 -54.0218 402.0033 169.4010 159.0181 -0.3035 -118.5645 100.0000 stroke1
movl 0 -54.6290 401.8508 169.4762 158.9884 -1.0902 -119.2791 100.0000 stroke1
movl 0 -55.3861 401.3457 169.8416 158.9777 -1.6923 -119.5565 100.0000 stroke1
movl 0 -56.0989 400.9147 170.0665 158.9036 -2.1752 -119.7279 100.0000 stroke1
movl 0 -56.4769 400.2378 170.4998 158.7036 -2.4293 -119.8460 100.0000 stroke1
movl 0 -56.8842 399.7038 170.9302 158.4758 -2.6167 -119.7534 100.0000 stroke1
movl 0 -57.2660 399.4079 171.2457 158.3243 -2.8615 -119.8439 100.0000 stroke1
movl 0 -57.5905 398.8171 171.7954 158.0497 -3.0895 -120.4312 100.0000 stroke1
movl 0 -55.2085 397.4038 173.1416 156.4335 -3.8794 -121.4339 100.0000 stroke1
movl 0 -46.4682 391.5324 178.3886 151.6202 -7.2377 -130.1888 100.0000 stroke1
movl 0 -43.8205 381.0538 200.4112 146.0975 -10.0196 -138.2280 100.0000 stroke1
movl 0 -27.4107 374.1181 200.0140 147.4571 -1.7434 -136.2498 100.0000 stroke2
movl 0 -25.2858 374.6874 181.4736 148.8470 -0.1967 -136.3796 100.0000 stroke2
movl 0 -26.5395 380.2924 170.9236 149.6182 -2.1497 -135.3440 100.0000 stroke2
movl 0 -28.3692 382.6654 169.1799 150.4168 -2.4635 -136.1549 100.0000 stroke2
movl 0 -27.0195 384.1123 168.1676 150.7302 -3.9443 -137.2309 100.0000 stroke2
movl 0 -29.6541 386.6968 166.9076 152.9446 -4.3309 -138.6570 100.0000 stroke2
movl 0 -31.9201 387.5486 166.7714 154.7574 -3.4256 -140.5930 100.0000 stroke2
movl 0 -29.0472 389.8195 166.4006 155.6908 -3.9658 -142.9217 100.0000 stroke2
movl 0 -26.1955 391.9599 165.6041 155.9375 -5.7626 -143.8064 100.0000 stroke2
movl 0 -21.4216 395.2021 164.1613 156.8235 -8.6968 -145.3864 100.0000 stroke2
movl 0 -20.1704 396.6674 163.7383 158.0369 -9.8603 -146.7283 100.0000 stroke2
movl 0 -16.4632 398.4220 162.9776 158.8906 -11.5820 -148.2855 100.0000 stroke2
movl 0 -14.6614 399.8591 162.2508 158.8830 -13.5005 -148.1436 100.0000 stroke2
movl 0 -14.4444 399.8333 161.7509 158.4986 -14.5318 -147.3687 100.0000 stroke2
movl 0 -15.5983 399.2039 161.8291 158.2164 -14.7096 -146.7475 100.0000 stroke2
movl 0 -15.8476 398.8549 161.9601 158.0179 -14.9941 -146.3448 100.0000 stroke2
movl 0 -16.1611 398.2845 162.3223 157.9649 -15.1984 -146.3679 100.0000 stroke2
movl 0 -16.1927 398.0129 162.6127 157.8323 -15.4028 -146.2288 100.0000 stroke2
movl 0 -16.1093 397.6155 162.8613 157.5623 -15.5688 -146.0122 100.0000 stroke2
movl 0 -16.1619 397.2543 163.1546 157.3531 -15.6754 -145.7828 100.0000 stroke2
movl 0 -15.2449 394.5154 164.9851 155.7827 -15.6212 -144.6459 100.0000 stroke2
movl 0 -19.5681 370.9769 182.6121 144.7772 -4.3368 -137.9812 100.0000 stroke2
movl 0 -31.4144 341.1116 222.7527 138.5297 15.5232 -133.4115 100.0000 stroke2
movl 0 -42.3309 350.7673 211.2891 160.6004 27.6793 -83.5647 100.0000 stroke3
movl 0 -49.5336 350.6838 184.1397 163.7334 25.7569 -83.0217 100.0000 stroke3
movl 0 -53.1665 352.5329 178.4332 166.3770 25.5380 -81.2905 100.0000 stroke3
movl 0 -56.6366 355.9628 174.0050 166.9584 24.7346 -78.4176 100.0000 stroke3
movl 0 -62.2225 355.8905 172.6783 168.8913 24.8357 -75.1058 100.0000 stroke3
movl 0 -62.3924 358.7048 170.8890 169.3029 23.9703 -74.8887 100.0000 stroke3
movl 0 -63.6571 358.9737 170.5181 169.2392 24.1590 -74.7578 100.0000 stroke3
movl 0 -65.5383 360.3159 169.6376 170.1273 23.3754 -75.3573 100.0000 stroke3
movl 0 -66.9520 360.7310 169.3371 170.9676 22.7206 -75.5598 100.0000 stroke3
movl 0 -67.9577 361.0996 169.1422 171.6666 21.9686 -75.9952 100.0000 stroke3
movl 0 -69.7576 360.9086 169.0711 172.4561 21.6919 -76.1565 100.0000 stroke3
movl 0 -71.5201 360.7368 168.9179 173.3293 21.7808 -76.4529 100.0000 stroke3
movl 0 -71.0684 361.3897 168.8670 173.8024 21.5928 -77.1405 100.0000 stroke3
movl 0 -70.0904 361.8977 168.9881 174.2480 21.3010 -78.0250 100.0000 stroke3
movl 0 -68.4546 362.6965 169.2177 174.5229 21.1089 -79.2598 100.0000 stroke3
movl 0 -67.2839 363.6137 169.2817 174.8438 20.7729 -80.6623 100.0000 stroke3
movl 0 -65.8786 364.5677 169.2557 175.3446 20.4493 -82.5657 100.0000 stroke3
movl 0 -63.7012 366.1041 169.0544 175.6433 20.1771 -84.4791 100.0000 stroke3
movl 0 -62.5109 365.1441 169.5432 175.0248 20.6846 -84.3842 100.0000 stroke3
movl 0 -60.3463 363.9057 170.5832 173.6894 21.6379 -84.4562 100.0000 stroke3
movl 0 -59.7500 363.5485 171.2816 173.3784 22.1302 -84.6933 100.0000 stroke3
movl 0 -59.5785 363.7982 171.1842 173.3103 21.8146 -84.8307 100.0000 stroke3
movl 0 -59.2390 364.0673 171.3758 173.6124 20.7044 -85.3985 100.0000 stroke3
movl 0 -58.4807 364.4432 171.3558 172.7655 20.0460 -84.8220 100.0000 stroke3
movl 0 -46.3369 352.9415 180.9317 169.9555 31.8179 -73.8949 100.0000 stroke3
movl 0 -39.6854 338.4644 233.5692 173.3351 43.3184 -63.7446 100.0000 stroke3
movl 0 -53.4966 367.9072 211.3661 160.3013 20.0052 -77.7432 100.0000 stroke4
movl 0 -62.8117 357.2621 183.3016 164.0404 21.1756 -76.3315 100.0000 stroke4
movl 0 -64.5563 355.3104 179.3326 165.6247 20.9851 -75.3394 100.0000 stroke4
movl 0 -68.7257 356.6035 175.4841 166.4292 20.4202 -73.1848 100.0000 stroke4
movl 0 -70.4063 357.4720 174.0021 166.1705 20.1274 -72.6322 100.0000 stroke4
movl 0 -71.8981 358.3347 173.3301 165.8859 19.6546 -72.3028 100.0000 stroke4
movl 0 -74.0421 359.5569 172.2892 166.6797 18.4390 -72.6504 100.0000 stroke4
movl 0 -76.7210 359.6458 172.0432 168.0679 17.5432 -73.2263 100.0000 stroke4
movl 0 -78.0846 360.3402 171.8522 168.7861 16.5003 -73.7001 100.0000 stroke4
movl 0 -78.6887 360.7382 172.1788 169.0964 15.3147 -74.4877 100.0000 stroke4
movl 0 -80.5908 360.4169 172.6386 169.9625 15.3652 -74.6389 100.0000 stroke4
movl 0 -81.7121 360.6504 172.7121 170.5774 15.2978 -75.0148 100.0000 stroke4
movl 0 -80.7093 360.7171 173.0723 171.1026 15.2516 -75.6626 100.0000 stroke4
movl 0 -79.1753 361.2637 173.6972 171.3890 15.0357 -76.8389 100.0000 stroke4
movl 0 -76.9402 361.9870 174.0107 171.4015 14.8868 -77.8311 100.0000 stroke4
movl 0 -75.1972 362.5238 174.2636 171.4768 14.6544 -78.8602 100.0000 stroke4
movl 0 -72.9915 363.4480 174.5621 171.5554 14.3798 -80.1207 100.0000 stroke4
movl 0 -70.8573 364.4117 174.8397 171.6001 14.0615 -81.3129 100.0000 stroke4
movl 0 -68.8388 365.2670 175.0910 171.8698 13.8258 -82.7602 100.0000 stroke4
movl 0 -67.2913 366.5792 175.0447 172.3467 13.3877 -83.9911 100.0000 stroke4
movl 0 -66.5126 367.1242 175.0798 173.2074 13.1717 -85.3888 100.0000 stroke4
movl 0 -65.8068 368.1153 175.2302 174.2442 12.8470 -87.3007 100.0000 stroke4
movl 0 -65.6891 369.4973 175.3674 175.3227 12.3693 -89.6041 100.0000 stroke4
movl 0 -65.2714 370.5760 175.4802 176.3869 12.1312 -92.0655 100.0000 stroke4
movl 0 -64.8334 372.1524 175.3068 177.3165 11.8733 -94.9685 100.0000 stroke4
movl 0 -64.3181 373.7288 175.1251 178.0277 11.6704 -98.0918 100.0000 stroke4
movl 0 -65.0834 375.0768 174.6746 178.9090 11.5341 -100.4766 100.0000 stroke4
movl 0 -64.2758 376.3260 174.5240 179.1877 11.3119 -102.9072 100.0000 stroke4
movl 0 -62.7781 373.5133 175.9003 177.7742 12.2284 -103.0468 100.0000 stroke4
movl 0 -60.9973 372.1081 176.6611 176.8432 13.0456 -103.2343 100.0000 stroke4
movl 0 -60.2206 371.3860 177.0749 176.4166 13.5635 -103.5200 100.0000 stroke4
movl 0 -60.0375 370.8947 177.3216 176.3027 13.7806 -103.6481 100.0000 stroke4
movl 0 -59.7318 370.5813 177.6238 176.1800 13.7847 -103.7569 100.0000 stroke4
movl 0 -59.6632 371.3251 177.5789 176.2458 12.9893 -104.1237 100.0000 stroke4
movl 0 -59.7646 371.8353 177.5300 176.4134 12.3761 -104.3416 100.0000 stroke4
movl 0 -59.5559 372.4800 177.4582 176.4642 11.8904 -104.7160 100.0000 stroke4
movl 0 -59.3220 373.0642 177.3814 176.5455 11.3792 -105.0502 100.0000 stroke4
movl 0 -58.7213 373.0294 177.5168 176.5170 11.0520 -105.1319 100.0000 stroke4
movl 0 -57.9415 372.5763 177.9115 176.3792 10.7078 -105.1977 100.0000 stroke4
movl 0 -57.0392 371.9098 178.0850 175.9523 10.6982 -104.8485 100.0000 stroke4
movl 0 -52.3606 369.9094 179.0352 172.0144 11.0374 -101.8105 100.0000 stroke4
movl 0 -37.9714 354.8343 190.3376 160.4505 20.9614 -92.1546 100.0000 stroke4
movl 0 -31.8495 329.4692 243.3538 161.7756 42.7656 -76.2494 100.0000 stroke4
movl 0 -25.8458 384.0963 229.8533 173.4397 40.3902 -32.0503 100.0000 stroke5
movl 0 -30.3980 378.1176 185.6647 174.8145 35.5865 -34.8724 100.0000 stroke5
movl 0 -36.7314 374.2507 171.8577 177.6695 29.8627 -34.3202 100.0000 stroke5
movl 0 -41.7621 371.7732 173.9073 178.3626 26.1714 -35.4884 100.0000 stroke5
movl 0 -40.6546 372.9423 172.6136 178.3723 26.2604 -35.5193 100.0000 stroke5
movl 0 -41.6053 373.8012 171.7848 177.8987 26.0199 -36.9615 100.0000 stroke5
movl 0 -44.6993 376.4148 170.3672 176.7425 24.0914 -39.0616 100.0000 stroke5
movl 0 -46.3768 378.3884 170.1125 174.8760 21.5058 -42.7967 100.0000 stroke5
movl 0 -43.4983 380.6875 169.6239 172.6198 20.1825 -46.9679 100.0000 stroke5
movl 0 -44.2908 381.9569 169.4399 170.3776 19.0183 -50.1244 100.0000 stroke5
movl 0 -44.3507 382.1662 169.5704 168.7606 18.0720 -53.3793 100.0000 stroke5
movl 0 -44.1150 382.4337 169.9879 167.2859 16.6241 -56.7390 100.0000 stroke5
movl 0 -44.5659 382.8063 170.2075 165.9463 15.3567 -59.5469 100.0000 stroke5
movl 0 -45.2294 382.6969 170.7460 164.8910 13.8325 -61.9986 100.0000 stroke5
movl 0 -45.6358 382.9092 171.2869 163.8879 12.2895 -64.1638 100.0000 stroke5
movl 0 -46.2673 383.1698 171.5749 162.8826 10.6146 -66.1439 100.0000 stroke5
movl 0 -46.9578 383.6684 171.8248 162.0723 8.7767 -68.6468 100.0000 stroke5
movl 0 -47.8597 384.1865 171.8296 161.2943 6.6942 -70.7089 100.0000 stroke5
movl 0 -49.0218 384.6034 171.7225 160.7653 4.6745 -72.1758 100.0000 stroke5
movl 0 -50.2850 385.0780 171.5293 160.5441 3.2177 -73.1242 100.0000 stroke5
movl 0 -51.0503 385.4597 171.4000 160.2890 2.0967 -73.5342 100.0000 stroke5
movl 0 -52.0573 385.6211 171.1593 160.1172 1.3018 -73.5309 100.0000 stroke5
movl 0 -52.8624 385.4821 171.1905 159.9916 0.9162 -73.2543 100.0000 stroke5
movl 0 -53.3154 384.7882 171.4847 159.9065 1.0423 -72.9201 100.0000 stroke5
movl 0 -51.3655 384.4902 171.9658 159.5783 1.5947 -73.1319 100.0000 stroke5
movl 0 -49.6832 383.6746 172.7983 159.8728 2.3971 -73.7163 100.0000 stroke5
movl 0 -48.6437 383.2005 173.0551 160.0003 2.6517 -74.2100 100.0000 stroke5
movl 0 -48.5340 383.1752 172.9981 159.9825 2.5401 -74.3911 100.0000 stroke5
movl 0 -48.3000 383.2736 172.8516 159.8627 2.3551 -74.6183 100.0000 stroke5
movl 0 -49.1352 382.9057 172.7122 159.6899 1.9103 -74.2540 100.0000 stroke5
movl 0 -47.9018 382.4810 173.1843 159.8777 2.5623 -74.8742 100.0000 stroke5
movl 0 -47.4262 382.4834 173.1398 160.1035 2.5796 -75.2995 100.0000 stroke5
movl 0 -48.5598 382.4536 173.0077 159.7287 1.7269 -74.5938 100.0000 stroke5
movl 0 -46.7195 381.4181 173.9135 159.5550 2.5491 -75.4038 100.0000 stroke5
movl 0 -45.7738 381.3252 173.9529 159.5407 2.5133 -75.8916 100.0000 stroke5
movl 0 -47.5435 380.4637 174.1689 159.5724 2.0578 -75.2982 100.0000 stroke5
movl 0 -47.0194 381.0976 173.9276 159.4863 2.0849 -75.6205 100.0000 stroke5
movl 0 -37.9969 373.4226 180.0340 158.3921 10.0723 -76.6260 100.0000 stroke5
movl 0 -26.8357 346.9194 206.2033 167.2284 36.2204 -67.8434 100.0000 stroke5
movl 0 -14.2903 383.3513 221.9353 154.8322 23.2626 -69.8890 100.0000 stroke6
movl 0 -20.3395 384.4801 181.0943 156.0906 17.8555 -73.6663 100.0000 stroke6
movl 0 -18.7888 383.1535 175.2318 158.0272 17.4549 -75.1485 100.0000 stroke6
movl 0 -17.0854 386.4208 170.9469 157.7507 16.8057 -75.5682 100.0000 stroke6
movl 0 -17.3213 386.8112 170.5226 158.2077 16.5206 -75.9335 100.0000 stroke6
movl 0 -17.8961 387.9090 169.8535 158.6638 15.9276 -76.1666 100.0000 stroke6
movl 0 -19.6824 391.0660 168.2521 159.3098 13.7821 -76.6263 100.0000 stroke6
movl 0 -17.5772 395.2721 166.5540 158.8695 11.4758 -78.2012 100.0000 stroke6
movl 0 -14.3815 398.4650 165.4740 157.9381 9.7438 -79.8495 100.0000 stroke6
movl 0 -16.8334 399.7380 165.3190 157.4131 7.7319 -80.7647 100.0000 stroke6
movl 0 -19.0495 399.6247 165.6179 157.2182 6.1865 -82.8821 100.0000 stroke6
movl 0 -20.6292 398.8134 166.0750 157.5330 5.0604 -85.4628 100.0000 stroke6
movl 0 -21.7253 398.2722 166.8336 157.5908 3.5377 -87.9070 100.0000 stroke6
movl 0 -22.5575 398.0495 167.2787 157.7865 2.2816 -89.5729 100.0000 stroke6
movl 0 -23.4414 398.0018 167.7641 158.0024 0.7439 -91.4514 100.0000 stroke6
movl 0 -23.9937 397.3986 167.9846 158.0364 -0.8067 -93.0606 100.0000 stroke6
movl 0 -24.7345 397.3188 168.6263 158.2891 -2.3943 -94.6373 100.0000 stroke6
movl 0 -25.9092 397.5814 169.4863 158.7971 -3.7775 -95.9591 100.0000 stroke6
movl 0 -26.9098 398.1699 169.7911 159.3450 -5.4607 -97.4844 100.0000 stroke6
movl 0 -27.9300 398.9361 169.8029 159.8785 -7.2117 -99.0026 100.0000 stroke6
movl 0 -28.5911 399.4039 169.8436 160.5236 -8.5007 -100.4996 100.0000 stroke6
movl 0 -29.3693 399.7809 169.8304 161.1422 -9.8136 -102.0787 100.0000 stroke6
movl 0 -30.2810 399.8179 169.8647 161.7496 -10.7161 -103.2577 100.0000 stroke6
movl 0 -31.0148 399.9463 169.8884 162.4191 -11.6078 -104.3961 100.0000 stroke6
movl 0 -32.0910 400.1345 169.9974 162.9985 -12.4139 -105.2293 100.0000 stroke6
movl 0 -32.6658 400.1096 170.0868 163.5044 -13.0893 -106.1730 100.0000 stroke6
movl 0 -33.1473 400.5192 170.0169 164.0485 -14.0512 -107.1097 100.0000 stroke6
movl 0 -33.8265 400.6875 169.9936 164.7717 -14.9504 -108.3689 100.0000 stroke6
movl 0 -34.7656 400.8371 169.9442 165.5841 -15.7656 -109.4387 100.0000 stroke6
movl 0 -35.7690 401.3489 169.7518 166.5629 -16.7631 -110.8219 100.0000 stroke6
movl 0 -36.6087 401.4576 169.7350 167.4719 -17.7657 -112.4768 100.0000 stroke6
movl 0 -37.3956 401.8316 169.5957 168.5576 -18.6511 -114.0444 100.0000 stroke6
movl 0 -38.3267 402.3111 169.3443 169.5936 -19.4489 -115.3618 100.0000 stroke6
movl 0 -39.7558 402.7843 169.0151 170.6227 -20.1336 -115.9912 100.0000 stroke6
movl 0 -41.3853 403.8816 168.4730 171.8543 -20.9484 -116.6309 100.0000 stroke6
movl 0 -42.4312 404.1078 168.1361 172.5325 -21.3443 -117.0850 100.0000 stroke6
movl 0 -43.5626 404.1833 167.8286 173.1805 -21.6546 -117.0368 100.0000 stroke6
movl 0 -45.0649 403.6270 168.0029 173.6818 -21.7206 -117.1441 100.0000 stroke6
movl 0 -43.3400 403.2880 168.8032 173.2894 -21.4708 -117.3312 100.0000 stroke6
movl 0 -44.0122 403.4297 168.6737 173.8848 -21.8313 -117.6174 100.0000 stroke6
movl 0 -44.5566 403.0899 168.8888 174.3182 -22.0577 -117.9558 100.0000 stroke6
movl 0 -42.4716 402.6383 169.6886 173.7480 -21.8620 -118.3187 100.0000 stroke6
movl 0 -43.8858 402.3169 169.5324 174.4086 -22.2161 -118.3473 100.0000 stroke6
movl 0 -42.2518 402.3430 169.9466 174.2567 -22.1437 -118.9303 100.0000 stroke6
movl 0 -42.1829 401.9885 170.0665 174.2864 -22.2143 -118.9629 100.0000 stroke6
movl 0 -42.5707 401.3603 170.1738 174.6249 -22.3023 -119.3009 100.0000 stroke6
movl 0 -40.3483 400.9826 171.1669 174.0958 -22.0538 -119.8649 100.0000 stroke6
movl 0 -41.8161 399.9182 171.5061 174.5326 -22.2940 -119.7359 100.0000 stroke6
movl 0 -39.9428 400.0244 172.0169 174.1453 -22.2016 -120.1147 100.0000 stroke6
movl 0 -40.1039 399.6652 172.2844 174.3644 -22.4520 -120.2681 100.0000 stroke6
movl 0 -38.7373 398.9677 173.0047 173.9042 -22.2304 -120.5728 100.0000 stroke6
movl 0 -39.1231 398.6259 173.1014 173.9992 -22.2719 -120.5805 100.0000 stroke6
movl 0 -39.0740 398.0758 173.3085 173.9560 -22.1363 -120.6250 100.0000 stroke6
movl 0 -37.8581 396.0459 175.6169 172.8914 -20.7725 -121.3393 100.0000 stroke6
movl 0 -23.4192 373.1853 221.9904 162.2855 -12.2257 -123.0309 100.0000 stroke6
