movl 0 -31.5337 371.8188 171.1612 146.7034 4.3764 -112.9377 100.0000 stroke1
movl 0 -45.8314 366.6966 178.9260 148.8254 6.0917 -112.8797 100.0000 stroke1
movl 0 -53.2137 368.5321 175.4065 151.0979 4.6968 -114.7558 100.0000 stroke1
movl 0 -52.0990 372.0772 173.4635 150.7872 3.2264 -115.8548 100.0000 stroke1
movl 0 -58.1276 373.3505 173.5827 152.4595 6.1445 -110.9057 100.0000 stroke1
movl 0 -58.4170 374.3605 172.8835 153.9490 7.8772 -107.1196 100.0000 stroke1
movl 0 -63.5778 372.7643 172.0351 155.9964 9.2406 -104.7070 100.0000 stroke1
movl 0 -64.1396 373.3671 171.0363 155.7824 8.8966 -103.7260 100.0000 stroke1
movl 0 -66.3316 374.2555 170.4044 156.7091 8.3899 -104.3124 100.0000 stroke1
movl 0 -67.7808 374.6924 170.3698 157.7666 7.9859 -105.2980 100.0000 stroke1
movl 0 -69.0770 375.2236 170.5027 158.7546 7.5391 -106.0202 100.0000 stroke1
movl 0 -70.6265 375.9217 171.0996 159.9513 6.6108 -107.3506 100.0000 stroke1
movl 0 -72.5776 375.0995 171.2471 160.5301 7.3244 -107.6394 100.0000 stroke1
movl 0 -72.8315 375.3194 171.0252 160.9775 7.4399 -108.1747 100.0000 stroke1
movl 0 -72.2130 375.5007 171.0774 161.1828 7.5530 -108.9263 100.0000 stroke1
movl 0 -71.1358 375.6175 171.2752 161.3136 7.5795 -109.8012 100.0000 stroke1
movl 0 -69.3281 376.1099 171.4518 161.4363 7.4361 -110.9588 100.0000 stroke1
movl 0 -66.9559 376.5623 171.6869 161.4678 7.3929 -112.1977 100.0000 stroke1
movl 0 -63.8097 377.8875 171.7278 161.7240 7.2699 -114.2442 100.0000 stroke1
movl 0 -61.7342 378.8298 171.6453 161.7883 7.1965 -115.4996 100.0000 stroke1
movl 0 -60.4613 376.4140 172.2191 160.3115 7.7979 -114.9849 100.0000 stroke1
movl 0 -58.6989 375.4988 172.4849 159.4410 8.1808 -115.2543 100.0000 stroke1
movl 0 -58.8898 376.0257 172.5429 159.8070 7.6256 -115.2526 100.0000 stroke1
movl 0 -59.1008 376.8123 172.7541 160.7082 6.8639 -115.7637 100.0000 stroke1
movl 0 -58.5597 374.8954 172.4820 158.0597 6.8000 -110.6414 100.0000 stroke1
movl 0 -38.9279 370.7026 180.2024 149.2748 12.7795 -103.7458 100.0000 stroke1
movl 0 -36.0230 351.6985 238.0312 145.9140 32.3367 -94.7324 100.0000 stroke1
movl 0 -28.5054 393.5488 223.0029 147.3293 18.8979 -92.3252 100.0000 stroke2
movl 0 -30.8096 383.7347 179.7598 149.8287 16.3016 -95.8114 100.0000 stroke2
movl 0 -32.4311 381.9877 166.4560 150.6084 15.8334 -97.1640 100.0000 stroke2
movl 0 -41.0889 378.3160 164.5745 153.8314 21.5431 -93.1209 100.0000 stroke2
movl 0 -42.6225 380.1448 163.6212 154.9355 22.0736 -92.0526 100.0000 stroke2
movl 0 -43.6768 383.6879 162.7069 154.8281 19.5373 -93.9217 100.0000 stroke2
movl 0 -45.3209 388.4954 162.7883 154.7433 13.0346 -100.3501 100.0000 stroke2
movl 0 -43.5850 392.0850 162.4858 153.9694 7.6549 -106.5139 100.0000 stroke2
movl 0 -44.0633 391.6935 162.9606 153.5731 4.4030 -111.1925 100.0000 stroke2
movl 0 -43.9353 391.7596 163.5406 153.7197 1.7438 -114.5307 100.0000 stroke2
movl 0 -43.8380 391.8513 164.2567 154.1069 -0.6250 -117.1999 100.0000 stroke2
movl 0 -44.2272 391.4468 165.1233 154.7219 -2.2903 -119.0603 100.0000 stroke2
movl 0 -44.0035 391.4980 165.8732 155.3107 -4.1752 -120.8599 100.0000 stroke2
movl 0 -44.0802 391.8051 166.5264 156.2422 -6.0217 -122.4379 100.0000 stroke2
movl 0 -44.1766 392.2845 167.1837 157.2961 -8.1673 -124.4216 100.0000 stroke2
movl 0 -44.4536 392.7564 167.8678 158.5864 -10.1143 -126.2572 100.0000 stroke2
movl 0 -44.9056 392.8382 168.6946 159.9252 -11.9342 -128.1899 100.0000 stroke2
movl 0 -45.7590 393.5983 169.3264 161.9990 -13.9259 -130.4115 100.0000 stroke2
movl 0 -47.3730 394.5963 169.8985 164.7858 -16.0315 -133.3242 100.0000 stroke2
movl 0 -49.2653 396.1706 170.1614 168.1434 -17.9472 -136.5095 100.0000 stroke2
movl 0 -51.2438 397.4656 170.1151 171.1698 -19.2000 -139.3807 100.0000 stroke2
movl 0 -53.9769 398.1856 169.8392 173.8062 -19.8776 -141.0968 100.0000 stroke2
movl 0 -56.3063 397.8668 169.9089 175.2973 -20.1680 -141.1070 100.0000 stroke2
movl 0 -57.6597 396.4627 170.0685 175.3260 -20.2372 -140.0946 100.0000 stroke2
movl 0 -53.4564 395.0609 170.8962 172.8671 -20.0715 -138.6839 100.0000 stroke2
movl 0 -51.1166 394.1718 171.3437 171.7699 -19.9193 -138.1185 100.0000 stroke2
movl 0 -50.9594 393.9434 171.3896 171.6665 -19.9247 -138.0176 100.0000 stroke2
movl 0 -51.3494 394.3883 171.1801 172.2217 -20.2635 -137.9655 100.0000 stroke2
movl 0 -52.7273 394.5656 170.9614 173.0580 -20.4282 -137.8344 100.0000 stroke2
movl 0 -51.7320 392.5619 171.5673 171.5953 -19.8602 -136.8671 100.0000 stroke2
movl 0 -46.9986 384.6648 174.5312 166.6352 -17.5831 -135.0616 100.0000 stroke2
movl 0 -45.4000 376.8103 176.0672 162.8029 -14.2848 -133.7587 100.0000 stroke2
movl 0 -48.7525 377.9446 175.0224 164.0036 -14.2838 -133.3875 100.0000 stroke2
movl 0 -52.9219 380.4196 173.3842 166.0373 -15.0403 -132.5752 100.0000 stroke2
movl 0 -54.4236 380.6168 172.5433 165.9801 -15.3798 -131.1541 100.0000 stroke2
movl 0 -54.1958 380.1721 172.2893 165.2246 -15.4066 -130.5119 100.0000 stroke2
movl 0 -53.9085 380.2542 172.0937 164.6880 -15.5372 -130.1887 100.0000 stroke2
movl 0 -53.8498 380.3432 172.0415 164.5140 -15.6159 -130.1188 100.0000 stroke2
movl 0 -54.1689 380.2073 172.0234 164.2770 -15.5616 -130.0213 100.0000 stroke2
movl 0 -52.6103 379.3150 172.7462 163.5494 -15.4569 -130.1557 100.0000 stroke2
movl 0 -42.4832 376.9035 180.5329 159.6084 -15.8848 -129.9290 100.0000 stroke2
movl 0 -47.6714 370.9566 217.5097 154.4607 -11.3391 -124.2952 100.0000 stroke2
movl 0 -33.6213 389.2895 208.4008 149.0217 -1.9015 -108.7755 100.0000 stroke3
movl 0 -37.0329 379.9103 182.4777 149.8381 -1.8759 -109.7464 100.0000 stroke3
movl 0 -46.4056 378.9548 179.1725 153.4223 -3.7153 -110.2210 100.0000 stroke3
movl 0 -55.8821 377.8710 176.2620 155.3551 -3.8246 -108.8405 100.0000 stroke3
movl 0 -60.6398 378.9005 174.0022 156.0560 -4.3772 -107.8264 100.0000 stroke3
movl 0 -63.3393 379.6813 173.0938 157.2644 -4.7814 -108.2463 100.0000 stroke3
movl 0 -68.0463 379.6179 173.4080 159.7938 -4.9165 -109.7702 100.0000 stroke3
movl 0 -70.0882 379.1192 173.5586 160.8387 -4.8043 -111.0267 100.0000 stroke3
movl 0 -71.9412 380.1320 173.7364 162.5822 -5.7752 -112.6750 100.0000 stroke3
movl 0 -74.3172 379.1715 174.1337 163.3912 -5.3548 -113.6330 100.0000 stroke3
movl 0 -75.3570 378.8011 174.2551 163.7408 -4.6455 -114.7334 100.0000 stroke3
movl 0 -74.0820 379.8526 174.2003 163.8627 -4.5477 -115.9110 100.0000 stroke3
movl 0 -70.6461 382.0603 174.4717 163.8927 -4.8574 -117.5000 100.0000 stroke3
movl 0 -66.4605 384.4165 174.6909 163.8383 -5.1212 -119.0803 100.0000 stroke3
movl 0 -63.0922 385.9515 174.8372 163.6396 -5.2281 -120.0689 100.0000 stroke3
movl 0 -60.1207 387.5717 174.8465 163.4860 -5.5178 -120.8901 100.0000 stroke3
movl 0 -57.9913 388.7906 174.9086 163.3776 -5.6555 -121.4461 100.0000 stroke3
movl 0 -56.1568 389.4782 175.0136 163.1951 -5.7852 -121.7594 100.0000 stroke3
movl 0 -53.1260 390.1340 175.4926 162.8730 -5.7816 -122.5013 100.0000 stroke3
movl 0 -41.4869 389.1470 180.1420 160.0758 -5.5795 -123.9998 100.0000 stroke3
movl 0 -28.5905 383.5976 207.7096 154.5727 -2.4836 -123.5687 100.0000 stroke3
movl 0 -8.9769 399.8388 223.3649 148.7582 2.6622 -108.1994 100.0000 stroke4
movl 0 -4.4616 393.4319 187.3863 147.9673 2.4231 -108.5510 100.0000 stroke4
movl 0 -1.3963 390.0654 173.8788 148.5003 3.6742 -107.8293 100.0000 stroke4
movl 0 -6.5102 387.9966 173.0036 151.8842 6.6303 -108.1089 100.0000 stroke4
movl 0 -6.6677 391.5161 170.8868 152.9387 6.7706 -108.4291 100.0000 stroke4
movl 0 -7.3788 392.9396 169.9133 153.0747 6.9555 -108.4871 100.0000 stroke4
movl 0 -9.2895 393.7050 168.8857 153.2410 7.1676 -108.7565 100.0000 stroke4
movl 0 -11.6839 396.1105 167.9656 154.6357 5.7145 -109.5170 100.0000 stroke4
movl 0 -11.8765 400.0890 167.7707 156.1708 2.4746 -111.4614 100.0000 stroke4
movl 0 -10.6703 403.1435 167.2799 157.1330 0.0259 -113.5338 100.0000 stroke4
movl 0 -8.7219 405.2242 166.4549 157.0998 -1.4755 -114.5886 100.0000 stroke4
movl 0 -9.0143 405.5290 166.2323 156.6800 -2.3950 -114.0225 100.0000 stroke4
movl 0 -10.4084 404.2691 166.5240 156.4661 -2.6826 -113.3736 100.0000 stroke4
movl 0 -11.8051 403.3735 166.8231 156.2118 -3.0371 -112.7290 100.0000 stroke4
movl 0 -14.3173 402.2632 167.2653 156.0773 -3.3879 -111.9623 100.0000 stroke4
movl 0 -16.3634 400.9957 167.6994 155.6181 -3.4952 -111.3606 100.0000 stroke4
movl 0 -17.7150 399.0705 168.9362 154.4704 -3.3539 -110.7441 100.0000 stroke4
movl 0 -23.1194 387.4362 182.5700 149.5176 0.5505 -113.0737 100.0000 stroke4
movl 0 -38.8110 380.5012 242.0322 146.5526 0.3543 -118.5155 100.0000 stroke5
movl 0 -28.3680 373.5816 185.5544 147.7961 -5.5289 -126.8052 100.0000 stroke5
movl 0 -26.5932 373.4130 170.2798 150.4341 -5.2475 -129.6055 100.0000 stroke5
movl 0 -24.7193 377.0371 168.3227 150.6932 -5.3255 -131.0694 100.0000 stroke5
movl 0 -23.9377 380.8611 166.4851 151.5501 -6.6470 -131.8982 100.0000 stroke5
movl 0 -26.3793 384.8178 165.2668 153.9655 -7.7437 -133.1435 100.0000 stroke5
movl 0 -26.4705 387.7182 165.3076 156.7357 -9.6356 -136.2229 100.0000 stroke5
movl 0 -25.2394 389.6126 165.2690 157.9448 -11.4175 -138.4575 100.0000 stroke5
movl 0 -25.3236 389.9900 165.7643 159.1510 -13.1197 -140.1969 100.0000 stroke5
movl 0 -25.3345 389.7971 166.6327 160.3113 -14.4836 -142.1411 100.0000 stroke5
movl 0 -25.4584 389.9591 167.4087 161.9787 -15.9836 -144.6134 100.0000 stroke5
movl 0 -26.3648 390.7424 167.9369 164.4062 -17.6050 -147.8799 100.0000 stroke5
movl 0 -27.2590 391.7096 168.2624 167.4520 -19.1869 -151.8976 100.0000 stroke5
movl 0 -28.3100 392.6592 168.4294 170.8242 -20.3362 -155.9295 100.0000 stroke5
movl 0 -29.6117 393.7516 168.4568 174.1084 -20.9732 -159.4344 100.0000 stroke5
movl 0 -31.8247 394.8267 168.5159 177.1446 -21.0631 -161.5224 100.0000 stroke5
movl 0 -33.5308 395.4549 168.4219 179.1528 -21.1034 -162.5815 100.0000 stroke5
movl 0 -34.9282 393.9772 168.7276 179.1251 -21.1172 -161.7442 100.0000 stroke5
movl 0 -30.6597 392.1739 169.5130 176.7743 -21.4998 -160.7617 100.0000 stroke5
movl 0 -28.9999 391.0770 169.8625 176.0332 -21.5281 -160.5636 100.0000 stroke5
movl 0 -28.9131 391.2192 169.7581 176.4674 -21.6621 -160.6152 100.0000 stroke5
movl 0 -29.5011 390.9621 169.6203 176.8345 -21.6155 -160.0444 100.0000 stroke5
movl 0 -26.5721 385.2793 171.2611 171.7463 -21.1495 -156.9634 100.0000 stroke5
movl 0 -24.4684 380.0084 172.1796 167.2303 -20.0302 -154.5671 100.0000 stroke5
movl 0 -27.6998 383.2547 170.5930 169.5270 -20.4570 -154.3708 100.0000 stroke5
movl 0 -28.7589 383.3427 170.3685 169.7400 -20.8256 -153.5882 100.0000 stroke5
movl 0 -26.1574 380.3124 171.6416 167.5435 -21.2796 -153.7562 100.0000 stroke5
movl 0 -21.5668 370.6134 180.4348 157.7752 -20.0156 -150.6173 100.0000 stroke5
movl 0 -35.3916 356.2902 238.1524 142.9798 -7.3669 -138.8193 100.0000 stroke5
movl 0 -15.7289 371.8017 200.7730 151.1430 -12.9436 -138.6955 100.0000 stroke6
movl 0 -17.3824 368.0962 175.2033 155.2245 -13.6238 -143.7978 100.0000 stroke6
movl 0 -19.5325 372.1084 172.8825 156.9835 -13.5719 -144.8601 100.0000 stroke6
movl 0 -19.1120 375.1137 171.2264 157.7654 -15.2515 -144.9134 100.0000 stroke6
movl 0 -20.7779 377.4635 169.8097 158.5552 -15.4073 -145.3016 100.0000 stroke6
movl 0 -23.7970 377.8660 169.2808 159.4868 -13.7877 -145.7641 100.0000 stroke6
movl 0 -26.0544 377.7157 169.2644 160.3499 -12.2555 -146.4621 100.0000 stroke6
movl 0 -27.3325 378.1698 169.8354 161.8863 -11.9248 -147.3286 100.0000 stroke6
movl 0 -29.3173 376.6881 170.2677 161.4968 -10.5923 -147.1152 100.0000 stroke6
movl 0 -28.4712 377.1804 170.4106 161.6288 -10.2004 -147.4877 100.0000 stroke6
movl 0 -25.4809 377.8035 170.6823 161.6624 -10.3634 -148.4837 100.0000 stroke6
movl 0 -20.2234 379.0724 170.8743 161.7683 -11.0878 -150.1991 100.0000 stroke6
movl 0 -13.4210 381.0187 170.8462 162.1732 -11.9326 -152.9498 100.0000 stroke6
movl 0 -7.1624 383.8812 170.3783 163.1408 -12.2652 -156.4775 100.0000 stroke6
movl 0 -5.0496 383.7837 170.2737 162.5189 -13.0729 -156.0663 100.0000 stroke6
movl 0 0.3562 383.5681 170.1231 161.0185 -14.7136 -155.5119 100.0000 stroke6
movl 0 -0.3149 384.8126 169.8018 161.9697 -14.7642 -155.8709 100.0000 stroke6
movl 0 -0.6917 386.7659 169.5610 163.9632 -14.7428 -157.1502 100.0000 stroke6
movl 0 -0.9605 387.2483 169.1559 164.2915 -15.1080 -156.9588 100.0000 stroke6
movl 0 -2.0392 384.4971 169.7031 161.3919 -16.1987 -152.0384 100.0000 stroke6
movl 0 -2.6266 360.3492 207.1191 144.2288 -11.0729 -137.4184 100.0000 stroke6
movl 0 -8.2923 380.3269 197.5285 153.7972 -15.3619 -127.8800 100.0000 stroke7
movl 0 -3.6019 368.1574 176.0416 151.5292 -10.0004 -130.0404 100.0000 stroke7
movl 0 -6.1679 369.2436 173.8498 153.4868 -8.3203 -131.7715 100.0000 stroke7
movl 0 -6.4859 370.9910 171.8834 154.4045 -7.8729 -131.7258 100.0000 stroke7
movl 0 -8.0201 373.1540 170.3225 154.7468 -7.7311 -131.3826 100.0000 stroke7
movl 0 -8.6523 377.5414 168.6350 156.3469 -9.2876 -131.8989 100.0000 stroke7
movl 0 -9.3606 381.4575 167.8975 159.0371 -11.3049 -134.3996 100.0000 stroke7
movl 0 -7.9905 384.6562 167.2207 161.1142 -13.5726 -137.8819 100.0000 stroke7
movl 0 -7.0713 387.5111 166.6385 163.3208 -16.2022 -141.7193 100.0000 stroke7
movl 0 -8.1671 387.8774 167.0480 165.1956 -17.6610 -145.0708 100.0000 stroke7
movl 0 -8.9054 387.7010 167.6488 166.7823 -18.3904 -147.7519 100.0000 stroke7
movl 0 -9.5361 387.6958 168.1132 168.9320 -19.4577 -151.1004 100.0000 stroke7
movl 0 -10.2385 388.5480 168.3100 171.8556 -20.5394 -154.7400 100.0000 stroke7
movl 0 -11.4583 390.4344 168.2515 175.6096 -21.3602 -158.2260 100.0000 stroke7
movl 0 -13.0275 392.4769 167.8004 179.1642 -21.9418 -160.5396 100.0000 stroke7
movl 0 -14.4294 394.3878 167.1778 -177.8890 -22.2006 -162.2812 100.0000 stroke7
movl 0 -15.7794 395.6664 166.5614 -175.7424 -22.3816 -163.2322 100.0000 stroke7
movl 0 -18.4014 396.3078 165.9822 -174.0867 -22.5886 -162.8811 100.0000 stroke7
movl 0 -17.8164 394.8807 166.5862 -174.9027 -22.8300 -162.3428 100.0000 stroke7
movl 0 -14.8153 392.8244 167.7235 -176.6094 -22.6703 -162.4430 100.0000 stroke7
movl 0 -14.5747 392.3203 167.8063 -176.6929 -22.7108 -162.3974 100.0000 stroke7
movl 0 -15.4119 392.6441 167.4838 -175.8991 -22.8457 -162.3339 100.0000 stroke7
movl 0 -14.9292 390.5157 168.3627 -177.5089 -22.6288 -161.3287 100.0000 stroke7
movl 0 -9.8492 379.1205 172.8200 174.4951 -21.4956 -158.6440 100.0000 stroke7
movl 0 -8.3841 376.8157 172.9524 172.4450 -21.3874 -158.4278 100.0000 stroke7
movl 0 -8.8683 376.4743 172.7048 172.2533 -21.3214 -158.1739 100.0000 stroke7
movl 0 -11.7471 380.7168 170.7023 175.0299 -21.9429 -158.2868 100.0000 stroke7
movl 0 -14.3777 382.5126 169.4998 176.2586 -22.3864 -157.2226 100.0000 stroke7
movl 0 -14.5602 382.5269 169.1925 176.0972 -22.6820 -156.5673 100.0000 stroke7
movl 0 -14.4636 381.9158 169.2067 175.2276 -23.0218 -155.7026 100.0000 stroke7
movl 0 -13.9012 381.3203 169.3497 174.3164 -23.2037 -155.1139 100.0000 stroke7
movl 0 -13.6744 380.5831 169.6851 173.4447 -23.3389 -154.7079 100.0000 stroke7
movl 0 -12.7062 379.8562 170.1034 172.7439 -23.5118 -154.6523 100.0000 stroke7
movl 0 -8.1730 376.8310 171.9335 170.4200 -23.9672 -154.1822 100.0000 stroke7
movl 0 -1.9651 373.3524 175.6183 166.4891 -25.0363 -152.5859 100.0000 stroke7
movl 0 -7.5450 367.8794 207.2987 159.0939 -22.7230 -147.0981 100.0000 stroke7
