movl 0 -34.0745 396.0749 164.7055 152.0613 13.8584 -94.0036 100.0000 stroke1
movl 0 -33.9743 395.6255 165.4222 152.0623 14.2347 -94.0669 100.0000 stroke1
movl 0 -35.0524 395.4580 165.2763 152.6897 14.0484 -94.0969 100.0000 stroke1
movl 0 -36.7947 396.6020 164.5078 153.4662 13.1995 -94.3551 100.0000 stroke1
movl 0 -38.4244 398.0791 164.3855 154.4097 11.4925 -95.4734 100.0000 stroke1
movl 0 -39.5652 399.7831 164.1667 155.0443 9.9938 -96.5308 100.0000 stroke1
movl 0 -39.7706 401.9819 163.9481 155.6629 7.7275 -98.5158 100.0000 stroke1
movl 0 -40.8759 402.1939 164.0929 155.7986 6.7259 -99.1023 100.0000 stroke1
movl 0 -41.7304 401.7009 164.2697 155.8161 6.3516 -99.0415 100.0000 stroke1
movl 0 -42.5470 400.9711 164.7115 155.8255 5.9838 -98.9323 100.0000 stroke1
movl 0 -43.1338 400.2374 165.1313 155.7045 5.5618 -98.7312 100.0000 stroke1
movl 0 -43.9132 399.2469 165.6340 155.6372 5.1730 -98.5458 100.0000 stroke1
movl 0 -45.0939 398.3247 165.9190 155.6191 4.7777 -98.1265 100.0000 stroke1
movl 0 -46.4304 396.8543 166.3114 155.6423 4.6645 -97.6087 100.0000 stroke1
movl 0 -47.9308 395.7161 166.7061 155.6980 4.4285 -97.0804 100.0000 stroke1
movl 0 -49.7277 394.3700 167.0936 155.7960 4.2996 -96.5075 100.0000 stroke1
movl 0 -50.9526 392.5375 167.0907 155.6749 4.2627 -95.8847 100.0000 stroke1
movl 0 -52.3613 391.7250 167.2976 155.7498 4.2101 -95.3121 100.0000 stroke1
movl 0 -53.5153 390.8409 167.6153 155.7305 4.2728 -94.7987 100.0000 stroke1
movl 0 -54.3435 389.9195 168.0957 155.5944 4.3570 -94.3198 100.0000 stroke1
movl 0 -55.1126 389.5143 168.2840 155.5991 4.4110 -93.9566 100.0000 stroke1
movl 0 -55.3609 389.2264 168.5478 155.4596 4.4021 -93.7553 100.0000 stroke1
movl 0 -55.6999 388.9568 168.7789 155.3328 4.4696 -93.5536 100.0000 stroke1
movl 0 -56.3219 388.8981 168.8113 155.3968 4.4055 -93.4705 100.0000 stroke1
movl 0 -56.8053 388.6429 168.8698 155.3385 4.4455 -93.2847 100.0000 stroke1
movl 0 -56.9802 388.2976 168.9323 155.0954 4.5409 -93.0908 100.0000 stroke1
movl 0 -54.6786 387.0111 169.6209 153.4312 5.0038 -93.2356 100.0000 stroke1
movl 0 -43.5086 378.7704 178.8535 146.3950 11.1848 -94.0389 100.0000 stroke1
movl 0 -38.0893 366.1440 221.7696 140.1624 21.9534 -93.7813 100.0000 stroke1
movl 0 -17.8319 388.3840 191.7692 141.3774 -6.1085 -116.7636 100.0000 stroke2
movl 0 -22.9241 382.8579 164.8819 145.2029 -4.5893 -117.5661 100.0000 stroke2
movl 0 -25.6382 384.2309 163.5173 147.8741 -5.0364 -119.0250 100.0000 stroke2
movl 0 -27.5956 384.7141 162.4554 148.3442 -5.2299 -118.5413 100.0000 stroke2
movl 0 -30.6942 386.4693 161.9937 149.6634 -6.3179 -118.7531 100.0000 stroke2
movl 0 -34.1113 388.1213 162.1932 152.2912 -8.0260 -121.2376 100.0000 stroke2
movl 0 -34.1849 389.8909 162.2671 153.7541 -9.9575 -123.7422 100.0000 stroke2
movl 0 -34.0495 390.6869 162.5294 154.7606 -11.7417 -125.6445 100.0000 stroke2
movl 0 -34.1652 391.0165 162.7478 155.7086 -13.3435 -127.1926 100.0000 stroke2
movl 0 -35.0126 390.7977 163.2326 156.8455 -14.4866 -128.5301 100.0000 stroke2
movl 0 -35.8591 390.7504 163.7038 158.3666 -16.0777 -130.6721 100.0000 stroke2
movl 0 -37.5572 390.6372 164.1433 160.2897 -17.4962 -133.2596 100.0000 stroke2
movl 0 -39.1333 390.9461 164.4280 162.3970 -18.8410 -135.8529 100.0000 stroke2
movl 0 -40.2580 391.1532 164.6079 164.2636 -19.9457 -138.0888 100.0000 stroke2
movl 0 -41.4614 391.3733 164.6682 165.9290 -20.7483 -139.9464 100.0000 stroke2
movl 0 -42.8781 391.4887 164.8236 167.5617 -21.3622 -141.3621 100.0000 stroke2
movl 0 -44.3075 391.2050 165.1052 168.6811 -21.6652 -142.1207 100.0000 stroke2
movl 0 -45.4847 390.7395 165.3003 169.4266 -22.1029 -142.0862 100.0000 stroke2
movl 0 -46.1550 389.6904 165.7030 169.1987 -21.9915 -141.5339 100.0000 stroke2
movl 0 -43.4487 389.1328 166.2848 168.3675 -21.8793 -142.1383 100.0000 stroke2
movl 0 -44.1154 389.7574 166.2896 169.4456 -22.0956 -142.7048 100.0000 stroke2
movl 0 -44.7954 389.7709 166.2066 169.7083 -21.9358 -142.7837 100.0000 stroke2
movl 0 -40.6360 385.3197 168.2782 164.9284 -20.6421 -140.2736 100.0000 stroke2
movl 0 -30.8243 368.2197 200.1510 147.2391 -6.4748 -130.0533 100.0000 stroke2
movl 0 -10.2937 389.2195 248.1369 139.8761 1.9485 -126.0265 100.0000 stroke3
movl 0 -13.8403 386.7282 187.0121 145.9173 -3.6742 -130.0984 100.0000 stroke3
movl 0 -19.0031 384.4880 172.8851 148.5025 -4.7294 -134.9893 100.0000 stroke3
movl 0 -25.4966 384.5396 171.8609 150.4688 -5.1567 -136.4392 100.0000 stroke3
movl 0 -23.0418 384.4050 170.2101 149.8803 -5.2600 -136.0773 100.0000 stroke3
movl 0 -21.2195 384.7160 170.2747 149.5271 -5.4301 -135.4797 100.0000 stroke3
movl 0 -21.3538 385.2942 170.2467 149.7729 -5.6658 -135.2021 100.0000 stroke3
movl 0 -21.0137 385.8579 170.3813 149.8627 -5.7076 -134.5995 100.0000 stroke3
movl 0 -20.5190 386.2253 170.2576 149.6505 -5.4597 -133.8480 100.0000 stroke3
movl 0 -18.9805 387.7154 168.1486 147.9663 -3.3289 -130.5867 100.0000 stroke3
movl 0 -23.1840 388.4014 169.0625 149.9434 -4.4560 -134.6527 100.0000 stroke3
movl 0 -24.0696 390.1036 169.7878 151.9652 -6.3560 -139.2895 100.0000 stroke3
movl 0 -26.1629 389.7712 169.0597 151.9863 -5.4469 -139.7539 100.0000 stroke3
movl 0 -25.9889 390.6050 168.2125 152.1426 -5.2898 -139.1446 100.0000 stroke3
movl 0 -28.5883 391.5817 167.7449 153.4657 -4.7500 -139.3065 100.0000 stroke3
movl 0 -34.0967 392.1102 168.3570 156.1097 -3.2850 -141.4941 100.0000 stroke3
movl 0 -38.3009 391.9543 168.8330 157.9012 -2.1510 -144.0187 100.0000 stroke3
movl 0 -41.6394 392.5558 168.7867 159.6198 -1.3328 -146.6851 100.0000 stroke3
movl 0 -42.9626 392.1247 168.7737 160.0833 -0.8555 -148.0175 100.0000 stroke3
movl 0 -38.6312 390.0824 169.4708 158.2196 -1.7292 -148.0222 100.0000 stroke3
movl 0 -37.4289 389.4131 169.7432 157.8137 -1.7301 -148.4646 100.0000 stroke3
movl 0 -36.8935 391.0281 170.1018 159.0894 -3.3348 -148.9107 100.0000 stroke3
movl 0 -34.9607 390.6138 170.4695 158.2037 -4.2220 -146.1868 100.0000 stroke3
movl 0 -27.0939 369.7540 195.0992 144.8236 7.5462 -128.3860 100.0000 stroke3
movl 0 -8.6922 397.0827 241.9865 147.8300 -8.4530 -124.5381 100.0000 stroke4
movl 0 -1.2740 399.9615 186.9892 148.3774 -8.6754 -123.5552 100.0000 stroke4
movl 0 -10.6217 395.5342 180.2963 150.8402 -6.5439 -126.2239 100.0000 stroke4
movl 0 -22.7399 396.2951 175.9798 153.9208 -4.6357 -125.5611 100.0000 stroke4
movl 0 -26.4160 397.6803 174.1020 154.2933 -4.1732 -123.9977 100.0000 stroke4
movl 0 -28.0887 399.6729 172.1980 154.9084 -3.9856 -123.4283 100.0000 stroke4
movl 0 -29.2902 401.5298 170.7668 155.5395 -4.0130 -122.6999 100.0000 stroke4
movl 0 -30.0351 403.1250 170.6066 156.8026 -4.3399 -123.5476 100.0000 stroke4
movl 0 -31.8068 403.0756 170.9524 157.7713 -4.0518 -124.4372 100.0000 stroke4
movl 0 -31.2396 403.4581 171.1032 158.5963 -3.8293 -126.2328 100.0000 stroke4
movl 0 -27.6078 404.4842 171.7239 159.3177 -4.0723 -129.1999 100.0000 stroke4
movl 0 -22.0379 405.8543 171.8156 160.0357 -4.2728 -132.4411 100.0000 stroke4
movl 0 -17.4309 408.2016 171.5075 161.2148 -4.3613 -135.9953 100.0000 stroke4
movl 0 -15.2476 406.7580 171.9172 160.1615 -4.5856 -136.3552 100.0000 stroke4
movl 0 -13.3662 405.6256 172.2616 159.2467 -4.6862 -136.5295 100.0000 stroke4
movl 0 -12.9932 404.6120 172.5635 158.9009 -4.5391 -136.4021 100.0000 stroke4
movl 0 -13.2050 404.5808 172.6356 158.9709 -4.5152 -136.3757 100.0000 stroke4
movl 0 -14.0968 406.3813 172.6871 160.7077 -5.4286 -136.9987 100.0000 stroke4
movl 0 -16.4848 401.9048 173.2991 157.5954 -5.2610 -132.6558 100.0000 stroke4
movl 0 -21.5377 388.4708 197.0535 149.4461 -1.8199 -127.4413 100.0000 stroke4
movl 0 -15.7228 379.8165 238.5955 140.8158 3.4205 -112.1593 100.0000 stroke5
movl 0 -11.7854 382.3921 181.3041 147.3170 -1.8050 -117.9391 100.0000 stroke5
movl 0 -17.9148 382.8085 170.8117 151.0865 -1.9650 -119.5885 100.0000 stroke5
movl 0 -22.7835 384.0275 169.8034 152.1808 -0.7382 -119.2217 100.0000 stroke5
movl 0 -23.2277 384.8483 168.0234 151.8608 -0.3372 -118.5747 100.0000 stroke5
movl 0 -27.2400 388.3215 167.1313 153.8780 -1.5072 -118.8163 100.0000 stroke5
movl 0 -26.0560 390.8146 167.2007 154.9840 -4.1222 -120.9589 100.0000 stroke5
movl 0 -27.2740 391.2113 167.8760 156.2578 -6.0996 -122.8092 100.0000 stroke5
movl 0 -28.1687 392.4173 168.5651 158.1786 -9.0809 -125.9863 100.0000 stroke5
movl 0 -29.0106 393.8378 169.0154 160.1179 -11.6337 -128.1988 100.0000 stroke5
movl 0 -30.9729 395.6318 169.3947 162.9586 -14.2573 -131.0236 100.0000 stroke5
movl 0 -32.5510 397.2019 169.3456 165.3491 -16.3802 -132.7537 100.0000 stroke5
movl 0 -33.6063 398.7243 169.0702 167.2096 -18.0312 -133.8733 100.0000 stroke5
movl 0 -35.6984 400.1409 168.6768 168.5992 -19.1355 -133.3585 100.0000 stroke5
movl 0 -36.7799 399.2987 168.9169 168.1526 -19.0471 -131.2385 100.0000 stroke5
movl 0 -34.3313 398.1963 169.6120 167.1373 -18.5887 -131.0264 100.0000 stroke5
movl 0 -35.9254 398.3624 169.4481 167.7740 -18.4070 -130.9841 100.0000 stroke5
movl 0 -33.1131 394.3786 170.8867 164.8342 -16.5358 -130.1494 100.0000 stroke5
movl 0 -25.9044 374.2416 183.7109 151.4478 -2.8242 -121.9087 100.0000 stroke5
movl 0 -20.2133 354.6832 243.9002 144.2785 26.5962 -107.5255 100.0000 stroke5
movl 0 -2.6941 389.0564 202.6819 147.8128 -2.3004 -119.0688 100.0000 stroke6
movl 0 -6.5196 387.5208 177.2335 149.9147 -0.0798 -118.4639 100.0000 stroke6
movl 0 -11.3209 388.2519 174.1232 151.6435 0.3899 -117.7112 100.0000 stroke6
movl 0 -13.3617 389.6596 171.6565 152.6852 -0.4102 -117.5061 100.0000 stroke6
movl 0 -15.5989 390.3685 170.6554 153.2998 -0.5685 -118.2616 100.0000 stroke6
movl 0 -19.8105 393.6799 170.3673 155.9084 -1.9993 -119.8657 100.0000 stroke6
movl 0 -21.3737 395.7327 170.5745 157.7958 -3.4818 -122.6919 100.0000 stroke6
movl 0 -22.0498 396.1173 170.5243 158.2448 -4.1838 -123.2968 100.0000 stroke6
movl 0 -22.9829 396.0152 170.7729 158.7240 -5.1861 -123.0445 100.0000 stroke6
movl 0 -24.4967 394.5564 171.3043 158.9174 -5.5943 -122.2660 100.0000 stroke6
movl 0 -25.8529 393.4539 171.6495 159.0514 -5.9054 -121.5295 100.0000 stroke6
movl 0 -26.4870 392.8368 171.8869 159.0181 -6.1693 -120.9534 100.0000 stroke6
movl 0 -26.5624 392.1575 172.1723 158.8481 -6.2623 -120.6993 100.0000 stroke6
movl 0 -26.5490 391.6100 172.4671 158.7021 -6.3224 -120.5588 100.0000 stroke6
movl 0 -26.3713 391.2812 172.6639 158.5444 -6.3944 -120.4330 100.0000 stroke6
movl 0 -26.2581 391.1004 172.8226 158.4248 -6.4479 -120.3233 100.0000 stroke6
movl 0 -26.2160 390.7729 173.0028 158.3038 -6.4926 -120.2284 100.0000 stroke6
movl 0 -26.1525 390.7511 173.0758 158.2375 -6.6624 -120.2283 100.0000 stroke6
movl 0 -26.1272 390.6858 173.1876 158.0649 -6.7984 -120.0379 100.0000 stroke6
movl 0 -24.2627 388.1697 175.0573 156.5336 -6.9985 -119.8886 100.0000 stroke6
movl 0 -16.1937 380.3578 206.3503 150.1462 -3.5799 -120.8855 100.0000 stroke6
movl 0 -1.5291 381.9197 241.9114 144.5523 -4.6328 -120.0611 100.0000 stroke7
movl 0 2.1912 384.7176 183.6569 150.2566 -10.9274 -125.8649 100.0000 stroke7
movl 0 -1.8688 384.1487 173.2917 152.1503 -9.6819 -125.8038 100.0000 stroke7
movl 0 -8.3257 385.6260 170.6666 153.5544 -8.8554 -124.3488 100.0000 stroke7
movl 0 -12.7088 386.4797 169.7926 154.5649 -8.2365 -124.1141 100.0000 stroke7
movl 0 -17.0092 388.7263 169.2093 157.0871 -8.4481 -125.6738 100.0000 stroke7
movl 0 -16.0550 391.0301 168.9347 158.2703 -10.0268 -127.0192 100.0000 stroke7
movl 0 -17.2034 392.5453 169.1254 159.8454 -11.8066 -128.3893 100.0000 stroke7
movl 0 -17.8305 393.8445 169.4859 161.7030 -13.7135 -130.5359 100.0000 stroke7
movl 0 -18.9905 395.5989 169.6654 164.0610 -15.8233 -132.8685 100.0000 stroke7
movl 0 -20.9295 397.3048 169.6814 166.6804 -17.4682 -134.9442 100.0000 stroke7
movl 0 -23.1876 398.8122 169.4906 169.0092 -18.5907 -136.0766 100.0000 stroke7
movl 0 -25.2407 399.8498 169.2369 170.7047 -19.4007 -136.3545 100.0000 stroke7
movl 0 -25.3296 398.4964 169.7629 170.2877 -19.2647 -135.6316 100.0000 stroke7
movl 0 -24.2294 398.4824 169.7796 170.3704 -19.6262 -135.6555 100.0000 stroke7
movl 0 -25.5160 398.1599 169.6333 170.7792 -19.4806 -135.5368 100.0000 stroke7
movl 0 -25.4865 397.4876 169.9097 170.5862 -19.2359 -135.5910 100.0000 stroke7
movl 0 -25.9715 397.2602 170.0053 170.6203 -19.0524 -135.5653 100.0000 stroke7
movl 0 -20.4441 382.2267 177.7785 160.9684 -11.4502 -132.3109 100.0000 stroke7
movl 0 -11.8374 361.6394 240.4413 145.5201 6.6422 -124.7087 100.0000 stroke7
movl 0 3.9301 377.8023 233.8585 146.1330 6.3513 -114.1819 100.0000 stroke8
movl 0 -1.5335 378.9557 182.9278 150.8981 1.2168 -116.3547 100.0000 stroke8
movl 0 -13.7225 377.7026 175.2437 154.2777 0.8367 -118.2758 100.0000 stroke8
movl 0 -18.7694 378.4657 173.7211 155.3855 0.1160 -117.7596 100.0000 stroke8
movl 0 -19.6091 379.0933 173.2785 156.1760 0.1841 -117.1604 100.0000 stroke8
movl 0 -24.2108 380.2408 173.2004 158.6105 0.5839 -118.1366 100.0000 stroke8
movl 0 -25.8845 380.4585 173.6764 159.7300 0.6195 -119.5168 100.0000 stroke8
movl 0 -25.3559 381.1649 173.9094 160.4508 0.5036 -121.6406 100.0000 stroke8
movl 0 -22.1882 382.9882 174.3200 161.4142 -0.0195 -125.3551 100.0000 stroke8
movl 0 -19.4485 385.7031 174.3001 162.8811 -0.4222 -129.4174 100.0000 stroke8
movl 0 -17.9154 387.4517 174.5490 164.3265 -0.2319 -133.1570 100.0000 stroke8
movl 0 -17.2113 389.2567 174.4318 165.6467 -0.0575 -136.2489 100.0000 stroke8
movl 0 -15.6362 387.3279 175.0223 164.4596 -0.2461 -135.9711 100.0000 stroke8
movl 0 -10.6695 384.6993 176.0388 162.1996 -0.5639 -135.9598 100.0000 stroke8
movl 0 -11.2210 387.6475 176.0015 164.2186 -2.1134 -136.3367 100.0000 stroke8
movl 0 -10.4050 389.1620 175.4254 164.0040 -3.3165 -134.8445 100.0000 stroke8
movl 0 -3.5725 372.3344 183.4320 150.2324 2.1856 -121.7316 100.0000 stroke8
movl 0 2.2756 357.6765 246.6103 140.1960 23.0080 -107.3736 100.0000 stroke8
movl 0 18.4737 387.7070 202.7894 143.9648 13.2851 -96.6117 100.0000 stroke9
movl 0 13.9288 383.4868 165.7461 149.1712 10.0165 -101.8572 100.0000 stroke9
movl 0 5.3743 383.2006 168.0498 152.6752 11.4762 -101.8592 100.0000 stroke9
movl 0 4.5681 385.0451 167.3458 153.3698 10.9299 -100.9783 100.0000 stroke9
movl 0 2.3354 386.0016 166.5573 153.9162 11.3313 -100.6905 100.0000 stroke9
movl 0 -2.6977 389.4058 165.9203 156.4239 9.0025 -103.6338 100.0000 stroke9
movl 0 -2.1039 392.8940 166.3234 156.8013 4.2588 -107.5421 100.0000 stroke9
movl 0 -2.1938 393.3923 166.9872 156.8866 1.9263 -109.4965 100.0000 stroke9
movl 0 -1.3773 394.2814 167.7618 157.0138 -0.5162 -111.3339 100.0000 stroke9
movl 0 -1.2204 395.8721 168.9551 157.9333 -3.6433 -113.9046 100.0000 stroke9
movl 0 -1.5195 397.8463 169.4817 159.5112 -7.2543 -117.1264 100.0000 stroke9
movl 0 -2.7076 400.6066 169.8083 161.9097 -10.8020 -120.3481 100.0000 stroke9
movl 0 -3.6107 403.2955 169.8508 164.5566 -14.1873 -123.9931 100.0000 stroke9
movl 0 -4.9775 405.5756 169.7214 167.7452 -16.9843 -128.0313 100.0000 stroke9
movl 0 -6.9798 407.3357 169.2417 170.8676 -18.8445 -131.4494 100.0000 stroke9
movl 0 -9.0649 407.8365 168.9005 173.1605 -19.9837 -133.4959 100.0000 stroke9
movl 0 -10.8334 407.1382 168.7163 174.3162 -20.5125 -134.0571 100.0000 stroke9
movl 0 -12.1925 404.9562 169.0431 174.1780 -20.6897 -132.9810 100.0000 stroke9
movl 0 -8.5680 402.2380 170.5787 172.0508 -19.4928 -132.1662 100.0000 stroke9
movl 0 -8.4035 401.6518 170.6813 172.0970 -19.6957 -131.8499 100.0000 stroke9
movl 0 -6.6331 396.9733 172.5486 169.6197 -18.2517 -130.6956 100.0000 stroke9
movl 0 0.1776 386.2120 176.1807 163.3394 -14.3925 -128.9734 100.0000 stroke9
movl 0 -2.5507 388.2842 174.8324 164.6403 -14.6724 -128.7772 100.0000 stroke9
movl 0 -6.4773 390.3843 173.3268 165.8457 -15.4348 -127.2904 100.0000 stroke9
movl 0 -7.6755 390.7683 172.9314 166.0856 -15.7558 -126.6578 100.0000 stroke9
movl 0 -4.7591 387.4381 174.2113 163.9372 -15.1834 -126.1389 100.0000 stroke9
movl 0 12.4278 366.7214 187.6150 150.2024 -7.7373 -124.2674 100.0000 stroke9
movl 0 17.1883 402.9789 206.0630 152.5992 -22.5470 -139.3856 100.0000 stroke10
movl 0 10.8046 403.1054 176.8158 159.1713 -24.7729 -144.2879 100.0000 stroke10
movl 0 7.3301 405.3702 174.9265 162.9192 -24.2056 -146.1814 100.0000 stroke10
movl 0 2.6758 407.7949 170.8621 165.8262 -23.9981 -147.7110 100.0000 stroke10
movl 0 0.0989 410.2810 169.7884 167.5196 -24.2418 -148.7740 100.0000 stroke10
movl 0 -1.0162 411.3071 168.9835 168.2137 -24.5178 -149.2671 100.0000 stroke10
movl 0 -2.5135 413.6668 168.1512 169.6964 -24.4015 -150.3828 100.0000 stroke10
movl 0 -5.1920 416.5548 167.6395 172.7677 -23.6664 -153.3486 100.0000 stroke10
movl 0 -7.5167 419.1499 167.1484 176.1434 -23.1005 -157.3724 100.0000 stroke10
movl 0 -9.4182 420.9797 166.8070 179.1924 -22.3544 -161.7966 100.0000 stroke10
movl 0 -8.9651 422.7271 166.4392 -178.1323 -21.9470 -166.5314 100.0000 stroke10
movl 0 -7.7338 424.0153 165.9883 -177.0154 -21.8743 -168.9078 100.0000 stroke10
movl 0 -9.3612 425.2819 165.3168 -174.7410 -22.0509 -169.5855 100.0000 stroke10
movl 0 -7.5742 421.9713 166.7689 -177.0578 -22.4615 -167.8349 100.0000 stroke10
movl 0 -6.2572 421.3359 167.0164 -177.5663 -22.4295 -167.8409 100.0000 stroke10
movl 0 -8.4562 422.1465 166.7996 -175.6960 -22.2078 -167.8311 100.0000 stroke10
movl 0 -7.3316 420.3582 167.6129 -176.9676 -22.3136 -167.4081 100.0000 stroke10
movl 0 -6.0099 418.9587 168.1745 -178.1661 -22.6151 -166.7811 100.0000 stroke10
movl 0 2.5687 408.6920 172.1746 173.0952 -23.9594 -161.3074 100.0000 stroke10
movl 0 16.4312 397.9820 189.4558 161.1477 -24.8088 -153.3447 100.0000 stroke10
