movl 0 -18.9693 406.2801 173.3004 -156.6127 16.2608 28.2511 100.0000 stroke1
movl 0 -23.1111 405.6983 172.6981 -155.8970 15.1331 29.2700 100.0000 stroke1
movl 0 -23.2542 405.9383 171.7513 -156.4092 16.2254 27.5283 100.0000 stroke1
movl 0 -25.6649 405.0383 171.4304 -156.6641 16.0447 26.8337 100.0000 stroke1
movl 0 -26.7545 405.0373 171.0111 -157.2005 15.6913 25.1518 100.0000 stroke1
movl 0 -28.6657 404.8851 170.7361 -157.6532 14.6345 24.8209 100.0000 stroke1
movl 0 -31.0280 405.1514 170.6538 -158.3863 13.6210 24.4991 100.0000 stroke1
movl 0 -34.7334 404.0835 171.1682 -159.2007 11.8656 23.2824 100.0000 stroke1
movl 0 -38.7873 403.2774 171.5102 -159.8282 10.5033 23.4546 100.0000 stroke1
movl 0 -43.2757 402.2211 171.9527 -160.5951 8.9033 22.4022 100.0000 stroke1
movl 0 -47.6248 401.6052 172.2135 -161.4469 7.1597 21.1647 100.0000 stroke1
movl 0 -50.2250 402.0345 172.1996 -162.3473 5.9323 19.0540 100.0000 stroke1
movl 0 -51.3596 402.0853 172.2129 -162.7784 5.8219 17.4784 100.0000 stroke1
movl 0 -48.4828 400.0665 172.7485 -161.2257 6.6888 18.2505 100.0000 stroke1
movl 0 -47.8579 399.4935 173.0143 -160.8182 6.6212 18.0538 100.0000 stroke1
movl 0 -47.1238 399.1369 173.2539 -160.5906 6.6560 17.7556 100.0000 stroke1
movl 0 -46.8211 399.3131 173.2676 -160.7302 6.6715 17.6009 100.0000 stroke1
movl 0 -46.9687 400.1709 173.1777 -161.5779 7.2217 17.7794 100.0000 stroke1
movl 0 -46.7681 401.5597 173.2784 -163.1448 7.9193 17.2947 100.0000 stroke1
movl 0 -46.7139 402.0374 173.0617 -163.6610 8.0631 17.3338 100.0000 stroke1
movl 0 -45.3738 401.0841 173.1751 -162.5553 8.7306 18.4685 100.0000 stroke1
movl 0 -52.2834 366.7610 207.2339 -145.7270 -0.7274 39.9305 100.0000 stroke1
movl 0 -7.2866 407.7685 201.4113 -142.6731 10.3374 53.8096 100.0000 stroke2
movl 0 -15.6218 408.3428 180.1429 -149.5920 12.7290 47.4127 100.0000 stroke2
movl 0 -29.3699 407.7851 179.6603 -155.9048 12.1880 41.9119 100.0000 stroke2
movl 0 -35.5353 410.4138 176.1025 -157.3159 12.6417 41.6460 100.0000 stroke2
movl 0 -40.2086 412.1339 173.8896 -157.4218 12.8834 44.5016 100.0000 stroke2
movl 0 -41.2120 413.3758 172.7620 -158.3450 12.9181 43.1634 100.0000 stroke2
movl 0 -45.6612 411.9629 172.6737 -160.1109 11.0166 40.5220 100.0000 stroke2
movl 0 -49.1009 411.8041 172.9583 -161.4392 9.7203 39.6722 100.0000 stroke2
movl 0 -50.7637 412.6030 173.2898 -163.5072 9.4620 38.1076 100.0000 stroke2
movl 0 -51.7729 411.5567 173.7599 -163.6694 8.7322 37.5990 100.0000 stroke2
movl 0 -51.8069 411.5496 173.6973 -163.6791 8.2471 37.7111 100.0000 stroke2
movl 0 -50.0814 411.7212 174.0406 -163.5461 8.0114 37.7087 100.0000 stroke2
movl 0 -47.3207 412.0117 174.2526 -163.4191 7.9708 37.3330 100.0000 stroke2
movl 0 -43.9837 412.7132 174.4175 -163.3906 8.1362 36.7756 100.0000 stroke2
movl 0 -40.8380 413.1029 174.7425 -163.4111 8.1418 36.0331 100.0000 stroke2
movl 0 -36.9929 413.6965 175.0260 -163.4553 8.2089 35.0732 100.0000 stroke2
movl 0 -33.3910 414.2449 175.3503 -163.5596 8.2916 33.9950 100.0000 stroke2
movl 0 -29.6932 415.0620 175.6431 -163.8768 8.1319 32.4066 100.0000 stroke2
movl 0 -25.1709 416.3904 175.8993 -164.4851 7.8381 29.8400 100.0000 stroke2
movl 0 -21.6807 418.2797 175.7530 -165.5024 7.0116 26.7208 100.0000 stroke2
movl 0 -21.2472 417.0019 175.8072 -165.0220 7.1371 26.6929 100.0000 stroke2
movl 0 -17.6141 414.1483 176.8663 -163.0135 7.7617 25.8840 100.0000 stroke2
movl 0 -17.9797 414.4168 176.8053 -163.3798 7.7181 25.6732 100.0000 stroke2
movl 0 -18.1126 415.7933 176.4736 -164.3560 7.8139 26.2618 100.0000 stroke2
movl 0 -17.9289 416.2488 175.8974 -164.8230 8.4190 25.0341 100.0000 stroke2
movl 0 -15.9601 410.8843 177.4784 -158.9004 11.6051 35.2266 100.0000 stroke2
movl 0 -20.2845 386.7151 221.2790 -142.2329 1.7037 51.9268 100.0000 stroke2
movl 0 -27.6856 410.6424 219.4676 -148.4981 21.2818 50.4204 100.0000 stroke3
movl 0 -29.7920 398.9477 185.9014 -152.4959 16.3209 43.6384 100.0000 stroke3
movl 0 -39.8342 394.3662 180.7461 -155.2885 11.0425 43.1543 100.0000 stroke3
movl 0 -39.8919 396.9880 177.4043 -156.7833 10.7264 41.8510 100.0000 stroke3
movl 0 -42.5695 399.2346 176.4553 -158.4983 10.2846 41.1734 100.0000 stroke3
movl 0 -44.3940 401.4415 175.1857 -160.1942 10.8260 39.7954 100.0000 stroke3
movl 0 -45.4865 404.5849 174.6984 -163.0113 12.5411 37.8652 100.0000 stroke3
movl 0 -46.2024 406.1269 174.5988 -164.6477 13.7903 36.9275 100.0000 stroke3
movl 0 -47.6500 406.3733 174.7186 -166.1904 14.7928 35.9555 100.0000 stroke3
movl 0 -49.1068 406.0386 174.9909 -167.6299 15.7900 34.8977 100.0000 stroke3
movl 0 -51.8344 405.6548 175.1090 -168.9464 16.3811 35.5991 100.0000 stroke3
movl 0 -55.8788 404.9861 175.1234 -171.4424 17.3210 33.2794 100.0000 stroke3
movl 0 -59.9310 404.5688 174.8148 -173.2127 17.4559 32.4434 100.0000 stroke3
movl 0 -62.4825 404.3895 174.5575 -174.4160 17.7332 32.0865 100.0000 stroke3
movl 0 -63.7007 404.1640 174.4031 -174.7023 17.8965 32.6254 100.0000 stroke3
movl 0 -65.0014 403.8546 174.3096 -175.0141 18.0470 33.1144 100.0000 stroke3
movl 0 -68.6848 402.1566 174.1869 -175.3611 18.0806 34.5241 100.0000 stroke3
movl 0 -72.3018 400.6723 173.9508 -175.7039 17.9282 35.7270 100.0000 stroke3
movl 0 -74.7413 399.8559 173.7117 -175.8941 17.9807 36.6508 100.0000 stroke3
movl 0 -77.3264 398.4767 173.6456 -175.8574 18.1906 37.9023 100.0000 stroke3
movl 0 -80.0990 397.0254 173.5528 -175.3986 18.5411 39.8505 100.0000 stroke3
movl 0 -80.8935 396.3450 173.7296 -174.6389 18.6470 41.3737 100.0000 stroke3
movl 0 -78.7362 396.3543 174.1020 -174.1000 18.6764 41.9147 100.0000 stroke3
movl 0 -80.0566 395.2304 174.2725 -174.1792 18.5960 42.3771 100.0000 stroke3
movl 0 -80.3456 394.7462 174.3296 -174.0697 18.5719 42.7125 100.0000 stroke3
movl 0 -81.2285 393.8695 174.4257 -173.9123 18.5011 43.3690 100.0000 stroke3
movl 0 -75.4533 391.9053 177.2440 -171.3574 16.9829 43.1147 100.0000 stroke3
movl 0 -40.8736 366.7588 215.2455 -147.7947 7.1153 46.4527 100.0000 stroke3
movl 0 4.1708 406.2993 203.2344 -139.1455 -23.7671 87.3827 100.0000 stroke4
movl 0 -1.2072 398.4784 165.6193 -141.1306 -22.3371 83.6298 100.0000 stroke4
movl 0 -14.3915 397.3618 173.9678 -148.2033 -19.4874 85.1083 100.0000 stroke4
movl 0 -16.1033 406.6019 178.3616 -149.7097 -7.6097 77.1853 100.0000 stroke4
movl 0 -19.4163 418.0455 179.5303 -152.6144 3.2744 70.3514 100.0000 stroke4
movl 0 -23.2748 415.5149 180.0067 -153.4725 2.6608 69.1589 100.0000 stroke4
movl 0 -22.6706 413.6409 181.9812 -154.4113 3.4051 67.4006 100.0000 stroke4
movl 0 -25.6962 412.8241 182.4866 -156.1820 4.1558 65.2773 100.0000 stroke4
movl 0 -24.6712 414.5646 180.6607 -155.6292 4.8807 65.8399 100.0000 stroke4
movl 0 -26.2300 418.3673 176.7461 -156.0747 6.8423 65.4566 100.0000 stroke4
movl 0 -33.7460 417.7320 176.3377 -158.8652 6.7202 62.4522 100.0000 stroke4
movl 0 -43.6849 415.9656 177.3331 -163.0776 5.1073 59.3659 100.0000 stroke4
movl 0 -48.6287 416.4955 177.2197 -165.7998 4.1537 56.5444 100.0000 stroke4
movl 0 -49.2500 418.3065 176.7557 -167.4273 4.5034 53.0658 100.0000 stroke4
movl 0 -43.8526 417.8702 177.5287 -165.6200 4.7377 54.2549 100.0000 stroke4
movl 0 -44.7047 418.9595 177.4888 -166.7961 5.9987 54.9267 100.0000 stroke4
movl 0 -44.3169 418.4046 177.9107 -167.0277 6.1749 53.8910 100.0000 stroke4
movl 0 -43.9047 416.8439 177.8867 -165.6564 5.6534 56.9002 100.0000 stroke4
movl 0 -34.9155 386.8592 200.6431 -149.8736 -11.6019 77.8558 100.0000 stroke4
movl 0 -13.9857 391.5509 219.6680 -147.4308 -17.1759 88.6413 100.0000 stroke5
movl 0 -9.5555 403.7113 177.7307 -149.3230 -6.9247 84.5056 100.0000 stroke5
movl 0 -19.3898 399.4434 183.9997 -154.5533 -7.5292 80.6727 100.0000 stroke5
movl 0 -31.3941 395.4232 183.0036 -157.6866 -6.2102 81.3634 100.0000 stroke5
movl 0 -37.9322 396.4159 180.7681 -157.9369 -5.0646 81.2721 100.0000 stroke5
movl 0 -41.9258 399.5890 178.4921 -158.1515 -3.5139 81.7173 100.0000 stroke5
movl 0 -45.0892 401.4427 177.2056 -159.7448 -2.6569 80.8398 100.0000 stroke5
movl 0 -48.7129 402.2895 177.0552 -161.6338 -2.3750 79.8195 100.0000 stroke5
movl 0 -50.5289 403.7290 177.0009 -163.3907 -1.5102 78.3912 100.0000 stroke5
movl 0 -52.1393 403.5990 177.2296 -164.3310 -1.4129 77.8775 100.0000 stroke5
movl 0 -52.3497 402.8261 177.5540 -164.4993 -1.7924 77.6745 100.0000 stroke5
movl 0 -54.0615 402.2789 177.7615 -165.0071 -2.2265 76.9776 100.0000 stroke5
movl 0 -54.1089 402.3416 177.8669 -165.1938 -2.3510 76.3686 100.0000 stroke5
movl 0 -53.6160 402.3495 178.0183 -165.2896 -2.4409 75.6786 100.0000 stroke5
movl 0 -52.4367 402.3560 178.2949 -165.2487 -2.5520 75.0151 100.0000 stroke5
movl 0 -50.3576 402.6837 178.5984 -165.0983 -2.5284 74.2427 100.0000 stroke5
movl 0 -47.6706 403.7528 178.8036 -165.1005 -2.3997 72.9244 100.0000 stroke5
movl 0 -43.3344 405.8960 178.9595 -165.2733 -2.2151 70.6294 100.0000 stroke5
movl 0 -40.1895 408.9055 178.4806 -166.1911 -1.9473 69.2027 100.0000 stroke5
movl 0 -39.1582 408.7940 178.5479 -165.7147 -1.7646 68.9878 100.0000 stroke5
movl 0 -35.3827 406.1767 179.6983 -163.6779 -2.2699 69.3812 100.0000 stroke5
movl 0 -34.5471 405.3738 180.1834 -163.2693 -2.4685 69.4537 100.0000 stroke5
movl 0 -34.6913 405.7745 180.0203 -163.5196 -2.3321 69.3860 100.0000 stroke5
movl 0 -35.2607 407.0045 179.4745 -164.4728 -1.5086 68.6325 100.0000 stroke5
movl 0 -35.7842 408.4349 178.7722 -164.4664 -0.4556 68.3468 100.0000 stroke5
movl 0 -29.5899 396.4184 187.6808 -156.0110 -2.0043 71.2570 100.0000 stroke5
movl 0 -12.3443 390.2158 193.3235 -146.1670 8.5298 61.4675 100.0000 stroke6
movl 0 -19.4707 382.3438 173.5323 -148.4212 3.1588 59.1671 100.0000 stroke6
movl 0 -27.3290 382.8454 175.8558 -153.0061 4.0462 56.9461 100.0000 stroke6
movl 0 -28.3232 385.2975 176.6433 -155.8793 6.1123 54.2462 100.0000 stroke6
movl 0 -28.2563 385.5190 175.3104 -155.2833 4.9741 54.7368 100.0000 stroke6
movl 0 -30.8557 388.7290 173.3517 -156.5388 5.2047 55.0020 100.0000 stroke6
movl 0 -31.2286 392.7314 172.3917 -158.9854 7.7650 51.7660 100.0000 stroke6
movl 0 -29.9211 395.4419 172.0669 -160.3845 9.4633 49.0158 100.0000 stroke6
movl 0 -30.3908 396.4346 172.0830 -160.9757 10.2344 48.1146 100.0000 stroke6
movl 0 -30.5710 398.0233 172.7419 -162.7573 12.1166 45.6333 100.0000 stroke6
movl 0 -31.5705 399.7599 173.3478 -164.9976 13.8367 42.9457 100.0000 stroke6
movl 0 -32.4627 401.0420 173.8729 -167.0901 15.3698 40.3072 100.0000 stroke6
movl 0 -33.5668 402.1562 174.0808 -169.0650 16.6930 38.3405 100.0000 stroke6
movl 0 -32.8989 400.4058 174.8896 -167.9236 15.9850 38.7522 100.0000 stroke6
movl 0 -35.0387 400.1940 174.7168 -168.4659 15.5511 39.1334 100.0000 stroke6
movl 0 -35.4327 396.7104 175.6426 -166.6117 13.7661 40.0194 100.0000 stroke6
movl 0 -36.2253 394.6519 176.1171 -165.6559 12.6083 40.8138 100.0000 stroke6
movl 0 -36.7682 392.7035 176.4509 -164.5379 11.3821 41.6476 100.0000 stroke6
movl 0 -37.8849 375.9677 182.7046 -157.5180 4.5806 47.1909 100.0000 stroke6
movl 0 -49.1115 338.4708 224.5263 -147.8310 -16.4040 61.5654 100.0000 stroke6
movl 0 -27.7004 376.1578 217.8069 -149.5502 -11.8115 75.5846 100.0000 stroke7
movl 0 -27.3275 376.2290 184.1482 -153.1002 -5.8238 70.1174 100.0000 stroke7
movl 0 -33.9903 371.1921 180.2068 -155.6110 -5.6049 67.2459 100.0000 stroke7
movl 0 -36.1459 372.9937 178.5150 -156.5721 -5.1622 66.5651 100.0000 stroke7
movl 0 -37.8842 376.8013 176.9936 -157.4267 -3.7484 66.3590 100.0000 stroke7
movl 0 -41.3128 378.7470 176.7593 -159.3012 -3.7856 65.6617 100.0000 stroke7
movl 0 -43.1971 379.7122 176.5891 -160.6105 -3.8336 65.0408 100.0000 stroke7
movl 0 -44.9477 379.1501 176.6289 -161.3904 -4.4664 64.4415 100.0000 stroke7
movl 0 -45.2627 379.5799 176.5130 -161.9750 -4.6047 63.6594 100.0000 stroke7
movl 0 -44.2843 381.1974 176.2650 -162.6001 -4.5392 61.8048 100.0000 stroke7
movl 0 -43.7364 380.5997 176.4530 -162.2933 -4.6184 61.8009 100.0000 stroke7
movl 0 -41.9601 378.5906 177.3692 -161.1220 -5.1011 62.2447 100.0000 stroke7
movl 0 -42.1563 378.5665 177.4486 -161.1059 -5.1052 62.3480 100.0000 stroke7
movl 0 -42.1840 379.4378 177.2058 -161.5934 -4.4699 62.1873 100.0000 stroke7
movl 0 -42.6929 380.3911 177.0359 -162.1703 -4.1280 61.8928 100.0000 stroke7
movl 0 -42.5583 381.6418 176.6325 -162.2232 -3.5290 62.1709 100.0000 stroke7
movl 0 -40.1035 378.5276 177.6608 -159.9582 -3.6848 64.3797 100.0000 stroke7
movl 0 -31.0660 368.5770 199.4318 -152.7523 -5.8984 67.4664 100.0000 stroke7
movl 0 -13.1780 396.5423 202.4313 -148.9059 1.7508 78.7882 100.0000 stroke8
movl 0 -20.4820 389.2426 184.7424 -154.2099 0.1590 72.7432 100.0000 stroke8
movl 0 -27.8502 385.5670 182.7812 -157.6792 0.8462 70.0389 100.0000 stroke8
movl 0 -32.0349 385.1659 180.6610 -158.0186 1.0494 69.9212 100.0000 stroke8
movl 0 -35.4162 386.3987 178.9893 -158.8545 1.0725 70.0338 100.0000 stroke8
movl 0 -36.1944 387.7392 178.1981 -159.3761 1.3207 69.7327 100.0000 stroke8
movl 0 -37.6225 388.6806 177.8722 -160.3234 1.5068 68.7255 100.0000 stroke8
movl 0 -41.3986 388.8271 178.1260 -162.1586 1.1042 68.2725 100.0000 stroke8
movl 0 -43.4410 389.6248 178.3434 -163.6521 1.3161 67.3473 100.0000 stroke8
movl 0 -44.3311 389.0216 178.4896 -163.9724 0.9352 66.8769 100.0000 stroke8
movl 0 -45.9875 388.4391 178.1642 -164.6928 0.4434 66.2318 100.0000 stroke8
movl 0 -46.6501 388.0507 178.3356 -165.0450 0.0095 67.8133 100.0000 stroke8
movl 0 -45.5147 388.5622 178.5119 -165.1541 0.0772 66.7795 100.0000 stroke8
movl 0 -43.8737 389.1731 178.6033 -165.2945 0.0460 65.5372 100.0000 stroke8
movl 0 -42.8602 389.2677 178.6893 -165.1395 0.0260 65.1065 100.0000 stroke8
movl 0 -40.7535 386.2914 179.7702 -163.5952 -0.4096 62.0804 100.0000 stroke8
movl 0 -39.4856 386.7079 179.6671 -163.2026 -0.1368 62.2807 100.0000 stroke8
movl 0 -40.3327 387.5940 179.4695 -164.1333 0.4453 61.9437 100.0000 stroke8
movl 0 -40.1155 388.2961 179.2075 -164.2177 0.7965 61.9046 100.0000 stroke8
movl 0 -34.2831 385.6141 180.5197 -159.5170 0.8070 66.8217 100.0000 stroke8
movl 0 -15.2156 368.8291 237.5015 -145.6535 -13.0907 74.9573 100.0000 stroke8
movl 0 1.8019 398.3555 223.0824 -144.5636 -5.1572 78.3333 100.0000 stroke9
movl 0 -1.9807 393.3986 180.8694 -148.2291 -3.2666 76.4653 100.0000 stroke9
movl 0 -3.1597 392.2329 179.7514 -150.6917 -4.4013 74.9519 100.0000 stroke9
movl 0 -10.1512 392.8719 176.7350 -152.8708 -4.1813 74.8994 100.0000 stroke9
movl 0 -13.8444 395.5453 175.3945 -154.7027 -3.6372 74.4443 100.0000 stroke9
movl 0 -15.2043 395.5886 174.1192 -154.8613 -3.7398 74.2666 100.0000 stroke9
movl 0 -19.7118 400.2878 173.6083 -157.0721 -1.9874 74.5421 100.0000 stroke9
movl 0 -20.2104 403.3203 173.0905 -158.3270 0.8275 72.1641 100.0000 stroke9
movl 0 -21.6148 404.3370 172.8919 -159.4135 1.8736 70.2610 100.0000 stroke9
movl 0 -21.7546 406.6651 172.7060 -160.6463 3.5206 67.7677 100.0000 stroke9
movl 0 -21.3914 408.4260 172.4850 -161.3860 4.7212 66.0431 100.0000 stroke9
movl 0 -22.4137 409.2118 172.5809 -161.7717 5.3061 65.6073 100.0000 stroke9
movl 0 -22.8416 409.5458 172.8894 -162.2188 6.2001 64.6551 100.0000 stroke9
movl 0 -23.5110 411.2224 173.2668 -163.4281 8.2221 63.0244 100.0000 stroke9
movl 0 -24.2696 413.7569 173.3212 -164.9706 10.6759 61.2979 100.0000 stroke9
movl 0 -25.3019 416.1716 173.2115 -166.6009 12.9863 59.5115 100.0000 stroke9
movl 0 -27.3578 418.6247 172.9809 -169.0041 15.3856 56.9836 100.0000 stroke9
movl 0 -26.5335 416.4451 173.9638 -167.9103 14.5464 57.7892 100.0000 stroke9
movl 0 -27.0947 416.8663 173.6940 -168.3748 15.1605 58.6028 100.0000 stroke9
movl 0 -27.0338 416.2861 173.7578 -168.0230 14.7763 58.8466 100.0000 stroke9
movl 0 -23.9201 411.5304 175.5648 -165.0182 12.6992 60.3875 100.0000 stroke9
movl 0 -21.1506 398.4324 188.4395 -158.6657 5.9172 65.3547 100.0000 stroke9
movl 0 -12.2983 368.8336 219.3050 -150.7518 -13.6862 88.4915 100.0000 stroke10
movl 0 -22.9491 364.5234 187.2292 -154.6953 -10.6284 87.1939 100.0000 stroke10
movl 0 -34.4749 364.9873 182.4748 -158.4453 -8.9288 85.6742 100.0000 stroke10
movl 0 -39.4175 365.6398 179.6184 -159.4095 -8.2100 85.9347 100.0000 stroke10
movl 0 -43.1372 368.6333 178.0733 -160.0205 -7.1243 86.2134 100.0000 stroke10
movl 0 -46.1343 370.1215 177.3695 -161.0237 -6.4082 85.9790 100.0000 stroke10
movl 0 -49.9221 371.3465 177.0975 -162.7733 -5.5766 85.4214 100.0000 stroke10
movl 0 -51.3088 373.6118 177.0828 -163.8800 -3.7129 83.7049 100.0000 stroke10
movl 0 -53.5435 374.0728 177.2238 -164.9493 -3.1024 83.4482 100.0000 stroke10
movl 0 -55.3234 373.6641 177.4907 -165.4142 -3.6239 82.0816 100.0000 stroke10
movl 0 -55.0285 374.1383 177.1043 -165.7537 -3.7237 80.4859 100.0000 stroke10
movl 0 -53.3572 375.4127 177.1143 -165.8518 -3.5420 79.1230 100.0000 stroke10
movl 0 -54.1347 373.8242 177.5478 -165.7706 -3.7663 79.3558 100.0000 stroke10
movl 0 -53.8049 373.9953 177.5614 -166.0378 -3.8824 78.5915 100.0000 stroke10
movl 0 -50.8270 374.9055 177.9116 -165.8687 -3.7014 76.9837 100.0000 stroke10
movl 0 -50.7018 374.7873 178.0982 -165.9350 -3.7189 76.2315 100.0000 stroke10
movl 0 -47.3382 375.7380 178.3836 -165.6673 -3.4120 74.8591 100.0000 stroke10
movl 0 -44.3958 376.5367 178.5794 -165.4458 -3.2081 73.9708 100.0000 stroke10
movl 0 -41.9663 377.0067 178.8910 -165.2240 -3.1202 73.0729 100.0000 stroke10
movl 0 -39.9188 377.2300 179.0963 -165.0220 -2.9517 72.5465 100.0000 stroke10
movl 0 -38.4623 376.7726 179.5379 -164.7453 -3.0673 72.1696 100.0000 stroke10
movl 0 -36.3911 376.6528 179.9174 -164.3900 -3.0374 71.7398 100.0000 stroke10
movl 0 -33.3088 373.0448 182.0155 -162.8498 -3.8727 71.9012 100.0000 stroke10
movl 0 -25.5775 366.5520 192.6674 -158.6764 -5.9007 73.6320 100.0000 stroke10
movl 0 -22.4461 357.9342 240.6278 -154.2699 -9.2952 75.5088 100.0000 stroke10
movl 0 -3.5155 369.4926 241.0100 -148.1059 -8.8445 78.0868 100.0000 stroke11
movl 0 -3.0599 372.6282 190.3197 -151.4870 -3.3982 76.3520 100.0000 stroke11
movl 0 -7.6203 372.4433 179.9705 -154.4725 -2.8193 75.3146 100.0000 stroke11
movl 0 -9.8268 375.3200 177.0294 -155.4853 -1.4206 74.2422 100.0000 stroke11
movl 0 -11.7514 376.6889 175.7532 -155.9382 -0.8581 73.4781 100.0000 stroke11
movl 0 -14.3997 380.1962 174.3659 -157.5326 0.5729 72.4108 100.0000 stroke11
movl 0 -15.1151 385.1071 173.4019 -159.2479 3.8172 70.7985 100.0000 stroke11
movl 0 -13.3312 388.8148 172.0408 -159.0654 6.0817 70.0599 100.0000 stroke11
movl 0 -11.6105 389.5958 170.9691 -158.1155 7.1188 70.4504 100.0000 stroke11
movl 0 -12.1759 389.6766 170.7670 -157.8482 7.4486 71.1699 100.0000 stroke11
movl 0 -13.1596 389.4450 170.8143 -157.7716 7.7627 71.8864 100.0000 stroke11
movl 0 -14.8151 388.4376 170.8911 -157.5891 7.9713 72.7661 100.0000 stroke11
movl 0 -14.7813 388.1496 171.0449 -157.3946 8.2308 72.7637 100.0000 stroke11
movl 0 -15.8823 387.5427 171.2278 -157.3591 8.3439 72.9357 100.0000 stroke11
movl 0 -16.3857 386.6704 171.5302 -157.0878 8.3509 73.0068 100.0000 stroke11
movl 0 -16.6326 385.9925 171.8296 -156.8662 8.2372 73.0899 100.0000 stroke11
movl 0 -16.3869 385.7356 171.9725 -156.7117 8.1468 73.0166 100.0000 stroke11
movl 0 -15.8398 378.2702 178.5746 -153.0555 6.2244 73.6072 100.0000 stroke11
movl 0 -26.5611 351.9805 217.6088 -145.1559 -5.4798 73.4941 100.0000 stroke11
movl 0 -11.5877 360.4807 228.6692 -161.1614 -32.8087 121.5040 100.0000 stroke12
movl 0 -10.4111 366.4195 185.8041 -157.6042 -19.5424 109.0868 100.0000 stroke12
movl 0 -17.1330 366.9137 178.7123 -159.8337 -15.3125 105.6304 100.0000 stroke12
movl 0 -20.9813 368.7471 177.6204 -160.2237 -12.9501 104.8260 100.0000 stroke12
movl 0 -22.5476 370.5159 176.7065 -159.9135 -10.9908 104.2108 100.0000 stroke12
movl 0 -24.7567 372.6187 175.6896 -160.3526 -10.0841 104.0566 100.0000 stroke12
movl 0 -28.1339 377.8300 174.8318 -161.1681 -6.2210 102.3120 100.0000 stroke12
movl 0 -28.3846 380.8595 174.4834 -161.2509 -3.3285 99.1625 100.0000 stroke12
movl 0 -28.6742 381.9474 174.4952 -161.0866 -1.6867 97.7443 100.0000 stroke12
movl 0 -29.5124 383.0113 174.6506 -161.2280 0.2528 95.8621 100.0000 stroke12
movl 0 -31.3021 384.7614 174.8232 -161.8129 2.1397 94.2177 100.0000 stroke12
movl 0 -33.2409 386.6767 174.9216 -162.5223 4.0585 92.5650 100.0000 stroke12
movl 0 -34.7446 386.5598 174.6614 -162.7679 5.3885 91.7924 100.0000 stroke12
movl 0 -35.8763 386.9016 174.2408 -163.0046 6.5491 91.2817 100.0000 stroke12
movl 0 -37.6560 386.8187 173.6888 -163.1999 7.2661 91.6575 100.0000 stroke12
movl 0 -40.5880 385.0331 173.6802 -163.4489 7.2365 92.8792 100.0000 stroke12
movl 0 -42.6045 383.8811 173.5881 -163.5439 7.2559 93.8119 100.0000 stroke12
movl 0 -45.7253 381.4035 173.9313 -163.3913 6.6666 95.7562 100.0000 stroke12
movl 0 -43.3595 381.1215 174.2626 -162.7121 5.8769 96.2597 100.0000 stroke12
movl 0 -39.4191 380.5630 174.7933 -162.3404 5.0374 96.0363 100.0000 stroke12
movl 0 -38.8074 380.2858 174.8464 -162.2963 4.9460 96.0569 100.0000 stroke12
movl 0 -37.5234 378.5450 174.6474 -161.9380 4.9908 96.1685 100.0000 stroke12
movl 0 -39.1972 377.3706 174.7405 -162.0987 4.9609 96.9287 100.0000 stroke12
movl 0 -37.9437 372.7225 176.5559 -161.9596 2.7467 96.4334 100.0000 stroke12
movl 0 -35.8390 360.1034 180.8940 -162.5049 -2.9250 94.1124 100.0000 stroke12
movl 0 -38.3762 356.7121 181.1483 -163.4586 -4.4548 94.0734 100.0000 stroke12
movl 0 -40.7148 358.0121 179.6553 -163.6946 -3.6895 95.5506 100.0000 stroke12
movl 0 -45.1543 358.8993 178.0200 -163.9986 -2.6627 98.2202 100.0000 stroke12
movl 0 -46.6850 358.7560 177.0243 -163.6717 -3.0169 100.7590 100.0000 stroke12
movl 0 -46.9612 358.5004 176.3525 -163.3640 -3.9669 102.9401 100.0000 stroke12
movl 0 -45.6276 358.8094 176.0168 -162.6190 -4.7072 103.8518 100.0000 stroke12
movl 0 -45.3125 359.8319 175.8579 -161.9979 -5.1121 104.1539 100.0000 stroke12
movl 0 -44.6738 360.8635 175.8734 -161.5934 -5.2769 104.0890 100.0000 stroke12
movl 0 -44.2536 361.3129 176.1804 -161.3221 -5.4161 103.8704 100.0000 stroke12
movl 0 -44.1423 361.8899 176.4304 -161.0083 -5.4319 103.6580 100.0000 stroke12
movl 0 -44.1332 362.3485 176.4707 -160.8429 -5.3458 103.5118 100.0000 stroke12
movl 0 -44.4947 362.5816 176.6009 -160.7686 -5.3681 103.4269 100.0000 stroke12
movl 0 -43.5811 362.4056 177.0194 -160.3649 -5.6050 103.1635 100.0000 stroke12
movl 0 -43.1351 362.3797 177.1763 -160.2453 -5.7088 103.0295 100.0000 stroke12
movl 0 -43.0669 362.3445 177.2039 -160.2373 -5.7408 102.9976 100.0000 stroke12
movl 0 -41.8986 361.3248 177.8438 -159.9560 -6.3445 102.9010 100.0000 stroke12
movl 0 -28.8759 339.7771 207.7798 -155.5158 -21.0636 103.3876 100.0000 stroke12
movl 0 -2.8900 375.8475 202.2224 -148.3870 -20.7985 105.8118 100.0000 stroke13
movl 0 -3.4928 377.4809 177.0084 -148.0919 -13.8612 101.2599 100.0000 stroke13
movl 0 -9.1625 376.3738 176.5892 -150.9386 -7.9314 97.2025 100.0000 stroke13
movl 0 -23.1460 371.5946 176.9886 -154.6083 -5.6468 97.3353 100.0000 stroke13
movl 0 -29.4482 371.0856 175.5341 -154.9621 -5.0947 98.1968 100.0000 stroke13
movl 0 -36.2284 370.6182 174.3570 -155.5247 -5.1609 99.5388 100.0000 stroke13
movl 0 -41.7090 369.3380 173.7893 -157.2974 -5.0174 98.9856 100.0000 stroke13
movl 0 -47.2266 369.7310 174.7301 -160.1213 -3.0070 96.5312 100.0000 stroke13
movl 0 -49.4959 370.6424 174.9532 -161.0336 -1.4560 94.7480 100.0000 stroke13
movl 0 -52.4014 371.6843 175.7112 -162.4606 -0.1117 93.2838 100.0000 stroke13
movl 0 -54.8219 370.2278 176.3658 -163.1425 -1.1170 92.8983 100.0000 stroke13
movl 0 -54.0956 369.8092 176.4696 -163.6725 -1.6567 91.1346 100.0000 stroke13
movl 0 -53.3762 370.0702 176.5844 -163.9628 -1.7164 90.0036 100.0000 stroke13
movl 0 -51.7815 370.6724 176.7789 -164.0328 -1.5630 89.2483 100.0000 stroke13
movl 0 -49.5689 371.3590 177.0886 -164.0885 -1.4247 88.3246 100.0000 stroke13
movl 0 -45.1818 372.0048 177.0586 -163.5845 -1.1355 87.1400 100.0000 stroke13
movl 0 -42.5730 373.3755 177.2642 -163.5699 -0.9114 86.1090 100.0000 stroke13
movl 0 -39.2988 374.7865 177.5376 -163.4931 -0.6758 85.0606 100.0000 stroke13
movl 0 -35.8273 375.9751 177.7671 -163.2961 -0.5511 84.3206 100.0000 stroke13
movl 0 -34.0208 377.0365 177.8634 -163.1773 -0.3573 83.8514 100.0000 stroke13
movl 0 -32.5437 377.3965 178.0264 -163.0826 -0.3664 83.4173 100.0000 stroke13
movl 0 -31.2781 377.8700 178.1143 -162.9435 -0.2825 83.0609 100.0000 stroke13
movl 0 -29.9486 378.2979 178.2852 -162.9438 -0.3103 82.5962 100.0000 stroke13
movl 0 -26.4082 378.5973 179.0897 -162.6476 -0.5793 81.6373 100.0000 stroke13
movl 0 1.9069 375.4205 194.0541 -156.5349 -3.9096 78.4000 100.0000 stroke13
movl 0 24.1858 386.8098 243.0871 -152.4198 -23.0278 96.6505 100.0000 stroke14
movl 0 -1.1915 380.9550 188.1172 -155.1468 -15.7501 98.5441 100.0000 stroke14
movl 0 -10.7392 377.7959 177.0170 -157.6294 -13.5806 96.2889 100.0000 stroke14
movl 0 -5.8272 377.3472 177.1464 -158.0497 -13.9477 93.8455 100.0000 stroke14
movl 0 -1.5498 381.4644 175.3257 -157.2083 -13.0919 92.1392 100.0000 stroke14
movl 0 -4.1894 383.0064 174.0275 -157.7673 -12.7788 92.6690 100.0000 stroke14
movl 0 -9.3972 386.3343 173.8109 -160.3087 -10.0475 91.3975 100.0000 stroke14
movl 0 -10.6286 386.9786 174.0528 -161.4812 -9.5124 88.8598 100.0000 stroke14
movl 0 -6.3210 389.5655 173.9938 -161.5639 -8.6188 85.4830 100.0000 stroke14
movl 0 -0.7895 391.9975 173.7605 -160.7893 -7.5947 82.6271 100.0000 stroke14
movl 0 4.9047 392.9538 173.4648 -158.5047 -6.7518 81.5382 100.0000 stroke14
movl 0 8.8107 399.9980 171.5888 -157.9192 -2.0860 78.9837 100.0000 stroke14
movl 0 19.1800 408.7672 167.4589 -155.9887 3.5731 76.2779 100.0000 stroke14
movl 0 24.2559 414.8439 164.1505 -154.0827 7.0470 76.4863 100.0000 stroke14
movl 0 24.8515 416.2301 163.2001 -153.2322 8.2805 77.1382 100.0000 stroke14
movl 0 24.3715 416.6643 163.1456 -152.6768 9.1338 78.8510 100.0000 stroke14
movl 0 23.3855 416.8264 163.3613 -152.4236 10.1369 79.4012 100.0000 stroke14
movl 0 22.8614 416.4640 163.6565 -152.1316 10.3950 80.0625 100.0000 stroke14
movl 0 19.9876 418.0676 165.2134 -153.2607 10.1615 80.3380 100.0000 stroke14
movl 0 20.3392 417.6661 165.4167 -152.9184 10.0911 80.6372 100.0000 stroke14
movl 0 22.0129 414.7294 166.4795 -152.0756 9.4295 80.6107 100.0000 stroke14
movl 0 28.6751 396.8407 181.4109 -148.3408 2.6397 80.7777 100.0000 stroke14
movl 0 25.8020 368.6325 227.1355 -145.0874 -15.6797 88.8321 100.0000 stroke14
movl 0 19.1970 358.0141 226.9205 -157.0380 -30.3632 107.3216 100.0000 stroke15
movl 0 16.3712 363.5592 176.5477 -155.9428 -20.2304 99.0145 100.0000 stroke15
movl 0 6.6803 360.5520 177.2117 -159.0686 -18.8195 95.7977 100.0000 stroke15
movl 0 3.2673 364.2463 174.0776 -159.5560 -16.5542 94.7967 100.0000 stroke15
movl 0 0.9680 366.1321 173.3550 -159.8405 -15.5145 94.6306 100.0000 stroke15
movl 0 -1.0824 368.0912 172.7694 -159.9801 -14.0909 94.3316 100.0000 stroke15
movl 0 -2.2848 372.8227 172.7377 -160.1375 -9.7522 91.7328 100.0000 stroke15
movl 0 -1.2839 376.5131 173.0749 -160.0918 -6.0911 88.9188 100.0000 stroke15
movl 0 0.6444 380.6202 173.0124 -160.2249 -2.6320 87.1285 100.0000 stroke15
movl 0 1.7875 386.8209 172.0450 -160.8456 1.4834 85.1656 100.0000 stroke15
movl 0 3.4837 391.7030 170.8487 -160.9241 4.3741 85.0899 100.0000 stroke15
movl 0 6.2659 395.9235 169.2674 -159.9001 6.8567 86.0340 100.0000 stroke15
movl 0 7.5088 397.4129 168.3473 -158.7654 7.4117 87.2595 100.0000 stroke15
movl 0 9.7550 398.4948 167.2914 -157.0904 7.1451 88.8536 100.0000 stroke15
movl 0 9.2899 398.4072 166.7551 -155.8592 6.2838 90.5595 100.0000 stroke15
movl 0 9.1590 397.4474 166.5358 -154.8312 5.4698 90.9186 100.0000 stroke15
movl 0 8.6368 396.3307 166.8976 -154.1658 4.3682 91.6165 100.0000 stroke15
movl 0 9.5128 395.3947 166.7731 -153.3341 3.4258 92.1601 100.0000 stroke15
movl 0 9.9495 394.8976 166.8270 -152.8914 2.7298 92.5314 100.0000 stroke15
movl 0 10.3566 394.5451 166.7309 -152.5475 2.0857 92.9063 100.0000 stroke15
movl 0 10.7618 393.9653 166.7281 -152.2185 1.3625 93.2922 100.0000 stroke15
movl 0 10.8445 393.1035 166.6991 -151.8613 0.3629 93.9079 100.0000 stroke15
movl 0 11.5428 391.8173 166.8531 -151.5350 -0.6679 94.0456 100.0000 stroke15
movl 0 12.2713 390.9974 167.0499 -151.3621 -1.3750 94.0047 100.0000 stroke15
movl 0 16.8472 382.3089 171.2310 -149.4335 -5.6705 92.4044 100.0000 stroke15
movl 0 10.8696 341.6266 229.8242 -148.7327 -32.2491 91.6577 100.0000 stroke15
movl 0 20.4870 388.5844 195.6857 -146.6258 -14.7084 93.4038 100.0000 stroke16
movl 0 13.8166 386.7918 168.6406 -150.4358 -13.4394 92.4423 100.0000 stroke16
movl 0 6.0029 386.9957 169.2301 -153.4160 -14.2222 95.2900 100.0000 stroke16
movl 0 8.5155 386.8167 166.5680 -152.2719 -13.9122 95.3048 100.0000 stroke16
movl 0 7.5689 388.0305 165.9086 -152.5644 -13.6577 95.3828 100.0000 stroke16
movl 0 4.6460 392.6503 165.7120 -153.7909 -9.3651 93.1641 100.0000 stroke16
movl 0 3.1645 395.5496 165.9427 -154.8215 -6.0278 89.4442 100.0000 stroke16
movl 0 4.2620 397.1960 165.8759 -154.8764 -3.5258 86.3386 100.0000 stroke16
movl 0 1.5695 396.4970 166.0817 -154.9219 -2.0516 85.2617 100.0000 stroke16
movl 0 1.4088 397.2904 166.1503 -155.1106 -0.1516 83.2841 100.0000 stroke16
movl 0 0.4879 397.3121 166.4245 -155.4124 0.9757 82.1000 100.0000 stroke16
movl 0 -0.2051 397.3323 166.7186 -155.7021 2.1994 80.9417 100.0000 stroke16
movl 0 -0.4694 398.0378 167.0236 -156.0941 3.8578 79.5360 100.0000 stroke16
movl 0 -0.6895 399.1754 167.2785 -156.6003 5.7496 78.0163 100.0000 stroke16
movl 0 -2.6270 400.0812 168.0267 -157.6192 7.2305 76.9676 100.0000 stroke16
movl 0 -3.7411 400.2149 168.2852 -158.1593 8.4264 76.1730 100.0000 stroke16
movl 0 -3.8421 400.8372 168.2971 -158.5560 9.3694 75.1526 100.0000 stroke16
movl 0 -5.1083 402.8545 168.8251 -159.5458 10.1369 74.3219 100.0000 stroke16
movl 0 -5.4139 402.8555 168.7786 -159.8774 10.7807 73.7122 100.0000 stroke16
movl 0 -5.9041 402.8632 168.8594 -160.3418 11.5562 72.9589 100.0000 stroke16
movl 0 -6.5184 403.1269 168.8669 -160.6083 12.0241 73.3660 100.0000 stroke16
movl 0 -5.2893 401.8028 168.4677 -160.3158 12.7648 72.4159 100.0000 stroke16
movl 0 -5.6071 402.1938 168.4585 -160.8301 13.5874 71.3673 100.0000 stroke16
movl 0 -6.2030 401.9550 168.4167 -161.7617 14.7092 68.9526 100.0000 stroke16
movl 0 -6.7524 401.4128 168.3586 -162.2796 15.3600 67.9396 100.0000 stroke16
movl 0 -7.6471 401.3384 168.3327 -163.1907 16.2261 66.7724 100.0000 stroke16
movl 0 -8.6553 401.7245 168.3909 -164.2057 16.9841 65.8285 100.0000 stroke16
movl 0 -9.6159 401.2395 168.3843 -165.1362 17.6500 64.4661 100.0000 stroke16
movl 0 -10.5511 400.6143 168.2349 -165.7492 18.1072 64.0395 100.0000 stroke16
movl 0 -11.9094 400.8422 168.2049 -166.7894 18.7224 63.1510 100.0000 stroke16
movl 0 -13.8154 401.3833 168.1896 -167.5950 18.9796 63.7880 100.0000 stroke16
movl 0 -15.2823 401.4956 168.0813 -168.4388 19.3990 63.3395 100.0000 stroke16
movl 0 -16.8272 402.1966 167.8800 -169.5340 20.0570 62.9280 100.0000 stroke16
movl 0 -18.8678 401.9348 167.8152 -170.3841 20.2610 62.5220 100.0000 stroke16
movl 0 -19.8546 400.9396 168.3106 -170.4549 19.9790 62.9636 100.0000 stroke16
movl 0 -16.2491 399.5209 169.2795 -169.2378 19.3454 62.7169 100.0000 stroke16
movl 0 -17.2772 399.8718 169.2029 -169.6938 19.4221 62.7834 100.0000 stroke16
movl 0 -19.4226 399.8682 169.2062 -170.5127 19.7901 63.3669 100.0000 stroke16
movl 0 -15.7479 397.6862 170.3897 -168.8768 18.9323 63.1412 100.0000 stroke16
movl 0 -15.2936 397.4390 170.4963 -168.7718 18.8965 63.2002 100.0000 stroke16
movl 0 -17.3942 396.4892 170.7153 -169.2953 19.0306 63.9737 100.0000 stroke16
movl 0 -12.6648 395.5286 171.8783 -168.5638 18.6436 61.2528 100.0000 stroke16
movl 0 -14.9265 396.0161 171.4860 -169.4592 19.3864 61.9703 100.0000 stroke16
movl 0 -14.4201 394.6584 172.2131 -169.0322 18.8688 61.9114 100.0000 stroke16
movl 0 -12.1092 394.7151 172.4710 -168.6091 18.9274 61.4482 100.0000 stroke16
movl 0 -14.0655 394.2496 172.4339 -169.0220 19.0388 62.0201 100.0000 stroke16
movl 0 -11.5515 394.3005 172.6595 -168.2566 19.2746 62.0818 100.0000 stroke16
movl 0 -12.9176 394.5528 172.3503 -168.5213 19.1915 62.2086 100.0000 stroke16
movl 0 -12.1249 394.3043 172.5098 -168.1836 18.8632 61.9947 100.0000 stroke16
movl 0 -9.9046 393.4582 173.3303 -167.0032 18.3269 61.9160 100.0000 stroke16
movl 0 1.4206 373.4374 190.3416 -155.8393 6.0642 65.4987 100.0000 stroke16
