movl 0 -22.5442 399.4688 178.3122 138.1813 -12.8011 -127.9826 100.0000 stroke1
movl 0 -29.8671 386.8895 178.0224 144.4103 -7.9092 -130.4933 100.0000 stroke1
movl 0 -30.1093 378.9564 171.8097 145.5888 -4.1845 -133.2647 100.0000 stroke1
movl 0 -30.9486 382.7588 172.4024 147.7051 -6.1549 -134.7829 100.0000 stroke1
movl 0 -34.3573 378.7414 173.1059 147.4763 -3.7995 -134.5014 100.0000 stroke1
movl 0 -27.3898 384.4580 172.8792 146.7245 -4.5226 -132.1153 100.0000 stroke1
movl 0 -17.3080 396.9850 168.9498 145.4328 -3.3595 -120.9971 100.0000 stroke1
movl 0 -22.5028 391.9720 170.4550 146.9755 -3.4490 -128.0334 100.0000 stroke1
movl 0 -30.4011 388.8231 173.5720 149.7890 -4.1679 -132.3733 100.0000 stroke1
movl 0 -38.8575 386.2108 174.7305 151.2615 -2.6964 -132.7460 100.0000 stroke1
movl 0 -42.8198 385.6212 174.8491 152.3817 -2.2567 -132.6696 100.0000 stroke1
movl 0 -48.8439 383.1318 175.0154 153.2340 -0.7114 -131.6677 100.0000 stroke1
movl 0 -54.7742 382.4371 174.8816 154.4927 -0.1937 -131.0356 100.0000 stroke1
movl 0 -55.8766 383.1534 174.3671 154.9957 -0.7236 -130.9792 100.0000 stroke1
movl 0 -57.2741 383.8244 173.9450 155.7246 -1.2365 -131.3514 100.0000 stroke1
movl 0 -59.8016 384.4254 173.5093 156.8390 -1.0924 -132.2613 100.0000 stroke1
movl 0 -62.4247 384.8895 173.3702 158.0123 -0.8520 -133.5730 100.0000 stroke1
movl 0 -64.5834 385.4426 173.3533 159.1483 -0.7696 -134.8134 100.0000 stroke1
movl 0 -66.0046 385.9669 173.6663 160.1842 -1.0722 -136.5261 100.0000 stroke1
movl 0 -67.3490 385.5980 173.6667 160.4720 -0.5308 -137.4335 100.0000 stroke1
movl 0 -68.0525 386.1963 173.7625 161.1644 -0.2282 -139.2988 100.0000 stroke1
movl 0 -68.7515 386.8159 173.9810 161.9734 0.2194 -141.7633 100.0000 stroke1
movl 0 -68.5174 388.2225 174.1941 162.8760 0.4583 -144.4797 100.0000 stroke1
movl 0 -67.6836 390.1659 174.2762 163.8069 0.7792 -147.2350 100.0000 stroke1
movl 0 -66.6518 391.7603 174.2889 164.5029 1.0542 -149.5760 100.0000 stroke1
movl 0 -65.9379 393.4600 174.0302 165.1251 1.2934 -151.6061 100.0000 stroke1
movl 0 -64.8557 390.6854 174.8468 163.7135 0.9630 -151.3793 100.0000 stroke1
movl 0 -63.7217 388.7946 175.3130 162.5978 1.0364 -151.1522 100.0000 stroke1
movl 0 -63.1859 387.8254 175.5761 162.0256 1.1319 -151.1503 100.0000 stroke1
movl 0 -63.1899 387.4390 175.6606 161.8794 1.3865 -151.3705 100.0000 stroke1
movl 0 -63.6518 388.0506 175.5545 162.4186 1.2741 -151.7046 100.0000 stroke1
movl 0 -63.7672 389.0380 175.7447 163.2946 0.7285 -152.4094 100.0000 stroke1
movl 0 -63.8263 390.0690 175.9224 164.1157 0.1459 -153.3308 100.0000 stroke1
movl 0 -63.8180 390.8922 176.2378 164.8957 -0.3809 -154.4784 100.0000 stroke1
movl 0 -63.6356 391.6083 176.5408 165.6209 -0.9721 -155.4875 100.0000 stroke1
movl 0 -63.4218 391.7463 176.6117 165.8612 -1.3619 -155.7274 100.0000 stroke1
movl 0 -61.7918 390.4383 176.5256 164.5027 -2.7100 -153.2319 100.0000 stroke1
movl 0 -46.3621 375.2379 184.9092 152.8774 -5.3733 -143.1195 100.0000 stroke1
movl 0 -39.4716 353.0894 236.5188 141.5789 0.8799 -132.5537 100.0000 stroke1
movl 0 -32.8743 376.5082 207.6224 144.6276 -7.7475 -130.8698 100.0000 stroke2
movl 0 -32.7894 380.4723 176.1141 148.6234 -7.3516 -133.0292 100.0000 stroke2
movl 0 -41.4854 381.4117 175.3888 153.9443 -9.6396 -137.0676 100.0000 stroke2
movl 0 -49.3865 379.5980 176.3398 156.9417 -9.7995 -139.8139 100.0000 stroke2
movl 0 -53.3477 378.6282 175.7866 157.1952 -9.4633 -139.3230 100.0000 stroke2
movl 0 -55.7166 380.1641 174.8381 158.0045 -10.0309 -139.1130 100.0000 stroke2
movl 0 -58.3429 380.9343 174.1453 159.1979 -9.8836 -139.6645 100.0000 stroke2
movl 0 -64.3804 380.7616 174.0608 161.3460 -8.1393 -141.8526 100.0000 stroke2
movl 0 -67.1523 381.4982 174.2817 162.9696 -7.7453 -143.8840 100.0000 stroke2
movl 0 -68.6926 381.1901 174.7022 163.6952 -7.5249 -145.3844 100.0000 stroke2
movl 0 -69.7593 381.0983 174.8031 164.0191 -6.9516 -147.0599 100.0000 stroke2
movl 0 -69.0179 381.9339 175.0753 164.6073 -6.5636 -149.0974 100.0000 stroke2
movl 0 -67.7287 382.4780 175.5379 165.1220 -6.1209 -151.1164 100.0000 stroke2
movl 0 -66.5183 383.7420 175.8903 165.8981 -5.4873 -153.7604 100.0000 stroke2
movl 0 -65.5077 384.9070 176.1212 166.4972 -4.8127 -156.0987 100.0000 stroke2
movl 0 -64.6825 386.6696 176.0703 167.4164 -4.2036 -158.3463 100.0000 stroke2
movl 0 -64.3636 387.4756 176.0059 167.7990 -3.6120 -159.8495 100.0000 stroke2
movl 0 -62.8781 388.3936 176.0039 168.1406 -3.1989 -161.4115 100.0000 stroke2
movl 0 -61.2761 389.6787 175.8393 168.5771 -2.8227 -162.9730 100.0000 stroke2
movl 0 -60.8843 390.4713 175.5973 168.9484 -2.3125 -164.3955 100.0000 stroke2
movl 0 -60.8117 390.3899 175.5534 169.0263 -2.2798 -164.7100 100.0000 stroke2
movl 0 -60.0992 389.0833 176.1899 168.5332 -2.6901 -164.1716 100.0000 stroke2
movl 0 -56.3344 386.5225 177.4393 166.9695 -3.9311 -163.2398 100.0000 stroke2
movl 0 -54.4569 385.1507 178.1367 166.0734 -4.3808 -162.9294 100.0000 stroke2
movl 0 -53.3039 383.9337 178.6369 165.3709 -4.5894 -162.7490 100.0000 stroke2
movl 0 -52.8704 383.6015 178.7937 165.1420 -4.5765 -162.6361 100.0000 stroke2
movl 0 -53.3482 384.9873 178.8420 166.3897 -4.7862 -163.1722 100.0000 stroke2
movl 0 -53.7443 387.2952 179.1930 168.4221 -5.3433 -164.4395 100.0000 stroke2
movl 0 -53.8168 388.5809 179.2252 169.5459 -5.7229 -165.0846 100.0000 stroke2
movl 0 -46.4198 383.4285 180.1038 164.7555 -10.3351 -156.6945 100.0000 stroke2
movl 0 -18.1946 363.3170 211.3398 140.3977 -5.5972 -133.1896 100.0000 stroke2
movl 0 -26.5681 380.5539 198.4627 150.7516 -9.9881 -125.2586 100.0000 stroke3
movl 0 -29.8039 377.2229 178.6991 153.6372 -7.8591 -128.3832 100.0000 stroke3
movl 0 -36.8209 375.6740 176.5372 156.5838 -5.8422 -130.8280 100.0000 stroke3
movl 0 -37.0124 377.0922 176.1844 156.9657 -6.3568 -131.7317 100.0000 stroke3
movl 0 -36.3280 380.0864 174.8782 157.4366 -7.6590 -132.2540 100.0000 stroke3
movl 0 -38.2494 383.8649 173.2405 159.1129 -8.1648 -132.5048 100.0000 stroke3
movl 0 -39.5658 388.3043 172.4654 161.7354 -9.7260 -133.7846 100.0000 stroke3
movl 0 -38.7188 391.6343 171.7499 163.1517 -11.2899 -134.8315 100.0000 stroke3
movl 0 -37.7604 393.0989 171.1446 163.1173 -12.4054 -134.2194 100.0000 stroke3
movl 0 -39.0745 392.9684 171.1736 163.2992 -13.0169 -133.0658 100.0000 stroke3
movl 0 -40.7500 392.5795 171.2919 163.6237 -13.6266 -131.8925 100.0000 stroke3
movl 0 -43.1414 391.6820 171.5253 163.7790 -13.7938 -130.3166 100.0000 stroke3
movl 0 -44.3279 390.4400 171.7984 163.3770 -13.8803 -128.8860 100.0000 stroke3
movl 0 -43.0789 388.0585 172.8643 161.4865 -14.3403 -127.0038 100.0000 stroke3
movl 0 -36.1713 365.2718 197.4340 150.8382 -9.2106 -124.6355 100.0000 stroke3
movl 0 -55.1231 361.0179 203.0706 155.9373 0.9682 -112.8295 100.0000 stroke4
movl 0 -56.7058 362.1659 184.3091 159.3682 -0.1424 -115.6145 100.0000 stroke4
movl 0 -65.8691 359.0901 182.3741 161.1666 1.7745 -116.3725 100.0000 stroke4
movl 0 -67.8387 358.9553 181.3155 161.5465 1.7335 -117.5936 100.0000 stroke4
movl 0 -72.6014 360.9517 179.7485 163.2658 1.7168 -118.5161 100.0000 stroke4
movl 0 -76.6364 363.1795 178.6788 165.3985 1.2365 -119.7517 100.0000 stroke4
movl 0 -78.8311 364.8388 178.4454 166.8650 0.2645 -121.6720 100.0000 stroke4
movl 0 -81.8179 363.9632 178.4116 167.6481 0.3237 -123.6313 100.0000 stroke4
movl 0 -83.5379 363.5916 178.3487 167.8556 0.7472 -127.5699 100.0000 stroke4
movl 0 -82.3030 365.1959 178.2230 168.0322 0.6431 -130.0511 100.0000 stroke4
movl 0 -81.6798 365.8579 178.2152 168.3187 0.7174 -131.2739 100.0000 stroke4
movl 0 -79.9197 366.9248 178.4358 168.4611 0.5077 -132.4639 100.0000 stroke4
movl 0 -78.2103 367.9440 178.7058 168.5988 0.3361 -133.5087 100.0000 stroke4
movl 0 -75.9285 369.0121 179.0957 168.6522 0.0433 -134.4140 100.0000 stroke4
movl 0 -74.1002 369.6824 179.4827 168.7328 -0.1282 -135.1846 100.0000 stroke4
movl 0 -72.7086 370.5497 179.7125 168.9022 -0.1415 -136.0714 100.0000 stroke4
movl 0 -70.7546 371.2521 180.0496 168.9377 -0.2494 -136.7792 100.0000 stroke4
movl 0 -68.9201 371.9499 180.3769 168.9294 -0.3830 -137.4120 100.0000 stroke4
movl 0 -67.6048 372.3886 180.6175 168.9640 -0.3946 -137.9034 100.0000 stroke4
movl 0 -65.7125 372.9059 180.9925 168.9174 -0.5591 -138.3628 100.0000 stroke4
movl 0 -64.2517 372.8518 181.3813 168.6749 -0.7226 -138.3624 100.0000 stroke4
movl 0 -63.3106 372.5150 181.8899 168.4341 -0.7209 -138.5557 100.0000 stroke4
movl 0 -62.5132 372.2745 182.3035 168.2261 -0.8058 -138.6694 100.0000 stroke4
movl 0 -61.6132 371.7379 182.9084 167.8665 -0.9129 -138.7892 100.0000 stroke4
movl 0 -54.6352 364.9575 191.1553 164.1854 -1.6465 -138.2976 100.0000 stroke4
movl 0 -40.4119 345.3559 237.4410 154.8557 -4.1236 -137.1526 100.0000 stroke4
movl 0 -21.9447 386.5253 199.6092 165.3692 -24.7852 -157.0280 100.0000 stroke5
movl 0 -23.1152 384.4818 182.8923 167.7910 -21.7494 -162.3331 100.0000 stroke5
movl 0 -28.4856 384.8731 180.2421 169.2823 -19.1231 -164.6833 100.0000 stroke5
movl 0 -27.4387 388.2880 179.5758 171.1613 -19.8092 -167.1620 100.0000 stroke5
movl 0 -27.6565 390.1676 178.6698 172.0782 -19.9801 -168.6199 100.0000 stroke5
movl 0 -29.5595 393.0300 177.1454 173.5119 -19.5322 -169.8741 100.0000 stroke5
movl 0 -33.6446 395.9169 176.5372 175.8232 -17.7320 -172.2109 100.0000 stroke5
movl 0 -35.8737 399.0450 175.9317 178.0180 -16.4797 -174.7491 100.0000 stroke5
movl 0 -38.7056 401.8661 175.4601 -179.9961 -14.9583 -176.9328 100.0000 stroke5
movl 0 -39.9650 405.1018 174.7398 -177.9472 -13.9417 -178.3303 100.0000 stroke5
movl 0 -39.5889 407.3720 174.1505 -176.7630 -13.3169 -179.3901 100.0000 stroke5
movl 0 -38.9608 409.2761 173.6653 -176.0033 -12.7880 179.2627 100.0000 stroke5
movl 0 -39.0460 411.2359 173.1346 -174.5432 -12.8224 179.3216 100.0000 stroke5
movl 0 -40.8099 411.7113 173.1022 -173.1898 -12.8935 -179.0865 100.0000 stroke5
movl 0 -39.1064 407.9166 175.1871 -175.8321 -13.0880 -178.4923 100.0000 stroke5
movl 0 -38.2004 407.6619 175.3685 -176.4656 -13.0016 -178.2512 100.0000 stroke5
movl 0 -38.6305 409.9015 174.6667 -174.3415 -13.2959 -177.8959 100.0000 stroke5
movl 0 -39.1820 408.2329 175.1809 -174.4139 -13.6277 -177.0639 100.0000 stroke5
movl 0 -36.9750 405.8898 176.5227 -176.3189 -13.9393 -176.6267 100.0000 stroke5
movl 0 -36.2799 405.9345 176.6061 -176.4160 -13.9931 -176.8810 100.0000 stroke5
movl 0 -37.3545 406.5298 176.1476 -174.8633 -14.0742 -176.8643 100.0000 stroke5
movl 0 -36.4558 405.1667 176.7828 -175.7467 -14.4609 -176.4250 100.0000 stroke5
movl 0 -34.3173 404.3723 177.2512 -176.5386 -14.9446 -176.4355 100.0000 stroke5
movl 0 -36.5157 404.9262 176.7736 -175.2900 -14.4212 -176.6179 100.0000 stroke5
movl 0 -34.7440 405.6973 176.5424 -175.6627 -15.0210 -176.8285 100.0000 stroke5
movl 0 -33.2687 404.5125 176.9816 -176.7026 -15.6465 -176.4652 100.0000 stroke5
movl 0 -30.4101 401.1220 178.7660 -178.5784 -16.9317 -175.8395 100.0000 stroke5
movl 0 -11.9005 392.0977 209.6236 171.9710 -21.2419 -173.9021 100.0000 stroke5
