movl 0 -27.0043 411.2744 178.6220 -155.2986 -20.3883 112.0947 100.0000 stroke1
movl 0 -23.8815 407.8949 175.8192 -159.1952 -25.3816 117.8772 100.0000 stroke1
movl 0 -29.6117 403.1213 176.0010 -162.6187 -25.4048 118.5011 100.0000 stroke1
movl 0 -37.7271 401.0561 177.9215 -164.5306 -23.8501 120.5846 100.0000 stroke1
movl 0 -49.3314 398.5261 177.3643 -167.5229 -23.9597 125.2306 100.0000 stroke1
movl 0 -55.2427 398.6218 176.0647 -168.6838 -22.9828 129.0518 100.0000 stroke1
movl 0 -55.4752 400.2381 174.8323 -168.2733 -22.7369 130.8557 100.0000 stroke1
movl 0 -58.0125 401.3964 174.2285 -168.2985 -21.2343 130.7091 100.0000 stroke1
movl 0 -59.7416 402.3888 174.1993 -168.4720 -19.9937 129.8319 100.0000 stroke1
movl 0 -60.7414 402.6174 174.4157 -168.7614 -19.2724 129.0407 100.0000 stroke1
movl 0 -61.2668 402.9140 174.5480 -168.7977 -18.5365 128.2305 100.0000 stroke1
movl 0 -62.7129 402.7340 174.9685 -169.1040 -17.8093 127.5542 100.0000 stroke1
movl 0 -63.7317 402.1727 175.0457 -169.6732 -17.7963 127.2470 100.0000 stroke1
movl 0 -63.3832 402.1513 175.1339 -169.9350 -17.6960 126.3708 100.0000 stroke1
movl 0 -61.7943 402.8104 175.1888 -169.9430 -17.4400 124.7632 100.0000 stroke1
movl 0 -59.7631 403.6134 175.2330 -169.8520 -17.0747 122.6273 100.0000 stroke1
movl 0 -56.8146 404.9474 175.1989 -169.8036 -16.5352 119.7403 100.0000 stroke1
movl 0 -53.8770 406.6231 175.0535 -169.8455 -15.9458 117.1827 100.0000 stroke1
movl 0 -53.0214 405.0958 175.5006 -169.5871 -16.7232 117.4096 100.0000 stroke1
movl 0 -51.0246 403.6656 175.8723 -169.2005 -17.9004 117.3164 100.0000 stroke1
movl 0 -51.6568 404.6356 175.7036 -169.1308 -17.0094 117.1116 100.0000 stroke1
movl 0 -52.0802 406.1241 175.6435 -168.9772 -15.6930 116.3005 100.0000 stroke1
movl 0 -51.7379 406.2904 175.2741 -167.7819 -16.1637 117.7224 100.0000 stroke1
movl 0 -44.9551 400.5007 178.5019 -165.8387 -20.3888 118.4264 100.0000 stroke1
movl 0 -34.0262 391.4224 196.3502 -164.1628 -27.3481 118.0319 100.0000 stroke1
movl 0 -30.5818 390.3228 211.6054 -169.1197 -34.8441 128.7898 100.0000 stroke2
movl 0 -30.1784 390.1071 173.1669 -169.8290 -32.2461 127.4987 100.0000 stroke2
movl 0 -34.1418 390.2259 169.8802 -171.0687 -31.4105 127.5645 100.0000 stroke2
movl 0 -36.8854 393.4794 165.7328 -171.9871 -30.8830 128.6194 100.0000 stroke2
movl 0 -37.7645 395.1703 163.9440 -172.7857 -31.0327 129.4344 100.0000 stroke2
movl 0 -40.2014 399.1853 162.8979 -171.5445 -28.8071 127.8384 100.0000 stroke2
movl 0 -39.8453 403.3295 162.8852 -168.0335 -25.6359 122.3594 100.0000 stroke2
movl 0 -38.1061 405.5772 162.6574 -165.4435 -23.9293 119.0397 100.0000 stroke2
movl 0 -37.9315 405.8054 163.1134 -163.6885 -22.6372 116.9334 100.0000 stroke2
movl 0 -37.8624 405.9851 163.8949 -162.3349 -21.0524 114.9041 100.0000 stroke2
movl 0 -38.0043 406.7973 164.8561 -160.8293 -18.8030 112.5672 100.0000 stroke2
movl 0 -38.2781 407.7253 165.5364 -159.7987 -16.8599 111.0133 100.0000 stroke2
movl 0 -38.2928 408.9639 166.1896 -158.5247 -14.5186 109.1772 100.0000 stroke2
movl 0 -38.2818 410.3539 166.9549 -157.2964 -12.1287 107.2134 100.0000 stroke2
movl 0 -38.5068 411.5555 167.5009 -156.5913 -9.8784 105.7237 100.0000 stroke2
movl 0 -38.9733 412.8012 167.9991 -156.0237 -7.2847 103.9807 100.0000 stroke2
movl 0 -39.3929 414.2807 168.3282 -155.4959 -4.2148 101.7110 100.0000 stroke2
movl 0 -39.9817 415.5912 168.5150 -155.1285 -1.1983 99.6571 100.0000 stroke2
movl 0 -41.4090 416.5633 168.6908 -155.2844 2.0098 97.5596 100.0000 stroke2
movl 0 -43.3445 417.9987 168.6089 -155.8707 5.5246 95.3724 100.0000 stroke2
movl 0 -45.6696 419.9039 168.2930 -156.7770 8.9378 93.4679 100.0000 stroke2
movl 0 -48.0829 421.4144 167.8335 -157.8073 11.7294 92.1725 100.0000 stroke2
movl 0 -50.3558 422.7479 167.3709 -158.7211 13.8487 91.6578 100.0000 stroke2
movl 0 -52.1816 422.1587 167.4672 -158.8825 14.3339 92.3849 100.0000 stroke2
movl 0 -47.7553 419.3799 168.9021 -157.6586 12.1061 92.5566 100.0000 stroke2
movl 0 -46.4139 418.2920 169.4141 -157.3893 11.3926 92.7841 100.0000 stroke2
movl 0 -47.1951 418.8498 169.2638 -157.6148 12.0844 93.1252 100.0000 stroke2
movl 0 -48.9315 418.4733 169.3469 -158.1267 12.2013 93.3949 100.0000 stroke2
movl 0 -43.0010 409.1469 172.6737 -156.0880 6.2611 93.9764 100.0000 stroke2
movl 0 -39.9194 403.9176 173.9057 -155.4445 2.6253 94.1459 100.0000 stroke2
movl 0 -42.5138 405.2523 172.7915 -155.9005 3.2400 94.9736 100.0000 stroke2
movl 0 -46.5637 408.4361 171.1055 -156.4484 5.3252 96.5334 100.0000 stroke2
movl 0 -47.4327 409.3268 170.2368 -155.9872 5.7492 97.7726 100.0000 stroke2
movl 0 -46.9944 409.0463 169.9055 -155.2972 5.1459 98.6881 100.0000 stroke2
movl 0 -46.1162 408.6292 169.7895 -154.6037 4.4423 99.1967 100.0000 stroke2
movl 0 -44.9683 408.0165 169.8360 -153.8950 3.6977 99.4613 100.0000 stroke2
movl 0 -37.5998 403.4218 172.2537 -151.6937 0.4527 98.6062 100.0000 stroke2
movl 0 -21.1342 388.7036 186.8788 -145.7790 -12.4294 97.5780 100.0000 stroke2
movl 0 -25.2930 361.7095 247.9359 -147.3585 -29.7793 102.8144 100.0000 stroke2
movl 0 -34.0539 392.5533 228.7711 -149.9963 -21.9075 109.1466 100.0000 stroke3
movl 0 -34.6616 396.4447 181.2924 -150.6204 -14.1775 105.3687 100.0000 stroke3
movl 0 -37.6939 396.3663 177.7424 -151.9285 -11.3057 104.4362 100.0000 stroke3
movl 0 -43.9446 398.4489 173.4862 -153.0576 -9.1653 105.4136 100.0000 stroke3
movl 0 -49.1254 398.9569 172.2251 -154.0012 -8.4938 106.1540 100.0000 stroke3
movl 0 -54.8606 400.1420 171.6959 -156.1273 -6.5375 105.6305 100.0000 stroke3
movl 0 -58.0188 401.5256 171.7196 -157.4663 -4.7691 104.9142 100.0000 stroke3
movl 0 -60.2270 403.3025 171.6463 -158.2290 -2.6635 104.4735 100.0000 stroke3
movl 0 -63.0603 402.1048 172.2210 -159.3320 -2.9248 104.2857 100.0000 stroke3
movl 0 -63.1426 401.5926 172.4867 -160.0465 -3.6198 103.1679 100.0000 stroke3
movl 0 -61.9908 401.7383 172.6062 -160.4494 -4.0006 101.6093 100.0000 stroke3
movl 0 -58.6021 402.9966 172.7830 -160.4599 -3.9900 99.7070 100.0000 stroke3
movl 0 -54.1576 405.0027 172.8732 -160.1955 -3.8086 97.9730 100.0000 stroke3
movl 0 -50.5713 406.6321 173.0747 -160.0056 -3.7955 96.7740 100.0000 stroke3
movl 0 -47.5148 407.7336 173.3512 -159.7412 -3.7974 95.9070 100.0000 stroke3
movl 0 -44.5370 408.6953 173.6454 -159.4334 -3.8200 95.1357 100.0000 stroke3
movl 0 -40.8483 408.9525 174.4685 -159.0248 -4.2133 94.1629 100.0000 stroke3
movl 0 -29.7428 403.5603 182.2049 -157.0245 -8.0306 92.6285 100.0000 stroke3
movl 0 -18.1836 385.9239 212.1506 -154.8369 -17.6853 93.6055 100.0000 stroke3
movl 0 3.1206 412.6301 218.1688 -149.3835 -20.2937 100.1767 100.0000 stroke4
movl 0 0.9014 415.3760 179.8362 -149.8275 -16.7664 98.1293 100.0000 stroke4
movl 0 -7.3217 414.3064 174.3644 -152.6431 -16.9338 98.9095 100.0000 stroke4
movl 0 -10.7804 417.2165 170.7663 -154.1180 -16.5318 99.8647 100.0000 stroke4
movl 0 -15.8138 418.5702 168.9899 -155.6576 -16.4875 101.2056 100.0000 stroke4
movl 0 -22.3805 424.6196 168.2126 -157.6157 -12.0885 101.5749 100.0000 stroke4
movl 0 -23.3204 428.1275 168.2139 -158.2878 -9.2056 100.1146 100.0000 stroke4
movl 0 -21.7618 429.5573 168.2020 -158.0825 -8.1132 98.8924 100.0000 stroke4
movl 0 -21.8762 429.9759 168.6938 -157.7306 -6.8905 98.6034 100.0000 stroke4
movl 0 -21.4572 430.3100 169.6553 -157.2588 -4.9705 97.7311 100.0000 stroke4
movl 0 -20.9356 429.6134 170.3970 -156.5849 -4.0238 97.6239 100.0000 stroke4
movl 0 -19.1757 422.9527 174.6300 -155.1146 -6.0424 98.5336 100.0000 stroke4
movl 0 -20.7225 394.1658 211.7830 -151.1633 -16.8831 98.0636 100.0000 stroke4
movl 0 -14.8261 388.4239 208.7291 -153.0893 -20.3650 103.2796 100.0000 stroke5
movl 0 -14.4196 394.3800 177.2127 -154.8731 -16.5498 100.4998 100.0000 stroke5
movl 0 -19.4409 392.1115 177.9780 -157.3297 -16.8716 99.7725 100.0000 stroke5
movl 0 -23.2743 396.0516 175.6400 -157.3061 -15.3868 100.1278 100.0000 stroke5
movl 0 -27.6106 400.0995 172.7440 -157.1710 -14.0087 101.6102 100.0000 stroke5
movl 0 -30.4104 401.8234 171.6548 -158.5428 -13.3442 101.5481 100.0000 stroke5
movl 0 -32.5006 401.6641 171.6867 -159.8560 -13.3003 101.2755 100.0000 stroke5
movl 0 -32.6301 401.7005 171.7195 -160.3523 -13.2435 100.7932 100.0000 stroke5
movl 0 -31.6744 402.0742 171.6914 -160.6266 -13.1357 99.9014 100.0000 stroke5
movl 0 -29.2663 403.0012 171.6556 -160.7207 -12.8434 98.0396 100.0000 stroke5
movl 0 -26.1946 404.0152 171.8522 -160.7101 -12.4469 95.4099 100.0000 stroke5
movl 0 -24.7114 403.7774 171.6854 -160.6563 -12.6330 94.5196 100.0000 stroke5
movl 0 -23.6047 403.0442 171.8676 -160.2331 -13.0965 94.4605 100.0000 stroke5
movl 0 -24.2584 403.9606 171.9750 -160.4930 -12.1414 94.3127 100.0000 stroke5
movl 0 -23.7761 404.6450 171.7304 -160.0203 -11.7178 94.6411 100.0000 stroke5
movl 0 -15.5774 397.4533 179.2173 -155.1638 -14.9031 95.7229 100.0000 stroke5
movl 0 -6.0940 373.9534 238.7680 -148.2730 -23.6552 92.0531 100.0000 stroke5
movl 0 -16.1711 378.1916 238.7526 -146.3486 -17.6875 90.4677 100.0000 stroke6
movl 0 -20.0477 384.6686 193.1152 -149.8819 -13.2249 90.1975 100.0000 stroke6
movl 0 -19.3358 390.6327 174.1271 -152.0839 -10.6000 89.3146 100.0000 stroke6
movl 0 -21.2256 392.0125 172.7067 -153.8642 -10.7127 88.8567 100.0000 stroke6
movl 0 -21.2853 394.3727 171.9723 -154.0458 -9.8569 88.4791 100.0000 stroke6
movl 0 -22.3669 395.5206 171.2928 -154.5711 -9.8460 88.3056 100.0000 stroke6
movl 0 -25.4312 398.5434 170.2306 -155.9260 -8.0349 88.5602 100.0000 stroke6
movl 0 -24.7217 400.8682 169.6495 -156.0616 -6.2067 87.8933 100.0000 stroke6
movl 0 -25.1497 401.7289 169.5089 -155.9161 -5.0050 88.0438 100.0000 stroke6
movl 0 -25.4186 402.4215 169.6413 -155.6987 -3.5927 88.4305 100.0000 stroke6
movl 0 -26.1927 402.5593 169.8801 -155.6075 -2.6520 89.1640 100.0000 stroke6
movl 0 -26.4772 401.9663 170.1326 -155.2884 -2.4198 89.8353 100.0000 stroke6
movl 0 -26.0416 400.6708 170.7812 -154.7653 -2.7237 90.5065 100.0000 stroke6
movl 0 -20.3692 389.9576 182.6494 -152.1254 -6.8575 90.7641 100.0000 stroke6
movl 0 -21.8552 364.3703 239.3156 -148.8179 -16.0822 93.4051 100.0000 stroke6
movl 0 -18.0646 386.3422 203.0915 -153.9118 -16.3961 103.2156 100.0000 stroke7
movl 0 -24.1274 389.2277 181.3739 -156.7481 -13.3380 102.5700 100.0000 stroke7
movl 0 -31.9938 386.5934 179.7620 -159.7147 -13.1360 102.9316 100.0000 stroke7
movl 0 -34.6688 388.5664 177.8492 -159.6607 -11.9806 103.5678 100.0000 stroke7
movl 0 -37.1610 390.2359 176.2390 -159.9371 -11.3217 104.1020 100.0000 stroke7
movl 0 -41.7249 390.9253 175.5383 -161.5543 -10.6596 103.6066 100.0000 stroke7
movl 0 -44.1226 392.0714 175.2330 -162.3321 -9.5694 102.9538 100.0000 stroke7
movl 0 -44.1086 392.6399 175.0774 -162.6255 -9.5578 101.4909 100.0000 stroke7
movl 0 -41.2759 394.0634 175.0569 -162.5013 -9.1161 99.1025 100.0000 stroke7
movl 0 -38.1769 394.9164 175.1381 -162.1562 -8.7634 97.2057 100.0000 stroke7
movl 0 -35.6611 395.3203 175.2920 -161.7957 -8.6220 96.0657 100.0000 stroke7
movl 0 -33.1501 394.8985 175.7160 -161.4003 -8.8104 95.3635 100.0000 stroke7
movl 0 -21.9159 390.9271 180.8014 -157.8536 -10.6475 94.8060 100.0000 stroke7
movl 0 -13.1890 376.9864 216.2853 -153.7756 -16.7347 94.7392 100.0000 stroke7
movl 0 -14.7796 385.0375 201.5553 -153.3166 -14.8522 90.7617 100.0000 stroke8
movl 0 -17.5593 388.6682 179.9242 -155.8668 -12.4400 90.6895 100.0000 stroke8
movl 0 -19.6734 390.0842 178.3092 -157.0673 -12.7969 90.7534 100.0000 stroke8
movl 0 -22.7926 392.8406 176.1719 -157.9086 -11.5510 91.0754 100.0000 stroke8
movl 0 -24.0986 394.5781 174.4456 -158.3421 -10.9484 91.4277 100.0000 stroke8
movl 0 -27.5226 398.6981 173.0256 -159.6670 -8.9089 91.6346 100.0000 stroke8
movl 0 -26.3480 402.1033 172.4489 -159.6899 -6.6718 90.9915 100.0000 stroke8
movl 0 -26.6029 402.4180 172.4480 -159.2846 -5.6085 91.5583 100.0000 stroke8
movl 0 -26.8705 402.5545 172.6661 -158.7458 -4.2674 92.7701 100.0000 stroke8
movl 0 -28.3596 402.2318 173.1047 -158.5623 -3.1198 93.9661 100.0000 stroke8
movl 0 -30.7709 401.3127 173.3317 -158.5700 -2.4114 95.2776 100.0000 stroke8
movl 0 -32.8109 399.3492 173.8966 -158.0760 -2.4174 97.0943 100.0000 stroke8
movl 0 -29.6895 387.0779 187.6933 -155.0612 -7.8176 99.3767 100.0000 stroke8
movl 0 -31.3951 369.2391 234.2265 -160.5585 -24.7163 124.7066 100.0000 stroke9
movl 0 -35.6039 373.6031 191.4905 -162.6642 -19.5637 120.1715 100.0000 stroke9
movl 0 -40.2100 374.0013 184.1423 -165.1315 -16.5701 118.3395 100.0000 stroke9
movl 0 -44.6744 373.8690 181.8172 -167.1813 -15.3721 117.5527 100.0000 stroke9
movl 0 -46.7060 375.2394 180.7026 -167.5095 -14.7004 116.9737 100.0000 stroke9
movl 0 -49.1680 377.8365 179.1225 -167.3454 -13.8784 116.3834 100.0000 stroke9
movl 0 -51.9772 382.2368 177.9341 -167.4407 -11.0595 115.2778 100.0000 stroke9
movl 0 -53.0239 382.2943 177.7665 -167.8189 -11.0689 115.0096 100.0000 stroke9
movl 0 -51.2638 383.6626 177.3799 -167.6935 -10.8472 113.4828 100.0000 stroke9
movl 0 -48.4505 385.1199 177.4261 -167.3269 -10.5378 111.7520 100.0000 stroke9
movl 0 -45.3845 386.3940 177.5458 -166.9122 -10.3711 110.3354 100.0000 stroke9
movl 0 -43.0368 387.0479 177.7482 -166.6517 -10.3826 109.3375 100.0000 stroke9
movl 0 -40.9309 387.4868 178.0545 -166.3632 -10.4419 108.4238 100.0000 stroke9
movl 0 -37.7118 387.5212 178.7218 -166.0232 -10.7656 107.5316 100.0000 stroke9
movl 0 -19.6374 381.6026 190.9780 -162.5173 -14.8322 104.6517 100.0000 stroke9
movl 0 -0.2981 368.6709 236.9492 -158.7073 -22.6745 102.3611 100.0000 stroke9
movl 0 -14.1708 383.5640 219.1156 -155.9699 -17.5629 103.5359 100.0000 stroke10
movl 0 -21.1429 383.7334 185.7589 -158.0574 -15.1272 103.9073 100.0000 stroke10
movl 0 -20.4002 384.1530 184.2240 -159.3056 -14.7540 103.1574 100.0000 stroke10
movl 0 -21.5419 387.8683 179.3021 -159.6311 -12.8845 102.9049 100.0000 stroke10
movl 0 -23.3886 389.8791 177.9200 -160.1416 -11.9065 102.6703 100.0000 stroke10
movl 0 -24.9043 391.1680 177.2397 -160.5725 -11.2464 102.5348 100.0000 stroke10
movl 0 -26.8387 392.7873 176.4457 -161.1059 -10.4858 102.4406 100.0000 stroke10
movl 0 -28.6044 396.6417 175.5335 -161.4995 -7.5686 101.5325 100.0000 stroke10
movl 0 -28.5420 398.3455 175.1514 -161.4434 -6.3171 100.7535 100.0000 stroke10
movl 0 -29.4682 399.6644 175.0945 -161.2720 -4.5573 100.5447 100.0000 stroke10
movl 0 -30.7717 400.7206 175.1319 -161.1079 -2.6628 100.5671 100.0000 stroke10
movl 0 -32.8324 401.5648 174.9967 -161.0252 -0.8272 101.2050 100.0000 stroke10
movl 0 -35.2781 402.4905 174.7009 -160.9957 0.7110 102.1538 100.0000 stroke10
movl 0 -37.5491 402.0417 174.7004 -160.9119 1.2219 103.3565 100.0000 stroke10
movl 0 -39.2657 400.9177 174.8972 -160.8177 1.2585 104.4374 100.0000 stroke10
movl 0 -40.2197 399.7261 175.2433 -160.5195 0.9626 105.3986 100.0000 stroke10
movl 0 -40.7503 398.6007 175.6346 -160.2038 0.5952 106.0410 100.0000 stroke10
movl 0 -40.9378 397.7755 175.9364 -159.8219 0.2749 106.5370 100.0000 stroke10
movl 0 -40.5741 397.2221 176.2546 -159.4899 -0.0902 106.7338 100.0000 stroke10
movl 0 -35.8808 392.7851 180.3453 -157.7022 -3.0291 106.7027 100.0000 stroke10
movl 0 -39.1995 371.5010 207.0559 -158.7572 -12.0068 106.1724 100.0000 stroke10
movl 0 -4.5025 402.5764 248.1464 -162.9962 -26.7493 119.1506 100.0000 stroke11
movl 0 4.7987 411.1942 193.9076 -159.3588 -22.9815 114.9420 100.0000 stroke11
movl 0 2.9831 414.4878 173.6558 -161.6346 -21.1348 113.8339 100.0000 stroke11
movl 0 1.4087 414.7553 171.3287 -162.4410 -21.9681 114.7132 100.0000 stroke11
movl 0 0.5337 416.6814 170.4407 -161.9306 -21.7021 115.1021 100.0000 stroke11
movl 0 -2.8908 419.2019 169.2202 -162.4883 -19.7418 115.8647 100.0000 stroke11
movl 0 -5.2963 422.5535 168.6047 -162.6069 -17.1377 115.2756 100.0000 stroke11
movl 0 -4.2558 424.8897 168.2719 -162.1060 -15.4760 113.6718 100.0000 stroke11
movl 0 -3.0249 427.3849 167.5521 -161.1489 -14.2802 112.8911 100.0000 stroke11
movl 0 -3.0409 428.4945 167.4021 -160.2548 -13.3476 113.0436 100.0000 stroke11
movl 0 -3.6266 428.7408 167.6991 -159.4629 -12.3402 113.5763 100.0000 stroke11
movl 0 -4.3509 428.7212 168.1285 -158.8444 -11.5427 114.3076 100.0000 stroke11
movl 0 -4.7474 428.6486 168.4277 -158.2925 -10.9705 114.7287 100.0000 stroke11
movl 0 -5.4476 427.9713 168.7448 -157.9306 -10.9659 115.5180 100.0000 stroke11
movl 0 -5.8799 427.7010 168.9527 -157.7072 -10.9587 115.9689 100.0000 stroke11
movl 0 -5.9329 427.3924 169.1313 -157.4309 -11.1051 116.3630 100.0000 stroke11
movl 0 -5.8998 426.9649 169.3844 -157.1764 -11.3274 116.6175 100.0000 stroke11
movl 0 -5.9641 426.3427 169.6219 -156.9183 -11.6470 116.9964 100.0000 stroke11
movl 0 -3.0785 422.5020 172.8711 -155.6923 -13.6164 116.8441 100.0000 stroke11
movl 0 1.9202 401.6416 208.4988 -152.2896 -22.0886 114.3508 100.0000 stroke11
movl 0 0.0364 387.0939 238.2242 -152.4992 -21.6878 107.5603 100.0000 stroke12
movl 0 0.7168 392.1348 182.3512 -154.6560 -17.2215 106.0199 100.0000 stroke12
movl 0 -4.8539 391.1754 176.0796 -157.7131 -17.1397 106.6374 100.0000 stroke12
movl 0 -13.3772 389.4827 174.7793 -161.2160 -17.5755 107.1856 100.0000 stroke12
movl 0 -14.8539 392.1376 173.5582 -161.5388 -16.7307 107.0783 100.0000 stroke12
movl 0 -17.3369 394.9288 172.3591 -161.9446 -15.4060 107.1608 100.0000 stroke12
movl 0 -16.8480 398.8965 171.7466 -161.5993 -12.6230 105.8291 100.0000 stroke12
movl 0 -16.3124 400.7838 171.5792 -160.9060 -11.1373 105.1603 100.0000 stroke12
movl 0 -15.8423 401.8725 171.8297 -160.2622 -9.5635 104.5274 100.0000 stroke12
movl 0 -16.0442 402.9700 172.1802 -159.8618 -7.8292 103.9542 100.0000 stroke12
movl 0 -16.3463 404.1658 172.3846 -159.5046 -5.9427 103.2503 100.0000 stroke12
movl 0 -17.1823 405.4790 172.5608 -159.3067 -3.9072 102.4108 100.0000 stroke12
movl 0 -18.3987 406.8023 172.6230 -159.2869 -1.5045 101.6961 100.0000 stroke12
movl 0 -20.1632 407.7249 172.5926 -159.3952 0.7086 101.2436 100.0000 stroke12
movl 0 -22.0615 408.5709 172.3409 -159.5304 2.5754 101.1137 100.0000 stroke12
movl 0 -24.1172 409.1012 172.0468 -159.7955 4.1276 101.0924 100.0000 stroke12
movl 0 -25.9614 409.2850 171.8231 -160.0135 5.1934 101.5532 100.0000 stroke12
movl 0 -27.8838 408.9904 171.6645 -160.1731 5.9147 102.3066 100.0000 stroke12
movl 0 -27.9597 407.9111 171.9831 -160.1150 5.7523 102.5430 100.0000 stroke12
movl 0 -25.8708 406.8022 172.6575 -159.9652 4.8031 102.2227 100.0000 stroke12
movl 0 -25.3482 406.4159 172.8263 -159.9105 4.6584 102.3179 100.0000 stroke12
movl 0 -25.2702 405.4960 173.1827 -159.9200 4.5968 102.6012 100.0000 stroke12
movl 0 -25.2510 405.0574 173.2554 -159.9108 4.6511 102.7958 100.0000 stroke12
movl 0 -25.1845 403.7180 173.6935 -159.9744 4.2709 103.2219 100.0000 stroke12
movl 0 -23.6433 402.8920 174.2278 -159.7396 3.2622 103.1706 100.0000 stroke12
movl 0 -22.5916 399.4862 175.7074 -159.7798 0.5593 102.8951 100.0000 stroke12
movl 0 -13.6162 380.1939 185.4119 -160.5297 -16.8854 104.6945 100.0000 stroke12
movl 0 -11.0600 358.9276 233.4367 -171.0888 -36.1060 116.0609 100.0000 stroke12
movl 0 15.1565 407.8280 208.3645 -159.4169 -27.8811 121.9223 100.0000 stroke13
movl 0 13.5319 406.3239 176.0576 -158.0238 -24.4090 116.4888 100.0000 stroke13
movl 0 10.8291 407.3102 172.6949 -159.3008 -20.4330 112.5386 100.0000 stroke13
movl 0 6.4939 405.8957 172.3664 -160.6279 -20.0049 113.1123 100.0000 stroke13
movl 0 6.4486 407.5663 171.4155 -160.5685 -19.4942 112.9310 100.0000 stroke13
movl 0 3.4095 409.5173 170.3052 -161.6285 -18.7925 113.6480 100.0000 stroke13
movl 0 1.0795 412.3164 169.9280 -162.4786 -16.2396 113.2828 100.0000 stroke13
movl 0 1.6533 413.7349 169.6359 -162.4239 -15.0671 111.6105 100.0000 stroke13
movl 0 2.0329 415.0592 169.4113 -161.9735 -14.0687 110.6261 100.0000 stroke13
movl 0 1.4880 415.6040 169.3835 -161.2869 -13.0766 110.4656 100.0000 stroke13
movl 0 1.4522 414.9541 169.6608 -160.5985 -12.7241 110.5159 100.0000 stroke13
movl 0 1.2569 414.0818 170.1352 -160.2149 -12.7348 111.0185 100.0000 stroke13
movl 0 1.1666 411.4025 171.3791 -160.1166 -13.7142 111.9460 100.0000 stroke13
movl 0 1.8948 401.3910 179.3520 -161.1461 -19.2609 114.9518 100.0000 stroke13
movl 0 -10.4350 368.6460 239.9961 -168.4413 -31.6400 126.2511 100.0000 stroke13
movl 0 1.4160 381.8078 184.2946 -177.9282 -31.1269 145.6509 100.0000 stroke14
movl 0 -8.1138 378.1566 179.4774 179.3615 -27.5700 143.7110 100.0000 stroke14
movl 0 -14.1061 378.8982 177.5856 -179.8120 -25.5566 141.3635 100.0000 stroke14
movl 0 -17.7984 380.4859 176.6604 -179.8415 -23.9182 141.6672 100.0000 stroke14
movl 0 -19.5869 383.3976 175.2209 -179.0813 -23.0352 141.9020 100.0000 stroke14
movl 0 -21.9712 385.4967 174.2953 -178.9531 -21.3995 141.3044 100.0000 stroke14
movl 0 -23.3251 385.5571 174.4380 -179.1010 -20.6885 140.3714 100.0000 stroke14
movl 0 -22.6867 386.1413 174.4872 -178.9391 -20.4346 139.2503 100.0000 stroke14
movl 0 -20.3972 387.1565 174.7200 -178.4286 -20.1197 137.1909 100.0000 stroke14
movl 0 -17.3809 388.4826 174.7980 -177.9763 -19.6964 134.4339 100.0000 stroke14
movl 0 -14.6830 390.2576 174.6037 -177.4010 -19.2208 131.8598 100.0000 stroke14
movl 0 -13.3989 388.5959 175.0756 -177.3375 -20.2795 131.9842 100.0000 stroke14
movl 0 -11.8201 388.4185 175.0870 -176.9686 -20.8328 131.6924 100.0000 stroke14
movl 0 -12.1847 389.4006 174.9653 -176.5237 -20.2080 131.1616 100.0000 stroke14
movl 0 -11.6420 390.7828 174.5115 -175.6630 -19.8434 131.0372 100.0000 stroke14
movl 0 -4.3330 384.9010 178.2455 -173.8834 -25.3142 133.5629 100.0000 stroke14
movl 0 5.6731 369.0248 222.7946 -173.1716 -35.2924 132.3698 100.0000 stroke14
movl 0 1.3120 385.0116 194.6929 -161.8293 -25.4500 121.6098 100.0000 stroke15
movl 0 3.6466 388.2305 174.1425 -162.7796 -23.1043 119.0597 100.0000 stroke15
movl 0 -0.7276 387.0197 174.0033 -166.1507 -22.5691 120.2579 100.0000 stroke15
movl 0 -1.8804 387.1279 173.1167 -167.1630 -22.4740 120.0243 100.0000 stroke15
movl 0 -1.8948 388.7976 172.2684 -167.0158 -21.9961 119.7241 100.0000 stroke15
movl 0 -1.2660 390.6164 171.0282 -166.2457 -22.1158 119.7864 100.0000 stroke15
movl 0 -3.3625 393.1886 170.0614 -166.3690 -20.4016 119.0208 100.0000 stroke15
movl 0 -2.8169 395.8342 169.7952 -165.7378 -18.2329 116.9469 100.0000 stroke15
movl 0 -3.1217 397.1570 169.8370 -164.9871 -16.7505 116.3431 100.0000 stroke15
movl 0 -3.1854 398.1596 170.4986 -163.8143 -15.1020 115.0743 100.0000 stroke15
movl 0 -3.1215 399.6273 171.1889 -162.4969 -13.1507 113.4882 100.0000 stroke15
movl 0 -3.5538 401.4708 171.5487 -161.4854 -10.7595 111.9467 100.0000 stroke15
movl 0 -4.0315 403.1432 171.8250 -160.7184 -8.4199 110.0963 100.0000 stroke15
movl 0 -4.6327 405.1463 171.9431 -160.0136 -5.7569 108.4205 100.0000 stroke15
movl 0 -5.6402 406.9768 171.9330 -159.6008 -3.3166 107.5524 100.0000 stroke15
movl 0 -4.6121 404.0746 173.2262 -159.9520 -5.0346 107.2556 100.0000 stroke15
movl 0 -4.6437 403.7871 173.2548 -159.9112 -4.9593 107.6194 100.0000 stroke15
movl 0 -5.5393 403.7622 173.4717 -160.0765 -4.6123 107.8372 100.0000 stroke15
movl 0 -6.3675 403.9238 173.4033 -160.1643 -4.2097 108.1665 100.0000 stroke15
movl 0 -7.2895 403.4230 173.6043 -160.4494 -4.3533 108.3936 100.0000 stroke15
movl 0 -7.4915 403.3987 173.5924 -160.4133 -4.2787 108.6378 100.0000 stroke15
movl 0 -8.0610 403.0754 173.6796 -160.6306 -4.4547 108.7893 100.0000 stroke15
movl 0 -9.0067 396.4350 175.9370 -162.1438 -8.1877 109.5607 100.0000 stroke15
movl 0 -13.5713 376.4215 193.8731 -166.9476 -18.5016 114.5416 100.0000 stroke15
movl 0 -7.5263 372.2579 196.9401 -179.0568 -28.9182 140.9703 100.0000 stroke16
movl 0 -8.3292 374.9770 179.5546 -177.5478 -25.6163 138.1145 100.0000 stroke16
movl 0 -10.2127 377.3497 177.0747 -177.0262 -24.1079 137.9369 100.0000 stroke16
movl 0 -11.0934 379.5675 175.6014 -175.9482 -23.9038 138.2478 100.0000 stroke16
movl 0 -11.8907 380.8004 174.8297 -175.5333 -23.6207 138.4782 100.0000 stroke16
movl 0 -13.2551 381.4521 174.3887 -175.5570 -23.2594 138.5355 100.0000 stroke16
movl 0 -14.3888 381.8329 174.1413 -175.9211 -22.3809 138.0836 100.0000 stroke16
movl 0 -14.9873 382.1248 174.0547 -176.0130 -21.9051 137.6125 100.0000 stroke16
movl 0 -14.8594 382.4104 174.0388 -175.9786 -21.6439 136.9259 100.0000 stroke16
movl 0 -13.4871 383.2723 173.9893 -175.7816 -21.1814 135.1725 100.0000 stroke16
movl 0 -11.8577 384.7359 173.8520 -175.4778 -20.3701 132.6170 100.0000 stroke16
movl 0 -10.8652 385.5774 173.7597 -175.3325 -19.9928 130.8688 100.0000 stroke16
movl 0 -9.6690 383.8453 174.2755 -175.4725 -20.8030 130.9031 100.0000 stroke16
movl 0 -9.3910 383.7555 174.3383 -175.3916 -20.9073 130.7121 100.0000 stroke16
movl 0 -9.5299 384.8290 174.4515 -174.6478 -20.0499 130.0369 100.0000 stroke16
movl 0 -8.3127 383.6935 174.7989 -173.7582 -21.4095 131.9326 100.0000 stroke16
movl 0 -3.0018 370.6819 198.4701 -174.0437 -29.3202 136.6279 100.0000 stroke16
movl 0 4.9359 378.4014 230.3754 -162.9948 -25.5348 126.6008 100.0000 stroke17
movl 0 5.1377 378.3412 180.6903 -162.9625 -21.4355 121.2524 100.0000 stroke17
movl 0 5.8298 377.4756 178.8237 -163.5365 -21.4489 119.1925 100.0000 stroke17
movl 0 -0.1694 377.8361 176.4384 -164.6240 -19.9904 119.1700 100.0000 stroke17
movl 0 -3.5892 380.4130 175.2874 -164.2286 -19.3754 119.4387 100.0000 stroke17
movl 0 -4.8971 381.6618 174.2212 -164.6522 -18.9204 119.3656 100.0000 stroke17
movl 0 -7.1980 381.8273 173.8100 -165.2816 -18.6815 119.5518 100.0000 stroke17
movl 0 -10.2136 382.0372 173.7231 -166.6105 -17.8148 118.9103 100.0000 stroke17
movl 0 -11.4938 381.7699 173.9799 -167.4249 -17.3582 118.1722 100.0000 stroke17
movl 0 -10.3781 382.0823 174.0858 -167.7253 -16.8758 116.7752 100.0000 stroke17
movl 0 -8.3426 383.1805 173.9889 -167.8315 -16.1459 114.5373 100.0000 stroke17
movl 0 -7.0001 384.0727 173.7792 -168.0753 -15.5811 112.6155 100.0000 stroke17
movl 0 -6.1749 382.7661 174.1723 -168.0330 -15.9695 112.7894 100.0000 stroke17
movl 0 -5.7269 381.4881 174.5428 -168.1139 -16.6386 112.8330 100.0000 stroke17
movl 0 -5.6919 381.5379 174.5212 -168.0909 -16.5157 112.7636 100.0000 stroke17
movl 0 -6.2703 381.7633 174.5883 -168.1528 -15.8471 112.6673 100.0000 stroke17
movl 0 -6.4230 381.9922 174.4362 -167.9517 -15.5646 112.7727 100.0000 stroke17
movl 0 -6.8128 381.7247 174.4607 -167.6323 -15.6801 113.2521 100.0000 stroke17
movl 0 -7.1189 380.7057 174.8173 -167.3890 -16.1961 113.9435 100.0000 stroke17
movl 0 -0.8229 374.3987 187.6273 -164.7031 -20.7649 115.1639 100.0000 stroke17
movl 0 6.2887 369.8732 200.5595 -160.7182 -22.7660 114.4953 100.0000 stroke18
movl 0 5.3319 371.9668 180.0537 -161.1274 -19.2845 113.3532 100.0000 stroke18
movl 0 -2.6469 371.6391 177.9234 -163.1218 -18.0570 114.5884 100.0000 stroke18
movl 0 -9.4543 371.4720 177.3542 -164.2195 -17.1825 115.7481 100.0000 stroke18
movl 0 -11.9765 372.9907 176.0346 -164.4420 -16.8336 115.9901 100.0000 stroke18
movl 0 -12.5672 374.1010 175.1566 -164.1439 -16.5880 116.3850 100.0000 stroke18
movl 0 -14.2453 374.6385 174.7264 -164.8911 -16.0717 116.2414 100.0000 stroke18
movl 0 -15.8336 374.9377 174.5946 -165.6793 -15.2018 115.6929 100.0000 stroke18
movl 0 -17.2369 374.4050 174.8067 -166.3139 -15.0334 115.1617 100.0000 stroke18
movl 0 -16.1288 374.8834 174.8321 -166.4877 -14.5292 113.6661 100.0000 stroke18
movl 0 -14.8910 375.5160 175.0858 -166.7941 -13.8297 111.4510 100.0000 stroke18
movl 0 -13.8567 376.2643 175.4403 -167.2206 -13.0139 108.2989 100.0000 stroke18
movl 0 -14.1829 376.8473 175.9434 -168.1500 -12.0473 105.3655 100.0000 stroke18
movl 0 -14.4921 377.4943 176.2393 -169.1094 -11.0403 102.5725 100.0000 stroke18
movl 0 -15.0660 378.3951 176.2837 -170.2221 -10.0100 100.0796 100.0000 stroke18
movl 0 -15.3186 377.6321 176.5974 -170.2950 -10.1311 99.7012 100.0000 stroke18
movl 0 -13.4680 374.9277 177.3708 -169.6300 -11.6571 99.9223 100.0000 stroke18
movl 0 -12.6000 374.1283 177.6430 -169.4129 -12.1697 99.7806 100.0000 stroke18
movl 0 -11.6089 373.7238 177.8604 -169.2293 -12.4283 99.4779 100.0000 stroke18
movl 0 -10.8153 373.4922 178.0447 -169.1059 -12.5589 99.2160 100.0000 stroke18
movl 0 -10.6116 373.7342 178.0313 -169.0900 -12.3071 99.1182 100.0000 stroke18
movl 0 -11.0760 374.5355 178.0023 -169.2298 -11.5271 99.0554 100.0000 stroke18
movl 0 -11.2420 375.3829 178.0882 -169.2617 -10.6266 98.7550 100.0000 stroke18
movl 0 -11.6033 376.0302 178.0576 -169.3157 -9.8374 98.5713 100.0000 stroke18
movl 0 -11.5930 375.8211 178.0929 -169.2804 -9.5251 98.6078 100.0000 stroke18
movl 0 -11.3806 375.7401 177.9639 -169.0511 -9.5190 98.8803 100.0000 stroke18
movl 0 -10.5759 375.2186 177.8342 -168.3804 -10.0383 99.5956 100.0000 stroke18
movl 0 -10.1291 374.8948 177.8174 -168.0147 -10.4356 100.0605 100.0000 stroke18
movl 0 -9.7688 374.4945 177.9238 -167.8149 -10.7497 100.2845 100.0000 stroke18
movl 0 -9.5744 373.5431 178.3789 -167.7658 -11.2003 100.4156 100.0000 stroke18
movl 0 -6.9003 369.9647 183.1811 -167.3232 -12.9817 100.6790 100.0000 stroke18
movl 0 -0.5069 355.9664 220.8530 -165.5904 -18.4598 101.5575 100.0000 stroke18
