movl 0 -20.4181 408.0511 182.1400 -159.3880 -22.9680 101.2759 100.0000 stroke1
movl 0 -16.1801 410.6085 178.6280 -158.6072 -21.3325 100.3684 100.0000 stroke1
movl 0 -11.9111 409.0641 178.6675 -154.8606 -19.6071 93.3571 100.0000 stroke1
movl 0 -9.3925 407.0775 176.4435 -148.6797 -15.3065 80.8010 100.0000 stroke1
movl 0 -8.8906 410.2592 175.3941 -148.5778 -12.9247 79.0253 100.0000 stroke1
movl 0 -12.1921 414.7202 176.1156 -151.5408 -13.6082 85.5195 100.0000 stroke1
movl 0 -15.2989 415.6058 175.4692 -152.7863 -11.9452 81.8483 100.0000 stroke1
movl 0 -15.1531 416.3945 174.8780 -152.8948 -11.1962 80.1364 100.0000 stroke1
movl 0 -16.0155 417.7246 174.3912 -153.7398 -11.8605 81.9593 100.0000 stroke1
movl 0 -17.2082 419.5979 173.5448 -154.7662 -12.1275 83.6892 100.0000 stroke1
movl 0 -18.0122 420.3241 173.0368 -155.0008 -12.2015 83.8670 100.0000 stroke1
movl 0 -19.9075 421.5959 172.2828 -155.3582 -11.3348 83.6156 100.0000 stroke1
movl 0 -22.9347 423.3982 171.3259 -156.8915 -10.1932 82.7123 100.0000 stroke1
movl 0 -24.6635 424.6649 170.6859 -157.8753 -9.0477 81.5890 100.0000 stroke1
movl 0 -23.9079 426.1635 170.2176 -158.2584 -7.7493 79.9506 100.0000 stroke1
movl 0 -23.9795 427.2820 169.8162 -158.2743 -6.5551 78.8409 100.0000 stroke1
movl 0 -24.9216 427.2603 169.8059 -158.2441 -5.5746 77.8258 100.0000 stroke1
movl 0 -25.2215 427.2693 169.9752 -158.2051 -4.5215 76.6860 100.0000 stroke1
movl 0 -25.6180 427.3877 170.0791 -158.2287 -3.5465 75.8083 100.0000 stroke1
movl 0 -25.7645 427.4327 170.3966 -158.2963 -2.4799 74.6700 100.0000 stroke1
movl 0 -26.3142 427.4118 170.8134 -158.4891 -1.0518 73.1209 100.0000 stroke1
movl 0 -26.4809 427.6431 171.1688 -158.6918 0.7408 71.4758 100.0000 stroke1
movl 0 -27.0590 427.2949 171.8121 -158.9667 2.2753 70.1254 100.0000 stroke1
movl 0 -28.0520 426.4954 172.5956 -159.3315 3.7775 69.0706 100.0000 stroke1
movl 0 -28.7857 425.3933 173.3019 -159.2698 3.7807 68.8177 100.0000 stroke1
movl 0 -28.0626 425.0934 173.7074 -159.0255 3.7943 68.9204 100.0000 stroke1
movl 0 -27.8241 424.9128 173.7069 -158.8699 3.5427 69.2498 100.0000 stroke1
movl 0 -27.1505 425.1736 173.2540 -158.8552 3.1871 69.6124 100.0000 stroke1
movl 0 -26.7141 425.7681 172.7565 -158.9162 3.0018 69.8810 100.0000 stroke1
movl 0 -26.7473 425.5791 172.7614 -158.8935 2.6960 70.0088 100.0000 stroke1
movl 0 -25.8860 424.2143 173.5090 -158.3905 1.8848 70.0867 100.0000 stroke1
movl 0 -17.2072 421.6052 178.5054 -154.7634 -0.2073 70.6337 100.0000 stroke1
movl 0 1.8386 425.4637 209.2987 -146.9503 -4.1588 72.8515 100.0000 stroke1
movl 0 6.6806 433.4954 222.4757 -140.6307 -9.4254 84.9348 100.0000 stroke2
movl 0 1.0988 426.8223 171.5554 -141.3132 -6.1732 83.9181 100.0000 stroke2
movl 0 -11.7864 418.1688 175.0382 -147.1662 -10.7009 85.3433 100.0000 stroke2
movl 0 -19.1394 418.1136 170.6613 -150.6416 -11.7270 89.2233 100.0000 stroke2
movl 0 -20.9717 418.2631 170.1101 -152.3507 -12.8586 90.5834 100.0000 stroke2
movl 0 -20.5798 419.4804 169.7581 -152.7454 -13.0853 90.2860 100.0000 stroke2
movl 0 -22.3489 421.5266 168.4539 -153.1516 -11.8925 89.4230 100.0000 stroke2
movl 0 -26.1702 424.9980 167.4162 -154.6337 -8.7411 87.6642 100.0000 stroke2
movl 0 -28.0662 427.1371 166.9525 -155.8330 -6.1714 84.9975 100.0000 stroke2
movl 0 -27.7298 428.3532 166.7886 -155.7838 -4.7333 83.2091 100.0000 stroke2
movl 0 -29.0248 429.4166 167.3692 -155.9908 -1.3694 80.4523 100.0000 stroke2
movl 0 -31.0348 429.6961 168.2734 -156.1434 1.8405 79.3163 100.0000 stroke2
movl 0 -32.5847 427.7410 169.4952 -156.0688 2.3756 78.5491 100.0000 stroke2
movl 0 -32.0588 427.6865 169.4962 -155.8204 2.5372 78.1389 100.0000 stroke2
movl 0 -30.9497 427.2687 169.6530 -155.6487 2.1218 77.5298 100.0000 stroke2
movl 0 -29.7369 425.7586 170.6215 -155.4133 1.3769 77.1359 100.0000 stroke2
movl 0 -26.6175 416.7317 181.1977 -154.0998 -4.7214 78.1120 100.0000 stroke2
movl 0 -31.4068 400.7780 228.9374 -155.5101 -15.9565 81.4675 100.0000 stroke2
movl 0 -58.5384 366.9369 233.3359 -175.1185 -28.8407 116.4512 100.0000 stroke3
movl 0 -58.7578 373.0444 195.2523 -175.1167 -26.0980 118.2402 100.0000 stroke3
movl 0 -60.0360 370.8069 190.7039 -177.0865 -26.5271 120.7170 100.0000 stroke3
movl 0 -63.9108 374.5006 184.1710 -176.8331 -25.1151 120.6916 100.0000 stroke3
movl 0 -67.5275 376.1906 183.3272 -177.0676 -24.4213 120.0389 100.0000 stroke3
movl 0 -70.1090 377.8789 181.4856 -177.2942 -23.5929 118.8883 100.0000 stroke3
movl 0 -72.2431 379.4667 179.9594 -177.2475 -22.9086 118.0247 100.0000 stroke3
movl 0 -76.8399 382.6102 177.9298 -178.0780 -20.6433 116.9416 100.0000 stroke3
movl 0 -78.7852 384.5004 177.3197 -178.5033 -18.3535 115.3719 100.0000 stroke3
movl 0 -79.8251 385.4298 177.6094 -178.4097 -17.3776 113.1654 100.0000 stroke3
movl 0 -81.4015 385.9267 177.6941 -178.9052 -17.4976 112.5522 100.0000 stroke3
movl 0 -80.6684 387.3213 177.5977 -178.8543 -17.4779 111.4110 100.0000 stroke3
movl 0 -78.5537 388.4522 178.0116 -178.9651 -17.3253 110.9560 100.0000 stroke3
movl 0 -75.5382 390.0303 178.4526 -179.1005 -17.0498 109.9147 100.0000 stroke3
movl 0 -71.8360 392.4429 178.6858 -179.1083 -16.5590 108.0786 100.0000 stroke3
movl 0 -67.1377 394.8189 179.0661 -178.9863 -16.1874 105.9938 100.0000 stroke3
movl 0 -64.9540 395.0321 179.4061 -178.8576 -16.3223 105.3565 100.0000 stroke3
movl 0 -65.2969 394.1030 179.7409 -178.9116 -16.6639 105.5078 100.0000 stroke3
movl 0 -63.7226 394.3030 179.8631 -178.6995 -16.6970 105.1437 100.0000 stroke3
movl 0 -65.1147 393.3878 180.0806 -178.6804 -16.7852 105.6665 100.0000 stroke3
movl 0 -63.7851 393.6228 180.1773 -178.2202 -16.8739 105.6875 100.0000 stroke3
movl 0 -64.1881 393.2508 180.3356 -178.0872 -16.9502 105.8630 100.0000 stroke3
movl 0 -63.8146 393.0434 180.3199 -177.8634 -17.0515 105.9915 100.0000 stroke3
movl 0 -61.4834 391.6012 182.0448 -176.7853 -17.9781 105.8250 100.0000 stroke3
movl 0 -45.8292 388.2554 201.6980 -171.5468 -22.7538 102.9088 100.0000 stroke3
movl 0 -2.0862 417.0750 221.3042 -153.9528 -13.5369 84.7742 100.0000 stroke4
movl 0 -7.8176 413.9538 183.4478 -154.9021 -11.5027 84.9128 100.0000 stroke4
movl 0 -16.9007 408.4524 183.7188 -158.9453 -14.7374 86.0658 100.0000 stroke4
movl 0 -16.9167 409.9681 180.8731 -159.7742 -13.7411 85.7460 100.0000 stroke4
movl 0 -16.6229 411.9281 178.7003 -160.0947 -13.4180 85.3343 100.0000 stroke4
movl 0 -19.8871 417.1210 175.1514 -162.1721 -11.3936 86.0036 100.0000 stroke4
movl 0 -20.2794 420.6842 173.5199 -163.1714 -9.2823 85.3562 100.0000 stroke4
movl 0 -19.3777 422.9327 173.1508 -163.3083 -8.1687 84.9395 100.0000 stroke4
movl 0 -20.3350 424.1814 172.7378 -163.2115 -7.0013 85.0691 100.0000 stroke4
movl 0 -20.8170 424.7157 172.8722 -162.7985 -5.4046 85.5615 100.0000 stroke4
movl 0 -22.2920 423.9406 174.0355 -162.4154 -3.9153 86.6495 100.0000 stroke4
movl 0 -23.4555 421.2996 175.6621 -161.7186 -3.7024 87.8006 100.0000 stroke4
movl 0 -22.9796 420.7455 176.1112 -161.4145 -3.9380 88.0324 100.0000 stroke4
movl 0 -22.6682 420.4216 176.0116 -161.4731 -4.3184 88.0738 100.0000 stroke4
movl 0 -21.3386 419.0299 176.6642 -161.2526 -5.4849 88.0488 100.0000 stroke4
movl 0 -18.8090 412.1473 180.7888 -161.5777 -11.2523 88.6277 100.0000 stroke4
movl 0 -16.4486 391.4950 209.0058 -164.6992 -24.7811 89.1635 100.0000 stroke4
movl 0 -39.6904 363.1356 197.3949 -179.9055 -31.4108 134.4284 100.0000 stroke5
movl 0 -53.7187 360.5064 185.3572 178.1839 -28.3320 134.9074 100.0000 stroke5
movl 0 -60.9552 360.7746 181.3460 176.7890 -26.3556 133.4897 100.0000 stroke5
movl 0 -61.5448 364.4225 179.3310 178.6528 -25.2931 130.7110 100.0000 stroke5
movl 0 -63.9313 366.0604 178.7440 179.4476 -24.6560 128.3059 100.0000 stroke5
movl 0 -65.5504 367.0980 177.9433 179.3602 -24.2497 128.1315 100.0000 stroke5
movl 0 -68.9650 368.4812 176.8118 178.4855 -23.0034 127.9162 100.0000 stroke5
movl 0 -72.0318 369.1882 176.1037 177.6834 -21.9720 127.2037 100.0000 stroke5
movl 0 -73.9471 369.3449 175.8211 177.1227 -21.0530 126.9911 100.0000 stroke5
movl 0 -74.4309 369.3441 175.9842 176.9018 -21.0265 126.6680 100.0000 stroke5
movl 0 -74.4624 369.8624 175.8357 176.6774 -20.7706 126.2278 100.0000 stroke5
movl 0 -73.8884 370.4395 175.8170 176.5358 -20.5232 125.7029 100.0000 stroke5
movl 0 -73.3380 371.1680 175.7209 176.2526 -20.1312 124.8504 100.0000 stroke5
movl 0 -72.4741 372.0431 175.6518 176.0187 -19.6799 123.9882 100.0000 stroke5
movl 0 -70.9881 372.8748 175.8598 175.8920 -19.3689 122.6179 100.0000 stroke5
movl 0 -69.8646 374.3991 175.7711 175.8200 -18.7519 120.9932 100.0000 stroke5
movl 0 -68.5930 375.9834 175.6984 175.5777 -17.6860 119.3629 100.0000 stroke5
movl 0 -67.9706 377.4642 175.5840 174.7925 -16.8721 117.6392 100.0000 stroke5
movl 0 -67.5684 377.3088 175.7965 174.6045 -16.9548 117.5167 100.0000 stroke5
movl 0 -65.3829 373.8168 177.3461 175.0094 -19.3760 117.7564 100.0000 stroke5
movl 0 -64.3953 372.8737 177.8658 175.0851 -20.0513 117.6663 100.0000 stroke5
movl 0 -64.5026 372.8861 177.8282 174.9892 -19.9285 117.6576 100.0000 stroke5
movl 0 -64.2420 372.9402 177.8119 175.1962 -19.8915 117.4758 100.0000 stroke5
movl 0 -64.1004 374.0216 177.3414 175.9853 -18.5954 116.8995 100.0000 stroke5
movl 0 -63.8681 374.0766 177.3487 176.7715 -18.6192 116.9053 100.0000 stroke5
movl 0 -64.0016 373.6397 177.5721 177.0294 -18.8903 116.8633 100.0000 stroke5
movl 0 -64.1821 373.6963 177.5574 177.1012 -18.9088 116.8538 100.0000 stroke5
movl 0 -63.9560 373.6543 177.6223 177.1155 -19.0350 116.8094 100.0000 stroke5
movl 0 -63.5003 373.3564 177.7373 176.7271 -19.4134 116.7009 100.0000 stroke5
movl 0 -63.2294 373.5350 177.6238 176.4393 -19.5679 116.4826 100.0000 stroke5
movl 0 -63.3346 374.2161 177.2857 176.5615 -19.0525 116.2834 100.0000 stroke5
movl 0 -62.9643 374.7272 176.8565 176.8688 -18.6272 115.9508 100.0000 stroke5
movl 0 -65.1693 373.4244 177.2923 176.6744 -19.0127 116.4993 100.0000 stroke5
movl 0 -63.6026 373.4114 177.5786 177.2075 -19.3433 116.2538 100.0000 stroke5
movl 0 -63.0194 371.7273 178.7319 177.4190 -20.1852 116.2950 100.0000 stroke5
movl 0 -62.7481 360.4815 200.4392 175.2650 -26.2399 118.5874 100.0000 stroke5
movl 0 -36.3490 382.4471 196.2871 -167.9598 -25.0803 126.8853 100.0000 stroke6
movl 0 -39.3958 377.8996 179.3757 -169.1827 -24.1962 124.8524 100.0000 stroke6
movl 0 -47.8325 373.3076 179.6569 -173.2737 -24.4808 127.3159 100.0000 stroke6
movl 0 -45.0506 374.2527 178.9707 -173.4799 -24.8353 127.2432 100.0000 stroke6
movl 0 -44.2131 376.2590 177.5626 -173.1153 -24.5665 128.0074 100.0000 stroke6
movl 0 -43.7761 377.4431 176.8556 -172.6358 -24.7512 128.2260 100.0000 stroke6
movl 0 -46.8555 381.9618 174.6822 -172.4479 -22.7312 128.0790 100.0000 stroke6
movl 0 -49.2841 383.3187 174.3870 -172.5650 -20.9009 127.3065 100.0000 stroke6
movl 0 -50.4936 384.0901 174.3076 -172.5100 -19.7585 125.9819 100.0000 stroke6
movl 0 -50.8575 385.0182 174.1621 -171.8964 -18.7460 124.5873 100.0000 stroke6
movl 0 -51.4637 385.5111 174.3998 -170.8990 -17.0639 122.4482 100.0000 stroke6
movl 0 -51.4056 385.9095 174.5959 -169.9502 -15.9544 120.4593 100.0000 stroke6
movl 0 -51.6662 386.3663 174.8650 -169.0616 -14.5250 118.2793 100.0000 stroke6
movl 0 -52.5315 386.9484 175.2894 -168.0370 -12.2043 115.3789 100.0000 stroke6
movl 0 -51.8689 385.5190 176.1099 -167.3076 -11.8840 111.9787 100.0000 stroke6
movl 0 -50.9495 385.0075 176.3947 -166.2821 -11.0599 107.3805 100.0000 stroke6
movl 0 -51.3285 384.7041 176.5472 -166.2212 -10.9767 105.9651 100.0000 stroke6
movl 0 -51.1931 383.8364 176.6585 -166.2949 -11.5765 105.0977 100.0000 stroke6
movl 0 -51.1939 383.1508 176.9207 -166.4185 -12.1078 105.0587 100.0000 stroke6
movl 0 -50.9514 381.2128 178.2333 -166.5135 -13.4610 104.2429 100.0000 stroke6
movl 0 -48.9144 379.2630 195.9841 -166.1885 -16.7024 102.8333 100.0000 stroke6
movl 0 -16.7112 388.8444 204.8772 -157.5536 -21.0404 101.7156 100.0000 stroke7
movl 0 -21.5241 382.3795 178.7492 -158.8498 -18.9743 102.5821 100.0000 stroke7
movl 0 -32.2988 375.9480 180.0564 -163.8868 -21.4072 105.8755 100.0000 stroke7
movl 0 -38.5937 372.0057 179.9558 -166.4740 -22.1402 108.4058 100.0000 stroke7
movl 0 -40.6921 372.8491 178.8540 -167.4590 -22.0897 110.1145 100.0000 stroke7
movl 0 -42.2648 374.4015 177.6732 -168.5570 -21.6748 112.1365 100.0000 stroke7
movl 0 -43.9179 375.3960 177.0511 -169.2290 -21.1601 113.3921 100.0000 stroke7
movl 0 -47.0304 375.9252 176.7745 -170.8984 -19.8424 114.5001 100.0000 stroke7
movl 0 -50.4442 374.4470 177.2685 -172.4096 -19.7652 114.8479 100.0000 stroke7
movl 0 -50.4706 375.0393 177.1801 -172.5927 -19.4834 114.3834 100.0000 stroke7
movl 0 -48.9474 375.6721 177.1189 -172.3840 -19.5147 112.7340 100.0000 stroke7
movl 0 -46.8599 376.7419 176.8702 -172.3363 -19.0703 111.5065 100.0000 stroke7
movl 0 -44.2471 377.8096 176.8188 -172.2471 -18.6744 110.0364 100.0000 stroke7
movl 0 -41.2364 378.7697 176.9505 -172.2707 -18.3261 108.4602 100.0000 stroke7
movl 0 -38.6412 380.4803 176.4055 -172.4615 -17.7274 106.9405 100.0000 stroke7
movl 0 -36.3739 380.8497 176.3843 -172.0320 -17.6053 106.2957 100.0000 stroke7
movl 0 -36.4572 379.9540 176.9631 -171.8760 -17.9883 106.4693 100.0000 stroke7
movl 0 -36.2055 379.6799 177.1720 -171.7234 -18.1188 106.4164 100.0000 stroke7
movl 0 -36.1017 379.4543 177.3378 -171.6107 -18.1675 106.3993 100.0000 stroke7
movl 0 -36.2359 379.2544 177.3896 -171.6550 -18.2157 106.4902 100.0000 stroke7
movl 0 -36.0575 379.3552 177.3956 -171.6377 -18.2387 106.5236 100.0000 stroke7
movl 0 -35.8603 379.2229 177.4964 -171.5879 -18.3439 106.5685 100.0000 stroke7
movl 0 -35.2697 378.7611 177.7947 -171.5405 -18.6363 106.5487 100.0000 stroke7
movl 0 -34.5477 378.6464 178.0717 -171.4907 -18.8282 106.3552 100.0000 stroke7
movl 0 -33.9313 378.5927 178.3142 -171.3279 -18.9494 106.1595 100.0000 stroke7
movl 0 -33.9077 379.0073 178.1788 -171.3412 -18.7799 105.9673 100.0000 stroke7
movl 0 -33.8265 380.8225 177.4307 -171.3092 -17.8049 105.5006 100.0000 stroke7
movl 0 -32.4377 383.0973 176.9227 -170.6971 -16.1179 104.0915 100.0000 stroke7
movl 0 -32.2933 384.7429 176.1224 -169.9361 -15.1210 104.0019 100.0000 stroke7
movl 0 -32.4079 386.0044 175.5920 -168.8876 -14.0549 103.6547 100.0000 stroke7
movl 0 -32.7760 386.9504 175.6753 -167.8301 -12.0658 103.8064 100.0000 stroke7
movl 0 -32.8628 387.1451 176.0018 -166.7551 -10.4031 103.7487 100.0000 stroke7
movl 0 -33.4100 386.0078 176.6530 -166.4054 -10.1134 103.5388 100.0000 stroke7
movl 0 -33.2518 385.3303 177.0186 -166.4113 -10.4585 103.4062 100.0000 stroke7
movl 0 -32.7750 383.1220 177.8902 -166.8353 -12.1093 102.9679 100.0000 stroke7
movl 0 -28.4262 376.9418 185.6840 -167.2055 -17.4130 102.7386 100.0000 stroke7
movl 0 -19.0203 363.3670 244.3652 -166.1691 -26.5609 103.1603 100.0000 stroke7
movl 0 -21.6673 361.2089 207.8051 -166.1143 -25.7306 109.9554 100.0000 stroke8
movl 0 -40.7142 357.0763 183.7530 -169.9678 -22.7819 111.5691 100.0000 stroke8
movl 0 -46.0480 355.2558 184.0669 -172.4744 -23.1109 114.3425 100.0000 stroke8
movl 0 -45.0803 357.5407 182.9283 -171.8148 -22.1442 114.6974 100.0000 stroke8
movl 0 -47.6612 360.7189 181.0914 -171.8966 -21.0074 115.5530 100.0000 stroke8
movl 0 -48.5851 362.4202 180.0204 -172.2110 -20.8342 116.7334 100.0000 stroke8
movl 0 -49.3440 364.1599 179.2763 -172.1686 -20.7341 117.6212 100.0000 stroke8
movl 0 -50.8776 365.6354 178.6219 -172.4339 -19.4859 117.4173 100.0000 stroke8
movl 0 -52.1856 365.7322 178.6003 -173.2064 -18.9462 116.9296 100.0000 stroke8
movl 0 -52.6817 365.8907 178.6500 -173.6124 -18.6891 116.5091 100.0000 stroke8
movl 0 -51.7680 366.3500 178.5874 -173.6412 -18.3996 115.9289 100.0000 stroke8
movl 0 -50.0738 366.8951 178.5342 -173.6257 -17.9544 114.7128 100.0000 stroke8
movl 0 -48.4740 367.7783 178.3923 -173.6100 -17.6409 112.4845 100.0000 stroke8
movl 0 -47.2241 369.0445 178.1543 -174.1116 -17.0897 110.0366 100.0000 stroke8
movl 0 -44.5189 370.7986 177.5049 -173.6371 -16.5281 108.4916 100.0000 stroke8
movl 0 -43.1402 368.5611 178.4452 -173.4222 -17.7577 108.6821 100.0000 stroke8
movl 0 -44.0843 369.5047 178.0208 -173.7311 -16.7163 108.8040 100.0000 stroke8
movl 0 -44.5381 369.2090 178.2093 -173.4269 -16.6960 108.9532 100.0000 stroke8
movl 0 -44.5358 368.7153 178.3553 -173.1348 -16.7947 108.4351 100.0000 stroke8
movl 0 -44.5661 367.5487 178.8896 -172.8568 -17.1076 108.1426 100.0000 stroke8
movl 0 -43.4935 364.8918 180.9612 -171.9883 -18.0224 106.7654 100.0000 stroke8
movl 0 -42.7598 360.9097 200.3529 -171.0095 -19.7124 104.2026 100.0000 stroke8
movl 0 -23.4941 349.8053 202.0492 -157.5758 -21.2952 94.8766 100.0000 stroke9
movl 0 -33.2467 349.4036 182.8801 -160.9092 -19.9781 95.7997 100.0000 stroke9
movl 0 -35.3978 350.7481 181.9966 -161.8119 -19.4015 95.1352 100.0000 stroke9
movl 0 -35.6154 352.7971 180.3004 -161.6596 -18.4020 95.1065 100.0000 stroke9
movl 0 -37.2720 355.2626 178.7911 -161.9603 -17.5622 95.6362 100.0000 stroke9
movl 0 -39.0084 357.3134 177.6858 -162.2558 -16.9855 96.1610 100.0000 stroke9
movl 0 -41.3823 359.4038 176.6287 -162.7605 -15.7927 96.3858 100.0000 stroke9
movl 0 -43.7227 361.7533 175.5530 -163.1843 -14.0298 96.0520 100.0000 stroke9
movl 0 -45.5140 364.3764 174.1125 -163.1617 -11.7321 96.3854 100.0000 stroke9
movl 0 -47.6456 364.8404 173.5780 -163.3425 -10.5923 96.9578 100.0000 stroke9
movl 0 -45.7411 364.0807 174.4926 -163.0935 -11.2825 95.3828 100.0000 stroke9
movl 0 -47.5480 364.3364 173.7811 -163.6255 -9.8217 94.6604 100.0000 stroke9
movl 0 -48.5064 363.8185 174.3862 -164.0871 -10.4968 94.4738 100.0000 stroke9
movl 0 -48.0868 364.1304 174.6347 -164.2319 -11.0210 93.9026 100.0000 stroke9
movl 0 -46.9166 364.0333 174.7721 -164.2345 -11.4569 93.0192 100.0000 stroke9
movl 0 -45.9640 363.7166 175.1178 -164.2749 -11.7677 92.3570 100.0000 stroke9
movl 0 -44.6438 363.4272 175.3784 -164.1958 -11.9887 91.7556 100.0000 stroke9
movl 0 -42.6846 362.7741 175.9650 -163.9064 -12.3694 91.0992 100.0000 stroke9
movl 0 -40.8692 362.2317 176.4892 -163.4521 -12.5601 90.6013 100.0000 stroke9
movl 0 -40.9525 361.7141 176.6863 -163.3720 -12.5877 90.8002 100.0000 stroke9
movl 0 -39.6749 358.7211 178.5624 -162.8593 -13.6193 91.4230 100.0000 stroke9
movl 0 -36.4126 352.6501 199.2974 -162.7129 -17.5791 92.9740 100.0000 stroke9
movl 0 -6.0684 357.1261 236.1641 -160.3468 -23.1411 100.9509 100.0000 stroke10
movl 0 -12.8337 352.8585 187.1071 -162.1501 -20.8743 101.0478 100.0000 stroke10
movl 0 -19.2282 350.5079 180.7118 -164.1343 -21.4457 100.3176 100.0000 stroke10
movl 0 -23.9294 352.7003 177.0775 -164.9450 -20.5743 100.9514 100.0000 stroke10
movl 0 -23.4493 353.5831 176.1274 -165.2148 -20.4327 100.5604 100.0000 stroke10
movl 0 -22.5023 354.3061 175.8680 -165.3264 -20.2800 100.1121 100.0000 stroke10
movl 0 -26.4219 357.4714 174.3703 -167.0655 -18.4969 100.1891 100.0000 stroke10
movl 0 -29.1923 359.6094 173.4988 -168.1090 -16.8162 99.9201 100.0000 stroke10
movl 0 -27.5121 361.4710 172.8994 -167.9304 -15.5811 98.8827 100.0000 stroke10
movl 0 -27.6356 361.8705 172.7144 -167.7894 -15.2940 99.0722 100.0000 stroke10
movl 0 -28.0516 361.6999 172.4586 -167.3530 -14.8898 99.6109 100.0000 stroke10
movl 0 -28.9376 360.7366 172.6141 -167.0481 -14.6491 100.1151 100.0000 stroke10
movl 0 -29.9031 359.3985 173.0629 -166.8518 -14.3059 100.8505 100.0000 stroke10
movl 0 -31.2864 357.2683 173.6788 -166.7648 -14.3941 101.8708 100.0000 stroke10
movl 0 -32.2582 355.2887 174.4848 -166.6498 -14.8203 102.7840 100.0000 stroke10
movl 0 -32.3188 354.2432 175.1009 -166.5055 -15.2163 103.1739 100.0000 stroke10
movl 0 -32.2939 353.5315 175.5621 -166.5892 -15.5872 103.2081 100.0000 stroke10
movl 0 -31.8016 353.2996 175.6776 -166.6319 -15.8700 103.1341 100.0000 stroke10
movl 0 -30.0755 352.5741 177.0963 -166.9601 -16.7603 103.0193 100.0000 stroke10
movl 0 -15.0155 353.2107 201.9937 -165.3892 -21.4565 102.3344 100.0000 stroke10
movl 0 -55.8326 333.0869 202.0741 -178.5596 -25.9760 127.8625 100.0000 stroke11
movl 0 -62.2589 332.4745 187.3440 -178.1986 -24.4608 127.4733 100.0000 stroke11
movl 0 -66.2445 332.9630 184.4829 -178.9070 -23.3127 127.3792 100.0000 stroke11
movl 0 -71.7386 332.9071 182.1644 -179.5636 -22.1467 128.6723 100.0000 stroke11
movl 0 -74.2166 333.5726 181.3587 -179.6549 -21.9055 128.9161 100.0000 stroke11
movl 0 -76.3028 333.8060 180.9723 -179.6849 -21.6421 129.2256 100.0000 stroke11
movl 0 -78.2470 334.0752 180.6195 -179.7684 -21.4092 129.4377 100.0000 stroke11
movl 0 -80.3550 335.2661 179.8985 -179.9601 -20.6230 128.9905 100.0000 stroke11
movl 0 -82.7506 336.0970 179.0338 179.4040 -19.4559 128.4570 100.0000 stroke11
movl 0 -83.6781 336.8245 178.7023 179.4645 -18.3265 127.6055 100.0000 stroke11
movl 0 -84.2669 336.7005 178.7978 179.2445 -18.2086 127.1497 100.0000 stroke11
movl 0 -84.8530 336.8475 178.6897 178.7881 -18.0783 126.7151 100.0000 stroke11
movl 0 -83.7912 337.5291 178.5697 178.7538 -17.7518 125.9232 100.0000 stroke11
movl 0 -82.1266 338.2582 178.6973 178.6958 -17.4561 124.6048 100.0000 stroke11
movl 0 -79.9459 338.9550 178.9398 178.7140 -17.1309 122.9555 100.0000 stroke11
movl 0 -78.4337 339.7559 179.0451 178.7838 -16.5839 121.2275 100.0000 stroke11
movl 0 -77.3559 340.7334 179.0350 178.6915 -16.0377 119.6888 100.0000 stroke11
movl 0 -76.4225 341.7231 178.9939 178.4298 -15.4327 118.2324 100.0000 stroke11
movl 0 -75.8945 342.3352 179.1013 177.9587 -14.9833 117.0265 100.0000 stroke11
movl 0 -74.8598 343.0437 179.3170 177.7666 -14.5145 115.7191 100.0000 stroke11
movl 0 -73.7118 343.4624 179.5038 177.5635 -14.2109 114.6051 100.0000 stroke11
movl 0 -72.4014 344.2143 179.6887 177.4351 -13.9406 113.5642 100.0000 stroke11
movl 0 -71.6651 345.2086 179.7028 177.1742 -13.4480 112.5119 100.0000 stroke11
movl 0 -71.7885 345.9847 179.5772 176.6962 -13.0163 111.5436 100.0000 stroke11
movl 0 -71.5377 346.9981 179.4767 176.2851 -12.6068 110.4851 100.0000 stroke11
movl 0 -71.8049 347.8763 179.2287 175.6547 -12.2103 109.2570 100.0000 stroke11
movl 0 -71.8304 349.1360 178.9492 175.3587 -11.8081 107.4927 100.0000 stroke11
movl 0 -72.1418 350.0943 178.6735 174.9299 -11.4602 106.1785 100.0000 stroke11
movl 0 -72.3641 350.9407 178.4340 174.4873 -11.1255 104.1750 100.0000 stroke11
movl 0 -73.1707 351.5969 178.0132 173.7206 -10.9029 102.7612 100.0000 stroke11
movl 0 -73.9449 352.3873 177.6583 173.2072 -10.6453 100.9774 100.0000 stroke11
movl 0 -75.3962 352.9866 177.1449 172.2865 -10.5354 99.0464 100.0000 stroke11
movl 0 -75.6763 354.1493 176.6705 171.7866 -10.3442 97.0264 100.0000 stroke11
movl 0 -76.2283 353.4853 176.8443 171.5994 -10.6355 96.0927 100.0000 stroke11
movl 0 -75.1014 349.8745 178.5377 172.2489 -12.2013 96.4030 100.0000 stroke11
movl 0 -74.6019 348.2154 179.4012 172.3612 -13.1304 96.6004 100.0000 stroke11
movl 0 -73.9462 347.4189 179.9497 172.5571 -13.6013 96.3829 100.0000 stroke11
movl 0 -73.9747 346.9795 180.1857 172.4326 -13.8931 96.1497 100.0000 stroke11
movl 0 -73.6606 346.7775 180.4127 172.4891 -14.0658 95.7981 100.0000 stroke11
movl 0 -73.6119 347.2614 180.2940 172.4991 -13.7738 95.4955 100.0000 stroke11
movl 0 -73.5151 348.4690 179.8726 172.6094 -12.7883 94.9257 100.0000 stroke11
movl 0 -73.2860 349.0426 179.7763 172.6982 -12.2696 94.4308 100.0000 stroke11
movl 0 -73.0382 349.2710 179.7582 172.7417 -11.9633 94.1581 100.0000 stroke11
movl 0 -72.7203 349.0187 179.9604 172.7935 -11.8807 94.0220 100.0000 stroke11
movl 0 -71.9433 348.5253 180.2946 172.9423 -11.9425 93.8165 100.0000 stroke11
movl 0 -71.2632 347.9090 180.6615 173.1422 -11.9999 93.6502 100.0000 stroke11
movl 0 -71.2370 347.2524 180.8107 173.1804 -12.0130 93.6578 100.0000 stroke11
movl 0 -70.6798 346.8240 180.9303 173.4733 -12.0801 93.9577 100.0000 stroke11
movl 0 -69.4299 345.7160 181.6013 174.1683 -13.0073 95.3958 100.0000 stroke11
movl 0 -68.9942 344.6615 182.0006 174.3885 -13.6867 96.0971 100.0000 stroke11
movl 0 -69.0134 343.6979 182.4290 174.5220 -14.1952 96.5561 100.0000 stroke11
movl 0 -69.0099 342.7959 182.7209 174.6400 -14.6475 96.9343 100.0000 stroke11
movl 0 -68.7524 341.8086 182.9814 174.8327 -15.1033 97.4590 100.0000 stroke11
movl 0 -68.8300 341.0175 183.1815 174.9877 -15.3362 97.8098 100.0000 stroke11
movl 0 -69.0440 340.6077 183.2353 175.1308 -15.4214 98.1210 100.0000 stroke11
movl 0 -69.0723 340.4371 183.3834 175.3322 -15.4881 98.2731 100.0000 stroke11
movl 0 -69.4542 339.7009 183.6804 175.3754 -15.7594 98.5394 100.0000 stroke11
movl 0 -69.5628 339.3456 183.8303 175.5219 -15.8663 98.5774 100.0000 stroke11
movl 0 -69.5175 339.0772 183.9997 175.5930 -15.9743 98.6054 100.0000 stroke11
movl 0 -69.2698 339.0785 184.0247 175.5745 -15.9520 98.4965 100.0000 stroke11
movl 0 -69.2946 338.3750 184.2727 175.5055 -16.0758 98.5227 100.0000 stroke11
movl 0 -70.4750 336.7941 184.6945 175.1177 -16.5028 98.8595 100.0000 stroke11
movl 0 -71.6507 333.4565 187.8358 174.5856 -17.6084 99.0323 100.0000 stroke11
movl 0 -68.0044 324.8215 216.4292 175.2715 -20.8744 99.2450 100.0000 stroke11
