movl 0 -21.3626 378.6633 169.2682 175.6435 -35.9450 159.6662 100.0000 stroke1
movl 0 -22.7398 378.4770 167.0489 -179.4780 -34.9701 152.0203 100.0000 stroke1
movl 0 -21.3226 378.7540 167.5489 -178.8397 -34.8168 151.3424 100.0000 stroke1
movl 0 -26.3385 368.3719 174.3195 172.8686 -34.3826 161.3052 100.0000 stroke1
movl 0 -33.0965 361.9666 176.2457 164.2612 -31.8880 169.8433 100.0000 stroke1
movl 0 -32.9668 370.6492 178.1244 156.7969 -25.5718 -170.0828 100.0000 stroke1
movl 0 -25.3033 370.8019 166.9566 144.5523 -16.0679 -144.5422 100.0000 stroke1
movl 0 -24.4087 366.3403 167.4187 143.3543 -14.8955 -146.8572 100.0000 stroke1
movl 0 -25.8322 371.0830 171.4410 152.3177 -21.7485 -161.4315 100.0000 stroke1
movl 0 -29.7973 369.5278 171.8728 155.9675 -22.2303 -168.8442 100.0000 stroke1
movl 0 -39.5210 366.0939 171.7121 157.7749 -20.6264 -169.2351 100.0000 stroke1
movl 0 -48.1504 363.7383 170.9223 158.4760 -19.4129 -167.7520 100.0000 stroke1
movl 0 -54.4800 360.3869 169.8562 157.3460 -17.3487 -165.6337 100.0000 stroke1
movl 0 -52.1411 361.3036 170.5740 156.5009 -17.4167 -164.4773 100.0000 stroke1
movl 0 -55.8861 361.1161 175.0899 155.2110 -17.2248 -161.1057 100.0000 stroke1
movl 0 -58.1512 361.1097 171.4342 156.5526 -16.2808 -163.7599 100.0000 stroke1
movl 0 -56.9450 361.5725 170.4083 157.6442 -16.7139 -164.8406 100.0000 stroke1
movl 0 -58.8577 359.4462 169.1717 157.0928 -16.5225 -162.9062 100.0000 stroke1
movl 0 -58.7506 361.2313 167.8568 157.2277 -16.2704 -162.1690 100.0000 stroke1
movl 0 -61.8830 360.8884 167.5147 158.0586 -14.9432 -162.2481 100.0000 stroke1
movl 0 -62.8426 360.5309 167.6700 158.5089 -14.0005 -162.0650 100.0000 stroke1
movl 0 -64.9129 360.2106 167.5969 158.7958 -12.7500 -161.9617 100.0000 stroke1
movl 0 -66.5336 360.6090 167.5709 159.8406 -11.9942 -162.3096 100.0000 stroke1
movl 0 -67.9028 359.8362 167.7431 160.2883 -11.3208 -162.7238 100.0000 stroke1
movl 0 -69.5777 359.5521 167.7585 159.6263 -10.2256 -162.5014 100.0000 stroke1
movl 0 -69.3614 360.2985 167.5065 159.7991 -10.0933 -162.7952 100.0000 stroke1
movl 0 -68.5784 361.4091 167.5557 160.0127 -10.0640 -163.1597 100.0000 stroke1
movl 0 -68.6576 360.7578 167.8205 159.9084 -9.8876 -163.0580 100.0000 stroke1
movl 0 -66.8829 361.7729 168.0138 159.9902 -10.0821 -163.5346 100.0000 stroke1
movl 0 -66.0096 362.3495 168.0612 160.0967 -10.0764 -163.9068 100.0000 stroke1
movl 0 -65.3346 362.5312 168.2487 160.0798 -10.0166 -164.1771 100.0000 stroke1
movl 0 -64.2257 363.1726 168.3491 160.1548 -10.0680 -164.4660 100.0000 stroke1
movl 0 -63.1567 363.5802 168.5550 160.1676 -10.0681 -164.8099 100.0000 stroke1
movl 0 -61.9287 364.1534 168.7855 160.1927 -10.0371 -165.2477 100.0000 stroke1
movl 0 -59.9015 365.1131 169.0849 160.2158 -10.0767 -166.0094 100.0000 stroke1
movl 0 -57.0836 366.1645 169.4820 160.1848 -10.3794 -166.8034 100.0000 stroke1
movl 0 -55.9783 365.6131 169.9400 159.8249 -10.8062 -166.5518 100.0000 stroke1
movl 0 -53.8135 365.0649 170.4782 159.0861 -11.6990 -166.2142 100.0000 stroke1
movl 0 -53.4978 365.2701 170.4219 159.1383 -11.7446 -166.1412 100.0000 stroke1
movl 0 -53.3911 365.6705 170.4928 159.6837 -11.7549 -166.0539 100.0000 stroke1
movl 0 -53.1753 366.3690 170.1560 160.0879 -11.9379 -165.7096 100.0000 stroke1
movl 0 -48.0425 364.1132 171.6589 157.1595 -14.9295 -159.6584 100.0000 stroke1
movl 0 -29.8155 359.4652 180.3350 142.7770 -15.1777 -146.8107 100.0000 stroke1
movl 0 -23.1175 356.4321 224.4171 127.8514 0.7437 -134.2566 100.0000 stroke1
movl 0 -19.6905 407.6612 243.0479 139.1386 -8.4854 -121.1070 100.0000 stroke2
movl 0 -10.7863 410.9372 177.2794 147.1133 -23.9921 -131.5102 100.0000 stroke2
movl 0 -15.6551 399.9316 164.1692 145.4493 -16.8521 -131.3210 100.0000 stroke2
movl 0 -24.5065 396.9814 162.2429 146.9259 -10.9178 -130.4638 100.0000 stroke2
movl 0 -24.7314 395.6775 162.6148 146.9473 -8.4131 -130.1771 100.0000 stroke2
movl 0 -25.5782 396.3347 161.9199 147.6053 -7.3799 -130.3252 100.0000 stroke2
movl 0 -28.7547 397.5081 161.6021 149.4614 -7.3531 -131.4100 100.0000 stroke2
movl 0 -31.1494 401.3801 161.5763 153.3030 -10.0163 -135.4417 100.0000 stroke2
movl 0 -30.4511 404.8497 161.3500 155.9538 -12.8204 -139.3652 100.0000 stroke2
movl 0 -28.5164 408.6139 160.5168 157.7439 -16.0377 -142.6861 100.0000 stroke2
movl 0 -27.7565 410.6653 160.1760 159.4837 -18.5609 -146.2106 100.0000 stroke2
movl 0 -27.1892 411.1048 160.5542 160.9809 -20.1858 -149.1199 100.0000 stroke2
movl 0 -26.6187 411.3231 160.8880 162.3517 -21.5472 -151.3311 100.0000 stroke2
movl 0 -26.6376 411.6222 161.3553 164.5376 -22.8665 -154.1942 100.0000 stroke2
movl 0 -26.6069 412.3863 161.7903 168.1973 -24.7240 -158.7810 100.0000 stroke2
movl 0 -26.9872 413.0131 162.1971 171.7217 -25.9192 -163.0136 100.0000 stroke2
movl 0 -27.1698 413.7876 162.5212 175.5559 -26.7967 -166.9439 100.0000 stroke2
movl 0 -27.8234 415.2368 162.5248 -179.2573 -27.1822 -171.6878 100.0000 stroke2
movl 0 -28.6785 415.7216 162.5383 -175.2059 -26.7702 -175.7513 100.0000 stroke2
movl 0 -26.8221 415.3695 163.2024 -174.8569 -27.2478 -176.8975 100.0000 stroke2
movl 0 -26.4378 414.6265 163.3000 -174.8004 -27.1423 -177.3573 100.0000 stroke2
movl 0 -26.4465 413.9654 163.5516 -174.7024 -27.1331 -177.6440 100.0000 stroke2
movl 0 -27.1004 413.8419 163.3988 -174.4880 -26.9026 -177.8726 100.0000 stroke2
movl 0 -26.5970 413.6207 163.4509 -174.8885 -26.9376 -178.2076 100.0000 stroke2
movl 0 -24.8461 412.3969 164.1123 -176.2923 -27.4893 -177.8783 100.0000 stroke2
movl 0 -7.4561 389.7364 194.4851 159.4354 -29.8141 -159.4663 100.0000 stroke2
movl 0 -10.4690 366.4117 236.7446 156.0651 -32.0810 -168.3608 100.0000 stroke3
movl 0 -27.5300 361.6086 182.7328 165.7532 -30.1805 -173.9594 100.0000 stroke3
movl 0 -40.0333 355.2906 174.0656 166.6519 -26.7237 -175.2409 100.0000 stroke3
movl 0 -47.5102 353.0798 171.9200 166.2182 -24.3663 -174.5353 100.0000 stroke3
movl 0 -49.3215 352.6707 170.5556 163.9399 -22.8557 -170.1146 100.0000 stroke3
movl 0 -51.0548 354.1433 169.5897 163.6773 -21.9209 -167.5728 100.0000 stroke3
movl 0 -53.3693 355.0442 168.7061 163.8459 -20.8623 -166.5810 100.0000 stroke3
movl 0 -56.4935 354.3581 168.4710 163.7874 -18.9203 -165.8641 100.0000 stroke3
movl 0 -58.4440 353.9131 168.6306 164.4813 -17.5980 -166.1313 100.0000 stroke3
movl 0 -60.6301 353.7955 168.9778 165.5013 -16.4509 -166.6530 100.0000 stroke3
movl 0 -61.8105 353.5002 169.3682 165.7286 -15.9190 -167.0566 100.0000 stroke3
movl 0 -62.2440 353.5100 169.3789 164.9880 -15.4428 -166.9882 100.0000 stroke3
movl 0 -61.8915 353.8327 169.4027 164.6328 -14.9760 -167.7243 100.0000 stroke3
movl 0 -59.7580 355.0481 169.7229 164.5629 -14.9362 -168.8029 100.0000 stroke3
movl 0 -57.8658 356.7093 169.8870 164.7050 -14.9020 -169.8779 100.0000 stroke3
movl 0 -56.4312 357.5081 170.0283 164.5885 -14.8063 -170.4157 100.0000 stroke3
movl 0 -54.5881 358.8612 170.1013 164.7399 -14.8397 -171.0187 100.0000 stroke3
movl 0 -52.9850 360.1925 170.1189 164.8515 -14.8580 -171.6050 100.0000 stroke3
movl 0 -50.9503 361.7163 170.1769 165.0446 -15.0028 -172.3946 100.0000 stroke3
movl 0 -49.1976 362.5280 170.5138 164.9905 -15.1579 -172.9495 100.0000 stroke3
movl 0 -46.9628 363.1431 170.9076 164.8499 -15.4291 -173.4490 100.0000 stroke3
movl 0 -45.2683 363.3498 171.1155 164.5926 -15.6016 -173.9124 100.0000 stroke3
movl 0 -32.9893 358.1927 177.0760 160.5359 -18.4331 -173.4368 100.0000 stroke3
movl 0 -12.3646 344.2316 213.1293 142.0635 -17.7187 -163.7440 100.0000 stroke3
movl 0 7.6758 409.3175 227.6247 139.4335 3.6860 -118.5971 100.0000 stroke4
movl 0 7.5324 410.6395 182.3340 142.8609 -9.5418 -126.7720 100.0000 stroke4
movl 0 -12.6497 400.3839 170.8879 149.4740 -8.1089 -135.6633 100.0000 stroke4
movl 0 -20.2096 396.2570 170.7731 150.9504 -3.4846 -137.9211 100.0000 stroke4
movl 0 -19.4951 398.9715 170.0468 152.0175 -4.2848 -138.6521 100.0000 stroke4
movl 0 -23.0241 398.6367 169.6313 152.5047 -3.4496 -138.2633 100.0000 stroke4
movl 0 -25.6838 398.4845 169.1604 153.1731 -2.8222 -137.9794 100.0000 stroke4
movl 0 -29.4556 398.4530 168.7261 154.5086 -1.5439 -137.5586 100.0000 stroke4
movl 0 -34.1224 398.4142 168.9011 156.5854 -0.0653 -138.2975 100.0000 stroke4
movl 0 -38.6924 397.8503 169.1594 158.3873 1.5338 -139.7247 100.0000 stroke4
movl 0 -42.7897 397.6892 169.0201 159.9513 2.8660 -141.2911 100.0000 stroke4
movl 0 -44.4246 398.4701 168.8083 161.0948 3.3016 -143.0435 100.0000 stroke4
movl 0 -43.0611 397.6927 169.2132 160.5536 2.8460 -143.2448 100.0000 stroke4
movl 0 -38.6975 396.3219 170.3561 158.8752 2.2128 -143.5003 100.0000 stroke4
movl 0 -37.2188 395.6451 170.8664 158.3369 2.2169 -143.8485 100.0000 stroke4
movl 0 -36.7331 396.1006 170.8112 158.5195 1.7545 -143.7717 100.0000 stroke4
movl 0 -36.1238 397.4157 171.0782 159.8624 0.1633 -143.9456 100.0000 stroke4
movl 0 -35.4168 397.5161 170.9921 159.7645 -0.3187 -143.7051 100.0000 stroke4
movl 0 -23.4936 392.2897 173.3004 151.3985 -1.0833 -137.2806 100.0000 stroke4
movl 0 -8.8686 382.9991 209.7860 138.2607 8.4320 -129.7201 100.0000 stroke4
movl 0 9.6564 392.5261 193.8802 141.5656 1.2122 -116.6017 100.0000 stroke5
movl 0 0.1222 385.6261 170.2291 146.9279 0.5613 -120.6860 100.0000 stroke5
movl 0 -8.6589 383.7659 170.8566 149.1595 3.5603 -120.3096 100.0000 stroke5
movl 0 -18.0375 383.9672 168.4296 151.4166 4.9976 -119.2629 100.0000 stroke5
movl 0 -18.3468 387.7216 166.4110 151.8442 4.3838 -118.1611 100.0000 stroke5
movl 0 -19.6557 387.3660 165.9360 151.8450 4.6561 -117.8356 100.0000 stroke5
movl 0 -22.8678 387.6229 166.1058 153.9160 5.2447 -118.3060 100.0000 stroke5
movl 0 -25.3993 387.3105 166.4996 155.3324 5.7768 -118.6683 100.0000 stroke5
movl 0 -26.1919 386.6776 166.7183 155.8732 6.3816 -119.0555 100.0000 stroke5
movl 0 -23.3409 387.9181 166.9758 156.0943 6.3255 -120.8033 100.0000 stroke5
movl 0 -18.4140 390.3791 167.1732 156.5816 6.3712 -123.9189 100.0000 stroke5
movl 0 -15.7285 392.0522 166.9754 156.5304 5.9374 -124.9381 100.0000 stroke5
movl 0 -12.7879 391.0734 167.6113 154.8764 5.5530 -124.7752 100.0000 stroke5
movl 0 -12.6761 391.6858 167.4142 155.2191 5.3318 -124.7942 100.0000 stroke5
movl 0 -11.9524 393.0566 167.1885 155.8616 4.2526 -125.1631 100.0000 stroke5
movl 0 -6.5511 389.0548 170.6277 150.9156 2.5543 -123.2534 100.0000 stroke5
movl 0 7.1125 379.7161 202.1799 139.2574 5.9117 -123.3517 100.0000 stroke5
movl 0 2.0405 388.3052 230.0976 151.0052 -24.1825 -153.4341 100.0000 stroke6
movl 0 -2.9795 385.7294 180.8774 155.0782 -21.8277 -156.4994 100.0000 stroke6
movl 0 -11.0587 384.3986 171.4790 157.1311 -19.5300 -158.2803 100.0000 stroke6
movl 0 -16.3959 383.6922 170.3934 157.1339 -17.2909 -159.2364 100.0000 stroke6
movl 0 -18.6235 382.7610 170.2531 157.3775 -16.3705 -160.3482 100.0000 stroke6
movl 0 -19.9666 382.7763 170.0464 157.4019 -15.6400 -160.6682 100.0000 stroke6
movl 0 -23.9197 385.0440 168.8990 159.4216 -14.5157 -162.3471 100.0000 stroke6
movl 0 -29.0299 385.9224 168.8011 162.9715 -14.9596 -165.1401 100.0000 stroke6
movl 0 -29.0984 386.7691 168.9949 163.1648 -14.9321 -166.7785 100.0000 stroke6
movl 0 -28.7335 387.3668 168.6855 163.8410 -14.7356 -168.4244 100.0000 stroke6
movl 0 -28.6935 386.4236 169.1163 163.5842 -14.8371 -169.0354 100.0000 stroke6
movl 0 -26.8158 385.3158 169.6735 162.4632 -15.0946 -169.5231 100.0000 stroke6
movl 0 -24.9821 381.2053 171.1605 160.6995 -15.8085 -168.3880 100.0000 stroke6
movl 0 -25.9813 382.4072 169.7599 160.1116 -15.1894 -167.8544 100.0000 stroke6
movl 0 -30.4231 384.2951 168.8373 163.3115 -14.9834 -169.4529 100.0000 stroke6
movl 0 -32.5676 384.3278 168.7908 163.3159 -14.1648 -170.0387 100.0000 stroke6
movl 0 -31.4187 385.1173 168.6872 164.2891 -14.1046 -171.0988 100.0000 stroke6
movl 0 -29.9465 384.7279 169.1549 164.6360 -14.3497 -171.2808 100.0000 stroke6
movl 0 -28.4047 384.1627 169.6283 164.5725 -14.6020 -171.3493 100.0000 stroke6
movl 0 -26.9122 383.6424 170.1566 164.6039 -14.8169 -171.4812 100.0000 stroke6
movl 0 -22.5330 381.5057 171.6441 163.9232 -15.5257 -170.9535 100.0000 stroke6
movl 0 9.3213 365.2965 205.3121 150.9339 -19.1955 -161.2933 100.0000 stroke6
movl 0 35.4602 424.7925 176.4760 140.3133 -0.4114 -99.5276 100.0000 stroke7
movl 0 31.8021 414.7913 159.5069 143.0323 -0.9969 -104.5861 100.0000 stroke7
movl 0 16.5909 407.2644 164.0238 148.6678 2.5427 -107.8567 100.0000 stroke7
movl 0 13.4669 404.7030 164.6855 149.7602 2.7921 -109.0542 100.0000 stroke7
movl 0 11.2515 404.4202 164.7471 150.6568 3.1287 -109.1622 100.0000 stroke7
movl 0 9.2725 406.6078 164.3025 152.2784 2.9483 -108.7260 100.0000 stroke7
movl 0 7.3226 409.3995 163.7817 154.1235 1.5954 -108.8220 100.0000 stroke7
movl 0 9.5958 411.1301 163.3682 154.5276 0.2550 -109.5519 100.0000 stroke7
movl 0 10.5792 412.1885 162.9913 154.4448 -0.8338 -109.9442 100.0000 stroke7
movl 0 10.1529 412.0866 163.1087 154.2789 -2.0448 -110.0786 100.0000 stroke7
movl 0 9.7857 411.2122 163.6402 153.8213 -3.0821 -109.6514 100.0000 stroke7
movl 0 9.9855 409.2518 164.1522 152.7130 -3.4693 -108.8031 100.0000 stroke7
movl 0 12.3646 401.0972 170.3254 147.1124 -1.6135 -108.0477 100.0000 stroke7
movl 0 9.9552 386.0987 213.9190 136.2966 11.1056 -105.6389 100.0000 stroke7
movl 0 11.3331 388.6164 223.4747 141.7660 -5.8981 -124.9080 100.0000 stroke8
movl 0 2.2683 382.6063 179.2916 146.1428 -10.2821 -128.3276 100.0000 stroke8
movl 0 -12.9823 378.4347 171.7453 149.1690 -7.9737 -130.3283 100.0000 stroke8
movl 0 -19.9783 378.5609 169.7095 151.3516 -6.9846 -131.2973 100.0000 stroke8
movl 0 -23.3983 378.4355 169.2772 152.5081 -7.4408 -132.3953 100.0000 stroke8
movl 0 -26.4437 379.2089 168.4288 153.5013 -7.2711 -133.1484 100.0000 stroke8
movl 0 -31.2662 378.7471 168.4091 155.5360 -5.8603 -134.5403 100.0000 stroke8
movl 0 -33.8669 378.6528 168.5490 156.9183 -5.2392 -135.7406 100.0000 stroke8
movl 0 -35.0481 378.0922 168.9324 157.9174 -5.0535 -136.5492 100.0000 stroke8
movl 0 -36.5753 377.6866 169.0510 158.0951 -4.3545 -136.9501 100.0000 stroke8
movl 0 -34.7131 378.1262 169.1424 158.2271 -4.1878 -137.6884 100.0000 stroke8
movl 0 -31.9020 379.0419 169.2906 158.5136 -4.1959 -138.8468 100.0000 stroke8
movl 0 -29.1065 379.8840 169.3833 158.8363 -4.2716 -139.9672 100.0000 stroke8
movl 0 -25.8825 380.7987 169.5497 159.1361 -4.2194 -141.3315 100.0000 stroke8
movl 0 -21.9696 382.0809 169.5461 159.6720 -4.0766 -142.7111 100.0000 stroke8
movl 0 -18.0576 383.2032 169.7307 160.3554 -3.7237 -144.6567 100.0000 stroke8
movl 0 -14.8922 384.3552 169.9174 161.3752 -3.0305 -146.8153 100.0000 stroke8
movl 0 -13.1791 385.3519 170.0862 162.4469 -1.8697 -149.2993 100.0000 stroke8
movl 0 -12.2332 385.8349 170.0596 162.7777 -1.7362 -149.8902 100.0000 stroke8
movl 0 -9.3571 382.1047 171.4506 160.1358 -2.1609 -148.4253 100.0000 stroke8
movl 0 -7.3362 381.4555 171.8638 159.2641 -2.2161 -148.1791 100.0000 stroke8
movl 0 -6.9109 381.8935 171.7553 159.4863 -2.3066 -148.0959 100.0000 stroke8
movl 0 -6.8575 383.2204 172.0070 161.1679 -2.9378 -148.2466 100.0000 stroke8
movl 0 -6.8060 383.7762 172.0818 161.9487 -3.2758 -148.3495 100.0000 stroke8
movl 0 -6.5146 384.0592 171.8804 162.0867 -3.6340 -148.0448 100.0000 stroke8
movl 0 -5.6177 383.8255 171.6225 160.9422 -4.7899 -146.2868 100.0000 stroke8
movl 0 3.3648 371.6697 179.1142 146.4880 -1.5743 -134.1686 100.0000 stroke8
movl 0 8.7033 355.0551 249.3592 131.3944 21.4060 -117.3615 100.0000 stroke8
movl 0 12.0765 399.0507 246.1630 137.4919 -2.3882 -108.2195 100.0000 stroke9
movl 0 14.5939 401.9150 172.9850 143.6582 -16.2836 -114.7107 100.0000 stroke9
movl 0 10.8323 392.9706 165.3661 145.6465 -10.5081 -116.2833 100.0000 stroke9
movl 0 -1.6225 385.7685 167.8721 149.0597 -3.9443 -115.2424 100.0000 stroke9
movl 0 -5.2428 383.5646 168.7903 151.3081 -1.1704 -114.7290 100.0000 stroke9
movl 0 -5.0462 385.5581 167.9687 151.8859 -1.6683 -114.8994 100.0000 stroke9
movl 0 -8.2978 387.6321 167.2891 153.2603 -2.3038 -114.7381 100.0000 stroke9
movl 0 -9.6557 390.9727 166.7990 155.2390 -5.0653 -116.9295 100.0000 stroke9
movl 0 -9.8164 392.1076 167.0682 156.4935 -6.8229 -119.7342 100.0000 stroke9
movl 0 -9.6898 392.6055 167.4652 157.3665 -8.3438 -122.1133 100.0000 stroke9
movl 0 -9.6295 392.7532 167.9030 158.3192 -9.9738 -124.5423 100.0000 stroke9
movl 0 -9.6768 393.5482 168.1155 159.5676 -11.7212 -126.4407 100.0000 stroke9
movl 0 -10.1679 394.8175 168.3438 161.5734 -13.9107 -128.2866 100.0000 stroke9
movl 0 -9.4571 393.6184 168.8969 161.3607 -13.8617 -128.5900 100.0000 stroke9
movl 0 -9.7734 393.2849 168.9689 161.6522 -14.0592 -128.4683 100.0000 stroke9
movl 0 -9.8638 392.8495 169.1280 161.2822 -13.5211 -128.3942 100.0000 stroke9
movl 0 -5.1718 379.2514 174.9393 151.5686 -3.0482 -124.3973 100.0000 stroke9
movl 0 -6.1062 352.8557 225.2269 141.6438 30.1045 -116.0498 100.0000 stroke9
movl 0 12.5876 390.6738 242.1220 151.4343 27.2955 -79.8715 100.0000 stroke10
movl 0 9.3775 385.7599 180.5013 148.6863 16.8580 -87.4849 100.0000 stroke10
movl 0 1.0008 378.2635 170.1585 151.7464 12.7844 -91.4573 100.0000 stroke10
movl 0 -8.9723 374.9838 171.1824 155.1749 12.2895 -92.1011 100.0000 stroke10
movl 0 -8.8993 375.5444 170.3768 155.8887 12.7746 -92.0533 100.0000 stroke10
movl 0 -9.6744 375.5956 169.1347 156.9826 14.9709 -87.4874 100.0000 stroke10
movl 0 -11.0200 376.6587 168.5177 157.7739 15.1710 -85.6874 100.0000 stroke10
movl 0 -13.7244 377.4361 168.6053 159.5592 14.4043 -85.1446 100.0000 stroke10
movl 0 -14.7075 377.6881 168.9610 160.3344 14.0236 -86.1930 100.0000 stroke10
movl 0 -12.0232 379.3189 168.9496 160.6765 13.3084 -87.9960 100.0000 stroke10
movl 0 -7.2461 381.9225 168.9378 160.7081 12.2479 -90.7376 100.0000 stroke10
movl 0 -4.0910 382.7073 169.0420 160.1053 11.9605 -91.9036 100.0000 stroke10
movl 0 0.4831 384.6428 168.5068 158.2747 11.2841 -92.6303 100.0000 stroke10
movl 0 3.4992 390.1727 167.1467 157.7010 8.0334 -93.7721 100.0000 stroke10
movl 0 8.2732 394.9560 165.4489 156.5250 4.8246 -95.5804 100.0000 stroke10
movl 0 10.2993 398.5094 164.7190 155.3362 2.4788 -96.2539 100.0000 stroke10
movl 0 10.8860 400.2997 164.5963 154.9452 0.0583 -97.3345 100.0000 stroke10
movl 0 10.7419 401.4604 164.8028 155.0673 -2.2976 -98.6575 100.0000 stroke10
movl 0 10.6058 403.1000 164.8093 155.3324 -5.1198 -100.1840 100.0000 stroke10
movl 0 9.8794 404.2415 164.8758 155.9515 -7.9014 -101.6255 100.0000 stroke10
movl 0 10.3871 402.4683 165.7703 155.7656 -7.4639 -102.9956 100.0000 stroke10
movl 0 10.6639 402.1237 165.7741 155.7571 -7.9573 -103.1862 100.0000 stroke10
movl 0 10.0490 400.9956 166.2842 155.8970 -7.4968 -103.4059 100.0000 stroke10
movl 0 9.2718 400.5450 166.4255 156.0669 -7.3348 -103.2669 100.0000 stroke10
movl 0 9.1141 399.3176 166.9505 155.8941 -6.5702 -103.6734 100.0000 stroke10
movl 0 12.1464 394.8827 169.9074 153.6188 -4.0246 -104.2322 100.0000 stroke10
movl 0 19.6392 382.5042 219.5663 147.3121 11.7141 -102.9827 100.0000 stroke10
movl 0 12.9587 383.8673 234.4035 144.8679 12.5691 -98.3650 100.0000 stroke11
movl 0 11.4527 379.1493 177.3283 148.5351 7.4511 -100.6071 100.0000 stroke11
movl 0 0.6213 371.3635 174.7154 152.6330 9.3910 -100.3025 100.0000 stroke11
movl 0 -11.9556 367.6407 173.4249 156.2951 10.4356 -98.4073 100.0000 stroke11
movl 0 -13.7284 368.5062 172.1574 157.0275 10.5582 -96.0395 100.0000 stroke11
movl 0 -15.2459 369.8208 171.4117 157.5832 10.3125 -95.0621 100.0000 stroke11
movl 0 -16.9405 371.1963 170.7919 158.4387 9.8980 -95.0475 100.0000 stroke11
movl 0 -18.7962 371.6168 170.8228 159.6233 9.5515 -95.3410 100.0000 stroke11
movl 0 -19.7548 371.2792 170.9660 160.2592 9.7883 -95.6253 100.0000 stroke11
movl 0 -18.5090 372.2534 170.9458 160.6329 9.4915 -96.7226 100.0000 stroke11
movl 0 -16.2014 374.0446 170.8269 161.0617 8.8923 -98.7615 100.0000 stroke11
movl 0 -14.9854 373.9234 170.9778 160.7836 8.9788 -99.0205 100.0000 stroke11
movl 0 -13.4207 373.0002 171.4020 160.0524 9.6127 -98.9481 100.0000 stroke11
movl 0 -13.9066 373.5839 171.4664 160.7519 8.7605 -98.6820 100.0000 stroke11
movl 0 -13.1996 374.3562 171.2609 160.2171 8.0163 -98.2628 100.0000 stroke11
movl 0 4.0851 368.7925 179.8562 150.4548 13.0871 -98.3655 100.0000 stroke11
movl 0 19.2243 365.7104 237.1042 143.8559 24.8082 -99.4322 100.0000 stroke11
movl 0 11.3389 379.1356 195.7540 147.7981 9.3359 -97.4155 100.0000 stroke12
movl 0 4.1919 371.0444 173.4985 150.8444 7.4183 -98.2519 100.0000 stroke12
movl 0 -6.7953 366.4220 174.4907 153.8450 8.2249 -96.8846 100.0000 stroke12
movl 0 -17.8622 365.0853 173.5354 155.3997 8.5680 -94.3732 100.0000 stroke12
movl 0 -24.6855 364.9351 172.0529 156.7684 8.7875 -92.7399 100.0000 stroke12
movl 0 -28.3052 365.8941 171.1504 158.6001 8.2186 -92.4095 100.0000 stroke12
movl 0 -30.5642 366.4754 171.3820 160.1335 6.9632 -92.8606 100.0000 stroke12
movl 0 -31.8922 366.3130 171.4664 160.6826 6.6879 -93.1580 100.0000 stroke12
movl 0 -32.3197 366.4577 171.4806 161.1681 7.1720 -93.8151 100.0000 stroke12
movl 0 -29.0368 367.5661 171.6635 161.1847 7.1428 -95.1429 100.0000 stroke12
movl 0 -24.7216 368.8360 171.9309 161.1049 6.9412 -96.6019 100.0000 stroke12
movl 0 -18.6204 371.2446 171.6881 161.2521 6.3165 -99.2250 100.0000 stroke12
movl 0 -11.1514 374.2915 171.6262 161.3145 5.4966 -102.5611 100.0000 stroke12
movl 0 -11.1471 373.7368 171.9204 160.9721 5.4528 -102.4185 100.0000 stroke12
movl 0 0.4951 369.0305 190.0714 153.8394 10.3821 -101.8943 100.0000 stroke12
movl 0 3.3516 376.1962 195.4716 150.0117 -3.0541 -107.4981 100.0000 stroke13
movl 0 -1.9506 366.4168 175.3925 152.3172 -0.0689 -108.3479 100.0000 stroke13
movl 0 -8.9104 361.3812 175.8493 154.7695 4.1209 -107.5273 100.0000 stroke13
movl 0 -8.3523 364.2981 174.3901 154.9514 3.4588 -107.7212 100.0000 stroke13
movl 0 -10.6755 366.2817 172.7157 155.5949 3.5434 -106.7385 100.0000 stroke13
movl 0 -12.2879 368.8030 171.5641 156.4984 2.6717 -106.0408 100.0000 stroke13
movl 0 -14.6949 371.0830 170.9563 158.0287 0.9999 -106.5136 100.0000 stroke13
movl 0 -14.9052 371.9000 170.7016 158.7363 0.4018 -107.2920 100.0000 stroke13
movl 0 -15.3610 371.6400 170.7355 158.9309 -0.1377 -107.5788 100.0000 stroke13
movl 0 -16.2977 370.7616 171.0679 158.8626 -0.5465 -107.5495 100.0000 stroke13
movl 0 -17.1779 370.1185 171.3020 158.9380 -0.9757 -107.5967 100.0000 stroke13
movl 0 -18.1380 369.2044 171.5132 158.9580 -1.4103 -107.4913 100.0000 stroke13
movl 0 -19.7054 367.9301 171.7206 158.9617 -1.7780 -106.8920 100.0000 stroke13
movl 0 -21.8741 366.5683 171.7810 159.0560 -2.2098 -106.0376 100.0000 stroke13
movl 0 -24.5047 364.8902 171.9062 159.0342 -2.4551 -104.9724 100.0000 stroke13
movl 0 -26.9813 363.8505 171.9034 159.0386 -2.6677 -104.1912 100.0000 stroke13
movl 0 -28.4518 362.9755 172.0877 158.7662 -2.7737 -103.6881 100.0000 stroke13
movl 0 -29.7892 362.3429 172.3110 158.4971 -2.8170 -103.3058 100.0000 stroke13
movl 0 -30.6951 361.9718 172.6494 158.1290 -2.8066 -103.1566 100.0000 stroke13
movl 0 -31.2403 362.0023 172.9829 157.7041 -2.7947 -103.0430 100.0000 stroke13
movl 0 -31.2051 361.8698 173.1487 156.7164 -2.7414 -102.9055 100.0000 stroke13
movl 0 -24.1138 358.2154 181.1275 150.7723 1.6754 -103.6825 100.0000 stroke13
movl 0 -14.9913 356.4476 233.3643 143.5551 19.3272 -99.9298 100.0000 stroke13
movl 0 44.5520 370.9471 193.7112 -140.7972 -9.5818 82.0737 100.0000 stroke14
movl 0 30.8172 355.6437 171.0746 -145.4879 -9.8862 81.7537 100.0000 stroke14
movl 0 18.3977 353.2744 171.4767 -150.0450 -11.2697 82.3401 100.0000 stroke14
movl 0 8.8739 355.6059 168.3167 -152.6932 -11.2776 84.4854 100.0000 stroke14
movl 0 6.3654 357.2050 167.0590 -153.5546 -11.1690 85.4191 100.0000 stroke14
movl 0 4.6539 358.7829 166.3390 -154.3782 -10.9808 85.5719 100.0000 stroke14
movl 0 2.1436 361.8351 165.7547 -155.6495 -8.9412 84.8551 100.0000 stroke14
movl 0 3.0699 364.7850 165.7096 -155.9269 -6.0873 82.3803 100.0000 stroke14
movl 0 3.1734 366.3737 165.4661 -155.4053 -3.9133 80.8282 100.0000 stroke14
movl 0 3.9482 368.8373 165.8916 -154.8367 0.6830 78.6497 100.0000 stroke14
movl 0 3.6942 369.7573 166.2004 -155.1103 3.9101 76.8872 100.0000 stroke14
movl 0 3.6743 369.3866 166.4958 -155.2559 4.0220 76.4566 100.0000 stroke14
movl 0 2.5677 368.1216 167.0935 -155.9436 3.7916 75.9349 100.0000 stroke14
movl 0 2.7139 367.0162 167.6879 -156.3178 3.7089 75.3711 100.0000 stroke14
movl 0 2.4314 366.2274 168.1036 -156.8558 3.6090 74.5348 100.0000 stroke14
movl 0 1.3435 365.3222 168.7421 -157.9109 3.4306 73.0196 100.0000 stroke14
movl 0 1.8305 365.3965 169.0922 -158.6566 3.5803 71.7532 100.0000 stroke14
movl 0 3.1800 365.4959 169.5508 -159.4670 3.7409 70.4328 100.0000 stroke14
movl 0 3.7598 365.7746 169.9085 -160.8884 3.6774 68.7630 100.0000 stroke14
movl 0 3.5819 365.8221 170.5666 -162.5521 3.3261 66.5406 100.0000 stroke14
movl 0 1.0551 365.2097 171.4693 -164.6076 2.5267 64.2349 100.0000 stroke14
movl 0 -2.3955 363.7497 172.4397 -166.3228 1.1216 62.4746 100.0000 stroke14
movl 0 -4.3811 363.2926 172.7355 -167.2019 0.5188 61.4342 100.0000 stroke14
movl 0 -6.4287 361.4948 173.3053 -167.3518 -0.3819 61.7596 100.0000 stroke14
movl 0 -6.0737 361.5249 173.5373 -166.9957 -0.4279 61.8039 100.0000 stroke14
movl 0 -6.9160 360.6463 173.6263 -167.1311 -0.8461 61.9229 100.0000 stroke14
movl 0 -7.6192 360.7021 173.6628 -167.4059 -1.0192 61.5493 100.0000 stroke14
movl 0 -9.1504 360.5483 173.9523 -167.8642 -1.4536 60.9310 100.0000 stroke14
movl 0 -9.7693 360.4725 174.0711 -168.0311 -1.7465 60.5369 100.0000 stroke14
movl 0 -9.6616 360.1861 174.4394 -167.8427 -1.6956 60.4222 100.0000 stroke14
movl 0 -9.6428 360.0261 174.5707 -167.8041 -1.6205 60.0058 100.0000 stroke14
movl 0 -9.4132 361.2899 174.4085 -167.8856 -1.6738 59.5703 100.0000 stroke14
movl 0 -9.8077 360.1427 174.6265 -167.8984 -1.7299 59.7778 100.0000 stroke14
movl 0 -7.7144 361.5688 174.7278 -167.7177 -1.6882 59.1141 100.0000 stroke14
movl 0 -7.0237 361.6659 175.0955 -167.4410 -1.6326 58.8814 100.0000 stroke14
movl 0 -6.0560 360.6027 175.3625 -167.0637 -1.6158 59.0602 100.0000 stroke14
movl 0 -4.8731 362.2275 175.5552 -166.8613 -1.9221 58.3463 100.0000 stroke14
movl 0 -4.5973 361.2246 175.7536 -166.7722 -1.9376 58.4981 100.0000 stroke14
movl 0 -2.6905 363.1459 175.8541 -166.4733 -1.9368 57.7918 100.0000 stroke14
movl 0 -2.0194 362.4567 176.1035 -166.1831 -2.2272 57.7987 100.0000 stroke14
movl 0 -1.7253 362.3627 176.2558 -165.9877 -2.3886 57.6360 100.0000 stroke14
movl 0 -1.7213 361.9086 176.4614 -165.8122 -2.7076 57.5164 100.0000 stroke14
movl 0 -1.6536 361.5787 176.4502 -165.6617 -2.9520 57.4474 100.0000 stroke14
movl 0 -1.1443 361.6442 176.2918 -165.4006 -2.9332 57.5555 100.0000 stroke14
movl 0 -0.9692 361.1251 176.2838 -165.1796 -3.3274 57.7210 100.0000 stroke14
movl 0 -0.8643 361.0288 176.1387 -165.0096 -3.6376 57.9282 100.0000 stroke14
movl 0 -0.7308 360.3552 176.0855 -164.7498 -4.2395 58.5780 100.0000 stroke14
movl 0 -0.3555 359.6003 176.2003 -164.3823 -4.7456 58.9927 100.0000 stroke14
movl 0 1.7804 347.2726 180.5366 -160.1395 -9.5597 61.6308 100.0000 stroke14
movl 0 -4.3551 293.8959 212.8441 -154.1650 -38.6862 71.4915 100.0000 stroke14
