movl 0 -18.6080 392.1713 165.1390 143.9813 -2.5455 -124.2342 100.0000 stroke1
movl 0 -18.6876 391.5258 166.9158 145.0120 -1.3696 -124.9099 100.0000 stroke1
movl 0 -19.8746 389.2354 168.0654 144.9995 2.8438 -120.8936 100.0000 stroke1
movl 0 -20.0552 393.2823 167.6115 146.2694 8.1569 -109.0122 100.0000 stroke1
movl 0 -17.4447 399.3905 168.2493 146.8218 3.7424 -110.9011 100.0000 stroke1
movl 0 -28.7174 389.2613 172.6514 149.9652 4.8844 -118.2144 100.0000 stroke1
movl 0 -38.7530 385.6046 173.5553 152.1462 5.8710 -118.5977 100.0000 stroke1
movl 0 -43.1783 384.3583 173.6645 152.6166 5.7660 -118.2952 100.0000 stroke1
movl 0 -43.8264 384.8525 173.5407 152.8103 4.9611 -118.6352 100.0000 stroke1
movl 0 -44.3744 385.2033 173.0944 153.0091 4.7213 -118.7883 100.0000 stroke1
movl 0 -45.0537 386.3969 172.3863 153.4055 4.4689 -118.7768 100.0000 stroke1
movl 0 -46.1579 387.0711 171.9377 154.0648 4.4942 -119.0142 100.0000 stroke1
movl 0 -48.0245 387.7210 171.8152 155.1175 4.4899 -119.3835 100.0000 stroke1
movl 0 -49.4222 388.1374 171.9401 156.0223 4.5302 -119.7737 100.0000 stroke1
movl 0 -50.5760 388.4995 172.0555 156.8511 4.3818 -120.2970 100.0000 stroke1
movl 0 -52.3234 387.8187 172.5449 157.6873 4.6541 -121.3360 100.0000 stroke1
movl 0 -54.4091 386.7617 172.7645 158.3162 5.6783 -121.8090 100.0000 stroke1
movl 0 -55.7706 386.4254 172.9725 158.9561 6.1706 -123.0002 100.0000 stroke1
movl 0 -56.4450 386.5201 173.1063 159.6384 6.5837 -124.3815 100.0000 stroke1
movl 0 -56.1288 387.0032 173.3383 160.2885 6.9303 -126.1935 100.0000 stroke1
movl 0 -55.6045 387.8805 173.5342 160.9232 7.1799 -127.9630 100.0000 stroke1
movl 0 -55.6257 389.2533 173.5318 161.8485 7.5876 -130.2553 100.0000 stroke1
movl 0 -54.1230 391.1946 173.2572 162.3249 7.5382 -132.3847 100.0000 stroke1
movl 0 -52.5715 390.0648 173.5337 161.3099 7.2358 -132.1563 100.0000 stroke1
movl 0 -49.1204 388.2674 174.0198 159.4691 6.8255 -131.9712 100.0000 stroke1
movl 0 -48.3859 387.0493 174.3534 158.7523 7.0171 -131.8476 100.0000 stroke1
movl 0 -47.9329 386.9063 174.3378 158.5622 7.0011 -131.8390 100.0000 stroke1
movl 0 -48.5568 388.4399 174.5198 159.6714 6.2036 -132.6108 100.0000 stroke1
movl 0 -48.5858 389.6967 174.6359 160.4494 5.3608 -133.5886 100.0000 stroke1
movl 0 -47.6145 390.5194 174.4693 160.0908 3.8353 -133.1566 100.0000 stroke1
movl 0 -32.9755 382.7803 179.7050 151.0310 0.7426 -130.6936 100.0000 stroke1
movl 0 -18.0366 364.5113 217.9947 138.5641 3.5643 -130.4020 100.0000 stroke1
movl 0 -13.3897 393.5495 196.9202 149.6609 -16.4265 -133.8701 100.0000 stroke2
movl 0 -10.9443 390.5560 174.4341 150.7336 -14.6154 -135.8931 100.0000 stroke2
movl 0 -18.5190 391.0318 168.9195 151.7832 -11.6529 -135.2543 100.0000 stroke2
movl 0 -22.8105 391.9031 168.3807 152.3715 -10.9214 -134.6743 100.0000 stroke2
movl 0 -21.4227 392.1363 168.3891 152.4008 -11.1030 -135.0325 100.0000 stroke2
movl 0 -21.4311 393.4461 168.0603 153.0005 -11.3978 -135.4316 100.0000 stroke2
movl 0 -23.2410 396.6865 166.9798 154.8965 -11.8609 -136.1061 100.0000 stroke2
movl 0 -22.5311 400.3762 165.9399 156.7486 -13.3048 -137.3060 100.0000 stroke2
movl 0 -21.7376 401.8879 165.4326 157.4030 -14.2049 -138.0148 100.0000 stroke2
movl 0 -21.6264 402.5970 165.3135 157.8657 -15.0805 -137.9674 100.0000 stroke2
movl 0 -22.1558 402.6423 165.5827 158.2817 -15.6664 -137.8075 100.0000 stroke2
movl 0 -22.8957 402.5132 165.9260 158.5784 -16.0964 -137.3952 100.0000 stroke2
movl 0 -23.6549 402.3240 166.2596 158.8744 -16.5239 -136.9359 100.0000 stroke2
movl 0 -24.6421 401.8110 166.5816 159.0030 -16.6957 -136.3636 100.0000 stroke2
movl 0 -24.9396 401.2424 166.8424 158.8248 -16.9145 -135.8029 100.0000 stroke2
movl 0 -25.3354 400.7111 167.0765 158.6447 -17.0602 -135.3003 100.0000 stroke2
movl 0 -24.3760 398.9158 168.5209 157.4390 -17.1793 -134.3911 100.0000 stroke2
movl 0 -19.4630 382.6489 188.9921 148.8015 -13.7853 -128.4956 100.0000 stroke2
movl 0 -45.2997 368.4627 200.6627 152.1009 3.9562 -114.4673 100.0000 stroke3
movl 0 -43.2372 372.5047 181.8337 153.9986 2.0630 -117.9643 100.0000 stroke3
movl 0 -49.2148 370.8455 178.7426 155.9476 2.5258 -118.1850 100.0000 stroke3
movl 0 -49.5321 373.5896 177.0721 156.1881 1.7544 -118.4034 100.0000 stroke3
movl 0 -52.4351 374.0175 176.2308 156.9161 1.9747 -118.7297 100.0000 stroke3
movl 0 -59.3591 374.1913 175.5487 159.5221 3.1322 -119.5097 100.0000 stroke3
movl 0 -64.1771 375.3452 175.7117 161.9209 2.6381 -120.7875 100.0000 stroke3
movl 0 -66.0678 375.5018 175.8333 162.3469 1.7951 -123.3797 100.0000 stroke3
movl 0 -68.0982 374.9374 175.7719 162.6446 2.2016 -126.8095 100.0000 stroke3
movl 0 -67.8688 375.5318 175.6917 162.8880 2.1963 -129.4463 100.0000 stroke3
movl 0 -67.0880 376.0874 175.5989 163.1845 2.2177 -130.9929 100.0000 stroke3
movl 0 -65.3583 377.0380 175.8504 163.3150 1.9574 -131.8732 100.0000 stroke3
movl 0 -63.0906 378.1423 176.2546 163.4220 1.5159 -132.7886 100.0000 stroke3
movl 0 -60.9572 379.1799 176.5247 163.5038 1.2004 -133.7329 100.0000 stroke3
movl 0 -59.3621 379.8387 176.7288 163.5440 1.0306 -134.4792 100.0000 stroke3
movl 0 -57.8177 380.4915 176.9643 163.6414 0.8537 -135.1365 100.0000 stroke3
movl 0 -56.2852 380.9227 177.1976 163.6439 0.7627 -135.6846 100.0000 stroke3
movl 0 -55.0489 381.1337 177.4345 163.6126 0.7131 -135.9724 100.0000 stroke3
movl 0 -53.7950 381.5087 177.6073 163.6544 0.5848 -136.3128 100.0000 stroke3
movl 0 -52.4004 381.6315 177.8412 163.5524 0.5280 -136.6036 100.0000 stroke3
movl 0 -51.0838 381.6323 178.2012 163.4018 0.5014 -136.9219 100.0000 stroke3
movl 0 -49.6475 381.7244 178.5413 163.2226 0.3785 -137.1379 100.0000 stroke3
movl 0 -48.2114 381.8942 179.0048 163.0392 0.1725 -137.3516 100.0000 stroke3
movl 0 -45.7274 381.0685 180.2941 162.3330 -0.0655 -137.6138 100.0000 stroke3
movl 0 -27.6440 371.1833 199.8439 155.4517 -2.4279 -138.1785 100.0000 stroke3
movl 0 -14.7614 394.0730 216.7093 154.4113 -14.3268 -139.7392 100.0000 stroke4
movl 0 -11.2663 395.5107 185.3380 156.6082 -14.2415 -142.4874 100.0000 stroke4
movl 0 -16.8381 397.2264 178.9014 159.6506 -13.9534 -144.7793 100.0000 stroke4
movl 0 -16.7998 399.2387 177.2323 159.9763 -14.6515 -146.7062 100.0000 stroke4
movl 0 -18.1100 400.3973 175.9738 160.7255 -15.1124 -149.0809 100.0000 stroke4
movl 0 -20.3522 402.7777 174.4455 162.3281 -15.3508 -151.2715 100.0000 stroke4
movl 0 -25.4555 405.4694 174.2608 165.4306 -13.9369 -153.5099 100.0000 stroke4
movl 0 -27.3368 408.7360 174.0720 168.0694 -13.5893 -155.7611 100.0000 stroke4
movl 0 -28.2251 412.3466 173.7342 170.6840 -13.4940 -158.1209 100.0000 stroke4
movl 0 -27.4228 416.1399 173.0298 172.7694 -13.5646 -159.8241 100.0000 stroke4
movl 0 -25.2707 419.5910 172.2848 174.0028 -14.0701 -160.7463 100.0000 stroke4
movl 0 -25.5877 421.1396 173.1632 175.7905 -14.7631 -158.9123 100.0000 stroke4
movl 0 -23.5897 418.2508 174.2228 173.3483 -14.2801 -157.8478 100.0000 stroke4
movl 0 -23.0743 417.9026 174.0922 172.9531 -14.0577 -156.9951 100.0000 stroke4
movl 0 -24.6555 418.6507 174.5791 174.6227 -14.6970 -155.3530 100.0000 stroke4
movl 0 -22.2817 415.3181 175.7209 172.3434 -14.3570 -154.3989 100.0000 stroke4
movl 0 -23.0405 415.0031 176.2572 173.2202 -14.4809 -153.7209 100.0000 stroke4
movl 0 -22.6192 413.5673 176.8054 172.5788 -14.5003 -153.3622 100.0000 stroke4
movl 0 -23.1448 411.3416 177.1488 171.0919 -14.1467 -151.9964 100.0000 stroke4
movl 0 -13.2363 394.0454 187.3985 157.3043 -11.0003 -140.7205 100.0000 stroke4
movl 0 -30.0131 351.3166 221.0325 149.9780 12.7517 -104.9525 100.0000 stroke5
movl 0 -35.3784 352.0531 188.9189 154.2828 10.3701 -106.6253 100.0000 stroke5
movl 0 -38.7786 349.6827 179.5445 155.9795 10.5691 -106.1345 100.0000 stroke5
movl 0 -43.7092 348.8682 177.5293 156.9973 11.5032 -106.0034 100.0000 stroke5
movl 0 -48.5327 348.6494 176.6741 158.3722 12.0105 -105.0684 100.0000 stroke5
movl 0 -51.5430 349.9289 175.4991 159.1876 11.8848 -104.3657 100.0000 stroke5
movl 0 -54.0460 351.2183 174.7111 160.1449 11.4419 -104.3307 100.0000 stroke5
movl 0 -58.3605 351.4973 174.5209 162.1401 11.4527 -104.9946 100.0000 stroke5
movl 0 -61.1878 351.9936 174.7031 163.6571 11.1233 -105.8546 100.0000 stroke5
movl 0 -63.2159 351.3763 174.8716 164.3841 11.1468 -106.6477 100.0000 stroke5
movl 0 -65.7258 350.6407 174.8605 165.0400 11.6649 -107.7696 100.0000 stroke5
movl 0 -65.9751 351.0988 174.9347 165.4586 11.7290 -109.1733 100.0000 stroke5
movl 0 -65.9860 352.0700 175.1698 166.0314 11.5029 -110.9705 100.0000 stroke5
movl 0 -65.4703 353.4943 175.4437 166.5907 11.3234 -113.5232 100.0000 stroke5
movl 0 -65.0823 354.8660 175.7432 167.3508 11.1810 -115.8321 100.0000 stroke5
movl 0 -64.9830 356.4224 175.8366 168.2520 11.1687 -117.9986 100.0000 stroke5
movl 0 -64.4968 358.2487 175.6717 169.0256 11.0639 -119.9452 100.0000 stroke5
movl 0 -63.3421 356.4779 176.3303 168.0680 11.2705 -119.7418 100.0000 stroke5
movl 0 -60.5823 354.5755 177.1733 166.5734 11.4303 -119.7388 100.0000 stroke5
movl 0 -59.6423 353.3076 177.6512 165.9081 11.7320 -119.9144 100.0000 stroke5
movl 0 -58.4477 352.5462 178.0075 165.3385 11.8317 -120.0284 100.0000 stroke5
movl 0 -57.8789 352.2763 178.1760 165.1081 11.7892 -120.1045 100.0000 stroke5
movl 0 -58.0975 353.4096 178.3235 165.7171 11.0003 -120.2880 100.0000 stroke5
movl 0 -58.2387 355.0868 178.5980 166.4931 9.7633 -121.0449 100.0000 stroke5
movl 0 -57.5028 356.1883 178.8165 166.7835 8.5693 -121.5901 100.0000 stroke5
movl 0 -54.9870 356.1576 178.6673 165.2853 7.4242 -120.5663 100.0000 stroke5
movl 0 -39.0943 347.7947 187.6890 155.5040 8.2874 -115.1329 100.0000 stroke5
movl 0 -20.4995 384.9748 215.9622 146.7555 -0.0682 -106.1697 100.0000 stroke6
movl 0 -14.3122 387.0808 177.9515 149.8378 -3.4070 -110.7187 100.0000 stroke6
movl 0 -18.5663 382.0773 173.6418 152.5139 -0.9398 -111.8654 100.0000 stroke6
movl 0 -20.2489 381.8445 172.3444 152.9569 -0.0938 -112.1293 100.0000 stroke6
movl 0 -20.8841 383.3864 171.4366 153.3860 -0.5424 -112.5075 100.0000 stroke6
movl 0 -24.4326 386.4135 170.1748 155.2858 -1.0699 -112.7763 100.0000 stroke6
movl 0 -25.6036 390.2693 169.2925 156.9538 -2.6270 -113.7777 100.0000 stroke6
movl 0 -25.7258 393.1950 168.7823 158.5105 -4.2677 -115.8699 100.0000 stroke6
movl 0 -25.1387 396.1785 168.0594 158.8655 -6.3776 -116.4807 100.0000 stroke6
movl 0 -25.2169 397.7679 168.0804 159.4856 -8.1404 -117.7670 100.0000 stroke6
movl 0 -25.5161 398.4372 168.5549 160.2341 -9.4428 -118.9983 100.0000 stroke6
movl 0 -26.2755 399.0601 169.0498 161.3296 -10.9539 -120.7015 100.0000 stroke6
movl 0 -27.0940 399.6864 169.5088 162.5289 -12.3950 -122.3647 100.0000 stroke6
movl 0 -28.2549 400.4809 169.8778 164.0341 -13.9273 -124.3178 100.0000 stroke6
movl 0 -29.6334 401.3465 170.1006 165.7046 -15.3126 -126.1392 100.0000 stroke6
movl 0 -30.7491 402.1382 170.2239 167.0806 -16.5062 -127.4213 100.0000 stroke6
movl 0 -32.5148 403.3842 170.2055 169.2168 -17.9655 -129.2003 100.0000 stroke6
movl 0 -33.0392 402.7823 170.8374 169.7027 -18.1515 -129.9381 100.0000 stroke6
movl 0 -29.4402 400.5140 171.6708 167.7654 -17.2497 -129.9019 100.0000 stroke6
movl 0 -32.9145 400.9002 171.6188 169.5161 -17.6540 -129.7493 100.0000 stroke6
movl 0 -32.8996 400.8115 171.7100 169.5660 -17.7644 -129.8363 100.0000 stroke6
movl 0 -32.4901 399.5576 172.1986 168.8203 -17.1949 -129.6694 100.0000 stroke6
movl 0 -24.9298 384.0320 177.2348 159.4139 -10.2012 -126.4867 100.0000 stroke6
movl 0 -21.9507 349.3005 214.8395 146.1853 12.6714 -120.2715 100.0000 stroke6
movl 0 -65.5443 334.4430 205.6899 160.8191 15.1146 -103.0599 100.0000 stroke7
movl 0 -64.1090 333.2170 187.5695 161.5924 12.2460 -106.0424 100.0000 stroke7
movl 0 -62.7947 330.4859 181.1346 161.1144 12.5379 -107.5922 100.0000 stroke7
movl 0 -63.5508 331.4048 179.4806 160.3656 12.2115 -107.5777 100.0000 stroke7
movl 0 -63.7363 332.8488 178.4396 159.8484 11.5221 -107.4635 100.0000 stroke7
movl 0 -66.0333 334.0412 177.7033 160.6920 11.2043 -107.5464 100.0000 stroke7
movl 0 -69.7851 335.2920 177.0811 162.4319 10.9432 -108.3578 100.0000 stroke7
movl 0 -73.6074 336.1305 176.7429 164.2023 10.7085 -109.3052 100.0000 stroke7
movl 0 -75.2987 337.7534 176.8866 165.4351 9.7156 -110.4725 100.0000 stroke7
movl 0 -76.7286 338.5887 176.9402 166.2594 9.0427 -111.3357 100.0000 stroke7
movl 0 -77.4692 338.4395 176.9278 166.4049 9.3802 -112.0128 100.0000 stroke7
movl 0 -76.8024 339.5593 177.0256 166.6790 9.3688 -113.6086 100.0000 stroke7
movl 0 -76.0977 340.7767 177.4775 167.2626 9.3075 -115.7746 100.0000 stroke7
movl 0 -76.0160 342.2002 177.8635 168.1853 9.0808 -117.8212 100.0000 stroke7
movl 0 -76.6429 343.1427 178.0791 169.0906 9.2278 -120.0266 100.0000 stroke7
movl 0 -77.2982 344.5422 178.2282 170.2052 9.2695 -122.4948 100.0000 stroke7
movl 0 -77.9184 346.0984 178.2488 171.1771 9.2317 -125.4748 100.0000 stroke7
movl 0 -78.3854 347.9323 177.8356 172.1295 9.3041 -129.0605 100.0000 stroke7
movl 0 -80.3749 349.1853 177.4921 173.1199 9.7428 -132.8738 100.0000 stroke7
movl 0 -82.2488 350.4747 176.9891 174.0155 10.3320 -136.4149 100.0000 stroke7
movl 0 -82.2785 351.7795 176.8465 174.3521 10.4651 -139.1300 100.0000 stroke7
movl 0 -81.5975 353.7157 176.5402 174.7574 10.3202 -141.3214 100.0000 stroke7
movl 0 -79.9215 354.1507 176.8875 174.5505 9.8600 -142.0375 100.0000 stroke7
movl 0 -75.1407 351.1793 178.9493 172.2658 8.8845 -141.2880 100.0000 stroke7
movl 0 -72.9443 349.8121 179.9384 171.1608 8.6881 -141.3686 100.0000 stroke7
movl 0 -71.9196 349.2356 180.3937 170.6040 8.6994 -141.7070 100.0000 stroke7
movl 0 -71.0020 349.1090 180.6791 170.2908 8.5410 -142.0801 100.0000 stroke7
movl 0 -70.5649 348.8709 180.8612 170.0036 8.5199 -142.4738 100.0000 stroke7
movl 0 -70.2282 349.2571 180.8674 170.1685 8.2848 -142.7379 100.0000 stroke7
movl 0 -70.0564 350.4322 180.8606 170.9138 7.4766 -143.2114 100.0000 stroke7
movl 0 -70.0286 352.2441 180.9509 171.9246 6.4656 -144.2161 100.0000 stroke7
movl 0 -69.6408 353.3581 181.2925 172.5018 5.6783 -144.9366 100.0000 stroke7
movl 0 -69.1580 353.9048 181.5823 172.8993 5.0788 -145.7404 100.0000 stroke7
movl 0 -68.4206 353.4677 182.0771 172.8567 4.7711 -146.0887 100.0000 stroke7
movl 0 -67.9559 353.0548 182.4211 172.8444 4.5817 -146.3707 100.0000 stroke7
movl 0 -68.1064 352.1907 182.5420 172.1405 4.4299 -145.8787 100.0000 stroke7
movl 0 -66.3240 350.7688 183.0911 170.7641 3.9376 -144.9372 100.0000 stroke7
movl 0 -61.3172 347.9133 185.3275 168.0564 3.1654 -143.4977 100.0000 stroke7
movl 0 -49.6417 338.3384 208.8064 161.7760 3.0396 -139.2156 100.0000 stroke7
