movl 0 -16.2715 388.8338 177.3335 -144.3105 -16.4877 80.2097 100.0000 stroke1
movl 0 -14.9893 387.6459 176.5282 -144.4726 -16.6999 77.4665 100.0000 stroke1
movl 0 -14.1823 389.4991 177.5676 -145.3116 -14.0346 74.2294 100.0000 stroke1
movl 0 -18.5817 391.4725 178.4300 -146.9784 -10.6257 71.2375 100.0000 stroke1
movl 0 -23.6251 392.9091 176.9542 -147.9376 -8.7693 68.7972 100.0000 stroke1
movl 0 -26.0213 395.8374 174.7650 -148.8379 -7.9397 68.7159 100.0000 stroke1
movl 0 -29.5972 397.2193 173.1049 -149.6737 -5.6607 65.5833 100.0000 stroke1
movl 0 -32.2383 398.1276 172.6309 -151.0968 2.4006 53.7205 100.0000 stroke1
movl 0 -33.1090 398.2459 172.1608 -151.7510 3.5525 51.0298 100.0000 stroke1
movl 0 -32.8515 398.6220 171.5826 -151.4535 2.4500 52.5913 100.0000 stroke1
movl 0 -33.4081 400.0719 170.4594 -152.4029 2.6370 52.6362 100.0000 stroke1
movl 0 -35.1361 401.5417 169.7631 -154.4835 3.5057 51.6161 100.0000 stroke1
movl 0 -35.9530 402.5832 169.0269 -155.7233 4.0502 50.8244 100.0000 stroke1
movl 0 -35.1172 404.1871 168.6642 -156.9577 5.0550 49.2597 100.0000 stroke1
movl 0 -33.1506 405.9931 168.0486 -157.4672 6.1354 47.9336 100.0000 stroke1
movl 0 -34.2494 406.5752 168.1212 -157.6351 6.5262 48.2391 100.0000 stroke1
movl 0 -35.0940 407.1674 168.0775 -157.6991 7.0278 48.5639 100.0000 stroke1
movl 0 -36.0547 407.6962 168.0008 -157.9265 7.4451 48.5456 100.0000 stroke1
movl 0 -36.3356 407.8034 167.9681 -158.3011 8.2120 47.6039 100.0000 stroke1
movl 0 -36.7985 407.4108 168.1929 -158.5089 8.6111 47.1520 100.0000 stroke1
movl 0 -37.4536 406.4583 168.7410 -158.6579 8.8882 46.9130 100.0000 stroke1
movl 0 -37.5967 405.8699 169.0759 -158.8118 9.2734 46.5692 100.0000 stroke1
movl 0 -38.4479 405.1843 169.4436 -158.9877 9.5622 46.4451 100.0000 stroke1
movl 0 -39.0209 404.6185 169.7408 -159.1679 9.9633 46.3968 100.0000 stroke1
movl 0 -39.9475 404.0369 169.9581 -159.3776 10.3131 46.4578 100.0000 stroke1
movl 0 -40.9235 403.6511 170.1288 -159.7282 10.8582 46.4238 100.0000 stroke1
movl 0 -41.9228 403.0696 170.2811 -160.0144 11.2161 46.4025 100.0000 stroke1
movl 0 -43.4379 402.4496 170.3762 -160.2398 11.4056 46.7904 100.0000 stroke1
movl 0 -45.0034 401.5894 170.6294 -160.4210 11.5524 47.0587 100.0000 stroke1
movl 0 -46.6056 400.6235 170.8024 -160.4855 11.6124 47.5333 100.0000 stroke1
movl 0 -48.0827 399.9926 170.9559 -160.5851 11.7578 47.9207 100.0000 stroke1
movl 0 -49.6524 398.9684 171.2441 -160.4920 11.6790 48.4578 100.0000 stroke1
movl 0 -51.0087 398.0045 171.6913 -160.3642 11.6522 48.8415 100.0000 stroke1
movl 0 -52.2770 397.1962 172.0200 -160.2478 11.6135 49.2294 100.0000 stroke1
movl 0 -53.4554 396.4578 172.3336 -160.0383 11.4987 49.6134 100.0000 stroke1
movl 0 -54.3345 395.5974 172.9774 -159.6808 11.3994 49.9367 100.0000 stroke1
movl 0 -55.1674 394.9292 173.4175 -159.4665 11.1951 50.1794 100.0000 stroke1
movl 0 -56.0411 394.0645 173.8802 -159.1677 10.9654 50.4736 100.0000 stroke1
movl 0 -56.7949 393.7513 174.1353 -159.0087 10.8796 50.5905 100.0000 stroke1
movl 0 -57.8155 393.4549 174.3127 -158.8728 10.6904 50.9102 100.0000 stroke1
movl 0 -58.3258 393.4260 174.4584 -158.9388 10.5902 50.9453 100.0000 stroke1
movl 0 -56.5227 392.0071 175.7964 -158.1125 10.2745 50.4422 100.0000 stroke1
movl 0 -47.5677 383.9773 196.0130 -151.4902 8.9091 47.8018 100.0000 stroke1
movl 0 -20.9242 390.8900 186.6300 -149.6153 23.9341 35.5047 100.0000 stroke2
movl 0 -25.6833 380.9557 176.2506 -153.6387 21.2365 32.1849 100.0000 stroke2
movl 0 -29.3991 382.9528 169.6011 -155.6312 17.3760 31.0709 100.0000 stroke2
movl 0 -28.9180 384.5645 167.8346 -154.7328 17.4865 34.3279 100.0000 stroke2
movl 0 -31.3965 385.7676 166.8394 -156.1573 17.9297 33.6840 100.0000 stroke2
movl 0 -34.8821 387.3996 166.0450 -159.8551 18.2110 30.0961 100.0000 stroke2
movl 0 -36.2383 388.4562 166.1160 -162.2571 18.6211 26.7686 100.0000 stroke2
movl 0 -34.3317 390.2611 166.2602 -164.6105 19.8427 22.6779 100.0000 stroke2
movl 0 -34.4261 391.4519 166.2845 -166.3894 20.8493 19.0077 100.0000 stroke2
movl 0 -37.5883 391.8657 166.5485 -168.2958 21.4537 15.9365 100.0000 stroke2
movl 0 -38.0661 392.3737 166.4876 -170.0098 22.0817 12.2714 100.0000 stroke2
movl 0 -38.5483 392.6984 166.4440 -171.8307 22.3530 8.5598 100.0000 stroke2
movl 0 -39.5886 392.2568 166.7654 -172.9490 22.6079 6.3824 100.0000 stroke2
movl 0 -39.5971 392.2086 167.1462 -174.3059 22.6392 3.9782 100.0000 stroke2
movl 0 -39.7661 391.9613 167.6406 -175.8065 22.8166 1.6368 100.0000 stroke2
movl 0 -39.8085 391.5772 168.2334 -176.9054 22.8911 -0.1780 100.0000 stroke2
movl 0 -39.7493 391.4339 168.7439 -178.3839 22.8694 -2.3924 100.0000 stroke2
movl 0 -40.2509 391.2414 169.2144 -179.9085 22.6685 -4.5388 100.0000 stroke2
movl 0 -40.4496 391.2360 169.4039 178.8144 22.6019 -6.1834 100.0000 stroke2
movl 0 -40.5143 391.3726 169.5852 177.4664 22.4575 -7.9372 100.0000 stroke2
movl 0 -40.7566 391.5443 169.6845 176.0280 22.2187 -9.8010 100.0000 stroke2
movl 0 -41.0747 391.7015 169.8581 174.5804 21.7272 -11.6431 100.0000 stroke2
movl 0 -41.5301 392.0035 170.0063 172.9154 21.1782 -13.7821 100.0000 stroke2
movl 0 -41.9294 392.2298 170.1298 171.5209 20.7517 -15.5311 100.0000 stroke2
movl 0 -43.1509 392.7737 169.8987 169.6367 19.5805 -18.7094 100.0000 stroke2
movl 0 -44.3083 392.8402 169.9562 168.4085 19.0724 -20.8501 100.0000 stroke2
movl 0 -45.1222 392.9382 169.9796 167.4079 18.4406 -22.2081 100.0000 stroke2
movl 0 -46.1849 392.7354 169.8432 166.5370 17.6431 -23.8537 100.0000 stroke2
movl 0 -47.3361 392.8631 169.6919 165.6729 16.8362 -24.7550 100.0000 stroke2
movl 0 -48.3197 392.9429 169.5763 164.7085 15.9325 -25.9084 100.0000 stroke2
movl 0 -49.3042 392.7441 169.5112 164.1335 15.3415 -26.6600 100.0000 stroke2
movl 0 -49.9997 392.5525 169.4541 163.7360 15.0498 -26.7618 100.0000 stroke2
movl 0 -51.5345 392.0123 169.4697 163.5397 14.7606 -26.2630 100.0000 stroke2
movl 0 -50.5494 391.5148 169.9862 163.8297 15.4360 -25.8409 100.0000 stroke2
movl 0 -48.5357 390.1460 171.2973 164.9880 15.9188 -26.0237 100.0000 stroke2
movl 0 -47.5313 389.5501 171.7734 165.5093 16.2642 -25.9574 100.0000 stroke2
movl 0 -47.2230 389.1771 171.9760 165.5453 16.5026 -25.9059 100.0000 stroke2
movl 0 -46.9870 388.6603 172.4766 165.9211 16.7163 -25.9023 100.0000 stroke2
movl 0 -45.8134 388.8126 172.4902 165.7495 16.5450 -26.6536 100.0000 stroke2
movl 0 -46.8776 388.2063 172.5715 165.0462 15.8243 -27.2960 100.0000 stroke2
movl 0 -45.5810 387.2442 173.6957 166.0061 16.4544 -27.6924 100.0000 stroke2
movl 0 -44.3668 387.2599 173.5550 165.8609 16.3772 -28.3308 100.0000 stroke2
movl 0 -46.2304 386.3148 173.9631 165.4966 15.8106 -28.4301 100.0000 stroke2
movl 0 -43.8610 385.8244 174.7821 166.2487 16.6661 -28.7303 100.0000 stroke2
movl 0 -45.8997 385.9619 174.1718 165.4744 15.6976 -28.8943 100.0000 stroke2
movl 0 -45.6930 385.9011 174.4889 165.7385 15.9640 -29.1710 100.0000 stroke2
movl 0 -45.2001 385.8069 174.8019 166.1808 16.1940 -29.6663 100.0000 stroke2
movl 0 -43.3925 380.1624 183.5954 170.0757 19.6500 -30.5423 100.0000 stroke2
movl 0 -37.4826 373.1885 228.8551 -177.4459 26.1684 -24.8058 100.0000 stroke2
movl 0 -0.6141 399.8179 207.7981 -173.7778 28.4266 -15.3895 100.0000 stroke3
movl 0 2.0359 395.1968 189.1433 -175.0608 27.8987 -15.7853 100.0000 stroke3
movl 0 -1.2196 396.1118 184.3974 -175.0459 27.1836 -15.3760 100.0000 stroke3
movl 0 -5.8349 398.0673 179.9159 -175.0230 26.2021 -14.2252 100.0000 stroke3
movl 0 -7.2958 400.0011 177.1487 -175.0370 25.1157 -13.3422 100.0000 stroke3
movl 0 -8.2078 401.0540 175.8214 -175.8726 24.9839 -15.1068 100.0000 stroke3
movl 0 -11.7682 403.3372 174.5902 -178.0657 23.0461 -17.3297 100.0000 stroke3
movl 0 -14.6800 404.6858 173.8654 179.9052 21.0939 -21.1390 100.0000 stroke3
movl 0 -14.2909 405.7691 173.1027 179.0798 20.6582 -22.4623 100.0000 stroke3
movl 0 -15.1807 405.7353 173.2234 178.4729 20.5616 -23.0048 100.0000 stroke3
movl 0 -16.0045 405.5271 173.4639 177.5224 20.2759 -24.0306 100.0000 stroke3
movl 0 -16.7361 405.3607 173.7663 176.4975 19.7535 -25.2222 100.0000 stroke3
movl 0 -17.7659 405.0972 173.9748 175.7159 19.3144 -26.1052 100.0000 stroke3
movl 0 -18.3279 404.8503 174.2694 175.1054 18.8101 -25.8138 100.0000 stroke3
movl 0 -19.2318 404.1867 174.7680 174.5712 18.4359 -26.1381 100.0000 stroke3
movl 0 -20.0616 403.7530 175.1873 173.9928 18.0472 -26.3875 100.0000 stroke3
movl 0 -20.7637 403.3048 175.5613 173.1711 17.7468 -26.5790 100.0000 stroke3
movl 0 -22.0379 402.6019 175.7353 172.7244 17.3793 -26.6903 100.0000 stroke3
movl 0 -23.6892 401.9650 175.8594 172.2708 16.9233 -26.5600 100.0000 stroke3
movl 0 -25.4052 400.9511 176.2106 171.9112 16.5852 -26.3080 100.0000 stroke3
movl 0 -27.2295 400.2239 176.5259 171.4536 16.2576 -25.8671 100.0000 stroke3
movl 0 -28.7312 399.3732 176.9957 171.1154 15.9935 -25.5441 100.0000 stroke3
movl 0 -30.3842 398.3984 177.4298 170.7415 15.8293 -25.0682 100.0000 stroke3
movl 0 -32.2592 397.4525 177.5600 170.6160 15.7424 -24.4248 100.0000 stroke3
movl 0 -34.2785 396.5749 177.6072 170.4396 15.5746 -23.9402 100.0000 stroke3
movl 0 -36.0519 395.5129 177.8533 170.3145 15.6055 -23.3940 100.0000 stroke3
movl 0 -37.5339 394.6703 178.1542 170.2488 15.6317 -22.9845 100.0000 stroke3
movl 0 -39.3246 393.8539 178.3115 170.1954 15.5907 -22.6189 100.0000 stroke3
movl 0 -40.4599 392.9741 178.9031 170.2283 15.7740 -22.2854 100.0000 stroke3
movl 0 -41.2477 392.3191 179.4981 170.2607 15.8679 -22.1533 100.0000 stroke3
movl 0 -42.2771 391.6883 179.9832 170.3329 15.9704 -21.8745 100.0000 stroke3
movl 0 -43.4102 391.3363 180.1625 170.3624 15.9723 -21.6213 100.0000 stroke3
movl 0 -44.2984 390.8929 180.5383 170.4234 16.0452 -21.3988 100.0000 stroke3
movl 0 -44.9300 390.7153 180.7905 170.4425 16.0989 -21.3718 100.0000 stroke3
movl 0 -45.1518 390.6694 181.1098 170.4488 16.1763 -21.4155 100.0000 stroke3
movl 0 -45.6960 390.4223 181.6532 170.4789 16.3145 -21.3565 100.0000 stroke3
movl 0 -46.5041 389.9424 181.8867 170.5818 16.3262 -21.2502 100.0000 stroke3
movl 0 -46.3293 389.5109 182.4088 170.6582 16.6651 -21.2463 100.0000 stroke3
movl 0 -41.5686 382.0156 191.3443 173.2910 19.9125 -22.2746 100.0000 stroke3
movl 0 -39.1849 373.7499 225.8531 179.5348 24.2435 -24.0509 100.0000 stroke3
movl 0 -1.1243 401.1790 242.1854 -168.6730 32.9329 -14.6859 100.0000 stroke4
movl 0 -5.4975 396.5070 202.5010 178.7085 30.4024 -28.0675 100.0000 stroke4
movl 0 -14.3048 396.4166 184.7810 175.6007 27.2134 -31.4641 100.0000 stroke4
movl 0 -20.9041 396.5886 180.1896 175.6760 26.4202 -31.9687 100.0000 stroke4
movl 0 -24.2125 399.3383 176.3476 175.4086 25.5509 -32.3424 100.0000 stroke4
movl 0 -24.9608 401.4784 174.4069 175.4304 25.1404 -32.2264 100.0000 stroke4
movl 0 -27.0131 402.2757 173.3757 176.3221 24.2105 -31.5970 100.0000 stroke4
movl 0 -29.8220 402.9163 172.7586 176.5297 21.8469 -31.9353 100.0000 stroke4
movl 0 -30.4419 403.5756 172.9936 175.0390 20.3087 -34.9915 100.0000 stroke4
movl 0 -33.8169 401.8484 173.6509 176.9648 20.0807 -34.8611 100.0000 stroke4
movl 0 -36.9254 400.2906 173.9049 179.0292 19.7809 -34.7630 100.0000 stroke4
movl 0 -37.0799 400.2630 173.9710 -179.9393 19.5950 -33.5874 100.0000 stroke4
movl 0 -36.4182 400.1384 174.2606 -179.7395 19.5692 -33.7220 100.0000 stroke4
movl 0 -34.8307 400.3524 174.6554 -179.6775 19.6358 -34.0535 100.0000 stroke4
movl 0 -31.4493 401.5808 174.7552 -179.9398 19.6238 -34.6299 100.0000 stroke4
movl 0 -27.2552 402.7181 175.3951 179.6411 19.8198 -35.9747 100.0000 stroke4
movl 0 -23.7742 404.1277 175.5660 179.3633 19.8242 -36.8799 100.0000 stroke4
movl 0 -19.9684 405.4629 175.8412 179.1210 19.9299 -37.7802 100.0000 stroke4
movl 0 -15.1687 407.5094 175.9690 178.3705 20.0381 -40.5026 100.0000 stroke4
movl 0 -10.6263 409.1663 176.0371 178.1075 20.1347 -41.3907 100.0000 stroke4
movl 0 -10.1994 408.6733 176.7159 178.1771 20.5010 -41.1987 100.0000 stroke4
movl 0 -10.7956 408.0516 177.2018 177.8583 20.7835 -41.2298 100.0000 stroke4
movl 0 -10.4755 407.7469 177.5106 178.1026 20.9143 -40.0637 100.0000 stroke4
movl 0 -10.2910 407.5214 177.7165 178.1035 21.0088 -39.7999 100.0000 stroke4
movl 0 -10.4069 407.0570 178.0712 178.1243 21.1757 -39.6563 100.0000 stroke4
movl 0 -10.7114 406.5393 178.4395 178.1339 21.2710 -39.4905 100.0000 stroke4
movl 0 -10.8369 406.2416 178.5889 178.2088 21.3524 -39.3606 100.0000 stroke4
movl 0 -9.9422 406.2264 178.8816 178.2226 21.6018 -39.2474 100.0000 stroke4
movl 0 -9.7375 405.9184 179.3235 178.3966 21.8008 -39.0586 100.0000 stroke4
movl 0 -8.4314 404.5486 181.0228 178.7969 22.5609 -38.9792 100.0000 stroke4
movl 0 -4.9824 400.2686 197.2526 -179.7618 25.2197 -38.9490 100.0000 stroke4
movl 0 17.5838 394.7309 232.6669 179.8424 34.2921 -37.3462 100.0000 stroke5
movl 0 20.0075 393.8954 194.1851 172.7458 30.2453 -45.3424 100.0000 stroke5
movl 0 15.5498 396.4902 177.7586 171.3474 29.1232 -45.0198 100.0000 stroke5
movl 0 12.5631 398.0373 175.2707 172.6618 28.0049 -44.8892 100.0000 stroke5
movl 0 11.5238 400.1651 172.9376 172.6826 27.2519 -45.5667 100.0000 stroke5
movl 0 10.2153 401.7339 171.5780 172.7125 26.6974 -46.2297 100.0000 stroke5
movl 0 7.2096 404.8270 169.7051 171.9446 24.0820 -48.1671 100.0000 stroke5
movl 0 6.8124 406.6649 169.1553 170.0054 21.5635 -53.1163 100.0000 stroke5
movl 0 6.2453 408.2347 168.5431 168.3779 20.4021 -55.1287 100.0000 stroke5
movl 0 6.4351 409.0570 168.8250 165.3593 18.4403 -58.1537 100.0000 stroke5
movl 0 6.3317 410.2033 169.9883 161.2465 14.2083 -61.1922 100.0000 stroke5
movl 0 5.6630 409.2351 170.8877 161.6094 14.0860 -61.7846 100.0000 stroke5
movl 0 4.7764 408.3307 171.2535 162.0740 14.1438 -61.9635 100.0000 stroke5
movl 0 3.4179 407.2578 171.8120 162.6155 14.1461 -62.1558 100.0000 stroke5
movl 0 2.2466 406.3577 172.2045 163.0881 14.1571 -62.1674 100.0000 stroke5
movl 0 1.8874 406.1957 172.2067 163.3529 14.0450 -62.1485 100.0000 stroke5
movl 0 0.8810 406.0719 172.5500 163.8343 13.4532 -62.3153 100.0000 stroke5
movl 0 0.7189 405.9113 172.7768 164.1628 13.0239 -62.6859 100.0000 stroke5
movl 0 0.8147 406.0445 172.9166 164.3972 12.2434 -63.4032 100.0000 stroke5
movl 0 3.2145 406.5098 172.9125 164.2903 11.1845 -63.9382 100.0000 stroke5
movl 0 4.4520 405.4411 173.4774 164.0969 11.2510 -64.3114 100.0000 stroke5
movl 0 4.3334 405.3331 173.1679 163.9643 10.8361 -65.1540 100.0000 stroke5
movl 0 5.6412 405.8490 172.5167 163.6395 10.0327 -66.1341 100.0000 stroke5
movl 0 6.3009 406.2049 172.2341 163.1871 9.0712 -67.3030 100.0000 stroke5
movl 0 5.7094 405.8457 172.4954 163.1522 8.9124 -67.3808 100.0000 stroke5
movl 0 6.2792 405.6740 172.5184 162.8851 8.4650 -67.9936 100.0000 stroke5
movl 0 5.6121 405.4923 172.4483 162.6012 8.0028 -68.5433 100.0000 stroke5
movl 0 5.8834 405.5924 172.3558 162.5311 7.9133 -68.6987 100.0000 stroke5
movl 0 6.0051 405.2502 172.7588 162.4074 7.9636 -68.3661 100.0000 stroke5
movl 0 5.5539 404.9498 172.9625 162.3108 7.8881 -68.2760 100.0000 stroke5
movl 0 5.0972 404.6950 173.0138 162.2218 7.7147 -68.1825 100.0000 stroke5
movl 0 4.5234 404.5548 173.0633 161.9085 7.2380 -68.6494 100.0000 stroke5
movl 0 4.1271 404.2855 173.1059 161.7747 6.8880 -68.8812 100.0000 stroke5
movl 0 3.7607 404.0692 173.1929 161.6705 6.5436 -69.2901 100.0000 stroke5
movl 0 3.6811 403.9046 173.3136 161.4694 6.1331 -69.6630 100.0000 stroke5
movl 0 3.3733 403.8701 173.3553 161.2186 5.7460 -69.7157 100.0000 stroke5
movl 0 3.2333 403.9388 173.4211 160.9386 5.2641 -69.7929 100.0000 stroke5
movl 0 3.0115 404.0932 173.4129 160.6880 4.7045 -69.6431 100.0000 stroke5
movl 0 2.5883 404.2512 173.3967 160.4726 4.1665 -69.3776 100.0000 stroke5
movl 0 2.1453 404.3545 173.3129 160.2462 3.5636 -69.3717 100.0000 stroke5
movl 0 1.2509 404.4971 173.1805 160.1127 3.0243 -68.9436 100.0000 stroke5
movl 0 0.4714 404.6405 173.0243 159.9756 2.5288 -68.4920 100.0000 stroke5
movl 0 -0.4858 404.9130 172.8575 159.8196 1.7212 -68.1559 100.0000 stroke5
movl 0 -1.5849 404.9351 172.6679 159.6953 1.0110 -68.0973 100.0000 stroke5
movl 0 -3.0465 404.9187 172.3722 159.6026 0.3797 -67.1176 100.0000 stroke5
movl 0 -4.8444 404.4215 172.2799 159.6714 -0.0850 -66.6753 100.0000 stroke5
movl 0 -6.5099 403.9313 172.1875 159.7430 -0.4221 -66.0774 100.0000 stroke5
movl 0 -8.1538 403.4526 172.1025 159.8201 -0.6734 -65.2395 100.0000 stroke5
movl 0 -8.5223 403.1580 172.1606 159.5147 -0.7593 -64.9330 100.0000 stroke5
movl 0 -10.4174 402.6823 171.8398 159.4627 -0.9454 -64.2333 100.0000 stroke5
movl 0 -12.4251 401.8966 171.7272 159.3630 -0.9570 -63.1609 100.0000 stroke5
movl 0 -13.8590 400.9691 171.8859 159.3034 -0.6795 -62.4032 100.0000 stroke5
movl 0 -8.8554 400.7687 173.4095 159.0740 0.3723 -63.7858 100.0000 stroke5
movl 0 -6.7690 401.0471 173.5686 159.0169 0.4917 -64.1521 100.0000 stroke5
movl 0 -8.7410 401.0363 173.3483 158.9702 -0.0488 -63.1221 100.0000 stroke5
movl 0 -8.5840 400.0986 174.1114 158.9707 0.6118 -63.6136 100.0000 stroke5
movl 0 -7.3894 399.3700 174.4220 159.0191 1.0729 -63.8889 100.0000 stroke5
movl 0 -7.2472 396.4061 175.9774 159.8151 2.7916 -64.4168 100.0000 stroke5
movl 0 -6.7649 394.8424 176.6880 160.4179 3.7204 -64.8484 100.0000 stroke5
movl 0 -5.9328 393.9072 177.3023 160.6716 4.5848 -65.2352 100.0000 stroke5
movl 0 -4.2975 392.4228 178.2407 160.8563 5.7701 -65.8469 100.0000 stroke5
movl 0 -2.6247 390.8677 179.5012 160.9217 6.9033 -66.3696 100.0000 stroke5
movl 0 -1.0768 389.7723 180.4423 160.8715 7.6897 -66.5375 100.0000 stroke5
movl 0 1.2228 386.7426 183.0782 161.0052 9.3673 -67.2052 100.0000 stroke5
movl 0 2.7818 375.5738 188.2733 160.2487 13.0926 -75.5124 100.0000 stroke5
movl 0 1.8087 357.9514 186.4441 159.5807 17.2375 -79.4509 100.0000 stroke5
movl 0 -3.8408 335.0664 181.8625 162.6873 22.1105 -82.4554 100.0000 stroke5
movl 0 -14.4369 322.5144 176.4500 166.9716 23.2673 -81.3793 100.0000 stroke5
movl 0 -17.7007 323.8446 174.5653 167.8996 23.1651 -81.3739 100.0000 stroke5
movl 0 -18.1762 324.0720 173.5532 167.9346 23.2341 -81.3048 100.0000 stroke5
movl 0 -19.3362 326.0835 171.9762 168.0241 22.3143 -81.2221 100.0000 stroke5
movl 0 -20.9374 327.8967 170.6658 167.7218 20.8205 -80.8147 100.0000 stroke5
movl 0 -21.1234 328.9231 169.9830 167.1553 19.8139 -80.3018 100.0000 stroke5
movl 0 -21.4067 329.0607 169.7886 166.8117 19.4307 -80.2720 100.0000 stroke5
movl 0 -21.4192 329.1876 169.6874 166.5872 19.4393 -79.8953 100.0000 stroke5
movl 0 -21.6116 329.0312 169.6662 166.5029 19.6312 -79.4220 100.0000 stroke5
movl 0 -21.6212 329.2487 169.6356 166.4679 19.7014 -79.0086 100.0000 stroke5
movl 0 -21.6875 329.5334 169.7540 166.4421 19.8639 -78.5646 100.0000 stroke5
movl 0 -22.4426 329.5725 169.9960 166.3806 19.9728 -78.3829 100.0000 stroke5
movl 0 -23.3012 329.5218 170.3587 166.3493 20.1388 -78.1494 100.0000 stroke5
movl 0 -23.8108 329.8655 170.5658 166.3073 20.2048 -78.0056 100.0000 stroke5
movl 0 -24.2365 330.1537 170.8052 166.2194 20.2944 -77.9046 100.0000 stroke5
movl 0 -24.7194 330.4387 171.0461 166.1741 20.3843 -77.8124 100.0000 stroke5
movl 0 -25.5918 330.8712 171.4955 166.0951 20.5327 -77.7320 100.0000 stroke5
movl 0 -26.2893 331.7714 172.0866 165.9487 20.5912 -77.6383 100.0000 stroke5
movl 0 -26.2191 332.2143 172.1639 165.8534 20.5974 -77.7238 100.0000 stroke5
movl 0 -26.8321 332.9194 172.6842 165.7463 20.8611 -77.6801 100.0000 stroke5
movl 0 -26.4137 334.0238 173.1949 165.3725 20.8435 -77.7094 100.0000 stroke5
movl 0 -26.4605 334.1452 173.3434 165.3590 20.8772 -77.7152 100.0000 stroke5
movl 0 -26.3470 334.1797 173.3494 165.3310 20.7899 -77.7984 100.0000 stroke5
movl 0 -23.2423 333.2308 175.5314 164.6951 21.3890 -78.4088 100.0000 stroke5
movl 0 -17.3499 334.0907 189.5297 162.5597 22.9084 -77.7308 100.0000 stroke5
movl 0 -18.4828 332.2868 245.6554 165.2560 29.6749 -73.0247 100.0000 stroke5
