movl 0 -19.7889 406.1035 203.0912 144.2105 15.4616 -102.3717 100.0000 stroke1
movl 0 -13.3326 402.7669 180.1857 144.8536 15.9793 -102.1996 100.0000 stroke1
movl 0 -10.3421 408.9667 169.2588 145.8591 13.8655 -102.9774 100.0000 stroke1
movl 0 -9.8997 408.8860 166.6498 146.4062 14.5379 -102.1292 100.0000 stroke1
movl 0 -11.7508 412.0370 167.1511 145.5457 9.2594 -109.9048 100.0000 stroke1
movl 0 -8.3184 412.8611 163.3118 143.1802 -12.7793 -135.8079 100.0000 stroke1
movl 0 -5.7116 416.8011 162.1654 144.3935 -18.9565 -140.5421 100.0000 stroke1
movl 0 -7.7991 418.1514 162.7667 145.5195 -17.7239 -140.4036 100.0000 stroke1
movl 0 -8.4863 416.9620 162.3058 143.9641 -14.1946 -138.0834 100.0000 stroke1
movl 0 -7.3692 412.2799 159.3627 138.7252 -8.2511 -133.1566 100.0000 stroke1
movl 0 -10.4664 411.4389 160.6318 139.3493 -7.1090 -133.4461 100.0000 stroke1
movl 0 -13.5843 413.3039 165.0540 146.0354 -13.8635 -143.8189 100.0000 stroke1
movl 0 -13.0644 417.5596 167.3414 152.9204 -20.0446 -153.1215 100.0000 stroke1
movl 0 -13.9659 421.2593 167.2596 157.2848 -22.1929 -157.2636 100.0000 stroke1
movl 0 -13.2924 424.2122 166.5753 160.6030 -25.1287 -162.8697 100.0000 stroke1
movl 0 -12.6030 424.7774 165.2631 164.1537 -28.3861 -171.4439 100.0000 stroke1
movl 0 -15.7494 427.1877 163.7920 165.7121 -27.3146 -173.3588 100.0000 stroke1
movl 0 -18.4359 429.5937 163.5825 168.1984 -25.4285 -175.8396 100.0000 stroke1
movl 0 -17.4509 431.6221 163.3049 170.1854 -24.8776 -178.2457 100.0000 stroke1
movl 0 -15.6225 433.6552 163.0402 172.2330 -25.2678 179.4995 100.0000 stroke1
movl 0 -18.2201 432.4879 163.6823 173.3662 -25.1288 177.8838 100.0000 stroke1
movl 0 -18.4058 432.6235 163.7797 174.9056 -25.3270 175.4603 100.0000 stroke1
movl 0 -18.0547 432.0958 163.9795 176.0703 -25.4894 173.2002 100.0000 stroke1
movl 0 -18.1152 432.1438 164.2364 177.8446 -25.5023 170.4850 100.0000 stroke1
movl 0 -17.8616 432.3614 164.5127 179.6357 -25.5734 167.8512 100.0000 stroke1
movl 0 -17.7879 432.3483 164.8835 -178.8211 -25.3966 165.9036 100.0000 stroke1
movl 0 -17.8164 432.6895 165.2106 -177.2820 -25.1458 164.1513 100.0000 stroke1
movl 0 -18.0506 432.6446 165.5741 -175.6561 -24.7121 161.8779 100.0000 stroke1
movl 0 -18.0285 432.7711 165.8410 -173.9825 -24.3447 159.6476 100.0000 stroke1
movl 0 -18.2908 433.0986 166.2513 -172.0806 -23.4686 157.3180 100.0000 stroke1
movl 0 -18.3945 433.4813 166.4400 -169.9063 -22.7442 154.4533 100.0000 stroke1
movl 0 -18.5873 433.7425 166.7399 -168.0315 -21.9446 151.9712 100.0000 stroke1
movl 0 -19.2788 434.1574 167.0637 -166.5005 -21.0824 149.9266 100.0000 stroke1
movl 0 -17.9156 432.1675 167.7552 -167.4508 -21.8011 149.8455 100.0000 stroke1
movl 0 -19.1459 432.3140 167.9133 -166.9861 -21.2075 149.6985 100.0000 stroke1
movl 0 -19.5935 432.4949 167.8382 -166.3834 -20.6689 149.1700 100.0000 stroke1
movl 0 -17.8479 428.8047 168.6961 -169.0740 -22.8897 150.8840 100.0000 stroke1
movl 0 -18.2277 428.2951 169.4039 -169.6917 -23.6687 150.8674 100.0000 stroke1
movl 0 -18.0733 424.0536 170.8665 -172.1218 -25.0128 152.1694 100.0000 stroke1
movl 0 -19.6489 413.9247 184.8464 179.8237 -28.9649 157.2742 100.0000 stroke1
movl 0 -26.9826 409.0813 196.3192 167.3966 -32.1307 179.9701 100.0000 stroke2
movl 0 -28.8874 405.7661 170.8984 172.8233 -30.4515 171.8406 100.0000 stroke2
movl 0 -37.0527 404.4170 171.5571 170.9789 -27.3987 171.9087 100.0000 stroke2
movl 0 -35.5486 407.5887 170.1107 170.0508 -27.3690 175.4081 100.0000 stroke2
movl 0 -35.4745 408.8157 169.4489 170.3123 -27.5990 176.8441 100.0000 stroke2
movl 0 -37.3790 409.6006 168.5779 170.9259 -27.0540 176.7854 100.0000 stroke2
movl 0 -39.1610 409.4718 168.6075 171.0750 -25.9287 175.9359 100.0000 stroke2
movl 0 -41.3082 409.2305 168.8773 171.2829 -24.6515 175.1124 100.0000 stroke2
movl 0 -42.4686 409.9566 169.1048 171.9336 -23.8236 174.2247 100.0000 stroke2
movl 0 -43.5248 411.0346 169.7179 173.4645 -22.8033 172.5911 100.0000 stroke2
movl 0 -45.5518 410.6532 169.8575 172.8990 -21.7129 172.2637 100.0000 stroke2
movl 0 -45.2451 411.0691 169.7855 172.8099 -21.3100 171.8606 100.0000 stroke2
movl 0 -44.2368 411.4919 169.9714 172.8712 -21.0699 171.1515 100.0000 stroke2
movl 0 -42.2423 412.0389 170.1556 173.1263 -21.0555 170.3658 100.0000 stroke2
movl 0 -38.8979 412.9709 170.2269 173.3877 -21.0929 169.0687 100.0000 stroke2
movl 0 -34.5583 414.0480 170.5242 173.9693 -21.4423 166.5108 100.0000 stroke2
movl 0 -29.8394 415.6884 170.5081 174.5054 -21.4374 164.7228 100.0000 stroke2
movl 0 -28.6601 413.8872 171.3846 173.7755 -22.1920 164.9485 100.0000 stroke2
movl 0 -27.9015 413.5987 171.5707 173.6193 -22.2583 164.7499 100.0000 stroke2
movl 0 -28.0934 413.4323 171.5990 173.7154 -22.2322 164.8532 100.0000 stroke2
movl 0 -27.3908 413.9800 171.2196 174.7193 -21.8668 164.2460 100.0000 stroke2
movl 0 -28.0484 413.0183 171.3406 175.1424 -23.1726 165.1420 100.0000 stroke2
movl 0 -28.0053 411.9415 171.7400 174.8789 -23.7274 165.7970 100.0000 stroke2
movl 0 -27.5616 409.1986 173.9637 173.6341 -24.9050 167.2251 100.0000 stroke2
movl 0 -33.8453 401.9312 194.3505 168.5514 -26.2680 172.6107 100.0000 stroke2
movl 0 -19.2134 395.7230 214.5104 162.5162 -32.0219 -175.8458 100.0000 stroke3
movl 0 -24.5924 392.4036 179.7741 166.1438 -29.0025 179.8667 100.0000 stroke3
movl 0 -30.3423 393.8249 173.8956 168.7681 -26.5165 177.3198 100.0000 stroke3
movl 0 -32.2496 396.9436 170.5309 169.4174 -25.9888 177.3732 100.0000 stroke3
movl 0 -32.2776 398.8492 169.5269 170.4582 -26.5315 177.4325 100.0000 stroke3
movl 0 -36.8442 399.6428 168.7633 171.1474 -24.0003 175.6730 100.0000 stroke3
movl 0 -42.0447 397.6946 169.8009 171.9048 -21.3445 173.1507 100.0000 stroke3
movl 0 -42.8031 396.9817 170.2917 171.6840 -20.7717 172.5358 100.0000 stroke3
movl 0 -43.8564 397.0728 170.3053 171.4234 -20.1630 171.8782 100.0000 stroke3
movl 0 -42.2219 397.8458 170.3267 171.5659 -19.9940 170.8023 100.0000 stroke3
movl 0 -40.4557 398.5996 170.6306 171.9212 -20.0986 169.2692 100.0000 stroke3
movl 0 -35.8323 399.8100 170.8333 172.4123 -20.3114 167.1182 100.0000 stroke3
movl 0 -31.2932 401.6461 170.7372 173.1455 -20.2589 164.7889 100.0000 stroke3
movl 0 -28.6468 399.0750 171.7227 171.8522 -21.5085 166.2243 100.0000 stroke3
movl 0 -28.6961 400.7623 171.5565 173.4394 -21.2363 164.9425 100.0000 stroke3
movl 0 -27.0496 401.0029 171.2200 174.3745 -21.6777 164.9160 100.0000 stroke3
movl 0 -27.8203 400.1920 171.0069 174.1054 -22.9315 166.6355 100.0000 stroke3
movl 0 -28.1024 399.6046 171.0788 173.9316 -23.5896 167.4957 100.0000 stroke3
movl 0 -27.4145 397.0910 172.8899 172.2167 -24.6283 170.5338 100.0000 stroke3
movl 0 -31.2022 393.6509 201.4247 164.6829 -26.2019 178.7835 100.0000 stroke3
movl 0 -19.2972 411.5893 215.0480 165.9981 -34.1231 -166.7588 100.0000 stroke4
movl 0 -15.7320 405.6885 168.8270 170.8592 -33.0423 -172.8837 100.0000 stroke4
movl 0 -16.5092 402.8547 170.4059 170.7067 -29.7828 -175.4660 100.0000 stroke4
movl 0 -15.9446 405.9855 167.5401 170.9287 -30.5056 -174.6548 100.0000 stroke4
movl 0 -23.4395 409.1807 165.5206 172.8935 -28.0967 -174.9714 100.0000 stroke4
movl 0 -25.5704 411.8122 165.5920 177.2388 -26.3332 179.6996 100.0000 stroke4
movl 0 -25.4634 413.3056 166.0218 -179.3744 -25.7671 175.4871 100.0000 stroke4
movl 0 -24.9833 414.0836 166.6367 -176.0901 -25.2345 171.6687 100.0000 stroke4
movl 0 -24.6906 413.8377 167.4398 -173.4190 -24.6652 168.1658 100.0000 stroke4
movl 0 -22.2354 411.9179 168.2136 -174.5803 -25.7441 167.2057 100.0000 stroke4
movl 0 -23.1846 411.4782 168.1615 -172.8331 -24.9481 165.9899 100.0000 stroke4
movl 0 -23.2164 411.1559 168.1241 -172.8270 -25.0264 165.3249 100.0000 stroke4
movl 0 -22.9296 409.0171 168.3310 -175.2877 -25.8646 165.8819 100.0000 stroke4
movl 0 -23.3184 406.8723 168.9125 -177.9836 -26.5368 167.5721 100.0000 stroke4
movl 0 -25.5610 400.2733 189.9619 172.1845 -28.7090 173.4953 100.0000 stroke4
movl 0 -7.6508 395.8622 235.7459 160.2705 -32.4556 -177.0212 100.0000 stroke5
movl 0 -0.2537 398.0423 175.2625 169.6955 -34.3644 177.4010 100.0000 stroke5
movl 0 -5.1268 395.6901 169.2508 173.4364 -32.7564 174.3750 100.0000 stroke5
movl 0 -11.6180 395.3505 169.3816 173.1427 -30.2675 174.4752 100.0000 stroke5
movl 0 -15.3531 395.7903 168.9910 173.6522 -29.1486 174.2423 100.0000 stroke5
movl 0 -16.5013 396.4375 168.5842 173.8269 -29.6194 174.6637 100.0000 stroke5
movl 0 -20.2124 396.1746 168.0958 173.1032 -27.4935 175.0437 100.0000 stroke5
movl 0 -23.3728 395.3644 168.6824 172.9730 -25.5519 174.1273 100.0000 stroke5
movl 0 -22.3427 396.0694 168.6047 173.2816 -24.9516 172.7063 100.0000 stroke5
movl 0 -18.6937 397.1171 168.3770 173.5111 -24.6550 170.9263 100.0000 stroke5
movl 0 -14.3853 398.7708 168.2334 174.4477 -25.0115 168.5036 100.0000 stroke5
movl 0 -12.0194 400.8025 168.2235 177.0202 -25.5218 165.0178 100.0000 stroke5
movl 0 -8.9455 406.2055 167.0429 -177.1049 -25.2529 158.1859 100.0000 stroke5
movl 0 -8.7123 408.8732 166.2384 -174.3214 -25.0289 155.7241 100.0000 stroke5
movl 0 -8.0583 409.3193 165.8647 -171.5662 -24.3089 154.3358 100.0000 stroke5
movl 0 -8.9160 407.9210 166.2293 -169.8932 -24.0926 153.8129 100.0000 stroke5
movl 0 -7.6867 406.2313 167.0385 -170.4753 -25.0013 153.4939 100.0000 stroke5
movl 0 -8.1629 405.8311 167.1440 -170.6746 -24.8968 153.0173 100.0000 stroke5
movl 0 -8.5784 404.0919 168.6223 -171.6219 -26.0629 151.8000 100.0000 stroke5
movl 0 -5.1102 395.0280 187.6652 179.1417 -31.1704 158.4133 100.0000 stroke5
movl 0 -1.7594 378.4531 247.6280 158.3968 -37.6157 179.4036 100.0000 stroke6
movl 0 3.4057 388.6614 176.5990 174.6067 -36.8834 165.2293 100.0000 stroke6
movl 0 5.8879 388.5336 169.4923 178.1201 -36.4203 160.3855 100.0000 stroke6
movl 0 -1.2855 389.8466 168.9318 -179.5223 -34.2135 157.7110 100.0000 stroke6
movl 0 -2.5010 389.0572 169.9605 -179.3213 -33.4124 155.3895 100.0000 stroke6
movl 0 -2.5001 388.5254 173.7852 -177.9544 -31.0732 149.1839 100.0000 stroke6
movl 0 -8.7714 388.2211 173.7189 -175.7335 -29.9802 147.5902 100.0000 stroke6
movl 0 -14.5690 390.1958 171.8378 -173.5607 -29.2452 147.7356 100.0000 stroke6
movl 0 -20.4665 389.5655 170.8976 -172.9096 -28.3611 148.8597 100.0000 stroke6
movl 0 -21.3172 390.1561 170.3646 -172.5056 -27.9774 148.1356 100.0000 stroke6
movl 0 -23.5681 389.9844 170.0516 -172.3721 -27.1263 147.1344 100.0000 stroke6
movl 0 -26.7763 388.9119 170.7381 -173.2234 -25.4930 146.0282 100.0000 stroke6
movl 0 -28.0815 388.5078 170.8729 -173.9346 -24.8579 145.6528 100.0000 stroke6
movl 0 -27.8276 388.4329 171.1306 -174.2798 -24.2757 145.0325 100.0000 stroke6
movl 0 -27.0806 388.3337 171.3112 -174.5796 -23.6519 144.4580 100.0000 stroke6
movl 0 -25.7730 388.7236 171.3585 -174.6784 -23.0192 143.6194 100.0000 stroke6
movl 0 -24.1580 389.6044 171.1970 -174.6316 -22.2264 142.0102 100.0000 stroke6
movl 0 -23.2045 388.9744 171.5871 -174.5779 -22.6488 141.6679 100.0000 stroke6
movl 0 -23.4495 389.1470 171.7254 -174.4843 -22.3027 141.4982 100.0000 stroke6
movl 0 -23.1335 389.4832 171.6115 -173.9625 -22.0956 141.5417 100.0000 stroke6
movl 0 -24.6173 388.8858 171.6674 -173.9285 -22.4918 142.8050 100.0000 stroke6
movl 0 -23.9890 388.6323 171.7349 -173.6770 -22.9747 142.8611 100.0000 stroke6
movl 0 -23.3275 387.5322 172.1464 -173.6746 -23.6896 143.2760 100.0000 stroke6
movl 0 -22.0435 384.2766 174.1288 -174.4563 -25.0996 144.3231 100.0000 stroke6
movl 0 -22.9261 381.2875 189.3498 -176.8473 -27.4920 147.3311 100.0000 stroke6
movl 0 -19.5030 380.9956 214.2320 172.6550 -34.9486 168.0418 100.0000 stroke7
movl 0 -33.5489 371.9529 179.6508 176.0104 -31.9950 165.7694 100.0000 stroke7
movl 0 -45.9141 367.4244 174.1712 176.9837 -29.6234 163.4416 100.0000 stroke7
movl 0 -52.6596 366.2196 172.6670 177.4414 -28.8503 164.0887 100.0000 stroke7
movl 0 -55.4873 366.8637 171.6232 178.2066 -28.5355 164.0394 100.0000 stroke7
movl 0 -61.5198 366.6255 171.5330 177.4676 -24.9904 162.8990 100.0000 stroke7
movl 0 -67.1020 365.4604 171.4730 176.7230 -21.9389 162.3304 100.0000 stroke7
movl 0 -69.0466 366.5097 171.5561 177.2251 -20.5263 160.9123 100.0000 stroke7
movl 0 -71.2814 368.1700 172.5095 179.8771 -19.2592 155.3558 100.0000 stroke7
movl 0 -72.3768 367.5429 173.0055 -179.8348 -18.6428 153.8610 100.0000 stroke7
movl 0 -74.4022 366.7689 173.0026 179.2306 -18.3358 153.3534 100.0000 stroke7
movl 0 -72.2781 367.6269 172.9173 179.0715 -18.4489 152.4628 100.0000 stroke7
movl 0 -69.7949 368.3848 173.1407 179.1854 -18.4874 151.8543 100.0000 stroke7
movl 0 -66.9662 369.1632 173.4253 179.3956 -18.4611 151.1601 100.0000 stroke7
movl 0 -63.6817 370.2069 173.7652 179.6176 -18.3735 150.1313 100.0000 stroke7
movl 0 -59.7159 371.1684 174.0813 179.8527 -18.3464 148.9845 100.0000 stroke7
movl 0 -56.4381 372.1363 174.4197 179.7977 -18.1115 148.5766 100.0000 stroke7
movl 0 -52.9868 373.0914 174.7778 179.9159 -17.9397 147.4068 100.0000 stroke7
movl 0 -49.8307 374.1724 175.0923 -179.7610 -17.7490 146.0113 100.0000 stroke7
movl 0 -48.3283 374.8165 175.3880 -179.6963 -17.1704 144.8547 100.0000 stroke7
movl 0 -46.0130 375.8487 175.5879 -179.2269 -16.9750 142.3560 100.0000 stroke7
movl 0 -43.1158 377.4392 175.8918 -179.2157 -16.3375 140.4135 100.0000 stroke7
movl 0 -40.9481 378.8397 176.1793 -179.7290 -15.1495 139.0432 100.0000 stroke7
movl 0 -39.1177 380.6162 176.2702 179.9730 -14.0892 137.0109 100.0000 stroke7
movl 0 -36.1419 382.9964 176.0226 179.9546 -13.1599 134.3866 100.0000 stroke7
movl 0 -34.7501 383.5961 175.9836 -179.7129 -13.1283 133.7175 100.0000 stroke7
movl 0 -27.7790 380.9931 178.0443 -178.6917 -16.4449 133.3900 100.0000 stroke7
movl 0 -26.8337 382.2405 178.0241 -177.9568 -15.7235 133.2246 100.0000 stroke7
movl 0 -25.6683 384.4335 177.9327 -176.4873 -14.1861 132.0448 100.0000 stroke7
movl 0 -26.2187 384.3194 178.0163 -176.2471 -13.8796 131.6743 100.0000 stroke7
movl 0 -25.7106 383.6019 177.8015 -175.1761 -15.4291 132.7530 100.0000 stroke7
movl 0 -24.5384 383.2627 177.7345 -174.3427 -16.8652 133.7910 100.0000 stroke7
movl 0 -19.0969 377.7907 180.9705 -174.9053 -22.2843 136.7945 100.0000 stroke7
movl 0 -16.7007 366.5790 204.9376 172.5572 -32.2551 151.8860 100.0000 stroke7
movl 0 -5.1574 393.7772 194.4307 160.5008 -37.1629 -167.2837 100.0000 stroke8
movl 0 -6.0439 391.3797 167.9773 168.5277 -36.3269 -174.1902 100.0000 stroke8
movl 0 -5.1978 391.7381 167.3761 172.0954 -35.4746 -179.3153 100.0000 stroke8
movl 0 -6.6388 395.9784 166.3947 176.3482 -34.8657 176.6339 100.0000 stroke8
movl 0 -4.7201 397.4566 165.9146 177.9409 -35.1145 174.4785 100.0000 stroke8
movl 0 -4.9497 397.5323 166.0836 178.8173 -34.9510 173.3284 100.0000 stroke8
movl 0 -5.0764 397.9074 166.1562 179.6265 -34.8287 172.3976 100.0000 stroke8
movl 0 -5.1372 398.3636 166.6445 -178.8472 -34.5850 170.6000 100.0000 stroke8
movl 0 -3.8038 400.2329 167.1954 -173.6283 -34.5592 164.8693 100.0000 stroke8
movl 0 -8.8358 393.2474 167.2288 179.2723 -35.7950 169.6277 100.0000 stroke8
movl 0 -13.6586 391.8265 168.3224 178.6068 -33.3062 169.9770 100.0000 stroke8
movl 0 -16.0381 393.6235 168.0579 -178.8527 -31.6830 167.4584 100.0000 stroke8
movl 0 -18.1440 394.9126 167.3017 -177.4320 -30.5425 166.4143 100.0000 stroke8
movl 0 -22.4925 396.5946 166.8170 -176.7412 -28.5154 164.9748 100.0000 stroke8
movl 0 -28.4596 398.0115 167.4571 -174.5698 -24.3236 160.9866 100.0000 stroke8
movl 0 -27.6303 400.8909 166.8105 -172.8020 -22.9794 157.5006 100.0000 stroke8
movl 0 -27.6554 402.4892 167.1025 -169.9591 -21.8457 155.8482 100.0000 stroke8
movl 0 -26.0310 399.0010 168.4779 -170.6125 -22.6484 155.6477 100.0000 stroke8
movl 0 -25.4633 399.3830 168.3938 -170.2216 -22.5419 155.4386 100.0000 stroke8
movl 0 -26.2926 397.9929 168.6578 -169.6068 -22.1497 155.6282 100.0000 stroke8
movl 0 -26.7725 397.3386 168.7896 -170.1579 -22.2906 155.8451 100.0000 stroke8
movl 0 -25.5001 395.0668 169.4171 -172.2996 -23.6693 156.7430 100.0000 stroke8
movl 0 -18.6023 386.5992 186.2052 177.6486 -29.8314 164.6417 100.0000 stroke8
movl 0 1.1068 395.8118 212.1331 159.0794 -25.4857 -158.5781 100.0000 stroke9
movl 0 0.7860 387.3414 178.5017 163.0300 -28.1679 -164.0262 100.0000 stroke9
movl 0 -5.4850 379.8004 177.2326 163.0112 -24.3001 -167.2541 100.0000 stroke9
movl 0 -11.5831 379.9734 175.6947 165.1457 -22.3834 -169.6120 100.0000 stroke9
movl 0 -13.4546 380.7803 174.8022 165.7839 -21.9704 -170.2670 100.0000 stroke9
movl 0 -15.5801 382.3286 173.7270 166.4640 -21.4683 -171.0161 100.0000 stroke9
movl 0 -21.2517 388.5587 172.1096 171.1699 -19.2866 -174.9463 100.0000 stroke9
movl 0 -19.8580 393.1826 171.1694 174.7246 -19.1809 -178.5120 100.0000 stroke9
movl 0 -15.4492 397.7962 169.7994 177.1823 -20.9570 -179.9932 100.0000 stroke9
movl 0 -15.9169 397.7667 169.6670 178.1058 -21.5751 -179.9631 100.0000 stroke9
movl 0 -16.7393 396.5959 170.0774 178.6578 -21.7974 -179.9747 100.0000 stroke9
movl 0 -17.4589 395.2759 170.4639 179.1083 -21.9770 179.9893 100.0000 stroke9
movl 0 -17.5583 394.0951 170.7793 179.2703 -22.3196 -179.9893 100.0000 stroke9
movl 0 -17.2856 392.9892 171.1534 179.2770 -22.6487 -179.9608 100.0000 stroke9
movl 0 -17.0245 392.0613 171.5486 179.1853 -22.9371 179.9814 100.0000 stroke9
movl 0 -16.1406 391.8370 171.7176 179.1276 -23.2446 179.7159 100.0000 stroke9
movl 0 -16.1703 391.2685 171.9655 179.1305 -23.3844 179.5915 100.0000 stroke9
movl 0 -15.5729 390.5365 172.3612 178.9454 -23.7466 179.5924 100.0000 stroke9
movl 0 -13.7573 388.2469 173.8707 178.0269 -24.6647 179.7962 100.0000 stroke9
movl 0 -9.1612 381.8836 179.9260 174.6317 -27.1028 -179.2317 100.0000 stroke9
movl 0 -13.5733 372.5662 208.3228 166.1936 -29.2370 -174.1235 100.0000 stroke9
movl 0 -19.4109 351.9564 197.9584 157.1530 -25.5770 -159.8330 100.0000 stroke10
movl 0 -31.2939 343.9822 178.8034 158.1345 -21.8602 -161.5548 100.0000 stroke10
movl 0 -43.4907 342.9536 175.7795 158.3030 -18.3059 -159.9809 100.0000 stroke10
movl 0 -46.3672 346.6623 173.4910 159.0715 -17.4117 -159.2893 100.0000 stroke10
movl 0 -48.8792 349.0606 171.8310 159.4222 -16.9601 -157.9950 100.0000 stroke10
movl 0 -51.8760 350.2677 171.1305 160.6861 -15.5967 -158.5697 100.0000 stroke10
movl 0 -56.5133 348.3962 171.6766 161.1349 -13.5694 -159.2987 100.0000 stroke10
movl 0 -57.0811 349.2295 171.5380 161.5978 -13.2578 -160.1115 100.0000 stroke10
movl 0 -55.4039 349.8854 171.8506 162.0871 -13.2642 -161.3880 100.0000 stroke10
movl 0 -52.9893 350.2905 172.0148 162.4126 -13.2956 -162.6430 100.0000 stroke10
movl 0 -49.2693 351.4239 172.0252 162.9021 -13.4637 -164.0687 100.0000 stroke10
movl 0 -45.7587 352.8760 171.9065 163.6843 -13.3740 -166.1707 100.0000 stroke10
movl 0 -42.3972 352.6920 172.3212 163.6641 -14.0169 -167.0295 100.0000 stroke10
movl 0 -37.8291 352.5478 173.2923 163.3188 -15.9872 -167.4150 100.0000 stroke10
movl 0 -36.2015 357.2644 171.8991 165.8070 -16.9446 -169.1188 100.0000 stroke10
movl 0 -30.1491 364.3631 169.9969 169.7240 -19.1000 -172.2406 100.0000 stroke10
movl 0 -29.1265 368.1863 169.3180 172.0408 -20.5673 -173.4245 100.0000 stroke10
movl 0 -27.7190 369.4640 169.0554 173.9110 -21.4446 -175.2200 100.0000 stroke10
movl 0 -27.8911 370.2208 169.1980 176.2693 -22.0573 -177.2334 100.0000 stroke10
movl 0 -28.3846 370.4545 169.3586 178.6416 -22.3831 -179.4851 100.0000 stroke10
movl 0 -29.1858 371.2965 169.0982 -179.2399 -22.4961 178.9390 100.0000 stroke10
movl 0 -30.6419 371.1720 169.0192 -177.7263 -22.4042 178.4003 100.0000 stroke10
movl 0 -32.3541 370.7308 168.8618 -176.8386 -22.4969 178.9479 100.0000 stroke10
movl 0 -33.2721 369.1142 169.1320 -177.2563 -22.8147 -179.8089 100.0000 stroke10
movl 0 -29.9872 367.0520 170.2659 -179.1836 -23.2763 -179.5515 100.0000 stroke10
movl 0 -29.6089 366.7895 170.3623 -179.1909 -23.2362 -179.4435 100.0000 stroke10
movl 0 -30.6944 367.1519 170.1612 -178.3450 -22.9717 -179.3660 100.0000 stroke10
movl 0 -29.0347 363.4012 171.5781 178.9206 -23.4028 -178.9782 100.0000 stroke10
movl 0 -26.5689 355.9410 173.7562 173.8045 -23.5453 -177.8928 100.0000 stroke10
movl 0 -30.5707 353.8784 173.5005 172.6165 -22.2048 -176.4604 100.0000 stroke10
movl 0 -34.4165 355.5050 172.0860 174.2906 -21.9002 -174.9240 100.0000 stroke10
movl 0 -36.3577 355.6341 171.5240 174.5362 -21.8087 -173.5075 100.0000 stroke10
movl 0 -37.7188 354.9719 171.4841 174.1115 -21.7164 -172.4127 100.0000 stroke10
movl 0 -37.2350 354.3158 171.6660 173.5340 -22.1229 -171.7952 100.0000 stroke10
movl 0 -37.2904 354.0416 171.8481 173.0567 -22.2580 -171.3052 100.0000 stroke10
movl 0 -36.4296 353.0280 172.3133 171.8838 -22.5059 -170.8058 100.0000 stroke10
movl 0 -27.7814 347.6092 176.2239 167.1539 -24.8300 -170.3190 100.0000 stroke10
movl 0 -19.1902 344.6153 189.5813 157.5145 -26.4084 -165.9534 100.0000 stroke10
movl 0 -18.8477 400.7826 190.7715 171.5104 -34.1092 -168.7177 100.0000 stroke11
movl 0 -18.4960 400.2236 170.9843 177.8563 -32.3815 -174.8881 100.0000 stroke11
movl 0 -19.5535 401.4798 169.6389 -179.3540 -30.1728 -177.6883 100.0000 stroke11
movl 0 -21.4700 400.5695 169.5357 179.9561 -29.1201 -176.7357 100.0000 stroke11
movl 0 -24.2990 399.0886 169.7450 179.1494 -27.5720 -177.1689 100.0000 stroke11
movl 0 -30.1523 400.9147 169.3318 -177.8070 -24.8589 -179.1626 100.0000 stroke11
movl 0 -31.2266 402.6855 168.8144 -175.7977 -24.1477 179.5157 100.0000 stroke11
movl 0 -32.6995 402.3880 168.8023 -174.9402 -23.8870 179.3695 100.0000 stroke11
movl 0 -34.6181 401.5753 168.9205 -173.9832 -23.5470 179.4096 100.0000 stroke11
movl 0 -36.5710 400.2607 168.9209 -173.0711 -23.3725 179.5788 100.0000 stroke11
movl 0 -38.9206 398.4945 168.9786 -172.6482 -23.2678 -179.6213 100.0000 stroke11
movl 0 -41.3573 396.8327 168.9643 -172.3117 -23.3607 -178.6071 100.0000 stroke11
movl 0 -44.5953 394.7534 169.0992 -172.3099 -23.4155 -177.2655 100.0000 stroke11
movl 0 -47.2709 393.1187 169.3488 -172.4747 -23.4216 -176.3922 100.0000 stroke11
movl 0 -49.0773 391.7434 169.8526 -172.6627 -23.6571 -175.7620 100.0000 stroke11
movl 0 -49.8952 391.2665 170.5258 -172.8425 -23.9584 -175.5062 100.0000 stroke11
movl 0 -50.2051 390.8307 170.9929 -173.0286 -24.3745 -175.2992 100.0000 stroke11
movl 0 -50.9490 390.5442 171.0843 -173.1047 -24.4979 -175.2307 100.0000 stroke11
movl 0 -47.5881 390.4314 172.1273 -173.8794 -26.9309 -174.6833 100.0000 stroke11
movl 0 -23.3518 401.4469 178.2625 -177.1644 -38.6296 -174.9235 100.0000 stroke11
movl 0 -9.3264 401.6010 243.5528 155.2204 -43.4784 -155.2644 100.0000 stroke11
movl 0 26.0932 434.1402 221.9231 169.5018 -39.6701 -160.3944 100.0000 stroke12
movl 0 32.2754 418.3089 164.7581 179.0822 -42.9106 -170.3113 100.0000 stroke12
movl 0 20.6233 403.6643 164.6354 178.1837 -37.6710 -171.6294 100.0000 stroke12
movl 0 10.6477 395.4889 167.2686 174.6846 -32.6417 -168.7364 100.0000 stroke12
movl 0 6.1410 393.2922 168.2141 174.0835 -30.9158 -168.1226 100.0000 stroke12
movl 0 -3.6869 393.8303 168.1154 176.0162 -27.4303 -169.1241 100.0000 stroke12
movl 0 -7.8689 394.5338 168.4310 178.8302 -25.3202 -172.2040 100.0000 stroke12
movl 0 -9.2414 396.1001 168.3519 -179.0451 -24.4292 -174.5288 100.0000 stroke12
movl 0 -9.6780 397.0919 168.2281 -177.2507 -24.0321 -176.3308 100.0000 stroke12
movl 0 -10.5402 398.2364 168.1056 -175.0476 -23.5245 -178.3019 100.0000 stroke12
movl 0 -12.1478 398.1510 168.3293 -172.7753 -22.6217 179.7827 100.0000 stroke12
movl 0 -12.0228 396.1623 169.1183 -173.2548 -22.7701 179.6865 100.0000 stroke12
movl 0 -10.7168 394.2398 169.9932 -174.4530 -22.8506 179.3864 100.0000 stroke12
movl 0 -11.0141 394.1495 169.7306 -173.4726 -22.5549 179.0737 100.0000 stroke12
movl 0 -10.0768 391.3785 170.8644 -174.8109 -22.9482 179.5419 100.0000 stroke12
movl 0 -9.4627 391.2245 170.8276 -174.7679 -22.9383 179.7086 100.0000 stroke12
movl 0 -8.9854 389.9604 171.3946 -176.7281 -23.2457 -179.4248 100.0000 stroke12
movl 0 -4.7321 386.1358 175.7503 177.3622 -25.3795 -175.4842 100.0000 stroke12
movl 0 -8.3982 381.5897 244.9488 163.8455 -23.4671 -167.7373 100.0000 stroke12
movl 0 14.7005 391.1749 188.4973 155.6670 -23.0174 -138.0945 100.0000 stroke13
movl 0 9.3113 383.7922 171.1501 155.3379 -20.8166 -136.7505 100.0000 stroke13
movl 0 3.6470 381.8621 174.7163 156.7258 -17.7819 -137.6620 100.0000 stroke13
movl 0 -3.8444 373.4389 177.8667 157.3607 -14.0325 -137.3798 100.0000 stroke13
movl 0 -5.3860 372.4423 177.0900 157.3575 -12.9423 -136.5998 100.0000 stroke13
movl 0 -7.2208 372.6609 176.3602 157.6633 -12.9441 -136.2858 100.0000 stroke13
movl 0 -11.1240 372.6027 175.8688 158.5183 -12.8369 -136.3241 100.0000 stroke13
movl 0 -17.4465 372.0122 175.9725 160.8266 -10.5766 -137.8396 100.0000 stroke13
movl 0 -20.4099 371.4368 176.2136 161.9772 -9.2535 -139.2991 100.0000 stroke13
movl 0 -17.5003 374.1396 176.1243 163.1174 -9.4134 -142.0953 100.0000 stroke13
movl 0 -13.2448 378.1485 175.7259 164.3274 -10.3885 -145.1329 100.0000 stroke13
movl 0 -8.3607 379.8654 175.7067 163.9780 -12.8223 -146.1471 100.0000 stroke13
movl 0 -4.6343 386.7136 174.0871 167.2774 -15.6500 -150.4664 100.0000 stroke13
movl 0 -1.9415 395.3036 171.4099 171.1995 -18.4573 -154.1754 100.0000 stroke13
movl 0 -1.9338 397.4675 170.4767 173.3276 -20.0196 -155.7179 100.0000 stroke13
movl 0 -3.0535 398.0941 170.3291 175.2837 -20.8387 -156.9009 100.0000 stroke13
movl 0 -3.8984 398.4134 170.2453 177.1109 -21.6518 -157.5172 100.0000 stroke13
movl 0 -3.5598 395.5970 171.2244 176.3075 -21.7157 -157.2763 100.0000 stroke13
movl 0 -2.0510 394.3797 171.7983 175.3968 -21.6792 -157.3587 100.0000 stroke13
movl 0 -2.9925 393.8390 171.8979 175.4099 -21.5488 -157.1496 100.0000 stroke13
movl 0 -0.1488 390.3475 173.6588 172.4708 -21.5606 -156.8718 100.0000 stroke13
movl 0 9.3868 380.2510 191.6239 159.6396 -20.4753 -151.4964 100.0000 stroke13
movl 0 9.6997 370.4854 211.7882 153.2080 -18.9336 -147.1704 100.0000 stroke14
movl 0 -0.0254 356.3577 176.1686 157.3221 -17.9025 -150.5288 100.0000 stroke14
movl 0 -9.1835 351.3498 178.9094 159.1268 -15.1204 -152.3688 100.0000 stroke14
movl 0 -21.2970 345.3014 178.4684 160.1541 -12.2044 -151.0372 100.0000 stroke14
movl 0 -24.9449 345.1986 177.4003 160.1762 -10.9763 -150.6336 100.0000 stroke14
movl 0 -30.6706 343.6521 176.6678 161.0303 -8.8921 -150.7415 100.0000 stroke14
movl 0 -34.4886 343.9560 176.2984 162.3224 -7.7639 -151.8113 100.0000 stroke14
movl 0 -37.4587 343.1349 176.2968 162.7662 -6.4698 -152.7434 100.0000 stroke14
movl 0 -38.2901 343.4019 176.4434 163.1738 -5.8122 -153.8139 100.0000 stroke14
movl 0 -38.0230 344.1144 176.7582 163.7239 -5.4246 -155.1463 100.0000 stroke14
movl 0 -37.4693 345.3711 176.8285 164.4083 -4.9177 -156.7187 100.0000 stroke14
movl 0 -37.0569 346.8969 176.8729 165.2239 -4.1577 -158.6509 100.0000 stroke14
movl 0 -36.7199 348.2150 176.7368 165.9365 -3.7786 -160.2964 100.0000 stroke14
movl 0 -33.2903 345.0461 178.4789 163.8154 -4.8422 -160.0776 100.0000 stroke14
movl 0 -33.6888 346.4422 178.0311 164.9290 -4.8395 -160.4414 100.0000 stroke14
movl 0 -33.9389 347.2122 178.1694 166.1401 -5.2132 -161.2845 100.0000 stroke14
movl 0 -32.8456 347.5248 178.1894 166.6474 -5.4069 -161.3984 100.0000 stroke14
movl 0 -31.2272 346.6508 178.4505 165.9786 -6.6686 -160.1560 100.0000 stroke14
movl 0 -29.7471 345.6615 178.5566 164.7045 -7.8912 -158.7273 100.0000 stroke14
movl 0 -28.3328 345.6839 178.7200 164.1831 -8.8710 -158.1377 100.0000 stroke14
movl 0 -21.6614 343.7344 181.4918 161.7163 -10.7074 -157.3291 100.0000 stroke14
movl 0 -11.7732 341.0043 204.3495 152.8097 -10.8308 -153.1110 100.0000 stroke14
