movl 0 -34.9319 405.1064 164.7879 150.6965 9.2097 -101.7726 100.0000 stroke1
movl 0 -36.6287 404.9617 164.6291 150.9885 9.7242 -100.5718 100.0000 stroke1
movl 0 -37.1000 405.2811 164.6510 151.4560 9.7125 -100.1635 100.0000 stroke1
movl 0 -38.4467 404.9962 164.4290 151.8905 10.0463 -99.6329 100.0000 stroke1
movl 0 -40.3583 406.1764 164.3186 152.6158 9.1212 -99.6353 100.0000 stroke1
movl 0 -41.5131 407.5535 164.4828 153.2292 7.5314 -100.7799 100.0000 stroke1
movl 0 -42.4427 408.7750 164.6934 153.8155 6.0543 -102.1326 100.0000 stroke1
movl 0 -42.5787 409.9196 164.8672 153.9963 4.5017 -103.3945 100.0000 stroke1
movl 0 -42.8023 410.3266 165.0707 154.1049 3.4045 -104.6516 100.0000 stroke1
movl 0 -42.9050 410.7362 165.3905 154.2965 2.2394 -105.9619 100.0000 stroke1
movl 0 -42.7373 411.1617 165.7757 154.4381 1.0159 -107.3240 100.0000 stroke1
movl 0 -42.2746 411.8462 166.0856 154.5670 -0.5705 -108.5724 100.0000 stroke1
movl 0 -41.8966 412.6319 166.3717 154.7446 -2.0737 -109.6916 100.0000 stroke1
movl 0 -41.5182 413.5502 166.6543 155.0935 -4.0310 -111.2748 100.0000 stroke1
movl 0 -41.4158 414.7000 166.8499 155.6945 -5.9245 -112.8274 100.0000 stroke1
movl 0 -41.6754 415.9325 167.1717 156.5867 -7.8792 -114.3059 100.0000 stroke1
movl 0 -42.2156 417.4774 167.3659 157.7767 -10.0528 -116.1237 100.0000 stroke1
movl 0 -43.0472 418.9630 167.4117 159.1138 -12.0282 -117.8483 100.0000 stroke1
movl 0 -43.4682 419.6926 167.4199 159.8606 -13.1940 -118.8729 100.0000 stroke1
movl 0 -43.6703 419.6586 167.5452 160.1436 -13.6072 -119.2285 100.0000 stroke1
movl 0 -43.5448 419.1192 167.6624 159.8836 -13.0965 -119.1234 100.0000 stroke1
movl 0 -42.7078 417.6488 167.9177 158.8321 -11.8320 -118.4125 100.0000 stroke1
movl 0 -41.3595 416.7534 168.0949 157.8041 -10.8122 -118.1663 100.0000 stroke1
movl 0 -34.2544 409.0310 170.5090 152.6442 -6.0624 -117.9253 100.0000 stroke1
movl 0 -26.5901 397.7966 178.3761 145.0292 8.2687 -114.1803 100.0000 stroke1
movl 0 -25.2383 389.8360 224.9436 143.0157 32.0241 -105.9010 100.0000 stroke1
movl 0 -17.7403 415.7838 190.6980 142.2663 8.1959 -101.8158 100.0000 stroke2
movl 0 -18.8736 409.5421 168.9009 145.3415 8.4911 -104.4707 100.0000 stroke2
movl 0 -27.5556 406.4462 167.0943 149.2719 9.5930 -104.9815 100.0000 stroke2
movl 0 -31.6079 408.5297 166.2970 150.9852 9.1231 -104.6211 100.0000 stroke2
movl 0 -34.1350 409.7408 165.4479 152.0135 9.2014 -104.3284 100.0000 stroke2
movl 0 -37.4326 413.0947 165.1554 153.8154 7.0869 -105.0548 100.0000 stroke2
movl 0 -38.8050 415.9177 165.4439 155.2091 4.4858 -107.2841 100.0000 stroke2
movl 0 -37.9226 417.9688 165.6052 155.7556 2.2983 -109.5115 100.0000 stroke2
movl 0 -38.8972 418.4266 166.2545 156.2613 0.1005 -111.4201 100.0000 stroke2
movl 0 -37.9528 419.3795 166.7448 156.4945 -2.3006 -113.5875 100.0000 stroke2
movl 0 -37.2878 420.5378 167.2459 157.0935 -4.9500 -115.6240 100.0000 stroke2
movl 0 -37.4252 422.2537 167.7456 158.3414 -7.7578 -117.5870 100.0000 stroke2
movl 0 -38.3784 423.9466 168.0726 159.9406 -10.1492 -119.3273 100.0000 stroke2
movl 0 -38.6130 425.3789 168.2211 161.1932 -12.1176 -120.8797 100.0000 stroke2
movl 0 -39.6242 426.4711 168.3227 162.5392 -13.6198 -121.7760 100.0000 stroke2
movl 0 -40.8611 427.0329 168.3048 163.5203 -14.8812 -121.8310 100.0000 stroke2
movl 0 -38.5649 426.1764 168.6803 162.5033 -14.5486 -121.9810 100.0000 stroke2
movl 0 -40.4502 425.8296 168.5584 163.1934 -14.7828 -121.5889 100.0000 stroke2
movl 0 -38.8355 426.4274 168.3642 162.6536 -15.2348 -121.1875 100.0000 stroke2
movl 0 -38.5607 425.2510 168.6455 162.0020 -14.7577 -120.5086 100.0000 stroke2
movl 0 -37.5392 424.3172 168.8586 160.8617 -13.6796 -119.5262 100.0000 stroke2
movl 0 -36.3867 422.7939 169.1476 159.9213 -12.6932 -118.9150 100.0000 stroke2
movl 0 -36.3978 422.2305 169.3224 159.5593 -12.2217 -118.4266 100.0000 stroke2
movl 0 -35.0499 421.2716 169.6560 158.6446 -11.7088 -117.9446 100.0000 stroke2
movl 0 -28.6181 413.8938 173.9594 153.5444 -8.3336 -116.5519 100.0000 stroke2
movl 0 -24.3914 401.3961 206.3602 143.7559 3.8151 -114.1063 100.0000 stroke2
movl 0 -35.0128 397.5395 214.4222 144.5323 9.4796 -107.3255 100.0000 stroke3
movl 0 -38.3669 393.8849 178.5059 147.2637 5.9182 -107.4254 100.0000 stroke3
movl 0 -39.9586 396.0631 170.0251 148.8386 3.6195 -107.9796 100.0000 stroke3
movl 0 -44.0393 395.7774 168.1205 150.4901 4.2742 -107.8064 100.0000 stroke3
movl 0 -48.6639 395.2548 167.6834 151.9822 5.2830 -107.4810 100.0000 stroke3
movl 0 -51.9156 397.4621 167.1697 153.7683 3.7448 -107.5112 100.0000 stroke3
movl 0 -53.8921 400.7376 166.9366 155.1990 0.4515 -108.0099 100.0000 stroke3
movl 0 -54.2372 401.3013 166.7370 155.4466 -0.2804 -107.9955 100.0000 stroke3
movl 0 -54.7129 401.0264 166.8159 155.5293 -0.5810 -107.1924 100.0000 stroke3
movl 0 -53.7720 399.6982 166.9303 155.0737 0.9792 -106.3540 100.0000 stroke3
movl 0 -55.0321 399.2636 166.8952 155.6129 0.8803 -106.1961 100.0000 stroke3
movl 0 -57.4535 397.7511 167.3571 156.1669 2.2000 -106.5128 100.0000 stroke3
movl 0 -57.9567 397.2601 167.5188 156.2748 3.0255 -106.9349 100.0000 stroke3
movl 0 -57.6203 396.4723 167.7323 156.0663 3.4542 -106.7497 100.0000 stroke3
movl 0 -58.7307 395.2296 167.8373 156.3519 3.7580 -106.3686 100.0000 stroke3
movl 0 -58.0609 396.5426 167.7172 156.5235 3.9040 -107.9153 100.0000 stroke3
movl 0 -57.6399 395.0326 168.2340 156.1266 3.7604 -107.2543 100.0000 stroke3
movl 0 -57.6653 395.2637 168.1880 156.2669 3.9128 -107.8051 100.0000 stroke3
movl 0 -57.1057 395.8547 168.1747 156.3135 3.9259 -108.7052 100.0000 stroke3
movl 0 -56.3951 396.0836 168.3059 156.2431 3.8484 -109.3293 100.0000 stroke3
movl 0 -56.0053 396.1032 168.4582 156.1594 3.8015 -109.6663 100.0000 stroke3
movl 0 -55.2062 396.1914 168.6263 155.9856 3.7634 -110.0267 100.0000 stroke3
movl 0 -52.2784 394.8018 169.8469 155.0387 4.2198 -110.7037 100.0000 stroke3
movl 0 -39.6162 385.3988 183.3764 149.3319 9.0150 -111.5539 100.0000 stroke3
movl 0 -31.3084 365.4667 234.4360 142.6186 29.2501 -108.6342 100.0000 stroke3
movl 0 -19.1448 401.4354 209.9673 151.7532 25.2719 -83.8787 100.0000 stroke4
movl 0 -7.6261 406.8099 169.9642 147.2358 9.8926 -96.7610 100.0000 stroke4
movl 0 -12.9568 403.3330 170.4647 150.1155 9.2184 -100.8652 100.0000 stroke4
movl 0 -20.5128 402.7077 169.4276 152.6506 9.3577 -100.3096 100.0000 stroke4
movl 0 -24.4900 403.0728 168.1101 153.4962 10.1272 -99.2198 100.0000 stroke4
movl 0 -31.1322 405.1289 167.2069 156.4132 9.4115 -98.5425 100.0000 stroke4
movl 0 -34.3505 405.4316 167.5053 158.2457 8.3975 -99.8355 100.0000 stroke4
movl 0 -34.2051 406.3080 167.5993 158.5351 6.9695 -101.1022 100.0000 stroke4
movl 0 -35.7496 405.7548 167.8622 158.6860 6.3085 -101.1434 100.0000 stroke4
movl 0 -35.6653 404.8123 168.2953 158.2981 5.8925 -100.9738 100.0000 stroke4
movl 0 -34.2859 402.7122 169.2087 157.0114 5.6501 -99.9708 100.0000 stroke4
movl 0 -32.6085 397.5065 171.0799 154.4775 6.8258 -98.5070 100.0000 stroke4
movl 0 -28.5383 390.8499 177.1631 148.6481 10.8700 -98.8642 100.0000 stroke4
movl 0 -35.7269 381.0409 210.5343 143.8716 23.5522 -95.1643 100.0000 stroke4
movl 0 -35.4296 378.9135 242.7103 142.2890 12.5931 -101.7019 100.0000 stroke5
movl 0 -30.6253 384.6450 194.4927 145.2282 4.1763 -104.3939 100.0000 stroke5
movl 0 -36.7851 386.6646 173.1043 148.4036 1.7229 -105.2466 100.0000 stroke5
movl 0 -46.7748 386.0913 171.7337 151.1358 1.4971 -105.3599 100.0000 stroke5
movl 0 -55.0260 386.8778 169.4928 152.3632 1.5270 -103.8178 100.0000 stroke5
movl 0 -58.2847 386.4268 168.4341 152.3538 1.8454 -102.4022 100.0000 stroke5
movl 0 -60.5135 386.7929 167.4097 152.9566 2.0196 -101.7588 100.0000 stroke5
movl 0 -63.9391 385.7821 167.3056 154.7610 2.7254 -102.0093 100.0000 stroke5
movl 0 -65.9319 385.0092 167.5480 155.9040 2.9570 -102.6635 100.0000 stroke5
movl 0 -66.5549 384.6797 167.7572 156.7711 2.7443 -103.1676 100.0000 stroke5
movl 0 -69.0146 383.5257 168.1148 157.5011 3.1619 -103.6144 100.0000 stroke5
movl 0 -69.0515 383.5847 168.0425 157.8737 3.4314 -104.3247 100.0000 stroke5
movl 0 -67.7323 384.1741 168.1731 157.9724 3.3099 -104.9968 100.0000 stroke5
movl 0 -65.6695 384.6549 168.3147 158.0298 3.1719 -105.6253 100.0000 stroke5
movl 0 -63.4906 385.0858 168.4403 158.0649 3.0807 -106.2435 100.0000 stroke5
movl 0 -59.9218 386.0191 168.6775 157.9791 2.8615 -107.1375 100.0000 stroke5
movl 0 -56.7636 386.6663 168.9478 157.9789 2.7847 -107.8593 100.0000 stroke5
movl 0 -52.8518 387.5025 169.1619 157.9477 2.6355 -108.6279 100.0000 stroke5
movl 0 -48.5693 388.4891 169.3847 157.9230 2.4159 -109.5587 100.0000 stroke5
movl 0 -45.1675 389.4236 169.5162 157.9942 2.2777 -110.4931 100.0000 stroke5
movl 0 -42.3134 390.2709 169.5472 158.0921 2.1032 -111.3674 100.0000 stroke5
movl 0 -39.9934 391.1368 169.4832 158.2513 1.9768 -112.1596 100.0000 stroke5
movl 0 -38.3291 392.1224 169.3559 158.6132 1.9037 -113.2650 100.0000 stroke5
movl 0 -37.8541 391.4735 169.6044 158.4625 2.0670 -113.3133 100.0000 stroke5
movl 0 -36.0117 389.7720 170.5747 157.2464 2.5625 -113.2409 100.0000 stroke5
movl 0 -35.5179 389.4733 170.7353 157.0931 2.6339 -113.3494 100.0000 stroke5
movl 0 -36.0060 389.7518 170.6073 157.4524 2.4811 -113.1675 100.0000 stroke5
movl 0 -36.2240 390.5409 170.4262 158.2467 1.8609 -113.2565 100.0000 stroke5
movl 0 -36.4345 390.8648 170.2722 158.1349 1.4865 -112.8148 100.0000 stroke5
movl 0 -37.6969 390.0781 170.3765 158.0235 1.5600 -112.1853 100.0000 stroke5
movl 0 -37.7412 389.6616 170.5204 157.7306 1.5327 -111.8211 100.0000 stroke5
movl 0 -36.4517 386.8299 172.0499 155.8058 2.1156 -110.2986 100.0000 stroke5
movl 0 -35.9974 380.1127 181.0351 151.1975 7.8530 -105.4013 100.0000 stroke5
movl 0 -40.0510 374.5483 239.7801 147.4828 13.8885 -104.8612 100.0000 stroke5
movl 0 -16.1814 397.8676 179.3905 145.8980 -7.3865 -108.9469 100.0000 stroke6
movl 0 -24.4689 389.9123 171.8417 149.8411 -6.6833 -112.3132 100.0000 stroke6
movl 0 -36.8941 384.9532 171.9171 152.8272 -2.6049 -112.8688 100.0000 stroke6
movl 0 -42.0241 382.6785 171.6881 153.8715 -1.3058 -113.2373 100.0000 stroke6
movl 0 -45.2027 382.7501 170.9090 154.9939 -1.0156 -113.5246 100.0000 stroke6
movl 0 -50.1173 386.3635 169.6688 157.9575 -3.8961 -113.9663 100.0000 stroke6
movl 0 -51.5247 386.0271 169.8294 158.4589 -4.1118 -114.6105 100.0000 stroke6
movl 0 -51.3553 385.9463 169.6959 158.5003 -4.5747 -114.9216 100.0000 stroke6
movl 0 -51.5483 385.9153 169.8053 158.4176 -4.6864 -114.9884 100.0000 stroke6
movl 0 -49.9485 386.6437 169.8618 158.4735 -4.7704 -116.1062 100.0000 stroke6
movl 0 -49.8819 386.8488 170.0943 158.9787 -5.2672 -116.9078 100.0000 stroke6
movl 0 -49.3027 385.8640 170.4417 158.8916 -5.3483 -116.8980 100.0000 stroke6
movl 0 -49.4129 386.0495 170.4932 158.9008 -5.2299 -116.8742 100.0000 stroke6
movl 0 -48.2992 385.6533 171.0935 158.0261 -4.3466 -116.7732 100.0000 stroke6
movl 0 -39.2147 384.7943 199.4671 152.0402 4.4163 -114.6528 100.0000 stroke6
movl 0 -11.7476 406.0106 202.3382 147.3438 3.2787 -99.4601 100.0000 stroke7
movl 0 -13.0632 399.2638 176.0619 148.0960 -0.5298 -100.5472 100.0000 stroke7
movl 0 -22.1908 395.8447 171.0333 151.5614 0.3304 -100.5902 100.0000 stroke7
movl 0 -24.1969 396.4464 169.9048 152.4101 0.9354 -101.0757 100.0000 stroke7
movl 0 -26.3445 396.0573 169.6916 153.4311 1.4162 -101.7397 100.0000 stroke7
movl 0 -33.1427 397.4923 169.1997 156.3681 0.5020 -102.1001 100.0000 stroke7
movl 0 -35.4848 400.0470 168.8671 158.0746 -1.5415 -103.6634 100.0000 stroke7
movl 0 -35.0940 401.1839 168.7864 158.5965 -2.6891 -105.1380 100.0000 stroke7
movl 0 -35.9386 400.4910 169.0975 158.6699 -3.0933 -105.2245 100.0000 stroke7
movl 0 -36.1392 399.3863 169.3498 158.4510 -3.2847 -104.8953 100.0000 stroke7
movl 0 -36.5384 398.5671 169.5943 158.2400 -3.3310 -104.3740 100.0000 stroke7
movl 0 -36.7372 397.8153 169.8229 158.0173 -3.3496 -103.9120 100.0000 stroke7
movl 0 -36.7073 397.2791 170.0166 157.8028 -3.3583 -103.5870 100.0000 stroke7
movl 0 -36.5402 396.5977 170.2917 157.4990 -3.3299 -103.2781 100.0000 stroke7
movl 0 -36.3636 396.1186 170.4777 157.2430 -3.3132 -103.1223 100.0000 stroke7
movl 0 -36.1888 395.8218 170.6551 157.0324 -3.3077 -103.0090 100.0000 stroke7
movl 0 -34.8983 394.9379 170.8146 156.0086 -3.1550 -102.3709 100.0000 stroke7
movl 0 -31.5656 387.1200 179.0736 151.0713 -0.0733 -101.0754 100.0000 stroke7
movl 0 -33.1732 370.2461 236.3276 141.6310 11.1241 -99.0274 100.0000 stroke7
movl 0 -17.9450 388.0311 244.9603 141.5032 8.2714 -96.9785 100.0000 stroke8
movl 0 -5.8800 391.0921 178.1846 144.1991 -0.6196 -100.2815 100.0000 stroke8
movl 0 -21.4227 378.2985 173.8422 149.2947 1.9509 -100.3600 100.0000 stroke8
movl 0 -36.9961 374.3683 172.3508 153.0639 3.8163 -98.8678 100.0000 stroke8
movl 0 -47.2484 373.4512 171.1592 154.8674 4.8746 -97.2028 100.0000 stroke8
movl 0 -49.2994 373.6483 170.2691 155.1417 4.8726 -96.4871 100.0000 stroke8
movl 0 -51.9866 373.1665 170.3197 156.6811 5.1039 -96.5984 100.0000 stroke8
movl 0 -55.2066 371.3395 171.0424 158.2948 5.3992 -97.2736 100.0000 stroke8
movl 0 -56.5143 370.9438 171.2215 158.8889 5.5719 -97.8794 100.0000 stroke8
movl 0 -56.7730 371.0161 171.2907 159.3544 5.5932 -98.6733 100.0000 stroke8
movl 0 -55.9243 371.2035 171.3735 159.7381 5.5895 -99.6458 100.0000 stroke8
movl 0 -54.1314 371.9944 171.4041 160.0221 5.4318 -100.6887 100.0000 stroke8
movl 0 -50.9152 372.8578 171.5350 160.1863 5.2625 -102.0323 100.0000 stroke8
movl 0 -48.4565 374.5498 171.3512 160.8303 4.8574 -103.8326 100.0000 stroke8
movl 0 -46.4553 375.7948 171.3250 161.1637 4.5691 -105.1888 100.0000 stroke8
movl 0 -44.9957 373.8616 172.2708 160.0003 5.1360 -104.9440 100.0000 stroke8
movl 0 -43.6470 373.3514 172.4650 159.5536 5.3424 -105.1568 100.0000 stroke8
movl 0 -44.3132 374.1737 172.3276 160.2891 4.4599 -104.8792 100.0000 stroke8
movl 0 -44.7053 374.8917 171.9595 160.1802 3.8927 -104.1300 100.0000 stroke8
movl 0 -40.7631 369.9799 174.3613 152.8723 6.6339 -98.6012 100.0000 stroke8
movl 0 -37.5411 358.4826 225.0261 145.8564 23.5115 -89.8277 100.0000 stroke8
movl 0 -22.8802 394.4185 235.8070 145.0860 14.5608 -77.9384 100.0000 stroke9
movl 0 -7.4120 393.9088 175.2390 145.7633 8.0596 -82.8640 100.0000 stroke9
movl 0 -17.1039 386.4895 170.6698 150.8960 9.2082 -81.8733 100.0000 stroke9
movl 0 -30.5748 383.7201 169.8645 154.5977 10.3133 -79.6268 100.0000 stroke9
movl 0 -34.2374 384.3687 169.0770 155.9554 10.7040 -78.6957 100.0000 stroke9
movl 0 -38.9854 385.1632 168.7905 158.1967 9.8406 -78.8220 100.0000 stroke9
movl 0 -40.3098 387.5129 168.7095 159.2791 7.2696 -81.7790 100.0000 stroke9
movl 0 -43.1463 387.1846 169.0162 159.6440 5.5519 -83.2975 100.0000 stroke9
movl 0 -43.2115 387.8916 169.0662 159.3174 4.0320 -84.8292 100.0000 stroke9
movl 0 -43.4296 388.1707 169.3096 159.2330 2.7808 -86.2496 100.0000 stroke9
movl 0 -43.7018 388.2052 169.3971 159.1326 1.6800 -87.5545 100.0000 stroke9
movl 0 -43.6142 388.8564 169.4361 158.9262 -0.0574 -89.2791 100.0000 stroke9
movl 0 -44.2373 389.3921 169.3985 159.0995 -1.7674 -90.8390 100.0000 stroke9
movl 0 -45.1339 389.8984 169.3604 159.4824 -3.5747 -92.4722 100.0000 stroke9
movl 0 -45.1811 389.6624 169.6575 159.5998 -4.4128 -93.7203 100.0000 stroke9
movl 0 -45.1109 389.7581 169.6570 159.6420 -5.1989 -94.3478 100.0000 stroke9
movl 0 -44.7189 389.2874 169.8101 159.5716 -5.3742 -95.0018 100.0000 stroke9
movl 0 -44.4732 387.6502 170.4910 159.5630 -4.3906 -96.1550 100.0000 stroke9
movl 0 -44.1525 385.0050 171.5108 159.1996 -2.6837 -96.6737 100.0000 stroke9
movl 0 -42.2064 379.3225 174.0788 158.0257 0.6479 -97.0224 100.0000 stroke9
movl 0 -41.4936 363.5952 188.4621 156.2747 10.5797 -96.7985 100.0000 stroke9
movl 0 -28.2724 361.0974 195.1509 152.3231 17.6563 -85.8495 100.0000 stroke10
movl 0 -38.0275 359.4336 177.4487 155.0988 13.3773 -87.1098 100.0000 stroke10
movl 0 -49.0250 358.1463 175.6340 158.2390 12.4690 -87.5181 100.0000 stroke10
movl 0 -55.0836 357.1658 174.9711 159.6879 12.5400 -86.7035 100.0000 stroke10
movl 0 -56.2145 358.1134 174.3021 159.7953 12.0253 -86.5308 100.0000 stroke10
movl 0 -58.1400 358.5861 173.6315 160.4205 11.9009 -86.1415 100.0000 stroke10
movl 0 -60.3294 358.4312 173.4501 161.6098 11.7162 -86.5860 100.0000 stroke10
movl 0 -62.3846 358.3432 173.5489 162.5992 11.3524 -87.0504 100.0000 stroke10
movl 0 -63.5523 358.3255 173.6462 163.1769 11.1814 -87.6463 100.0000 stroke10
movl 0 -63.9482 358.3742 173.8187 163.5955 11.0232 -88.6826 100.0000 stroke10
movl 0 -62.6143 359.1556 173.8787 163.8424 10.7064 -90.0853 100.0000 stroke10
movl 0 -60.3956 360.3850 173.9734 163.9880 10.2955 -91.6017 100.0000 stroke10
movl 0 -59.5436 361.5632 174.0097 164.5673 9.8568 -92.9807 100.0000 stroke10
movl 0 -58.1446 362.9942 174.0867 165.1236 9.3593 -94.7814 100.0000 stroke10
movl 0 -57.6780 363.7324 174.0626 165.4720 9.1497 -95.6801 100.0000 stroke10
movl 0 -55.1427 361.6515 174.9741 164.0564 9.8556 -95.6435 100.0000 stroke10
movl 0 -53.5380 361.7278 175.1680 163.5433 9.9394 -96.0092 100.0000 stroke10
movl 0 -53.9586 363.0526 175.0261 164.2431 8.7513 -96.1916 100.0000 stroke10
movl 0 -54.1988 363.6514 174.8391 164.2619 8.2072 -96.2402 100.0000 stroke10
movl 0 -54.4108 362.5240 174.8889 163.4171 8.2967 -95.4651 100.0000 stroke10
movl 0 -53.7088 360.9101 175.9449 162.2217 8.3638 -96.1081 100.0000 stroke10
movl 0 -50.3062 354.0821 187.1053 159.4305 12.8817 -95.5839 100.0000 stroke10
movl 0 -27.1343 362.9902 212.7407 148.1560 10.2062 -97.0442 100.0000 stroke11
movl 0 -39.1033 359.4354 177.3083 152.0937 5.6369 -96.7223 100.0000 stroke11
movl 0 -53.0834 352.6052 177.1950 156.0370 6.8874 -96.3376 100.0000 stroke11
movl 0 -62.7728 350.3153 175.7842 158.1807 7.4597 -95.4629 100.0000 stroke11
movl 0 -65.2760 352.1056 174.3775 158.5440 6.7972 -94.8711 100.0000 stroke11
movl 0 -67.5524 352.7578 173.6355 159.8726 6.7581 -95.0589 100.0000 stroke11
movl 0 -70.2966 352.1637 173.7804 161.4125 6.7588 -95.7135 100.0000 stroke11
movl 0 -71.6241 352.3163 173.8098 162.3188 6.2664 -96.4195 100.0000 stroke11
movl 0 -72.4163 351.5787 174.0614 162.6776 6.3910 -97.1598 100.0000 stroke11
movl 0 -72.3383 351.6060 174.2655 162.9936 6.4863 -98.0088 100.0000 stroke11
movl 0 -71.1559 351.8218 174.4794 163.3845 6.5000 -99.0927 100.0000 stroke11
movl 0 -69.6967 352.3177 174.6698 163.7180 6.3437 -100.2786 100.0000 stroke11
movl 0 -67.9843 353.6629 174.7417 164.1571 6.0674 -101.6849 100.0000 stroke11
movl 0 -66.1428 354.8409 174.8923 164.6711 5.9049 -103.0713 100.0000 stroke11
movl 0 -65.0169 355.4755 175.1142 165.4011 5.9282 -104.4085 100.0000 stroke11
movl 0 -64.0390 356.5687 175.1317 166.0223 5.7390 -105.6074 100.0000 stroke11
movl 0 -62.9192 357.8665 175.0518 166.5475 5.4157 -107.0811 100.0000 stroke11
movl 0 -61.3645 359.1623 174.9098 166.9390 5.1531 -108.3274 100.0000 stroke11
movl 0 -60.1597 358.3200 175.4714 166.1685 5.2332 -108.2548 100.0000 stroke11
movl 0 -58.1368 357.1130 176.0910 165.1229 5.5989 -108.2933 100.0000 stroke11
movl 0 -56.9028 356.5182 176.4919 164.5454 5.7655 -108.5025 100.0000 stroke11
movl 0 -56.2786 356.1648 176.7433 164.3336 5.8570 -108.6397 100.0000 stroke11
movl 0 -56.2533 356.2085 176.6395 164.4871 5.6698 -108.6856 100.0000 stroke11
movl 0 -57.0128 357.0299 176.4968 165.1324 4.8598 -108.7227 100.0000 stroke11
movl 0 -57.6162 358.6348 176.5829 165.9717 3.4451 -109.4281 100.0000 stroke11
movl 0 -57.0678 358.8999 176.4036 165.8177 3.1056 -109.3099 100.0000 stroke11
movl 0 -55.7422 358.1402 176.2930 164.0967 3.0683 -108.0891 100.0000 stroke11
movl 0 -52.8028 352.7290 179.4587 161.2704 4.1244 -108.0424 100.0000 stroke11
movl 0 -54.4784 343.1505 204.5350 157.8851 9.5367 -107.8736 100.0000 stroke11
movl 0 15.1256 394.6821 197.9301 146.7249 13.7255 -100.0957 100.0000 stroke12
movl 0 14.7584 394.0404 174.3354 146.1905 9.8212 -100.9393 100.0000 stroke12
movl 0 8.9947 395.8956 170.6224 147.8463 6.3580 -102.3751 100.0000 stroke12
movl 0 -2.6219 391.8088 174.5128 150.8939 5.0015 -104.3565 100.0000 stroke12
movl 0 -18.0359 385.7164 177.0054 154.2290 5.3187 -104.2058 100.0000 stroke12
movl 0 -25.7384 383.9600 176.5198 155.7215 5.6490 -103.1865 100.0000 stroke12
movl 0 -31.7015 384.7533 175.0952 157.4338 5.6709 -101.8481 100.0000 stroke12
movl 0 -33.7547 384.7637 174.4693 158.1186 5.8983 -101.3382 100.0000 stroke12
movl 0 -37.2380 385.4363 174.3079 160.1034 5.6214 -101.9182 100.0000 stroke12
movl 0 -39.3081 385.1563 174.5475 161.3493 5.4760 -102.5908 100.0000 stroke12
movl 0 -40.6302 384.5490 174.7977 161.9663 5.8430 -103.3856 100.0000 stroke12
movl 0 -39.1009 385.2508 174.9869 162.3372 5.7405 -104.7210 100.0000 stroke12
movl 0 -36.9805 385.9360 175.2315 162.6964 5.5796 -106.0839 100.0000 stroke12
movl 0 -34.7039 386.8672 175.4796 163.2594 5.4469 -107.6641 100.0000 stroke12
movl 0 -32.1985 388.0507 175.6409 163.9872 5.3144 -109.6906 100.0000 stroke12
movl 0 -30.2031 389.8728 175.5974 165.0396 5.0509 -111.9833 100.0000 stroke12
movl 0 -27.9791 391.7524 175.3511 165.9638 4.8507 -114.1759 100.0000 stroke12
movl 0 -26.4024 393.6007 175.0313 166.6570 4.5147 -115.8665 100.0000 stroke12
movl 0 -24.0128 391.6516 175.6506 165.1097 4.6629 -115.2607 100.0000 stroke12
movl 0 -21.5041 390.2325 176.2107 164.0653 5.0027 -115.4702 100.0000 stroke12
movl 0 -21.3235 390.4347 176.1434 164.1638 4.8734 -115.4950 100.0000 stroke12
movl 0 -21.5317 391.1663 175.9442 164.7744 4.2971 -115.5375 100.0000 stroke12
movl 0 -21.2470 391.9703 175.7065 165.0822 3.8092 -115.7355 100.0000 stroke12
movl 0 -20.6284 392.6346 175.3691 164.4565 2.9442 -115.1851 100.0000 stroke12
movl 0 -20.5041 392.0365 175.3321 163.5849 2.7773 -114.3800 100.0000 stroke12
movl 0 -20.5435 391.7791 175.4139 163.0766 2.6901 -113.8714 100.0000 stroke12
movl 0 -13.7388 386.2827 177.8537 157.3081 3.9338 -109.8561 100.0000 stroke12
movl 0 -4.6561 374.5954 196.5675 148.2881 20.9857 -100.8017 100.0000 stroke12
movl 0 5.7942 442.2205 245.3805 145.6098 6.3761 -84.0560 100.0000 stroke13
movl 0 30.7441 437.9343 173.7537 139.6316 6.8726 -83.1930 100.0000 stroke13
movl 0 21.7494 418.8800 163.3921 150.4993 19.9503 -74.6045 100.0000 stroke13
movl 0 9.8008 412.9253 166.0344 161.0925 25.4171 -66.4165 100.0000 stroke13
movl 0 5.0170 414.7192 165.7685 162.6340 25.1340 -63.7971 100.0000 stroke13
movl 0 3.8943 415.8946 165.1749 163.2444 25.4423 -62.7386 100.0000 stroke13
movl 0 0.8710 418.3658 164.2908 163.8405 24.1663 -62.2493 100.0000 stroke13
movl 0 -1.8539 421.6320 164.0985 163.6730 20.8146 -63.1756 100.0000 stroke13
movl 0 -2.5053 423.6975 164.2782 163.6070 18.2453 -63.0364 100.0000 stroke13
movl 0 -2.2183 425.0089 163.9402 162.7503 16.8701 -66.1736 100.0000 stroke13
movl 0 -2.9073 425.7109 163.7604 162.0475 15.8604 -69.1679 100.0000 stroke13
movl 0 -5.2354 425.1603 164.3439 161.5045 14.2641 -73.1181 100.0000 stroke13
movl 0 -6.7702 424.3153 164.5821 161.4286 13.7252 -74.8164 100.0000 stroke13
movl 0 -7.8636 423.3902 164.7012 160.6409 12.5150 -78.4730 100.0000 stroke13
movl 0 -9.7701 421.7270 165.0816 160.5569 11.7803 -81.5294 100.0000 stroke13
movl 0 -10.3988 421.3627 165.1592 160.0180 10.6761 -84.5516 100.0000 stroke13
movl 0 -11.3049 421.0538 165.2321 159.8694 9.9651 -86.0671 100.0000 stroke13
movl 0 -12.2481 420.4151 165.4322 159.7774 9.3254 -87.8230 100.0000 stroke13
movl 0 -12.9150 420.0301 165.6051 159.7282 8.5428 -89.3780 100.0000 stroke13
movl 0 -13.4099 419.7118 165.9085 159.5842 7.6347 -91.1952 100.0000 stroke13
movl 0 -13.3907 419.4490 166.3337 159.2150 6.4382 -93.3790 100.0000 stroke13
movl 0 -13.3930 419.8177 166.7256 158.9675 5.1592 -95.4304 100.0000 stroke13
movl 0 -13.1207 420.0714 167.1850 158.7218 4.0308 -96.9184 100.0000 stroke13
movl 0 -13.3227 420.4141 167.4623 158.7242 2.9500 -98.0932 100.0000 stroke13
movl 0 -13.1241 421.1782 167.6012 158.7249 1.7341 -99.2188 100.0000 stroke13
movl 0 -13.1017 421.3434 167.8125 158.7486 0.7376 -100.4957 100.0000 stroke13
movl 0 -13.0590 421.1609 168.0637 158.8196 -0.1447 -101.4260 100.0000 stroke13
movl 0 -13.4606 420.8672 168.3716 159.0667 -1.0076 -102.0750 100.0000 stroke13
movl 0 -13.4715 420.5724 168.5748 159.1740 -1.8881 -103.0633 100.0000 stroke13
movl 0 -13.8346 419.7032 168.8400 159.3339 -2.3642 -103.6092 100.0000 stroke13
movl 0 -14.1456 418.8979 169.1842 159.6652 -3.2103 -104.4315 100.0000 stroke13
movl 0 -14.3779 418.3868 169.4402 159.9650 -4.2493 -105.4442 100.0000 stroke13
movl 0 -14.4231 417.7352 169.7081 160.2255 -5.3293 -106.6656 100.0000 stroke13
movl 0 -14.5255 416.8638 169.8642 160.5271 -6.1837 -107.6564 100.0000 stroke13
movl 0 -14.5022 416.3035 170.0200 160.9095 -7.3773 -109.1214 100.0000 stroke13
movl 0 -14.4743 415.3219 170.2625 161.2069 -8.1601 -110.0104 100.0000 stroke13
movl 0 -14.5581 413.8734 170.4651 161.5856 -8.9831 -110.9246 100.0000 stroke13
movl 0 -14.7537 412.4415 170.6255 162.0927 -9.9371 -112.0629 100.0000 stroke13
movl 0 -14.8948 411.0533 170.6751 162.5328 -10.6383 -112.7166 100.0000 stroke13
movl 0 -14.8929 409.2079 170.7379 163.0833 -11.4371 -113.7906 100.0000 stroke13
movl 0 -14.9993 407.2642 170.7140 163.6327 -12.3265 -114.4387 100.0000 stroke13
movl 0 -15.4588 405.3504 170.5211 164.2630 -13.2354 -114.7755 100.0000 stroke13
movl 0 -16.2058 403.2883 170.1992 164.9478 -14.1322 -115.0896 100.0000 stroke13
movl 0 -16.9149 401.5813 169.8239 165.6537 -15.0303 -115.2299 100.0000 stroke13
movl 0 -17.4910 399.5797 169.6638 166.1421 -15.5201 -115.5629 100.0000 stroke13
movl 0 -17.7374 398.1008 169.5078 166.3259 -15.9729 -115.7349 100.0000 stroke13
movl 0 -18.3814 396.9410 169.4568 166.4280 -16.0275 -115.5941 100.0000 stroke13
movl 0 -18.4172 395.6877 169.6288 166.1511 -15.9119 -115.1821 100.0000 stroke13
movl 0 -16.9280 395.6111 169.8299 165.3824 -15.8099 -114.6170 100.0000 stroke13
movl 0 -13.7822 395.4403 170.1403 164.1769 -15.3005 -114.0012 100.0000 stroke13
movl 0 -11.3788 395.1107 170.4818 163.3896 -14.8898 -113.9548 100.0000 stroke13
movl 0 -10.3884 394.4914 170.7195 163.0214 -14.5246 -113.7433 100.0000 stroke13
movl 0 -9.7493 394.2777 170.8423 162.7894 -14.3498 -113.5406 100.0000 stroke13
movl 0 -9.4454 394.0272 170.8531 162.7820 -14.3883 -113.6289 100.0000 stroke13
movl 0 -9.7909 393.8395 170.8089 162.9995 -14.6561 -113.5781 100.0000 stroke13
movl 0 -8.9351 393.8501 170.9644 162.8620 -14.6346 -113.7946 100.0000 stroke13
movl 0 -8.5678 394.0862 170.8591 163.0460 -15.1017 -114.0424 100.0000 stroke13
movl 0 -8.5598 393.7571 171.0310 163.1163 -15.0020 -114.1097 100.0000 stroke13
movl 0 -8.5658 394.4122 170.7176 163.3197 -15.4663 -114.0062 100.0000 stroke13
movl 0 -7.8771 393.0118 171.2215 162.6656 -14.4294 -113.5659 100.0000 stroke13
movl 0 -5.6850 387.2618 172.7902 160.3397 -10.9013 -112.3814 100.0000 stroke13
movl 0 -3.7320 381.3522 173.8066 158.2789 -7.4679 -111.2971 100.0000 stroke13
movl 0 -6.1621 378.6300 173.7075 158.3331 -6.1168 -110.5363 100.0000 stroke13
movl 0 -8.2981 382.0399 172.0881 159.3815 -8.0914 -109.8243 100.0000 stroke13
movl 0 -9.3339 384.1190 171.0586 159.7775 -9.4440 -109.0158 100.0000 stroke13
movl 0 -9.2630 384.5461 170.3337 159.2309 -9.5336 -107.4701 100.0000 stroke13
movl 0 -9.2142 384.3001 170.1315 158.6912 -9.1925 -106.2288 100.0000 stroke13
movl 0 -8.9101 384.0809 169.9525 158.0723 -8.7019 -104.9721 100.0000 stroke13
movl 0 -8.9271 383.7208 169.9579 157.5794 -7.9626 -103.7901 100.0000 stroke13
movl 0 -8.8095 383.5276 170.0162 157.2000 -7.6360 -103.3005 100.0000 stroke13
movl 0 -8.6267 383.2590 170.0811 156.8262 -7.2453 -102.8813 100.0000 stroke13
movl 0 -8.3016 383.0114 170.1870 156.5194 -6.8691 -102.5784 100.0000 stroke13
movl 0 -7.8596 382.6474 170.2884 156.2041 -6.4873 -102.3506 100.0000 stroke13
movl 0 -7.7375 382.5874 170.2608 155.9385 -6.3477 -102.3558 100.0000 stroke13
movl 0 -6.8892 382.2689 170.3807 155.5213 -6.2482 -102.5359 100.0000 stroke13
movl 0 -5.0406 380.8078 171.0738 154.5922 -5.9786 -102.7872 100.0000 stroke13
movl 0 1.1280 374.2822 179.5781 151.0510 -3.4047 -104.1795 100.0000 stroke13
movl 0 4.7756 362.8367 229.4228 142.8008 8.4133 -103.2476 100.0000 stroke13
movl 0 0.8086 392.1123 243.8053 137.1369 9.1331 -101.9610 100.0000 stroke14
movl 0 8.8018 411.3763 177.4343 142.3525 -14.8730 -110.0648 100.0000 stroke14
movl 0 5.3548 410.1126 167.7275 148.1697 -16.9710 -114.0511 100.0000 stroke14
movl 0 -2.1569 412.6158 167.8427 153.8685 -18.9549 -120.3511 100.0000 stroke14
movl 0 -8.3758 410.9874 168.5336 156.0758 -17.8732 -122.8043 100.0000 stroke14
movl 0 -8.0175 411.8030 167.9259 156.5949 -18.5884 -124.0264 100.0000 stroke14
movl 0 -10.1555 413.6936 167.3630 158.7206 -19.6330 -126.5251 100.0000 stroke14
movl 0 -13.0690 414.7223 167.7183 161.9649 -19.7165 -130.8938 100.0000 stroke14
movl 0 -16.2864 415.8663 168.3536 165.3023 -19.6962 -135.1291 100.0000 stroke14
movl 0 -18.4057 417.3339 168.5653 168.2872 -19.9014 -139.5959 100.0000 stroke14
movl 0 -19.7319 418.9703 168.6424 171.1849 -20.0212 -144.5870 100.0000 stroke14
movl 0 -21.2292 421.3282 168.2853 174.5782 -20.1822 -150.2046 100.0000 stroke14
movl 0 -20.6473 421.4323 168.6632 176.0708 -20.4281 -154.6345 100.0000 stroke14
movl 0 -19.2533 422.4962 168.3484 177.2072 -20.3822 -157.7431 100.0000 stroke14
movl 0 -19.9847 424.4761 167.5959 179.7505 -20.6098 -160.5136 100.0000 stroke14
movl 0 -19.3051 423.5733 168.0270 179.9274 -20.9886 -161.5227 100.0000 stroke14
movl 0 -16.7441 422.9741 168.3581 179.0745 -21.0652 -162.0338 100.0000 stroke14
movl 0 -18.6921 421.7137 168.3950 -179.9509 -21.0029 -161.4197 100.0000 stroke14
movl 0 -17.0683 420.3814 169.2212 178.8674 -21.0581 -161.0944 100.0000 stroke14
movl 0 -17.3246 420.0318 169.0545 179.1918 -21.0602 -160.5690 100.0000 stroke14
movl 0 -16.3495 419.4079 169.1868 178.7007 -21.2158 -160.3104 100.0000 stroke14
movl 0 -16.7127 419.0790 169.2241 178.4475 -21.2083 -159.7594 100.0000 stroke14
movl 0 -14.8529 418.1861 169.5913 176.8862 -21.4993 -158.6820 100.0000 stroke14
movl 0 -16.1885 418.0758 169.3717 177.3393 -21.3218 -158.3624 100.0000 stroke14
movl 0 -15.5316 417.7222 169.6214 176.7253 -21.4033 -158.2650 100.0000 stroke14
movl 0 -14.7750 416.7328 169.9871 175.8981 -21.4081 -158.0594 100.0000 stroke14
movl 0 -14.7415 416.0475 170.2774 175.3949 -21.3262 -157.8217 100.0000 stroke14
movl 0 -14.0795 414.3530 170.9834 174.2341 -21.3150 -157.1673 100.0000 stroke14
movl 0 -11.8304 409.5541 173.2694 170.7392 -21.4322 -154.2988 100.0000 stroke14
movl 0 -3.5229 398.6886 181.1990 159.2557 -18.5352 -145.9169 100.0000 stroke14
movl 0 2.7849 389.9187 234.7922 148.2974 -12.7144 -138.8763 100.0000 stroke14
