movl 0 -15.4962 399.4546 182.0636 164.3453 28.6071 -66.7588 100.0000 stroke1
movl 0 -22.4871 394.3507 180.5125 167.8904 31.1947 -63.6269 100.0000 stroke1
movl 0 -25.8549 395.6362 183.6781 159.4912 19.3743 -84.3822 100.0000 stroke1
movl 0 -28.1027 397.6663 182.0970 158.3158 14.5724 -93.0063 100.0000 stroke1
movl 0 -30.3854 400.6426 179.4203 160.0280 14.8575 -89.8139 100.0000 stroke1
movl 0 -31.8180 402.4845 178.1298 160.8261 14.0194 -89.4683 100.0000 stroke1
movl 0 -32.9768 403.5824 177.2612 161.1302 13.6947 -89.4405 100.0000 stroke1
movl 0 -35.2930 405.1234 176.0217 161.8445 12.6733 -90.1585 100.0000 stroke1
movl 0 -37.6843 406.9425 174.6585 162.8389 11.3506 -90.8978 100.0000 stroke1
movl 0 -39.6754 408.2510 173.7560 163.7191 10.1313 -91.2926 100.0000 stroke1
movl 0 -39.7346 409.3268 173.3313 164.0407 9.2678 -92.0400 100.0000 stroke1
movl 0 -39.6213 410.4924 172.7376 163.8200 8.6403 -91.9233 100.0000 stroke1
movl 0 -39.7874 410.9382 172.5611 163.3830 8.1230 -92.0476 100.0000 stroke1
movl 0 -40.9162 410.8175 172.5749 163.3909 7.7980 -92.2275 100.0000 stroke1
movl 0 -42.1317 410.1105 172.7156 163.3141 7.5318 -92.4045 100.0000 stroke1
movl 0 -43.0906 409.5070 173.0877 163.1808 6.9939 -92.8060 100.0000 stroke1
movl 0 -43.9456 408.8610 173.5420 163.0027 6.2922 -93.3363 100.0000 stroke1
movl 0 -45.4581 407.8108 174.0716 162.9337 5.7055 -93.6068 100.0000 stroke1
movl 0 -47.0536 406.3837 174.7700 162.7935 5.3943 -93.6599 100.0000 stroke1
movl 0 -48.4605 405.0199 175.5419 162.6827 5.2556 -93.7456 100.0000 stroke1
movl 0 -49.4537 404.0828 176.0759 162.4900 5.1430 -93.7517 100.0000 stroke1
movl 0 -50.0207 403.3670 176.4607 162.3234 5.1410 -94.0302 100.0000 stroke1
movl 0 -49.6878 403.0973 176.7798 162.1916 5.1778 -94.4360 100.0000 stroke1
movl 0 -45.7194 400.4437 180.2875 160.9755 6.3006 -96.2658 100.0000 stroke1
movl 0 -33.4640 393.3073 194.3748 156.0369 8.5495 -103.4479 100.0000 stroke1
movl 0 -28.4056 384.6850 229.4481 153.7525 16.2750 -97.8182 100.0000 stroke1
movl 0 -37.1363 389.0925 214.5533 157.8323 18.2279 -80.9315 100.0000 stroke2
movl 0 -37.6268 392.5644 191.8474 158.8861 15.1818 -81.3401 100.0000 stroke2
movl 0 -45.0955 390.2015 187.8338 163.2366 15.4490 -79.9238 100.0000 stroke2
movl 0 -47.9001 391.6185 184.2660 165.2053 15.0811 -77.1867 100.0000 stroke2
movl 0 -50.2424 393.5406 181.4275 166.2622 15.0141 -74.7731 100.0000 stroke2
movl 0 -51.9530 395.0919 179.4190 166.7169 14.8602 -73.7533 100.0000 stroke2
movl 0 -54.7073 397.0477 177.7845 167.3569 13.8942 -73.8883 100.0000 stroke2
movl 0 -57.3425 399.2202 176.9135 168.0490 11.9884 -76.2114 100.0000 stroke2
movl 0 -58.3545 400.4131 176.5956 168.0929 10.4279 -78.7993 100.0000 stroke2
movl 0 -58.8417 401.0258 176.7934 167.9949 9.0833 -81.2208 100.0000 stroke2
movl 0 -59.3828 401.4661 177.0433 167.8722 7.5241 -84.0392 100.0000 stroke2
movl 0 -60.0734 402.1804 177.1998 167.8591 5.6838 -87.4531 100.0000 stroke2
movl 0 -60.6710 403.0223 177.1740 167.8511 3.6048 -91.3197 100.0000 stroke2
movl 0 -61.1657 403.6045 177.3101 168.1119 1.6067 -95.0387 100.0000 stroke2
movl 0 -61.8526 403.9986 177.3623 168.5244 -0.0420 -97.6497 100.0000 stroke2
movl 0 -62.4279 404.3809 177.5251 169.0642 -1.6220 -99.5484 100.0000 stroke2
movl 0 -63.2714 404.8598 177.3929 169.6981 -3.1534 -101.2161 100.0000 stroke2
movl 0 -64.1104 404.6540 177.5011 170.1886 -4.3136 -102.1524 100.0000 stroke2
movl 0 -62.4612 402.8698 178.7033 169.2292 -3.3301 -102.4373 100.0000 stroke2
movl 0 -59.0927 401.8922 179.7256 168.2862 -2.2937 -103.2457 100.0000 stroke2
movl 0 -59.9814 402.7056 179.4958 168.9899 -3.4463 -103.5097 100.0000 stroke2
movl 0 -60.5636 401.3549 179.9916 169.0433 -3.1815 -103.4736 100.0000 stroke2
movl 0 -60.0085 401.4224 180.0028 168.9575 -3.2664 -103.4774 100.0000 stroke2
movl 0 -59.6110 400.8244 180.1937 168.5811 -2.6050 -103.4062 100.0000 stroke2
movl 0 -59.1525 400.0790 180.3446 168.2088 -1.8418 -103.1481 100.0000 stroke2
movl 0 -59.2685 400.1103 180.2550 168.2062 -1.7105 -103.0021 100.0000 stroke2
movl 0 -59.4090 400.0281 180.2998 168.1623 -1.6210 -102.9767 100.0000 stroke2
movl 0 -59.5259 399.3143 181.0411 167.9413 -1.1371 -103.0025 100.0000 stroke2
movl 0 -59.3569 392.9469 188.0214 166.5965 2.2036 -102.7956 100.0000 stroke2
movl 0 -58.8615 383.5290 220.5852 164.1754 7.4856 -101.1490 100.0000 stroke2
movl 0 -31.5087 374.0496 222.5317 165.2853 23.2577 -77.2763 100.0000 stroke3
movl 0 -35.0380 375.4664 192.8056 166.5189 21.2337 -76.0752 100.0000 stroke3
movl 0 -40.7380 374.9803 189.4656 168.7356 21.3298 -74.6569 100.0000 stroke3
movl 0 -42.8551 378.8075 184.3125 169.5440 19.8641 -72.3396 100.0000 stroke3
movl 0 -44.9760 380.7021 182.6993 169.9984 19.5532 -71.5015 100.0000 stroke3
movl 0 -46.8448 383.0515 180.8507 170.5167 19.0458 -71.2830 100.0000 stroke3
movl 0 -47.1629 384.9025 179.2430 171.6820 19.3838 -67.6863 100.0000 stroke3
movl 0 -47.0861 385.4200 178.5499 173.4902 20.2430 -62.7987 100.0000 stroke3
movl 0 -48.3428 386.2596 177.9281 174.2959 19.6642 -62.0710 100.0000 stroke3
movl 0 -50.6442 386.5441 177.4985 175.5053 18.7962 -62.1835 100.0000 stroke3
movl 0 -51.5790 386.5657 177.3294 175.9603 18.4233 -62.2591 100.0000 stroke3
movl 0 -52.2654 387.1188 177.0314 176.2651 18.0878 -62.2193 100.0000 stroke3
movl 0 -51.7061 387.7539 176.9489 176.4230 17.8603 -62.5915 100.0000 stroke3
movl 0 -50.4161 388.3680 177.1549 176.4385 17.7271 -63.1938 100.0000 stroke3
movl 0 -48.3549 389.2934 177.3286 176.3595 17.5150 -63.9701 100.0000 stroke3
movl 0 -45.4352 390.8419 177.5165 176.2064 17.0531 -65.1435 100.0000 stroke3
movl 0 -42.1734 392.7867 177.3054 176.1446 16.4904 -67.0840 100.0000 stroke3
movl 0 -38.0329 394.9851 177.2674 175.5766 16.1270 -69.7117 100.0000 stroke3
movl 0 -37.1067 394.6323 177.7331 175.1667 16.3111 -70.0875 100.0000 stroke3
movl 0 -36.6567 394.4290 178.2219 174.7283 16.4930 -70.4168 100.0000 stroke3
movl 0 -35.7557 394.3629 178.4913 174.4669 16.5608 -70.9552 100.0000 stroke3
movl 0 -35.6034 394.2584 178.7602 174.1939 16.5230 -71.2787 100.0000 stroke3
movl 0 -35.5522 394.1935 178.8981 174.0863 16.4741 -71.5771 100.0000 stroke3
movl 0 -35.4310 393.9375 179.0534 173.9182 16.5058 -72.0265 100.0000 stroke3
movl 0 -35.2935 393.5754 179.3721 173.7631 16.6294 -72.9709 100.0000 stroke3
movl 0 -35.2227 395.6717 178.7084 173.4480 15.3714 -75.3666 100.0000 stroke3
movl 0 -34.9949 398.8049 177.9365 172.2956 12.9657 -79.3055 100.0000 stroke3
movl 0 -32.7985 401.9972 177.1547 170.9799 10.5627 -83.5252 100.0000 stroke3
movl 0 -28.7355 405.7728 176.2326 168.8487 8.4981 -86.1348 100.0000 stroke3
movl 0 -27.0647 407.4737 175.7757 167.4476 7.1331 -87.4420 100.0000 stroke3
movl 0 -26.0701 408.5987 175.6333 166.6626 5.8033 -88.7164 100.0000 stroke3
movl 0 -25.9808 409.1841 175.7377 166.2967 4.6418 -89.7232 100.0000 stroke3
movl 0 -26.3797 409.6912 175.7844 166.0157 3.3266 -90.9489 100.0000 stroke3
movl 0 -27.0353 410.0803 175.8846 165.8262 1.7005 -92.9219 100.0000 stroke3
movl 0 -27.7880 410.4589 175.9135 165.8282 0.2963 -94.3021 100.0000 stroke3
movl 0 -28.6859 410.3488 175.8543 165.8973 -0.8532 -95.4659 100.0000 stroke3
movl 0 -29.8614 409.9348 176.0601 166.0303 -1.8262 -96.2106 100.0000 stroke3
movl 0 -30.5595 409.8265 176.0385 166.1338 -2.7384 -96.5406 100.0000 stroke3
movl 0 -31.5111 409.2052 176.2643 166.2344 -3.4088 -96.4765 100.0000 stroke3
movl 0 -32.6630 408.6545 176.4222 166.2297 -4.0488 -95.9257 100.0000 stroke3
movl 0 -32.8791 407.9206 176.7606 166.1079 -3.8377 -95.4252 100.0000 stroke3
movl 0 -31.0940 405.4005 178.1005 165.7653 -1.8033 -95.4071 100.0000 stroke3
movl 0 -31.1295 405.7232 177.8058 165.8764 -2.2452 -95.1704 100.0000 stroke3
movl 0 -31.7774 405.5238 177.9450 165.9233 -2.5322 -94.9129 100.0000 stroke3
movl 0 -32.2587 405.0884 177.9962 166.1370 -2.4293 -94.9096 100.0000 stroke3
movl 0 -32.2374 403.5796 178.6194 166.1433 -1.1186 -94.7141 100.0000 stroke3
movl 0 -32.3856 402.7224 179.0854 166.1141 -0.3232 -94.5528 100.0000 stroke3
movl 0 -32.3945 401.4021 179.9156 166.0793 0.5910 -94.6296 100.0000 stroke3
movl 0 -29.1475 395.4012 187.3470 164.8323 4.7981 -94.8888 100.0000 stroke3
movl 0 -19.9139 382.8536 219.0874 160.7566 15.3452 -93.5547 100.0000 stroke3
movl 0 -25.0769 380.7497 249.7995 154.1438 19.3097 -92.1362 100.0000 stroke4
movl 0 -30.8317 381.7949 198.6136 159.6193 16.5973 -89.2485 100.0000 stroke4
movl 0 -38.5362 378.2659 189.5316 163.7927 16.8337 -85.3053 100.0000 stroke4
movl 0 -41.5014 378.6931 185.8016 166.2202 16.3491 -81.0948 100.0000 stroke4
movl 0 -43.5970 379.4082 184.9163 167.1156 15.6609 -79.0162 100.0000 stroke4
movl 0 -46.3274 380.7951 183.2531 167.5204 15.3873 -78.0911 100.0000 stroke4
movl 0 -48.6518 382.6964 181.3076 168.4651 15.0714 -76.3918 100.0000 stroke4
movl 0 -48.8181 383.5429 180.5805 168.7564 15.1564 -75.3170 100.0000 stroke4
movl 0 -49.7492 384.2283 180.2360 168.7593 14.7893 -75.2889 100.0000 stroke4
movl 0 -51.7785 385.1187 179.4939 169.5687 14.1467 -75.7446 100.0000 stroke4
movl 0 -53.3933 385.2125 179.1451 170.3058 13.7644 -76.1928 100.0000 stroke4
movl 0 -55.3737 385.0354 179.1232 170.8464 13.5981 -76.4183 100.0000 stroke4
movl 0 -55.4655 385.6588 178.9492 171.0606 13.3090 -76.9761 100.0000 stroke4
movl 0 -54.6249 386.5445 178.7894 171.2594 12.9491 -78.0904 100.0000 stroke4
movl 0 -53.4005 387.5158 178.7138 171.3788 12.6224 -79.3146 100.0000 stroke4
movl 0 -51.8447 388.6682 178.5587 171.6295 12.2135 -80.7966 100.0000 stroke4
movl 0 -49.9996 390.2789 178.1147 171.9418 11.7494 -82.4924 100.0000 stroke4
movl 0 -50.0987 390.1434 178.1781 172.1631 11.7145 -82.8351 100.0000 stroke4
movl 0 -48.6618 388.6028 179.5138 171.5046 12.5868 -83.2033 100.0000 stroke4
movl 0 -47.4821 388.4165 179.9058 171.3685 12.7424 -83.6304 100.0000 stroke4
movl 0 -47.1405 388.3839 179.9854 171.3199 12.7412 -83.7914 100.0000 stroke4
movl 0 -48.0622 388.9575 179.5513 171.4884 11.8571 -83.7148 100.0000 stroke4
movl 0 -48.0433 389.1770 179.1646 171.5190 11.1427 -84.0310 100.0000 stroke4
movl 0 -49.2725 388.6437 179.0676 171.1328 11.1619 -83.5112 100.0000 stroke4
movl 0 -49.3607 387.7056 179.7782 170.5597 11.6100 -83.3100 100.0000 stroke4
movl 0 -43.9666 384.1640 187.5895 168.0195 13.5036 -83.4874 100.0000 stroke4
movl 0 -26.5238 364.9809 212.3418 156.6911 12.7448 -93.5169 100.0000 stroke5
movl 0 -31.3193 365.4680 189.3150 159.1119 12.3866 -92.5239 100.0000 stroke5
movl 0 -40.5045 365.2846 185.0525 162.5144 13.0227 -91.2265 100.0000 stroke5
movl 0 -40.8564 368.0396 182.6236 162.7080 12.1233 -91.1318 100.0000 stroke5
movl 0 -42.9817 369.9043 180.6235 163.2899 11.3290 -90.9441 100.0000 stroke5
movl 0 -44.1466 371.4647 179.0608 163.6223 10.9723 -91.0348 100.0000 stroke5
movl 0 -44.4044 372.7350 178.2825 163.5266 10.9616 -91.1113 100.0000 stroke5
movl 0 -45.7046 374.1476 177.5009 164.0977 10.4182 -91.5226 100.0000 stroke5
movl 0 -47.5109 374.7998 177.2838 165.3283 9.9369 -92.2973 100.0000 stroke5
movl 0 -49.2812 374.6481 177.5110 166.0124 9.9135 -92.9409 100.0000 stroke5
movl 0 -49.2495 375.2109 177.6097 166.4818 9.7138 -94.0346 100.0000 stroke5
movl 0 -46.5719 376.4105 177.5527 166.6395 9.2771 -95.8057 100.0000 stroke5
movl 0 -43.5114 377.5634 177.6372 167.0918 8.9791 -98.0541 100.0000 stroke5
movl 0 -39.2223 379.4592 177.4962 167.4478 8.4691 -100.4489 100.0000 stroke5
movl 0 -39.9681 378.7065 177.5458 167.1742 8.4915 -99.9042 100.0000 stroke5
movl 0 -40.2462 378.4598 177.6796 166.8231 8.4685 -99.7713 100.0000 stroke5
movl 0 -39.3651 377.7040 178.1877 166.1247 8.6391 -99.6169 100.0000 stroke5
movl 0 -35.1000 368.3846 190.7039 162.0229 12.5191 -99.5617 100.0000 stroke5
movl 0 -28.3560 344.6905 243.4322 152.5204 11.6733 -98.2439 100.0000 stroke6
movl 0 -35.2118 343.3792 196.9920 156.9131 13.4110 -96.0987 100.0000 stroke6
movl 0 -39.9989 346.8929 185.0560 159.6896 14.3664 -95.6402 100.0000 stroke6
movl 0 -41.9330 349.3778 180.8717 160.3243 13.6699 -95.6128 100.0000 stroke6
movl 0 -44.5999 350.8180 179.1834 160.8150 13.6663 -94.7159 100.0000 stroke6
movl 0 -45.9338 353.1737 177.3984 161.2381 12.8203 -94.2363 100.0000 stroke6
movl 0 -46.1844 354.5973 176.0976 161.0411 12.3766 -93.4835 100.0000 stroke6
movl 0 -47.2699 355.4361 175.0970 161.4651 12.3719 -92.7257 100.0000 stroke6
movl 0 -49.6520 356.4977 174.4135 163.0376 11.7531 -92.7937 100.0000 stroke6
movl 0 -50.9367 356.4344 174.4923 164.1847 11.4659 -93.3013 100.0000 stroke6
movl 0 -52.8672 356.1485 174.6460 164.9560 11.5054 -93.8475 100.0000 stroke6
movl 0 -52.0830 356.9072 174.8641 165.2840 11.2143 -95.1155 100.0000 stroke6
movl 0 -49.9963 357.8505 175.0254 165.5831 10.8373 -96.6895 100.0000 stroke6
movl 0 -48.0347 358.9747 175.1430 166.0048 10.4200 -98.3662 100.0000 stroke6
movl 0 -46.0035 359.6847 175.4371 166.5812 10.2400 -100.1111 100.0000 stroke6
movl 0 -43.5460 361.0629 175.5351 167.1090 9.8129 -101.9206 100.0000 stroke6
movl 0 -41.9277 362.1936 175.5743 167.9640 9.5316 -103.9813 100.0000 stroke6
movl 0 -41.0258 362.4451 175.6056 168.1564 9.4540 -104.9739 100.0000 stroke6
movl 0 -39.7991 360.1727 176.5885 166.9037 10.3238 -104.7666 100.0000 stroke6
movl 0 -38.8715 359.5078 176.9757 166.6127 10.5928 -104.9798 100.0000 stroke6
movl 0 -38.4862 359.4263 177.0919 166.7365 10.5991 -105.1315 100.0000 stroke6
movl 0 -38.9446 359.4812 176.9085 167.0770 10.3517 -105.1242 100.0000 stroke6
movl 0 -39.6827 359.5463 176.4232 166.9776 9.7670 -104.1720 100.0000 stroke6
movl 0 -40.7087 358.4135 176.4847 166.3102 10.0054 -103.2143 100.0000 stroke6
movl 0 -40.0482 358.7402 176.5393 166.2216 9.9810 -103.2163 100.0000 stroke6
movl 0 -39.2833 358.6468 176.5380 166.0353 9.9742 -103.2031 100.0000 stroke6
movl 0 -38.1109 358.4383 176.8715 165.6181 9.9931 -103.2167 100.0000 stroke6
movl 0 -37.2017 357.6106 178.2727 164.8859 10.4035 -103.4610 100.0000 stroke6
movl 0 -32.2456 350.2284 191.4102 162.1958 13.4557 -104.6566 100.0000 stroke6
movl 0 -11.9381 375.7667 197.2548 151.0790 12.0065 -87.1795 100.0000 stroke7
movl 0 -12.2865 368.5371 184.6593 155.8271 14.3790 -84.0369 100.0000 stroke7
movl 0 -20.5855 367.0534 181.0218 159.9360 14.2273 -80.8037 100.0000 stroke7
movl 0 -26.1119 367.1541 179.3569 161.7662 13.9410 -79.1189 100.0000 stroke7
movl 0 -27.8205 368.7321 177.8538 162.7250 13.2312 -78.6160 100.0000 stroke7
movl 0 -28.2432 370.1006 176.8275 163.0868 13.0586 -77.9210 100.0000 stroke7
movl 0 -30.0777 373.0817 175.1143 163.7128 12.2546 -76.4844 100.0000 stroke7
movl 0 -31.5077 375.3534 173.9569 164.7998 10.9667 -76.6933 100.0000 stroke7
movl 0 -30.4830 377.9048 172.9319 165.1340 9.6353 -78.0397 100.0000 stroke7
movl 0 -32.0044 378.1588 173.0363 165.3575 8.8234 -78.1843 100.0000 stroke7
movl 0 -32.5517 378.5180 173.3562 164.9080 7.3714 -79.0024 100.0000 stroke7
movl 0 -33.4191 379.4054 173.4992 164.6833 5.5618 -80.2393 100.0000 stroke7
movl 0 -34.1965 380.1522 173.6822 164.4957 3.8116 -81.4601 100.0000 stroke7
movl 0 -34.6580 381.0689 173.6848 164.2524 2.1064 -82.6485 100.0000 stroke7
movl 0 -34.8720 381.8424 173.7948 163.9601 0.5799 -83.7448 100.0000 stroke7
movl 0 -35.6143 382.3681 173.9742 163.8267 -0.9017 -84.4594 100.0000 stroke7
movl 0 -34.6117 381.2596 174.7807 163.6060 -0.3708 -85.0781 100.0000 stroke7
movl 0 -35.4682 380.7037 174.9205 163.7896 -0.6872 -85.0485 100.0000 stroke7
movl 0 -35.4371 380.8553 174.9340 163.7304 -0.9142 -85.0318 100.0000 stroke7
movl 0 -35.5270 380.6185 175.0694 163.7989 -0.8901 -85.1494 100.0000 stroke7
movl 0 -36.2568 380.2163 175.0272 163.8934 -0.9911 -84.9034 100.0000 stroke7
movl 0 -36.2922 380.3878 175.0035 163.8850 -1.0724 -84.9437 100.0000 stroke7
movl 0 -36.1936 380.0435 175.2583 164.0439 -0.5227 -85.1860 100.0000 stroke7
movl 0 -35.8866 378.6563 175.7358 164.1386 0.5816 -85.1498 100.0000 stroke7
movl 0 -35.2422 376.6622 177.9991 164.1980 2.3680 -85.3116 100.0000 stroke7
movl 0 -27.7978 365.7397 201.4962 162.0512 10.3677 -86.8355 100.0000 stroke7
movl 0 -38.5013 356.8373 216.3227 157.1014 13.8472 -88.3471 100.0000 stroke8
movl 0 -43.7548 353.6339 191.6563 160.8173 12.7089 -87.4353 100.0000 stroke8
movl 0 -49.6153 353.5009 188.9847 164.1468 11.9667 -86.8362 100.0000 stroke8
movl 0 -50.4314 354.1387 185.9955 165.2495 11.3425 -86.1233 100.0000 stroke8
movl 0 -51.6270 356.8479 183.4404 165.9862 10.4739 -84.9591 100.0000 stroke8
movl 0 -54.0936 358.2166 182.0727 166.5158 10.0455 -84.3123 100.0000 stroke8
movl 0 -55.0870 359.1769 181.3069 166.6206 9.8069 -84.0136 100.0000 stroke8
movl 0 -55.6604 359.9360 180.9558 166.3661 9.6750 -84.0989 100.0000 stroke8
movl 0 -57.9598 361.0425 180.2777 167.3043 8.9991 -84.6342 100.0000 stroke8
movl 0 -60.5006 361.2437 180.1416 168.5810 8.4013 -85.4375 100.0000 stroke8
movl 0 -61.8387 361.3479 180.2433 168.9269 8.2906 -86.2048 100.0000 stroke8
movl 0 -62.1444 361.8589 180.1368 169.5216 8.0702 -87.5533 100.0000 stroke8
movl 0 -61.0427 362.7081 180.1893 169.8943 7.6642 -89.3128 100.0000 stroke8
movl 0 -59.9734 363.6731 180.2059 170.2586 7.2816 -91.0721 100.0000 stroke8
movl 0 -58.3054 364.7793 180.2081 170.6576 6.9081 -92.9939 100.0000 stroke8
movl 0 -57.4168 365.5082 180.2257 171.4692 6.6256 -94.7249 100.0000 stroke8
movl 0 -57.3744 366.0625 180.4394 172.4329 6.5213 -96.6436 100.0000 stroke8
movl 0 -57.4273 366.8621 180.4350 173.5085 6.3346 -99.0043 100.0000 stroke8
movl 0 -57.5239 367.9036 180.2335 174.4678 6.1660 -101.7440 100.0000 stroke8
movl 0 -57.1745 369.1324 179.9191 175.3518 6.0046 -104.0531 100.0000 stroke8
movl 0 -56.6270 366.9530 180.7408 174.4347 6.5247 -103.7695 100.0000 stroke8
movl 0 -54.5848 365.4577 181.8229 173.4820 7.0721 -103.9470 100.0000 stroke8
movl 0 -53.4668 364.7605 182.3784 173.1294 7.3501 -104.1316 100.0000 stroke8
movl 0 -52.9874 364.4396 182.7027 172.9771 7.4246 -104.1947 100.0000 stroke8
movl 0 -52.7368 364.4965 182.6763 173.0506 7.0675 -103.9391 100.0000 stroke8
movl 0 -52.7090 365.3844 182.4242 173.6238 5.7273 -103.7772 100.0000 stroke8
movl 0 -53.3470 364.9420 182.3599 173.1586 5.6286 -103.0542 100.0000 stroke8
movl 0 -53.2912 363.8838 182.7099 172.4289 6.1083 -102.4994 100.0000 stroke8
movl 0 -52.2445 362.8321 183.3431 171.7339 6.5651 -102.3969 100.0000 stroke8
movl 0 -48.2214 360.1346 189.1893 168.9690 7.7908 -102.1278 100.0000 stroke8
movl 0 -44.7567 347.5764 231.0463 162.5962 12.2681 -102.6356 100.0000 stroke8
movl 0 -33.9172 346.3986 216.8747 152.9179 8.0870 -96.7802 100.0000 stroke9
movl 0 -43.9895 338.4557 189.6401 157.4210 8.5207 -98.8038 100.0000 stroke9
movl 0 -51.1713 336.3205 187.5266 159.7063 9.8355 -97.9940 100.0000 stroke9
movl 0 -56.4575 336.2959 184.6751 161.3769 9.6961 -97.4376 100.0000 stroke9
movl 0 -59.1066 338.4253 182.7394 162.1348 9.1596 -96.9593 100.0000 stroke9
movl 0 -62.6152 340.3825 180.9537 163.0184 8.9167 -96.1059 100.0000 stroke9
movl 0 -64.4328 342.2494 179.7730 163.3812 8.5504 -95.4996 100.0000 stroke9
movl 0 -65.9735 342.7088 179.0635 163.7358 8.4115 -95.3345 100.0000 stroke9
movl 0 -68.1014 344.2624 178.2221 165.1313 7.7824 -95.8209 100.0000 stroke9
movl 0 -71.7243 343.7606 178.0579 166.8250 7.6591 -96.4971 100.0000 stroke9
movl 0 -72.7055 344.1469 177.8944 167.5604 7.0776 -97.4091 100.0000 stroke9
movl 0 -73.3440 344.1933 178.0327 167.7929 6.8795 -98.3237 100.0000 stroke9
movl 0 -74.0623 344.7054 178.1189 168.1643 6.7512 -99.5194 100.0000 stroke9
movl 0 -72.5974 345.5185 178.3168 168.4585 6.4246 -101.4070 100.0000 stroke9
movl 0 -71.0362 346.5620 178.4863 168.8499 6.0266 -103.4138 100.0000 stroke9
movl 0 -69.5466 347.5055 178.6394 169.3589 5.6172 -104.9711 100.0000 stroke9
movl 0 -67.4881 348.5206 178.7190 169.6395 5.2679 -106.5502 100.0000 stroke9
movl 0 -65.0155 349.4654 178.8549 169.7921 4.9246 -108.1224 100.0000 stroke9
movl 0 -64.2266 349.8022 178.8461 170.3492 4.8155 -109.7911 100.0000 stroke9
movl 0 -63.5367 350.2311 179.0071 170.7431 4.6975 -111.7759 100.0000 stroke9
movl 0 -63.1760 350.9325 178.9889 171.3101 4.5703 -114.3179 100.0000 stroke9
movl 0 -63.0133 351.2940 179.0394 171.9310 4.5750 -116.9789 100.0000 stroke9
movl 0 -62.8082 351.6371 179.0641 172.4733 4.6105 -119.3212 100.0000 stroke9
movl 0 -62.3162 351.8219 179.2030 172.9402 4.6924 -121.6816 100.0000 stroke9
movl 0 -61.3867 352.4226 179.2298 173.3435 4.6134 -124.0386 100.0000 stroke9
movl 0 -60.2633 353.1638 179.3624 173.7592 4.4674 -126.0898 100.0000 stroke9
movl 0 -58.8315 353.9361 179.4583 174.1134 4.3205 -128.1390 100.0000 stroke9
movl 0 -57.8176 355.0388 179.3628 174.5936 4.2728 -130.4258 100.0000 stroke9
movl 0 -57.0134 356.2753 179.2249 175.2619 4.2454 -133.1890 100.0000 stroke9
movl 0 -56.2535 357.7473 178.8332 175.8708 4.2051 -136.6400 100.0000 stroke9
movl 0 -55.2214 358.4122 178.6530 176.1016 4.2216 -138.8286 100.0000 stroke9
movl 0 -54.8974 355.6371 179.7384 174.7325 4.4970 -138.7427 100.0000 stroke9
movl 0 -53.0881 353.5744 180.8119 173.2644 4.6071 -138.2419 100.0000 stroke9
movl 0 -52.3772 352.2858 181.4319 172.4388 4.8908 -138.1665 100.0000 stroke9
movl 0 -51.4333 351.8290 181.7653 171.9764 4.9016 -138.1685 100.0000 stroke9
movl 0 -50.8673 351.5705 182.0524 171.7840 4.9384 -138.2970 100.0000 stroke9
movl 0 -49.8758 351.5078 182.2784 171.5968 4.8539 -138.4156 100.0000 stroke9
movl 0 -49.1464 351.2902 182.4521 171.4278 4.8106 -138.3715 100.0000 stroke9
movl 0 -49.0688 351.2811 182.5116 171.4736 4.7788 -138.3718 100.0000 stroke9
movl 0 -49.2422 351.8556 182.2845 172.0134 4.4635 -138.1069 100.0000 stroke9
movl 0 -49.2912 353.1549 181.9870 173.0685 3.6196 -137.8570 100.0000 stroke9
movl 0 -49.1067 353.9045 181.8387 173.7270 3.1386 -137.9960 100.0000 stroke9
movl 0 -48.9524 354.4275 181.7736 174.3040 2.6840 -138.0372 100.0000 stroke9
movl 0 -48.4883 354.2319 181.8605 174.4400 2.4850 -137.7863 100.0000 stroke9
movl 0 -47.8422 353.2857 181.9503 174.1711 2.5008 -137.3323 100.0000 stroke9
movl 0 -48.0619 351.4072 182.2406 173.3629 2.8583 -136.0339 100.0000 stroke9
movl 0 -47.9719 349.3209 182.7665 171.5452 3.2418 -133.5708 100.0000 stroke9
movl 0 -48.4319 348.4138 183.0753 170.9103 3.7136 -132.6930 100.0000 stroke9
movl 0 -48.3172 348.1984 183.2838 170.6739 3.7247 -132.3744 100.0000 stroke9
movl 0 -48.0508 348.1178 183.3754 170.5251 3.6297 -132.1464 100.0000 stroke9
movl 0 -47.9901 348.2248 183.3370 170.5913 3.5793 -132.0683 100.0000 stroke9
movl 0 -47.0567 347.8115 184.2166 170.2838 3.5765 -132.0400 100.0000 stroke9
movl 0 -43.4184 345.0490 192.1219 168.3860 3.4517 -131.9212 100.0000 stroke9
movl 0 -40.6197 336.7248 229.9224 163.8353 4.2679 -129.8643 100.0000 stroke9
