movl 0 92.0575 375.1547 226.1263 153.0893 15.7103 -101.9702 100.0000 stroke1
movl 0 101.5240 374.6677 231.1331 151.8007 14.8846 -105.5752 100.0000 stroke1
movl 0 101.7856 374.1819 230.5958 151.6997 14.4712 -107.3659 100.0000 stroke1
movl 0 102.1715 374.9343 230.1693 151.1860 13.5849 -108.3896 100.0000 stroke1
movl 0 107.1318 373.3838 236.2832 150.0824 14.7396 -110.4467 100.0000 stroke1
movl 0 118.3742 371.8933 246.7993 148.6587 15.9941 -113.0470 100.0000 stroke1
movl 0 111.4886 369.6477 246.5350 149.1863 15.5976 -112.1353 100.0000 stroke2
movl 0 103.1605 373.4757 239.1925 150.2051 14.1313 -107.2015 100.0000 stroke2
movl 0 98.5626 374.8272 234.6013 150.1585 13.2022 -107.0834 100.0000 stroke2
movl 0 98.2292 375.4396 231.9955 150.5372 12.7940 -106.9919 100.0000 stroke2
movl 0 98.3368 376.3239 228.3981 150.6499 11.9273 -108.0088 100.0000 stroke2
movl 0 98.3250 379.4214 219.2740 150.5925 10.2560 -110.4214 100.0000 stroke2
movl 0 88.3945 380.8727 206.6647 152.6634 9.0067 -109.5716 100.0000 stroke2
movl 0 71.8583 378.0822 198.9084 154.9773 9.2948 -106.3019 100.0000 stroke2
movl 0 60.4175 379.0842 194.5768 156.4955 8.4921 -104.5234 100.0000 stroke2
movl 0 51.7044 378.1970 192.4984 157.7722 8.1792 -105.4301 100.0000 stroke2
movl 0 51.4530 378.4543 192.3173 157.6643 8.1080 -105.7306 100.0000 stroke2
movl 0 51.2523 378.7361 192.7374 157.6196 7.9215 -105.8877 100.0000 stroke2
movl 0 51.6235 379.0487 192.8531 157.7509 7.6490 -106.1503 100.0000 stroke2
movl 0 51.8389 379.6366 191.6421 157.9140 7.4544 -106.2687 100.0000 stroke2
movl 0 50.8300 379.8906 190.1366 158.4472 7.4788 -106.4764 100.0000 stroke2
movl 0 48.7607 379.5538 189.5978 159.0780 7.1669 -107.6749 100.0000 stroke2
movl 0 47.0987 379.3475 189.0760 159.4825 6.9295 -109.9627 100.0000 stroke2
movl 0 46.6465 379.2693 189.0701 159.3616 6.9239 -110.5293 100.0000 stroke2
movl 0 45.1422 380.3601 187.5533 160.0028 6.5989 -110.5066 100.0000 stroke2
movl 0 43.8216 381.4359 185.4682 160.3982 6.0814 -110.2561 100.0000 stroke2
movl 0 42.7670 381.7510 185.4077 160.4714 5.6178 -110.9706 100.0000 stroke2
movl 0 41.6480 383.0783 184.8926 160.4687 5.5309 -111.4670 100.0000 stroke2
movl 0 39.9037 384.7257 184.1052 160.5932 5.0042 -112.2929 100.0000 stroke2
movl 0 38.9550 386.5670 182.2507 160.8878 4.3548 -112.9790 100.0000 stroke2
movl 0 38.8757 388.0331 180.0204 161.7236 3.9322 -113.9061 100.0000 stroke2
movl 0 38.8408 389.0188 178.2655 162.6834 3.6296 -114.7994 100.0000 stroke2
movl 0 38.7523 389.8704 177.3813 163.4622 3.4741 -115.2994 100.0000 stroke2
movl 0 37.6845 390.4456 177.2114 164.7342 3.2242 -115.7612 100.0000 stroke2
movl 0 35.9255 390.0368 177.3741 165.6662 3.6515 -115.6265 100.0000 stroke2
movl 0 32.9819 389.0777 177.6807 166.3300 4.9543 -115.2078 100.0000 stroke2
movl 0 31.0331 388.8947 177.8273 166.9681 5.8574 -114.5870 100.0000 stroke2
movl 0 30.2351 389.4302 178.0081 167.3597 6.2639 -113.8955 100.0000 stroke2
movl 0 30.5658 389.8487 178.0533 167.6000 6.6380 -112.5850 100.0000 stroke2
movl 0 31.5300 390.1953 177.6495 167.6968 6.8317 -111.8894 100.0000 stroke2
movl 0 32.2839 390.3502 177.6298 167.7566 7.0464 -111.7310 100.0000 stroke2
movl 0 32.7155 390.3428 177.7859 167.8441 7.4265 -111.3393 100.0000 stroke2
movl 0 33.6708 390.4612 177.8436 167.9224 7.5612 -111.4790 100.0000 stroke2
movl 0 34.6537 390.5881 177.7956 168.1602 7.8459 -111.6154 100.0000 stroke2
movl 0 36.2106 390.8850 177.7512 168.2404 7.9773 -111.8011 100.0000 stroke2
movl 0 37.9242 391.4292 177.6890 168.3445 8.0231 -112.0648 100.0000 stroke2
movl 0 39.7242 391.9637 177.6761 168.5311 8.0617 -112.3617 100.0000 stroke2
movl 0 42.3087 392.5236 177.8712 168.7547 8.2450 -112.7761 100.0000 stroke2
movl 0 45.0653 393.0580 177.7913 168.9641 8.3303 -113.3648 100.0000 stroke2
movl 0 47.5701 393.7001 177.3591 169.3136 8.4018 -113.9825 100.0000 stroke2
movl 0 49.9921 394.2743 177.1773 169.7293 8.7170 -114.6454 100.0000 stroke2
movl 0 51.9992 394.6356 176.5872 170.3548 9.2298 -115.4040 100.0000 stroke2
movl 0 53.7009 394.8469 176.0909 171.0002 9.8160 -116.4340 100.0000 stroke2
movl 0 55.2947 395.1772 175.5589 171.6623 10.4206 -117.3554 100.0000 stroke2
movl 0 56.4239 395.4494 174.7484 172.3911 10.9699 -118.1502 100.0000 stroke2
movl 0 57.4943 395.7886 173.9673 172.8662 11.3950 -119.0891 100.0000 stroke2
movl 0 57.1231 395.4568 173.2393 173.2162 11.9882 -119.6049 100.0000 stroke2
movl 0 57.5041 394.2714 175.0657 172.3175 12.0621 -119.5920 100.0000 stroke2
movl 0 58.3307 393.5788 177.0356 171.3422 12.2079 -119.7769 100.0000 stroke2
movl 0 58.3842 393.5740 177.3600 171.1285 12.3028 -119.8749 100.0000 stroke2
movl 0 58.5704 393.5173 177.7144 171.0736 12.3485 -119.9873 100.0000 stroke2
movl 0 58.6221 393.3028 177.6522 171.1027 12.3538 -120.1490 100.0000 stroke2
movl 0 57.9404 393.3080 177.3234 171.6614 11.9130 -120.5195 100.0000 stroke2
movl 0 57.9184 393.5992 177.4653 172.2741 11.4115 -121.3289 100.0000 stroke2
movl 0 58.2583 393.5424 177.3916 172.2742 11.2359 -121.5120 100.0000 stroke2
movl 0 58.4074 393.5215 177.6578 172.4282 10.9351 -121.8399 100.0000 stroke2
movl 0 58.6608 393.7042 177.9469 172.6682 10.5026 -122.2825 100.0000 stroke2
movl 0 58.9508 393.6563 178.1740 172.7690 10.2961 -122.6718 100.0000 stroke2
movl 0 59.3335 393.6752 178.5368 172.9163 10.0716 -123.0601 100.0000 stroke2
movl 0 60.0851 393.6466 178.7968 172.8915 9.8137 -123.3861 100.0000 stroke2
movl 0 60.6983 393.3243 179.1700 172.8414 9.6469 -123.6249 100.0000 stroke2
movl 0 61.4707 392.9736 179.8670 172.6780 9.5529 -123.8722 100.0000 stroke2
movl 0 62.3811 392.5877 180.4636 172.4091 9.3939 -124.1751 100.0000 stroke2
movl 0 62.8196 392.0319 181.1294 172.2820 9.3273 -124.3079 100.0000 stroke2
movl 0 63.4673 391.8055 181.4276 172.0865 9.4686 -124.3882 100.0000 stroke2
movl 0 64.0287 391.3014 181.5920 171.8220 9.3956 -124.6144 100.0000 stroke2
movl 0 64.2603 390.7955 182.3954 171.6833 9.2376 -124.7400 100.0000 stroke2
movl 0 64.1574 390.9044 182.3487 171.4697 9.3374 -124.3985 100.0000 stroke2
movl 0 64.4235 390.5762 182.9182 170.8000 9.3302 -124.0182 100.0000 stroke2
movl 0 64.6108 390.2036 183.7286 170.2371 9.4581 -123.6659 100.0000 stroke2
movl 0 64.2723 389.9829 184.3349 169.9764 9.6722 -123.3562 100.0000 stroke2
movl 0 63.4784 390.2170 184.6331 169.9312 9.5289 -123.2430 100.0000 stroke2
movl 0 62.5733 390.2289 184.6790 169.9560 9.5417 -123.0708 100.0000 stroke2
movl 0 61.8130 390.0518 184.7458 170.0636 9.6100 -122.9184 100.0000 stroke2
movl 0 61.7803 390.2030 184.7993 170.0024 9.5324 -122.8358 100.0000 stroke2
movl 0 61.5269 390.0378 185.3560 169.9365 9.5531 -122.7038 100.0000 stroke2
movl 0 62.3874 389.5624 186.9057 169.3176 9.5765 -122.2084 100.0000 stroke2
movl 0 63.1871 389.1488 188.8202 167.9602 9.4962 -119.8810 100.0000 stroke2
movl 0 63.2472 389.0920 188.8545 166.3066 9.4392 -114.7664 100.0000 stroke2
movl 0 62.1004 388.8049 187.0538 165.5777 9.8851 -108.6164 100.0000 stroke2
movl 0 59.7605 388.5515 185.6033 165.1691 10.0212 -104.8496 100.0000 stroke2
movl 0 57.1551 388.3499 185.0932 165.1504 10.0897 -103.4398 100.0000 stroke2
movl 0 54.8747 388.2743 184.1996 165.3665 10.1098 -102.0227 100.0000 stroke2
movl 0 54.0376 388.0444 183.9531 165.6649 10.3236 -100.7401 100.0000 stroke2
movl 0 54.0772 387.8895 184.6797 165.8251 10.4245 -99.9038 100.0000 stroke2
movl 0 53.5557 387.7146 186.4312 165.9724 10.6263 -99.5031 100.0000 stroke2
movl 0 53.1527 387.5519 191.8403 165.9877 11.1767 -99.2072 100.0000 stroke2
movl 0 51.2719 385.8286 209.0060 166.1718 13.0494 -98.2469 100.0000 stroke2
movl 0 56.8641 393.8873 224.8696 170.5350 20.3398 -72.1235 100.0000 stroke3
movl 0 58.2456 386.7881 194.1540 171.4737 20.2497 -66.6153 100.0000 stroke3
movl 0 59.4347 382.1897 184.6596 173.6477 20.2119 -63.2537 100.0000 stroke3
movl 0 61.0908 381.1709 184.3295 174.1373 20.2891 -61.6959 100.0000 stroke3
movl 0 60.6760 381.0124 182.4063 175.0801 20.4264 -59.8314 100.0000 stroke3
movl 0 60.3690 381.3582 181.5110 174.8594 19.8221 -60.6957 100.0000 stroke3
movl 0 59.6695 381.6499 180.7436 174.8831 19.5872 -61.2058 100.0000 stroke3
movl 0 58.9959 382.5355 179.7945 174.9290 18.6739 -61.3944 100.0000 stroke3
movl 0 57.9001 384.0756 178.7646 174.9113 16.5146 -62.4342 100.0000 stroke3
movl 0 58.1839 385.5461 178.3448 174.3896 14.7850 -63.8260 100.0000 stroke3
movl 0 59.2620 387.3992 177.2516 173.8725 13.5609 -64.9167 100.0000 stroke3
movl 0 59.9060 389.1293 176.7781 173.4133 12.8419 -65.6550 100.0000 stroke3
movl 0 60.4127 391.3544 177.0910 172.4533 12.0886 -66.3012 100.0000 stroke3
movl 0 60.1190 391.9876 176.8841 172.0425 11.4302 -66.9071 100.0000 stroke3
movl 0 60.4387 392.3108 176.0775 171.7164 10.8660 -67.4430 100.0000 stroke3
movl 0 59.0718 391.8215 176.5092 171.7601 10.5107 -67.9236 100.0000 stroke3
movl 0 58.6910 392.0155 176.6864 171.4944 9.9305 -69.0478 100.0000 stroke3
movl 0 58.8257 391.7511 176.8246 171.2512 9.4053 -70.0230 100.0000 stroke3
movl 0 59.1349 391.7372 176.8150 171.0244 8.8046 -71.0994 100.0000 stroke3
movl 0 59.0287 391.5480 176.9833 170.7010 8.0899 -72.1371 100.0000 stroke3
movl 0 58.8620 391.4266 176.7832 170.4086 7.4595 -72.7979 100.0000 stroke3
movl 0 58.6039 391.5986 176.5612 170.2033 6.5427 -73.4201 100.0000 stroke3
movl 0 58.5610 391.7606 176.3535 169.8913 5.6622 -73.9864 100.0000 stroke3
movl 0 58.6655 391.9778 176.2332 169.6179 4.5892 -74.7551 100.0000 stroke3
movl 0 58.5219 392.0060 176.5923 169.2080 3.2721 -75.6140 100.0000 stroke3
movl 0 57.7904 391.6936 176.4274 168.9757 2.1984 -76.0672 100.0000 stroke3
movl 0 56.8622 391.6061 176.0606 168.7634 0.8768 -77.0162 100.0000 stroke3
movl 0 56.1802 391.4226 175.8809 168.4968 -0.5361 -77.8920 100.0000 stroke3
movl 0 55.3762 390.7440 175.3364 168.3887 -1.6035 -78.3174 100.0000 stroke3
movl 0 54.1054 389.5569 174.9146 168.2399 -2.8469 -78.6078 100.0000 stroke3
movl 0 52.5815 387.5848 174.3491 167.9428 -3.6758 -78.0050 100.0000 stroke3
movl 0 51.4051 385.4315 173.3776 167.4020 -4.1915 -77.0331 100.0000 stroke3
movl 0 49.6732 382.2649 172.8037 166.7668 -3.9885 -75.7504 100.0000 stroke3
movl 0 47.2458 378.4660 172.6391 166.2770 -3.0693 -73.0117 100.0000 stroke3
movl 0 49.8385 378.2906 174.9655 166.6162 -2.0523 -73.0597 100.0000 stroke3
movl 0 52.7298 378.4555 177.5099 166.6289 -1.0664 -73.5137 100.0000 stroke3
movl 0 52.8901 378.1260 177.5559 166.6633 -1.1145 -73.7832 100.0000 stroke3
movl 0 51.1099 376.3289 177.6745 166.7054 -1.7104 -73.4251 100.0000 stroke3
movl 0 50.0447 374.2550 178.1883 166.7686 -1.5355 -73.1277 100.0000 stroke3
movl 0 51.6918 374.1201 179.5315 166.7973 -0.7560 -73.6183 100.0000 stroke3
movl 0 52.8799 373.7283 181.5798 166.8366 -0.1476 -73.9725 100.0000 stroke3
movl 0 51.1933 372.0601 180.7953 167.0409 -0.1883 -73.5990 100.0000 stroke3
movl 0 54.3125 371.5063 183.7583 167.4258 1.9202 -75.2294 100.0000 stroke3
movl 0 55.6627 368.1966 187.3120 168.2965 5.2088 -76.4718 100.0000 stroke3
movl 0 55.4906 367.2895 186.4590 168.4717 5.7049 -76.7491 100.0000 stroke3
movl 0 52.9920 365.3196 182.4451 168.3963 4.5362 -75.8585 100.0000 stroke3
movl 0 51.2112 362.2700 179.1143 167.7440 4.2705 -73.7957 100.0000 stroke3
movl 0 51.2407 360.5728 177.3514 167.0094 4.7101 -72.5581 100.0000 stroke3
movl 0 50.9220 358.5394 176.0824 166.5390 5.6177 -72.0713 100.0000 stroke3
movl 0 51.3238 357.8348 175.3831 166.1815 6.1298 -70.9167 100.0000 stroke3
movl 0 51.6228 356.6750 175.3656 165.9159 6.4863 -70.2098 100.0000 stroke3
movl 0 51.1311 356.2428 175.0318 165.7922 6.6675 -69.7014 100.0000 stroke3
movl 0 50.2358 356.0936 175.1478 165.7557 6.7293 -69.5962 100.0000 stroke3
movl 0 48.6458 355.9584 176.0819 165.6994 6.7950 -69.2498 100.0000 stroke3
movl 0 47.3503 356.7800 176.4743 165.6824 6.7632 -69.2064 100.0000 stroke3
movl 0 46.6255 356.7468 177.1525 165.6079 6.8109 -69.1652 100.0000 stroke3
movl 0 45.9016 356.9252 177.2220 165.5677 6.6570 -69.2990 100.0000 stroke3
movl 0 44.9988 357.1396 177.8898 165.4674 6.6996 -69.3330 100.0000 stroke3
movl 0 43.7501 357.4427 179.2254 165.4492 6.8134 -69.2661 100.0000 stroke3
movl 0 43.3493 357.9989 179.7470 165.5629 6.9502 -68.4799 100.0000 stroke3
movl 0 42.7345 358.1286 180.4961 165.6547 7.1880 -67.8823 100.0000 stroke3
movl 0 42.4187 358.5139 181.0960 165.6544 7.3273 -67.9330 100.0000 stroke3
movl 0 41.9068 358.8142 181.6679 165.6895 7.4493 -67.9681 100.0000 stroke3
movl 0 41.5123 359.2698 182.3517 165.7083 7.6038 -68.0231 100.0000 stroke3
movl 0 41.3937 359.6323 182.7190 165.7176 7.7479 -68.0715 100.0000 stroke3
movl 0 41.1819 359.6143 183.1320 165.7642 7.9158 -68.1304 100.0000 stroke3
movl 0 40.6174 359.8114 183.2857 165.7859 7.8531 -68.1443 100.0000 stroke3
movl 0 40.2817 359.8955 183.2249 165.8050 7.8243 -68.2166 100.0000 stroke3
movl 0 40.4403 359.9762 183.1302 165.7995 7.6825 -68.4390 100.0000 stroke3
movl 0 42.3889 359.5489 188.4764 165.8040 8.9638 -69.1606 100.0000 stroke3
movl 0 45.2941 356.0021 233.6665 167.0956 13.9215 -68.5810 100.0000 stroke3
