movl 0 -24.4248 403.6169 172.2933 -150.1088 -15.2261 86.1750 100.0000 stroke1
movl 0 -33.8474 403.6415 172.8301 -152.5076 -12.6606 85.5544 100.0000 stroke1
movl 0 -41.8890 400.5375 172.9371 -154.3538 -13.4597 87.5997 100.0000 stroke1
movl 0 -46.5626 399.5296 172.4012 -155.9844 -13.6734 90.0465 100.0000 stroke1
movl 0 -48.6993 400.1113 170.7425 -156.8708 -13.9849 92.7830 100.0000 stroke1
movl 0 -50.7516 399.9219 169.7001 -157.3898 -14.1277 94.2609 100.0000 stroke1
movl 0 -51.3272 400.6245 169.1924 -157.3001 -13.5144 94.5867 100.0000 stroke1
movl 0 -51.6017 401.3927 168.9472 -157.3434 -12.8923 94.3260 100.0000 stroke1
movl 0 -52.5349 402.5634 168.6520 -157.8022 -12.1550 93.7878 100.0000 stroke1
movl 0 -54.4805 403.3123 168.5695 -158.7876 -11.3908 93.2892 100.0000 stroke1
movl 0 -55.2858 403.5873 168.6681 -159.2891 -10.8644 92.7811 100.0000 stroke1
movl 0 -56.4152 403.1812 169.0156 -159.9330 -10.7041 92.2244 100.0000 stroke1
movl 0 -57.3737 402.8831 169.2096 -160.4716 -10.7267 91.5330 100.0000 stroke1
movl 0 -57.7029 403.0420 169.3470 -160.9988 -10.6321 90.7347 100.0000 stroke1
movl 0 -56.9496 403.1089 169.5750 -161.2296 -10.6287 89.9091 100.0000 stroke1
movl 0 -55.8201 403.6440 169.7436 -161.4959 -10.4403 88.9048 100.0000 stroke1
movl 0 -54.1974 404.4226 169.9177 -161.7733 -10.1653 87.7210 100.0000 stroke1
movl 0 -52.3158 405.3014 170.0502 -162.1368 -9.9301 86.2590 100.0000 stroke1
movl 0 -49.9845 406.9525 170.0909 -162.7232 -9.4768 84.2353 100.0000 stroke1
movl 0 -48.5298 408.2078 169.9973 -163.0992 -9.0866 82.6816 100.0000 stroke1
movl 0 -47.5740 406.7007 170.3194 -162.3730 -9.7260 83.0385 100.0000 stroke1
movl 0 -46.1070 404.9956 170.6776 -161.5974 -10.5936 83.0159 100.0000 stroke1
movl 0 -45.4810 403.9146 171.0043 -161.3216 -11.1882 82.9562 100.0000 stroke1
movl 0 -45.5085 403.8373 171.1162 -161.4753 -11.0873 82.9661 100.0000 stroke1
movl 0 -46.2554 404.9775 171.4691 -162.1552 -9.6655 82.4681 100.0000 stroke1
movl 0 -46.4658 405.4295 171.3495 -162.1659 -9.0445 82.5162 100.0000 stroke1
movl 0 -45.6344 400.5651 172.3625 -159.6573 -11.0562 86.0193 100.0000 stroke1
movl 0 -35.2943 379.7145 205.5295 -149.6277 -24.2307 89.1090 100.0000 stroke1
movl 0 -32.1077 379.7682 246.5475 -142.7831 -19.5765 88.2043 100.0000 stroke2
movl 0 -29.1968 394.4959 180.0512 -145.3197 -6.8231 83.5294 100.0000 stroke2
movl 0 -38.4502 394.3744 176.0086 -150.7558 -4.7962 81.0543 100.0000 stroke2
movl 0 -47.4066 395.6595 172.6898 -153.8662 -2.9065 80.2497 100.0000 stroke2
movl 0 -53.5623 394.5137 172.0014 -154.0339 -3.2071 81.2957 100.0000 stroke2
movl 0 -56.3824 395.1635 170.6062 -154.0620 -3.2652 82.1333 100.0000 stroke2
movl 0 -58.0678 395.5174 169.1959 -154.0965 -3.2250 83.0429 100.0000 stroke2
movl 0 -59.8972 396.7696 168.3065 -154.7729 -2.7479 82.9284 100.0000 stroke2
movl 0 -62.8046 397.5612 168.4632 -156.6915 -2.2115 82.1454 100.0000 stroke2
movl 0 -63.5392 398.1141 168.7583 -157.4631 -1.5890 81.3447 100.0000 stroke2
movl 0 -64.6620 397.6951 169.0836 -158.0224 -1.7077 80.6416 100.0000 stroke2
movl 0 -64.0485 398.0116 169.2222 -158.2933 -1.7183 79.7863 100.0000 stroke2
movl 0 -62.0807 398.9151 169.5350 -158.5768 -1.3882 78.6513 100.0000 stroke2
movl 0 -59.4515 399.5895 169.9417 -158.7049 -1.2243 77.5438 100.0000 stroke2
movl 0 -55.9780 400.7066 170.1794 -158.9507 -1.0057 76.3129 100.0000 stroke2
movl 0 -53.4350 401.8618 170.3934 -159.3515 -0.7384 75.2173 100.0000 stroke2
movl 0 -50.0852 402.7965 170.6770 -159.7904 -0.6419 73.8943 100.0000 stroke2
movl 0 -46.9594 403.8634 170.8481 -160.4676 -0.5029 72.3477 100.0000 stroke2
movl 0 -44.7902 404.5304 171.1403 -161.1223 -0.3905 70.8102 100.0000 stroke2
movl 0 -43.7364 404.9507 171.3285 -161.8822 -0.4241 69.4039 100.0000 stroke2
movl 0 -43.3793 405.6045 171.4751 -163.0273 -0.5506 67.6682 100.0000 stroke2
movl 0 -41.8100 405.8532 171.5587 -163.2480 -0.3833 66.6368 100.0000 stroke2
movl 0 -38.7373 402.7839 172.5723 -161.1839 -1.1305 67.2135 100.0000 stroke2
movl 0 -36.9125 401.0203 173.3344 -160.3491 -1.7691 67.1428 100.0000 stroke2
movl 0 -37.4919 401.1563 173.4383 -160.7670 -1.5761 67.2266 100.0000 stroke2
movl 0 -38.8635 402.6037 173.2708 -161.9998 -0.2346 67.2823 100.0000 stroke2
movl 0 -36.5664 401.4158 173.8652 -158.7657 0.3719 70.7762 100.0000 stroke2
movl 0 -28.4781 385.8290 200.6920 -149.5284 -18.8011 87.2130 100.0000 stroke2
movl 0 -28.3418 396.2725 208.5780 -147.1356 -22.9377 105.8334 100.0000 stroke3
movl 0 -38.3361 391.9289 173.5760 -155.4804 -20.3091 108.4982 100.0000 stroke3
movl 0 -41.1471 388.7868 171.7038 -161.0054 -21.4055 110.1417 100.0000 stroke3
movl 0 -41.2844 389.1724 171.1004 -162.3601 -21.1856 110.2135 100.0000 stroke3
movl 0 -43.9557 389.9802 170.7093 -163.5341 -20.7255 110.9297 100.0000 stroke3
movl 0 -46.4101 391.4221 169.6886 -164.2427 -20.0814 111.2692 100.0000 stroke3
movl 0 -49.9832 392.3873 168.6441 -165.1026 -19.5219 112.0169 100.0000 stroke3
movl 0 -52.5529 395.2673 167.9807 -165.3569 -16.7873 109.2955 100.0000 stroke3
movl 0 -54.2357 395.9482 168.5469 -164.2034 -14.1845 105.0661 100.0000 stroke3
movl 0 -54.7840 396.2345 169.2161 -163.2185 -11.9780 101.3803 100.0000 stroke3
movl 0 -54.8659 396.3362 169.9692 -162.2923 -9.9911 97.9834 100.0000 stroke3
movl 0 -55.0056 396.7580 170.5878 -161.6758 -7.8891 94.9584 100.0000 stroke3
movl 0 -55.5667 397.6611 170.9213 -161.4442 -5.6664 92.5473 100.0000 stroke3
movl 0 -55.8391 398.4458 171.1906 -161.1600 -3.2624 89.8706 100.0000 stroke3
movl 0 -56.7550 398.7691 171.6705 -161.2540 -0.7762 87.0141 100.0000 stroke3
movl 0 -57.7757 399.2898 171.9984 -161.6062 1.3857 85.3006 100.0000 stroke3
movl 0 -59.7693 399.3853 172.0648 -162.1466 3.0643 84.4380 100.0000 stroke3
movl 0 -62.1340 399.3786 172.0288 -162.8469 4.0025 84.7321 100.0000 stroke3
movl 0 -63.5426 399.3047 172.0309 -163.1792 4.7434 84.9418 100.0000 stroke3
movl 0 -65.3844 398.7793 172.0986 -163.5094 5.2572 85.5986 100.0000 stroke3
movl 0 -67.0288 398.3544 171.9533 -163.5234 5.5740 86.9192 100.0000 stroke3
movl 0 -65.9335 398.0819 172.2661 -163.0133 4.9564 88.3050 100.0000 stroke3
movl 0 -63.3665 397.5941 173.0815 -162.7448 4.1983 87.7502 100.0000 stroke3
movl 0 -63.1498 397.4344 173.2995 -162.7828 4.2593 87.5619 100.0000 stroke3
movl 0 -63.5752 397.4285 173.4553 -162.9349 4.6442 87.6504 100.0000 stroke3
movl 0 -64.4630 397.0339 173.5699 -163.1205 4.8526 87.9802 100.0000 stroke3
movl 0 -64.4508 396.9066 173.6722 -163.1618 4.6369 87.6701 100.0000 stroke3
movl 0 -63.5893 395.9273 174.2882 -163.0209 3.7510 86.7597 100.0000 stroke3
movl 0 -59.3185 382.1255 185.1054 -161.2702 -5.1844 85.5003 100.0000 stroke3
movl 0 -18.7510 378.7962 221.2225 -156.3065 -24.1764 103.2157 100.0000 stroke4
movl 0 -22.2985 380.2550 179.2004 -159.6030 -22.3665 104.1542 100.0000 stroke4
movl 0 -27.1059 383.4559 175.9951 -161.7531 -21.8324 104.3966 100.0000 stroke4
movl 0 -32.6188 385.8103 172.8408 -162.7435 -20.6447 105.4450 100.0000 stroke4
movl 0 -36.4894 387.9521 170.8534 -163.8908 -20.0272 105.6433 100.0000 stroke4
movl 0 -37.6798 389.5271 170.0783 -164.2145 -19.5049 105.2611 100.0000 stroke4
movl 0 -40.7924 391.3689 168.9910 -165.1734 -18.5915 104.9709 100.0000 stroke4
movl 0 -42.4508 394.6347 168.3105 -165.4726 -15.9527 102.3411 100.0000 stroke4
movl 0 -44.1284 395.3418 168.3489 -164.9175 -14.1612 100.8454 100.0000 stroke4
movl 0 -44.0622 395.7505 168.6717 -164.2333 -12.9121 99.0329 100.0000 stroke4
movl 0 -43.8769 395.8358 169.2781 -163.6327 -11.5816 97.3369 100.0000 stroke4
movl 0 -43.6790 396.0913 170.1169 -163.0402 -9.8832 95.5328 100.0000 stroke4
movl 0 -43.4256 396.7330 171.0147 -162.4771 -7.6981 93.2626 100.0000 stroke4
movl 0 -43.6655 397.7948 171.6523 -162.2864 -5.3474 91.4776 100.0000 stroke4
movl 0 -44.6311 398.9837 172.1653 -162.4994 -2.7867 89.6120 100.0000 stroke4
movl 0 -45.9583 399.5826 172.4479 -162.8061 -0.2248 87.8985 100.0000 stroke4
movl 0 -47.5191 400.2236 172.6524 -163.4717 2.1240 86.4392 100.0000 stroke4
movl 0 -49.1754 400.9205 172.6136 -164.2301 4.2806 85.1423 100.0000 stroke4
movl 0 -50.5552 400.8298 172.6447 -164.9163 5.7110 84.2524 100.0000 stroke4
movl 0 -51.9980 400.8133 172.5680 -165.5024 6.9258 84.0142 100.0000 stroke4
movl 0 -52.9978 400.6735 172.5824 -165.9191 7.7747 83.9491 100.0000 stroke4
movl 0 -53.7130 400.9645 172.4951 -166.1129 8.8607 84.3216 100.0000 stroke4
movl 0 -51.9184 399.3672 173.4837 -165.4815 7.8221 84.3853 100.0000 stroke4
movl 0 -48.0065 396.5655 174.7559 -164.1701 5.7948 84.3300 100.0000 stroke4
movl 0 -49.4472 397.1392 174.5632 -164.7191 6.8268 84.4033 100.0000 stroke4
movl 0 -50.2174 397.1093 174.5673 -165.0772 7.0848 84.0612 100.0000 stroke4
movl 0 -48.8209 395.5171 175.2557 -164.5488 5.7674 82.9689 100.0000 stroke4
movl 0 -47.7255 392.9574 176.3015 -164.0433 4.1251 82.0420 100.0000 stroke4
movl 0 -42.2750 379.0341 186.4971 -160.8589 -4.7900 80.4287 100.0000 stroke4
movl 0 -37.9397 365.0887 243.1428 -156.1056 -21.2053 80.2604 100.0000 stroke4
movl 0 -11.5540 385.5847 215.2668 -157.9886 -20.4156 90.1701 100.0000 stroke5
movl 0 -11.3216 394.5290 177.5184 -156.5644 -17.2098 89.8509 100.0000 stroke5
movl 0 -14.1399 397.9044 174.6728 -159.4917 -17.7308 90.5981 100.0000 stroke5
movl 0 -12.5179 402.4338 172.5532 -159.4533 -15.8191 90.1287 100.0000 stroke5
movl 0 -14.2702 406.2866 170.9501 -159.7671 -14.8768 90.3634 100.0000 stroke5
movl 0 -18.8205 410.4319 169.3739 -161.8553 -13.0899 90.4098 100.0000 stroke5
movl 0 -19.6856 413.8005 169.0397 -162.6803 -10.8281 89.0619 100.0000 stroke5
movl 0 -18.7104 416.5595 169.1484 -162.8029 -8.6358 87.2572 100.0000 stroke5
movl 0 -19.8092 415.4140 169.1938 -162.5298 -8.6679 88.2119 100.0000 stroke5
movl 0 -19.6006 414.4526 169.3742 -161.9063 -8.5441 89.0322 100.0000 stroke5
movl 0 -19.6016 413.5785 169.7017 -161.4326 -8.3396 89.3995 100.0000 stroke5
movl 0 -18.9278 411.7559 170.4605 -160.4220 -8.5262 90.1101 100.0000 stroke5
movl 0 -16.7978 402.0398 175.1982 -156.4014 -10.9986 90.8146 100.0000 stroke5
movl 0 -25.8501 382.4558 224.9675 -152.9718 -19.2083 91.2768 100.0000 stroke5
movl 0 16.4754 397.5018 183.9888 -148.7882 -11.0178 87.9876 100.0000 stroke6
movl 0 14.8770 401.5546 175.4318 -151.0683 -7.1340 86.0351 100.0000 stroke6
movl 0 6.5886 405.4883 169.7248 -153.5941 -5.7762 86.1352 100.0000 stroke6
movl 0 2.1293 406.6880 169.2407 -154.7441 -5.9910 86.9427 100.0000 stroke6
movl 0 -0.4391 408.0651 168.0773 -155.5364 -5.7249 87.2470 100.0000 stroke6
movl 0 -6.0752 410.6636 167.8701 -158.4932 -3.5368 85.9809 100.0000 stroke6
movl 0 -5.9166 412.4653 167.7818 -159.1301 -2.0592 84.6475 100.0000 stroke6
movl 0 -7.8182 411.1918 167.9400 -159.3311 -2.0086 85.1007 100.0000 stroke6
movl 0 -9.5613 409.4434 168.1773 -159.3267 -2.1261 85.9622 100.0000 stroke6
movl 0 -9.9630 408.0536 168.5343 -159.0998 -2.1391 86.4253 100.0000 stroke6
movl 0 -10.7551 406.6865 168.9777 -158.8350 -2.0717 87.1574 100.0000 stroke6
movl 0 -10.7936 405.6637 169.4151 -158.4209 -1.9610 87.5345 100.0000 stroke6
movl 0 -10.4305 404.7708 169.8518 -157.8111 -1.9528 87.9743 100.0000 stroke6
movl 0 -6.0978 400.2613 173.1672 -154.6790 -2.7382 87.6809 100.0000 stroke6
movl 0 3.8789 372.4518 234.3395 -142.7852 -11.5331 82.8980 100.0000 stroke6
movl 0 15.1099 392.4348 191.9395 -149.8749 5.6999 77.2221 100.0000 stroke7
movl 0 16.5402 390.5978 170.8022 -151.3072 4.5418 75.3339 100.0000 stroke7
movl 0 10.0837 389.6859 169.2180 -152.8795 1.8331 75.3533 100.0000 stroke7
movl 0 8.4410 390.1241 168.5904 -153.4018 1.3288 75.0792 100.0000 stroke7
movl 0 2.6291 391.7833 167.7833 -156.1042 1.8088 74.4277 100.0000 stroke7
movl 0 0.9005 393.8096 167.4451 -157.8209 3.1281 73.1533 100.0000 stroke7
movl 0 2.0736 395.9238 166.9894 -158.5384 4.6630 71.8573 100.0000 stroke7
movl 0 0.7323 395.5984 166.8715 -158.6583 5.1046 72.3677 100.0000 stroke7
movl 0 -0.6644 394.5801 166.9581 -158.5176 5.1010 73.4722 100.0000 stroke7
movl 0 -2.1234 393.2110 167.2806 -158.5128 5.1334 74.2082 100.0000 stroke7
movl 0 -3.0943 391.5611 167.8242 -158.3240 5.1268 74.6246 100.0000 stroke7
movl 0 -4.0036 390.7060 168.0531 -158.2464 5.2309 75.0328 100.0000 stroke7
movl 0 -5.4860 389.5110 168.3727 -158.2946 5.1066 75.5013 100.0000 stroke7
movl 0 -6.0000 388.6376 168.6491 -158.1232 5.1140 75.7207 100.0000 stroke7
movl 0 -6.5743 387.7161 168.9496 -157.9799 4.9911 75.9443 100.0000 stroke7
movl 0 -6.8506 387.1053 169.1761 -157.8492 4.9499 76.0024 100.0000 stroke7
movl 0 -6.9227 386.4706 169.4923 -157.6999 4.8408 76.0641 100.0000 stroke7
movl 0 -6.8171 386.1924 169.7503 -157.5073 4.8948 76.0173 100.0000 stroke7
movl 0 -6.8776 385.8735 170.0207 -157.3747 4.8916 75.9942 100.0000 stroke7
movl 0 -6.6979 385.6032 170.2927 -157.2042 4.9179 75.9961 100.0000 stroke7
movl 0 -6.4362 385.3231 170.6654 -156.9496 4.9980 75.9173 100.0000 stroke7
movl 0 -6.2062 384.8852 171.0611 -156.7726 4.9549 75.8735 100.0000 stroke7
movl 0 -5.9837 384.6713 171.3202 -156.6471 4.9389 75.8763 100.0000 stroke7
movl 0 -5.9716 384.7605 171.4129 -156.7277 5.0285 75.7541 100.0000 stroke7
movl 0 -4.7424 384.0423 172.2556 -156.3550 4.9190 75.7766 100.0000 stroke7
movl 0 -1.8584 382.1001 174.5042 -155.2981 4.6699 75.6483 100.0000 stroke7
movl 0 1.3390 379.7422 177.8297 -154.2138 4.1117 75.2014 100.0000 stroke7
movl 0 5.7172 373.1455 198.5395 -151.6668 2.0920 75.1259 100.0000 stroke7
