movl 0 -29.2072 392.7132 174.4311 -152.6093 -8.5314 80.9767 100.0000 stroke1
movl 0 -38.2701 390.2389 174.1600 -154.4357 -9.3694 81.1250 100.0000 stroke1
movl 0 -46.0974 386.2549 174.1770 -156.7465 -10.8986 81.5108 100.0000 stroke1
movl 0 -53.3136 383.0052 174.2170 -157.9203 -11.6367 80.1639 100.0000 stroke1
movl 0 -59.0320 380.2929 174.6389 -158.3963 -11.6250 77.7401 100.0000 stroke1
movl 0 -61.1896 379.5140 173.9372 -158.9560 -11.7889 77.3785 100.0000 stroke1
movl 0 -62.0539 379.9948 173.0453 -159.1562 -11.6547 78.1638 100.0000 stroke1
movl 0 -62.1575 381.0909 172.4769 -159.1593 -10.9070 78.1598 100.0000 stroke1
movl 0 -63.8947 382.4440 172.0622 -160.0350 -10.1500 77.8420 100.0000 stroke1
movl 0 -65.2422 383.0885 171.8436 -160.7844 -9.7985 77.4949 100.0000 stroke1
movl 0 -66.3712 383.6836 171.8808 -161.5639 -9.3219 76.8866 100.0000 stroke1
movl 0 -66.6774 383.7004 172.0389 -161.8534 -8.9833 76.2205 100.0000 stroke1
movl 0 -67.2544 383.4197 172.2561 -162.0844 -9.2716 75.3972 100.0000 stroke1
movl 0 -66.3482 384.0755 172.4857 -162.3868 -9.1315 74.2015 100.0000 stroke1
movl 0 -66.0110 384.6302 172.6978 -162.9524 -9.0889 72.7231 100.0000 stroke1
movl 0 -64.3706 385.4839 172.7294 -163.2393 -8.7845 70.6942 100.0000 stroke1
movl 0 -63.6924 386.3824 172.9962 -163.9459 -8.6968 68.6319 100.0000 stroke1
movl 0 -63.2346 387.4910 173.1086 -164.7030 -8.6096 66.4861 100.0000 stroke1
movl 0 -61.6964 389.2837 173.0022 -165.3466 -8.3847 64.1001 100.0000 stroke1
movl 0 -60.1803 390.2925 172.9605 -165.5154 -8.3350 62.3171 100.0000 stroke1
movl 0 -58.6792 387.6284 173.5558 -164.2362 -9.0043 62.6200 100.0000 stroke1
movl 0 -56.7554 385.5844 174.1066 -162.9569 -9.5126 62.7533 100.0000 stroke1
movl 0 -56.1449 384.0811 174.4769 -162.3480 -10.0731 62.4431 100.0000 stroke1
movl 0 -56.4259 384.6600 174.3933 -162.6741 -9.6327 62.3947 100.0000 stroke1
movl 0 -57.1551 386.1961 174.8137 -163.8827 -8.0603 62.1963 100.0000 stroke1
movl 0 -55.7330 388.1683 174.3008 -163.5969 -6.4033 63.0761 100.0000 stroke1
movl 0 -41.8146 379.7244 178.6066 -154.0042 -12.1191 75.4403 100.0000 stroke1
movl 0 -29.4115 362.2583 226.2035 -149.2630 -30.2244 86.9785 100.0000 stroke1
movl 0 -34.7503 385.4855 201.4177 -152.8417 -22.1770 94.0405 100.0000 stroke2
movl 0 -35.9039 380.8250 171.0385 -154.8241 -21.0071 91.4210 100.0000 stroke2
movl 0 -39.6963 380.4884 168.7920 -155.9999 -20.5122 91.6988 100.0000 stroke2
movl 0 -41.4087 383.5652 166.5799 -157.6982 -20.3088 92.4186 100.0000 stroke2
movl 0 -43.2403 386.4372 165.1610 -158.3802 -19.8828 92.9137 100.0000 stroke2
movl 0 -45.7033 390.8395 164.3543 -159.1163 -17.1133 91.8642 100.0000 stroke2
movl 0 -44.5054 394.4503 164.0612 -158.6886 -13.2914 88.1714 100.0000 stroke2
movl 0 -43.2287 396.5721 164.7472 -157.7246 -10.3212 85.2328 100.0000 stroke2
movl 0 -42.8993 397.4873 165.9694 -157.1965 -7.0408 82.1157 100.0000 stroke2
movl 0 -42.8064 397.8997 166.9441 -157.0233 -4.3296 79.2368 100.0000 stroke2
movl 0 -42.6861 398.7514 167.8928 -157.2305 -1.1327 75.7962 100.0000 stroke2
movl 0 -43.1835 400.1049 168.7869 -157.9740 2.7525 71.5292 100.0000 stroke2
movl 0 -43.9524 401.3285 169.4104 -159.1277 6.0668 67.4805 100.0000 stroke2
movl 0 -44.2824 402.2149 170.0494 -160.1265 8.8807 63.6848 100.0000 stroke2
movl 0 -44.7608 403.7939 170.5886 -161.6371 11.9011 59.9217 100.0000 stroke2
movl 0 -45.9762 405.4926 170.5054 -163.8020 14.5486 56.0468 100.0000 stroke2
movl 0 -46.7818 406.6613 170.4702 -165.7648 16.6731 52.6250 100.0000 stroke2
movl 0 -47.7886 407.4803 170.4228 -167.8107 18.4433 49.8107 100.0000 stroke2
movl 0 -44.0379 406.2732 171.1072 -166.1345 17.8990 49.0450 100.0000 stroke2
movl 0 -46.5688 406.5688 170.9280 -167.9895 18.6722 48.3368 100.0000 stroke2
movl 0 -45.2177 405.2548 171.6328 -166.7642 17.7880 48.1400 100.0000 stroke2
movl 0 -36.3491 391.9237 178.2985 -156.0936 9.5512 54.1135 100.0000 stroke2
movl 0 -30.7077 375.3297 230.2719 -144.9072 -13.7576 64.6638 100.0000 stroke2
movl 0 -26.7811 393.7857 223.4722 -146.1658 -13.1814 68.9512 100.0000 stroke3
movl 0 -30.9868 389.2382 173.4642 -149.3565 -8.4619 68.3702 100.0000 stroke3
movl 0 -31.8959 389.5260 171.3657 -150.6392 -7.8109 66.2544 100.0000 stroke3
movl 0 -32.7103 390.5834 168.6185 -151.6375 -7.5108 64.8502 100.0000 stroke3
movl 0 -34.3273 392.7254 167.3628 -152.5939 -7.6466 64.3376 100.0000 stroke3
movl 0 -36.0292 398.6710 166.3910 -154.9022 -3.8222 61.9688 100.0000 stroke3
movl 0 -34.4734 402.3678 166.2023 -155.8256 -0.1698 58.8263 100.0000 stroke3
movl 0 -33.6032 403.8288 167.2757 -156.5639 3.4638 56.3114 100.0000 stroke3
movl 0 -33.0636 406.1497 168.9683 -158.7762 8.4630 51.4808 100.0000 stroke3
movl 0 -32.9560 408.8849 170.5567 -161.7274 12.8560 46.0971 100.0000 stroke3
movl 0 -33.5788 412.3623 171.0257 -165.4714 16.5726 41.1725 100.0000 stroke3
movl 0 -34.5797 415.0597 171.1613 -169.1588 19.1014 36.3826 100.0000 stroke3
movl 0 -36.0378 417.3361 171.1774 -172.6848 20.5917 32.1451 100.0000 stroke3
movl 0 -37.3570 419.0944 170.8803 -175.8993 21.5496 28.1360 100.0000 stroke3
movl 0 -38.9132 420.4866 170.6485 -179.0645 22.0137 24.2410 100.0000 stroke3
movl 0 -41.0592 421.3056 170.3519 178.1001 22.1684 21.2807 100.0000 stroke3
movl 0 -39.3240 419.0229 171.6729 179.5781 21.9602 21.3846 100.0000 stroke3
movl 0 -35.9380 416.7635 172.6182 -178.2594 22.1753 22.2645 100.0000 stroke3
movl 0 -38.2193 418.1627 172.1515 179.6592 22.1635 21.4508 100.0000 stroke3
movl 0 -38.5211 416.9480 172.6524 -179.5228 21.7283 21.4916 100.0000 stroke3
movl 0 -32.6798 408.6040 177.8226 -171.9963 21.5848 25.9134 100.0000 stroke3
movl 0 -21.0990 386.1447 217.9933 -150.4264 13.3062 40.8874 100.0000 stroke3
movl 0 -29.8493 377.7382 191.4417 -150.1677 10.1218 47.7163 100.0000 stroke4
movl 0 -36.1850 376.5900 174.0571 -154.2301 10.1479 42.5198 100.0000 stroke4
movl 0 -42.7680 375.8931 174.2683 -155.5581 8.3516 41.0597 100.0000 stroke4
movl 0 -45.2209 376.2473 172.9083 -155.5594 7.2202 41.9935 100.0000 stroke4
movl 0 -45.5963 378.7788 171.7446 -156.0390 7.3206 43.3349 100.0000 stroke4
movl 0 -45.6710 380.9541 171.0135 -156.7458 7.8964 43.5184 100.0000 stroke4
movl 0 -46.2848 382.1614 170.9008 -157.7704 8.0628 42.3522 100.0000 stroke4
movl 0 -46.1465 382.4177 170.8684 -158.0256 8.0060 41.4628 100.0000 stroke4
movl 0 -43.9657 383.1232 171.0209 -158.4362 8.1989 39.4377 100.0000 stroke4
movl 0 -41.0253 384.1733 171.0645 -158.6807 8.7697 37.5986 100.0000 stroke4
movl 0 -41.4932 384.5902 171.0698 -159.0841 9.1386 37.1519 100.0000 stroke4
movl 0 -38.8281 378.6328 175.0977 -155.4549 10.0433 40.1214 100.0000 stroke4
movl 0 -36.0649 357.1580 242.9232 -144.4067 7.5340 46.1920 100.0000 stroke4
movl 0 -32.6891 384.9115 195.8127 -154.5489 16.0492 43.1196 100.0000 stroke5
movl 0 -33.4504 384.0399 175.9025 -157.2163 16.3812 39.3059 100.0000 stroke5
movl 0 -37.0612 385.0944 174.3483 -159.7278 15.8353 35.9807 100.0000 stroke5
movl 0 -37.8637 386.6527 173.2282 -160.6995 16.4730 35.3354 100.0000 stroke5
movl 0 -38.5527 388.4282 172.0761 -161.0734 17.0043 35.2169 100.0000 stroke5
movl 0 -40.8517 390.7707 171.4426 -163.2188 16.6919 32.6689 100.0000 stroke5
movl 0 -42.0713 390.9570 171.6401 -164.1126 16.3451 30.8919 100.0000 stroke5
movl 0 -39.9016 391.3513 171.6500 -164.5030 16.4744 28.7306 100.0000 stroke5
movl 0 -35.4001 392.6618 171.6367 -165.5098 16.6092 24.6064 100.0000 stroke5
movl 0 -35.7398 392.4967 171.9554 -166.0676 16.2272 22.8733 100.0000 stroke5
movl 0 -37.1338 390.0599 172.8990 -165.4620 16.1970 23.2408 100.0000 stroke5
movl 0 -38.2551 391.7058 172.3230 -166.5441 16.2334 22.3363 100.0000 stroke5
movl 0 -36.9787 384.5627 177.7129 -162.0816 16.4637 25.8608 100.0000 stroke5
movl 0 -36.6756 367.5518 242.0267 -149.4808 15.5647 33.4277 100.0000 stroke5
movl 0 -50.9609 363.0559 216.8230 -152.5079 17.9578 37.1404 100.0000 stroke6
movl 0 -48.9765 366.7283 184.2319 -158.0363 19.9220 30.6037 100.0000 stroke6
movl 0 -50.8659 369.4415 176.2259 -160.8879 19.5457 27.4404 100.0000 stroke6
movl 0 -54.2390 372.8320 174.0875 -162.8605 20.1425 26.6362 100.0000 stroke6
movl 0 -57.6632 374.5947 172.7821 -163.5280 20.3249 27.1070 100.0000 stroke6
movl 0 -59.2570 375.3513 171.7543 -163.7738 20.2728 27.9099 100.0000 stroke6
movl 0 -61.4089 375.8818 171.0322 -164.2568 19.4621 28.0183 100.0000 stroke6
movl 0 -62.8124 376.9580 170.5993 -165.3898 18.6943 27.2519 100.0000 stroke6
movl 0 -64.6304 377.8461 170.6727 -167.1280 18.1608 25.8695 100.0000 stroke6
movl 0 -64.2905 377.3355 171.0666 -166.8232 17.7029 25.1621 100.0000 stroke6
movl 0 -60.6716 378.0237 171.5164 -167.1222 17.6187 23.6199 100.0000 stroke6
movl 0 -56.9355 378.4740 172.1613 -167.4912 17.4934 21.9315 100.0000 stroke6
movl 0 -52.4561 379.9106 172.7703 -168.2824 17.3613 19.7979 100.0000 stroke6
movl 0 -47.0996 381.4300 173.3262 -169.1581 17.2298 17.4438 100.0000 stroke6
movl 0 -42.6655 382.8314 173.9005 -170.0141 16.5917 14.7209 100.0000 stroke6
movl 0 -38.9877 384.8100 174.4374 -171.2188 15.5933 11.2788 100.0000 stroke6
movl 0 -36.7251 386.8494 174.7234 -172.4492 14.2097 7.8050 100.0000 stroke6
movl 0 -36.3195 388.6036 174.9172 -173.4482 12.5543 4.4359 100.0000 stroke6
movl 0 -34.9342 390.0718 174.7175 -174.2564 11.3743 1.3218 100.0000 stroke6
movl 0 -34.5890 390.4298 174.7969 -174.4303 11.0971 0.7385 100.0000 stroke6
movl 0 -30.6164 386.4606 176.4690 -172.5166 12.9620 2.3452 100.0000 stroke6
movl 0 -30.2170 386.5158 176.5769 -172.6476 12.9667 2.4386 100.0000 stroke6
movl 0 -30.8043 387.3281 176.8727 -173.9571 12.5915 1.6189 100.0000 stroke6
movl 0 -30.6080 387.5486 177.1156 -174.6380 12.4695 0.9729 100.0000 stroke6
movl 0 -29.8928 387.4318 177.4115 -174.8693 12.5483 0.6998 100.0000 stroke6
movl 0 -29.5720 387.7650 177.2124 -174.9262 12.8325 0.9951 100.0000 stroke6
movl 0 -22.7380 380.6584 182.3111 -168.6858 17.8258 9.7003 100.0000 stroke6
movl 0 -28.4767 351.5696 235.5367 -144.6351 14.2121 53.0085 100.0000 stroke7
movl 0 -30.7162 352.7864 182.9409 -152.1211 16.3947 46.6377 100.0000 stroke7
movl 0 -31.3332 352.6210 172.8166 -154.0940 14.6234 44.4812 100.0000 stroke7
movl 0 -34.9621 352.7531 170.5000 -154.5156 13.2412 43.9778 100.0000 stroke7
movl 0 -36.8904 354.9719 168.6942 -154.8335 13.3651 43.9985 100.0000 stroke7
movl 0 -40.0677 356.9774 166.9671 -156.0076 13.6575 44.0187 100.0000 stroke7
movl 0 -41.8383 360.2505 166.4459 -158.8298 14.7802 41.6620 100.0000 stroke7
movl 0 -41.9714 365.0276 166.4947 -162.6879 18.4628 39.4915 100.0000 stroke7
movl 0 -41.5489 363.7794 167.5346 -163.0993 18.5559 38.4503 100.0000 stroke7
movl 0 -43.3445 362.6128 168.3673 -163.8618 17.8150 37.7660 100.0000 stroke7
movl 0 -45.4454 361.2291 169.0078 -164.2538 16.4033 37.1111 100.0000 stroke7
movl 0 -45.1499 361.1352 169.5246 -164.9645 15.8502 35.5050 100.0000 stroke7
movl 0 -42.7972 361.7817 170.0672 -166.1241 15.4315 33.0362 100.0000 stroke7
movl 0 -38.7522 362.5851 170.8052 -167.5085 14.6680 29.8443 100.0000 stroke7
movl 0 -34.9581 363.7768 171.2708 -168.7242 13.8222 26.3770 100.0000 stroke7
movl 0 -33.7094 364.3783 171.5184 -169.2713 12.7560 24.3442 100.0000 stroke7
movl 0 -35.8893 362.7026 172.1215 -168.5003 11.5049 25.1046 100.0000 stroke7
movl 0 -37.3606 360.9671 172.5552 -167.4164 10.7927 26.0529 100.0000 stroke7
movl 0 -38.0022 361.1208 172.7376 -167.1955 10.7244 26.4400 100.0000 stroke7
movl 0 -37.5489 359.4427 172.9402 -167.0364 10.7462 26.8284 100.0000 stroke7
movl 0 -38.0340 360.5671 172.7588 -166.2824 10.4723 27.0404 100.0000 stroke7
movl 0 -37.7933 360.2372 173.0767 -165.7662 10.5210 27.3800 100.0000 stroke7
movl 0 -37.4391 359.6015 173.2092 -165.1369 10.3627 27.7378 100.0000 stroke7
movl 0 -37.9085 359.3630 173.3500 -164.6024 10.1719 28.1969 100.0000 stroke7
movl 0 -36.8639 358.8641 173.3762 -163.9987 10.3945 28.6491 100.0000 stroke7
movl 0 -35.3016 356.6381 174.0810 -162.6176 10.7247 29.5019 100.0000 stroke7
movl 0 -28.9347 335.8190 185.7679 -151.1631 9.7869 37.7211 100.0000 stroke7
movl 0 -51.8070 307.2478 249.7988 -135.1628 -7.6861 51.0211 100.0000 stroke8
movl 0 -44.0034 328.9621 188.1240 -147.0122 3.4340 43.1144 100.0000 stroke8
movl 0 -43.0497 334.7205 175.5988 -154.4895 7.6153 33.9254 100.0000 stroke8
movl 0 -44.8995 337.7961 174.0605 -156.9634 8.0969 31.2336 100.0000 stroke8
movl 0 -44.8134 338.0174 173.3615 -156.7291 8.4523 30.9516 100.0000 stroke8
movl 0 -46.3454 340.6413 171.5528 -157.5435 8.5448 30.8585 100.0000 stroke8
movl 0 -49.4699 345.9014 170.4886 -161.7071 10.4458 29.8718 100.0000 stroke8
movl 0 -48.8117 345.9266 171.2776 -161.7645 10.9279 29.3984 100.0000 stroke8
movl 0 -48.9910 346.0055 171.2329 -162.1440 10.2299 28.4797 100.0000 stroke8
movl 0 -51.3599 345.8455 171.2892 -162.9820 9.5557 28.0460 100.0000 stroke8
movl 0 -51.9299 345.2857 171.2789 -162.1325 8.7002 28.0754 100.0000 stroke8
movl 0 -51.1489 345.3881 171.1347 -161.6091 8.3138 27.7707 100.0000 stroke8
movl 0 -49.3222 345.3912 171.4028 -161.0637 8.3698 27.3938 100.0000 stroke8
movl 0 -46.8031 345.3071 171.7251 -160.5430 8.9241 27.2691 100.0000 stroke8
movl 0 -39.3113 341.2681 174.2017 -157.5590 10.4566 28.1483 100.0000 stroke8
movl 0 -25.7414 327.4444 197.1181 -148.0119 10.8627 33.3629 100.0000 stroke8
movl 0 -17.5914 361.2441 209.6930 -162.5535 25.8777 11.5236 100.0000 stroke9
movl 0 -19.1583 364.0015 179.7142 -169.5614 24.1106 2.5761 100.0000 stroke9
movl 0 -20.2477 365.3180 175.9548 -170.8130 23.7120 0.5945 100.0000 stroke9
movl 0 -21.6515 367.5502 174.2159 -172.0489 23.6018 -0.5795 100.0000 stroke9
movl 0 -23.2805 370.4265 173.1195 -173.6629 22.7708 -2.8206 100.0000 stroke9
movl 0 -28.6908 373.4839 173.0043 -176.1787 19.7614 -7.3328 100.0000 stroke9
movl 0 -30.5232 377.6393 172.6252 -179.5689 17.7008 -13.9432 100.0000 stroke9
movl 0 -29.5433 380.6700 172.2052 178.3599 16.9065 -18.4446 100.0000 stroke9
movl 0 -26.8960 383.2972 171.6667 177.4171 17.2015 -19.3006 100.0000 stroke9
movl 0 -26.7507 382.3290 172.3465 176.3489 16.8573 -18.3176 100.0000 stroke9
movl 0 -25.6580 381.6833 172.8542 177.5977 17.3345 -17.4705 100.0000 stroke9
movl 0 -25.6242 380.0630 173.3859 177.0107 17.0371 -17.2231 100.0000 stroke9
movl 0 -25.4614 378.4159 174.0870 177.2194 17.0566 -16.9204 100.0000 stroke9
movl 0 -24.7360 376.9705 174.6424 177.4893 17.2691 -16.8139 100.0000 stroke9
movl 0 -25.0332 376.0872 174.8918 178.0576 17.6162 -16.4406 100.0000 stroke9
movl 0 -23.8942 374.4276 175.4854 178.8828 18.4915 -15.9247 100.0000 stroke9
movl 0 -14.2437 364.4513 188.3321 -175.2801 24.0411 -10.0953 100.0000 stroke9
