movl 0 8.8862 408.6952 166.0759 -150.8325 -30.3945 113.5771 100.0000 stroke1
movl 0 8.5563 398.9651 158.4293 -170.2851 -44.4936 135.5409 100.0000 stroke1
movl 0 7.0281 389.4949 152.8492 158.3275 -47.5554 165.2145 100.0000 stroke1
movl 0 0.6765 387.3104 157.6940 -179.2940 -48.2327 135.6052 100.0000 stroke1
movl 0 -3.4449 401.9520 171.3496 -151.1836 -22.8257 96.6193 100.0000 stroke1
movl 0 -3.7649 408.7872 172.2944 -149.7143 -14.4096 90.4554 100.0000 stroke1
movl 0 -6.4953 410.9706 171.9957 -150.7532 -11.1141 88.8145 100.0000 stroke1
movl 0 -9.6707 411.2523 172.1181 -151.7999 -9.2162 86.7887 100.0000 stroke1
movl 0 -12.0949 411.8174 171.9557 -152.6176 -9.4252 87.2327 100.0000 stroke1
movl 0 -12.0566 413.9054 171.7543 -153.3234 -9.3608 87.9604 100.0000 stroke1
movl 0 -13.4777 415.6365 171.6788 -153.9505 -8.8365 88.1921 100.0000 stroke1
movl 0 -14.2620 415.7884 171.2750 -154.2817 -9.0630 87.9047 100.0000 stroke1
movl 0 -16.7625 417.6552 170.7348 -155.1332 -8.0643 87.5070 100.0000 stroke1
movl 0 -18.6497 419.7933 170.7428 -155.9392 -6.1053 86.3993 100.0000 stroke1
movl 0 -20.4189 421.3845 170.7298 -156.9572 -4.4859 85.2048 100.0000 stroke1
movl 0 -20.8830 422.7554 170.6942 -157.5822 -2.9841 83.6992 100.0000 stroke1
movl 0 -20.5535 423.7851 170.3862 -157.8228 -2.0831 82.7057 100.0000 stroke1
movl 0 -19.7106 425.0604 169.8493 -157.2454 -1.5452 82.5655 100.0000 stroke1
movl 0 -18.9008 426.7763 169.2731 -156.4336 -0.7093 82.6328 100.0000 stroke1
movl 0 -18.2935 428.2082 168.9308 -156.3236 -0.0787 81.9198 100.0000 stroke1
movl 0 -17.8001 429.9581 168.4244 -156.2736 0.6870 81.2514 100.0000 stroke1
movl 0 -17.4673 430.7454 167.9417 -155.8454 1.3471 81.3203 100.0000 stroke1
movl 0 -18.4427 430.6825 167.6417 -155.5614 1.7989 81.7427 100.0000 stroke1
movl 0 -17.6273 430.6208 167.4939 -155.2854 2.0955 81.4051 100.0000 stroke1
movl 0 -18.1222 430.1399 167.5347 -155.1053 2.1603 81.4640 100.0000 stroke1
movl 0 -18.3170 429.8212 167.4746 -154.9013 2.3989 81.3888 100.0000 stroke1
movl 0 -18.5357 429.6878 167.4424 -154.7598 2.6564 81.2700 100.0000 stroke1
movl 0 -19.6349 429.2356 167.5258 -154.6824 2.7771 81.4086 100.0000 stroke1
movl 0 -21.0904 428.8107 167.6148 -154.6406 2.8684 81.6843 100.0000 stroke1
movl 0 -21.7894 428.9074 167.5912 -154.4726 3.0333 81.9328 100.0000 stroke1
movl 0 -23.1329 428.6768 167.6232 -154.4621 3.1276 82.1729 100.0000 stroke1
movl 0 -24.6545 428.3874 167.6428 -154.4191 3.1540 82.5116 100.0000 stroke1
movl 0 -26.3507 427.8498 167.8574 -154.3691 3.0644 82.8952 100.0000 stroke1
movl 0 -27.8487 427.5860 167.9327 -154.3863 3.0389 83.1408 100.0000 stroke1
movl 0 -28.8993 427.2520 168.0535 -154.3220 3.0235 83.3483 100.0000 stroke1
movl 0 -30.2745 426.9862 168.1462 -154.3340 2.9879 83.5795 100.0000 stroke1
movl 0 -31.4538 426.7264 168.3008 -154.2814 2.9675 83.7926 100.0000 stroke1
movl 0 -32.7814 426.5427 168.4640 -154.2647 2.9721 83.9418 100.0000 stroke1
movl 0 -34.0325 426.2438 168.5958 -154.2330 2.9469 84.0763 100.0000 stroke1
movl 0 -34.9530 426.1241 168.6927 -154.2027 2.9270 84.2214 100.0000 stroke1
movl 0 -36.0775 425.7901 168.9156 -154.0932 2.8707 84.3875 100.0000 stroke1
movl 0 -37.6162 425.2124 169.3685 -154.1950 2.7163 84.4191 100.0000 stroke1
movl 0 -38.4956 424.6402 169.7602 -154.1367 2.5371 84.4260 100.0000 stroke1
movl 0 -39.1817 424.5886 169.8708 -154.1560 2.5416 84.3689 100.0000 stroke1
movl 0 -39.1691 424.1752 170.1602 -154.0097 2.3461 84.2866 100.0000 stroke1
movl 0 -39.3072 424.0537 170.3174 -153.8863 2.3418 84.1974 100.0000 stroke1
movl 0 -37.9847 420.7693 172.3521 -152.1191 0.9258 84.8350 100.0000 stroke1
movl 0 -35.4082 407.4672 188.0418 -146.1335 -7.9327 87.4696 100.0000 stroke1
movl 0 -34.1385 408.0451 234.4994 -162.4056 -35.6179 132.9608 100.0000 stroke2
movl 0 -29.9394 410.5892 183.7261 -156.5163 -21.5934 121.5574 100.0000 stroke2
movl 0 -31.3733 402.5001 173.1835 -158.2770 -19.7355 117.6172 100.0000 stroke2
movl 0 -37.1929 398.5842 172.4722 -159.9262 -19.2433 115.8993 100.0000 stroke2
movl 0 -40.8499 398.7460 171.7072 -160.8302 -17.9601 114.7014 100.0000 stroke2
movl 0 -42.4358 401.1468 171.1492 -160.7898 -16.8114 114.6317 100.0000 stroke2
movl 0 -43.8975 404.1728 170.4461 -160.3514 -15.3054 113.8350 100.0000 stroke2
movl 0 -46.3153 407.4943 170.2193 -160.3824 -12.9620 111.9920 100.0000 stroke2
movl 0 -46.6129 409.1505 170.1336 -160.0584 -11.1365 110.4010 100.0000 stroke2
movl 0 -46.2002 410.3828 170.2185 -159.6276 -9.8158 108.5017 100.0000 stroke2
movl 0 -46.9469 410.3956 170.2930 -159.3842 -9.0777 107.4918 100.0000 stroke2
movl 0 -47.2082 410.4431 170.3438 -159.2238 -8.4704 106.7312 100.0000 stroke2
movl 0 -47.7375 410.1082 170.6317 -159.2753 -7.9810 106.2417 100.0000 stroke2
movl 0 -48.2243 410.2111 170.7285 -159.2225 -7.3770 105.7056 100.0000 stroke2
movl 0 -48.9450 410.2309 170.7848 -159.3167 -6.9214 105.1654 100.0000 stroke2
movl 0 -49.4096 410.5052 170.7025 -159.3805 -6.5096 104.6548 100.0000 stroke2
movl 0 -49.6727 410.9798 170.6497 -159.2564 -5.8677 103.8049 100.0000 stroke2
movl 0 -49.5465 410.9763 170.7710 -159.0135 -5.3030 102.9218 100.0000 stroke2
movl 0 -50.1166 410.9249 170.9108 -159.0020 -4.5845 102.0548 100.0000 stroke2
movl 0 -50.5955 410.4979 171.1958 -158.9935 -3.8328 101.1773 100.0000 stroke2
movl 0 -50.9799 410.3014 171.3838 -158.9166 -2.9935 100.2624 100.0000 stroke2
movl 0 -51.4809 409.7263 171.6461 -158.8852 -2.1823 99.2296 100.0000 stroke2
movl 0 -52.2760 408.9512 171.8215 -158.8900 -1.2868 98.2082 100.0000 stroke2
movl 0 -52.9679 408.1287 171.9746 -158.9426 -0.3686 97.0922 100.0000 stroke2
movl 0 -53.3190 407.4328 172.0113 -158.9120 0.6842 95.6647 100.0000 stroke2
movl 0 -53.7920 406.3834 172.0415 -158.8862 1.3971 94.5570 100.0000 stroke2
movl 0 -54.2950 405.0766 172.0769 -158.9167 2.1589 93.3445 100.0000 stroke2
movl 0 -54.8549 404.3580 172.2095 -158.9735 2.9523 92.5909 100.0000 stroke2
movl 0 -55.8082 403.3298 172.4059 -159.1256 3.5713 92.0109 100.0000 stroke2
movl 0 -56.7535 402.1017 172.4755 -159.2926 4.1319 91.4079 100.0000 stroke2
movl 0 -58.0233 400.7427 172.6304 -159.4523 4.4894 91.4485 100.0000 stroke2
movl 0 -59.1238 399.4979 172.7054 -159.5488 4.8437 91.2750 100.0000 stroke2
movl 0 -60.5718 397.9804 172.9109 -159.7114 5.0377 91.2726 100.0000 stroke2
movl 0 -62.0374 396.7536 173.1365 -159.9393 5.1912 91.3723 100.0000 stroke2
movl 0 -63.3860 395.6768 173.3839 -160.1074 5.3145 91.5774 100.0000 stroke2
movl 0 -65.2999 394.0013 173.6955 -160.2389 5.1770 92.2238 100.0000 stroke2
movl 0 -66.9194 392.5970 174.0710 -160.2476 5.1694 92.6936 100.0000 stroke2
movl 0 -68.0247 391.5303 174.4302 -160.1922 5.2144 93.0078 100.0000 stroke2
movl 0 -69.0634 390.5823 174.8097 -160.1101 5.2140 93.2662 100.0000 stroke2
movl 0 -70.1588 390.0839 175.0522 -160.0791 5.3031 93.4257 100.0000 stroke2
movl 0 -70.9864 389.5006 175.4927 -159.9393 5.2456 93.5551 100.0000 stroke2
movl 0 -71.7395 389.1123 175.8229 -159.8055 5.2583 93.6377 100.0000 stroke2
movl 0 -72.2277 388.8270 176.1947 -159.6600 5.1963 93.6596 100.0000 stroke2
movl 0 -68.9189 386.7402 182.2133 -156.8110 3.8312 93.8889 100.0000 stroke2
movl 0 -65.2216 373.1049 225.3279 -148.9143 -1.5763 90.1453 100.0000 stroke2
movl 0 -13.6787 378.3415 229.9997 -137.1354 -18.2241 79.2455 100.0000 stroke3
movl 0 -14.9813 382.5400 184.7581 -141.3085 0.7228 68.9091 100.0000 stroke3
movl 0 -20.1203 381.7618 170.5020 -145.1386 5.0926 63.2086 100.0000 stroke3
movl 0 -23.8475 385.2182 170.9927 -149.0920 9.2957 57.9614 100.0000 stroke3
movl 0 -30.5306 387.4435 170.5913 -151.5194 11.1049 54.6291 100.0000 stroke3
movl 0 -34.7142 388.2374 169.5330 -152.3024 10.8216 54.3831 100.0000 stroke3
movl 0 -36.0195 388.8325 168.9238 -152.6400 10.4485 54.6723 100.0000 stroke3
movl 0 -37.2273 389.2600 168.7220 -153.1318 10.2782 54.5679 100.0000 stroke3
movl 0 -39.2703 389.4461 168.8329 -154.3353 9.4803 53.5942 100.0000 stroke3
movl 0 -40.3674 389.4519 169.0106 -155.0938 8.8745 53.4239 100.0000 stroke3
movl 0 -40.1879 389.9540 169.3411 -155.7514 8.9147 53.1622 100.0000 stroke3
movl 0 -41.1586 389.0561 169.6661 -155.9477 8.2447 53.2380 100.0000 stroke3
movl 0 -41.6536 388.3611 170.0047 -156.1794 7.4722 52.8246 100.0000 stroke3
movl 0 -41.0817 388.6109 170.3203 -156.7366 7.3813 50.4236 100.0000 stroke3
movl 0 -40.4488 388.4636 170.7181 -157.0276 7.0640 49.8054 100.0000 stroke3
movl 0 -38.9867 388.7032 171.1280 -157.4711 6.8964 49.0941 100.0000 stroke3
movl 0 -37.8269 389.0237 171.5194 -158.0796 6.4613 48.1436 100.0000 stroke3
movl 0 -36.9820 389.1290 171.7520 -158.6183 5.9413 47.2484 100.0000 stroke3
movl 0 -36.5513 389.2772 171.9449 -159.1343 5.4945 46.5157 100.0000 stroke3
movl 0 -35.2676 389.4027 172.1335 -159.3862 5.2634 45.8374 100.0000 stroke3
movl 0 -34.2960 389.5177 172.4406 -159.8433 4.7846 44.9428 100.0000 stroke3
movl 0 -33.7473 389.8247 172.7445 -160.4931 4.1912 43.7994 100.0000 stroke3
movl 0 -34.0380 389.8876 172.9429 -161.1261 3.5330 42.8477 100.0000 stroke3
movl 0 -33.8736 390.3025 173.0328 -161.6391 3.1958 42.2128 100.0000 stroke3
movl 0 -32.8872 390.5577 173.0185 -161.9269 3.0604 41.5053 100.0000 stroke3
movl 0 -32.7804 390.3850 173.0945 -162.1025 2.8168 41.0734 100.0000 stroke3
movl 0 -31.5310 390.1904 173.1570 -161.7158 3.2664 41.2464 100.0000 stroke3
movl 0 -29.3249 389.4296 173.4285 -160.8538 3.8038 41.2064 100.0000 stroke3
movl 0 -28.0725 388.6444 173.7827 -160.1780 3.8882 41.3256 100.0000 stroke3
movl 0 -27.3846 387.8918 174.0311 -159.6151 3.7216 43.1462 100.0000 stroke3
movl 0 -26.7977 387.2809 174.1732 -159.0982 3.6709 43.7158 100.0000 stroke3
movl 0 -26.5599 386.8783 174.2595 -158.8825 3.4279 43.0447 100.0000 stroke3
movl 0 -26.3694 386.5047 174.4166 -158.8451 3.2940 42.8085 100.0000 stroke3
movl 0 -26.5690 387.1164 174.2778 -159.4830 3.7853 43.3322 100.0000 stroke3
movl 0 -26.6446 387.5943 174.3764 -160.3677 4.3958 42.8031 100.0000 stroke3
movl 0 -26.3322 387.9312 174.1469 -160.8042 4.9478 42.5317 100.0000 stroke3
movl 0 -24.7916 386.8741 173.6355 -159.2258 5.8390 43.9590 100.0000 stroke3
movl 0 -24.5211 385.9622 173.8305 -158.0222 6.2281 45.5420 100.0000 stroke3
movl 0 -20.4411 374.5646 184.1969 -149.6954 4.6033 53.6524 100.0000 stroke3
movl 0 -22.3379 345.7071 243.5215 -137.5349 -16.1015 71.9054 100.0000 stroke3
movl 0 -15.4406 399.8232 196.7946 -144.4659 -0.7506 83.1877 100.0000 stroke4
movl 0 -15.8090 393.9669 171.3989 -148.7788 0.2184 80.4857 100.0000 stroke4
movl 0 -23.9902 391.1142 172.7962 -152.2558 -0.6555 80.3397 100.0000 stroke4
movl 0 -28.7921 388.0932 173.4848 -153.5252 -1.5012 80.5959 100.0000 stroke4
movl 0 -30.1546 389.0794 172.9605 -153.9489 -1.3491 81.1281 100.0000 stroke4
movl 0 -35.2924 392.2803 171.7389 -155.9575 -0.0813 81.0714 100.0000 stroke4
movl 0 -38.6819 396.1738 171.1427 -158.1544 2.6588 77.8830 100.0000 stroke4
movl 0 -39.5053 398.2542 171.4067 -159.7374 4.6226 75.2550 100.0000 stroke4
movl 0 -39.6333 399.4090 171.5631 -160.5202 5.9053 72.8727 100.0000 stroke4
movl 0 -40.5943 399.5396 171.6188 -160.8960 6.9645 71.1965 100.0000 stroke4
movl 0 -41.7945 400.0770 171.8896 -161.7588 8.0648 69.0761 100.0000 stroke4
movl 0 -42.1357 400.3897 172.1974 -162.5416 9.3898 66.2042 100.0000 stroke4
movl 0 -42.4405 400.8110 172.3910 -163.6139 11.0583 62.7792 100.0000 stroke4
movl 0 -42.7596 401.7654 172.3910 -165.0133 12.9920 59.0288 100.0000 stroke4
movl 0 -43.6626 402.0268 172.7088 -166.4720 14.3208 56.0753 100.0000 stroke4
movl 0 -44.8504 401.7917 172.9913 -167.7653 15.2298 53.6383 100.0000 stroke4
movl 0 -45.6109 402.4088 172.9932 -169.7944 16.9492 49.7302 100.0000 stroke4
movl 0 -45.1638 401.0185 173.5826 -169.8075 17.1326 48.0920 100.0000 stroke4
movl 0 -40.1422 397.5389 174.5245 -167.2023 16.4246 46.9782 100.0000 stroke4
movl 0 -40.9367 398.3782 174.4516 -168.2066 16.8842 46.2477 100.0000 stroke4
movl 0 -43.9872 397.4869 174.7499 -169.4592 16.8832 45.9743 100.0000 stroke4
movl 0 -40.7261 395.3207 175.6330 -167.7725 16.5131 44.6518 100.0000 stroke4
movl 0 -43.5416 395.6558 175.1305 -169.4460 17.0353 44.3913 100.0000 stroke4
movl 0 -43.4499 394.6734 175.5422 -168.9315 16.6296 44.1107 100.0000 stroke4
movl 0 -42.5040 392.2732 176.3154 -166.9946 15.2035 44.8717 100.0000 stroke4
movl 0 -39.2563 382.5189 182.2912 -160.6847 10.9391 47.7300 100.0000 stroke4
movl 0 -4.8439 399.2566 207.6332 -149.4619 11.5073 62.4264 100.0000 stroke5
movl 0 -10.9081 395.5244 175.7226 -154.1080 11.4206 58.6077 100.0000 stroke5
movl 0 -17.0770 388.1335 177.4082 -154.3427 8.0611 58.1550 100.0000 stroke5
movl 0 -23.4944 387.0575 177.4661 -155.2777 7.5044 59.2274 100.0000 stroke5
movl 0 -28.6385 385.9705 176.8944 -156.1754 6.6688 60.8317 100.0000 stroke5
movl 0 -29.5362 387.4522 176.2420 -156.7383 7.1952 60.7443 100.0000 stroke5
movl 0 -30.4647 388.1008 175.7645 -157.0943 7.3262 60.4387 100.0000 stroke5
movl 0 -32.1776 388.8449 175.0571 -158.0533 7.2628 58.4862 100.0000 stroke5
movl 0 -35.4575 388.5916 175.3366 -159.6946 6.6621 58.0014 100.0000 stroke5
movl 0 -37.1765 388.2133 175.4958 -160.2025 6.0451 57.4476 100.0000 stroke5
movl 0 -36.9084 388.4903 175.5350 -160.6513 5.8342 56.4793 100.0000 stroke5
movl 0 -35.4200 389.4123 175.6652 -161.0436 5.8891 55.3221 100.0000 stroke5
movl 0 -32.8869 390.5080 175.7731 -161.4316 5.9817 54.0305 100.0000 stroke5
movl 0 -30.0135 392.3886 175.6411 -161.8687 6.2590 52.5199 100.0000 stroke5
movl 0 -26.4288 394.2849 175.5254 -162.2202 6.5347 50.8902 100.0000 stroke5
movl 0 -26.2125 393.9508 175.6665 -162.1191 6.6235 51.0696 100.0000 stroke5
movl 0 -24.9803 392.7809 176.2121 -161.4260 6.7167 51.3984 100.0000 stroke5
movl 0 -23.1817 392.2576 176.5980 -160.8670 6.9258 51.2472 100.0000 stroke5
movl 0 -21.8962 392.4765 176.5894 -160.5941 7.1059 50.9229 100.0000 stroke5
movl 0 -21.5772 395.2975 175.6170 -161.3524 7.9595 50.6917 100.0000 stroke5
movl 0 -20.4797 399.9044 174.7621 -163.3241 9.9910 49.6810 100.0000 stroke5
movl 0 -15.4098 405.4769 173.0627 -164.4444 12.5448 47.9136 100.0000 stroke5
movl 0 -11.3310 412.6990 171.0012 -165.4740 15.9185 47.0001 100.0000 stroke5
movl 0 -9.8061 417.2149 169.2866 -166.4235 18.5240 46.4703 100.0000 stroke5
movl 0 -10.0159 419.1081 168.5541 -167.0890 19.9182 46.3913 100.0000 stroke5
movl 0 -10.6474 420.3603 168.3461 -168.1288 21.0044 45.7912 100.0000 stroke5
movl 0 -12.0752 420.8608 168.4471 -169.1559 21.6341 45.2285 100.0000 stroke5
movl 0 -13.7052 421.8732 168.3790 -170.5665 22.6162 44.5804 100.0000 stroke5
movl 0 -15.8553 422.4647 168.3844 -172.0195 23.5562 44.2490 100.0000 stroke5
movl 0 -15.5714 420.5419 169.4568 -171.3537 23.1608 44.4129 100.0000 stroke5
movl 0 -13.0887 419.2579 170.1183 -170.3862 22.8329 43.6916 100.0000 stroke5
movl 0 -16.8009 419.5046 170.0433 -171.7368 23.1697 44.3476 100.0000 stroke5
movl 0 -14.4171 417.2936 171.0492 -170.3543 22.3938 43.7771 100.0000 stroke5
movl 0 -17.3828 417.1501 170.9002 -171.1341 22.2418 44.3480 100.0000 stroke5
movl 0 -16.2247 415.9987 171.5220 -170.3475 21.8086 44.0767 100.0000 stroke5
movl 0 -13.2137 409.4974 175.3649 -166.8121 20.2896 45.0793 100.0000 stroke5
movl 0 -8.4038 392.1516 221.3086 -155.7356 14.0753 51.0150 100.0000 stroke5
movl 0 -34.5067 371.6452 232.1346 -153.4525 3.4823 61.4636 100.0000 stroke6
movl 0 -37.1675 369.2424 189.9953 -156.5393 6.2067 59.1401 100.0000 stroke6
movl 0 -38.8677 368.8310 181.9205 -158.6545 6.5583 57.9834 100.0000 stroke6
movl 0 -40.7878 368.4972 180.9633 -159.7833 6.0309 57.1826 100.0000 stroke6
movl 0 -41.7802 371.2435 179.6957 -160.4997 5.7917 57.1094 100.0000 stroke6
movl 0 -43.6807 372.1758 179.0750 -161.1646 5.8766 57.0147 100.0000 stroke6
movl 0 -44.1272 373.2572 178.7173 -161.7344 6.1596 56.3642 100.0000 stroke6
movl 0 -46.4889 374.4618 178.3749 -163.2689 6.1167 53.4086 100.0000 stroke6
movl 0 -47.9060 374.7901 178.4410 -164.1464 6.0106 52.6832 100.0000 stroke6
movl 0 -48.6981 374.3373 178.8033 -164.6193 5.8968 52.1807 100.0000 stroke6
movl 0 -49.9074 373.5494 179.0358 -164.8689 5.5119 51.4026 100.0000 stroke6
movl 0 -50.1264 373.7635 179.1701 -165.3200 5.4165 50.2658 100.0000 stroke6
movl 0 -49.9795 374.0138 179.2864 -165.8204 5.2627 49.0619 100.0000 stroke6
movl 0 -50.1843 374.1486 179.5408 -166.5077 4.9679 47.7754 100.0000 stroke6
movl 0 -49.4950 374.8249 179.7223 -167.1759 4.8631 46.3045 100.0000 stroke6
movl 0 -49.3422 375.3951 179.9527 -168.0015 4.6230 44.5178 100.0000 stroke6
movl 0 -49.9971 376.1155 180.1058 -169.0082 4.1776 42.2427 100.0000 stroke6
movl 0 -50.5181 376.7271 180.1933 -169.9525 3.8309 39.8019 100.0000 stroke6
movl 0 -49.7923 377.5915 180.0177 -170.3967 3.9162 38.7136 100.0000 stroke6
movl 0 -47.3597 374.9421 181.0005 -168.5831 4.0902 39.4936 100.0000 stroke6
movl 0 -45.7463 373.8408 181.7675 -167.7188 4.0869 39.3869 100.0000 stroke6
movl 0 -45.4817 373.6831 181.9598 -167.6810 4.0640 39.2446 100.0000 stroke6
movl 0 -45.3520 373.6733 181.9633 -167.7373 4.0768 39.2200 100.0000 stroke6
movl 0 -46.2123 374.9419 181.6910 -168.7726 4.3470 38.9504 100.0000 stroke6
movl 0 -46.7267 376.3140 181.3995 -169.7272 4.8398 38.5275 100.0000 stroke6
movl 0 -46.8856 376.9379 181.3774 -170.4481 5.1998 38.0881 100.0000 stroke6
movl 0 -46.7324 376.8263 181.2920 -170.5386 5.5363 38.1228 100.0000 stroke6
movl 0 -45.6010 375.5688 181.3517 -169.1397 6.0544 39.3167 100.0000 stroke6
movl 0 -45.0231 375.4533 181.1146 -168.3375 6.5869 40.1701 100.0000 stroke6
movl 0 -45.5194 375.4658 181.0734 -168.0951 6.6145 40.4147 100.0000 stroke6
movl 0 -45.5076 375.5261 181.2084 -167.7116 6.6541 40.5661 100.0000 stroke6
movl 0 -45.9960 375.6898 181.2611 -167.6307 6.7644 40.7167 100.0000 stroke6
movl 0 -46.5356 374.9495 181.4296 -167.5211 6.6511 40.8396 100.0000 stroke6
movl 0 -45.2718 375.5426 181.4665 -167.5642 6.8368 40.5322 100.0000 stroke6
movl 0 -44.7823 375.5521 181.5556 -167.5732 6.8076 40.3990 100.0000 stroke6
movl 0 -43.7322 374.2469 182.3290 -166.9996 6.5579 40.3816 100.0000 stroke6
movl 0 -33.3731 366.8757 211.5197 -161.7782 5.7001 42.0929 100.0000 stroke6
