movl 0 10.4692 383.9321 175.4418 -139.6365 7.6261 55.2446 100.0000 stroke1
movl 0 15.0772 389.2977 166.2817 -139.5571 8.8879 55.0347 100.0000 stroke1
movl 0 10.6589 389.6632 164.0425 -140.1676 8.0822 55.8827 100.0000 stroke1
movl 0 7.0712 387.6918 163.4737 -140.0853 5.7923 56.9319 100.0000 stroke1
movl 0 2.8843 386.8850 164.0540 -140.8224 4.4744 57.6359 100.0000 stroke1
movl 0 -6.0178 387.2057 165.2883 -141.5873 1.3813 58.7138 100.0000 stroke1
movl 0 -8.8871 388.6622 163.7241 -143.1335 0.4188 60.0520 100.0000 stroke1
movl 0 -9.9505 389.2910 163.7340 -144.1736 0.1366 60.6951 100.0000 stroke1
movl 0 -12.1623 390.0015 162.9400 -144.8776 -0.4303 61.6332 100.0000 stroke1
movl 0 -13.8170 389.9504 162.2014 -145.0373 -1.4755 62.3275 100.0000 stroke1
movl 0 -17.1867 391.0564 161.5258 -146.7640 -1.8443 63.1353 100.0000 stroke1
movl 0 -20.1292 393.9913 162.5062 -149.7652 0.9560 61.2371 100.0000 stroke1
movl 0 -21.9412 395.3857 163.0798 -151.3794 2.1781 60.0078 100.0000 stroke1
movl 0 -21.7440 396.7070 163.2654 -152.3953 3.6012 58.4295 100.0000 stroke1
movl 0 -22.5618 397.4279 163.4236 -152.8845 4.9201 57.4771 100.0000 stroke1
movl 0 -22.5708 397.2391 163.7055 -153.4324 6.3118 56.4659 100.0000 stroke1
movl 0 -22.7900 396.8075 164.2299 -154.1031 7.5565 55.6950 100.0000 stroke1
movl 0 -23.4083 395.7108 164.9202 -154.8308 8.5220 54.9781 100.0000 stroke1
movl 0 -23.9794 394.2993 165.5039 -155.5140 9.7536 54.1327 100.0000 stroke1
movl 0 -24.9300 392.5354 166.0004 -156.1436 10.7943 53.6449 100.0000 stroke1
movl 0 -25.8240 390.7089 166.3934 -156.6974 11.6160 53.4731 100.0000 stroke1
movl 0 -26.6629 388.5257 166.8339 -156.9447 12.1303 53.6549 100.0000 stroke1
movl 0 -27.1520 386.7820 167.2199 -156.9239 12.6198 54.0651 100.0000 stroke1
movl 0 -27.5531 385.2792 167.5542 -156.9500 13.0060 54.2548 100.0000 stroke1
movl 0 -27.4700 384.5879 167.9436 -156.8056 13.3071 54.2480 100.0000 stroke1
movl 0 -27.1427 384.4269 168.1070 -156.6853 13.4037 53.9718 100.0000 stroke1
movl 0 -26.7726 384.3102 168.4310 -156.5813 13.6254 53.6140 100.0000 stroke1
movl 0 -25.4979 383.7953 169.1602 -156.2180 13.8663 53.3763 100.0000 stroke1
movl 0 -17.8549 378.2326 176.8301 -152.2943 14.9668 51.8200 100.0000 stroke1
movl 0 -7.8539 363.4498 232.9532 -143.1203 16.9600 46.5662 100.0000 stroke1
movl 0 -15.0351 381.0627 183.9429 -172.1221 31.7354 3.9508 100.0000 stroke2
movl 0 -16.5011 376.9577 173.9158 -174.0577 29.5903 -0.5459 100.0000 stroke2
movl 0 -24.6639 373.3656 172.4277 -171.9300 27.2712 0.4999 100.0000 stroke2
movl 0 -24.3710 374.6902 171.6846 -172.3580 27.3382 0.1989 100.0000 stroke2
movl 0 -27.8555 375.2613 171.1177 -172.4541 26.0587 0.1639 100.0000 stroke2
movl 0 -30.3714 375.9236 171.0465 -173.1137 24.5142 -0.8108 100.0000 stroke2
movl 0 -32.1126 377.7760 171.3969 -174.8645 23.0824 -2.9727 100.0000 stroke2
movl 0 -33.1877 378.9117 172.3990 -176.7658 21.6679 -5.4880 100.0000 stroke2
movl 0 -34.4674 381.3204 173.4349 -179.5344 19.7835 -9.2693 100.0000 stroke2
movl 0 -37.6593 384.8190 174.4657 177.1088 16.6380 -14.4292 100.0000 stroke2
movl 0 -40.3554 388.4416 174.8148 174.1784 13.6942 -19.7127 100.0000 stroke2
movl 0 -42.4123 391.7339 174.8147 171.8423 10.7422 -24.5320 100.0000 stroke2
movl 0 -42.2693 392.4474 174.9025 171.1371 10.0985 -26.7070 100.0000 stroke2
movl 0 -39.7370 393.7404 175.0641 170.2910 9.8088 -28.6689 100.0000 stroke2
movl 0 -39.2219 392.2699 175.6627 169.6880 9.6295 -29.2002 100.0000 stroke2
movl 0 -38.0808 392.0589 176.0624 169.3930 9.6618 -29.4734 100.0000 stroke2
movl 0 -36.0117 389.9519 176.9140 169.6492 10.4627 -29.4991 100.0000 stroke2
movl 0 -35.2908 389.5577 176.9991 169.5500 10.5923 -29.4652 100.0000 stroke2
movl 0 -34.8385 388.6559 177.0317 170.2807 11.7482 -28.3237 100.0000 stroke2
movl 0 -33.4237 387.8560 177.1723 170.9510 13.1411 -27.0682 100.0000 stroke2
movl 0 -26.6262 383.1185 181.6450 174.4388 18.1684 -23.5809 100.0000 stroke2
movl 0 -35.4018 403.4834 234.7643 -154.5417 9.7260 37.0196 100.0000 stroke3
movl 0 -31.0331 393.8045 189.4185 -158.0833 12.6182 34.4144 100.0000 stroke3
movl 0 -28.9449 388.6713 182.8580 -158.1942 11.5013 34.0600 100.0000 stroke3
movl 0 -24.7425 391.5130 180.1257 -159.4765 12.3106 33.8500 100.0000 stroke3
movl 0 -26.4764 391.8421 179.1897 -159.4244 11.5092 34.4832 100.0000 stroke3
movl 0 -28.0596 393.7873 178.0243 -160.1456 11.4081 34.3297 100.0000 stroke3
movl 0 -33.4671 398.2395 176.6129 -163.5041 11.0937 33.2815 100.0000 stroke3
movl 0 -37.0542 400.9433 176.4427 -166.8020 10.9679 30.6016 100.0000 stroke3
movl 0 -38.7749 401.7638 176.4966 -168.1408 10.9728 28.9680 100.0000 stroke3
movl 0 -40.1049 400.6599 176.7546 -168.7836 11.1914 28.2360 100.0000 stroke3
movl 0 -41.7017 398.3713 177.1467 -169.2552 11.2715 27.7002 100.0000 stroke3
movl 0 -43.2072 396.6693 177.3235 -170.0577 11.6843 27.1539 100.0000 stroke3
movl 0 -45.1732 393.9395 177.4050 -170.5882 11.9409 26.9130 100.0000 stroke3
movl 0 -47.4915 390.5846 177.6277 -170.9536 12.1111 26.8588 100.0000 stroke3
movl 0 -50.1359 387.6687 177.7533 -171.5279 12.5916 27.0571 100.0000 stroke3
movl 0 -53.3956 384.6835 177.9216 -172.0293 13.0013 27.1546 100.0000 stroke3
movl 0 -56.6293 382.5560 178.4416 -172.3937 13.3695 27.5810 100.0000 stroke3
movl 0 -59.5042 381.2827 178.6346 -172.6035 13.7810 27.9617 100.0000 stroke3
movl 0 -62.0688 380.3465 179.1484 -172.6161 14.0176 28.1586 100.0000 stroke3
movl 0 -63.4855 380.2577 179.5767 -172.5651 14.2400 28.2572 100.0000 stroke3
movl 0 -65.3283 379.8279 179.8801 -172.5271 14.3128 28.3969 100.0000 stroke3
movl 0 -66.1236 379.9836 180.1399 -172.4620 14.4470 28.4267 100.0000 stroke3
movl 0 -67.0371 379.8928 180.4447 -172.4641 14.6514 28.5086 100.0000 stroke3
movl 0 -68.1586 379.7625 180.4264 -172.4619 14.5826 28.5420 100.0000 stroke3
movl 0 -68.2409 379.8138 180.6781 -172.3670 14.7492 28.5779 100.0000 stroke3
movl 0 -68.9904 379.6496 180.9835 -172.2356 14.8604 28.7032 100.0000 stroke3
movl 0 -69.1659 379.5206 181.1446 -172.0676 14.9629 28.7039 100.0000 stroke3
movl 0 -70.3326 378.5243 181.6105 -171.7789 15.0438 29.0028 100.0000 stroke3
movl 0 -69.7986 378.1821 181.7822 -171.5069 15.2499 28.9357 100.0000 stroke3
movl 0 -66.5910 373.6472 188.9573 -168.2189 16.2562 30.0808 100.0000 stroke3
movl 0 -32.2690 394.7929 204.5130 -165.8110 27.6344 16.0404 100.0000 stroke4
movl 0 -35.3347 388.5080 175.7909 -167.3729 25.5359 15.1046 100.0000 stroke4
movl 0 -38.1510 388.6483 175.2282 -166.2693 24.3741 15.9772 100.0000 stroke4
movl 0 -45.6465 386.8531 173.8186 -165.9423 23.5297 18.6511 100.0000 stroke4
movl 0 -50.3569 386.3942 172.0247 -166.2488 22.5190 19.8479 100.0000 stroke4
movl 0 -56.8516 385.0826 172.2154 -168.3645 19.8386 18.7379 100.0000 stroke4
movl 0 -61.3999 381.9323 172.9480 -169.0792 17.8973 17.4442 100.0000 stroke4
movl 0 -65.3491 379.9802 173.4550 -170.2999 16.2752 15.8973 100.0000 stroke4
movl 0 -67.9217 377.4766 173.8054 -169.2895 15.1313 16.5499 100.0000 stroke4
movl 0 -69.0631 376.2273 173.7646 -168.1525 14.0119 16.4503 100.0000 stroke4
movl 0 -68.2814 376.8905 173.7699 -167.9878 13.7411 16.0990 100.0000 stroke4
movl 0 -66.3341 378.1990 173.9820 -168.1682 13.7486 15.4442 100.0000 stroke4
movl 0 -64.1551 379.1133 174.1852 -168.3477 13.7813 14.5715 100.0000 stroke4
movl 0 -62.1569 380.0378 174.4759 -168.5934 13.7653 13.5670 100.0000 stroke4
movl 0 -59.0226 381.7513 174.8328 -168.8725 13.7989 12.4314 100.0000 stroke4
movl 0 -55.6669 383.2347 175.1930 -169.1597 13.7975 11.2131 100.0000 stroke4
movl 0 -52.6339 384.4152 175.5321 -169.3133 13.7403 10.1965 100.0000 stroke4
movl 0 -48.9586 385.6816 175.8900 -169.4560 13.6843 9.1028 100.0000 stroke4
movl 0 -45.0679 386.8758 176.4182 -169.6790 13.8195 7.9022 100.0000 stroke4
movl 0 -41.3885 387.8363 176.9326 -169.7370 13.9161 6.8580 100.0000 stroke4
movl 0 -38.0491 388.3814 177.6945 -169.7212 14.0848 6.1537 100.0000 stroke4
movl 0 -28.6067 385.3328 184.3502 -167.8388 16.2941 6.0207 100.0000 stroke4
movl 0 -14.7158 375.6847 225.6987 -159.5658 19.4925 9.9033 100.0000 stroke4
movl 0 13.8662 393.7921 249.8188 -148.4842 18.7796 41.7455 100.0000 stroke5
movl 0 12.8703 378.9471 181.2318 -150.9559 18.0201 39.8856 100.0000 stroke5
movl 0 4.9027 369.3531 173.9267 -150.9711 13.2264 39.6636 100.0000 stroke5
movl 0 -2.6059 368.1708 172.1790 -151.1162 9.9580 40.4153 100.0000 stroke5
movl 0 -4.1717 371.2051 171.1225 -152.0649 10.0404 40.6170 100.0000 stroke5
movl 0 -6.8030 372.2633 170.2247 -152.6816 9.4997 40.6651 100.0000 stroke5
movl 0 -10.3797 375.5116 170.1601 -155.7365 9.8281 39.8475 100.0000 stroke5
movl 0 -12.4535 378.3326 170.7221 -158.8922 10.8988 37.3953 100.0000 stroke5
movl 0 -14.3141 380.0950 171.1343 -161.3094 11.4791 34.6425 100.0000 stroke5
movl 0 -14.4725 382.1619 171.6349 -163.4494 12.8936 31.7801 100.0000 stroke5
movl 0 -15.6077 384.0501 172.1261 -166.2359 13.9611 28.6416 100.0000 stroke5
movl 0 -16.9017 385.8343 172.4215 -168.9675 14.7634 25.5230 100.0000 stroke5
movl 0 -17.3528 387.1175 172.7897 -171.4386 15.6442 22.2403 100.0000 stroke5
movl 0 -18.5771 386.8486 173.1092 -173.3869 16.1009 20.2765 100.0000 stroke5
movl 0 -15.6327 384.5114 174.3110 -171.5741 16.5429 19.2736 100.0000 stroke5
movl 0 -15.8208 385.2101 174.2115 -172.9508 16.6572 18.5758 100.0000 stroke5
movl 0 -15.5617 384.4771 174.4238 -172.1886 16.5894 18.5740 100.0000 stroke5
movl 0 -15.3852 383.0481 174.5685 -171.0737 16.2993 19.3606 100.0000 stroke5
movl 0 -15.7740 381.3816 174.6324 -169.8664 15.7355 20.5203 100.0000 stroke5
movl 0 -13.7098 377.1971 175.6630 -166.6783 15.4760 22.0617 100.0000 stroke5
movl 0 -8.7208 371.3668 183.5139 -158.2191 13.4584 27.2954 100.0000 stroke5
movl 0 16.1894 386.9293 227.9202 -145.6555 8.4597 39.1817 100.0000 stroke6
movl 0 9.7062 368.4380 182.3426 -150.0461 9.9544 37.2827 100.0000 stroke6
movl 0 -0.6804 365.2249 175.8303 -152.3513 9.4739 36.2604 100.0000 stroke6
movl 0 -6.7924 363.7003 175.9448 -153.5121 8.6725 35.5775 100.0000 stroke6
movl 0 -11.0324 363.4656 175.0843 -154.0408 8.5914 36.4588 100.0000 stroke6
movl 0 -14.0089 364.7990 173.2500 -154.4558 7.6775 37.1304 100.0000 stroke6
movl 0 -17.5343 364.8202 173.0412 -155.7871 6.5361 36.4884 100.0000 stroke6
movl 0 -21.0991 365.0182 173.4280 -157.6554 5.1634 35.4830 100.0000 stroke6
movl 0 -22.7056 364.7429 173.5559 -158.0152 4.1894 34.6163 100.0000 stroke6
movl 0 -21.5709 366.1526 173.9541 -158.6891 3.9848 33.1129 100.0000 stroke6
movl 0 -19.3107 368.2541 174.2905 -159.6078 3.7460 30.5428 100.0000 stroke6
movl 0 -15.2594 371.3305 174.6376 -160.5497 3.8694 26.9774 100.0000 stroke6
movl 0 -10.9687 374.3853 174.7132 -161.0427 5.3966 25.4280 100.0000 stroke6
movl 0 -3.4193 376.6825 175.1314 -160.4781 8.7964 25.0865 100.0000 stroke6
movl 0 1.6728 386.0505 173.8997 -164.0831 11.7686 22.2596 100.0000 stroke6
movl 0 10.0416 397.8188 171.5836 -168.6625 15.8729 18.1372 100.0000 stroke6
movl 0 13.1912 403.8791 170.2814 -171.4461 18.4979 16.5028 100.0000 stroke6
movl 0 13.1196 406.0534 170.1106 -173.9217 19.7314 15.5795 100.0000 stroke6
movl 0 11.8596 407.5144 170.0888 -176.3477 20.3980 14.9073 100.0000 stroke6
movl 0 10.5828 407.6014 170.0390 -177.8669 21.0200 15.0453 100.0000 stroke6
movl 0 9.1163 404.3865 171.1677 -177.1605 20.6498 15.6976 100.0000 stroke6
movl 0 10.3237 403.1687 171.7584 -176.3988 20.9014 15.6779 100.0000 stroke6
movl 0 9.2449 401.4333 172.3712 -175.5370 20.3214 16.1094 100.0000 stroke6
movl 0 9.0945 397.7039 173.6078 -173.5268 19.7826 16.8456 100.0000 stroke6
movl 0 9.6736 386.3020 183.4492 -166.3706 17.5138 19.7931 100.0000 stroke6
movl 0 6.2186 355.2335 204.7033 -154.3864 13.8979 28.3730 100.0000 stroke7
movl 0 -1.8833 345.0827 181.9862 -154.8933 11.5645 28.7317 100.0000 stroke7
movl 0 -13.3140 344.9003 178.5601 -156.8040 7.7150 30.3787 100.0000 stroke7
movl 0 -17.5848 344.3335 176.9648 -156.5848 6.8219 30.1223 100.0000 stroke7
movl 0 -18.7745 345.5178 176.1213 -156.7558 6.9681 29.9730 100.0000 stroke7
movl 0 -22.0728 346.7014 174.7281 -157.4891 6.1724 29.8994 100.0000 stroke7
movl 0 -25.9116 347.1804 174.9677 -159.1657 4.4959 29.0716 100.0000 stroke7
movl 0 -27.9378 346.8071 175.2024 -159.8010 3.6578 28.4559 100.0000 stroke7
movl 0 -29.4693 346.7024 175.2474 -160.2724 2.9316 27.6115 100.0000 stroke7
movl 0 -30.2830 347.1558 175.3602 -160.9423 2.2758 26.3623 100.0000 stroke7
movl 0 -29.4799 348.3422 175.5848 -161.5877 1.9369 24.7657 100.0000 stroke7
movl 0 -27.5398 349.5473 175.7873 -162.1663 1.8122 22.9768 100.0000 stroke7
movl 0 -26.7454 351.4771 175.8367 -163.0190 1.4077 20.9609 100.0000 stroke7
movl 0 -24.9560 351.7917 176.2446 -162.9402 2.0199 20.6798 100.0000 stroke7
movl 0 -21.8318 349.7579 177.3481 -161.4475 2.8781 20.3727 100.0000 stroke7
movl 0 -22.4529 351.4024 177.3317 -162.8812 2.9745 20.3926 100.0000 stroke7
movl 0 -21.3111 352.3489 177.5142 -163.6244 3.4766 20.0729 100.0000 stroke7
movl 0 -20.8632 351.1441 177.4955 -162.5099 4.1354 21.2198 100.0000 stroke7
movl 0 -20.1881 350.0000 177.6468 -161.2998 4.6466 22.4007 100.0000 stroke7
movl 0 -19.3705 348.7696 178.0195 -160.6288 5.0791 22.9420 100.0000 stroke7
movl 0 -12.4647 343.5751 196.8187 -156.1387 8.5851 24.9146 100.0000 stroke7
