movl 0 -40.5284 386.1301 173.1019 -176.5440 -27.7388 129.8736 100.0000 stroke1
movl 0 -41.4816 386.9906 171.9534 -177.2104 -27.6326 131.8175 100.0000 stroke1
movl 0 -44.8916 387.4930 171.4081 -178.0232 -26.6538 132.5855 100.0000 stroke1
movl 0 -49.0048 387.8431 171.4801 -179.5670 -25.1674 133.2216 100.0000 stroke1
movl 0 -52.9285 387.5505 171.7021 179.1742 -23.8380 132.9371 100.0000 stroke1
movl 0 -56.9483 386.9335 172.0225 177.9359 -22.5561 132.2617 100.0000 stroke1
movl 0 -60.2339 386.5942 172.1883 176.8324 -21.4058 131.4687 100.0000 stroke1
movl 0 -63.6538 386.6301 172.4603 176.0634 -20.0503 130.3616 100.0000 stroke1
movl 0 -67.6498 387.1038 172.5874 175.2570 -18.6092 128.4867 100.0000 stroke1
movl 0 -70.5074 388.3933 172.3593 174.8779 -17.2073 126.1667 100.0000 stroke1
movl 0 -68.7668 386.9945 172.7752 175.3267 -18.3667 125.9708 100.0000 stroke1
movl 0 -66.4426 385.4441 173.1242 175.3081 -19.5822 126.2492 100.0000 stroke1
movl 0 -65.6486 384.8019 173.3682 175.2310 -20.0141 126.1250 100.0000 stroke1
movl 0 -64.8206 384.0587 173.6675 175.1242 -20.4537 126.1176 100.0000 stroke1
movl 0 -63.8157 383.1904 174.0098 175.0260 -20.9873 126.1633 100.0000 stroke1
movl 0 -63.1306 383.1460 174.1362 175.3624 -21.0707 126.3869 100.0000 stroke1
movl 0 -61.9292 385.6286 174.9331 177.7962 -19.6362 124.4653 100.0000 stroke1
movl 0 -61.7532 386.5736 175.1176 178.7674 -18.8140 123.8830 100.0000 stroke1
movl 0 -61.5177 386.6280 174.9867 178.9065 -18.8553 124.1223 100.0000 stroke1
movl 0 -56.7209 381.7302 175.7727 177.7286 -23.2715 129.4763 100.0000 stroke1
movl 0 -52.9816 366.6047 196.7804 167.1490 -30.6965 149.0870 100.0000 stroke1
movl 0 -20.5387 383.3785 193.2362 168.6880 -30.5733 167.3689 100.0000 stroke2
movl 0 -29.8756 384.8712 180.0911 170.6239 -25.8262 164.4166 100.0000 stroke2
movl 0 -39.5996 385.6649 177.4537 172.0676 -24.0387 161.2260 100.0000 stroke2
movl 0 -45.9311 382.8150 178.7679 172.3626 -24.5553 161.1735 100.0000 stroke2
movl 0 -51.4633 383.1024 176.9338 171.9983 -23.7519 162.5618 100.0000 stroke2
movl 0 -53.0702 385.2398 175.2338 171.1861 -22.9593 165.7674 100.0000 stroke2
movl 0 -54.3800 386.6170 174.6506 171.7094 -22.1820 165.2053 100.0000 stroke2
movl 0 -56.3350 387.7385 174.7339 172.3991 -20.8206 163.6313 100.0000 stroke2
movl 0 -56.8544 388.3275 175.0561 173.0915 -20.0476 162.6210 100.0000 stroke2
movl 0 -57.9593 388.0220 175.1674 172.6133 -19.5547 162.5823 100.0000 stroke2
movl 0 -57.5099 388.2699 175.3158 172.4947 -19.2690 161.9739 100.0000 stroke2
movl 0 -56.8435 388.6931 175.4840 172.5596 -18.9680 161.1570 100.0000 stroke2
movl 0 -56.3175 388.8160 175.7773 172.7392 -18.6758 159.5804 100.0000 stroke2
movl 0 -55.1474 389.0929 176.1547 172.7717 -18.2960 158.1060 100.0000 stroke2
movl 0 -53.0127 389.8391 176.4709 172.8689 -17.8866 156.5499 100.0000 stroke2
movl 0 -51.3731 390.7894 176.7900 172.7840 -17.2887 154.7664 100.0000 stroke2
movl 0 -49.4546 392.1268 176.9683 172.8130 -16.5014 152.4098 100.0000 stroke2
movl 0 -48.1887 393.8545 176.8912 172.7563 -15.5394 149.8847 100.0000 stroke2
movl 0 -46.6578 395.9908 176.7041 172.9768 -14.2785 146.4370 100.0000 stroke2
movl 0 -45.0706 398.7844 176.0004 173.3481 -13.2035 143.6236 100.0000 stroke2
movl 0 -44.1938 395.5418 176.8490 172.7272 -14.7698 144.4752 100.0000 stroke2
movl 0 -41.2137 391.2860 177.8182 171.7301 -17.2361 146.0309 100.0000 stroke2
movl 0 -40.7460 390.4321 178.0672 171.4844 -17.5738 146.1840 100.0000 stroke2
movl 0 -40.4801 390.2464 178.1195 171.4262 -17.4838 146.3704 100.0000 stroke2
movl 0 -41.5383 391.4962 178.0701 172.1064 -16.4836 145.9813 100.0000 stroke2
movl 0 -41.7637 392.4137 178.4250 173.1246 -15.2527 144.4232 100.0000 stroke2
movl 0 -40.9197 393.3279 177.9247 173.7655 -15.2700 144.5558 100.0000 stroke2
movl 0 -37.3328 391.7129 178.0134 174.1414 -18.0470 147.9816 100.0000 stroke2
movl 0 -33.3316 367.8899 198.4307 161.3795 -25.1132 162.1174 100.0000 stroke2
movl 0 -45.8196 361.4960 211.3048 159.0504 -28.9834 179.4539 100.0000 stroke3
movl 0 -47.8578 359.6943 186.0757 165.5252 -28.0071 165.6273 100.0000 stroke3
movl 0 -46.0205 363.5072 177.8233 169.9181 -26.8776 159.5121 100.0000 stroke3
movl 0 -48.6347 367.6340 177.1722 172.8011 -25.6125 156.6883 100.0000 stroke3
movl 0 -46.8656 372.8942 176.1747 173.8393 -25.5667 155.3148 100.0000 stroke3
movl 0 -49.4734 373.1067 175.3993 173.2613 -25.0602 155.3757 100.0000 stroke3
movl 0 -52.6325 374.5616 174.6616 174.2324 -24.2264 153.3829 100.0000 stroke3
movl 0 -55.2240 375.7545 174.4317 175.6701 -22.8772 151.0757 100.0000 stroke3
movl 0 -57.0695 376.6846 174.8074 177.1054 -21.6578 148.8656 100.0000 stroke3
movl 0 -57.2663 377.1929 175.0646 178.1527 -21.1574 147.4863 100.0000 stroke3
movl 0 -57.7287 376.6961 175.3361 178.8299 -20.8804 146.7994 100.0000 stroke3
movl 0 -58.9441 375.6176 175.8498 179.6907 -20.2918 145.5833 100.0000 stroke3
movl 0 -60.3628 374.3238 176.1704 -179.5818 -19.9509 145.0496 100.0000 stroke3
movl 0 -62.1443 372.7329 176.3202 -178.8972 -19.1561 144.2945 100.0000 stroke3
movl 0 -63.7791 371.2662 176.9531 -177.7645 -18.3801 142.8720 100.0000 stroke3
movl 0 -65.5905 369.3929 177.3274 -177.0409 -17.7635 142.1161 100.0000 stroke3
movl 0 -67.9131 367.1178 177.7675 -176.5810 -17.0747 141.6482 100.0000 stroke3
movl 0 -69.8322 365.8374 178.0700 -175.9228 -16.3965 141.2560 100.0000 stroke3
movl 0 -71.6430 364.5836 178.2194 -175.4637 -15.8550 141.1420 100.0000 stroke3
movl 0 -73.6742 363.1103 178.3870 -175.0932 -15.3457 141.3129 100.0000 stroke3
movl 0 -75.5897 361.4918 178.6569 -174.8580 -14.9208 141.3930 100.0000 stroke3
movl 0 -77.8492 359.9299 178.8467 -174.7185 -14.6280 141.6717 100.0000 stroke3
movl 0 -79.6250 358.3552 178.9793 -174.7726 -14.4759 142.1083 100.0000 stroke3
movl 0 -80.9627 357.0811 179.1138 -174.6056 -14.4115 142.5851 100.0000 stroke3
movl 0 -82.1811 355.9756 179.3378 -174.5448 -14.4611 142.9674 100.0000 stroke3
movl 0 -83.2126 354.8328 179.7514 -174.4171 -14.5827 143.2211 100.0000 stroke3
movl 0 -84.2772 353.9910 180.0337 -174.4155 -14.6513 143.4292 100.0000 stroke3
movl 0 -85.0986 353.3945 180.3358 -174.3252 -14.7986 143.6589 100.0000 stroke3
movl 0 -85.3703 353.1502 180.6379 -174.1686 -14.9857 143.6845 100.0000 stroke3
movl 0 -85.9649 353.0080 180.7353 -174.1533 -15.1311 143.8319 100.0000 stroke3
movl 0 -85.7074 352.3119 181.5597 -174.1020 -15.9803 144.4007 100.0000 stroke3
movl 0 -79.2391 350.4284 189.2464 -173.0867 -19.7656 145.6886 100.0000 stroke3
movl 0 -75.5581 334.9927 224.1321 176.4410 -30.4893 161.1157 100.0000 stroke3
movl 0 -27.8656 386.0642 214.9473 162.2455 -31.8814 -174.6924 100.0000 stroke4
movl 0 -25.8573 383.6139 185.2618 165.0073 -29.1664 -179.2471 100.0000 stroke4
movl 0 -27.5606 387.1753 176.8038 169.7898 -26.2521 173.7814 100.0000 stroke4
movl 0 -31.7390 387.7453 175.6484 170.8165 -24.1259 172.2825 100.0000 stroke4
movl 0 -32.7564 387.1034 175.4962 170.7269 -23.9027 172.2190 100.0000 stroke4
movl 0 -34.0328 388.3780 174.8690 171.1396 -23.5046 172.1283 100.0000 stroke4
movl 0 -36.1617 391.5613 173.9746 173.7566 -22.1018 168.9913 100.0000 stroke4
movl 0 -38.4205 394.2848 174.0467 176.5160 -20.7371 165.0651 100.0000 stroke4
movl 0 -40.0662 396.2192 174.1153 178.2569 -19.5761 162.2694 100.0000 stroke4
movl 0 -39.4426 398.1883 173.9899 179.8535 -18.8884 158.5960 100.0000 stroke4
movl 0 -39.9092 399.0363 174.0534 -179.4063 -18.5367 157.0206 100.0000 stroke4
movl 0 -40.1463 399.4950 174.2905 -178.2137 -18.1485 155.2012 100.0000 stroke4
movl 0 -40.6288 399.8110 174.7349 -177.1696 -17.6507 153.5045 100.0000 stroke4
movl 0 -40.8830 400.4746 175.0040 -176.0083 -17.0147 151.6433 100.0000 stroke4
movl 0 -41.1235 401.1794 175.6278 -174.5347 -16.2804 149.4494 100.0000 stroke4
movl 0 -41.4972 401.7190 176.1566 -172.8144 -15.0397 146.2697 100.0000 stroke4
movl 0 -41.6989 400.9881 176.9661 -171.9464 -14.5237 144.1507 100.0000 stroke4
movl 0 -40.5856 400.4165 177.3076 -171.6376 -14.7850 143.1201 100.0000 stroke4
movl 0 -41.8790 400.6373 177.2956 -171.1252 -14.1369 142.5550 100.0000 stroke4
movl 0 -42.2225 400.1117 177.2903 -171.4331 -14.2895 142.3305 100.0000 stroke4
movl 0 -41.8739 396.3085 178.3546 -173.0378 -16.0013 142.7497 100.0000 stroke4
movl 0 -41.1094 374.8161 203.8929 177.0480 -24.7112 148.6891 100.0000 stroke4
movl 0 -36.7487 372.5789 201.6855 176.5957 -27.6158 157.0590 100.0000 stroke5
movl 0 -38.5180 376.6650 182.6902 179.8761 -24.2499 152.6587 100.0000 stroke5
movl 0 -41.1652 378.3646 179.6191 179.9843 -22.7159 152.1527 100.0000 stroke5
movl 0 -42.1967 379.7881 177.3118 -179.6207 -22.4900 151.8229 100.0000 stroke5
movl 0 -43.9395 381.8168 175.8028 -179.1562 -22.0344 151.6567 100.0000 stroke5
movl 0 -47.2681 383.1009 174.9250 -178.5750 -19.7246 150.3937 100.0000 stroke5
movl 0 -48.4133 383.1906 175.0579 -178.3026 -18.9336 149.5537 100.0000 stroke5
movl 0 -49.6886 382.6527 175.1275 -178.9588 -18.7211 149.2954 100.0000 stroke5
movl 0 -48.1399 383.6271 175.3309 -178.8331 -18.7443 148.1819 100.0000 stroke5
movl 0 -47.0408 383.6607 175.5539 -178.8826 -18.6805 147.1730 100.0000 stroke5
movl 0 -45.7898 384.2905 175.6231 -178.7115 -18.5923 146.2113 100.0000 stroke5
movl 0 -44.1726 384.5979 175.8993 -178.6343 -18.8155 145.5399 100.0000 stroke5
movl 0 -41.6609 384.8358 176.3723 -178.5300 -18.8997 144.1321 100.0000 stroke5
movl 0 -35.8347 381.2950 180.1062 -179.1918 -20.8248 143.2854 100.0000 stroke5
movl 0 -35.5429 378.8749 181.4856 -179.9476 -21.1955 143.3983 100.0000 stroke5
movl 0 -34.5287 379.5103 180.7953 179.8721 -21.0390 143.6104 100.0000 stroke5
movl 0 -34.2697 380.5174 180.1642 -179.9369 -20.8519 144.1255 100.0000 stroke5
movl 0 -34.5164 380.0247 180.2934 179.8609 -21.1244 145.2767 100.0000 stroke5
movl 0 -32.4691 378.7220 183.2281 179.8279 -22.0894 145.1095 100.0000 stroke5
movl 0 -33.4690 371.1034 199.5870 177.1246 -23.4709 146.3920 100.0000 stroke5
movl 0 -30.7423 357.0778 244.4285 174.8347 -27.6412 145.2598 100.0000 stroke5
movl 0 -23.7460 373.4655 204.2842 174.6027 -24.9472 155.2033 100.0000 stroke6
movl 0 -25.5682 374.7647 184.4970 175.9390 -23.1339 154.4768 100.0000 stroke6
movl 0 -29.7136 374.1076 181.3296 173.9905 -22.4667 158.2181 100.0000 stroke6
movl 0 -31.4508 373.9470 179.2505 173.4510 -22.1771 158.6428 100.0000 stroke6
movl 0 -33.0709 374.5090 178.3453 173.3301 -21.5671 158.8313 100.0000 stroke6
movl 0 -36.7693 375.0090 177.8587 173.4730 -19.8139 156.9252 100.0000 stroke6
movl 0 -42.1664 373.7540 177.8980 172.6433 -18.0487 155.7804 100.0000 stroke6
movl 0 -45.6622 372.6988 177.9625 172.0721 -17.0759 154.6085 100.0000 stroke6
movl 0 -46.9837 373.1090 177.8069 171.9122 -16.2663 153.0691 100.0000 stroke6
movl 0 -47.7298 374.5698 177.5425 171.8930 -15.3506 150.6857 100.0000 stroke6
movl 0 -48.4567 376.3133 177.1979 171.8369 -14.0845 147.8674 100.0000 stroke6
movl 0 -47.8622 377.7685 176.9041 172.2491 -13.6508 146.1420 100.0000 stroke6
movl 0 -45.2834 375.0452 177.9422 171.8531 -15.7059 147.5029 100.0000 stroke6
movl 0 -43.3364 374.0891 178.6262 171.7771 -16.6133 147.8239 100.0000 stroke6
movl 0 -42.5368 373.8699 178.7828 171.8515 -16.8869 147.7858 100.0000 stroke6
movl 0 -42.3865 374.5080 178.6157 172.2856 -16.5617 147.4947 100.0000 stroke6
movl 0 -42.5152 376.8282 178.3257 173.7755 -15.3023 145.8775 100.0000 stroke6
movl 0 -41.6526 376.6195 178.0782 174.3264 -15.9425 146.1781 100.0000 stroke6
movl 0 -38.7526 373.5923 179.3095 174.4815 -18.5529 148.4613 100.0000 stroke6
movl 0 -31.4705 355.0113 209.0273 171.9587 -25.7217 149.1869 100.0000 stroke6
movl 0 -13.9912 391.2220 202.1570 177.7167 -30.1316 158.5223 100.0000 stroke7
movl 0 -12.7540 390.8323 179.1396 176.7989 -29.7036 159.8888 100.0000 stroke7
movl 0 -19.7659 388.8179 177.2945 176.3020 -26.9079 158.8679 100.0000 stroke7
movl 0 -24.1113 388.2604 176.7355 176.7335 -24.8686 156.0516 100.0000 stroke7
movl 0 -23.3225 390.9468 175.8526 177.4389 -24.5740 155.8425 100.0000 stroke7
movl 0 -23.2809 391.6197 175.5886 177.2882 -24.0748 155.5090 100.0000 stroke7
movl 0 -24.8094 393.5637 174.7511 177.7030 -23.2792 154.8095 100.0000 stroke7
movl 0 -27.5247 397.3566 174.8381 -179.4617 -20.5244 151.0301 100.0000 stroke7
movl 0 -25.6294 400.4649 174.2531 -177.2025 -19.1822 147.5247 100.0000 stroke7
movl 0 -25.8953 402.0243 174.7356 -174.8745 -18.0377 144.5350 100.0000 stroke7
movl 0 -25.9117 403.7291 175.3864 -172.2919 -16.5764 141.7663 100.0000 stroke7
movl 0 -26.4893 404.7788 175.9660 -170.3461 -15.1511 139.4880 100.0000 stroke7
movl 0 -26.7481 404.9150 176.2277 -169.0301 -14.3929 138.2529 100.0000 stroke7
movl 0 -27.5378 404.3981 176.6233 -168.5056 -13.9662 137.8483 100.0000 stroke7
movl 0 -28.0260 403.5548 176.9715 -168.3490 -14.0845 138.1381 100.0000 stroke7
movl 0 -28.2392 401.1677 178.1053 -168.3074 -14.9579 139.0623 100.0000 stroke7
movl 0 -29.8671 389.8735 194.4944 -169.6978 -20.3233 141.7668 100.0000 stroke7
movl 0 -20.2309 365.0820 247.5216 165.7085 -30.9714 169.6081 100.0000 stroke8
movl 0 -23.1288 375.1551 194.0645 175.3770 -28.0533 161.0796 100.0000 stroke8
movl 0 -36.3787 374.6546 182.2426 178.6186 -25.6818 158.0107 100.0000 stroke8
movl 0 -47.2642 370.8690 180.1173 177.3197 -23.8739 159.2472 100.0000 stroke8
movl 0 -50.4979 372.0326 178.2289 178.5354 -23.3408 159.0698 100.0000 stroke8
movl 0 -52.7034 372.9041 176.4865 178.8814 -22.3078 158.4575 100.0000 stroke8
movl 0 -57.7351 373.4191 176.6959 179.1423 -19.4574 155.5509 100.0000 stroke8
movl 0 -60.6782 373.3684 176.9535 179.1690 -17.7693 153.4228 100.0000 stroke8
movl 0 -60.9989 373.6580 177.3269 179.7319 -16.9358 151.5178 100.0000 stroke8
movl 0 -62.1078 374.1623 177.5432 179.8869 -16.6643 150.4140 100.0000 stroke8
movl 0 -61.6160 374.4417 177.5635 179.7425 -16.4284 149.1787 100.0000 stroke8
movl 0 -59.4513 375.4581 177.7976 179.9677 -16.3199 147.9850 100.0000 stroke8
movl 0 -56.5415 376.3848 178.0971 -179.6668 -16.0390 146.3432 100.0000 stroke8
movl 0 -53.6851 377.3176 178.3315 -179.3730 -15.8301 144.7413 100.0000 stroke8
movl 0 -51.4584 378.1794 178.4946 -179.3113 -15.3563 143.1314 100.0000 stroke8
movl 0 -50.5428 378.7132 178.7718 -179.6572 -14.5765 141.3431 100.0000 stroke8
movl 0 -49.2399 379.7327 178.8518 -179.7173 -13.7310 139.4358 100.0000 stroke8
movl 0 -47.4563 381.0358 178.8514 -179.7510 -12.9205 137.4091 100.0000 stroke8
movl 0 -45.6783 382.7187 178.9006 -179.8824 -11.9136 135.0957 100.0000 stroke8
movl 0 -45.4480 383.7706 178.9031 179.6510 -10.8652 132.7486 100.0000 stroke8
movl 0 -45.7277 385.3166 178.7748 179.0890 -9.5524 129.7807 100.0000 stroke8
movl 0 -46.7905 386.5007 178.4495 178.0685 -8.3264 127.0664 100.0000 stroke8
movl 0 -46.7224 386.7372 178.4035 178.0185 -8.0142 125.8450 100.0000 stroke8
movl 0 -42.9554 384.0576 179.8585 178.8306 -10.0564 126.5154 100.0000 stroke8
movl 0 -41.1321 382.8110 180.6557 178.8745 -10.8925 126.6308 100.0000 stroke8
movl 0 -40.3451 381.9621 181.1885 178.7906 -11.3469 126.5866 100.0000 stroke8
movl 0 -39.8740 381.3013 181.5901 178.7178 -11.6555 126.4840 100.0000 stroke8
movl 0 -39.7821 380.6500 181.8636 178.7339 -11.8661 126.0953 100.0000 stroke8
movl 0 -39.8688 381.8934 181.7291 179.3491 -11.0729 125.5452 100.0000 stroke8
movl 0 -40.4509 383.7833 181.5215 -179.9068 -9.8846 124.2926 100.0000 stroke8
movl 0 -41.0279 385.3071 181.2684 -179.2800 -8.9220 123.2350 100.0000 stroke8
movl 0 -40.9891 386.0904 181.3482 -178.8094 -8.2658 122.5351 100.0000 stroke8
movl 0 -40.8011 385.8810 181.4357 -178.5590 -8.2717 122.4091 100.0000 stroke8
movl 0 -37.3117 384.1902 181.6072 -177.1868 -10.7677 123.5452 100.0000 stroke8
movl 0 -25.6843 370.1135 187.6052 -176.2643 -21.4567 135.6205 100.0000 stroke8
movl 0 -21.6605 350.7875 224.6747 173.8853 -33.2734 153.2498 100.0000 stroke8
movl 0 -23.3495 380.9872 203.9408 168.9150 -29.4897 -174.9829 100.0000 stroke9
movl 0 -23.5058 372.3025 183.1211 170.4110 -26.8649 -179.3145 100.0000 stroke9
movl 0 -30.4910 364.5279 179.1377 167.7303 -22.0982 -179.5647 100.0000 stroke9
movl 0 -34.9126 365.1923 179.4564 168.8534 -20.0984 178.4969 100.0000 stroke9
movl 0 -37.4501 365.7813 178.4225 169.1465 -19.9316 179.5973 100.0000 stroke9
movl 0 -37.8359 367.0345 176.7890 168.7606 -20.2472 -177.9878 100.0000 stroke9
movl 0 -40.0517 369.7309 175.8613 170.7629 -19.5155 -179.6476 100.0000 stroke9
movl 0 -42.3974 373.1433 175.7537 174.2184 -18.3610 176.6256 100.0000 stroke9
movl 0 -43.3922 375.5147 175.9043 176.9835 -17.6712 173.1769 100.0000 stroke9
movl 0 -43.8967 377.1776 176.2144 179.2514 -17.1617 170.4702 100.0000 stroke9
movl 0 -44.8232 379.1293 176.3379 -178.2969 -16.3363 167.7970 100.0000 stroke9
movl 0 -45.7795 380.8763 176.3484 -176.2172 -15.5006 165.5937 100.0000 stroke9
movl 0 -46.1876 382.2973 176.4119 -174.0327 -14.8481 163.1974 100.0000 stroke9
movl 0 -45.1673 380.3675 177.2695 -174.2564 -15.3076 162.2773 100.0000 stroke9
movl 0 -42.5327 378.9544 177.8567 -175.0424 -16.2086 161.4422 100.0000 stroke9
movl 0 -43.1085 379.1289 177.8427 -174.0868 -15.7971 160.5568 100.0000 stroke9
movl 0 -43.9886 378.3427 177.9425 -174.4432 -15.4039 160.9233 100.0000 stroke9
movl 0 -41.0851 368.7422 181.9313 179.4646 -19.4076 162.3079 100.0000 stroke9
movl 0 -41.7631 344.3753 234.5640 160.9234 -23.3507 172.1560 100.0000 stroke9
movl 0 -28.4513 352.4401 209.6993 153.1473 -21.3047 -163.5100 100.0000 stroke10
movl 0 -28.5542 348.9496 181.9817 155.4349 -19.2248 -167.2383 100.0000 stroke10
movl 0 -31.6354 352.3707 180.5291 163.2363 -20.4476 -178.7477 100.0000 stroke10
movl 0 -38.1129 350.5784 181.7321 165.4749 -19.3408 177.2833 100.0000 stroke10
movl 0 -39.3219 353.4507 180.7085 167.5542 -19.1395 175.3803 100.0000 stroke10
movl 0 -41.5610 354.6938 179.3893 168.3604 -18.8021 176.3057 100.0000 stroke10
movl 0 -41.6318 356.6565 178.2708 168.4905 -18.4398 177.6711 100.0000 stroke10
movl 0 -43.7042 358.7319 177.5569 169.2258 -17.2718 177.1094 100.0000 stroke10
movl 0 -45.9379 359.5502 177.5876 170.2145 -15.8906 175.1601 100.0000 stroke10
movl 0 -46.9325 359.3973 177.8785 170.3358 -15.3702 173.4241 100.0000 stroke10
movl 0 -45.9915 360.2092 177.9543 170.8011 -15.1233 171.5814 100.0000 stroke10
movl 0 -43.6255 361.7043 178.1903 171.3362 -15.1869 169.8236 100.0000 stroke10
movl 0 -40.2150 363.3565 178.4012 172.0821 -15.1514 167.2120 100.0000 stroke10
movl 0 -36.9740 365.4369 178.3721 172.7760 -15.2145 165.0236 100.0000 stroke10
movl 0 -33.8860 366.6411 178.5348 173.5491 -15.2336 162.5322 100.0000 stroke10
movl 0 -31.0458 366.9951 178.6797 174.2154 -16.3564 161.5789 100.0000 stroke10
movl 0 -30.6219 370.4155 178.2396 176.5618 -15.9824 159.0480 100.0000 stroke10
movl 0 -27.7809 375.0167 177.3934 179.5721 -15.4609 156.0576 100.0000 stroke10
movl 0 -23.2007 379.9130 176.0609 -177.4654 -15.9415 154.4872 100.0000 stroke10
movl 0 -20.4162 382.6785 175.1019 -175.1962 -16.3807 153.8960 100.0000 stroke10
movl 0 -20.2761 384.4495 174.9634 -173.1813 -15.9281 152.9911 100.0000 stroke10
movl 0 -20.7006 385.4885 174.9259 -171.5406 -15.4469 152.2809 100.0000 stroke10
movl 0 -21.6563 385.7702 174.9998 -170.5870 -14.8733 151.6768 100.0000 stroke10
movl 0 -22.3963 385.9625 174.8327 -169.4680 -14.4834 151.1807 100.0000 stroke10
movl 0 -22.6749 384.7849 175.2501 -169.3137 -14.5142 151.1940 100.0000 stroke10
movl 0 -19.2822 383.4215 175.8675 -170.0670 -15.7700 150.6173 100.0000 stroke10
movl 0 -21.6291 383.6476 175.7663 -169.2449 -14.9366 150.8021 100.0000 stroke10
movl 0 -22.0493 382.4431 176.1284 -169.6790 -15.0753 150.9614 100.0000 stroke10
movl 0 -23.0116 381.8253 176.2252 -169.9788 -14.9959 151.0771 100.0000 stroke10
movl 0 -20.8636 381.1123 176.5470 -170.6924 -15.7989 150.6377 100.0000 stroke10
movl 0 -21.5562 377.4119 178.0763 -172.5913 -16.4626 150.8236 100.0000 stroke10
movl 0 -22.5198 370.1124 183.4535 -176.6561 -18.4345 152.5399 100.0000 stroke10
movl 0 -25.5304 356.3871 219.2057 171.1036 -24.7247 161.4267 100.0000 stroke10
movl 0 -10.9232 377.0733 198.0469 174.0929 -31.0457 171.0974 100.0000 stroke11
movl 0 -15.0535 376.8936 179.8462 -177.8615 -26.9278 159.7968 100.0000 stroke11
movl 0 -18.0292 376.4371 178.9216 -176.1514 -24.4373 154.5128 100.0000 stroke11
movl 0 -20.0151 378.0546 178.0951 -175.4630 -22.5816 153.3355 100.0000 stroke11
movl 0 -19.7673 379.8121 176.7931 -174.7732 -22.0353 153.1099 100.0000 stroke11
movl 0 -21.1669 381.4142 175.7190 -174.3671 -21.3966 153.0297 100.0000 stroke11
movl 0 -22.6303 385.0917 174.6325 -172.9630 -19.3783 150.9512 100.0000 stroke11
movl 0 -22.0575 388.7839 173.7401 -170.9311 -18.1732 148.8241 100.0000 stroke11
movl 0 -22.5117 390.6210 173.7123 -168.4580 -16.7599 146.2778 100.0000 stroke11
movl 0 -23.8171 392.7921 173.7513 -166.3083 -14.7817 144.2299 100.0000 stroke11
movl 0 -24.3916 394.6193 173.5518 -164.4021 -13.3083 142.5096 100.0000 stroke11
movl 0 -24.4799 394.2802 174.0389 -164.1840 -13.1582 141.9617 100.0000 stroke11
movl 0 -25.0849 393.5558 173.9505 -164.3566 -13.0588 142.2153 100.0000 stroke11
movl 0 -25.2481 388.8645 175.5788 -166.6872 -14.7765 143.2221 100.0000 stroke11
movl 0 -26.5488 371.9566 190.1926 -174.9076 -20.9040 148.7892 100.0000 stroke11
movl 0 -31.5591 345.6297 222.6402 165.2939 -25.9858 174.0635 100.0000 stroke12
movl 0 -32.5048 348.6965 188.8899 173.0468 -23.8475 165.0349 100.0000 stroke12
movl 0 -36.1637 350.1844 182.2693 174.6856 -21.6209 161.4893 100.0000 stroke12
movl 0 -37.3863 353.0733 180.2081 175.1262 -21.4153 161.1578 100.0000 stroke12
movl 0 -39.2044 355.5333 178.4139 175.9084 -21.0865 161.7252 100.0000 stroke12
movl 0 -40.7880 358.1866 177.0244 177.2063 -19.5328 159.6622 100.0000 stroke12
movl 0 -43.7099 358.8718 177.4800 177.9317 -17.9689 156.9033 100.0000 stroke12
movl 0 -44.6664 358.4902 177.6786 177.5564 -17.5879 155.8587 100.0000 stroke12
movl 0 -43.6823 359.4494 177.8360 177.8798 -17.1478 154.2073 100.0000 stroke12
movl 0 -42.1366 360.6502 178.0392 178.3488 -16.5471 151.9613 100.0000 stroke12
movl 0 -39.9062 362.2783 178.0173 178.7798 -15.8920 149.3464 100.0000 stroke12
movl 0 -38.0378 364.9799 177.3136 179.0739 -14.8397 146.4087 100.0000 stroke12
movl 0 -37.7102 362.2811 178.1747 178.6402 -16.1737 147.3743 100.0000 stroke12
movl 0 -38.3510 362.6569 178.2012 178.8563 -15.5179 147.0644 100.0000 stroke12
movl 0 -39.2770 363.1306 178.1073 179.1404 -15.1547 146.8703 100.0000 stroke12
movl 0 -39.5725 362.4842 178.4229 179.1986 -15.5833 146.6966 100.0000 stroke12
movl 0 -39.3877 359.4821 180.1706 179.2101 -16.4147 146.2684 100.0000 stroke12
movl 0 -46.3174 352.9349 196.2912 176.5933 -18.1981 148.9597 100.0000 stroke12
movl 0 -28.3763 346.8342 246.1567 175.3181 -30.1429 159.2694 100.0000 stroke13
movl 0 -26.4466 352.2276 193.7882 -175.3122 -24.9773 147.7379 100.0000 stroke13
movl 0 -31.4298 350.8225 184.9688 -177.2093 -22.1248 150.1888 100.0000 stroke13
movl 0 -38.5043 351.6963 181.5274 -178.0724 -20.9989 150.4820 100.0000 stroke13
movl 0 -42.8929 352.2815 180.1968 -178.3744 -20.2278 150.7211 100.0000 stroke13
movl 0 -44.8022 353.1276 178.7690 -178.4109 -19.0599 150.2824 100.0000 stroke13
movl 0 -48.2027 354.0562 178.5261 -178.3941 -17.3478 148.7596 100.0000 stroke13
movl 0 -49.9490 353.5079 178.5877 -178.7290 -16.9960 147.7956 100.0000 stroke13
movl 0 -48.7428 354.7987 178.6816 -178.1871 -16.3879 145.3765 100.0000 stroke13
movl 0 -47.3650 356.0299 178.7726 -177.7563 -15.7369 143.1301 100.0000 stroke13
movl 0 -45.7207 357.1768 178.7332 -177.4489 -15.2376 141.6367 100.0000 stroke13
movl 0 -44.1943 357.9134 178.8234 -177.2769 -14.8132 140.1807 100.0000 stroke13
movl 0 -41.6976 359.4987 178.7156 -176.9151 -14.2291 138.3784 100.0000 stroke13
movl 0 -39.4654 360.9328 178.5851 -176.7055 -13.5010 136.4999 100.0000 stroke13
movl 0 -38.7222 362.6063 178.2916 -176.7458 -12.5747 134.7305 100.0000 stroke13
movl 0 -38.7280 363.3829 178.0569 -176.5818 -12.2487 134.3132 100.0000 stroke13
movl 0 -39.1166 363.3174 178.0211 -176.7345 -12.6256 134.6786 100.0000 stroke13
movl 0 -39.5140 363.3494 177.8248 -176.8034 -12.0455 134.4669 100.0000 stroke13
movl 0 -40.7676 362.7596 177.8091 -177.3306 -12.2625 134.6788 100.0000 stroke13
movl 0 -41.0082 361.0923 178.7294 -177.4320 -13.0240 135.3818 100.0000 stroke13
movl 0 -43.5040 352.0100 199.3610 -179.3564 -17.7041 137.2888 100.0000 stroke13
movl 0 -31.9849 360.2506 198.7008 -173.0852 -23.6889 148.3368 100.0000 stroke14
movl 0 -34.5464 354.4454 183.7237 -175.1959 -20.6459 147.3561 100.0000 stroke14
movl 0 -35.4889 355.8650 180.9778 -174.9737 -20.1628 147.2945 100.0000 stroke14
movl 0 -37.4324 357.0845 179.8445 -174.7750 -19.7081 147.3752 100.0000 stroke14
movl 0 -36.9949 358.0677 178.3060 -174.5061 -19.3080 147.0147 100.0000 stroke14
movl 0 -39.8419 361.8699 176.8811 -173.3644 -17.2959 145.3949 100.0000 stroke14
movl 0 -40.5873 365.5690 175.9005 -171.7624 -15.4320 143.3581 100.0000 stroke14
movl 0 -39.1377 368.7702 175.0742 -170.1699 -14.2923 141.5473 100.0000 stroke14
movl 0 -38.7478 369.8662 174.6145 -169.1994 -14.2620 141.6436 100.0000 stroke14
movl 0 -39.2872 369.7718 174.3558 -168.5880 -14.2409 142.2596 100.0000 stroke14
movl 0 -40.0525 369.4643 174.3272 -168.1350 -14.1943 142.7553 100.0000 stroke14
movl 0 -41.6943 368.0900 174.3943 -167.8689 -14.0631 143.2228 100.0000 stroke14
movl 0 -42.6649 367.3314 174.5329 -167.4820 -14.0755 143.5237 100.0000 stroke14
movl 0 -43.8373 366.2785 174.6872 -167.3135 -14.1134 143.7187 100.0000 stroke14
movl 0 -44.7576 365.4435 174.9861 -167.2189 -14.1273 143.5533 100.0000 stroke14
movl 0 -45.4797 364.5558 175.3891 -167.1258 -14.3691 143.6543 100.0000 stroke14
movl 0 -46.2564 363.8879 175.7361 -167.1411 -14.5678 143.7309 100.0000 stroke14
movl 0 -46.8392 363.7195 175.9581 -167.0838 -14.7060 143.7174 100.0000 stroke14
movl 0 -47.6415 363.8005 175.9325 -167.0684 -14.6231 143.7121 100.0000 stroke14
movl 0 -47.8855 363.9087 175.9307 -166.9762 -14.6241 143.6092 100.0000 stroke14
movl 0 -48.8612 363.6265 176.2131 -166.9040 -14.7434 143.5787 100.0000 stroke14
movl 0 -49.4215 363.1320 176.8548 -166.9082 -14.9575 143.4431 100.0000 stroke14
movl 0 -49.4371 357.9357 188.3389 -167.9097 -18.4662 142.8021 100.0000 stroke14
movl 0 -48.0823 344.9265 246.6069 -173.6494 -31.0005 145.9145 100.0000 stroke14
movl 0 -16.0054 365.6044 234.4990 -159.4111 -20.7444 115.7203 100.0000 stroke15
movl 0 -9.4165 366.6494 187.4587 -154.9112 -8.9217 103.6243 100.0000 stroke15
movl 0 -11.6686 357.4126 186.2947 -157.0265 -9.0811 97.9377 100.0000 stroke15
movl 0 -20.6442 359.6467 184.3923 -159.3222 -5.9953 94.3938 100.0000 stroke15
movl 0 -24.4437 360.7379 182.7338 -160.2974 -5.4911 93.7105 100.0000 stroke15
movl 0 -24.0535 363.1964 181.3764 -160.2428 -4.9037 92.8612 100.0000 stroke15
movl 0 -25.3970 364.6860 180.3718 -160.7270 -4.3965 91.7661 100.0000 stroke15
movl 0 -29.4853 367.0658 179.8798 -162.5921 -2.4436 89.0094 100.0000 stroke15
movl 0 -33.4969 369.8171 179.9450 -164.8836 0.3092 84.9345 100.0000 stroke15
movl 0 -36.3550 372.6695 179.6227 -167.0573 2.7724 79.1418 100.0000 stroke15
movl 0 -38.2442 376.8925 178.8289 -169.3087 5.4397 74.1806 100.0000 stroke15
movl 0 -41.4410 380.5661 178.0168 -172.3946 7.4492 68.2539 100.0000 stroke15
movl 0 -44.8432 383.0382 177.2690 -175.5832 8.4168 61.7731 100.0000 stroke15
movl 0 -48.0815 386.8813 176.1196 -179.1937 9.3453 56.9061 100.0000 stroke15
movl 0 -49.0284 388.9137 175.6054 179.1738 9.7878 55.1669 100.0000 stroke15
movl 0 -46.3363 388.2126 176.4279 -179.7736 9.2086 55.5128 100.0000 stroke15
movl 0 -46.6026 388.4818 176.1016 -179.9398 9.8359 56.6482 100.0000 stroke15
movl 0 -47.3592 388.3178 176.1150 179.4447 10.5835 57.6706 100.0000 stroke15
movl 0 -47.8020 386.7971 176.6447 179.5246 10.3431 57.9201 100.0000 stroke15
movl 0 -45.5562 383.3213 178.4362 -178.5184 9.0003 59.7585 100.0000 stroke15
movl 0 -44.2613 382.1033 178.7403 -177.6903 8.6391 61.1374 100.0000 stroke15
movl 0 -44.5786 381.8353 178.6493 -178.0762 9.1876 60.8642 100.0000 stroke15
movl 0 -44.3184 380.5124 178.7796 -178.1955 9.4952 61.0396 100.0000 stroke15
movl 0 -43.0854 378.2379 180.0362 -177.1216 8.6181 61.5506 100.0000 stroke15
movl 0 -42.0193 377.4515 180.5299 -176.6598 8.3878 61.6190 100.0000 stroke15
movl 0 -42.2610 377.1525 180.4734 -176.9063 8.5763 61.4976 100.0000 stroke15
movl 0 -42.0583 376.3462 180.5605 -176.9137 8.6507 61.5132 100.0000 stroke15
movl 0 -41.7400 375.0082 180.9338 -176.6979 8.4677 61.7176 100.0000 stroke15
movl 0 -40.1943 372.8400 182.2240 -175.7224 7.9488 62.1241 100.0000 stroke15
movl 0 -40.8270 372.0620 181.8660 -176.1052 8.1910 62.1615 100.0000 stroke15
movl 0 -40.1631 372.4428 181.9976 -175.4773 8.1347 62.2777 100.0000 stroke15
movl 0 -36.8996 370.5896 183.3239 -173.2352 7.5623 63.5260 100.0000 stroke15
movl 0 -29.8048 363.1268 186.9700 -167.0846 2.9501 70.5847 100.0000 stroke15
movl 0 -28.5531 349.7525 218.8850 -163.8735 -8.1907 78.0347 100.0000 stroke15
