movl 0 -29.7444 408.5114 241.5925 152.1466 -13.2366 -133.1545 100.0000 stroke1
movl 0 -30.3291 396.5114 205.5169 154.0240 -14.1651 -135.1472 100.0000 stroke1
movl 0 -30.5025 388.2080 194.7046 153.9501 -13.2011 -135.8188 100.0000 stroke1
movl 0 -31.3557 390.6201 188.8522 157.3726 -15.9695 -140.2606 100.0000 stroke1
movl 0 -33.2994 391.3798 187.5345 161.2120 -19.1981 -151.3637 100.0000 stroke1
movl 0 -34.7177 392.8138 186.1499 165.3527 -22.3616 -162.5509 100.0000 stroke1
movl 0 -37.2859 394.5924 183.8208 169.1674 -24.1972 -171.2762 100.0000 stroke1
movl 0 -38.7479 394.6541 182.3067 170.4559 -24.8801 -174.7075 100.0000 stroke1
movl 0 -39.1592 395.8848 181.7828 170.4515 -24.7121 -173.8744 100.0000 stroke1
movl 0 -39.7993 397.2775 181.2095 171.2772 -24.9028 -174.9813 100.0000 stroke1
movl 0 -39.6847 397.5688 180.1393 170.8446 -25.1457 -175.2592 100.0000 stroke1
movl 0 -36.2791 394.1019 179.0129 170.6516 -27.8530 178.1146 100.0000 stroke1
movl 0 -38.9431 398.5970 178.1599 172.3542 -26.1739 -179.0884 100.0000 stroke1
movl 0 -41.7939 400.3069 177.9663 174.8668 -25.2521 178.4469 100.0000 stroke1
movl 0 -44.4251 398.6795 177.6149 174.8377 -25.7203 176.8661 100.0000 stroke1
movl 0 -48.9709 398.6213 176.7111 175.0178 -25.3663 177.4483 100.0000 stroke1
movl 0 -51.3687 398.5895 176.3590 174.8661 -25.0991 177.7322 100.0000 stroke1
movl 0 -51.4824 398.3758 176.3158 174.7814 -25.1315 177.5062 100.0000 stroke1
movl 0 -52.2984 398.1913 176.1518 174.8934 -25.0690 177.3601 100.0000 stroke1
movl 0 -53.1676 398.3275 175.6138 175.1561 -25.0456 177.2977 100.0000 stroke1
movl 0 -54.5487 398.5171 174.9596 175.2889 -24.5093 176.9834 100.0000 stroke1
movl 0 -56.3478 398.0082 174.9368 175.0778 -23.4860 176.5212 100.0000 stroke1
movl 0 -57.4162 398.4141 174.6254 175.3897 -22.7582 175.9930 100.0000 stroke1
movl 0 -58.4357 398.7721 174.4726 175.8229 -22.0366 175.4077 100.0000 stroke1
movl 0 -59.2241 398.8918 174.9111 176.2910 -21.1582 174.5412 100.0000 stroke1
movl 0 -61.1926 397.8748 175.2941 175.7830 -20.5112 173.9900 100.0000 stroke1
movl 0 -61.5909 398.0856 175.1349 175.6611 -20.1429 173.6028 100.0000 stroke1
movl 0 -61.4439 397.9616 175.4266 175.5498 -19.8766 173.1986 100.0000 stroke1
movl 0 -61.0806 397.9162 175.6508 175.5457 -19.6790 172.8974 100.0000 stroke1
movl 0 -60.3762 397.9801 175.9472 175.6077 -19.4796 172.3959 100.0000 stroke1
movl 0 -59.7391 397.9815 176.2210 175.6395 -19.2367 171.7193 100.0000 stroke1
movl 0 -59.0080 398.3249 176.4005 175.7671 -18.9210 170.8750 100.0000 stroke1
movl 0 -58.5249 398.5497 176.5574 175.8972 -18.6162 170.0834 100.0000 stroke1
movl 0 -58.1379 398.8471 176.5947 175.7907 -18.0443 169.6649 100.0000 stroke1
movl 0 -57.2326 399.0250 176.8515 175.8496 -17.9343 168.9906 100.0000 stroke1
movl 0 -56.1364 399.3809 177.0791 175.9460 -17.8040 168.3345 100.0000 stroke1
movl 0 -54.9293 399.6576 177.5502 176.0436 -17.5167 167.4981 100.0000 stroke1
movl 0 -53.9863 400.4451 177.2099 176.2713 -17.1898 166.5272 100.0000 stroke1
movl 0 -52.9394 400.9344 177.2792 176.3024 -16.8722 165.6624 100.0000 stroke1
movl 0 -52.1408 401.7972 177.1992 176.4597 -16.3637 164.5669 100.0000 stroke1
movl 0 -51.7783 402.5734 176.9978 176.5173 -15.6648 163.4660 100.0000 stroke1
movl 0 -49.9600 403.3642 177.0911 176.7754 -15.5231 161.6101 100.0000 stroke1
movl 0 -48.7526 403.9619 176.9675 177.0030 -15.3798 160.6249 100.0000 stroke1
movl 0 -48.8092 402.7406 177.5519 176.6934 -15.8172 161.1713 100.0000 stroke1
movl 0 -47.3897 401.3015 178.3631 176.2919 -16.6852 161.5633 100.0000 stroke1
movl 0 -46.7940 400.4591 179.0147 176.0076 -17.0523 161.6675 100.0000 stroke1
movl 0 -46.3392 399.6558 179.5379 175.6807 -17.2594 161.6248 100.0000 stroke1
movl 0 -46.2999 399.5079 179.6493 175.5688 -17.1357 161.4980 100.0000 stroke1
movl 0 -45.8996 399.3179 179.7789 175.4393 -17.1048 161.2984 100.0000 stroke1
movl 0 -45.9611 399.5874 179.6458 175.6841 -16.9373 161.1753 100.0000 stroke1
movl 0 -45.7796 400.2612 179.4144 176.7363 -16.4123 160.6949 100.0000 stroke1
movl 0 -46.5739 400.2034 179.0556 177.2856 -16.5646 161.5029 100.0000 stroke1
movl 0 -47.1727 399.3804 179.3902 177.1560 -17.0537 161.7198 100.0000 stroke1
movl 0 -46.9007 399.5478 179.0608 177.2497 -17.1184 161.7080 100.0000 stroke1
movl 0 -42.8550 394.3872 181.5329 175.2007 -20.4812 165.1277 100.0000 stroke1
movl 0 -37.4555 376.9907 206.1119 158.0427 -26.7077 -177.3705 100.0000 stroke1
movl 0 -23.8089 397.8067 212.5894 163.6004 -29.2949 -175.0557 100.0000 stroke2
movl 0 -27.4171 391.9814 177.6771 159.8842 -24.3516 -171.2230 100.0000 stroke2
movl 0 -31.9193 389.9949 173.6641 155.7829 -20.8092 -165.8470 100.0000 stroke2
movl 0 -33.1525 392.9182 170.3947 155.8422 -19.4572 -163.4312 100.0000 stroke2
movl 0 -33.1558 395.1218 169.0987 155.6793 -17.8257 -160.4147 100.0000 stroke2
movl 0 -34.1608 396.6303 168.2648 155.5572 -16.9762 -158.4659 100.0000 stroke2
movl 0 -36.8451 398.9891 167.2795 156.6456 -16.0537 -158.4096 100.0000 stroke2
movl 0 -39.3869 401.8195 166.4792 159.2578 -15.8171 -160.7829 100.0000 stroke2
movl 0 -41.2508 402.9061 166.2263 161.1968 -16.2099 -163.6388 100.0000 stroke2
movl 0 -40.4702 404.0016 166.4460 162.7150 -17.3349 -166.3087 100.0000 stroke2
movl 0 -42.5901 403.7568 167.1284 164.3391 -17.9093 -168.7763 100.0000 stroke2
movl 0 -42.8793 404.2785 167.5191 165.5304 -18.6160 -170.8594 100.0000 stroke2
movl 0 -43.1410 404.6142 168.0558 166.5420 -19.0530 -172.7043 100.0000 stroke2
movl 0 -43.4902 404.7422 168.4296 167.2946 -19.3245 -173.8109 100.0000 stroke2
movl 0 -43.4988 404.4154 169.2648 168.0941 -19.7058 -174.9058 100.0000 stroke2
movl 0 -43.4436 404.5229 169.9052 169.2958 -19.9840 -176.3792 100.0000 stroke2
movl 0 -43.5116 404.6075 170.3837 170.5600 -20.2579 -178.1203 100.0000 stroke2
movl 0 -43.7510 404.7059 170.8487 171.7311 -20.3162 -179.5681 100.0000 stroke2
movl 0 -43.8281 404.8013 171.2366 173.1408 -20.3666 178.3913 100.0000 stroke2
movl 0 -44.0296 404.5590 171.8680 174.0725 -20.3758 177.2881 100.0000 stroke2
movl 0 -44.4183 404.4000 172.4628 174.9374 -20.2335 176.4533 100.0000 stroke2
movl 0 -44.3435 404.3949 172.8466 175.9585 -20.2819 175.2493 100.0000 stroke2
movl 0 -44.9034 404.0928 173.2032 176.6543 -20.0592 174.2194 100.0000 stroke2
movl 0 -45.0454 404.0504 173.4424 177.6076 -20.0361 173.2569 100.0000 stroke2
movl 0 -45.1413 404.0496 173.6433 178.4368 -19.8973 172.4721 100.0000 stroke2
movl 0 -45.1716 404.2018 173.9418 179.4562 -19.8347 171.3312 100.0000 stroke2
movl 0 -45.2229 404.2736 174.0467 -179.6050 -19.6551 170.2927 100.0000 stroke2
movl 0 -45.3054 404.4432 174.1874 -178.6321 -19.4589 169.2817 100.0000 stroke2
movl 0 -45.2912 404.4820 174.5690 -177.6590 -19.3337 168.4379 100.0000 stroke2
movl 0 -45.4612 404.3516 174.7271 -176.7411 -19.1462 167.5319 100.0000 stroke2
movl 0 -45.8426 404.5240 174.8741 -175.5595 -18.7844 166.1761 100.0000 stroke2
movl 0 -46.2778 404.4763 175.0568 -174.5258 -18.4644 165.2572 100.0000 stroke2
movl 0 -46.4928 404.5611 175.2211 -173.6122 -18.0490 164.5854 100.0000 stroke2
movl 0 -46.5979 404.8520 175.3295 -172.0842 -17.7517 162.0827 100.0000 stroke2
movl 0 -46.7181 405.3233 175.1634 -170.9358 -17.3199 160.7200 100.0000 stroke2
movl 0 -47.3004 405.5584 175.0289 -170.1642 -16.8164 160.2840 100.0000 stroke2
movl 0 -48.1377 405.6776 174.9290 -169.5035 -16.3336 160.2242 100.0000 stroke2
movl 0 -48.8318 406.0838 174.7188 -168.4170 -15.7898 159.4007 100.0000 stroke2
movl 0 -49.4939 406.6361 174.6761 -167.4817 -15.1241 159.1084 100.0000 stroke2
movl 0 -49.6659 407.0317 174.5783 -166.7493 -14.7242 158.7861 100.0000 stroke2
movl 0 -50.4369 407.3904 174.3801 -166.1419 -14.2173 159.1375 100.0000 stroke2
movl 0 -51.9082 407.7081 174.1302 -165.5249 -13.2509 159.5130 100.0000 stroke2
movl 0 -52.6000 407.9262 173.9065 -165.0051 -12.7955 159.3050 100.0000 stroke2
movl 0 -53.3613 408.1152 173.7666 -164.4883 -12.2910 159.4419 100.0000 stroke2
movl 0 -53.7607 407.9097 173.9257 -164.0351 -12.1231 159.4318 100.0000 stroke2
movl 0 -54.6386 407.8993 173.7615 -163.5297 -11.7587 159.5212 100.0000 stroke2
movl 0 -55.4495 407.9432 173.5866 -163.1695 -11.4461 160.5106 100.0000 stroke2
movl 0 -57.5423 406.4915 173.9170 -163.2492 -11.3819 161.7531 100.0000 stroke2
movl 0 -55.5452 405.2023 175.1028 -163.9436 -12.3201 161.9156 100.0000 stroke2
movl 0 -51.6278 404.7559 176.2074 -164.6487 -13.2439 161.3243 100.0000 stroke2
movl 0 -51.6816 404.6287 176.2979 -164.2833 -13.0696 161.4119 100.0000 stroke2
movl 0 -52.3867 404.0231 176.1777 -164.4425 -12.8077 161.5446 100.0000 stroke2
movl 0 -50.2072 402.1660 177.3213 -165.7458 -13.9671 161.5001 100.0000 stroke2
movl 0 -46.5290 398.8061 179.2475 -167.7695 -16.2109 160.2967 100.0000 stroke2
movl 0 -44.8171 396.9178 180.4857 -168.9091 -16.9620 159.9903 100.0000 stroke2
movl 0 -43.5431 393.6965 181.5941 -170.3076 -17.9338 159.5681 100.0000 stroke2
movl 0 -45.6256 394.0640 180.3300 -170.3582 -17.4027 160.0524 100.0000 stroke2
movl 0 -49.2237 394.9409 177.5455 -169.6095 -16.3974 163.7655 100.0000 stroke2
movl 0 -51.4257 394.4936 176.5607 -169.6333 -16.3889 165.2834 100.0000 stroke2
movl 0 -52.0021 393.8132 176.1005 -170.3293 -17.0039 167.5384 100.0000 stroke2
movl 0 -53.1812 393.2141 176.0392 -170.7147 -17.1512 168.5247 100.0000 stroke2
movl 0 -53.2862 392.9973 176.4316 -170.8515 -17.4821 168.6017 100.0000 stroke2
movl 0 -54.1478 392.8311 176.6765 -171.0953 -17.4843 168.6935 100.0000 stroke2
movl 0 -53.5690 392.9285 176.9423 -171.0547 -17.5240 168.5057 100.0000 stroke2
movl 0 -50.3018 392.1936 178.4383 -171.4403 -18.2650 168.2265 100.0000 stroke2
movl 0 -39.2573 389.0068 184.7384 -173.6572 -21.4888 168.7026 100.0000 stroke2
movl 0 -30.2777 376.8611 223.7562 178.8341 -26.8988 175.6615 100.0000 stroke2
movl 0 -34.2512 389.9206 217.4536 172.8817 -26.1750 -176.6886 100.0000 stroke3
movl 0 -36.3295 389.2447 185.3660 175.2136 -24.2478 179.9765 100.0000 stroke3
movl 0 -38.4743 385.1593 185.1031 169.9266 -21.9097 -176.7940 100.0000 stroke3
movl 0 -37.4621 388.7678 182.1411 170.6093 -22.2649 -175.8819 100.0000 stroke3
movl 0 -38.2321 392.6546 180.3966 171.7863 -21.9498 -176.5323 100.0000 stroke3
movl 0 -38.8577 393.9982 179.2437 172.1651 -21.7090 -177.1099 100.0000 stroke3
movl 0 -39.8439 395.7093 177.9934 172.6620 -21.3419 -177.7450 100.0000 stroke3
movl 0 -40.8155 397.2970 176.9665 173.4559 -21.0732 -178.2258 100.0000 stroke3
movl 0 -42.2846 399.3862 175.9080 174.8106 -20.4397 -178.6830 100.0000 stroke3
movl 0 -41.9211 400.1697 175.4418 175.1944 -20.4799 -178.8304 100.0000 stroke3
movl 0 -42.7083 400.0617 175.2245 175.5374 -20.6673 -178.4293 100.0000 stroke3
movl 0 -42.6575 400.5631 175.0769 176.1319 -20.8214 -178.6937 100.0000 stroke3
movl 0 -43.4529 400.4020 175.0747 176.6066 -20.8685 -178.6340 100.0000 stroke3
movl 0 -44.3137 400.3071 175.1234 177.1429 -20.9696 -178.5049 100.0000 stroke3
movl 0 -45.6654 400.2756 175.0114 177.9608 -20.7608 -178.6419 100.0000 stroke3
movl 0 -47.5134 399.9675 175.1733 178.6216 -20.7266 -178.2026 100.0000 stroke3
movl 0 -49.4711 399.0094 175.3349 179.1456 -20.7552 -177.5279 100.0000 stroke3
movl 0 -51.7892 398.2189 175.3937 179.7175 -20.7239 -176.6814 100.0000 stroke3
movl 0 -54.2063 396.8643 175.6304 -179.9361 -20.8178 -175.6449 100.0000 stroke3
movl 0 -56.3146 395.8923 175.7167 -179.8998 -20.7795 -174.8164 100.0000 stroke3
movl 0 -56.8788 394.9158 176.3853 -179.9440 -21.0224 -174.4862 100.0000 stroke3
movl 0 -57.5585 393.6931 177.1340 179.8557 -21.2392 -174.1309 100.0000 stroke3
movl 0 -57.7213 392.9268 177.7451 179.5473 -21.3591 -173.8389 100.0000 stroke3
movl 0 -57.2701 392.9564 177.8604 179.5711 -21.4135 -173.9171 100.0000 stroke3
movl 0 -50.8090 391.1269 181.4977 177.9950 -22.6040 -174.0771 100.0000 stroke3
movl 0 -31.1123 381.6919 208.3659 170.0988 -26.6491 -173.9773 100.0000 stroke3
movl 0 -10.4317 412.1356 206.0977 157.9223 -21.0831 -138.7461 100.0000 stroke4
movl 0 -19.5718 404.0404 185.9142 163.6874 -20.7010 -145.1383 100.0000 stroke4
movl 0 -30.7805 398.4678 185.0359 162.9404 -16.1102 -144.5294 100.0000 stroke4
movl 0 -37.2250 396.3354 184.5226 164.2033 -14.1207 -143.8475 100.0000 stroke4
movl 0 -41.5259 395.6031 183.8969 165.0676 -13.0803 -143.5270 100.0000 stroke4
movl 0 -44.3197 395.8456 182.7655 165.7208 -12.7651 -143.3352 100.0000 stroke4
movl 0 -47.3958 395.9410 181.8586 166.5950 -11.7878 -143.9415 100.0000 stroke4
movl 0 -51.8218 395.3543 181.1191 167.7035 -10.0488 -144.6210 100.0000 stroke4
movl 0 -54.9062 395.6789 180.5748 169.1325 -8.7728 -145.9155 100.0000 stroke4
movl 0 -57.7166 396.4144 179.9762 170.6223 -7.6604 -148.0312 100.0000 stroke4
movl 0 -60.5840 397.2785 179.5938 172.1769 -6.4739 -151.1282 100.0000 stroke4
movl 0 -63.2040 397.6765 179.2131 173.3572 -5.4584 -153.5525 100.0000 stroke4
movl 0 -63.5594 396.0235 179.9968 172.9661 -5.2930 -153.9503 100.0000 stroke4
movl 0 -59.5081 395.2888 181.5054 171.8399 -6.0380 -154.3143 100.0000 stroke4
movl 0 -57.4448 395.4493 182.0884 171.6583 -6.3688 -154.6027 100.0000 stroke4
movl 0 -56.5754 395.4881 182.3065 171.7023 -6.5673 -154.4972 100.0000 stroke4
movl 0 -57.1714 395.7283 182.4709 172.7076 -6.9274 -153.8572 100.0000 stroke4
movl 0 -57.4788 395.4159 182.4963 173.0710 -7.0894 -153.4137 100.0000 stroke4
movl 0 -56.5476 394.5152 182.8099 172.3643 -7.3112 -152.6518 100.0000 stroke4
movl 0 -55.0264 393.6248 183.3390 171.1110 -7.7421 -151.2751 100.0000 stroke4
movl 0 -54.2241 393.4687 183.4374 170.8259 -8.0810 -151.3304 100.0000 stroke4
movl 0 -53.7003 393.9748 183.0237 170.8720 -8.2890 -150.9686 100.0000 stroke4
movl 0 -51.1239 392.7951 184.1603 169.9196 -8.9581 -151.7001 100.0000 stroke4
movl 0 -37.4465 392.1274 191.9619 165.6250 -11.4481 -152.1391 100.0000 stroke4
movl 0 -25.8807 384.1367 238.5042 156.1375 -11.0885 -150.4118 100.0000 stroke4
movl 0 -10.5686 378.4949 204.5363 153.8315 4.0550 -115.0502 100.0000 stroke5
movl 0 -21.6815 374.5588 183.3346 156.7724 5.6230 -116.5532 100.0000 stroke5
movl 0 -24.9665 375.7750 181.8726 156.1902 7.0351 -117.0744 100.0000 stroke5
movl 0 -27.0990 376.3608 179.9858 156.8406 7.2150 -117.1231 100.0000 stroke5
movl 0 -28.0614 378.5463 178.5970 157.7028 6.6285 -117.4468 100.0000 stroke5
movl 0 -29.1444 380.7872 177.3983 158.4210 5.8169 -118.0746 100.0000 stroke5
movl 0 -31.8364 383.8808 176.0623 160.3357 4.1094 -119.4854 100.0000 stroke5
movl 0 -32.6434 385.7350 175.9141 161.2890 2.1186 -122.2117 100.0000 stroke5
movl 0 -32.8750 387.5343 175.7823 162.3049 0.5859 -124.6976 100.0000 stroke5
movl 0 -33.5431 388.2032 175.8364 162.7375 -0.7766 -126.6937 100.0000 stroke5
movl 0 -33.6721 388.7178 176.0765 163.3321 -2.0829 -129.0740 100.0000 stroke5
movl 0 -33.8698 388.7885 176.6056 163.8699 -3.0318 -130.6079 100.0000 stroke5
movl 0 -33.9321 389.0714 177.0418 164.4997 -4.0373 -132.0258 100.0000 stroke5
movl 0 -34.3035 389.3003 177.4984 165.2740 -5.1152 -133.7506 100.0000 stroke5
movl 0 -34.8970 389.5799 177.6997 166.1538 -6.0256 -135.0870 100.0000 stroke5
movl 0 -35.3950 390.2137 177.8713 167.2366 -7.0207 -136.6201 100.0000 stroke5
movl 0 -36.2403 390.3924 177.9835 168.2758 -7.8842 -138.1050 100.0000 stroke5
movl 0 -36.9589 390.7904 178.1713 169.3882 -8.7017 -139.2368 100.0000 stroke5
movl 0 -37.8315 391.2163 178.4361 170.6875 -9.2775 -140.5135 100.0000 stroke5
movl 0 -38.0476 391.6506 178.7046 171.7146 -10.1122 -141.6822 100.0000 stroke5
movl 0 -38.4820 391.9024 178.8504 172.7074 -10.6951 -142.3864 100.0000 stroke5
movl 0 -39.3850 392.0582 178.6790 173.6699 -11.2421 -143.0440 100.0000 stroke5
movl 0 -40.7950 391.9541 178.5510 174.6966 -11.5199 -143.0081 100.0000 stroke5
movl 0 -41.5314 390.6072 178.9458 174.8973 -11.3531 -142.5976 100.0000 stroke5
movl 0 -38.2172 389.2688 180.4513 173.1575 -11.1109 -141.9446 100.0000 stroke5
movl 0 -39.2925 388.3763 180.4046 173.6897 -11.2189 -141.6264 100.0000 stroke5
movl 0 -37.9726 388.3511 180.7740 173.1056 -11.1029 -141.5971 100.0000 stroke5
movl 0 -38.7570 387.7893 180.6318 173.3954 -11.0708 -141.3610 100.0000 stroke5
movl 0 -37.4618 387.4321 181.0952 172.4861 -10.7393 -141.2112 100.0000 stroke5
movl 0 -37.3761 386.5999 181.2678 171.8485 -10.2356 -141.0075 100.0000 stroke5
movl 0 -37.1956 385.8285 181.4900 171.3598 -9.9392 -141.2893 100.0000 stroke5
movl 0 -32.0999 381.3389 191.1042 167.0092 -8.3926 -143.0702 100.0000 stroke5
movl 0 -10.9744 376.3661 200.0266 157.2455 17.0958 -101.4323 100.0000 stroke6
movl 0 -23.9711 376.6430 178.8691 160.9007 14.9196 -99.6349 100.0000 stroke6
movl 0 -25.2436 375.0258 177.4743 161.9627 16.1250 -97.8194 100.0000 stroke6
movl 0 -25.2201 374.1433 177.7700 162.0981 16.3434 -97.1187 100.0000 stroke6
movl 0 -26.9545 374.4363 177.3331 162.9039 16.6574 -95.7730 100.0000 stroke6
movl 0 -28.4229 375.3545 176.3934 163.5882 16.6105 -94.4279 100.0000 stroke6
movl 0 -31.5945 376.7890 175.3522 165.4356 16.3144 -93.3837 100.0000 stroke6
movl 0 -35.9851 375.8923 175.0404 167.8274 16.7374 -93.3483 100.0000 stroke6
movl 0 -38.1006 376.0985 174.9893 168.9693 17.0322 -93.2454 100.0000 stroke6
movl 0 -37.4285 377.0804 174.9142 169.5535 16.9132 -93.8008 100.0000 stroke6
movl 0 -35.3371 378.9093 174.9605 169.9233 16.6559 -95.1429 100.0000 stroke6
movl 0 -32.0363 381.2796 174.8391 170.1201 16.1788 -97.2583 100.0000 stroke6
movl 0 -28.8195 382.4371 175.2335 169.4897 15.7133 -98.4398 100.0000 stroke6
movl 0 -26.1491 382.5999 176.1334 168.3954 15.4876 -99.4029 100.0000 stroke6
movl 0 -24.3984 384.4009 175.9938 167.9561 14.3604 -100.2315 100.0000 stroke6
movl 0 -22.3785 387.5219 175.5634 167.4613 12.3068 -101.8089 100.0000 stroke6
movl 0 -20.8677 391.2689 174.8897 167.7625 9.8387 -103.4498 100.0000 stroke6
movl 0 -16.9514 395.4508 174.2737 166.8283 7.0682 -105.5065 100.0000 stroke6
movl 0 -15.7878 397.0178 174.2689 166.0682 5.1324 -106.3068 100.0000 stroke6
movl 0 -12.8798 399.3273 174.0889 165.7531 3.9366 -107.9477 100.0000 stroke6
movl 0 -9.2004 403.0251 173.2306 164.8876 1.3734 -109.9660 100.0000 stroke6
movl 0 -10.1213 403.5207 173.4386 164.7833 0.1100 -111.3705 100.0000 stroke6
movl 0 -9.2843 404.1081 173.4260 164.7645 -0.8690 -112.7394 100.0000 stroke6
movl 0 -9.4799 404.4146 173.7398 165.0191 -1.9477 -114.4315 100.0000 stroke6
movl 0 -9.5387 404.6875 174.0606 165.3958 -3.2106 -116.5647 100.0000 stroke6
movl 0 -9.9103 405.0236 174.4259 165.9053 -4.4446 -118.1906 100.0000 stroke6
movl 0 -10.3201 405.4582 174.6860 166.5475 -5.6636 -119.6944 100.0000 stroke6
movl 0 -10.5855 406.1458 174.8939 167.4020 -7.2619 -121.9405 100.0000 stroke6
movl 0 -10.8388 406.8352 175.1809 168.3658 -8.8205 -123.9931 100.0000 stroke6
movl 0 -11.0511 407.6333 175.5395 169.3891 -10.3364 -126.1480 100.0000 stroke6
movl 0 -11.7402 408.5833 175.6096 170.7346 -11.5988 -127.8718 100.0000 stroke6
movl 0 -12.5528 409.4756 175.5460 172.1460 -12.7932 -129.5681 100.0000 stroke6
movl 0 -13.3367 410.1669 175.3898 173.5375 -13.7373 -131.3759 100.0000 stroke6
movl 0 -14.1871 410.8549 175.2310 174.8052 -14.4139 -132.2775 100.0000 stroke6
movl 0 -15.1740 411.5155 175.0312 176.0332 -15.1639 -133.2642 100.0000 stroke6
movl 0 -15.9869 411.8498 174.8304 176.8776 -15.6700 -133.7041 100.0000 stroke6
movl 0 -16.9221 411.4373 174.9730 177.3651 -15.6619 -133.9665 100.0000 stroke6
movl 0 -17.2887 410.7540 175.3350 177.5797 -15.7096 -134.1449 100.0000 stroke6
movl 0 -18.5361 409.9671 175.5640 177.9574 -15.7039 -133.6657 100.0000 stroke6
movl 0 -16.5597 408.5902 176.4911 176.6882 -15.1190 -132.8249 100.0000 stroke6
movl 0 -14.5412 407.0627 177.6060 175.6906 -14.2727 -132.7230 100.0000 stroke6
movl 0 -15.7052 407.4657 177.4344 176.5954 -15.0220 -132.2709 100.0000 stroke6
movl 0 -16.4321 405.1789 178.4379 176.0429 -13.9018 -132.1066 100.0000 stroke6
movl 0 -13.7160 403.6827 179.5417 175.0529 -13.2448 -132.9624 100.0000 stroke6
movl 0 -14.7872 404.8527 178.8556 176.2082 -13.8911 -132.5303 100.0000 stroke6
movl 0 -14.8008 403.2189 179.5831 175.6180 -13.4379 -132.7403 100.0000 stroke6
movl 0 -13.7428 403.6035 179.4497 175.6199 -13.4842 -132.7585 100.0000 stroke6
movl 0 -15.5298 402.8819 179.4297 176.0688 -13.4720 -132.7309 100.0000 stroke6
movl 0 -11.5981 400.7874 181.1739 173.9778 -12.4811 -132.9548 100.0000 stroke6
movl 0 -13.0649 402.1391 180.3631 175.1788 -13.4012 -132.5285 100.0000 stroke6
movl 0 -13.7624 400.8574 180.7668 174.6551 -12.9058 -132.1490 100.0000 stroke6
movl 0 -12.1151 399.9210 181.4339 173.5519 -12.6321 -131.9534 100.0000 stroke6
movl 0 -9.5449 396.0022 184.1355 170.5004 -11.1347 -131.4937 100.0000 stroke6
movl 0 -8.2516 383.5081 206.3235 160.0417 -3.8532 -133.1018 100.0000 stroke6
movl 0 -6.5861 384.1445 237.4416 159.2187 16.1436 -91.9251 100.0000 stroke7
movl 0 -14.0114 374.8462 188.7228 161.2821 15.0555 -90.1277 100.0000 stroke7
movl 0 -21.9671 369.6097 184.4915 164.2003 16.6360 -88.3381 100.0000 stroke7
movl 0 -26.9095 370.2874 181.7024 165.3233 15.6426 -89.1738 100.0000 stroke7
movl 0 -30.3602 370.0803 180.0034 166.3417 15.5124 -88.5495 100.0000 stroke7
movl 0 -32.8545 370.9058 179.2267 166.9104 15.2538 -88.0560 100.0000 stroke7
movl 0 -33.8936 372.3643 178.7125 166.9336 14.7400 -88.0768 100.0000 stroke7
movl 0 -35.6305 373.6996 178.2469 167.6890 14.2232 -88.5617 100.0000 stroke7
movl 0 -36.0949 374.2584 178.0424 168.1813 13.7942 -88.8286 100.0000 stroke7
movl 0 -36.5359 374.4441 178.0494 168.5593 13.7389 -89.0591 100.0000 stroke7
movl 0 -36.3470 374.6909 177.9562 168.7738 13.7045 -89.3123 100.0000 stroke7
movl 0 -35.3481 375.5568 177.8439 168.9419 13.5013 -89.8593 100.0000 stroke7
movl 0 -34.7015 376.2755 177.5434 169.2816 13.3044 -90.3785 100.0000 stroke7
movl 0 -33.6052 376.8271 177.6823 169.5148 13.1439 -91.1266 100.0000 stroke7
movl 0 -32.6764 377.6527 177.5065 170.0523 13.0487 -92.0194 100.0000 stroke7
movl 0 -31.5807 378.5341 177.4236 170.2185 12.8070 -92.8006 100.0000 stroke7
movl 0 -31.1135 376.2989 178.6499 169.5762 13.6827 -92.8010 100.0000 stroke7
movl 0 -29.8739 376.2286 179.0282 169.3282 13.7256 -93.3189 100.0000 stroke7
movl 0 -30.3706 376.5842 179.0737 169.6533 12.9815 -93.1870 100.0000 stroke7
movl 0 -30.5876 376.5279 178.8166 169.2930 12.5030 -92.9847 100.0000 stroke7
movl 0 -30.3117 375.2882 179.5833 168.6826 12.8682 -92.9241 100.0000 stroke7
movl 0 -25.7989 373.0703 184.3958 166.1300 14.1101 -94.3344 100.0000 stroke7
movl 0 -26.9985 366.4228 225.9992 163.1016 17.2065 -95.9271 100.0000 stroke7
movl 0 -2.2373 364.9635 233.7291 156.6490 13.2742 -96.4973 100.0000 stroke8
movl 0 -13.4113 361.3216 192.1829 159.6116 11.9422 -95.5426 100.0000 stroke8
movl 0 -22.4635 357.7947 184.9756 162.0975 13.2462 -93.9996 100.0000 stroke8
movl 0 -27.5188 360.0177 181.2404 163.9361 12.9257 -93.4219 100.0000 stroke8
movl 0 -27.3629 362.2717 179.9948 164.1246 12.5049 -93.5600 100.0000 stroke8
movl 0 -28.2685 363.6260 179.1405 164.0561 12.0015 -93.7389 100.0000 stroke8
movl 0 -30.0886 365.5226 178.1149 164.8882 11.4452 -93.9485 100.0000 stroke8
movl 0 -32.1610 366.3552 177.7612 166.2625 11.0153 -93.9312 100.0000 stroke8
movl 0 -33.5857 366.2785 177.8908 166.9051 11.0983 -94.1631 100.0000 stroke8
movl 0 -32.7898 366.7681 177.9114 167.2629 11.0362 -94.7450 100.0000 stroke8
movl 0 -31.4146 367.8249 177.9256 167.6426 10.8363 -95.7867 100.0000 stroke8
movl 0 -29.9598 369.2020 177.7435 168.1212 10.4926 -97.2602 100.0000 stroke8
movl 0 -28.3306 371.0055 177.3568 168.6644 10.0273 -98.7179 100.0000 stroke8
movl 0 -27.9772 370.6415 177.6496 168.6030 10.1461 -98.9329 100.0000 stroke8
movl 0 -26.3090 369.2849 178.8508 167.8355 10.6917 -99.4019 100.0000 stroke8
movl 0 -26.7732 369.3709 178.8284 168.4796 9.9902 -99.3111 100.0000 stroke8
movl 0 -26.2656 369.0514 179.1046 167.7338 9.7327 -98.9055 100.0000 stroke8
movl 0 -26.3277 368.2774 179.5623 167.2091 9.9805 -98.7129 100.0000 stroke8
movl 0 -25.6970 367.3724 179.6963 166.6823 10.1400 -98.6178 100.0000 stroke8
movl 0 -27.3688 362.2617 193.9137 164.6094 12.6100 -99.9807 100.0000 stroke8
movl 0 -20.7013 353.9169 213.9868 160.8685 9.8657 -96.6083 100.0000 stroke9
movl 0 -27.6790 347.1101 191.3236 163.6521 11.9057 -94.2548 100.0000 stroke9
movl 0 -31.2824 346.4619 186.8087 164.8035 12.1600 -94.0202 100.0000 stroke9
movl 0 -32.5813 347.5740 184.8154 165.4328 12.0115 -94.3963 100.0000 stroke9
movl 0 -33.6624 349.6060 183.0301 166.2585 11.5659 -94.5565 100.0000 stroke9
movl 0 -34.3567 350.8673 182.1803 166.5484 11.2553 -94.8043 100.0000 stroke9
movl 0 -36.1815 351.8651 181.3481 167.0204 10.8306 -94.8951 100.0000 stroke9
movl 0 -37.6961 353.4935 180.3673 167.8717 10.2474 -95.3089 100.0000 stroke9
movl 0 -38.4543 353.9965 180.2211 168.7278 10.0916 -95.9056 100.0000 stroke9
movl 0 -39.4237 354.0384 180.2629 169.1056 10.2602 -96.1868 100.0000 stroke9
movl 0 -39.0211 354.7861 179.9962 169.5290 10.1440 -96.8021 100.0000 stroke9
movl 0 -37.8876 355.4166 179.9388 169.7885 10.0466 -97.3502 100.0000 stroke9
movl 0 -35.9318 356.2190 179.8263 170.0419 9.8671 -98.2110 100.0000 stroke9
movl 0 -33.4809 357.5125 179.5906 170.4435 9.5640 -99.4436 100.0000 stroke9
movl 0 -30.3711 358.8807 179.2956 170.5044 9.3081 -100.4561 100.0000 stroke9
movl 0 -29.4716 358.4318 179.5786 170.2814 9.4841 -100.5546 100.0000 stroke9
movl 0 -29.2484 358.0978 180.0267 170.2397 9.2638 -100.4945 100.0000 stroke9
movl 0 -28.9664 358.0415 180.0095 170.3022 9.0127 -100.4587 100.0000 stroke9
movl 0 -30.1591 357.7766 180.1244 170.3418 9.0753 -100.2051 100.0000 stroke9
movl 0 -29.6443 357.3590 180.1494 170.1423 9.2089 -100.1285 100.0000 stroke9
movl 0 -29.6734 357.2028 180.2807 170.0221 9.2531 -100.0892 100.0000 stroke9
movl 0 -30.3707 355.8913 180.6474 169.9684 9.7545 -99.6497 100.0000 stroke9
movl 0 -33.4243 352.9853 186.0782 170.1052 11.3649 -98.9885 100.0000 stroke9
movl 0 -37.9705 345.6848 225.7022 169.8292 14.9931 -97.5537 100.0000 stroke9
