movl 0 -24.9950 392.3468 171.2074 -179.4514 -29.1621 152.5188 100.0000 stroke1
movl 0 -25.0787 393.2810 170.7164 -179.0379 -28.9419 151.7697 100.0000 stroke1
movl 0 -24.2292 394.4571 170.9788 -178.1619 -28.5534 150.4176 100.0000 stroke1
movl 0 -26.5377 393.3412 171.1554 -177.9028 -28.6324 150.3793 100.0000 stroke1
movl 0 -27.0450 394.0828 170.5650 -176.4050 -28.7616 148.3269 100.0000 stroke1
movl 0 -29.4057 395.0685 169.6256 -175.1765 -28.5272 147.8768 100.0000 stroke1
movl 0 -31.6822 396.9337 167.9137 -173.4848 -27.7006 146.3787 100.0000 stroke1
movl 0 -34.2834 398.0288 167.4794 -173.9606 -25.6744 145.9219 100.0000 stroke1
movl 0 -35.7629 398.7212 167.5748 -173.6800 -24.4590 144.7610 100.0000 stroke1
movl 0 -36.7006 399.3895 168.1496 -173.5252 -23.2869 143.9824 100.0000 stroke1
movl 0 -37.6368 399.6074 168.7287 -173.4763 -22.4633 143.5381 100.0000 stroke1
movl 0 -39.2516 398.8368 168.5887 -174.5807 -22.3990 144.1088 100.0000 stroke1
movl 0 -39.2781 398.8003 168.4440 -174.9370 -22.1769 143.9836 100.0000 stroke1
movl 0 -37.6703 399.2205 168.4210 -174.8950 -21.9195 143.1583 100.0000 stroke1
movl 0 -34.2557 400.1805 168.5346 -174.7818 -21.5872 141.6208 100.0000 stroke1
movl 0 -29.1206 401.8628 168.4654 -174.3505 -21.5702 139.8768 100.0000 stroke1
movl 0 -25.2341 401.2958 168.7638 -173.4486 -23.2017 140.0420 100.0000 stroke1
movl 0 -21.8917 405.4084 167.3274 -171.3043 -23.0608 138.8331 100.0000 stroke1
movl 0 -20.2883 410.8146 166.8875 -169.0603 -21.2102 138.5808 100.0000 stroke1
movl 0 -16.6279 415.0737 165.6311 -166.3651 -20.2030 136.1596 100.0000 stroke1
movl 0 -15.3704 418.4555 164.3334 -163.9311 -19.4137 135.0600 100.0000 stroke1
movl 0 -14.6250 419.4725 163.5752 -161.9690 -18.2676 134.4886 100.0000 stroke1
movl 0 -15.9992 420.8376 164.1178 -160.8259 -17.2953 134.0662 100.0000 stroke1
movl 0 -16.3630 421.3718 164.2963 -159.5396 -16.1538 133.6293 100.0000 stroke1
movl 0 -16.7143 421.4751 164.4517 -158.6392 -15.4000 133.1669 100.0000 stroke1
movl 0 -17.1941 420.0526 165.0659 -159.1016 -15.8920 133.6166 100.0000 stroke1
movl 0 -16.7075 415.8905 166.3571 -161.2808 -18.6152 135.0448 100.0000 stroke1
movl 0 -10.7649 395.0711 173.5676 -173.7595 -29.8171 144.3817 100.0000 stroke1
movl 0 -14.9291 364.0409 217.8842 154.1785 -32.0012 173.3235 100.0000 stroke1
movl 0 -22.1167 370.3005 195.2052 164.5874 -28.8199 -179.6697 100.0000 stroke2
movl 0 -34.4836 363.6802 176.1401 164.1828 -24.5525 176.7492 100.0000 stroke2
movl 0 -42.6354 367.7995 175.7506 166.6953 -22.1478 174.6109 100.0000 stroke2
movl 0 -42.7083 372.0088 173.9115 169.7019 -23.1203 174.3471 100.0000 stroke2
movl 0 -44.4313 374.1904 172.1958 169.8844 -22.8441 174.7498 100.0000 stroke2
movl 0 -45.5968 375.3211 170.9984 170.1821 -22.6325 174.0891 100.0000 stroke2
movl 0 -48.5561 376.7347 170.2870 170.8498 -21.1599 172.6988 100.0000 stroke2
movl 0 -51.5469 377.9350 170.7909 172.4131 -19.1009 170.0665 100.0000 stroke2
movl 0 -52.8114 378.1594 171.1808 173.2279 -18.0688 168.5803 100.0000 stroke2
movl 0 -54.8944 376.9428 171.4778 172.5388 -17.6584 168.3152 100.0000 stroke2
movl 0 -54.1791 376.9673 171.5392 172.4007 -17.6164 167.5290 100.0000 stroke2
movl 0 -51.5635 377.7804 171.6647 172.6873 -17.7056 165.8226 100.0000 stroke2
movl 0 -47.5154 378.9453 172.2903 173.0535 -17.9462 163.3626 100.0000 stroke2
movl 0 -41.4794 380.2307 172.7944 173.5746 -18.3371 160.1026 100.0000 stroke2
movl 0 -41.1013 380.4481 172.8808 174.1855 -18.6721 159.9237 100.0000 stroke2
movl 0 -39.2457 379.1685 173.2454 174.5322 -21.2059 163.3360 100.0000 stroke2
movl 0 -40.6847 366.1357 191.0995 167.6653 -25.6562 171.1966 100.0000 stroke2
movl 0 -17.7333 367.7022 202.1799 177.7834 -32.2025 158.7315 100.0000 stroke3
movl 0 -24.2649 368.4645 174.6053 179.4234 -27.6848 152.8272 100.0000 stroke3
movl 0 -25.5873 372.3054 173.5389 -179.6453 -26.2533 150.4944 100.0000 stroke3
movl 0 -26.3819 375.0722 170.7612 -178.5726 -26.5079 150.3663 100.0000 stroke3
movl 0 -30.7918 376.9648 169.6149 -178.5621 -26.0037 151.3788 100.0000 stroke3
movl 0 -29.9697 378.1505 168.8098 -178.5088 -25.4775 150.5802 100.0000 stroke3
movl 0 -32.4636 381.5022 168.3416 -176.0649 -23.0512 147.0344 100.0000 stroke3
movl 0 -32.6979 382.6054 168.1562 -174.2844 -22.6605 145.9073 100.0000 stroke3
movl 0 -33.3690 382.9057 168.6742 -172.2692 -22.0828 144.7293 100.0000 stroke3
movl 0 -35.0951 381.9636 168.9576 -170.6237 -21.7625 144.6977 100.0000 stroke3
movl 0 -34.8131 380.4382 169.4848 -170.3146 -22.1965 144.1883 100.0000 stroke3
movl 0 -30.4516 374.9427 173.2776 -169.2156 -24.0591 139.3261 100.0000 stroke3
movl 0 -23.2689 346.7452 207.4719 -177.7748 -38.4130 139.2813 100.0000 stroke3
movl 0 -13.3584 357.7617 231.3453 -168.9768 -36.0303 137.6506 100.0000 stroke4
movl 0 -27.6289 360.1267 175.0395 -171.4052 -27.7092 135.6277 100.0000 stroke4
movl 0 -32.3706 360.7264 176.4989 -171.1164 -26.0496 134.4074 100.0000 stroke4
movl 0 -39.8336 364.1170 173.2316 -170.1599 -23.9483 135.0556 100.0000 stroke4
movl 0 -41.5151 367.1892 171.1905 -169.5173 -23.2452 135.4940 100.0000 stroke4
movl 0 -45.2620 368.4689 170.4220 -169.9887 -21.8949 135.1203 100.0000 stroke4
movl 0 -47.9897 369.4055 170.6832 -170.2230 -19.7430 133.5201 100.0000 stroke4
movl 0 -50.1791 369.4260 171.0104 -170.5748 -18.6275 132.8146 100.0000 stroke4
movl 0 -52.5991 368.8433 171.3333 -171.5133 -18.3045 132.5383 100.0000 stroke4
movl 0 -51.4286 369.0707 171.3020 -171.5461 -18.3143 131.5711 100.0000 stroke4
movl 0 -48.3418 369.9404 171.4493 -171.1111 -17.8452 129.9264 100.0000 stroke4
movl 0 -42.2604 371.9144 171.6950 -170.3256 -17.5419 127.0487 100.0000 stroke4
movl 0 -34.8402 374.4281 171.3617 -169.3121 -17.0111 123.4623 100.0000 stroke4
movl 0 -32.8645 374.4277 171.5817 -168.7834 -17.6209 123.2947 100.0000 stroke4
movl 0 -28.8746 375.4914 171.3347 -167.3061 -18.2533 122.9568 100.0000 stroke4
movl 0 -28.5738 379.4708 170.5932 -165.8648 -16.2011 121.8237 100.0000 stroke4
movl 0 -22.8960 383.4931 168.6775 -163.3666 -14.6120 120.0127 100.0000 stroke4
movl 0 -21.0159 387.0411 167.3775 -161.3523 -13.5494 119.4965 100.0000 stroke4
movl 0 -21.2576 388.8271 167.5095 -159.8341 -11.4390 118.0440 100.0000 stroke4
movl 0 -21.6956 390.7614 167.6528 -158.3688 -8.9783 116.8013 100.0000 stroke4
movl 0 -23.2502 392.9596 167.6282 -157.2679 -6.3524 116.3628 100.0000 stroke4
movl 0 -25.8454 395.4389 167.3205 -156.3001 -3.3609 116.3828 100.0000 stroke4
movl 0 -28.2569 395.3958 166.9576 -155.6797 -2.6087 117.6165 100.0000 stroke4
movl 0 -31.6420 394.7942 166.8635 -155.6070 -2.3871 119.5720 100.0000 stroke4
movl 0 -30.9800 392.7184 167.5572 -155.7843 -3.8606 120.5870 100.0000 stroke4
movl 0 -27.3347 390.5084 168.4621 -156.4715 -5.9242 120.5486 100.0000 stroke4
movl 0 -27.0026 390.0812 168.6373 -156.7300 -6.1761 120.7596 100.0000 stroke4
movl 0 -28.0182 390.5981 168.2455 -156.3611 -5.2602 121.5164 100.0000 stroke4
movl 0 -29.2091 387.8890 169.2680 -157.1538 -6.3753 122.2644 100.0000 stroke4
movl 0 -25.7831 375.1278 172.6736 -160.8270 -13.4217 123.6140 100.0000 stroke4
movl 0 -26.6402 371.4498 173.3927 -162.9602 -14.5300 124.1508 100.0000 stroke4
movl 0 -29.6640 374.3468 172.1406 -162.1109 -12.7835 124.9552 100.0000 stroke4
movl 0 -33.5121 375.6113 170.8300 -161.7702 -12.0642 128.4550 100.0000 stroke4
movl 0 -34.6613 375.2208 170.1716 -162.1183 -12.9818 130.9584 100.0000 stroke4
movl 0 -34.3827 374.0251 169.3902 -163.9108 -15.9015 136.3961 100.0000 stroke4
movl 0 -33.3732 373.4448 168.9520 -165.2531 -17.6175 139.8232 100.0000 stroke4
movl 0 -33.3615 372.7898 168.8859 -166.5434 -18.8147 142.1823 100.0000 stroke4
movl 0 -31.7209 372.5711 169.3376 -167.3895 -19.6688 143.5318 100.0000 stroke4
movl 0 -33.8761 372.4672 169.5859 -167.7312 -19.8005 143.7901 100.0000 stroke4
movl 0 -33.2082 373.3054 169.7617 -167.5526 -20.2073 143.4905 100.0000 stroke4
movl 0 -33.5859 373.8860 169.8412 -167.4938 -20.3366 143.5813 100.0000 stroke4
movl 0 -33.7053 373.9530 169.9632 -167.5576 -20.3536 143.4958 100.0000 stroke4
movl 0 -33.8272 373.7851 170.2796 -167.7488 -20.4193 143.4234 100.0000 stroke4
movl 0 -33.4925 374.0882 170.5733 -167.7804 -20.5879 143.2751 100.0000 stroke4
movl 0 -33.2996 374.3937 170.5551 -167.7196 -20.5880 143.2425 100.0000 stroke4
movl 0 -32.6601 374.3099 170.7115 -167.6702 -20.7408 143.1349 100.0000 stroke4
movl 0 -31.6576 374.5138 170.8356 -167.4643 -21.0036 143.0228 100.0000 stroke4
movl 0 -26.1729 371.0472 173.1210 -167.9454 -23.9813 143.0525 100.0000 stroke4
movl 0 -16.2680 350.9040 198.8075 175.5328 -37.4748 157.1599 100.0000 stroke4
movl 0 33.4657 407.8389 190.9421 162.6810 -32.4476 -170.0427 100.0000 stroke5
movl 0 33.2506 407.6589 168.4612 164.4876 -28.8032 -172.9570 100.0000 stroke5
movl 0 27.7952 409.5130 167.7654 163.8114 -27.0583 -170.9704 100.0000 stroke5
movl 0 20.8631 408.6469 167.4696 162.8087 -25.9500 -168.4906 100.0000 stroke5
movl 0 17.6943 409.8785 166.9316 163.2952 -25.3840 -168.1388 100.0000 stroke5
movl 0 12.6431 413.7517 166.6763 167.1453 -23.8033 -170.8474 100.0000 stroke5
movl 0 9.4634 418.2936 166.7102 172.5308 -22.8921 -175.9047 100.0000 stroke5
movl 0 10.1298 420.0783 165.8702 175.2601 -22.2386 -179.6397 100.0000 stroke5
movl 0 8.9904 421.2535 165.8348 177.1155 -22.3046 178.5781 100.0000 stroke5
movl 0 7.8326 420.9098 165.9244 178.4442 -22.7587 177.8326 100.0000 stroke5
movl 0 5.5813 419.7104 166.1756 179.2158 -23.0797 178.1444 100.0000 stroke5
movl 0 3.6751 418.0707 166.5824 179.2875 -23.6108 178.8897 100.0000 stroke5
movl 0 1.4572 417.0556 167.0412 179.2694 -23.9509 179.5670 100.0000 stroke5
movl 0 -0.3086 416.1708 167.4219 179.0147 -24.3339 -179.8396 100.0000 stroke5
movl 0 -1.0443 411.2224 170.7379 176.3252 -26.5412 -178.3514 100.0000 stroke5
movl 0 -9.6465 394.2292 202.5059 162.5970 -29.6808 -169.5319 100.0000 stroke5
movl 0 4.6888 386.7491 193.8625 164.4751 -28.6034 -169.1161 100.0000 stroke6
movl 0 2.3523 381.8092 170.1542 165.7677 -26.7679 -172.0037 100.0000 stroke6
movl 0 -3.7513 384.1582 170.4165 166.7054 -23.9966 -172.7364 100.0000 stroke6
movl 0 -3.7610 385.9941 169.2091 166.9129 -24.1393 -172.8461 100.0000 stroke6
movl 0 -7.5677 390.3499 168.1716 170.5667 -23.7187 -176.0759 100.0000 stroke6
movl 0 -9.8353 393.4745 168.3732 175.5990 -22.4530 176.7509 100.0000 stroke6
movl 0 -8.2423 395.2938 167.8609 179.2257 -21.7315 170.1782 100.0000 stroke6
movl 0 -9.2778 396.1494 168.3725 -176.9428 -21.1161 164.1311 100.0000 stroke6
movl 0 -10.0672 397.1607 169.0910 -171.1679 -19.2162 155.0351 100.0000 stroke6
movl 0 -11.4187 398.1837 169.7064 -166.5624 -16.5215 147.6153 100.0000 stroke6
movl 0 -13.8013 398.2289 169.9813 -163.8033 -13.8806 143.1998 100.0000 stroke6
movl 0 -15.9132 397.9990 170.0321 -162.1219 -12.0160 141.5854 100.0000 stroke6
movl 0 -17.8280 395.8010 170.0739 -161.8149 -12.1223 143.0636 100.0000 stroke6
movl 0 -16.0180 395.0059 170.1981 -162.0180 -13.2758 143.7501 100.0000 stroke6
movl 0 -14.2848 394.1632 170.4985 -162.7774 -14.3765 144.5623 100.0000 stroke6
movl 0 -13.2614 392.9880 170.9906 -163.4656 -14.9751 144.5608 100.0000 stroke6
movl 0 -13.0041 392.9361 171.0024 -163.6506 -15.0985 144.7331 100.0000 stroke6
movl 0 -13.5106 392.1755 171.0935 -164.0702 -15.2376 145.1167 100.0000 stroke6
movl 0 -14.5705 391.4545 171.0055 -164.0937 -15.1707 145.2935 100.0000 stroke6
movl 0 -15.0068 390.6512 171.0132 -164.6805 -16.0154 147.4271 100.0000 stroke6
movl 0 -15.1987 389.9539 171.1780 -164.8294 -16.3072 147.9189 100.0000 stroke6
movl 0 -14.9861 389.0779 171.4023 -165.1751 -16.9832 148.6247 100.0000 stroke6
movl 0 -14.2792 388.5912 171.5625 -165.4218 -17.5780 149.1024 100.0000 stroke6
movl 0 -12.6023 387.3951 172.2369 -165.6711 -18.5180 149.2134 100.0000 stroke6
movl 0 -0.0476 375.5433 185.4375 -173.4210 -27.5645 152.6640 100.0000 stroke6
movl 0 22.7530 398.2357 201.2942 170.7739 -29.9404 -178.9250 100.0000 stroke7
movl 0 18.6559 389.9901 172.2323 171.3448 -28.4973 178.7517 100.0000 stroke7
movl 0 14.5458 389.7526 170.9578 171.0975 -26.8989 177.5389 100.0000 stroke7
movl 0 12.4281 390.7804 169.7953 171.4679 -26.1129 177.6875 100.0000 stroke7
movl 0 11.2289 392.1890 168.4378 172.0066 -26.4837 177.1769 100.0000 stroke7
movl 0 7.0920 395.1260 167.9045 174.0818 -25.4455 175.7096 100.0000 stroke7
movl 0 4.6682 397.7803 167.5936 177.3296 -23.8930 171.0945 100.0000 stroke7
movl 0 4.4747 398.6030 167.6127 179.3478 -22.8719 167.2562 100.0000 stroke7
movl 0 3.5574 399.7209 167.4223 -178.9027 -22.3674 164.8685 100.0000 stroke7
movl 0 4.1034 399.0716 166.7991 -177.6478 -22.1745 163.1764 100.0000 stroke7
movl 0 3.7224 399.2388 167.0948 -176.0453 -21.7812 161.1807 100.0000 stroke7
movl 0 3.4681 399.9589 167.6832 -173.4861 -20.8672 157.9720 100.0000 stroke7
movl 0 2.1891 401.9031 168.4477 -170.7083 -19.7950 155.1052 100.0000 stroke7
movl 0 1.7243 403.9379 168.7037 -167.2759 -18.0054 151.2285 100.0000 stroke7
movl 0 -0.0918 406.0374 168.8749 -163.9360 -15.0986 146.7726 100.0000 stroke7
movl 0 -1.5126 408.1886 168.8470 -161.4468 -12.3483 143.6060 100.0000 stroke7
movl 0 -3.4423 409.4525 168.7750 -159.7263 -9.8096 141.0433 100.0000 stroke7
movl 0 -6.1105 410.4933 168.4906 -158.6332 -7.7448 140.5204 100.0000 stroke7
movl 0 -7.4528 408.8121 169.0938 -158.7863 -7.3871 140.5969 100.0000 stroke7
movl 0 -1.7075 404.3122 170.8959 -160.1267 -10.8434 140.2711 100.0000 stroke7
movl 0 -1.7479 404.1012 170.9304 -160.1737 -10.6522 140.1314 100.0000 stroke7
movl 0 -2.8205 405.1081 170.5807 -159.5609 -9.5067 139.9975 100.0000 stroke7
movl 0 -4.1493 404.8256 170.4347 -159.6001 -8.8597 140.0917 100.0000 stroke7
movl 0 -1.4655 401.4923 171.5565 -161.0306 -11.3364 139.7191 100.0000 stroke7
movl 0 5.6486 385.9219 179.0202 -168.7063 -21.8074 140.5284 100.0000 stroke7
movl 0 47.4161 402.7349 187.1649 -157.7462 -26.4147 123.4549 100.0000 stroke8
movl 0 35.0327 401.6615 172.0674 -160.5482 -22.3317 124.1639 100.0000 stroke8
movl 0 31.2731 401.2681 171.7725 -162.1809 -22.2560 124.6553 100.0000 stroke8
movl 0 28.5971 403.2439 171.0558 -162.5490 -21.7167 125.8898 100.0000 stroke8
movl 0 26.2678 404.5912 169.9533 -163.0907 -21.1228 126.5393 100.0000 stroke8
movl 0 19.3459 408.1179 169.6427 -164.2376 -16.7176 125.9213 100.0000 stroke8
movl 0 21.1910 411.0558 168.5244 -163.2039 -14.1449 123.6794 100.0000 stroke8
movl 0 20.4691 413.1602 167.9796 -162.2986 -13.2383 123.6276 100.0000 stroke8
movl 0 19.3624 413.2149 167.8344 -161.4634 -13.0976 124.8320 100.0000 stroke8
movl 0 18.0366 412.5196 168.2150 -160.9472 -12.9755 126.1236 100.0000 stroke8
movl 0 17.1669 411.4891 168.7530 -160.5350 -13.0138 126.6272 100.0000 stroke8
movl 0 16.2984 410.1715 169.1448 -160.2688 -13.2896 127.2009 100.0000 stroke8
movl 0 15.1585 409.0059 169.4373 -159.9921 -13.7003 127.8311 100.0000 stroke8
movl 0 14.0735 400.2130 175.9911 -158.9395 -18.9925 129.5484 100.0000 stroke8
movl 0 -10.5733 364.2460 229.0322 -171.7574 -37.4283 144.6819 100.0000 stroke8
movl 0 3.9323 381.5654 202.5248 -164.4124 -20.9093 125.9485 100.0000 stroke9
movl 0 1.8085 378.3290 182.2250 -165.5800 -18.4886 123.7598 100.0000 stroke9
movl 0 -7.4332 379.3481 180.0874 -167.4754 -15.9678 122.5793 100.0000 stroke9
movl 0 -6.9828 380.2511 178.9650 -166.7905 -15.7367 121.6073 100.0000 stroke9
movl 0 -11.3169 381.4532 177.6479 -167.8713 -14.7792 121.3561 100.0000 stroke9
movl 0 -12.9933 383.7334 177.1615 -168.0397 -13.1874 119.5715 100.0000 stroke9
movl 0 -16.4794 386.0026 177.5702 -168.5474 -10.3993 117.2874 100.0000 stroke9
movl 0 -19.5385 388.8755 178.2973 -169.1246 -6.9843 114.3624 100.0000 stroke9
movl 0 -23.4059 391.0757 179.0635 -170.2999 -3.5656 110.4750 100.0000 stroke9
movl 0 -28.9052 394.8695 179.1361 -172.2030 0.2639 105.9077 100.0000 stroke9
movl 0 -34.3042 397.6402 178.9254 -174.7212 3.0623 100.8777 100.0000 stroke9
movl 0 -39.3697 401.5684 178.3042 -177.7958 6.3871 95.7959 100.0000 stroke9
movl 0 -43.4064 404.8724 177.5101 179.5539 8.5806 91.1735 100.0000 stroke9
movl 0 -47.2106 407.3432 176.2033 176.7206 9.9462 86.7481 100.0000 stroke9
movl 0 -49.6472 407.7980 175.5435 174.9151 9.9527 82.8752 100.0000 stroke9
movl 0 -51.0160 408.1221 175.1885 173.8255 9.8852 79.9192 100.0000 stroke9
movl 0 -51.1540 407.6652 175.3589 173.4200 9.3558 77.7174 100.0000 stroke9
movl 0 -50.5665 407.7553 175.5142 173.3399 9.1816 76.5638 100.0000 stroke9
movl 0 -49.3570 408.2830 175.6276 173.3412 9.2576 75.9767 100.0000 stroke9
movl 0 -47.5064 408.8668 175.9544 173.5114 9.4625 75.3816 100.0000 stroke9
movl 0 -45.4400 409.5051 176.3149 173.6597 9.5991 74.7092 100.0000 stroke9
movl 0 -44.4866 409.5351 176.5657 173.8151 9.7065 74.6010 100.0000 stroke9
movl 0 -42.1737 409.7215 177.0570 174.2420 9.8673 74.6420 100.0000 stroke9
movl 0 -40.2403 410.1804 177.4325 174.5571 10.0518 74.6760 100.0000 stroke9
movl 0 -37.5304 410.6447 177.8392 174.9795 10.3356 74.8505 100.0000 stroke9
movl 0 -36.1527 410.6768 178.2227 175.2433 10.4172 75.1077 100.0000 stroke9
movl 0 -34.1423 410.8835 178.7120 175.6661 10.5936 75.2232 100.0000 stroke9
movl 0 -32.1019 411.0196 179.2420 176.1289 10.6980 75.3016 100.0000 stroke9
movl 0 -30.6799 411.1449 179.6758 176.4287 10.7492 75.3182 100.0000 stroke9
movl 0 -29.2462 411.1569 180.0757 176.7079 10.8141 75.3108 100.0000 stroke9
movl 0 -27.9943 411.1306 180.5782 177.0072 10.8103 75.3221 100.0000 stroke9
movl 0 -26.6582 411.2619 181.0074 177.2363 10.8448 75.2057 100.0000 stroke9
movl 0 -25.8370 411.3920 181.2829 177.3973 10.9034 75.1530 100.0000 stroke9
movl 0 -24.5647 411.3776 181.8168 177.7254 10.9340 75.1368 100.0000 stroke9
movl 0 -23.5609 411.1375 182.3849 178.0004 10.8675 74.9000 100.0000 stroke9
movl 0 -22.5945 411.0134 182.8386 178.2533 10.8644 74.7804 100.0000 stroke9
movl 0 -21.7178 410.9898 183.1515 178.4306 10.8927 74.6435 100.0000 stroke9
movl 0 -20.6196 410.6395 183.8271 178.7674 10.8141 74.6034 100.0000 stroke9
movl 0 -19.4453 410.6080 184.2885 179.0680 10.8277 74.4923 100.0000 stroke9
movl 0 -18.6929 410.4841 184.6552 179.3997 10.8331 74.5708 100.0000 stroke9
movl 0 -17.1294 410.0097 185.1200 179.8594 10.7575 74.5561 100.0000 stroke9
movl 0 -14.2369 409.2722 186.4991 -179.3536 10.6383 74.5162 100.0000 stroke9
movl 0 -10.6273 407.2854 188.6764 -178.2706 10.2830 74.2677 100.0000 stroke9
movl 0 -7.1292 405.5331 190.8538 -177.1315 10.1380 74.2478 100.0000 stroke9
movl 0 0.5532 403.9334 195.3430 -175.3873 9.7872 74.3115 100.0000 stroke9
movl 0 7.6209 397.3127 213.2467 -174.1915 7.3646 75.0366 100.0000 stroke9
