movl 0 25.1711 391.3522 157.8545 135.0015 -14.7241 -132.9616 100.0000 stroke1
movl 0 21.4823 382.3837 150.4284 130.2547 -10.6950 -132.2180 100.0000 stroke1
movl 0 14.5192 385.4821 149.0844 137.0695 -18.5852 -138.7494 100.0000 stroke1
movl 0 6.9921 393.8764 160.0964 150.9597 -26.1922 -151.4656 100.0000 stroke1
movl 0 10.5952 392.3926 159.2465 152.6203 -30.4679 -157.2035 100.0000 stroke1
movl 0 1.3149 387.7046 161.5909 154.4563 -27.8238 -158.5553 100.0000 stroke1
movl 0 -2.5920 389.0297 162.0245 155.6707 -27.4841 -158.8122 100.0000 stroke1
movl 0 -8.3110 388.6857 160.6980 152.1303 -23.7564 -150.8525 100.0000 stroke1
movl 0 -11.6549 389.9942 160.0374 151.5278 -21.3025 -147.4622 100.0000 stroke1
movl 0 -15.4335 389.4839 160.1923 151.9855 -20.3723 -147.3489 100.0000 stroke1
movl 0 -19.3114 389.1991 161.4535 154.0561 -18.7880 -149.1946 100.0000 stroke1
movl 0 -21.0347 388.9452 162.5478 155.4429 -18.0273 -150.5952 100.0000 stroke1
movl 0 -24.5934 387.2500 163.2672 155.6061 -16.2065 -150.9489 100.0000 stroke1
movl 0 -26.0074 386.6026 163.3824 155.8060 -15.0774 -151.5271 100.0000 stroke1
movl 0 -26.0922 386.5716 163.5930 156.1733 -14.4044 -152.5597 100.0000 stroke1
movl 0 -24.5383 386.9726 163.7828 156.4935 -13.9941 -153.7931 100.0000 stroke1
movl 0 -20.5076 388.5960 163.8601 156.9309 -14.1372 -155.5057 100.0000 stroke1
movl 0 -14.7569 390.9145 163.8749 157.4865 -14.3880 -158.1743 100.0000 stroke1
movl 0 -9.5969 393.4200 163.4580 157.6790 -16.1123 -158.6253 100.0000 stroke1
movl 0 -4.4502 396.8606 162.4074 158.4977 -18.6711 -159.0253 100.0000 stroke1
movl 0 -2.8810 399.5487 161.8973 159.6994 -19.8874 -159.5665 100.0000 stroke1
movl 0 -2.6711 400.8956 161.5064 160.4070 -20.8081 -159.5210 100.0000 stroke1
movl 0 -2.7254 401.2190 161.3172 160.6957 -21.1753 -159.7094 100.0000 stroke1
movl 0 1.1708 397.7480 166.4998 157.1971 -23.0420 -158.2392 100.0000 stroke1
movl 0 6.3033 393.2946 228.9705 148.6118 -24.6150 -155.7367 100.0000 stroke1
movl 0 14.1210 410.9474 180.1109 159.2531 -29.8312 -162.7581 100.0000 stroke2
movl 0 13.8948 410.9114 160.5893 162.3100 -29.4012 -164.4882 100.0000 stroke2
movl 0 13.6503 411.0983 160.5499 162.0995 -28.9445 -164.8978 100.0000 stroke2
movl 0 9.9858 415.9235 159.4137 166.6529 -27.9503 -168.4926 100.0000 stroke2
movl 0 11.2768 422.4516 158.0112 173.9985 -28.5855 -176.8871 100.0000 stroke2
movl 0 12.7972 427.3594 155.9829 178.5766 -29.6866 179.1122 100.0000 stroke2
movl 0 12.4361 429.9300 155.2532 -177.2397 -30.1218 175.2610 100.0000 stroke2
movl 0 11.8716 432.3319 154.8828 -172.4498 -29.9659 171.1160 100.0000 stroke2
movl 0 10.0803 435.4343 154.2727 -166.9456 -29.0929 167.2266 100.0000 stroke2
movl 0 10.8606 434.7639 154.9767 -165.8491 -29.1077 165.3909 100.0000 stroke2
movl 0 10.3514 434.9578 154.8721 -165.3325 -28.5840 164.8745 100.0000 stroke2
movl 0 14.8828 427.9369 158.9970 -170.3435 -31.6181 166.2600 100.0000 stroke2
movl 0 27.1262 407.6547 203.3821 157.2173 -39.0224 -168.2397 100.0000 stroke2
movl 0 -1.8167 379.5028 229.8170 154.7253 -32.2187 -171.3169 100.0000 stroke3
movl 0 -1.1574 382.7783 163.8905 172.5671 -33.6883 171.1466 100.0000 stroke3
movl 0 -12.3665 376.4192 168.5730 173.9271 -30.8887 167.0583 100.0000 stroke3
movl 0 -17.3410 375.4625 167.3072 176.4593 -29.5752 164.6911 100.0000 stroke3
movl 0 -19.7464 375.4889 165.4299 174.1122 -29.5451 167.6674 100.0000 stroke3
movl 0 -23.7609 375.0755 165.7848 172.9352 -27.3798 167.9732 100.0000 stroke3
movl 0 -29.0701 373.7771 166.7679 172.3183 -24.5761 167.2182 100.0000 stroke3
movl 0 -33.7598 371.1304 167.0963 170.7985 -22.5697 167.1592 100.0000 stroke3
movl 0 -35.4881 370.2351 167.2345 170.0386 -21.3407 166.2622 100.0000 stroke3
movl 0 -35.9904 369.7606 167.1517 169.4069 -20.3037 165.2999 100.0000 stroke3
movl 0 -35.1868 370.0202 167.1239 169.1987 -19.5964 164.1621 100.0000 stroke3
movl 0 -32.6237 371.0645 167.1074 169.0270 -18.7798 162.2427 100.0000 stroke3
movl 0 -33.0413 370.7453 166.9768 168.6657 -17.9961 161.2055 100.0000 stroke3
movl 0 -27.3343 368.9342 168.1265 168.2490 -20.9733 162.5323 100.0000 stroke3
movl 0 -25.9728 368.7098 168.2392 168.1281 -21.3407 162.5919 100.0000 stroke3
movl 0 -26.4182 371.0246 168.7431 170.4326 -20.2142 161.1549 100.0000 stroke3
movl 0 -26.0876 371.8140 168.4584 171.0982 -20.0593 160.9422 100.0000 stroke3
movl 0 -22.4683 369.7000 168.9550 170.6409 -24.1149 166.6834 100.0000 stroke3
movl 0 -25.2878 354.3206 210.1311 152.1417 -28.1662 -176.6235 100.0000 stroke3
movl 0 -6.1395 380.2645 228.1996 159.6395 -37.0335 -173.2251 100.0000 stroke4
movl 0 -8.5483 370.7944 171.2403 162.7079 -33.1839 -177.1028 100.0000 stroke4
movl 0 -13.7820 374.3140 164.3381 165.2945 -30.6907 -178.6591 100.0000 stroke4
movl 0 -16.1816 374.3192 165.2817 166.5499 -29.4956 179.6093 100.0000 stroke4
movl 0 -14.2061 378.1854 164.1015 168.5964 -29.8373 177.3452 100.0000 stroke4
movl 0 -16.3337 381.3610 163.1038 170.5889 -29.2189 175.5730 100.0000 stroke4
movl 0 -20.4423 385.3548 163.1833 175.2431 -26.6884 169.2545 100.0000 stroke4
movl 0 -19.4013 389.1892 163.0620 -179.8906 -26.0583 163.7774 100.0000 stroke4
movl 0 -18.8846 390.3220 162.4267 -178.4833 -26.2607 162.9976 100.0000 stroke4
movl 0 -18.4015 391.8479 162.2210 -176.0765 -26.3789 161.9828 100.0000 stroke4
movl 0 -19.1268 396.4244 162.4523 -169.6177 -25.2081 159.1558 100.0000 stroke4
movl 0 -19.0736 396.7619 162.9013 -168.1972 -24.5700 158.2895 100.0000 stroke4
movl 0 -19.8572 394.3049 163.9231 -169.6340 -24.5847 158.9877 100.0000 stroke4
movl 0 -21.5187 392.2191 165.3330 -170.6215 -23.6742 159.8758 100.0000 stroke4
movl 0 -23.5280 388.5449 167.1736 -172.7042 -23.1900 161.2774 100.0000 stroke4
movl 0 -26.0925 385.7289 168.3113 -174.5023 -22.5825 162.8174 100.0000 stroke4
movl 0 -28.5945 384.0196 168.9527 -175.6881 -21.7992 163.4989 100.0000 stroke4
movl 0 -29.6202 384.0485 169.1517 -175.9470 -21.2092 163.6703 100.0000 stroke4
movl 0 -31.2254 383.3126 169.6778 -176.4200 -20.4318 163.6440 100.0000 stroke4
movl 0 -32.6245 382.7165 170.3815 -176.8316 -19.5060 163.5835 100.0000 stroke4
movl 0 -34.8210 381.9870 171.1411 -177.3023 -18.2150 163.3362 100.0000 stroke4
movl 0 -36.0974 381.3633 171.8125 -177.7322 -16.9182 162.6888 100.0000 stroke4
movl 0 -34.7100 381.0612 172.2283 -177.9487 -16.0398 161.7721 100.0000 stroke4
movl 0 -31.3034 380.8650 172.5247 -178.2107 -15.2454 160.7632 100.0000 stroke4
movl 0 -26.6525 380.6259 172.6961 -178.4854 -14.6930 159.2614 100.0000 stroke4
movl 0 -22.3807 380.8240 172.9538 -179.0216 -13.5287 157.9497 100.0000 stroke4
movl 0 -19.9857 381.3722 173.1721 -179.9589 -11.1951 156.3505 100.0000 stroke4
movl 0 -20.8419 382.0349 173.3930 178.8178 -8.5371 153.6209 100.0000 stroke4
movl 0 -21.1884 382.4592 173.4620 177.7402 -6.9418 151.2898 100.0000 stroke4
movl 0 -22.1960 381.7162 173.7160 176.6178 -6.0360 149.5986 100.0000 stroke4
movl 0 -25.8991 378.1701 174.1405 175.0057 -5.5551 149.5342 100.0000 stroke4
movl 0 -30.2644 373.9628 174.1882 172.9242 -5.1205 150.1532 100.0000 stroke4
movl 0 -30.0890 373.5119 174.2263 172.2583 -5.2551 149.4633 100.0000 stroke4
movl 0 -29.5454 372.3279 174.6051 171.7707 -5.6832 149.2399 100.0000 stroke4
movl 0 -28.9108 371.6149 174.9243 171.6627 -6.0411 149.4043 100.0000 stroke4
movl 0 -25.3753 373.0141 175.4421 172.0056 -6.6889 148.3489 100.0000 stroke4
movl 0 -24.7065 371.6733 176.0663 171.6542 -7.4022 148.7666 100.0000 stroke4
movl 0 -22.3556 371.9569 176.1791 171.4120 -7.9431 148.1449 100.0000 stroke4
movl 0 -21.8339 370.6371 176.2432 170.7321 -8.3245 148.2164 100.0000 stroke4
movl 0 -21.1160 369.7326 176.4150 170.2266 -8.7902 148.3882 100.0000 stroke4
movl 0 -20.3185 368.2306 176.6101 169.5921 -9.4741 149.0112 100.0000 stroke4
movl 0 -19.0943 366.1837 177.0588 168.8450 -10.3763 149.7815 100.0000 stroke4
movl 0 -19.6882 366.2211 176.9696 168.9977 -10.1403 150.1621 100.0000 stroke4
movl 0 -19.6650 365.9758 177.0934 169.1420 -10.2145 150.4663 100.0000 stroke4
movl 0 -19.5170 365.7240 177.1640 169.1756 -10.3261 150.6658 100.0000 stroke4
movl 0 -19.6995 364.9872 177.3708 169.0134 -10.5832 150.8432 100.0000 stroke4
movl 0 -18.9237 361.1085 179.0141 168.1876 -11.6540 151.1260 100.0000 stroke4
movl 0 -13.3264 357.5499 191.1168 167.4364 -14.6431 151.4829 100.0000 stroke4
