movl 0 -52.0052 391.0640 173.2701 155.2038 -9.6305 -152.2141 100.0000 stroke1
movl 0 -53.8795 391.9894 172.2900 155.6127 -9.1871 -151.9961 100.0000 stroke1
movl 0 -57.5367 392.2469 171.6041 156.2585 -7.5448 -152.0245 100.0000 stroke1
movl 0 -59.9279 392.9003 171.2103 157.2270 -6.6879 -152.5278 100.0000 stroke1
movl 0 -60.1679 392.5191 171.5693 157.5855 -6.4792 -152.8881 100.0000 stroke1
movl 0 -60.1957 392.3222 171.6277 157.3836 -6.0620 -152.8893 100.0000 stroke1
movl 0 -59.6074 392.7990 171.6845 157.6456 -5.9415 -153.4193 100.0000 stroke1
movl 0 -58.8715 392.9727 172.0070 157.8386 -5.6256 -154.2926 100.0000 stroke1
movl 0 -56.9732 393.4120 172.3035 158.1308 -5.4501 -155.6593 100.0000 stroke1
movl 0 -54.4729 394.5211 172.5367 158.5485 -5.3675 -157.4723 100.0000 stroke1
movl 0 -51.9889 395.7030 172.6775 159.1141 -4.9884 -159.6579 100.0000 stroke1
movl 0 -50.1375 397.1359 172.8363 159.7891 -4.4050 -162.0381 100.0000 stroke1
movl 0 -48.2272 398.8746 172.6012 160.4512 -4.1942 -164.1313 100.0000 stroke1
movl 0 -47.6199 397.4208 173.0177 159.7622 -4.5014 -163.9582 100.0000 stroke1
movl 0 -44.4829 394.9080 173.6022 157.9525 -5.3896 -163.6831 100.0000 stroke1
movl 0 -45.1274 396.6028 173.3277 159.5014 -5.4098 -164.1664 100.0000 stroke1
movl 0 -44.1595 397.2475 172.8394 159.8161 -5.9926 -163.5665 100.0000 stroke1
movl 0 -37.2139 388.4844 177.0432 151.4026 -9.2360 -153.1655 100.0000 stroke1
movl 0 -37.1318 373.6079 230.5242 138.3713 -0.8879 -145.8103 100.0000 stroke1
movl 0 -28.6299 410.8443 240.6057 150.2106 -19.3407 -145.4059 100.0000 stroke2
movl 0 -11.2267 409.7365 173.6941 155.4708 -24.5472 -152.7855 100.0000 stroke2
movl 0 -17.6879 401.6717 170.1701 156.0352 -19.3291 -154.5696 100.0000 stroke2
movl 0 -25.8242 397.0916 171.1121 155.6461 -14.6169 -153.3825 100.0000 stroke2
movl 0 -27.9819 398.1320 170.4398 155.9839 -13.2893 -152.4151 100.0000 stroke2
movl 0 -29.7117 399.8214 169.6278 156.3479 -13.1005 -151.9203 100.0000 stroke2
movl 0 -31.9281 404.1154 168.8581 159.3981 -13.1530 -153.0375 100.0000 stroke2
movl 0 -31.8782 405.1846 168.5191 160.2315 -13.8092 -153.3070 100.0000 stroke2
movl 0 -31.9724 404.7357 168.9424 160.7360 -14.5285 -152.7691 100.0000 stroke2
movl 0 -32.1476 402.8143 170.3632 160.5386 -15.1599 -151.6112 100.0000 stroke2
movl 0 -30.3961 393.4464 186.1985 155.6603 -15.9509 -149.0211 100.0000 stroke2
movl 0 -15.3064 394.9767 190.4601 141.7848 -16.5100 -144.0314 100.0000 stroke3
movl 0 -12.4114 397.8988 164.1538 151.4418 -20.1436 -148.1155 100.0000 stroke3
movl 0 -14.5470 396.8280 166.7596 153.9111 -19.5660 -149.5776 100.0000 stroke3
movl 0 -20.4931 397.7531 166.7906 155.5676 -18.3973 -149.3768 100.0000 stroke3
movl 0 -20.2201 398.3512 165.7658 155.1375 -17.8521 -148.5400 100.0000 stroke3
movl 0 -23.6494 400.5790 164.7774 156.3627 -17.4211 -148.5883 100.0000 stroke3
movl 0 -25.2560 402.9286 164.5418 158.8523 -17.6646 -150.7343 100.0000 stroke3
movl 0 -25.8090 404.7133 165.2672 161.3807 -18.6398 -153.1076 100.0000 stroke3
movl 0 -25.5833 405.2066 165.8714 163.3125 -19.7675 -155.4403 100.0000 stroke3
movl 0 -25.6993 405.9219 166.5137 166.1813 -21.1183 -159.0159 100.0000 stroke3
movl 0 -26.1613 407.4438 167.2983 169.9381 -22.2469 -163.2559 100.0000 stroke3
movl 0 -27.0201 409.7528 167.5417 174.3257 -23.0100 -167.6020 100.0000 stroke3
movl 0 -27.2882 409.6460 167.7674 175.5576 -23.1666 -169.3600 100.0000 stroke3
movl 0 -27.8697 409.7097 167.7505 176.3158 -23.2422 -170.0054 100.0000 stroke3
movl 0 -28.1725 409.0663 168.0638 176.2618 -23.0837 -170.4879 100.0000 stroke3
movl 0 -27.8397 408.2331 168.2914 176.1172 -23.2323 -170.8385 100.0000 stroke3
movl 0 -28.8465 408.4104 168.0648 176.3203 -22.8681 -171.0166 100.0000 stroke3
movl 0 -26.7406 403.4652 173.2164 171.8881 -23.1104 -169.6010 100.0000 stroke3
movl 0 -19.3258 389.9126 241.7080 152.2870 -23.0872 -158.9392 100.0000 stroke3
movl 0 -6.7650 405.4264 210.0298 160.2410 -28.7760 -164.3982 100.0000 stroke4
movl 0 -10.6851 398.9888 170.7211 164.0853 -26.3900 -168.2753 100.0000 stroke4
movl 0 -19.5033 395.4836 172.9163 161.7867 -21.3282 -165.7696 100.0000 stroke4
movl 0 -20.1517 397.0970 171.7136 161.5232 -20.7329 -163.1437 100.0000 stroke4
movl 0 -21.2296 397.7664 171.4529 160.8284 -19.5565 -161.1627 100.0000 stroke4
movl 0 -23.8440 398.4616 171.3193 161.3472 -18.3925 -160.6007 100.0000 stroke4
movl 0 -26.6506 399.4268 171.2658 162.2127 -17.1372 -161.1558 100.0000 stroke4
movl 0 -26.4017 400.1608 171.1493 162.7748 -16.6964 -162.3267 100.0000 stroke4
movl 0 -22.5235 401.4444 170.7134 163.2937 -16.8405 -164.7559 100.0000 stroke4
movl 0 -20.1341 401.2903 170.6792 163.0728 -17.2827 -165.4875 100.0000 stroke4
movl 0 -18.1001 403.0413 169.7945 163.7184 -17.8830 -166.2398 100.0000 stroke4
movl 0 -14.2719 407.8784 167.7790 166.6065 -19.5209 -168.3676 100.0000 stroke4
movl 0 -10.8960 411.6410 166.2003 168.6352 -21.5983 -169.6704 100.0000 stroke4
movl 0 -10.3196 412.6985 166.5186 170.9271 -22.3947 -171.1648 100.0000 stroke4
movl 0 -10.7603 414.6757 167.4583 174.3709 -22.8621 -173.4489 100.0000 stroke4
movl 0 -11.1230 417.3079 167.6862 178.6910 -23.2682 -177.0811 100.0000 stroke4
movl 0 -12.1184 420.4468 167.5602 -176.6539 -23.0023 178.6782 100.0000 stroke4
movl 0 -13.6944 422.3051 167.6850 -173.6085 -22.3121 176.1879 100.0000 stroke4
movl 0 -12.4007 419.8576 168.6126 -174.3863 -22.6283 174.8391 100.0000 stroke4
movl 0 -13.7749 419.5278 168.7672 -173.6403 -22.2615 174.5548 100.0000 stroke4
movl 0 -13.9514 418.4608 169.4087 -174.3873 -22.1915 174.5211 100.0000 stroke4
movl 0 -10.7853 409.3912 175.9521 179.1744 -24.4779 176.1456 100.0000 stroke4
movl 0 -5.3817 400.3551 192.2871 163.2348 -31.6194 -170.0132 100.0000 stroke5
movl 0 -12.1592 397.2330 169.9467 168.1696 -28.5989 -174.4005 100.0000 stroke5
movl 0 -18.9650 398.6720 170.5625 168.2551 -24.9700 -174.4279 100.0000 stroke5
movl 0 -21.6652 397.3230 170.9956 168.6358 -24.8918 -174.4036 100.0000 stroke5
movl 0 -25.7806 397.8921 170.6627 168.8914 -23.9064 -174.1207 100.0000 stroke5
movl 0 -26.4236 399.1086 170.1222 169.1873 -23.6450 -174.4967 100.0000 stroke5
movl 0 -28.2818 398.5472 170.2031 169.3199 -22.4677 -175.0477 100.0000 stroke5
movl 0 -28.5969 398.7715 170.2085 169.5310 -22.0246 -175.6657 100.0000 stroke5
movl 0 -28.0194 398.9737 170.1957 169.7634 -21.7621 -176.3336 100.0000 stroke5
movl 0 -26.0644 399.8648 170.2974 170.3320 -21.6402 -177.9820 100.0000 stroke5
movl 0 -24.2964 400.5078 170.0722 170.7346 -21.6665 -179.1947 100.0000 stroke5
movl 0 -23.5539 398.9344 170.6638 169.9280 -21.9547 -179.1285 100.0000 stroke5
movl 0 -24.4538 399.4368 170.4951 170.2812 -21.5284 -179.1426 100.0000 stroke5
movl 0 -25.6385 399.9339 170.2323 170.6519 -21.7854 -177.8521 100.0000 stroke5
movl 0 -16.9749 390.4223 186.0623 164.2745 -27.8694 -171.9035 100.0000 stroke5
movl 0 -7.0426 397.7993 181.5232 168.4222 -32.2243 -173.9242 100.0000 stroke6
movl 0 -9.1823 396.6889 170.1892 172.3157 -30.8066 -176.8011 100.0000 stroke6
movl 0 -18.2155 394.5653 169.5028 172.4468 -27.6722 -176.8408 100.0000 stroke6
movl 0 -19.6848 393.4598 169.6868 171.4038 -26.9670 -177.0304 100.0000 stroke6
movl 0 -21.9873 393.8277 169.2367 171.5794 -25.9658 -177.8291 100.0000 stroke6
movl 0 -24.8157 394.3171 169.2717 172.0108 -24.6516 -178.4091 100.0000 stroke6
movl 0 -26.0533 394.2184 169.4101 172.1226 -23.7081 -179.0576 100.0000 stroke6
movl 0 -26.1187 394.4865 169.3910 172.2145 -23.3099 -179.5634 100.0000 stroke6
movl 0 -25.1777 394.9689 169.2843 172.4876 -22.9900 179.4373 100.0000 stroke6
movl 0 -22.8264 395.4891 169.1008 172.9708 -22.5729 177.6337 100.0000 stroke6
movl 0 -21.4820 395.8471 169.0423 173.2179 -22.3934 176.5435 100.0000 stroke6
movl 0 -20.1207 394.1086 169.7494 172.4472 -22.7368 176.6607 100.0000 stroke6
movl 0 -21.1997 394.5454 169.7090 172.9888 -22.2716 176.6204 100.0000 stroke6
movl 0 -21.9443 394.6512 169.5733 173.2571 -22.4771 177.3773 100.0000 stroke6
movl 0 -19.6885 389.6489 173.1386 169.3150 -25.8984 -178.1646 100.0000 stroke6
movl 0 -17.7143 375.6013 239.9345 155.2681 -31.6862 -166.5537 100.0000 stroke6
movl 0 -25.7406 376.2156 246.1759 156.9469 -31.4199 -160.1073 100.0000 stroke7
movl 0 -25.2260 378.2469 185.8242 165.2634 -30.6329 -168.6420 100.0000 stroke7
movl 0 -34.1991 376.0408 169.8063 165.6808 -26.8040 -168.5925 100.0000 stroke7
movl 0 -36.3244 374.9243 169.0688 163.4321 -24.9818 -167.6025 100.0000 stroke7
movl 0 -34.5684 376.9435 167.7047 163.1799 -25.1148 -168.2112 100.0000 stroke7
movl 0 -37.4238 381.5433 166.0985 165.8975 -24.8344 -169.1994 100.0000 stroke7
movl 0 -37.2072 385.0694 165.1414 168.9347 -24.9435 -171.3914 100.0000 stroke7
movl 0 -37.7318 388.2223 164.9719 172.8081 -25.2969 -173.5056 100.0000 stroke7
movl 0 -39.1703 391.5595 164.6645 177.1780 -25.2494 -175.1846 100.0000 stroke7
movl 0 -39.6677 388.9882 165.9541 175.9474 -24.9891 -174.6053 100.0000 stroke7
movl 0 -40.8568 388.7860 166.0905 176.2100 -24.4846 -174.5621 100.0000 stroke7
movl 0 -39.3093 381.8493 175.0457 170.1379 -24.6084 -173.2500 100.0000 stroke7
movl 0 -11.5575 379.4472 233.4117 161.9454 -29.9609 -167.3221 100.0000 stroke8
movl 0 -15.9094 378.1522 181.3043 168.0045 -28.3932 -172.1256 100.0000 stroke8
movl 0 -27.2079 378.0007 172.6369 168.8611 -25.0559 -172.5457 100.0000 stroke8
movl 0 -32.5843 379.5133 171.3675 168.7716 -24.0985 -172.6433 100.0000 stroke8
movl 0 -34.2575 381.7498 170.1380 169.6514 -24.4791 -172.7944 100.0000 stroke8
movl 0 -35.8492 382.3681 169.2987 169.8335 -23.8814 -173.2023 100.0000 stroke8
movl 0 -36.7597 383.0648 169.2363 170.6831 -22.6247 -174.3312 100.0000 stroke8
movl 0 -37.4977 382.4997 169.6424 170.5822 -22.0419 -174.7365 100.0000 stroke8
movl 0 -36.0095 382.4094 169.9819 170.7328 -21.7183 -175.9943 100.0000 stroke8
movl 0 -32.6600 382.9237 170.2816 171.1607 -21.5162 -177.8563 100.0000 stroke8
movl 0 -29.3582 383.3947 170.3501 171.7060 -21.4509 -179.7877 100.0000 stroke8
movl 0 -25.9180 383.9155 170.4809 172.2356 -21.0613 178.1971 100.0000 stroke8
movl 0 -21.3774 384.3125 170.5744 172.5333 -20.7564 176.2036 100.0000 stroke8
movl 0 -17.3707 385.1849 170.7785 173.0761 -20.2909 174.2668 100.0000 stroke8
movl 0 -12.4837 385.7700 170.5762 173.5587 -20.1458 172.2790 100.0000 stroke8
movl 0 -7.4046 387.0039 169.9350 174.1972 -19.9492 170.2880 100.0000 stroke8
movl 0 -5.1628 386.8490 169.8351 174.3321 -20.3581 169.8332 100.0000 stroke8
movl 0 0.9785 384.8490 169.8350 174.1562 -22.7282 169.4196 100.0000 stroke8
movl 0 3.1289 387.3285 168.5082 176.2678 -22.4914 167.9273 100.0000 stroke8
movl 0 6.4945 390.0158 166.4858 178.5293 -23.1485 166.8325 100.0000 stroke8
movl 0 6.2743 390.8295 165.6555 179.3758 -23.6536 167.0405 100.0000 stroke8
movl 0 5.2401 390.3881 165.7231 179.7096 -23.9196 167.5350 100.0000 stroke8
movl 0 4.6781 389.6032 166.1965 179.9779 -24.2422 168.0063 100.0000 stroke8
movl 0 4.5569 388.4024 167.0083 179.9327 -24.7102 168.5854 100.0000 stroke8
movl 0 6.9863 382.7837 170.5731 178.4659 -26.1352 169.4524 100.0000 stroke8
movl 0 12.1316 362.2563 222.8944 165.7037 -35.0136 179.8260 100.0000 stroke8
movl 0 -4.9537 386.7717 194.2084 166.6397 -34.6184 -167.6505 100.0000 stroke9
movl 0 -16.9002 377.2933 169.4757 167.5054 -29.2308 -169.6543 100.0000 stroke9
movl 0 -24.8474 374.1178 170.8320 167.3107 -25.3752 -170.7054 100.0000 stroke9
movl 0 -25.8849 375.7592 169.8288 168.5626 -25.3562 -171.9060 100.0000 stroke9
movl 0 -27.1269 377.7397 169.0142 169.9334 -24.9631 -173.2555 100.0000 stroke9
movl 0 -29.7569 382.5199 167.7662 173.4538 -24.4749 -174.7975 100.0000 stroke9
movl 0 -33.3933 386.2083 166.5578 177.6204 -24.1585 -175.9895 100.0000 stroke9
movl 0 -31.7829 385.3242 167.0173 176.8706 -24.2986 -176.4685 100.0000 stroke9
movl 0 -32.8918 384.2226 167.4775 176.7131 -23.7130 -176.8434 100.0000 stroke9
movl 0 -31.8979 382.4692 168.3700 175.3045 -23.7849 -177.5853 100.0000 stroke9
movl 0 -22.8078 372.4658 187.4802 167.2309 -26.1333 -174.2234 100.0000 stroke9
movl 0 -14.8421 372.1664 229.3897 158.1419 -25.7916 -156.4969 100.0000 stroke10
movl 0 -13.6236 373.2595 187.0135 164.6343 -25.7815 -163.2468 100.0000 stroke10
movl 0 -17.3402 374.0952 171.9469 166.6052 -24.0934 -164.6165 100.0000 stroke10
movl 0 -20.4173 372.8746 171.5740 165.5590 -23.4174 -164.7427 100.0000 stroke10
movl 0 -21.3408 374.0784 170.8611 165.7990 -22.8808 -165.4276 100.0000 stroke10
movl 0 -25.4917 375.7836 170.1453 167.1069 -21.5945 -165.8885 100.0000 stroke10
movl 0 -26.1477 375.8263 170.5303 168.2491 -20.8041 -166.8903 100.0000 stroke10
movl 0 -25.1806 376.2037 170.8169 169.1915 -20.4958 -168.0683 100.0000 stroke10
movl 0 -24.2940 376.9443 170.9146 170.2186 -20.0736 -169.1152 100.0000 stroke10
movl 0 -23.2511 377.4751 171.0519 171.0084 -19.6133 -170.2857 100.0000 stroke10
movl 0 -21.9329 378.4088 171.2236 171.8655 -18.9584 -171.8245 100.0000 stroke10
movl 0 -19.4026 379.4443 171.2003 172.6154 -18.4670 -173.7009 100.0000 stroke10
movl 0 -16.6209 380.6754 171.1357 173.2526 -17.9793 -175.8822 100.0000 stroke10
movl 0 -15.8324 380.6618 171.4907 173.1434 -17.4194 -176.9209 100.0000 stroke10
movl 0 -16.6757 379.2773 172.0149 172.2468 -17.3524 -176.1964 100.0000 stroke10
movl 0 -18.5839 378.2705 172.6226 171.2357 -17.0286 -175.4642 100.0000 stroke10
movl 0 -19.3265 378.2552 172.7376 170.5205 -16.9869 -174.8979 100.0000 stroke10
movl 0 -19.6785 378.3539 172.7124 169.9306 -17.0602 -174.3567 100.0000 stroke10
movl 0 -19.9294 378.2431 172.7672 169.4545 -17.1486 -173.9126 100.0000 stroke10
movl 0 -20.2758 377.9247 172.8545 168.8948 -17.2052 -173.4287 100.0000 stroke10
movl 0 -20.6326 377.5575 173.0111 168.4583 -17.1590 -172.9357 100.0000 stroke10
movl 0 -21.0754 376.6101 173.3289 167.8312 -17.0732 -172.3724 100.0000 stroke10
movl 0 -21.2737 375.9319 173.5157 167.3808 -17.0025 -171.8339 100.0000 stroke10
movl 0 -21.6238 375.2941 173.7611 167.0808 -16.9412 -171.4029 100.0000 stroke10
movl 0 -21.5071 374.7672 173.9136 166.7496 -16.9164 -171.0458 100.0000 stroke10
movl 0 -24.5077 356.9038 185.8534 159.5578 -16.1685 -166.4397 100.0000 stroke10
movl 0 -33.7640 360.6151 221.4186 159.0949 -20.9503 -162.1856 100.0000 stroke11
movl 0 -32.2430 360.5094 182.0750 162.8092 -19.3971 -166.5693 100.0000 stroke11
movl 0 -31.8365 359.4712 178.3516 162.8025 -18.0758 -168.0422 100.0000 stroke11
movl 0 -32.9542 362.0246 176.7199 162.9261 -17.4444 -168.6749 100.0000 stroke11
movl 0 -33.5373 364.0775 175.8009 163.5658 -17.7140 -169.3020 100.0000 stroke11
movl 0 -37.9514 366.3651 174.6751 164.8883 -16.2248 -169.8312 100.0000 stroke11
movl 0 -40.5719 369.0936 174.2463 167.1256 -15.4297 -169.9389 100.0000 stroke11
movl 0 -42.5560 368.2950 174.2899 167.1668 -14.9010 -169.6844 100.0000 stroke11
movl 0 -43.9083 368.1219 174.3367 167.1261 -14.5102 -169.6379 100.0000 stroke11
movl 0 -43.2766 369.0541 174.2853 167.0588 -14.4055 -170.3953 100.0000 stroke11
movl 0 -41.6510 369.7046 174.2579 166.9160 -14.5232 -171.2047 100.0000 stroke11
movl 0 -39.9926 369.9343 174.4237 166.7261 -14.6827 -171.5335 100.0000 stroke11
movl 0 -37.4417 368.7359 175.4737 166.0320 -15.0965 -171.9209 100.0000 stroke11
movl 0 -27.3440 361.9362 197.6097 160.9685 -17.9915 -170.7765 100.0000 stroke11
movl 0 -8.0707 392.5332 192.1796 174.0604 -26.7823 -177.6033 100.0000 stroke12
movl 0 -6.6686 388.6930 177.4116 174.0908 -26.4864 -178.0304 100.0000 stroke12
movl 0 -14.7696 387.9139 175.8197 173.3653 -23.4528 -177.3769 100.0000 stroke12
movl 0 -18.1355 387.4453 175.6544 172.7050 -22.1014 -177.4082 100.0000 stroke12
movl 0 -19.1741 388.7975 174.8845 173.0486 -21.4519 -177.9100 100.0000 stroke12
movl 0 -23.7359 393.1397 173.5091 175.6694 -19.3487 -179.3285 100.0000 stroke12
movl 0 -23.6853 394.7419 173.0722 177.0143 -19.2200 179.9044 100.0000 stroke12
movl 0 -23.9858 393.8443 173.1857 177.7360 -19.6607 -179.8719 100.0000 stroke12
movl 0 -25.3990 392.4772 173.4757 178.5280 -19.6732 -179.7429 100.0000 stroke12
movl 0 -27.0472 391.0501 173.8304 179.0771 -19.6469 -179.2696 100.0000 stroke12
movl 0 -29.5339 389.6989 174.1709 179.6479 -19.5569 -178.6435 100.0000 stroke12
movl 0 -32.6496 388.2777 174.3744 -179.8304 -19.4526 -177.7621 100.0000 stroke12
movl 0 -36.9624 386.3897 174.7455 -179.3682 -19.1069 -177.1000 100.0000 stroke12
movl 0 -39.4768 385.0482 175.1538 -179.1386 -19.2006 -176.4795 100.0000 stroke12
movl 0 -43.1115 383.1570 175.6136 -179.1842 -19.2352 -175.3482 100.0000 stroke12
movl 0 -46.4028 381.5979 176.0339 -179.3113 -19.1832 -174.4621 100.0000 stroke12
movl 0 -49.8587 380.1370 176.4804 -179.5101 -19.2466 -173.6145 100.0000 stroke12
movl 0 -53.0076 378.7291 177.0989 -179.8094 -19.4138 -172.7603 100.0000 stroke12
movl 0 -56.5659 373.0343 189.2844 176.7371 -22.3844 -169.2675 100.0000 stroke12
movl 0 -2.4056 398.7569 227.7388 173.4828 -32.3274 -170.4113 100.0000 stroke13
movl 0 4.9384 391.2566 180.1570 177.9976 -30.2803 -176.1179 100.0000 stroke13
movl 0 1.1969 389.1952 171.4135 178.2785 -28.6794 -176.5915 100.0000 stroke13
movl 0 -1.8499 387.6410 171.2058 177.2041 -26.8527 -176.3159 100.0000 stroke13
movl 0 -3.6280 388.3314 170.7374 177.5160 -25.8630 -176.8170 100.0000 stroke13
movl 0 -7.5298 390.5532 169.8601 178.6788 -24.5219 -177.2398 100.0000 stroke13
movl 0 -10.6042 393.6894 169.0880 -178.2142 -23.2411 -178.1552 100.0000 stroke13
movl 0 -11.5407 394.9204 168.7453 -176.6795 -22.9908 -179.0268 100.0000 stroke13
movl 0 -13.2487 394.8255 168.7130 -175.3920 -22.8055 -178.9998 100.0000 stroke13
movl 0 -16.4996 393.2557 169.0799 -174.9088 -22.5213 -177.7267 100.0000 stroke13
movl 0 -19.7002 391.2985 169.5906 -174.8122 -22.3678 -176.3397 100.0000 stroke13
movl 0 -22.1073 389.4381 170.2293 -175.0532 -22.4885 -175.1958 100.0000 stroke13
movl 0 -23.6634 388.2564 170.7341 -175.2663 -22.8330 -174.3001 100.0000 stroke13
movl 0 -24.3000 385.3543 172.6503 -176.8705 -24.3995 -172.5637 100.0000 stroke13
movl 0 -32.0751 380.3768 201.1485 177.2553 -26.9893 -168.3443 100.0000 stroke13
movl 0 -25.6548 382.2809 227.6987 164.1805 -23.6194 -152.7057 100.0000 stroke14
movl 0 -27.8178 371.8621 194.1795 165.6106 -21.1675 -154.8501 100.0000 stroke14
movl 0 -34.4405 373.6971 180.7944 167.0900 -19.3416 -154.1764 100.0000 stroke14
movl 0 -43.1584 372.8344 180.7879 167.4120 -16.2918 -153.9584 100.0000 stroke14
movl 0 -45.1470 375.2371 179.1271 168.2097 -15.7578 -154.1916 100.0000 stroke14
movl 0 -48.3141 375.1830 178.7295 168.7944 -14.7187 -155.1700 100.0000 stroke14
movl 0 -52.2524 376.1533 178.3831 170.4320 -13.2387 -157.0476 100.0000 stroke14
movl 0 -52.6280 377.2939 178.2215 171.3406 -12.7513 -158.5822 100.0000 stroke14
movl 0 -50.9850 378.6067 178.1606 172.0400 -13.0763 -159.6693 100.0000 stroke14
movl 0 -50.4787 379.0301 178.4556 172.7889 -13.0074 -160.4525 100.0000 stroke14
movl 0 -50.3310 379.5878 178.7480 173.9694 -12.6515 -161.5671 100.0000 stroke14
movl 0 -50.1255 380.3083 178.9606 175.3270 -12.3858 -162.8552 100.0000 stroke14
movl 0 -50.6794 381.4451 179.1021 176.9891 -11.8760 -164.5033 100.0000 stroke14
movl 0 -52.4203 383.2635 179.3467 178.9577 -10.9636 -166.1710 100.0000 stroke14
movl 0 -53.1687 384.3200 179.5022 -179.6587 -10.0767 -167.6983 100.0000 stroke14
movl 0 -54.3108 385.5060 179.5628 -178.2591 -9.1162 -169.2434 100.0000 stroke14
movl 0 -55.9260 386.9569 179.5369 -176.5571 -7.7177 -171.4603 100.0000 stroke14
movl 0 -58.3086 388.0514 179.3632 -175.2254 -6.2442 -173.5694 100.0000 stroke14
movl 0 -61.1315 388.9321 179.1595 -174.0684 -4.6075 -175.2375 100.0000 stroke14
movl 0 -63.1547 389.0602 179.1275 -173.4733 -3.2623 -176.5086 100.0000 stroke14
movl 0 -65.2749 389.1810 179.0071 -173.0233 -2.0207 -177.4537 100.0000 stroke14
movl 0 -67.8421 388.0063 179.0601 -173.0172 -0.6254 -178.2609 100.0000 stroke14
movl 0 -73.1243 384.9763 179.5905 -173.9761 1.1374 -178.4001 100.0000 stroke14
movl 0 -75.2121 383.6838 179.7920 -174.7433 2.1768 -179.6126 100.0000 stroke14
movl 0 -73.4162 384.3505 179.8274 -174.7755 2.0386 179.6109 100.0000 stroke14
movl 0 -74.3177 383.6644 179.8143 -174.4881 2.3704 179.5858 100.0000 stroke14
movl 0 -73.1917 383.3747 180.0548 -174.8070 2.5001 178.9705 100.0000 stroke14
movl 0 -71.8880 383.9631 180.0689 -174.6798 2.4599 178.3981 100.0000 stroke14
movl 0 -70.6750 383.6713 180.3026 -174.5412 2.4152 178.1285 100.0000 stroke14
movl 0 -68.2921 383.1443 180.8803 -174.6029 2.2131 177.6906 100.0000 stroke14
movl 0 -66.5060 383.4393 181.2204 -174.5197 2.0667 177.2183 100.0000 stroke14
movl 0 -64.1377 383.4906 181.6048 -174.3809 1.8271 176.7927 100.0000 stroke14
movl 0 -62.6814 383.4113 181.8945 -174.3269 1.7252 176.4086 100.0000 stroke14
movl 0 -60.7920 383.3900 182.2783 -174.2915 1.5597 175.9958 100.0000 stroke14
movl 0 -59.2410 383.2374 182.5988 -174.2591 1.4152 175.7093 100.0000 stroke14
movl 0 -58.3436 383.0765 182.9625 -174.2656 1.2819 175.5155 100.0000 stroke14
movl 0 -55.9651 382.6898 183.5784 -174.3439 0.9741 175.3344 100.0000 stroke14
movl 0 -52.5487 381.9831 184.6932 -174.4814 0.4236 175.0465 100.0000 stroke14
movl 0 -50.1643 380.8640 186.0264 -174.7850 -0.0098 174.7941 100.0000 stroke14
movl 0 -49.1104 380.5368 186.5099 -174.8861 -0.2846 174.7647 100.0000 stroke14
movl 0 -49.0115 379.5469 187.2641 -175.2706 -0.7789 174.9774 100.0000 stroke14
movl 0 -41.3577 375.2906 193.7535 -176.8290 -4.8929 176.3918 100.0000 stroke14
