movl 0 -33.4623 391.4012 170.6094 -145.3301 7.5268 48.4231 100.0000 stroke1
movl 0 -35.6721 387.2532 189.0212 -143.0210 5.2469 48.0964 100.0000 stroke1
movl 0 -46.1697 389.6668 194.3680 -149.8743 5.7824 46.3271 100.0000 stroke1
movl 0 -39.5327 391.7854 173.5432 -149.4604 8.3792 44.2238 100.0000 stroke1
movl 0 -32.2049 391.7280 173.1861 -149.0110 12.6660 37.9645 100.0000 stroke1
movl 0 -35.1051 391.7093 171.9647 -150.9642 13.7294 35.1182 100.0000 stroke1
movl 0 -41.0307 388.3218 172.8823 -151.7662 11.5123 34.9024 100.0000 stroke1
movl 0 -44.9979 389.8408 171.3837 -152.8451 10.0864 34.8731 100.0000 stroke1
movl 0 -46.7786 391.3095 170.3795 -153.9928 11.1258 31.5174 100.0000 stroke1
movl 0 -48.9689 392.6746 169.4252 -155.3382 11.6931 28.7563 100.0000 stroke1
movl 0 -52.1059 394.5684 169.2203 -157.7683 11.8195 26.3298 100.0000 stroke1
movl 0 -54.6853 395.5688 169.1813 -159.3345 11.4055 25.2750 100.0000 stroke1
movl 0 -54.6641 397.9618 169.1599 -161.3022 12.0602 23.1346 100.0000 stroke1
movl 0 -56.3004 397.5729 169.2280 -161.8200 12.2008 23.0765 100.0000 stroke1
movl 0 -57.0219 396.8541 169.5148 -162.0870 12.5145 23.2585 100.0000 stroke1
movl 0 -58.5314 395.6783 169.9224 -162.3923 12.5995 23.6749 100.0000 stroke1
movl 0 -60.5883 394.1864 170.4063 -162.6816 12.4790 24.0878 100.0000 stroke1
movl 0 -62.3516 392.3970 170.8851 -162.6464 12.3367 24.8545 100.0000 stroke1
movl 0 -63.7611 390.6605 171.4019 -162.4741 12.1928 25.4207 100.0000 stroke1
movl 0 -64.4353 389.5229 171.7870 -162.2726 12.2465 25.8624 100.0000 stroke1
movl 0 -64.6743 387.4446 172.4897 -161.5270 12.7141 26.8179 100.0000 stroke1
movl 0 -62.9107 378.6189 180.7205 -156.2681 14.8432 31.1733 100.0000 stroke1
movl 0 -57.6065 391.3801 231.1675 -158.3483 19.9961 31.0370 100.0000 stroke2
movl 0 -47.9951 387.9275 185.5268 -161.6402 18.0341 24.8064 100.0000 stroke2
movl 0 -45.6853 388.5101 175.8124 -162.1726 17.3546 22.9494 100.0000 stroke2
movl 0 -45.3331 387.9877 174.7116 -161.6561 17.3782 21.8276 100.0000 stroke2
movl 0 -47.6326 389.9429 172.7949 -162.2635 17.1983 21.0464 100.0000 stroke2
movl 0 -54.6118 391.7395 172.4695 -165.1231 15.0878 19.4352 100.0000 stroke2
movl 0 -55.3687 394.9700 172.2500 -167.4641 15.0563 17.4785 100.0000 stroke2
movl 0 -57.3079 394.1555 172.2599 -167.7680 14.9721 18.2462 100.0000 stroke2
movl 0 -59.4498 392.5859 172.4596 -167.9391 15.0404 19.3037 100.0000 stroke2
movl 0 -61.4056 391.3058 172.6359 -168.4068 15.3197 20.0748 100.0000 stroke2
movl 0 -63.3048 389.9152 172.7769 -168.7059 15.4573 20.7305 100.0000 stroke2
movl 0 -66.0547 388.2783 172.8944 -169.0006 15.4466 21.7219 100.0000 stroke2
movl 0 -68.5649 386.1144 173.0484 -169.0234 15.5985 22.8503 100.0000 stroke2
movl 0 -71.2601 383.8683 173.2828 -169.0240 15.9127 24.0861 100.0000 stroke2
movl 0 -72.9701 381.7925 173.6470 -168.7184 16.3053 25.0178 100.0000 stroke2
movl 0 -74.0386 380.2193 174.0623 -168.2941 16.7595 25.7629 100.0000 stroke2
movl 0 -74.2171 378.8796 174.3135 -167.5017 17.4940 26.6814 100.0000 stroke2
movl 0 -73.6224 374.2000 176.4533 -164.3210 18.9701 29.3655 100.0000 stroke2
movl 0 -76.6849 360.6262 206.6258 -153.8150 19.3286 37.0503 100.0000 stroke2
movl 0 -52.3050 387.4395 212.8810 -160.6433 22.7090 27.1590 100.0000 stroke3
movl 0 -47.8175 385.6464 183.5695 -165.5300 20.8798 21.3060 100.0000 stroke3
movl 0 -45.8870 386.1731 173.1333 -166.7848 20.6040 20.0020 100.0000 stroke3
movl 0 -45.0277 383.8733 173.1741 -165.4592 20.4189 20.4186 100.0000 stroke3
movl 0 -46.0419 386.5078 172.0352 -166.9061 20.8410 20.0233 100.0000 stroke3
movl 0 -48.6762 389.5783 171.6036 -170.1943 20.4685 16.9180 100.0000 stroke3
movl 0 -48.9349 391.9509 171.2662 -172.4409 20.5899 14.3112 100.0000 stroke3
movl 0 -49.3538 393.6323 171.0656 -174.4536 20.9846 12.5536 100.0000 stroke3
movl 0 -50.0499 394.6321 171.1370 -176.6133 21.1427 10.3143 100.0000 stroke3
movl 0 -51.0523 395.2567 171.1649 -178.5216 21.1546 8.3437 100.0000 stroke3
movl 0 -52.4483 395.9575 171.2460 179.0728 20.9028 5.4416 100.0000 stroke3
movl 0 -54.1215 396.5504 171.1814 176.3897 20.3499 1.6234 100.0000 stroke3
movl 0 -56.3808 397.1149 170.9934 174.1226 19.5368 -0.9892 100.0000 stroke3
movl 0 -58.3865 397.9185 170.7223 172.0932 18.8164 -2.5522 100.0000 stroke3
movl 0 -60.4898 398.3185 170.3553 170.6553 18.4493 -2.3218 100.0000 stroke3
movl 0 -59.7203 397.3393 170.8295 171.1430 18.8930 -1.9795 100.0000 stroke3
movl 0 -57.1565 395.1295 171.9981 173.0606 19.4788 -1.5889 100.0000 stroke3
movl 0 -56.9260 394.7436 172.2440 173.2509 19.4632 -1.5614 100.0000 stroke3
movl 0 -57.2534 394.7416 172.3826 172.8800 19.1933 -1.9700 100.0000 stroke3
movl 0 -58.0110 395.1874 172.3164 172.0148 18.8249 -2.2783 100.0000 stroke3
movl 0 -57.8649 394.7276 172.4725 172.3308 18.8803 -2.4440 100.0000 stroke3
movl 0 -54.1222 389.3279 174.2074 177.0364 20.4760 -1.4669 100.0000 stroke3
movl 0 -31.9715 382.4080 195.3638 -165.6722 26.3935 7.7235 100.0000 stroke3
movl 0 -18.9273 409.9371 245.2068 -158.2570 24.2831 9.5266 100.0000 stroke4
movl 0 -10.6562 410.9680 186.9673 -165.1093 27.0262 5.5523 100.0000 stroke4
movl 0 -8.6565 412.0506 170.1765 -167.1513 27.0633 3.6632 100.0000 stroke4
movl 0 -11.6548 410.8275 170.3741 -166.4694 25.6452 3.7539 100.0000 stroke4
movl 0 -15.3679 410.9106 169.7480 -166.2009 24.0097 3.7697 100.0000 stroke4
movl 0 -18.1994 418.0171 168.6225 -171.5717 22.3730 -0.1040 100.0000 stroke4
movl 0 -16.5948 422.8018 167.5703 -174.5733 22.4351 -2.6858 100.0000 stroke4
movl 0 -16.4088 424.2330 167.4392 -176.4895 22.9304 -3.5949 100.0000 stroke4
movl 0 -17.5366 424.2253 168.0048 -177.9273 23.1914 -3.6628 100.0000 stroke4
movl 0 -19.0313 423.5147 168.7921 -178.9585 23.3817 -3.2905 100.0000 stroke4
movl 0 -20.0513 422.5917 169.3347 -179.3395 23.6663 -2.6529 100.0000 stroke4
movl 0 -21.3654 421.4338 169.7051 -179.3817 23.8412 -2.0037 100.0000 stroke4
movl 0 -22.2259 420.0866 170.1174 -179.2902 24.4022 -1.2981 100.0000 stroke4
movl 0 -20.1502 413.5979 177.4515 -175.8329 27.9884 1.8018 100.0000 stroke4
movl 0 -26.2117 394.7345 230.9027 -161.7886 31.5240 12.0232 100.0000 stroke4
movl 0 -32.3348 393.6642 249.4856 -160.8843 26.5177 8.9113 100.0000 stroke5
movl 0 -26.5391 399.3174 191.0268 -170.8507 25.0591 -0.9626 100.0000 stroke5
movl 0 -25.3317 400.8454 177.6877 -173.8271 24.5549 -4.1997 100.0000 stroke5
movl 0 -29.8074 403.1689 174.9063 -174.6435 23.8303 -3.9210 100.0000 stroke5
movl 0 -32.6360 403.2315 174.0277 -174.7274 23.4996 -3.8029 100.0000 stroke5
movl 0 -40.2639 401.9300 173.9990 -174.8851 20.0645 -6.5246 100.0000 stroke5
movl 0 -43.1538 402.0917 174.1056 -175.5841 18.5451 -9.1863 100.0000 stroke5
movl 0 -42.9104 402.9283 174.4670 -176.4961 17.7626 -11.3830 100.0000 stroke5
movl 0 -41.7716 403.9656 174.8005 -177.4841 17.2333 -13.3437 100.0000 stroke5
movl 0 -41.0147 404.1636 175.3561 -178.1385 16.9255 -14.4998 100.0000 stroke5
movl 0 -39.7310 403.7368 176.0419 -178.5931 17.0521 -15.2747 100.0000 stroke5
movl 0 -39.6116 403.3769 176.0050 -178.5229 17.5870 -14.7617 100.0000 stroke5
movl 0 -35.1998 401.3725 180.6156 -177.2261 20.4911 -13.1441 100.0000 stroke5
movl 0 -11.4415 415.9221 196.9099 -173.0414 24.5421 -6.7125 100.0000 stroke6
movl 0 -11.1602 412.8129 174.9936 -172.5622 23.6917 -6.3934 100.0000 stroke6
movl 0 -9.6357 412.4031 172.8103 -171.4739 23.8023 -5.7592 100.0000 stroke6
movl 0 -11.0751 414.2470 171.9620 -172.3993 22.9535 -6.6436 100.0000 stroke6
movl 0 -14.8683 421.4434 170.5955 -177.3576 20.5264 -10.7156 100.0000 stroke6
movl 0 -13.0430 425.2431 169.4711 179.8409 21.0135 -12.5289 100.0000 stroke6
movl 0 -13.8140 426.0628 169.6027 177.8021 21.2156 -13.0160 100.0000 stroke6
movl 0 -16.1213 425.8072 170.1010 176.2823 21.0213 -12.8310 100.0000 stroke6
movl 0 -18.7557 424.7713 170.5507 175.3023 20.9299 -12.0901 100.0000 stroke6
movl 0 -21.8213 423.4768 170.7870 174.6937 20.8529 -10.7189 100.0000 stroke6
movl 0 -24.8070 421.6139 171.1529 174.5504 20.9120 -9.3285 100.0000 stroke6
movl 0 -26.9633 420.0769 171.4947 174.4715 21.0279 -8.4522 100.0000 stroke6
movl 0 -28.3651 418.7467 171.7425 174.6280 21.2888 -7.6299 100.0000 stroke6
movl 0 -29.3813 417.5727 171.9754 174.8678 21.5307 -7.0626 100.0000 stroke6
movl 0 -30.7262 415.8335 172.4399 175.2173 22.0717 -6.2166 100.0000 stroke6
movl 0 -32.1364 403.8299 186.4889 -179.4642 26.3542 -1.1001 100.0000 stroke6
movl 0 -52.8313 374.8934 204.5383 -167.6336 19.3498 4.8948 100.0000 stroke7
movl 0 -48.5456 378.1306 178.8027 -169.9375 18.4263 1.9840 100.0000 stroke7
movl 0 -51.6198 379.1622 178.3434 -170.5580 17.2604 0.8547 100.0000 stroke7
movl 0 -52.3625 379.8559 177.6498 -170.7044 17.3559 0.3292 100.0000 stroke7
movl 0 -58.1125 382.7345 176.2872 -173.3007 15.2766 -1.6062 100.0000 stroke7
movl 0 -60.6741 382.8970 175.9954 -173.7801 14.7179 -2.3459 100.0000 stroke7
movl 0 -61.6599 382.6329 175.9841 -173.2290 13.9290 -4.0374 100.0000 stroke7
movl 0 -59.5336 383.7515 176.1244 -173.2720 13.9377 -5.9037 100.0000 stroke7
movl 0 -58.1208 384.5981 176.4355 -173.4329 13.6011 -7.4675 100.0000 stroke7
movl 0 -55.4624 386.2747 176.9575 -173.9147 13.5056 -9.3158 100.0000 stroke7
movl 0 -52.8127 387.5963 177.2538 -174.2861 13.6230 -10.7953 100.0000 stroke7
movl 0 -50.6536 388.3282 177.5356 -174.3735 13.7269 -11.6376 100.0000 stroke7
movl 0 -48.5787 389.0527 177.8605 -174.5170 13.8082 -12.2929 100.0000 stroke7
movl 0 -44.6656 389.3678 178.9890 -174.4717 14.2330 -13.2536 100.0000 stroke7
movl 0 -29.1293 383.5738 193.5018 -171.7347 18.3081 -13.2538 100.0000 stroke7
movl 0 -26.4371 404.2412 208.4273 -174.5593 21.8791 -6.3026 100.0000 stroke8
movl 0 -26.7215 396.0289 184.8600 -172.8339 19.0716 -6.0982 100.0000 stroke8
movl 0 -23.6741 396.3554 179.6858 -173.4172 19.0014 -7.5737 100.0000 stroke8
movl 0 -21.9637 395.5549 179.3702 -172.8480 19.6234 -8.0932 100.0000 stroke8
movl 0 -23.9147 399.2701 177.0289 -173.6720 18.8839 -8.3211 100.0000 stroke8
movl 0 -28.9975 403.4388 175.9115 -176.3733 16.6857 -9.0545 100.0000 stroke8
movl 0 -26.0168 407.4934 174.9985 -178.5207 16.9471 -11.0494 100.0000 stroke8
movl 0 -25.9413 409.2132 174.4118 -179.8444 17.2177 -11.0011 100.0000 stroke8
movl 0 -26.4975 409.5021 174.4521 179.0405 17.5912 -10.4372 100.0000 stroke8
movl 0 -28.4367 409.8478 174.5444 177.6431 17.3679 -10.0118 100.0000 stroke8
movl 0 -31.1975 409.1540 174.7805 176.5673 17.1880 -9.1322 100.0000 stroke8
movl 0 -33.3263 408.2311 174.9902 175.9686 17.0921 -8.3992 100.0000 stroke8
movl 0 -37.2518 406.0433 175.3065 175.8368 16.8561 -6.9554 100.0000 stroke8
movl 0 -40.9515 402.9801 175.9057 176.0845 16.7361 -5.6897 100.0000 stroke8
movl 0 -43.5064 401.3263 176.2845 176.1321 16.7469 -4.8577 100.0000 stroke8
movl 0 -46.2016 399.3401 176.6945 176.2495 16.9545 -3.9046 100.0000 stroke8
movl 0 -47.1994 397.4557 177.5207 176.5430 17.6786 -3.1106 100.0000 stroke8
movl 0 -45.9411 387.1084 194.0119 -178.5547 23.4308 0.8014 100.0000 stroke8
movl 0 -19.0143 408.5191 215.1399 178.0653 25.1356 -4.5724 100.0000 stroke9
movl 0 -5.3130 402.1011 179.9861 177.3628 23.8939 -8.5969 100.0000 stroke9
movl 0 -3.2480 398.4563 177.2888 179.6512 24.3856 -8.6143 100.0000 stroke9
movl 0 -5.0540 397.8175 175.6716 -179.2027 24.3125 -7.9749 100.0000 stroke9
movl 0 -9.5187 399.7464 174.2337 -179.4901 22.4783 -7.9743 100.0000 stroke9
movl 0 -13.2365 403.5924 173.4080 177.9895 19.8142 -10.5411 100.0000 stroke9
movl 0 -13.2456 406.9480 172.3680 175.7001 19.3913 -11.6026 100.0000 stroke9
movl 0 -15.3452 407.6578 172.3423 173.9490 19.0153 -11.5062 100.0000 stroke9
movl 0 -19.9577 406.9178 172.5355 172.8547 18.3649 -10.1471 100.0000 stroke9
movl 0 -24.8268 405.5801 172.7020 172.1836 17.9323 -8.2315 100.0000 stroke9
movl 0 -30.0465 403.0096 172.9900 172.1902 17.7304 -5.9922 100.0000 stroke9
movl 0 -34.0043 400.2354 173.3211 172.4265 17.8420 -4.3309 100.0000 stroke9
movl 0 -36.0323 398.4955 173.6644 172.6570 18.1030 -3.3838 100.0000 stroke9
movl 0 -37.8898 396.7532 174.1985 172.8826 18.4853 -2.6112 100.0000 stroke9
movl 0 -38.5397 395.2728 174.8974 173.1680 18.9546 -2.1595 100.0000 stroke9
movl 0 -38.6193 394.1101 175.4744 173.5256 19.4746 -1.7391 100.0000 stroke9
movl 0 -38.0130 393.6568 175.8091 173.6671 19.9839 -1.7111 100.0000 stroke9
movl 0 -37.0840 392.9428 175.9778 174.0627 21.0907 -1.1233 100.0000 stroke9
movl 0 -25.9325 383.3873 185.3082 -178.1831 28.2514 3.6961 100.0000 stroke9
movl 0 -34.8374 376.6008 199.7490 -167.4272 20.9157 12.2308 100.0000 stroke10
movl 0 -30.4828 370.8175 180.3387 -167.8181 19.2327 9.3471 100.0000 stroke10
movl 0 -32.9961 371.9425 180.5056 -169.1307 17.6590 8.8455 100.0000 stroke10
movl 0 -33.8569 372.9554 179.6842 -169.4732 17.5166 8.8046 100.0000 stroke10
movl 0 -38.6543 375.0533 178.4665 -170.9372 15.8946 7.5567 100.0000 stroke10
movl 0 -41.3166 377.4354 178.5759 -172.9367 14.0778 3.7903 100.0000 stroke10
movl 0 -41.9098 378.5178 178.7332 -173.8149 13.5420 1.8930 100.0000 stroke10
movl 0 -42.5827 380.1234 179.1269 -175.4218 12.9091 -0.1863 100.0000 stroke10
movl 0 -44.5180 383.2461 179.6636 -178.1238 11.2964 -3.0711 100.0000 stroke10
movl 0 -47.0810 386.4314 179.7269 179.3323 9.2941 -6.5975 100.0000 stroke10
movl 0 -52.2095 389.0174 179.3514 177.4437 6.2885 -10.0996 100.0000 stroke10
movl 0 -57.4690 392.0955 178.5562 175.9037 2.7992 -14.2334 100.0000 stroke10
movl 0 -62.0320 393.8137 177.7491 175.3610 -0.1450 -17.8348 100.0000 stroke10
movl 0 -65.4428 395.9623 176.8038 174.8854 -2.6096 -20.5900 100.0000 stroke10
movl 0 -68.0833 397.7504 175.9000 174.7534 -4.6845 -23.0758 100.0000 stroke10
movl 0 -70.3870 398.5093 175.2934 174.8739 -6.1291 -24.6161 100.0000 stroke10
movl 0 -69.4388 398.6846 175.7534 174.8668 -5.8618 -25.6856 100.0000 stroke10
movl 0 -67.6911 399.7898 175.9529 174.8374 -5.9048 -27.9657 100.0000 stroke10
movl 0 -65.5805 401.4683 175.9517 174.5426 -5.9864 -29.5247 100.0000 stroke10
movl 0 -63.6376 402.6360 176.1243 174.0117 -5.9534 -30.2163 100.0000 stroke10
movl 0 -63.4109 401.9599 176.4282 174.0431 -6.1229 -30.5779 100.0000 stroke10
movl 0 -61.0999 402.9875 176.6231 173.7150 -6.0954 -31.2627 100.0000 stroke10
movl 0 -57.8315 403.9478 177.1242 173.2100 -5.8649 -31.8794 100.0000 stroke10
movl 0 -55.4260 404.2365 177.5751 172.9339 -5.7379 -32.3877 100.0000 stroke10
movl 0 -53.5590 404.3242 177.9521 172.7513 -5.6424 -32.7454 100.0000 stroke10
movl 0 -51.6145 404.4509 178.3715 172.5486 -5.4732 -33.0794 100.0000 stroke10
movl 0 -49.3246 404.5632 179.0147 172.3863 -5.1768 -33.4226 100.0000 stroke10
movl 0 -47.3998 404.5358 179.7440 172.2386 -4.7848 -33.6372 100.0000 stroke10
movl 0 -46.0767 404.4698 180.4102 172.1256 -4.5306 -33.8108 100.0000 stroke10
movl 0 -45.0845 404.0947 181.0568 172.1476 -4.2634 -33.9382 100.0000 stroke10
movl 0 -43.8950 403.7238 181.7085 172.1361 -3.9158 -33.9999 100.0000 stroke10
movl 0 -42.3797 403.0105 182.6407 172.1753 -3.4740 -34.1535 100.0000 stroke10
movl 0 -42.3227 402.2680 182.7667 172.3005 -3.0041 -33.8881 100.0000 stroke10
movl 0 -39.8303 402.0982 183.4409 171.8280 -1.9487 -33.4411 100.0000 stroke10
movl 0 -34.8843 399.4049 185.5628 171.7712 0.8884 -32.3551 100.0000 stroke10
movl 0 -19.6853 388.0484 193.8010 173.6467 10.5278 -26.6396 100.0000 stroke10
movl 0 -12.6833 388.3339 214.6827 173.9579 14.4714 -23.6707 100.0000 stroke10
