movl 0 -25.5966 415.7590 161.0318 170.8511 -26.3216 -179.2680 100.0000 stroke1
movl 0 -26.9947 416.3523 161.2621 172.8347 -25.9028 177.2516 100.0000 stroke1
movl 0 -28.2415 416.7650 161.4815 174.5250 -25.5803 174.3103 100.0000 stroke1
movl 0 -28.0308 417.0970 161.5619 175.5650 -25.6857 172.4868 100.0000 stroke1
movl 0 -27.7496 417.3609 161.6256 176.1247 -25.7359 171.4529 100.0000 stroke1
movl 0 -27.7262 417.6028 161.8221 177.3296 -25.7727 169.4597 100.0000 stroke1
movl 0 -27.5891 418.0454 162.4214 -179.8613 -25.6360 164.9544 100.0000 stroke1
movl 0 -27.3330 418.6849 162.9318 -176.9150 -25.3015 160.3959 100.0000 stroke1
movl 0 -27.0135 419.5807 163.6140 -173.6008 -24.4906 155.5259 100.0000 stroke1
movl 0 -26.6257 420.0733 164.4994 -170.2733 -23.3491 150.1603 100.0000 stroke1
movl 0 -26.7500 421.2456 165.0967 -167.2323 -21.5992 145.3257 100.0000 stroke1
movl 0 -26.8600 422.7214 165.6474 -164.1411 -19.3357 140.3652 100.0000 stroke1
movl 0 -27.2764 424.3059 166.0521 -161.4807 -16.6869 135.8753 100.0000 stroke1
movl 0 -27.9087 425.1218 166.4911 -159.5974 -14.2933 132.0302 100.0000 stroke1
movl 0 -28.5715 426.5810 166.6614 -157.6006 -11.3238 128.2406 100.0000 stroke1
movl 0 -28.6084 425.3028 167.3123 -157.7383 -11.4782 127.2643 100.0000 stroke1
movl 0 -26.8167 422.9470 167.8678 -158.7476 -13.4154 128.0061 100.0000 stroke1
movl 0 -27.1913 423.9151 167.7785 -158.1031 -12.4537 127.3556 100.0000 stroke1
movl 0 -28.8722 424.7454 167.9444 -157.6939 -10.8716 126.6535 100.0000 stroke1
movl 0 -29.0187 424.6280 167.9894 -157.6827 -10.8179 126.5301 100.0000 stroke1
movl 0 -29.1694 424.3510 168.0788 -157.8903 -11.1224 126.5881 100.0000 stroke1
movl 0 -27.2283 421.2740 168.9109 -159.0311 -13.7442 128.2193 100.0000 stroke1
movl 0 -16.4904 411.6693 180.2216 -161.1519 -23.9175 132.8571 100.0000 stroke1
movl 0 -13.2621 396.9972 201.8207 172.4564 -35.7496 166.7034 100.0000 stroke2
movl 0 -17.8032 399.3661 170.7904 179.9497 -32.3398 159.6428 100.0000 stroke2
movl 0 -29.5866 397.1280 171.7039 -179.8765 -27.9117 157.9417 100.0000 stroke2
movl 0 -35.1790 398.0861 171.3976 -178.4099 -27.3602 158.1203 100.0000 stroke2
movl 0 -40.9178 398.7123 170.0566 -178.8413 -26.5900 160.9605 100.0000 stroke2
movl 0 -42.3918 399.3004 169.2738 -179.3185 -25.8092 161.8936 100.0000 stroke2
movl 0 -45.0840 399.6672 169.2750 -179.8706 -24.0884 161.7694 100.0000 stroke2
movl 0 -46.7295 399.5079 169.9423 -179.7705 -22.5446 160.5768 100.0000 stroke2
movl 0 -47.8293 399.6277 170.0072 179.9389 -21.7534 159.3193 100.0000 stroke2
movl 0 -45.1661 400.7079 170.2040 -179.8695 -21.2443 157.0622 100.0000 stroke2
movl 0 -40.3179 402.3959 170.3159 -179.5457 -20.7676 154.0908 100.0000 stroke2
movl 0 -36.9207 403.8106 170.4392 -179.1886 -20.4840 151.8743 100.0000 stroke2
movl 0 -35.7363 402.3182 171.1393 -179.4624 -21.2034 151.7171 100.0000 stroke2
movl 0 -35.9735 402.6481 171.1495 -178.9449 -20.7057 151.3492 100.0000 stroke2
movl 0 -37.0090 402.4957 171.0634 -178.6169 -20.7044 152.0575 100.0000 stroke2
movl 0 -36.3979 401.4528 171.3490 -178.5216 -21.5064 152.6905 100.0000 stroke2
movl 0 -36.8823 395.9062 179.1813 179.5520 -25.8731 156.2406 100.0000 stroke2
movl 0 -40.7722 375.9181 247.9580 170.0210 -33.5780 165.7841 100.0000 stroke2
movl 0 -14.0728 388.3433 202.0042 176.9539 -29.5871 157.5322 100.0000 stroke3
movl 0 -9.3889 389.9113 173.9612 179.1820 -28.2042 153.3087 100.0000 stroke3
movl 0 -15.6424 392.9805 172.4553 178.7042 -25.9356 153.3485 100.0000 stroke3
movl 0 -19.6805 393.4908 171.7849 178.3640 -25.4369 154.4562 100.0000 stroke3
movl 0 -21.5908 394.1027 171.2194 178.1084 -24.5519 154.4998 100.0000 stroke3
movl 0 -27.6077 393.1063 171.8546 177.0726 -21.6960 152.9532 100.0000 stroke3
movl 0 -32.5475 391.7270 172.2424 175.9463 -20.2538 152.0830 100.0000 stroke3
movl 0 -33.8904 391.9225 172.4121 175.7867 -19.0475 150.2977 100.0000 stroke3
movl 0 -34.8277 392.5929 172.6540 175.4498 -17.7777 148.1342 100.0000 stroke3
movl 0 -34.7909 394.1094 172.5557 175.4909 -16.3590 144.5220 100.0000 stroke3
movl 0 -34.9495 395.8780 172.0752 175.3913 -15.1698 141.9238 100.0000 stroke3
movl 0 -33.0789 392.8220 172.9593 175.1110 -16.8365 142.4931 100.0000 stroke3
movl 0 -29.3949 391.2439 173.5917 175.1469 -18.5188 142.6294 100.0000 stroke3
movl 0 -28.9757 390.8047 173.7572 175.1029 -18.7162 142.5046 100.0000 stroke3
movl 0 -27.9224 390.0466 173.9763 175.0718 -19.2150 142.3996 100.0000 stroke3
movl 0 -27.6737 390.3171 173.8832 175.2524 -19.1543 142.2961 100.0000 stroke3
movl 0 -27.7896 392.2877 173.8784 176.8605 -17.8385 141.2384 100.0000 stroke3
movl 0 -27.1298 393.4922 173.6101 178.1428 -17.1649 140.2868 100.0000 stroke3
movl 0 -25.3148 393.8670 172.9596 178.9222 -18.2411 141.5203 100.0000 stroke3
movl 0 -23.2634 393.3663 173.0716 179.2437 -19.8685 142.7445 100.0000 stroke3
movl 0 -25.7195 385.4034 187.5211 175.6170 -24.8285 149.8436 100.0000 stroke3
movl 0 0.5905 416.9316 196.9310 171.2656 -31.4345 170.9865 100.0000 stroke4
movl 0 -3.2060 413.9544 170.7242 170.1409 -28.9481 171.6331 100.0000 stroke4
movl 0 -7.3010 416.1146 166.6021 170.2044 -27.6890 171.6359 100.0000 stroke4
movl 0 -8.9742 417.1681 165.5192 169.0226 -27.1728 173.3068 100.0000 stroke4
movl 0 -12.8097 421.3702 165.3495 173.1558 -24.8788 169.1379 100.0000 stroke4
movl 0 -13.3137 425.9134 165.1509 178.0132 -23.0901 162.9476 100.0000 stroke4
movl 0 -11.3653 429.0788 165.1770 -178.1691 -22.6344 158.7327 100.0000 stroke4
movl 0 -10.4956 431.7502 165.7264 -173.2959 -21.5417 154.1395 100.0000 stroke4
movl 0 -10.2230 433.5754 166.0952 -168.6772 -20.0847 149.3193 100.0000 stroke4
movl 0 -10.8765 434.3774 166.5793 -165.6534 -18.2749 146.1474 100.0000 stroke4
movl 0 -12.0981 434.7281 166.7669 -163.5542 -16.8335 144.5118 100.0000 stroke4
movl 0 -13.8548 433.5275 167.1332 -162.3106 -15.8194 143.9901 100.0000 stroke4
movl 0 -14.8817 431.5117 167.5301 -161.9950 -15.8671 144.4505 100.0000 stroke4
movl 0 -15.3838 429.8613 167.9119 -161.8344 -16.0707 144.8337 100.0000 stroke4
movl 0 -13.0747 426.8179 169.4968 -161.0854 -18.1895 145.2366 100.0000 stroke4
movl 0 -19.5797 406.7137 200.2122 -167.0433 -29.3152 151.0935 100.0000 stroke4
movl 0 -34.1659 382.9382 224.1486 174.9760 -32.6073 165.1165 100.0000 stroke5
movl 0 -33.6101 381.1687 175.4678 -178.7714 -27.7895 158.3654 100.0000 stroke5
movl 0 -43.5133 379.7436 176.1522 -179.5516 -25.3057 157.6996 100.0000 stroke5
movl 0 -47.9682 379.9987 173.5747 -178.9673 -25.1219 158.2666 100.0000 stroke5
movl 0 -51.0041 380.1805 172.3685 -179.7393 -24.0361 158.4270 100.0000 stroke5
movl 0 -56.3230 379.8162 172.1789 179.2311 -21.2940 157.0239 100.0000 stroke5
movl 0 -59.0997 380.3576 172.3817 179.4670 -19.3974 154.9707 100.0000 stroke5
movl 0 -60.8957 379.5080 172.9310 179.1687 -18.6692 154.1065 100.0000 stroke5
movl 0 -60.8616 379.7052 173.0037 178.7377 -18.2347 152.9191 100.0000 stroke5
movl 0 -59.7919 380.2491 173.4449 178.5217 -17.5319 150.7812 100.0000 stroke5
movl 0 -57.6935 381.1283 173.6977 178.4658 -16.9054 148.6084 100.0000 stroke5
movl 0 -55.4292 382.1551 174.0588 178.4010 -16.0476 146.0106 100.0000 stroke5
movl 0 -54.3549 382.8823 174.3884 177.5821 -14.8054 143.8190 100.0000 stroke5
movl 0 -54.1512 383.0054 174.6301 176.7618 -13.7495 141.6609 100.0000 stroke5
movl 0 -53.1039 384.1323 174.6451 176.1574 -12.7255 139.1007 100.0000 stroke5
movl 0 -51.7126 385.5088 174.3845 175.5916 -11.8547 136.6657 100.0000 stroke5
movl 0 -50.2176 386.5501 174.0738 175.5994 -11.4110 135.0534 100.0000 stroke5
movl 0 -50.4815 382.5384 175.1714 174.6842 -12.8708 136.3314 100.0000 stroke5
movl 0 -48.7057 380.8261 175.8098 174.3964 -14.1229 136.8752 100.0000 stroke5
movl 0 -47.8987 379.9442 176.3356 174.2284 -14.7303 136.8788 100.0000 stroke5
movl 0 -47.4315 379.8720 176.4445 174.2498 -14.7656 136.8650 100.0000 stroke5
movl 0 -47.1789 380.0635 176.3517 174.5633 -14.5249 136.6995 100.0000 stroke5
movl 0 -47.3219 381.2265 176.2962 175.4011 -13.5782 136.0820 100.0000 stroke5
movl 0 -47.3205 381.9203 176.3814 176.0159 -13.0439 135.4251 100.0000 stroke5
movl 0 -46.5948 382.3467 176.5494 176.4323 -12.6309 134.7147 100.0000 stroke5
movl 0 -46.2325 382.3505 176.4642 176.7027 -12.7852 135.0641 100.0000 stroke5
movl 0 -43.9507 382.2101 176.5195 177.5070 -13.8869 136.2249 100.0000 stroke5
movl 0 -42.1453 380.4433 178.1000 177.2086 -16.0470 138.9745 100.0000 stroke5
movl 0 -50.6716 365.6482 239.7327 167.1483 -24.3208 156.0203 100.0000 stroke5
movl 0 -36.1317 385.8291 204.9072 177.4217 -25.3127 163.0483 100.0000 stroke6
movl 0 -32.0360 385.3652 181.7045 178.3643 -23.0520 159.7363 100.0000 stroke6
movl 0 -35.0865 386.6050 178.7480 178.4180 -21.7323 159.2965 100.0000 stroke6
movl 0 -36.3981 387.9135 177.2765 178.9150 -21.1369 158.8877 100.0000 stroke6
movl 0 -37.4402 390.8530 175.6090 179.6758 -20.0865 157.6870 100.0000 stroke6
movl 0 -37.5911 394.3046 174.3691 -178.0037 -19.2021 156.4510 100.0000 stroke6
movl 0 -39.4802 393.9598 174.5491 -177.1809 -18.7945 156.4836 100.0000 stroke6
movl 0 -41.3504 393.2758 174.7466 -176.2868 -18.5910 156.9159 100.0000 stroke6
movl 0 -43.9663 391.5691 174.9711 -175.6057 -18.5860 158.0520 100.0000 stroke6
movl 0 -47.7915 389.0618 175.1691 -175.2006 -18.5328 159.5233 100.0000 stroke6
movl 0 -52.1620 387.0246 175.3392 -174.9555 -18.4647 160.9737 100.0000 stroke6
movl 0 -57.1958 384.3871 175.7099 -175.0016 -18.4054 162.3901 100.0000 stroke6
movl 0 -61.5928 382.3793 176.0817 -175.2686 -18.4494 163.5102 100.0000 stroke6
movl 0 -63.5927 381.8039 176.6055 -175.2665 -18.7360 163.8160 100.0000 stroke6
movl 0 -64.1751 381.2719 177.4960 -175.3502 -19.2592 164.0171 100.0000 stroke6
movl 0 -56.9192 379.8737 192.1938 -176.5552 -25.6254 163.9037 100.0000 stroke6
movl 0 -25.4348 380.7761 244.7573 174.8241 -32.3947 159.4485 100.0000 stroke7
movl 0 -18.8532 376.2760 188.4671 -178.3773 -26.9145 150.2090 100.0000 stroke7
movl 0 -24.1913 371.6168 181.9600 -179.9680 -25.4773 149.1902 100.0000 stroke7
movl 0 -32.8036 374.5848 179.5103 179.9930 -22.0548 148.4669 100.0000 stroke7
movl 0 -34.7866 376.8262 178.2697 -179.6699 -20.8995 147.9782 100.0000 stroke7
movl 0 -35.5582 377.1640 177.5101 -179.7689 -21.0988 147.2323 100.0000 stroke7
movl 0 -41.4833 378.7529 176.6009 179.5648 -18.2734 145.5548 100.0000 stroke7
movl 0 -41.8946 380.8232 177.2211 -178.9935 -16.2617 142.5707 100.0000 stroke7
movl 0 -42.9339 381.3049 178.0527 -178.0928 -14.6881 140.5860 100.0000 stroke7
movl 0 -44.2170 382.5233 178.8640 -177.0208 -12.5392 137.7944 100.0000 stroke7
movl 0 -46.7879 384.5843 179.5826 -176.3841 -9.6717 134.9603 100.0000 stroke7
movl 0 -50.1754 387.5383 179.8713 -176.0370 -6.3160 131.6433 100.0000 stroke7
movl 0 -54.4615 390.3979 179.8393 -176.3753 -2.7384 127.7257 100.0000 stroke7
movl 0 -59.9216 392.9627 179.2769 -177.6040 0.7176 122.9601 100.0000 stroke7
movl 0 -64.0061 395.7477 178.3888 -178.9424 3.6683 117.3999 100.0000 stroke7
movl 0 -67.4502 397.8599 177.4473 179.3522 5.9512 111.6477 100.0000 stroke7
movl 0 -70.3233 399.5814 176.2838 177.4873 7.6125 106.5275 100.0000 stroke7
movl 0 -71.2813 399.6752 175.9439 176.5057 7.7345 103.0873 100.0000 stroke7
movl 0 -68.7386 400.6445 176.3670 176.9455 7.5204 101.4884 100.0000 stroke7
movl 0 -65.5231 402.0016 176.6896 177.4326 7.4542 100.5514 100.0000 stroke7
movl 0 -63.3947 402.2870 176.9294 177.9027 7.4912 100.7115 100.0000 stroke7
movl 0 -60.2040 401.6387 177.4124 178.4319 7.3579 101.0172 100.0000 stroke7
movl 0 -56.7033 401.7498 177.8993 179.0047 7.2338 101.1741 100.0000 stroke7
movl 0 -54.2834 401.5871 178.2345 179.3342 7.1724 101.1962 100.0000 stroke7
movl 0 -51.9787 401.4880 178.5928 179.6555 7.1144 101.2045 100.0000 stroke7
movl 0 -49.6240 401.3317 179.0757 -179.9961 7.0156 101.2509 100.0000 stroke7
movl 0 -47.5005 401.1900 179.5229 -179.6561 6.8901 101.3804 100.0000 stroke7
movl 0 -45.8456 400.9182 180.0194 -179.4717 6.7471 101.2821 100.0000 stroke7
movl 0 -44.3462 400.4812 180.5447 -179.2878 6.5400 101.2421 100.0000 stroke7
movl 0 -43.3878 400.0089 181.0539 -179.1960 6.3673 101.1223 100.0000 stroke7
movl 0 -42.2185 399.7647 181.5186 -179.0137 6.2259 101.0552 100.0000 stroke7
movl 0 -41.2999 399.5922 181.9955 -178.8558 6.1079 100.9605 100.0000 stroke7
movl 0 -40.7854 399.2386 182.3120 -178.7920 6.0024 100.9485 100.0000 stroke7
movl 0 -40.1700 399.0147 182.6935 -178.7073 5.9227 100.8815 100.0000 stroke7
movl 0 -39.5512 398.6861 183.0696 -178.6565 5.8023 100.8012 100.0000 stroke7
movl 0 -29.8416 394.0387 189.9910 -176.3664 3.6599 100.8118 100.0000 stroke7
movl 0 9.6934 377.4943 234.9909 -163.2381 -6.9570 106.1295 100.0000 stroke7
movl 0 -17.2402 371.7903 185.0878 177.3884 -33.2612 163.3986 100.0000 stroke8
movl 0 -28.4254 359.4267 175.0173 169.0071 -28.1006 169.1872 100.0000 stroke8
movl 0 -33.7798 358.2478 175.5432 167.9611 -24.0873 168.3675 100.0000 stroke8
movl 0 -35.4563 362.0969 173.8829 168.8225 -22.6700 167.8122 100.0000 stroke8
movl 0 -37.8942 364.3685 172.5394 169.3769 -21.6825 168.0377 100.0000 stroke8
movl 0 -40.8050 369.7613 171.8107 173.4169 -19.6715 164.9052 100.0000 stroke8
movl 0 -39.4904 373.6918 171.8365 176.8370 -18.7289 160.3994 100.0000 stroke8
movl 0 -39.6011 374.9455 172.3702 179.2979 -18.5686 157.8155 100.0000 stroke8
movl 0 -39.4072 376.6763 173.3888 -177.3988 -17.4668 153.7137 100.0000 stroke8
movl 0 -39.3981 378.7385 173.9603 -173.9582 -16.0695 149.3679 100.0000 stroke8
movl 0 -40.4004 380.8283 174.2963 -170.7779 -13.8794 144.8300 100.0000 stroke8
movl 0 -41.4801 382.6781 174.4694 -168.3819 -11.5341 141.0328 100.0000 stroke8
movl 0 -42.4538 383.9465 174.5768 -166.5241 -9.4953 137.9624 100.0000 stroke8
movl 0 -43.9863 385.1309 174.3838 -165.1530 -7.5070 135.7284 100.0000 stroke8
movl 0 -45.2450 385.3344 174.2939 -164.4165 -6.2463 134.7893 100.0000 stroke8
movl 0 -46.9763 384.7913 174.2627 -163.8165 -5.5106 135.1033 100.0000 stroke8
movl 0 -47.6016 382.7637 175.0102 -164.2747 -6.2166 135.4048 100.0000 stroke8
movl 0 -45.0421 380.8480 175.9143 -164.7985 -7.2430 134.3432 100.0000 stroke8
movl 0 -46.1906 380.6250 175.8397 -164.5982 -6.5483 134.2065 100.0000 stroke8
movl 0 -45.4346 375.4049 177.7696 -165.9318 -8.5674 134.2246 100.0000 stroke8
movl 0 -42.5611 363.8935 180.7496 -170.0312 -13.6529 133.4539 100.0000 stroke8
movl 0 -46.1387 361.7930 180.5818 -171.2749 -13.5603 133.3728 100.0000 stroke8
movl 0 -47.1649 362.2652 180.0031 -170.9703 -13.1554 133.3530 100.0000 stroke8
movl 0 -49.7386 364.4061 178.8317 -170.1360 -11.6232 133.5031 100.0000 stroke8
movl 0 -52.8715 365.1107 177.7328 -169.7387 -10.8215 134.8655 100.0000 stroke8
movl 0 -52.8148 365.1946 177.4243 -169.4747 -11.1306 135.6686 100.0000 stroke8
movl 0 -52.4633 365.1283 177.3218 -169.1872 -11.6950 136.0067 100.0000 stroke8
movl 0 -51.2186 365.0001 177.4237 -168.8402 -12.2734 135.9602 100.0000 stroke8
movl 0 -42.0492 358.2760 181.4619 -169.5439 -17.4590 135.4000 100.0000 stroke8
movl 0 -36.1567 339.8922 201.7872 -177.3404 -28.3618 139.6219 100.0000 stroke8
movl 0 -17.5594 376.7619 232.5556 -168.8822 -34.8979 138.7965 100.0000 stroke9
movl 0 -23.9375 373.9965 184.1490 -163.9710 -26.5325 133.7982 100.0000 stroke9
movl 0 -27.8482 371.3728 175.0077 -164.0755 -23.5040 131.8637 100.0000 stroke9
movl 0 -33.0371 367.8518 175.2538 -166.8908 -22.8859 132.2576 100.0000 stroke9
movl 0 -35.0284 367.8752 175.3446 -167.3652 -21.6932 131.5440 100.0000 stroke9
movl 0 -36.7957 368.8447 174.8272 -167.5851 -20.5064 131.5531 100.0000 stroke9
movl 0 -38.2798 370.6526 174.0192 -167.8336 -19.5043 130.8642 100.0000 stroke9
movl 0 -41.0314 372.7394 173.2648 -166.9245 -17.1424 130.0184 100.0000 stroke9
movl 0 -42.9192 375.0949 172.9198 -165.3926 -14.7269 128.5452 100.0000 stroke9
movl 0 -44.8062 377.4151 172.2889 -164.0708 -12.8072 127.7076 100.0000 stroke9
movl 0 -47.6635 378.4189 171.7103 -163.2866 -11.0780 128.3937 100.0000 stroke9
movl 0 -48.0239 376.9638 172.1359 -163.4821 -11.5771 128.8481 100.0000 stroke9
movl 0 -44.9666 375.3840 173.1060 -163.8379 -12.9716 127.8601 100.0000 stroke9
movl 0 -45.3969 375.9048 173.0803 -163.6330 -12.2959 127.5722 100.0000 stroke9
movl 0 -47.6886 376.4431 172.8318 -163.7362 -11.1137 127.8435 100.0000 stroke9
movl 0 -44.8768 369.8079 174.8517 -165.3589 -15.4371 127.5244 100.0000 stroke9
movl 0 -41.8416 361.2075 195.7488 -171.7646 -24.9178 134.2852 100.0000 stroke9
movl 0 -10.3427 385.8865 223.0281 -163.0276 -25.0863 128.9621 100.0000 stroke10
movl 0 -6.9516 382.7555 179.6334 -159.9125 -19.6182 122.7749 100.0000 stroke10
movl 0 -10.0085 382.7822 177.6777 -160.3076 -17.0770 120.5002 100.0000 stroke10
movl 0 -14.7420 385.0023 176.1097 -160.3063 -14.5317 120.1926 100.0000 stroke10
movl 0 -17.0121 386.2251 174.6645 -160.7486 -14.3260 120.2961 100.0000 stroke10
movl 0 -23.7908 389.9463 173.4842 -161.7197 -10.6449 119.6304 100.0000 stroke10
movl 0 -28.1508 395.3376 172.4120 -161.9004 -5.9401 117.5505 100.0000 stroke10
movl 0 -30.5966 398.5231 171.9488 -162.1698 -2.2164 115.0682 100.0000 stroke10
movl 0 -30.5832 400.7708 171.6487 -162.3141 -0.2765 112.6822 100.0000 stroke10
movl 0 -31.1215 401.7591 171.4610 -162.2686 0.8725 111.3952 100.0000 stroke10
movl 0 -32.6328 401.1207 171.6972 -162.1777 2.1896 110.8026 100.0000 stroke10
movl 0 -33.7006 399.1290 172.3980 -162.2773 2.1293 110.8985 100.0000 stroke10
movl 0 -31.2947 396.7924 173.7083 -162.1883 0.4006 110.2234 100.0000 stroke10
movl 0 -29.7778 396.3309 174.0746 -162.2930 -0.1526 109.4270 100.0000 stroke10
movl 0 -30.3733 397.0933 173.8158 -162.1476 1.0527 109.3813 100.0000 stroke10
movl 0 -30.9585 396.8356 173.9266 -162.0417 1.9319 109.1712 100.0000 stroke10
movl 0 -32.0377 396.3057 173.9761 -162.1300 2.4007 109.1822 100.0000 stroke10
movl 0 -30.9125 396.7152 174.0987 -161.8891 1.9553 108.8830 100.0000 stroke10
movl 0 -23.7350 391.3828 177.1287 -160.3236 -2.5788 108.0859 100.0000 stroke10
movl 0 -5.3785 383.9506 204.4466 -158.6093 -14.6348 109.7032 100.0000 stroke10
