movl 0 -37.1533 389.9300 166.6697 -146.4953 -0.5993 56.9899 100.0000 stroke1
movl 0 -39.6628 389.3268 166.6724 -147.2580 -1.0536 57.3923 100.0000 stroke1
movl 0 -42.6502 390.9999 167.1664 -148.6291 -0.3962 56.8846 100.0000 stroke1
movl 0 -45.9931 388.7068 167.0578 -148.8023 -1.6688 57.7084 100.0000 stroke1
movl 0 -48.7088 387.5103 166.3512 -149.0087 -3.5158 59.5872 100.0000 stroke1
movl 0 -49.0836 388.0729 165.7150 -149.2412 -3.8066 60.6544 100.0000 stroke1
movl 0 -50.4879 390.1845 165.8661 -150.6368 -1.9929 59.6486 100.0000 stroke1
movl 0 -52.5835 391.7626 166.2013 -152.3066 -0.2681 57.5774 100.0000 stroke1
movl 0 -53.6296 393.1875 166.6258 -153.6760 1.4313 55.3677 100.0000 stroke1
movl 0 -53.8857 394.9319 167.0975 -155.0535 3.3706 52.8011 100.0000 stroke1
movl 0 -54.0775 395.8538 167.2980 -155.8055 4.5765 51.0953 100.0000 stroke1
movl 0 -54.1580 396.4307 167.7619 -156.6179 6.0812 48.9028 100.0000 stroke1
movl 0 -54.3330 397.3627 168.6089 -158.0560 8.2024 45.6489 100.0000 stroke1
movl 0 -54.7371 398.4458 169.6424 -159.9447 10.2722 42.1119 100.0000 stroke1
movl 0 -54.6333 399.8245 171.0392 -162.4186 12.9878 37.3825 100.0000 stroke1
movl 0 -54.7045 399.6062 171.9209 -163.4567 14.1954 35.0076 100.0000 stroke1
movl 0 -52.5153 398.8590 172.2513 -162.7072 14.5129 34.1030 100.0000 stroke1
movl 0 -53.7570 398.9655 172.3389 -163.3897 14.5740 33.7246 100.0000 stroke1
movl 0 -51.4333 394.4109 172.5574 -159.7695 13.1597 35.3278 100.0000 stroke1
movl 0 -44.3813 370.5740 183.0274 -144.1466 -0.3451 46.2621 100.0000 stroke1
movl 0 -34.8525 386.9196 184.1426 -144.9574 1.6964 57.4199 100.0000 stroke2
movl 0 -35.4134 388.7682 171.7255 -147.4243 1.1181 56.9337 100.0000 stroke2
movl 0 -42.3512 387.0865 171.2973 -149.9313 -0.8289 57.2934 100.0000 stroke2
movl 0 -45.7514 388.0406 170.9243 -151.5278 -0.3031 56.7352 100.0000 stroke2
movl 0 -48.3120 389.2814 170.0123 -152.3774 -0.3299 56.6254 100.0000 stroke2
movl 0 -49.5736 390.1337 169.0995 -152.5999 -0.4398 56.9975 100.0000 stroke2
movl 0 -51.4073 391.4847 168.5942 -153.7743 -0.2217 56.4411 100.0000 stroke2
movl 0 -51.9790 391.5292 168.5576 -154.3763 -0.2351 55.5727 100.0000 stroke2
movl 0 -53.5402 390.9944 168.5055 -154.7859 -0.8766 55.4035 100.0000 stroke2
movl 0 -52.4142 391.7109 168.5411 -154.9008 -0.6845 54.5474 100.0000 stroke2
movl 0 -49.3199 392.9239 168.7152 -155.1790 -0.2243 52.2055 100.0000 stroke2
movl 0 -44.3189 396.0278 168.4001 -155.5088 0.9202 49.3576 100.0000 stroke2
movl 0 -40.5768 396.8867 168.3886 -154.7575 2.0653 48.9363 100.0000 stroke2
movl 0 -36.7030 398.7183 167.8864 -154.1827 3.6358 48.5013 100.0000 stroke2
movl 0 -31.3353 405.3914 166.4608 -155.8652 8.2089 45.6603 100.0000 stroke2
movl 0 -24.8626 411.6887 164.6513 -157.3495 12.6286 42.2914 100.0000 stroke2
movl 0 -22.5387 415.4311 163.5999 -158.3081 15.7784 40.7422 100.0000 stroke2
movl 0 -22.0144 417.5114 163.6246 -159.7632 18.2527 38.5192 100.0000 stroke2
movl 0 -21.9756 420.0924 163.8177 -162.4354 20.8860 35.6715 100.0000 stroke2
movl 0 -22.1019 421.6153 163.9834 -164.5695 22.7522 33.3128 100.0000 stroke2
movl 0 -22.4819 423.8561 164.0890 -167.4221 24.9210 30.6320 100.0000 stroke2
movl 0 -22.6271 423.6729 164.7256 -168.2202 25.5183 29.4672 100.0000 stroke2
movl 0 -23.1628 424.1870 164.6940 -169.2008 26.0328 28.7253 100.0000 stroke2
movl 0 -23.3466 423.4209 165.1870 -168.8894 25.7702 28.5590 100.0000 stroke2
movl 0 -20.0692 404.3373 170.0188 -154.8884 18.7568 35.1458 100.0000 stroke2
movl 0 -10.8999 372.5726 217.1785 -135.3144 6.9943 43.6653 100.0000 stroke2
movl 0 -27.8279 386.9701 200.6985 -149.6521 19.3758 36.2913 100.0000 stroke3
movl 0 -38.1067 385.3173 176.9706 -152.1173 15.4346 33.7312 100.0000 stroke3
movl 0 -42.5256 387.2117 175.8157 -155.6438 15.3070 29.9269 100.0000 stroke3
movl 0 -46.2071 390.9661 174.2231 -158.1985 15.9381 28.2797 100.0000 stroke3
movl 0 -48.5467 392.6373 173.0845 -158.7670 15.7998 29.1684 100.0000 stroke3
movl 0 -49.5710 393.9435 172.2484 -159.2991 15.9922 28.8931 100.0000 stroke3
movl 0 -50.6863 394.3582 171.9222 -159.8919 15.6740 27.9957 100.0000 stroke3
movl 0 -51.2462 395.2204 171.8607 -160.6177 15.6274 27.0437 100.0000 stroke3
movl 0 -51.8114 395.1172 172.0101 -160.9210 15.2142 26.4781 100.0000 stroke3
movl 0 -52.6247 394.6310 171.9890 -160.8003 14.6178 26.2786 100.0000 stroke3
movl 0 -52.4793 394.9174 171.8313 -160.8787 14.3182 25.9752 100.0000 stroke3
movl 0 -52.2192 395.1922 171.7850 -161.0397 13.9283 25.2736 100.0000 stroke3
movl 0 -50.4070 396.1326 171.6252 -161.3161 13.7575 23.8493 100.0000 stroke3
movl 0 -49.6429 395.6810 171.7422 -160.9455 13.8778 24.1620 100.0000 stroke3
movl 0 -48.7091 394.0753 172.1479 -159.9338 13.8685 24.9559 100.0000 stroke3
movl 0 -49.1472 394.4692 172.1014 -160.2903 13.8025 25.0016 100.0000 stroke3
movl 0 -49.1468 395.2068 172.1556 -161.0421 13.8349 24.5313 100.0000 stroke3
movl 0 -49.1071 395.7102 172.0125 -161.3927 13.8654 24.2091 100.0000 stroke3
movl 0 -49.8592 395.4381 172.1897 -161.2423 14.2471 24.9667 100.0000 stroke3
movl 0 -46.0866 380.9329 180.6881 -151.2604 14.3627 31.3320 100.0000 stroke3
movl 0 -38.7312 359.2600 245.3142 -144.2846 19.2421 36.1051 100.0000 stroke4
movl 0 -39.4583 373.1392 186.5019 -151.7970 18.4888 28.8823 100.0000 stroke4
movl 0 -43.8215 377.4094 174.2271 -156.0228 17.9607 23.7550 100.0000 stroke4
movl 0 -44.9096 380.9853 171.5661 -158.1178 18.8820 21.5752 100.0000 stroke4
movl 0 -46.6924 382.7729 170.8051 -159.5049 18.6776 21.1075 100.0000 stroke4
movl 0 -48.2878 384.3763 169.8468 -160.1256 18.7492 21.4165 100.0000 stroke4
movl 0 -50.0477 385.2851 169.2274 -160.6935 17.9989 21.0608 100.0000 stroke4
movl 0 -50.3830 385.8701 169.6198 -161.8547 17.7448 19.4949 100.0000 stroke4
movl 0 -51.6962 385.4756 169.7590 -161.7732 17.1258 19.3824 100.0000 stroke4
movl 0 -49.9948 385.8650 169.9434 -162.1124 16.9717 17.7490 100.0000 stroke4
movl 0 -46.6192 386.9833 170.0705 -162.7855 16.8982 14.8679 100.0000 stroke4
movl 0 -43.3825 389.0029 169.6741 -163.5087 16.9942 12.7271 100.0000 stroke4
movl 0 -44.2022 387.2954 170.1609 -162.6517 16.7358 14.2863 100.0000 stroke4
movl 0 -43.9757 388.4701 170.1045 -163.1810 16.7230 14.8580 100.0000 stroke4
movl 0 -40.2520 383.8901 172.9897 -159.1154 17.6544 20.2031 100.0000 stroke4
movl 0 -40.5152 369.3597 225.2557 -150.5462 16.3780 32.4520 100.0000 stroke4
movl 0 -33.8337 375.5461 209.9018 -151.1324 17.8345 39.1237 100.0000 stroke5
movl 0 -34.1736 379.1188 182.4936 -154.5314 16.9336 35.8370 100.0000 stroke5
movl 0 -35.6152 382.3915 174.1451 -155.5643 16.0579 34.7321 100.0000 stroke5
movl 0 -35.7438 384.3931 172.1713 -156.2726 16.0012 33.9095 100.0000 stroke5
movl 0 -37.0244 385.5724 171.5882 -156.9306 15.7358 33.4856 100.0000 stroke5
movl 0 -39.0803 387.4565 170.6485 -157.9502 15.5474 32.8800 100.0000 stroke5
movl 0 -41.5445 390.3725 170.0715 -160.5269 16.0790 30.6276 100.0000 stroke5
movl 0 -41.6771 392.6855 169.9217 -162.7535 16.9419 27.7630 100.0000 stroke5
movl 0 -40.2252 394.8690 169.7186 -164.5935 17.8790 24.6943 100.0000 stroke5
movl 0 -40.5748 395.4821 169.8386 -165.3466 18.4835 23.8783 100.0000 stroke5
movl 0 -40.7545 395.4925 170.1704 -166.2257 19.2775 23.2318 100.0000 stroke5
movl 0 -40.7127 394.2555 170.7137 -166.0432 19.7021 23.6907 100.0000 stroke5
movl 0 -38.6857 389.3717 172.7644 -163.6188 20.5072 25.3325 100.0000 stroke5
movl 0 -34.3463 369.3834 195.9473 -152.2098 22.0783 29.2232 100.0000 stroke5
movl 0 -45.9603 359.6783 248.6663 -146.3654 21.6978 32.9649 100.0000 stroke6
movl 0 -48.2105 369.6658 192.2305 -154.3474 20.7472 26.7054 100.0000 stroke6
movl 0 -52.1335 372.9931 174.2379 -157.5999 19.5733 23.8935 100.0000 stroke6
movl 0 -54.4703 372.2051 174.2885 -160.0400 19.7483 20.3693 100.0000 stroke6
movl 0 -56.4043 371.9241 174.2063 -160.8445 20.2841 19.2856 100.0000 stroke6
movl 0 -59.3727 373.5810 173.4555 -161.8854 20.4621 18.8891 100.0000 stroke6
movl 0 -61.7787 375.1271 172.6446 -163.0045 20.3152 18.0834 100.0000 stroke6
movl 0 -65.1666 375.4730 172.1335 -163.9770 19.2408 16.7936 100.0000 stroke6
movl 0 -68.2167 375.4523 172.2010 -164.9320 17.9314 14.7405 100.0000 stroke6
movl 0 -68.6833 376.3367 172.3984 -166.2518 17.6724 12.7909 100.0000 stroke6
movl 0 -70.7694 375.8088 172.5708 -166.2147 16.9200 12.2811 100.0000 stroke6
movl 0 -70.6939 375.8361 172.5666 -166.1431 16.4388 11.4125 100.0000 stroke6
movl 0 -67.5028 376.5548 172.7921 -166.2491 16.7080 10.1845 100.0000 stroke6
movl 0 -64.2429 377.4842 173.0719 -166.5587 16.9088 8.8555 100.0000 stroke6
movl 0 -61.7451 378.3486 173.2380 -166.8247 16.9500 7.6639 100.0000 stroke6
movl 0 -58.5307 379.2854 173.4062 -167.0190 17.0433 6.5075 100.0000 stroke6
movl 0 -56.2514 380.2774 173.4449 -167.2558 16.8965 5.4349 100.0000 stroke6
movl 0 -53.7195 381.5096 173.4540 -167.5639 16.8569 4.2502 100.0000 stroke6
movl 0 -50.2005 382.7958 173.4772 -167.7964 16.8116 2.7632 100.0000 stroke6
movl 0 -47.4723 384.1917 173.2918 -168.0984 16.3628 0.9230 100.0000 stroke6
movl 0 -46.4430 383.9091 173.3230 -167.8794 16.5670 0.9305 100.0000 stroke6
movl 0 -44.4029 382.6559 173.6179 -166.9906 17.3811 1.8156 100.0000 stroke6
movl 0 -43.9058 381.8262 173.9107 -166.4836 17.6217 2.3180 100.0000 stroke6
movl 0 -43.0835 381.5772 174.0611 -166.2097 17.8727 2.4587 100.0000 stroke6
movl 0 -42.8496 381.7556 174.0273 -166.2414 17.9734 2.5409 100.0000 stroke6
movl 0 -43.2534 382.3322 174.0666 -167.0469 17.6515 2.1755 100.0000 stroke6
movl 0 -42.7069 382.4562 173.9685 -167.7462 17.4224 1.3752 100.0000 stroke6
movl 0 -42.7480 382.6149 173.6852 -168.0090 17.8663 1.8295 100.0000 stroke6
movl 0 -40.5155 375.4709 174.4048 -162.0553 21.2396 11.1296 100.0000 stroke6
movl 0 -37.9416 353.5968 204.7515 -144.7074 19.3197 28.6267 100.0000 stroke6
movl 0 -43.3953 367.9451 222.0821 -151.9836 25.7541 26.5561 100.0000 stroke7
movl 0 -44.0767 369.3912 185.9199 -158.0206 23.5877 22.1405 100.0000 stroke7
movl 0 -46.1317 370.4860 174.1749 -161.0101 21.8393 20.4295 100.0000 stroke7
movl 0 -48.2680 369.1115 173.4713 -160.3630 20.2146 19.6990 100.0000 stroke7
movl 0 -50.8335 370.0481 172.3510 -160.9491 19.2914 19.4787 100.0000 stroke7
movl 0 -52.6748 371.1533 171.6778 -161.5808 19.0522 19.3605 100.0000 stroke7
movl 0 -55.1403 374.7290 171.3157 -165.3096 19.2577 15.5071 100.0000 stroke7
movl 0 -56.9944 378.4256 171.4022 -169.1421 19.2323 10.2240 100.0000 stroke7
movl 0 -56.9081 381.0281 171.6526 -171.9398 19.4082 6.3182 100.0000 stroke7
movl 0 -56.7500 382.5667 172.2810 -174.3890 19.5116 2.7502 100.0000 stroke7
movl 0 -56.9459 383.6557 172.9716 -176.5805 19.3275 -0.2442 100.0000 stroke7
movl 0 -56.4359 385.1226 173.6932 -179.0158 19.1849 -3.1346 100.0000 stroke7
movl 0 -54.9439 384.2338 174.7247 -179.9964 19.6234 -4.8833 100.0000 stroke7
movl 0 -53.1503 383.1934 175.1404 -179.2362 20.0570 -5.2806 100.0000 stroke7
movl 0 -53.4768 383.3854 175.1826 179.7847 19.9616 -5.6346 100.0000 stroke7
movl 0 -51.1689 379.3179 176.0617 -175.8371 21.4039 -2.1828 100.0000 stroke7
movl 0 -45.7941 356.5529 194.7694 -151.9191 16.7548 21.2974 100.0000 stroke7
movl 0 -26.8745 373.6943 215.1996 -146.4680 10.8519 48.1702 100.0000 stroke8
movl 0 -25.0776 373.8671 172.4474 -149.0961 12.6003 46.5307 100.0000 stroke8
movl 0 -34.7991 368.1481 176.3387 -152.2297 10.7388 42.2800 100.0000 stroke8
movl 0 -41.8864 369.7384 174.3836 -155.6636 12.0382 39.3718 100.0000 stroke8
movl 0 -47.1924 370.5800 173.4447 -157.0890 11.3305 39.3910 100.0000 stroke8
movl 0 -46.3100 371.2782 173.1464 -157.1743 11.8245 39.5994 100.0000 stroke8
movl 0 -47.1345 371.7320 172.7018 -157.2792 11.7419 39.8667 100.0000 stroke8
movl 0 -50.3214 372.3026 172.3467 -158.6954 10.7905 37.9664 100.0000 stroke8
movl 0 -50.6408 372.4922 172.2687 -159.1390 10.5354 36.7185 100.0000 stroke8
movl 0 -47.9606 373.3939 172.4163 -159.4548 10.7874 34.7101 100.0000 stroke8
movl 0 -45.1885 374.4772 172.7129 -159.9555 10.6423 32.2531 100.0000 stroke8
movl 0 -42.2643 376.0703 172.6116 -160.4631 11.0742 30.0461 100.0000 stroke8
movl 0 -39.2973 376.5873 172.5880 -160.0873 12.3517 29.6075 100.0000 stroke8
movl 0 -37.3626 379.4182 172.0625 -161.3238 13.8042 27.7825 100.0000 stroke8
movl 0 -36.6686 382.2110 171.8771 -163.4570 15.0914 24.8082 100.0000 stroke8
movl 0 -35.2279 385.6242 171.4168 -165.9593 16.5257 21.3523 100.0000 stroke8
movl 0 -31.2076 389.4259 170.5142 -167.7192 18.4935 18.9487 100.0000 stroke8
movl 0 -28.4788 393.2971 169.1392 -169.4339 20.8132 18.0357 100.0000 stroke8
movl 0 -27.1029 395.7129 168.8834 -171.7152 22.4425 16.1715 100.0000 stroke8
movl 0 -27.3546 397.3556 169.1960 -174.6544 23.4097 13.6128 100.0000 stroke8
movl 0 -28.2967 399.5762 169.1906 -178.1138 24.2650 10.8685 100.0000 stroke8
movl 0 -27.6622 397.5245 170.1138 -177.4972 24.4386 10.4439 100.0000 stroke8
movl 0 -28.7092 398.1936 169.9350 -178.4964 24.3821 9.9514 100.0000 stroke8
movl 0 -29.1937 394.9388 171.1689 -176.5851 23.9607 10.0635 100.0000 stroke8
movl 0 -27.7722 365.5780 183.6298 -157.7441 21.5900 18.1263 100.0000 stroke8
movl 0 -35.7695 354.8449 235.9290 -150.1403 20.8764 28.9250 100.0000 stroke9
movl 0 -33.5775 363.8563 185.2270 -156.7310 21.5674 22.8447 100.0000 stroke9
movl 0 -36.5273 365.9318 176.7352 -161.2464 21.6327 17.9416 100.0000 stroke9
movl 0 -39.6175 366.7973 174.9348 -163.2842 20.9378 14.7452 100.0000 stroke9
movl 0 -40.9510 368.9213 174.3432 -165.0760 21.4220 13.9871 100.0000 stroke9
movl 0 -43.9149 368.4100 173.0159 -163.9733 20.9258 16.7205 100.0000 stroke9
movl 0 -44.6199 369.5860 172.4348 -164.4559 20.6417 16.6991 100.0000 stroke9
movl 0 -46.6460 369.7878 172.5428 -165.2132 19.7243 15.4864 100.0000 stroke9
movl 0 -48.5084 369.5611 172.6580 -165.3753 18.7884 14.7072 100.0000 stroke9
movl 0 -48.2557 369.8459 172.7851 -165.6049 18.5573 13.8450 100.0000 stroke9
movl 0 -46.2117 370.8368 172.8423 -166.0432 18.6121 12.2190 100.0000 stroke9
movl 0 -44.5624 372.3207 172.5438 -166.6291 18.5768 10.5874 100.0000 stroke9
movl 0 -43.9118 371.4579 172.8770 -166.1302 18.7635 10.6549 100.0000 stroke9
movl 0 -42.8349 370.8931 173.1572 -165.6828 19.1301 10.9474 100.0000 stroke9
movl 0 -43.1712 371.4542 173.1426 -166.1995 19.0338 10.8039 100.0000 stroke9
movl 0 -43.1483 372.6956 173.1841 -167.1784 19.0054 10.2949 100.0000 stroke9
movl 0 -39.5919 372.7773 172.8725 -165.8242 21.2152 13.3905 100.0000 stroke9
movl 0 -33.3907 367.8626 182.1157 -159.4354 23.5884 21.5686 100.0000 stroke9
movl 0 -34.9325 359.4857 205.5684 -156.3430 24.8102 28.9444 100.0000 stroke10
movl 0 -40.5946 357.3228 181.8048 -159.1368 21.7794 25.4377 100.0000 stroke10
movl 0 -42.8199 357.0229 177.8064 -160.7095 20.8585 23.1341 100.0000 stroke10
movl 0 -48.8461 356.7493 175.7734 -161.7972 19.1284 21.8175 100.0000 stroke10
movl 0 -50.2223 358.8772 174.2407 -162.5163 19.6178 21.7710 100.0000 stroke10
movl 0 -52.4901 359.7584 173.4101 -163.2075 19.2922 21.3415 100.0000 stroke10
movl 0 -55.6348 360.0134 173.3415 -164.3914 18.1070 19.4829 100.0000 stroke10
movl 0 -56.6305 360.6023 173.6865 -165.8246 17.8209 17.2903 100.0000 stroke10
movl 0 -57.7451 360.1905 173.8866 -165.7216 17.3260 16.8085 100.0000 stroke10
movl 0 -56.2363 360.8371 173.9408 -165.9921 17.3030 15.4140 100.0000 stroke10
movl 0 -53.6882 361.8236 173.9915 -166.4122 17.3806 13.4681 100.0000 stroke10
movl 0 -50.4850 363.0240 174.0050 -166.8765 17.4816 11.2940 100.0000 stroke10
movl 0 -46.9005 364.8438 173.7438 -167.4307 17.2016 8.3737 100.0000 stroke10
movl 0 -44.8510 366.0906 173.6011 -167.6858 16.8486 6.6890 100.0000 stroke10
movl 0 -45.3492 365.1868 173.8503 -167.2851 16.7263 7.1521 100.0000 stroke10
movl 0 -45.7991 365.2301 174.0748 -167.4409 16.6944 7.4279 100.0000 stroke10
movl 0 -41.3434 355.9403 183.5008 -161.4292 19.1969 15.2000 100.0000 stroke10
movl 0 -29.6907 343.4428 205.9646 -148.1852 16.8765 36.8828 100.0000 stroke11
movl 0 -35.4053 343.0499 176.7574 -153.5791 16.2855 31.1609 100.0000 stroke11
movl 0 -36.1857 347.1369 173.4258 -156.3589 16.1183 27.7705 100.0000 stroke11
movl 0 -35.1065 349.2921 171.2772 -157.0482 16.8127 27.5060 100.0000 stroke11
movl 0 -35.0969 351.6861 170.1186 -157.7665 17.4014 27.2769 100.0000 stroke11
movl 0 -36.8049 355.3523 169.0305 -159.8094 17.9425 26.2320 100.0000 stroke11
movl 0 -36.6384 358.8452 169.1017 -163.1059 19.2166 22.5024 100.0000 stroke11
movl 0 -34.5778 362.2461 168.5012 -165.6628 20.5723 18.9058 100.0000 stroke11
movl 0 -34.3784 364.0763 168.2524 -167.1959 21.4135 17.0555 100.0000 stroke11
movl 0 -34.2705 365.8482 168.7992 -170.6317 22.6535 12.6211 100.0000 stroke11
movl 0 -34.4302 368.1955 169.1271 -174.6275 23.6031 7.7844 100.0000 stroke11
movl 0 -35.1279 370.1782 169.1410 -178.1755 24.2426 4.3445 100.0000 stroke11
movl 0 -34.9317 369.0409 169.6637 -177.7669 24.5053 3.9486 100.0000 stroke11
movl 0 -34.0086 367.3543 170.0880 -176.5731 24.3150 4.0187 100.0000 stroke11
movl 0 -34.0336 368.1913 170.0427 -177.8378 24.2871 3.0922 100.0000 stroke11
movl 0 -34.9761 367.8520 170.1544 -178.0570 24.0555 3.0225 100.0000 stroke11
movl 0 -32.6733 359.5381 171.7051 -172.0078 24.4296 5.8967 100.0000 stroke11
movl 0 -32.5328 356.5670 171.8904 -169.5733 24.0033 7.2569 100.0000 stroke11
movl 0 -32.8732 356.5358 171.6034 -169.2315 23.9056 7.7491 100.0000 stroke11
movl 0 -32.7050 356.6434 171.3298 -168.9341 23.9344 8.0874 100.0000 stroke11
movl 0 -34.2232 360.5844 170.3940 -171.9651 24.2634 7.0448 100.0000 stroke11
movl 0 -34.8596 362.6949 169.9431 -173.6426 24.6116 6.7323 100.0000 stroke11
movl 0 -34.9429 362.9379 169.6088 -173.7135 24.9960 7.2505 100.0000 stroke11
movl 0 -34.7494 362.7066 169.3857 -173.2939 25.4714 7.9027 100.0000 stroke11
movl 0 -34.4217 362.2290 169.2295 -172.6601 25.8550 8.4885 100.0000 stroke11
movl 0 -31.9589 359.1080 169.8586 -170.0125 26.7599 10.0795 100.0000 stroke11
movl 0 -28.1009 344.7460 174.4168 -158.1515 27.0220 18.0140 100.0000 stroke11
movl 0 -32.7464 322.2924 218.0012 -144.4786 23.3827 30.9304 100.0000 stroke11
movl 0 -35.3722 367.8973 231.2687 -157.7553 30.2622 23.4940 100.0000 stroke12
movl 0 -36.7686 366.9103 191.1509 -163.7711 28.0032 18.1247 100.0000 stroke12
movl 0 -38.7627 366.5528 175.4706 -167.7347 25.8303 13.0240 100.0000 stroke12
movl 0 -38.3500 366.1851 172.2276 -170.3611 26.7971 8.2493 100.0000 stroke12
movl 0 -40.3083 365.9983 171.8405 -171.1228 26.8526 7.4081 100.0000 stroke12
movl 0 -44.8808 365.8979 171.1175 -171.3138 25.6410 7.4905 100.0000 stroke12
movl 0 -50.2537 369.2316 170.4422 -175.3085 23.9871 4.8758 100.0000 stroke12
movl 0 -53.3148 371.7950 169.9827 -178.3838 23.1901 3.0310 100.0000 stroke12
movl 0 -54.0152 369.0154 171.0199 -176.9816 22.8169 2.9994 100.0000 stroke12
movl 0 -56.0807 367.0460 171.7088 -177.0474 21.4701 1.1303 100.0000 stroke12
movl 0 -58.1457 366.5861 172.0698 -177.7111 20.7319 0.0096 100.0000 stroke12
movl 0 -58.5295 364.5215 172.3775 -175.7868 20.6035 0.2403 100.0000 stroke12
movl 0 -56.6548 364.4091 172.4081 -175.1473 20.7832 -0.7394 100.0000 stroke12
movl 0 -54.4735 364.5624 172.6432 -174.9138 21.0900 -1.6202 100.0000 stroke12
movl 0 -51.5035 364.1232 173.1814 -174.4801 21.5581 -2.3973 100.0000 stroke12
movl 0 -38.8326 359.1806 180.7609 -171.1689 24.8843 -2.0571 100.0000 stroke12
movl 0 -25.8755 339.8928 235.7067 -157.3986 26.9877 8.2253 100.0000 stroke12
movl 0 -19.7448 360.8253 227.3357 -170.0583 31.9752 -2.8774 100.0000 stroke13
movl 0 -24.3553 362.7499 190.5535 -175.2592 28.3310 -9.7904 100.0000 stroke13
movl 0 -26.2627 366.5328 177.6038 -178.9406 26.1568 -15.3396 100.0000 stroke13
movl 0 -27.7556 369.3398 177.4422 179.3773 25.0278 -17.1416 100.0000 stroke13
movl 0 -27.9175 370.0352 176.7797 179.0784 24.7897 -17.7884 100.0000 stroke13
movl 0 -30.8820 372.4868 175.7005 178.3013 23.4324 -18.6468 100.0000 stroke13
movl 0 -34.5098 376.9204 174.6980 175.9362 20.6694 -21.0936 100.0000 stroke13
movl 0 -36.0494 380.6086 173.8750 174.1173 18.3929 -23.3397 100.0000 stroke13
movl 0 -34.1892 382.5081 173.5676 173.2824 17.9060 -25.3458 100.0000 stroke13
movl 0 -35.1411 383.1602 173.7414 171.5273 17.0322 -26.3478 100.0000 stroke13
movl 0 -32.3773 381.4202 174.7189 172.0518 18.1072 -26.7682 100.0000 stroke13
movl 0 -32.9577 381.8817 174.5062 171.0704 17.4202 -27.0951 100.0000 stroke13
movl 0 -29.8245 377.2772 175.8614 173.2448 20.3331 -26.6182 100.0000 stroke13
movl 0 -12.3111 357.0737 200.8482 -171.6758 34.0123 -16.1022 100.0000 stroke13
movl 0 2.4410 396.7592 211.6579 173.5457 35.5740 -37.8356 100.0000 stroke14
movl 0 10.9952 403.5624 174.4569 168.8746 32.6503 -44.4318 100.0000 stroke14
movl 0 10.7479 406.7086 166.8899 168.2418 30.5287 -45.8968 100.0000 stroke14
movl 0 11.0099 406.9873 166.0075 168.4535 30.5960 -46.2907 100.0000 stroke14
movl 0 8.7396 412.0801 165.2624 166.3465 26.8154 -48.8463 100.0000 stroke14
movl 0 7.3387 417.7362 164.4886 163.7452 22.5740 -52.7952 100.0000 stroke14
movl 0 9.3595 421.5259 163.4356 161.6826 20.0944 -55.8972 100.0000 stroke14
movl 0 9.6953 423.4514 162.7405 160.3912 19.2773 -56.5019 100.0000 stroke14
movl 0 8.8623 423.3098 162.8779 159.5828 19.0854 -56.1467 100.0000 stroke14
movl 0 8.1118 422.9526 163.1729 158.8034 18.8499 -55.8619 100.0000 stroke14
movl 0 7.0663 422.4211 163.4601 158.3489 19.0620 -54.9485 100.0000 stroke14
movl 0 6.3167 421.5665 163.8693 158.2332 19.5185 -54.2520 100.0000 stroke14
movl 0 6.0611 420.2223 164.5170 157.9936 20.4569 -53.5971 100.0000 stroke14
movl 0 8.1557 415.5481 167.5972 157.5187 25.0783 -51.8305 100.0000 stroke14
movl 0 1.4636 400.5703 217.8480 163.6540 37.5476 -42.6604 100.0000 stroke14
movl 0 17.1650 392.7169 203.0139 167.1740 37.5946 -35.9288 100.0000 stroke15
movl 0 24.9228 391.1642 170.6407 164.0339 32.2944 -43.9817 100.0000 stroke15
movl 0 24.1897 395.2379 163.1173 162.7935 29.7822 -46.0831 100.0000 stroke15
movl 0 23.9144 396.7099 161.5401 162.4187 29.9180 -46.4629 100.0000 stroke15
movl 0 23.1358 397.9667 160.3188 162.7949 29.3838 -46.7938 100.0000 stroke15
movl 0 19.4383 402.3085 160.4766 161.3628 25.0596 -49.1846 100.0000 stroke15
movl 0 20.0975 404.9748 159.7950 159.7835 22.7014 -51.9048 100.0000 stroke15
movl 0 19.2543 406.5974 159.0836 158.6397 21.9547 -52.1001 100.0000 stroke15
movl 0 17.3919 406.9007 159.2020 157.5861 21.2000 -51.7861 100.0000 stroke15
movl 0 15.5435 406.9754 159.3556 157.0955 21.1924 -50.5792 100.0000 stroke15
movl 0 13.8100 406.2115 159.9051 157.1231 21.4272 -49.5831 100.0000 stroke15
movl 0 13.4149 405.1583 160.5024 156.9973 22.1607 -49.0735 100.0000 stroke15
movl 0 13.8672 398.0029 163.4981 158.3528 26.4731 -47.6027 100.0000 stroke15
movl 0 9.9094 377.7072 192.7428 167.0453 37.9911 -40.2149 100.0000 stroke15
movl 0 16.4082 376.0251 206.5106 152.9307 26.1323 -61.3482 100.0000 stroke16
movl 0 26.0171 376.7734 173.1386 152.2948 21.8292 -65.7829 100.0000 stroke16
movl 0 22.0747 375.7031 169.3265 154.4774 21.2194 -65.9457 100.0000 stroke16
movl 0 20.3265 376.9403 166.2581 155.2962 21.2819 -65.1681 100.0000 stroke16
movl 0 17.6991 377.2446 165.5052 156.3214 21.0946 -64.4481 100.0000 stroke16
movl 0 14.2610 380.9800 164.9865 156.8363 17.9394 -65.0013 100.0000 stroke16
movl 0 13.8889 384.3449 164.2596 156.3296 14.5843 -66.7641 100.0000 stroke16
movl 0 15.8643 387.0969 162.8304 155.2380 13.1593 -67.9812 100.0000 stroke16
movl 0 16.4041 389.1659 161.6644 154.0436 12.5128 -67.5337 100.0000 stroke16
movl 0 15.4954 389.1350 161.6786 153.5921 12.3964 -66.5923 100.0000 stroke16
movl 0 13.4131 388.9824 162.0432 153.5214 12.0414 -65.5769 100.0000 stroke16
movl 0 9.9917 387.9706 162.7385 153.8351 12.0766 -64.0311 100.0000 stroke16
movl 0 8.8608 387.2148 163.1980 153.8658 12.2728 -63.4934 100.0000 stroke16
movl 0 8.0082 386.8017 163.4681 153.8456 12.4319 -63.0573 100.0000 stroke16
movl 0 7.6364 386.2447 163.7501 153.6315 12.8626 -62.4945 100.0000 stroke16
movl 0 7.2808 385.5943 164.0433 153.5760 13.2816 -62.1274 100.0000 stroke16
movl 0 6.7289 384.6709 164.5513 153.7371 13.8369 -61.7493 100.0000 stroke16
movl 0 6.7731 384.3650 164.7290 153.6766 14.1657 -61.6060 100.0000 stroke16
movl 0 6.8160 384.1250 164.8477 153.6377 14.4170 -61.5131 100.0000 stroke16
movl 0 6.7678 384.0998 164.8436 153.5565 14.5677 -61.3619 100.0000 stroke16
movl 0 6.9986 383.9249 164.8630 153.4783 14.7975 -61.3470 100.0000 stroke16
movl 0 6.9792 383.8164 164.8502 153.4850 15.0059 -61.1709 100.0000 stroke16
movl 0 6.9133 383.9467 164.8617 153.4467 15.2554 -60.9121 100.0000 stroke16
movl 0 7.0311 383.5186 165.0615 153.3805 15.5043 -60.8212 100.0000 stroke16
movl 0 14.1765 375.1115 168.2923 153.2473 21.2548 -60.5384 100.0000 stroke16
movl 0 24.5491 363.4248 173.4566 153.7196 29.2946 -60.4902 100.0000 stroke16
movl 0 26.0342 352.7935 210.8104 156.6460 36.3651 -57.0166 100.0000 stroke16
