movl 0 -31.5553 406.8353 169.7554 174.3514 28.0347 -44.3096 100.0000 stroke1
movl 0 -33.9844 406.3517 168.5827 176.6815 28.2022 -41.4686 100.0000 stroke1
movl 0 -35.0016 405.9931 167.3216 178.4235 28.8672 -38.2682 100.0000 stroke1
movl 0 -36.6082 407.2173 166.6813 178.0954 28.0044 -37.9969 100.0000 stroke1
movl 0 -39.4343 408.7754 166.4873 178.0406 26.0057 -38.3583 100.0000 stroke1
movl 0 -40.9752 410.6751 166.3924 177.6269 24.4272 -38.9906 100.0000 stroke1
movl 0 -41.0148 412.7070 166.2992 176.5833 23.1975 -40.3923 100.0000 stroke1
movl 0 -41.1010 414.4223 166.1496 175.7295 22.1831 -42.2894 100.0000 stroke1
movl 0 -40.8736 416.3625 165.9707 174.7354 21.0828 -44.6162 100.0000 stroke1
movl 0 -41.7267 416.6302 166.1135 174.2300 20.6770 -44.7482 100.0000 stroke1
movl 0 -41.0964 416.8044 166.0055 174.2519 20.7354 -45.1176 100.0000 stroke1
movl 0 -39.9118 418.2658 165.8270 173.6504 20.0474 -46.5962 100.0000 stroke1
movl 0 -40.0764 418.6547 165.8702 173.0624 19.8595 -46.6791 100.0000 stroke1
movl 0 -40.7160 418.7911 166.0113 172.2974 19.4499 -46.9925 100.0000 stroke1
movl 0 -41.5723 418.3651 166.2206 171.9927 19.3328 -47.0375 100.0000 stroke1
movl 0 -39.5962 419.4906 166.1960 171.2487 19.1318 -49.3159 100.0000 stroke1
movl 0 -40.8926 419.2218 166.3216 170.1618 18.2314 -50.3085 100.0000 stroke1
movl 0 -41.8032 418.2384 166.9530 169.5297 17.8470 -51.6534 100.0000 stroke1
movl 0 -41.0966 417.0291 167.5222 169.0947 17.8632 -56.1577 100.0000 stroke1
movl 0 -42.2985 417.1255 167.5776 168.1168 16.6552 -59.8106 100.0000 stroke1
movl 0 -43.2602 417.3297 167.7832 166.9091 15.1451 -62.3213 100.0000 stroke1
movl 0 -44.0114 416.9190 168.4209 165.7560 13.7161 -64.5495 100.0000 stroke1
movl 0 -43.6903 415.5031 168.9576 165.4624 13.5917 -66.8091 100.0000 stroke1
movl 0 -43.3904 414.6492 168.8648 164.8921 14.0854 -71.5189 100.0000 stroke1
movl 0 -44.1482 414.9805 169.1800 163.7917 12.3621 -72.9503 100.0000 stroke1
movl 0 -45.4167 414.0298 169.6928 163.3786 11.3713 -73.9970 100.0000 stroke1
movl 0 -43.5174 412.4644 170.0703 163.6513 13.2170 -74.9760 100.0000 stroke1
movl 0 -43.4781 413.5093 170.0125 162.9171 11.8314 -75.3536 100.0000 stroke1
movl 0 -44.6417 412.6166 170.2414 162.7001 11.1873 -75.9212 100.0000 stroke1
movl 0 -42.9137 413.2769 170.5803 162.1722 10.9798 -76.7909 100.0000 stroke1
movl 0 -43.9809 413.0602 170.3970 162.1880 10.6150 -77.2473 100.0000 stroke1
movl 0 -43.0144 412.9129 170.5853 162.2327 11.2643 -78.1241 100.0000 stroke1
movl 0 -43.3372 412.5361 170.3648 162.8919 12.2343 -78.2775 100.0000 stroke1
movl 0 -42.4906 411.7963 170.8038 162.8313 12.9298 -78.9028 100.0000 stroke1
movl 0 -31.8622 402.1766 177.1942 163.3480 22.6217 -74.0518 100.0000 stroke1
movl 0 -12.7869 389.9923 227.9679 173.8362 41.7838 -56.1437 100.0000 stroke1
movl 0 -21.4124 398.5203 210.0057 152.8838 28.8453 -74.0646 100.0000 stroke2
movl 0 -32.1559 395.8145 175.3514 153.4929 23.1382 -76.4388 100.0000 stroke2
movl 0 -37.1859 401.2540 172.4944 153.9286 18.9822 -78.0949 100.0000 stroke2
movl 0 -39.2260 405.2429 168.5382 155.5064 18.9181 -76.1166 100.0000 stroke2
movl 0 -41.6434 405.3200 167.3498 157.4489 20.1241 -73.8316 100.0000 stroke2
movl 0 -42.2520 404.4437 166.7518 158.4750 20.8230 -72.1402 100.0000 stroke2
movl 0 -46.0808 402.1542 166.9801 160.3483 21.3720 -70.7470 100.0000 stroke2
movl 0 -49.5828 401.3065 166.7521 162.0664 21.6153 -70.3042 100.0000 stroke2
movl 0 -53.1855 402.7293 166.2530 162.9532 20.0482 -70.3471 100.0000 stroke2
movl 0 -53.6794 406.0120 166.5811 162.4358 16.8420 -73.1039 100.0000 stroke2
movl 0 -52.7814 408.0971 166.4803 161.3643 15.3556 -74.6822 100.0000 stroke2
movl 0 -52.6757 408.9855 166.6778 160.3850 13.6888 -76.3596 100.0000 stroke2
movl 0 -52.5264 410.5231 166.7096 159.2231 11.3047 -78.0491 100.0000 stroke2
movl 0 -52.7072 412.6747 166.5779 158.1382 8.3047 -80.0159 100.0000 stroke2
movl 0 -53.5653 414.8627 166.1172 157.2302 5.3085 -81.2438 100.0000 stroke2
movl 0 -54.6938 414.7319 166.0820 156.9160 4.6299 -80.7705 100.0000 stroke2
movl 0 -52.7167 413.7427 166.6246 156.7079 5.6460 -81.1770 100.0000 stroke2
movl 0 -51.2996 413.1204 166.8947 156.7187 6.2069 -81.6406 100.0000 stroke2
movl 0 -51.3940 413.6169 166.8882 156.6561 5.4354 -81.7980 100.0000 stroke2
movl 0 -52.4050 413.3922 166.9644 157.0522 5.3187 -81.7562 100.0000 stroke2
movl 0 -52.1215 412.4939 167.2328 157.1916 6.2081 -81.8919 100.0000 stroke2
movl 0 -51.0345 410.9061 167.6504 157.3267 8.0319 -82.1661 100.0000 stroke2
movl 0 -42.9503 408.6350 170.2280 155.2136 11.0914 -83.4704 100.0000 stroke2
movl 0 -39.8656 404.2044 195.1338 156.2827 20.5765 -80.8978 100.0000 stroke2
movl 0 -29.7629 399.4758 194.6294 157.2820 19.7954 -78.3020 100.0000 stroke3
movl 0 -38.1747 397.1279 176.6846 157.5283 19.2974 -76.8459 100.0000 stroke3
movl 0 -52.7327 389.4156 175.0598 164.0386 21.2923 -73.3409 100.0000 stroke3
movl 0 -55.7595 391.3982 172.7999 164.9269 20.1301 -72.8914 100.0000 stroke3
movl 0 -57.4305 394.1794 171.5676 165.0008 19.0289 -72.9639 100.0000 stroke3
movl 0 -60.1632 395.8858 170.9390 165.8818 17.7679 -73.8024 100.0000 stroke3
movl 0 -62.2290 397.1250 171.2312 166.3302 15.8136 -75.7626 100.0000 stroke3
movl 0 -64.4142 396.7298 171.4387 166.9856 15.6236 -76.7093 100.0000 stroke3
movl 0 -63.8758 397.0288 171.1701 167.3814 15.6653 -77.4398 100.0000 stroke3
movl 0 -61.4167 397.7206 171.2961 167.3324 15.4860 -78.6205 100.0000 stroke3
movl 0 -57.5230 398.5206 171.5365 167.1893 15.2312 -80.1118 100.0000 stroke3
movl 0 -51.8025 400.1986 171.7516 166.7957 14.6413 -82.1657 100.0000 stroke3
movl 0 -44.7239 402.1389 171.8562 166.3832 13.9523 -84.5455 100.0000 stroke3
movl 0 -37.2760 404.0320 171.9132 166.2109 13.1815 -87.3724 100.0000 stroke3
movl 0 -30.5336 406.2230 171.6964 165.7930 12.3169 -89.6195 100.0000 stroke3
movl 0 -30.2574 406.0593 171.7641 165.5673 12.3103 -89.5897 100.0000 stroke3
movl 0 -28.2302 406.0378 171.9903 164.6022 12.3456 -89.6257 100.0000 stroke3
movl 0 -27.1658 405.8117 172.1287 164.1141 12.4218 -89.7333 100.0000 stroke3
movl 0 -26.0661 405.9634 172.1696 163.7200 12.4048 -89.7387 100.0000 stroke3
movl 0 -24.4955 405.4791 172.4470 163.0873 12.7694 -89.7637 100.0000 stroke3
movl 0 -21.3232 405.4090 172.6448 162.1070 13.0865 -90.0788 100.0000 stroke3
movl 0 -19.9159 407.3736 172.0930 161.5329 12.4901 -90.4928 100.0000 stroke3
movl 0 -17.0095 413.4159 170.6605 160.9532 9.1265 -91.8056 100.0000 stroke3
movl 0 -8.9509 421.8000 168.1797 158.8124 4.3110 -94.9103 100.0000 stroke3
movl 0 -4.2375 427.2429 165.9759 156.8338 1.7046 -95.3999 100.0000 stroke3
movl 0 -1.9446 430.5796 164.4214 155.5303 -0.0442 -95.1411 100.0000 stroke3
movl 0 -1.9947 430.9263 164.1460 154.7769 -0.8372 -94.0358 100.0000 stroke3
movl 0 1.7674 427.3886 165.3431 154.2911 1.4692 -96.0121 100.0000 stroke3
movl 0 0.2456 428.2479 165.0999 154.7280 0.8895 -95.8280 100.0000 stroke3
movl 0 -1.0206 429.7563 164.6661 154.4121 -0.9077 -94.9556 100.0000 stroke3
movl 0 -1.3210 429.2348 164.9373 154.1486 -1.2311 -94.6228 100.0000 stroke3
movl 0 -0.4599 427.6503 165.5387 153.3590 -0.6722 -94.2566 100.0000 stroke3
movl 0 4.1689 413.9732 171.8998 149.4471 7.1284 -94.2826 100.0000 stroke3
movl 0 -0.9881 395.1154 204.0647 150.9579 30.7665 -81.8906 100.0000 stroke3
movl 0 -10.6913 410.8026 183.6275 147.4873 15.9389 -74.4328 100.0000 stroke4
movl 0 -22.1072 400.4415 170.6684 153.2108 17.3381 -72.4984 100.0000 stroke4
movl 0 -33.5419 393.6724 171.6819 160.2128 18.1111 -69.2725 100.0000 stroke4
movl 0 -35.2136 391.8708 171.5045 161.9375 19.2508 -69.2342 100.0000 stroke4
movl 0 -35.9705 393.1174 170.6489 162.3894 19.1285 -69.7608 100.0000 stroke4
movl 0 -37.1012 394.7352 169.8380 162.6178 18.4344 -70.1880 100.0000 stroke4
movl 0 -38.8829 398.3344 168.8051 162.7021 16.2944 -70.4185 100.0000 stroke4
movl 0 -38.7581 400.8438 168.1967 162.3172 14.6279 -71.3308 100.0000 stroke4
movl 0 -38.6368 401.7451 167.8463 161.7988 14.0723 -71.4363 100.0000 stroke4
movl 0 -39.1096 401.4814 167.8090 161.6536 13.7217 -70.3988 100.0000 stroke4
movl 0 -39.8659 400.8273 168.0068 161.4249 13.6268 -69.9561 100.0000 stroke4
movl 0 -40.1082 400.0771 168.2642 161.0632 13.6846 -69.5819 100.0000 stroke4
movl 0 -40.1789 399.5495 168.4115 160.6882 13.7876 -69.4034 100.0000 stroke4
movl 0 -40.1989 399.2308 168.5048 160.2822 13.9212 -69.1863 100.0000 stroke4
movl 0 -37.1317 395.9909 169.8658 157.8204 16.5094 -70.0915 100.0000 stroke4
movl 0 -31.9886 382.0444 179.5467 162.3639 34.8233 -59.9879 100.0000 stroke4
movl 0 -30.6496 373.1605 236.6348 174.7352 48.0977 -47.5158 100.0000 stroke4
movl 0 -25.1469 398.8071 228.1945 157.5172 29.1565 -64.2216 100.0000 stroke5
movl 0 -30.1278 395.9911 181.8187 156.8874 22.8172 -67.6607 100.0000 stroke5
movl 0 -37.9336 394.4526 173.7683 159.9611 20.9887 -68.5844 100.0000 stroke5
movl 0 -42.2275 393.6182 171.9902 162.6466 19.2970 -65.5232 100.0000 stroke5
movl 0 -46.2830 393.1300 171.2116 163.8548 19.0738 -64.9008 100.0000 stroke5
movl 0 -50.0309 396.8270 170.4440 163.7188 15.7660 -66.0881 100.0000 stroke5
movl 0 -51.0195 400.1136 170.4185 163.6057 12.2672 -67.3338 100.0000 stroke5
movl 0 -50.6542 401.7237 170.7285 162.1593 10.2432 -72.7364 100.0000 stroke5
movl 0 -50.6078 403.2116 171.0495 161.5135 7.8375 -75.4199 100.0000 stroke5
movl 0 -51.0053 405.0850 171.2454 161.1176 5.2083 -77.9305 100.0000 stroke5
movl 0 -50.9852 406.6055 171.1686 160.6851 2.9345 -79.5491 100.0000 stroke5
movl 0 -51.5775 407.9108 171.1457 160.5969 0.7146 -80.8596 100.0000 stroke5
movl 0 -52.8627 409.1061 170.9909 160.6306 -1.6026 -81.4607 100.0000 stroke5
movl 0 -51.6493 407.4400 171.7546 160.4103 -0.6527 -81.6552 100.0000 stroke5
movl 0 -50.7152 407.2958 171.8365 160.0598 -0.7693 -81.5153 100.0000 stroke5
movl 0 -49.6937 406.7951 172.2339 160.0005 -0.0610 -81.7823 100.0000 stroke5
movl 0 -49.0644 406.3058 172.4108 159.8700 0.3030 -81.8212 100.0000 stroke5
movl 0 -48.8447 406.0995 172.5071 159.8840 0.5193 -81.8810 100.0000 stroke5
movl 0 -48.7142 405.9465 172.5536 159.9235 0.7931 -81.8796 100.0000 stroke5
movl 0 -48.7713 406.0418 172.4963 159.9784 0.8921 -81.8259 100.0000 stroke5
movl 0 -49.4531 407.0601 172.0620 159.9760 -0.0336 -81.5812 100.0000 stroke5
movl 0 -49.2367 407.1952 172.0247 159.8351 -0.1846 -81.5488 100.0000 stroke5
movl 0 -49.4174 406.8368 172.0562 160.0342 0.1343 -81.8178 100.0000 stroke5
movl 0 -47.9096 405.2611 172.7397 160.0017 1.7090 -82.7389 100.0000 stroke5
movl 0 -39.4368 397.8258 176.9357 158.5459 8.1931 -84.6747 100.0000 stroke5
movl 0 -24.0684 382.8546 208.8264 159.1745 28.6135 -79.9897 100.0000 stroke5
movl 0 -3.7829 381.5810 238.5716 171.4395 36.1374 -55.6274 100.0000 stroke6
movl 0 -3.9269 387.1360 186.1038 162.3992 27.8333 -64.1237 100.0000 stroke6
movl 0 -17.8242 382.4494 174.8751 164.1623 23.5727 -67.3271 100.0000 stroke6
movl 0 -30.2455 378.9037 172.8271 169.2245 23.1155 -64.2831 100.0000 stroke6
movl 0 -32.2216 380.1608 171.8466 168.8399 22.5755 -63.8799 100.0000 stroke6
movl 0 -35.1758 381.7259 171.0046 168.6191 21.7137 -64.2736 100.0000 stroke6
movl 0 -38.2299 383.1360 170.1914 169.6618 20.4127 -64.8782 100.0000 stroke6
movl 0 -41.8474 383.6211 170.2799 170.1661 19.1104 -67.0233 100.0000 stroke6
movl 0 -40.8225 384.6066 170.1955 170.1318 18.8065 -68.1784 100.0000 stroke6
movl 0 -37.2963 386.5715 170.3186 169.5755 18.3376 -70.3401 100.0000 stroke6
movl 0 -34.7569 387.5244 170.5186 168.9571 18.2242 -71.3598 100.0000 stroke6
movl 0 -33.7406 386.7382 170.9260 168.5567 18.6744 -71.5157 100.0000 stroke6
movl 0 -33.9972 387.3159 170.7735 168.3333 18.2105 -71.5202 100.0000 stroke6
movl 0 -33.9006 387.7959 170.7962 168.0516 17.9391 -71.6855 100.0000 stroke6
movl 0 -33.5552 388.0215 170.8642 167.8975 17.8899 -71.8443 100.0000 stroke6
movl 0 -33.5193 388.4069 170.8989 167.7473 17.7310 -72.1413 100.0000 stroke6
movl 0 -33.6877 388.6615 170.8724 167.5700 17.5695 -72.3201 100.0000 stroke6
movl 0 -33.7580 388.8868 170.8293 167.4087 17.4362 -72.3630 100.0000 stroke6
movl 0 -33.7245 389.1723 170.7772 167.2313 17.3208 -72.5062 100.0000 stroke6
movl 0 -29.5493 386.2212 172.8911 165.2886 18.6431 -74.5246 100.0000 stroke6
movl 0 -20.9916 381.5893 192.3472 160.4194 22.2989 -80.6852 100.0000 stroke6
movl 0 0.6828 402.7260 185.2556 149.7906 14.0279 -88.1979 100.0000 stroke7
movl 0 2.0066 398.1399 167.9234 150.8940 11.4898 -90.7433 100.0000 stroke7
movl 0 -2.6701 398.2692 166.5014 152.6138 11.3969 -90.4116 100.0000 stroke7
movl 0 -5.6215 398.6611 166.5950 153.0136 11.0594 -90.3373 100.0000 stroke7
movl 0 -8.4160 400.7092 165.9711 154.0563 9.8235 -90.7350 100.0000 stroke7
movl 0 -11.5833 404.5792 165.2090 155.5919 6.4536 -92.6410 100.0000 stroke7
movl 0 -11.7679 407.5609 164.2928 155.4858 3.8113 -94.2901 100.0000 stroke7
movl 0 -12.1185 408.7403 163.9560 155.2730 2.7577 -94.7913 100.0000 stroke7
movl 0 -11.7156 409.3620 163.9822 155.0350 1.3843 -95.6125 100.0000 stroke7
movl 0 -11.3636 410.0870 164.4435 154.9146 -0.5447 -96.7060 100.0000 stroke7
movl 0 -11.6036 411.0619 164.8532 155.0352 -2.9123 -98.1972 100.0000 stroke7
movl 0 -12.1522 412.9419 164.9692 155.5452 -5.7517 -99.6544 100.0000 stroke7
movl 0 -13.2198 414.9609 164.8169 156.3840 -8.6170 -100.8007 100.0000 stroke7
movl 0 -14.5178 416.4650 164.7540 157.2729 -10.7186 -101.4221 100.0000 stroke7
movl 0 -12.7232 414.2208 165.8670 156.5509 -9.4783 -101.9970 100.0000 stroke7
movl 0 -13.9972 414.0919 165.9265 156.9746 -10.0863 -101.5984 100.0000 stroke7
movl 0 -14.4059 414.4762 166.0716 157.2502 -10.1991 -101.6707 100.0000 stroke7
movl 0 -15.9296 414.1443 165.9990 157.6763 -10.5050 -101.2392 100.0000 stroke7
movl 0 -15.3144 413.1620 166.6299 157.4097 -9.6194 -101.5322 100.0000 stroke7
movl 0 -15.0044 411.5927 167.2748 157.1335 -8.4905 -101.6375 100.0000 stroke7
movl 0 -13.8016 408.3322 168.5153 156.3364 -6.6618 -101.7446 100.0000 stroke7
movl 0 -10.7314 392.3189 175.9977 152.2852 4.9264 -100.0751 100.0000 stroke7
movl 0 -8.7706 375.5959 228.3161 149.4361 24.4465 -94.9838 100.0000 stroke7
movl 0 -23.1751 385.5455 222.3783 148.8245 16.7596 -88.0709 100.0000 stroke8
movl 0 -31.7192 381.8215 179.4846 153.2537 13.1048 -88.1266 100.0000 stroke8
movl 0 -41.3400 378.6264 175.2398 156.7523 12.6474 -88.6808 100.0000 stroke8
movl 0 -46.1831 375.8775 173.3989 159.2592 13.8487 -87.5706 100.0000 stroke8
movl 0 -47.1901 377.9005 172.1495 159.6517 13.6868 -86.0243 100.0000 stroke8
movl 0 -49.0614 379.7686 171.0937 160.3759 13.1798 -85.3487 100.0000 stroke8
movl 0 -51.3725 380.7317 170.9755 161.5102 12.3598 -86.0141 100.0000 stroke8
movl 0 -51.9679 381.2133 171.1389 161.9574 11.9154 -86.7997 100.0000 stroke8
movl 0 -52.4404 381.2630 171.1624 162.3346 11.8289 -87.5103 100.0000 stroke8
movl 0 -52.6423 381.6808 171.0630 162.6339 11.6195 -88.0458 100.0000 stroke8
movl 0 -52.0057 382.2567 170.9794 162.7639 11.4075 -88.5999 100.0000 stroke8
movl 0 -50.6911 383.2862 170.8098 162.8427 11.0260 -89.5297 100.0000 stroke8
movl 0 -50.3334 383.7225 170.7584 162.8080 10.8367 -89.8140 100.0000 stroke8
movl 0 -48.8198 382.5601 171.2975 162.1523 11.4219 -90.0279 100.0000 stroke8
movl 0 -47.8220 381.8130 171.6439 161.8078 11.8851 -90.2039 100.0000 stroke8
movl 0 -48.1163 382.2496 171.5988 161.9324 11.5983 -90.0649 100.0000 stroke8
movl 0 -48.2765 383.2044 171.4659 162.1895 10.8313 -89.8939 100.0000 stroke8
movl 0 -49.1328 382.8965 171.4161 161.6043 10.7699 -88.5908 100.0000 stroke8
movl 0 -36.8402 377.7287 180.8042 155.4488 15.2735 -88.2323 100.0000 stroke8
movl 0 -26.3519 367.0441 243.7367 151.0540 26.7662 -89.8602 100.0000 stroke8
movl 0 1.0215 390.3707 205.8945 149.8559 18.8651 -80.3462 100.0000 stroke9
movl 0 3.1294 391.3479 174.9135 151.1649 15.0708 -82.3389 100.0000 stroke9
movl 0 -14.0644 386.8859 177.4998 157.3030 15.3111 -82.1298 100.0000 stroke9
movl 0 -26.7355 383.0762 176.7374 161.2115 15.9159 -80.8520 100.0000 stroke9
movl 0 -29.5114 382.6469 176.0130 161.7725 15.1239 -80.9818 100.0000 stroke9
movl 0 -32.9024 384.0413 174.8879 161.7987 14.4174 -80.3586 100.0000 stroke9
movl 0 -34.5339 384.8141 173.9381 161.9323 14.3517 -80.2002 100.0000 stroke9
movl 0 -36.5102 386.4418 172.8543 162.7290 13.7344 -80.6108 100.0000 stroke9
movl 0 -39.2035 387.9670 172.5035 163.9799 12.1178 -81.3456 100.0000 stroke9
movl 0 -40.9120 387.0664 172.8272 164.5445 11.9890 -82.0911 100.0000 stroke9
movl 0 -41.4454 387.7116 172.6222 164.9210 11.7611 -83.1833 100.0000 stroke9
movl 0 -38.7335 389.1438 172.5056 165.0800 11.2919 -85.6881 100.0000 stroke9
movl 0 -35.7344 389.7461 172.7629 164.3650 10.9984 -86.6618 100.0000 stroke9
movl 0 -36.1112 389.8294 172.8240 164.2028 10.7386 -86.6570 100.0000 stroke9
movl 0 -36.1648 389.9521 172.8758 164.0149 10.5120 -86.9336 100.0000 stroke9
movl 0 -35.9171 389.8952 172.8847 163.8216 10.3862 -87.0675 100.0000 stroke9
movl 0 -36.1892 390.1393 172.8457 163.8547 10.2445 -87.2607 100.0000 stroke9
movl 0 -36.2754 390.2227 172.9006 163.7869 10.1549 -87.4308 100.0000 stroke9
movl 0 -34.5421 387.7021 174.2352 162.7773 10.8624 -88.2760 100.0000 stroke9
movl 0 -31.4436 382.5891 188.8903 160.6457 14.2015 -89.3234 100.0000 stroke9
movl 0 -28.9642 369.9085 198.2965 157.5251 18.6807 -80.9811 100.0000 stroke10
movl 0 -25.8564 375.2969 178.9730 156.1944 12.5484 -85.6626 100.0000 stroke10
movl 0 -37.6105 377.5990 178.9045 160.6148 10.0738 -90.0081 100.0000 stroke10
movl 0 -32.1716 378.5074 180.3981 159.6080 8.7364 -93.7891 100.0000 stroke10
movl 0 -41.4132 376.8647 178.1195 159.7117 9.8094 -91.2265 100.0000 stroke10
movl 0 -44.4310 378.9325 176.4285 160.0142 9.4994 -90.4749 100.0000 stroke10
movl 0 -48.4593 378.4440 175.2451 160.2590 9.5480 -89.3239 100.0000 stroke10
movl 0 -49.5585 379.0861 174.4241 160.5071 9.3979 -88.8417 100.0000 stroke10
movl 0 -50.7719 379.5235 173.8940 160.8004 9.1137 -88.8511 100.0000 stroke10
movl 0 -53.6148 379.9253 173.4558 162.2594 8.7997 -89.4126 100.0000 stroke10
movl 0 -55.6241 379.5477 173.9936 163.4340 8.4671 -89.8867 100.0000 stroke10
movl 0 -56.7846 379.0467 174.3470 163.9141 8.6310 -90.3891 100.0000 stroke10
movl 0 -56.3727 378.7761 174.5323 164.4143 8.8327 -91.3451 100.0000 stroke10
movl 0 -54.6999 379.0142 174.9067 164.6574 8.7404 -92.7001 100.0000 stroke10
movl 0 -52.6824 379.5376 175.2728 164.9668 8.5053 -94.0350 100.0000 stroke10
movl 0 -51.0949 379.9801 175.6323 165.4617 8.3601 -95.4207 100.0000 stroke10
movl 0 -48.9547 380.8032 175.4907 165.9417 8.1405 -96.7035 100.0000 stroke10
movl 0 -48.3142 380.9687 175.8034 166.8172 8.2000 -98.1033 100.0000 stroke10
movl 0 -47.0649 381.5500 175.9795 167.4515 8.0916 -99.5620 100.0000 stroke10
movl 0 -46.4765 382.5348 176.0601 168.2731 7.9441 -101.1357 100.0000 stroke10
movl 0 -45.3444 383.2728 176.0625 168.9116 7.7994 -102.7591 100.0000 stroke10
movl 0 -44.8372 384.1828 175.9919 169.4917 7.6095 -104.2796 100.0000 stroke10
movl 0 -43.3280 385.8070 175.7151 170.0579 7.2574 -105.9919 100.0000 stroke10
movl 0 -42.9475 386.9594 175.3785 170.5012 6.9123 -107.0976 100.0000 stroke10
movl 0 -43.0530 387.3481 175.1495 170.8142 6.8492 -107.5810 100.0000 stroke10
movl 0 -43.2798 387.0205 175.2771 170.7449 6.9104 -107.6199 100.0000 stroke10
movl 0 -42.2259 386.2481 175.6194 170.1194 7.0007 -107.5068 100.0000 stroke10
movl 0 -40.0643 385.1207 176.1944 168.9885 7.2193 -107.2878 100.0000 stroke10
movl 0 -38.7503 384.0933 176.6545 168.3354 7.5896 -107.3053 100.0000 stroke10
movl 0 -38.2488 383.6692 176.8701 168.1022 7.8073 -107.3793 100.0000 stroke10
movl 0 -37.7045 383.2685 177.0735 167.8739 7.9777 -107.4162 100.0000 stroke10
movl 0 -37.1162 383.0563 177.1685 167.7105 8.0106 -107.4643 100.0000 stroke10
movl 0 -36.9082 382.8057 177.2701 167.7180 8.0166 -107.4715 100.0000 stroke10
movl 0 -36.1648 382.6152 177.3868 167.4030 7.9617 -107.4097 100.0000 stroke10
movl 0 -36.8909 383.8039 177.2576 168.0113 6.9569 -107.5040 100.0000 stroke10
movl 0 -37.1065 385.4448 177.2519 168.5135 5.8283 -108.1789 100.0000 stroke10
movl 0 -36.8497 386.5898 177.1339 168.7850 4.9795 -108.4459 100.0000 stroke10
movl 0 -36.6149 387.1958 176.9284 168.6150 4.4222 -108.4067 100.0000 stroke10
movl 0 -36.5814 385.4592 177.0707 167.2241 4.8878 -107.2147 100.0000 stroke10
movl 0 -35.9295 385.2589 177.1591 166.8737 5.0003 -107.0677 100.0000 stroke10
movl 0 -35.5494 384.6832 177.4115 166.3825 5.1814 -106.8704 100.0000 stroke10
movl 0 -28.4490 381.5272 178.9599 162.4930 5.9827 -105.0180 100.0000 stroke10
movl 0 -10.4602 377.2021 195.8171 153.1558 9.8893 -100.3551 100.0000 stroke10
movl 0 -0.4189 362.7515 208.8642 150.5560 17.6708 -86.1500 100.0000 stroke11
movl 0 -4.8598 361.9093 180.1014 151.9183 15.3988 -86.7215 100.0000 stroke11
movl 0 -17.5256 361.2939 178.2970 155.5351 15.5729 -85.7362 100.0000 stroke11
movl 0 -29.7177 359.5873 177.2974 158.7521 14.9200 -85.1365 100.0000 stroke11
movl 0 -37.3310 358.7450 175.6794 159.9688 14.6997 -84.3372 100.0000 stroke11
movl 0 -43.0217 357.6232 174.1453 161.1910 15.5885 -82.3774 100.0000 stroke11
movl 0 -43.0541 358.8219 173.0971 161.6903 15.8743 -81.1652 100.0000 stroke11
movl 0 -44.4280 359.8097 172.0609 161.8298 15.7978 -80.3506 100.0000 stroke11
movl 0 -46.7031 361.7780 170.9485 163.0030 15.0879 -80.4843 100.0000 stroke11
movl 0 -49.0615 362.2996 171.1652 164.4587 14.0084 -81.1092 100.0000 stroke11
movl 0 -50.7839 361.6599 171.5177 165.3438 14.0771 -81.6624 100.0000 stroke11
movl 0 -49.9012 362.0750 171.6110 165.7290 13.9359 -82.7594 100.0000 stroke11
movl 0 -47.0922 363.5234 171.8432 165.7361 13.3135 -84.6533 100.0000 stroke11
movl 0 -44.2035 364.7684 171.9255 165.6735 12.6692 -86.2511 100.0000 stroke11
movl 0 -40.8896 365.6664 172.1642 165.4667 12.2661 -87.6098 100.0000 stroke11
movl 0 -40.2819 365.7258 172.2971 165.4238 12.1458 -87.9482 100.0000 stroke11
movl 0 -39.2414 366.0209 172.3027 165.5658 11.9432 -88.5191 100.0000 stroke11
movl 0 -35.6192 366.9415 172.2860 165.8554 11.4939 -90.2901 100.0000 stroke11
movl 0 -31.4657 368.3544 172.0981 166.1944 10.8824 -92.1465 100.0000 stroke11
movl 0 -28.6605 368.9155 171.9342 166.2212 10.4982 -93.0410 100.0000 stroke11
movl 0 -27.9097 368.6588 172.2725 165.7218 10.7046 -92.7987 100.0000 stroke11
movl 0 -26.0714 367.9279 172.5613 164.9382 10.9357 -92.6330 100.0000 stroke11
movl 0 -24.6276 367.7139 172.7055 164.5440 11.0480 -92.4924 100.0000 stroke11
movl 0 -22.5585 367.6712 172.8477 163.9134 11.1667 -92.5465 100.0000 stroke11
movl 0 -19.6913 367.9066 172.6511 162.9638 11.1580 -92.5771 100.0000 stroke11
movl 0 -17.7620 369.0860 172.3317 162.3956 10.5893 -93.0088 100.0000 stroke11
movl 0 -16.4472 371.6179 171.4730 162.1335 9.1542 -93.6608 100.0000 stroke11
movl 0 -10.8457 377.6475 169.7653 160.7148 5.8917 -95.1937 100.0000 stroke11
movl 0 -5.4472 382.8569 168.0693 159.4005 2.6603 -97.0844 100.0000 stroke11
movl 0 -3.3119 385.8727 167.1667 158.2570 0.7696 -97.4477 100.0000 stroke11
movl 0 -1.2593 388.7861 165.9372 157.2910 -0.8592 -97.5751 100.0000 stroke11
movl 0 6.7665 394.1258 162.7893 155.1611 -3.5610 -98.2784 100.0000 stroke11
movl 0 7.3588 395.2043 162.2072 154.7226 -4.7412 -98.2225 100.0000 stroke11
movl 0 7.2444 395.9552 162.1847 154.7721 -5.9065 -98.5668 100.0000 stroke11
movl 0 7.4128 397.0542 161.9559 154.7360 -7.5956 -98.9955 100.0000 stroke11
movl 0 7.0991 398.0084 161.7125 154.7657 -9.1888 -99.2178 100.0000 stroke11
movl 0 6.0839 399.2582 161.3952 154.9922 -10.7352 -99.2940 100.0000 stroke11
movl 0 5.0298 400.2621 161.1119 155.1805 -11.8921 -98.9318 100.0000 stroke11
movl 0 3.6572 401.4530 160.7446 155.4242 -12.9807 -98.5705 100.0000 stroke11
movl 0 2.0850 402.0530 160.5314 155.6195 -13.6977 -98.0476 100.0000 stroke11
movl 0 0.3088 402.5020 160.3150 155.6832 -14.1572 -97.2144 100.0000 stroke11
movl 0 -1.3532 401.5378 160.6331 155.6239 -13.8216 -96.4696 100.0000 stroke11
movl 0 0.6842 399.4473 161.6539 155.3323 -12.7555 -97.1695 100.0000 stroke11
movl 0 2.2083 398.1406 162.2058 154.9833 -11.9898 -97.3809 100.0000 stroke11
movl 0 2.7688 397.4717 162.4549 154.8949 -11.7823 -97.5120 100.0000 stroke11
movl 0 3.0834 397.1524 162.5950 154.8176 -11.6371 -97.4726 100.0000 stroke11
movl 0 3.1999 396.6505 162.8570 154.7902 -11.4124 -97.4671 100.0000 stroke11
movl 0 4.0260 395.9727 163.1661 154.6042 -11.1061 -97.7068 100.0000 stroke11
movl 0 3.7118 395.8816 163.2020 154.6678 -11.1103 -97.6192 100.0000 stroke11
movl 0 3.4027 395.9754 163.1777 154.7579 -11.2528 -97.6735 100.0000 stroke11
movl 0 2.4304 396.7245 162.7717 154.8245 -11.8018 -97.0520 100.0000 stroke11
movl 0 0.9065 396.4698 162.8889 154.9457 -11.7795 -96.4245 100.0000 stroke11
movl 0 3.1971 394.1823 163.7872 154.5177 -10.5479 -97.1683 100.0000 stroke11
movl 0 0.6057 394.5500 163.6031 154.7963 -10.7461 -95.9470 100.0000 stroke11
movl 0 0.7164 392.0130 164.6131 154.7874 -9.1924 -95.9029 100.0000 stroke11
movl 0 0.3561 383.4918 167.4305 154.8600 -3.6149 -95.9548 100.0000 stroke11
movl 0 0.3167 378.9533 168.8857 155.0152 -1.4851 -96.7998 100.0000 stroke11
movl 0 -0.0675 377.8460 168.9349 155.0716 -0.9753 -96.8688 100.0000 stroke11
movl 0 -1.9780 381.7155 166.8873 155.1639 -3.1200 -95.2236 100.0000 stroke11
movl 0 -1.8755 384.0291 165.2315 154.4502 -4.0560 -93.4057 100.0000 stroke11
movl 0 -1.6224 385.4442 164.0302 153.8419 -4.1613 -91.3557 100.0000 stroke11
movl 0 -1.6379 385.7482 163.3343 153.4019 -3.3607 -89.1905 100.0000 stroke11
movl 0 -0.9662 386.0668 162.5566 152.7803 -1.5737 -85.2972 100.0000 stroke11
movl 0 -0.6707 385.4949 162.3513 152.4084 0.1157 -82.6452 100.0000 stroke11
movl 0 -1.7162 385.0611 162.5950 152.3523 1.1783 -81.3082 100.0000 stroke11
movl 0 -1.8734 384.7452 162.9044 152.1013 2.0523 -80.7728 100.0000 stroke11
movl 0 -1.6975 384.6018 163.0412 151.8683 2.4843 -80.7574 100.0000 stroke11
movl 0 -1.5291 384.3477 163.2295 151.7017 3.0062 -80.6237 100.0000 stroke11
movl 0 -1.4063 384.0268 163.4841 151.5742 3.3384 -80.6589 100.0000 stroke11
movl 0 -1.2319 383.5442 163.7390 151.5071 3.7365 -80.7151 100.0000 stroke11
movl 0 -1.2388 383.3193 163.8245 151.4970 3.9973 -80.6501 100.0000 stroke11
movl 0 -1.1311 383.1204 164.0089 151.4426 4.0810 -80.7910 100.0000 stroke11
movl 0 -1.1492 382.9974 164.1136 151.4442 4.1935 -80.8982 100.0000 stroke11
movl 0 -1.0438 383.0571 164.1688 151.3783 4.2389 -81.0075 100.0000 stroke11
movl 0 -0.7205 382.8949 164.3248 151.2029 4.3621 -81.1834 100.0000 stroke11
movl 0 0.7915 379.8961 165.4613 150.6023 5.1979 -81.7890 100.0000 stroke11
movl 0 4.1039 367.8077 170.9902 148.2693 10.1217 -86.0176 100.0000 stroke11
movl 0 -5.9783 353.7859 183.9469 150.3024 21.1455 -84.8182 100.0000 stroke11
movl 0 -21.9917 335.5948 244.7212 168.0947 43.8329 -63.6869 100.0000 stroke11
movl 0 -38.1171 381.8317 246.2248 179.5437 39.2522 -29.3281 100.0000 stroke12
movl 0 -35.6834 392.7295 183.8908 158.1653 24.8872 -51.4476 100.0000 stroke12
movl 0 -41.6172 387.8811 176.4583 157.0638 16.4631 -62.7525 100.0000 stroke12
movl 0 -46.3197 388.6646 172.8246 157.9687 11.8967 -65.0955 100.0000 stroke12
movl 0 -49.5792 387.9336 172.1937 158.8906 11.6101 -65.6388 100.0000 stroke12
movl 0 -48.8349 388.7190 171.0466 158.1712 11.6143 -65.6153 100.0000 stroke12
movl 0 -53.2398 392.3606 169.7961 158.9327 8.8036 -66.2717 100.0000 stroke12
movl 0 -55.5621 395.5120 169.2903 159.2993 5.6145 -67.9706 100.0000 stroke12
movl 0 -57.1475 397.7296 168.7365 159.6166 3.5915 -68.8743 100.0000 stroke12
movl 0 -55.5927 400.3856 167.8604 159.1912 2.1502 -69.9122 100.0000 stroke12
movl 0 -54.6426 402.5307 167.3397 158.9033 1.2057 -70.7626 100.0000 stroke12
movl 0 -55.6665 402.1939 167.2327 158.2959 0.3367 -69.7090 100.0000 stroke12
movl 0 -52.2814 402.0529 167.8642 157.8965 1.2030 -70.9701 100.0000 stroke12
movl 0 -54.2403 400.6741 167.8413 157.9769 0.7910 -69.8153 100.0000 stroke12
movl 0 -54.0170 400.7021 167.9057 157.8924 0.9184 -69.8219 100.0000 stroke12
movl 0 -52.9319 399.4490 168.5903 158.0337 2.0616 -70.3223 100.0000 stroke12
movl 0 -52.4981 399.1306 168.8287 158.1234 2.6509 -70.4556 100.0000 stroke12
movl 0 -51.5990 398.5744 169.2636 158.2792 3.6196 -70.8573 100.0000 stroke12
movl 0 -50.8346 398.5657 169.5233 158.3387 4.0906 -71.1863 100.0000 stroke12
movl 0 -48.8713 397.3199 170.3372 158.1313 5.1971 -71.5238 100.0000 stroke12
movl 0 -44.8307 393.3431 172.7132 157.1130 7.5363 -71.7500 100.0000 stroke12
movl 0 -41.3514 385.1019 185.6841 157.0294 14.6903 -71.7896 100.0000 stroke12
movl 0 -40.7813 373.3662 244.3409 159.9028 25.3078 -71.5121 100.0000 stroke12
movl 0 -37.7734 385.0205 231.1116 155.7151 14.1210 -75.9456 100.0000 stroke13
movl 0 -38.9188 383.7147 191.9818 156.4871 8.5554 -77.6264 100.0000 stroke13
movl 0 -41.2333 384.9335 176.1904 157.3801 6.4885 -77.7651 100.0000 stroke13
movl 0 -42.5303 384.8056 175.0235 158.2382 6.3435 -78.7141 100.0000 stroke13
movl 0 -44.4679 384.9142 174.4851 158.8642 6.3564 -79.6692 100.0000 stroke13
movl 0 -47.2542 387.3087 173.1655 159.8391 4.8740 -80.0608 100.0000 stroke13
movl 0 -50.4615 390.2135 172.4510 161.3804 2.6965 -81.3397 100.0000 stroke13
movl 0 -51.7419 391.7591 171.9993 161.8855 1.5566 -81.9813 100.0000 stroke13
movl 0 -51.1893 393.4432 171.6781 162.2924 0.8095 -83.3301 100.0000 stroke13
movl 0 -51.1727 395.0634 171.2032 162.2521 -0.2587 -83.2874 100.0000 stroke13
movl 0 -50.9892 393.7958 171.6192 162.1444 -0.3788 -83.0672 100.0000 stroke13
movl 0 -48.7427 393.5744 172.1418 161.6665 0.5517 -83.7764 100.0000 stroke13
movl 0 -50.3858 393.5511 171.7511 162.0105 -0.7875 -83.3519 100.0000 stroke13
movl 0 -50.8172 393.0846 171.8795 162.0710 -0.8387 -83.2689 100.0000 stroke13
movl 0 -48.5407 391.6083 172.7158 161.4602 0.8296 -83.7992 100.0000 stroke13
movl 0 -39.9387 383.6732 182.8400 158.7812 7.8232 -83.7346 100.0000 stroke13
movl 0 -12.3064 387.2618 216.2553 152.2595 13.8469 -82.3873 100.0000 stroke14
movl 0 -23.1143 382.9104 178.8230 154.2842 8.1516 -85.2964 100.0000 stroke14
movl 0 -31.4065 379.6887 181.1758 157.9301 6.5911 -87.3646 100.0000 stroke14
movl 0 -32.8098 384.0778 176.9060 158.1930 3.8677 -88.0425 100.0000 stroke14
movl 0 -35.2792 385.6901 175.8087 158.7787 3.1997 -88.1335 100.0000 stroke14
movl 0 -36.0130 387.5195 174.8501 159.1055 2.3523 -88.7878 100.0000 stroke14
movl 0 -40.7408 390.2151 173.8346 161.2921 0.5224 -90.0026 100.0000 stroke14
movl 0 -43.3183 392.1019 173.2718 162.8207 -0.9240 -91.2896 100.0000 stroke14
movl 0 -42.8971 393.3960 173.1393 163.3835 -1.4940 -92.7345 100.0000 stroke14
movl 0 -43.0069 394.1772 172.9245 163.5347 -2.5503 -92.9881 100.0000 stroke14
movl 0 -41.9700 393.0785 173.3273 163.2020 -2.5413 -92.9474 100.0000 stroke14
movl 0 -40.6586 393.1633 173.4360 162.8649 -2.6880 -93.0415 100.0000 stroke14
movl 0 -40.5990 392.8389 173.4434 162.8496 -2.6538 -92.8771 100.0000 stroke14
movl 0 -39.3199 391.8557 173.9237 162.2188 -1.7316 -92.9771 100.0000 stroke14
movl 0 -34.8497 388.1512 176.7773 160.2861 1.0794 -93.4189 100.0000 stroke14
movl 0 -28.7708 381.4877 211.2709 156.8289 10.3316 -93.5928 100.0000 stroke14
movl 0 -7.9966 391.9127 243.4225 150.6639 6.6652 -99.7512 100.0000 stroke15
movl 0 -5.9973 390.8736 184.7497 152.0190 -2.5850 -103.8615 100.0000 stroke15
movl 0 -16.1575 384.2221 179.6347 155.4430 -2.7362 -107.5048 100.0000 stroke15
movl 0 -22.4839 385.7960 176.2110 157.5774 -4.2306 -107.5601 100.0000 stroke15
movl 0 -23.3219 385.4062 175.6670 157.8136 -3.7907 -107.7356 100.0000 stroke15
movl 0 -25.1950 387.0790 174.7599 158.8468 -4.1860 -108.4196 100.0000 stroke15
movl 0 -28.5368 389.2451 174.2039 161.3193 -5.0440 -109.6710 100.0000 stroke15
movl 0 -30.7622 392.1129 173.7612 163.6343 -6.4145 -111.8434 100.0000 stroke15
movl 0 -32.8697 395.0795 173.1539 165.9603 -7.6277 -114.4072 100.0000 stroke15
movl 0 -31.8069 397.4936 172.7430 166.7807 -8.9263 -116.5495 100.0000 stroke15
movl 0 -29.4216 398.6620 172.6118 166.5033 -9.2040 -117.8673 100.0000 stroke15
movl 0 -29.7760 399.8011 172.1452 167.3420 -10.6259 -118.0106 100.0000 stroke15
movl 0 -29.5833 398.2866 172.7373 167.0087 -10.2593 -117.8035 100.0000 stroke15
movl 0 -28.3068 396.8873 173.4735 166.2219 -9.2164 -118.0347 100.0000 stroke15
movl 0 -29.0024 397.0028 173.1862 167.0095 -9.9016 -118.1802 100.0000 stroke15
movl 0 -29.0726 395.7138 173.5089 167.0633 -9.9000 -118.0630 100.0000 stroke15
movl 0 -26.6428 394.6765 174.1345 166.1238 -9.4634 -118.1723 100.0000 stroke15
movl 0 -27.1076 394.3438 174.0107 166.3675 -9.6912 -118.0402 100.0000 stroke15
movl 0 -26.8778 393.7857 174.2496 165.9096 -9.4098 -117.7506 100.0000 stroke15
movl 0 -26.0599 393.1009 174.4710 165.0484 -8.9382 -117.2401 100.0000 stroke15
movl 0 -25.8064 392.4621 174.6785 164.4517 -8.4938 -116.7883 100.0000 stroke15
movl 0 -26.2758 391.3843 174.9924 164.0150 -7.9651 -116.4747 100.0000 stroke15
movl 0 -26.7771 390.8003 175.2092 163.8695 -7.6061 -116.3698 100.0000 stroke15
movl 0 -26.6264 390.3652 175.3239 163.7259 -7.4066 -116.3389 100.0000 stroke15
movl 0 -26.1469 388.2594 176.5391 163.1056 -6.7909 -116.2016 100.0000 stroke15
movl 0 -17.9367 389.9768 193.9957 160.3306 -5.7795 -116.9331 100.0000 stroke15
