movl 0 -12.4014 298.7215 176.2170 161.3895 26.2454 -57.2730 100.0000 stroke1
movl 0 -15.2043 298.9491 178.7255 160.9362 24.7235 -60.2890 100.0000 stroke1
movl 0 -17.9355 298.1202 174.4329 161.0858 24.1067 -61.5039 100.0000 stroke1
movl 0 -22.0771 296.6359 173.7869 162.4608 23.6452 -61.6098 100.0000 stroke1
movl 0 -25.6479 297.2188 172.6369 164.0285 23.5993 -59.4822 100.0000 stroke1
movl 0 -27.9976 298.3195 171.4790 164.7563 23.2519 -58.4216 100.0000 stroke1
movl 0 -27.8567 299.5940 170.8259 164.7144 22.7783 -57.7872 100.0000 stroke1
movl 0 -29.0875 299.6915 170.8220 165.6463 22.0767 -57.5990 100.0000 stroke1
movl 0 -30.5287 299.6276 171.0331 166.6803 21.1639 -57.7876 100.0000 stroke1
movl 0 -31.0238 299.1275 171.3564 167.3189 20.8311 -57.8982 100.0000 stroke1
movl 0 -32.4499 298.7646 171.6454 168.0298 20.7221 -58.1638 100.0000 stroke1
movl 0 -32.1104 299.0875 171.6554 168.3512 20.3555 -58.9593 100.0000 stroke1
movl 0 -30.9296 299.4508 171.7194 168.4536 19.9884 -60.3748 100.0000 stroke1
movl 0 -28.6717 299.9011 171.6306 168.2975 19.3690 -62.3572 100.0000 stroke1
movl 0 -25.5787 301.8221 171.4282 168.1424 18.5002 -64.8027 100.0000 stroke1
movl 0 -24.4814 302.8355 171.6090 169.1082 17.5963 -67.4529 100.0000 stroke1
movl 0 -24.3042 304.1273 171.2675 169.3648 17.0529 -69.3672 100.0000 stroke1
movl 0 -22.5395 301.6927 172.1309 168.6081 18.7371 -68.5633 100.0000 stroke1
movl 0 -20.8064 299.1150 173.1667 168.2356 20.6647 -68.3620 100.0000 stroke1
movl 0 -20.6946 299.4559 173.1298 168.1512 20.3885 -68.5187 100.0000 stroke1
movl 0 -20.2328 300.3181 173.2294 167.8906 18.3938 -69.1748 100.0000 stroke1
movl 0 -19.6641 301.1231 172.8710 166.7849 17.7242 -68.7086 100.0000 stroke1
movl 0 -12.9408 295.3713 174.1351 162.6557 25.7063 -64.3162 100.0000 stroke1
movl 0 -7.0385 294.4591 205.5977 162.6154 33.3658 -60.9109 100.0000 stroke1
movl 0 -24.9973 310.7386 209.3077 154.0348 21.2561 -64.5560 100.0000 stroke2
movl 0 -27.2048 298.2256 184.2783 158.3159 19.8379 -64.3766 100.0000 stroke2
movl 0 -28.0456 295.6277 175.8987 160.0760 19.8770 -63.8109 100.0000 stroke2
movl 0 -30.6841 293.1557 175.3450 162.0920 21.1710 -62.5050 100.0000 stroke2
movl 0 -33.1027 293.3658 174.7511 163.1220 20.9453 -62.0482 100.0000 stroke2
movl 0 -36.3912 294.5222 173.8488 163.3125 19.2906 -62.0806 100.0000 stroke2
movl 0 -38.6259 296.7347 173.2072 162.7648 15.9996 -63.0762 100.0000 stroke2
movl 0 -38.5381 298.0723 173.1254 161.9810 13.9369 -64.6726 100.0000 stroke2
movl 0 -38.7650 298.3785 173.2475 161.2981 12.2179 -66.5243 100.0000 stroke2
movl 0 -39.3944 298.8385 173.5613 160.7398 10.1440 -68.2378 100.0000 stroke2
movl 0 -40.5572 299.2515 173.7669 160.3653 8.1502 -69.6758 100.0000 stroke2
movl 0 -41.8657 299.3018 173.8782 160.0481 6.2328 -71.1462 100.0000 stroke2
movl 0 -43.0326 298.3900 174.3123 159.9186 4.7980 -72.1096 100.0000 stroke2
movl 0 -44.3251 297.6403 174.7261 159.9431 3.5430 -72.7684 100.0000 stroke2
movl 0 -45.1997 296.5200 175.1392 159.9397 2.9232 -73.0352 100.0000 stroke2
movl 0 -46.4481 295.0460 175.6248 159.9270 2.4186 -72.8836 100.0000 stroke2
movl 0 -48.3911 293.1800 175.9793 160.1307 1.8348 -73.0801 100.0000 stroke2
movl 0 -49.9286 291.8243 176.2542 160.2467 1.3923 -72.9454 100.0000 stroke2
movl 0 -51.7888 290.7355 176.4505 160.4570 0.9509 -72.6443 100.0000 stroke2
movl 0 -53.2877 289.6063 176.5917 160.6112 0.6155 -72.4234 100.0000 stroke2
movl 0 -54.9284 288.4511 176.6262 160.6283 0.3753 -71.6553 100.0000 stroke2
movl 0 -56.5118 287.3508 176.8251 160.7680 0.3118 -70.9166 100.0000 stroke2
movl 0 -57.9203 286.2253 176.8917 160.7315 0.2456 -69.9988 100.0000 stroke2
movl 0 -59.2844 285.3962 176.8407 160.6955 0.1323 -69.0543 100.0000 stroke2
movl 0 -59.9198 284.4481 176.9387 160.4410 0.1060 -68.3816 100.0000 stroke2
movl 0 -60.3318 283.3417 176.9624 160.1431 0.3788 -67.2723 100.0000 stroke2
movl 0 -60.7359 282.0477 176.8145 159.8295 0.6054 -66.1565 100.0000 stroke2
movl 0 -61.1765 281.1769 177.0422 159.4196 0.9089 -65.1517 100.0000 stroke2
movl 0 -61.3111 280.7043 176.9883 159.0432 1.1636 -64.4568 100.0000 stroke2
movl 0 -61.2562 280.4633 177.0115 158.5489 1.5243 -63.7467 100.0000 stroke2
movl 0 -61.1753 280.4411 176.7363 158.1861 2.0581 -62.3925 100.0000 stroke2
movl 0 -61.1756 280.2594 176.7671 157.9380 2.3474 -61.9004 100.0000 stroke2
movl 0 -60.4727 280.1047 176.8058 157.5277 2.8210 -61.2975 100.0000 stroke2
movl 0 -60.1657 280.0880 176.8409 157.2172 3.2101 -60.8474 100.0000 stroke2
movl 0 -59.7524 279.6820 176.7651 156.9451 4.5308 -59.2273 100.0000 stroke2
movl 0 -57.3270 279.9121 177.2069 155.8302 6.1887 -57.8368 100.0000 stroke2
movl 0 -54.1976 280.2148 179.1214 154.2668 9.3891 -56.8326 100.0000 stroke2
movl 0 -52.7263 277.2058 195.4960 153.5821 13.1958 -56.4125 100.0000 stroke2
movl 0 -55.3207 277.2862 233.2794 153.7023 19.7999 -54.3400 100.0000 stroke2
movl 0 -5.0398 330.5785 207.1629 156.4354 24.5746 -47.1749 100.0000 stroke3
movl 0 -1.4398 322.0120 187.0806 156.4402 19.6739 -52.5324 100.0000 stroke3
movl 0 -8.8083 312.0319 178.2205 161.7865 20.8400 -49.3620 100.0000 stroke3
movl 0 -11.1817 308.6478 175.9809 165.4120 22.2933 -44.8446 100.0000 stroke3
movl 0 -12.5528 310.8064 174.2010 166.3382 22.4520 -42.9211 100.0000 stroke3
movl 0 -14.4340 312.6635 173.2234 166.8915 21.5995 -42.7199 100.0000 stroke3
movl 0 -18.6100 315.5878 172.4270 166.9024 18.5958 -43.4446 100.0000 stroke3
movl 0 -17.9794 317.7390 171.8925 166.1335 17.2172 -44.8585 100.0000 stroke3
movl 0 -18.8901 318.1039 171.6910 165.4405 16.8673 -44.5747 100.0000 stroke3
movl 0 -19.5960 317.5045 171.8954 164.9297 16.7470 -44.1286 100.0000 stroke3
movl 0 -20.0708 315.9249 172.4577 164.4595 17.0609 -43.5337 100.0000 stroke3
movl 0 -19.2676 312.0605 174.0884 163.7669 18.8142 -42.4144 100.0000 stroke3
movl 0 -13.6175 300.5658 188.6074 165.0907 28.6497 -42.8582 100.0000 stroke3
movl 0 -19.6197 282.1899 243.0640 -167.8650 40.7282 -16.8686 100.0000 stroke3
movl 0 -9.9013 315.0954 195.2540 174.6930 28.5751 -16.8016 100.0000 stroke4
movl 0 -13.4621 303.7176 178.5395 178.7087 26.7004 -13.9434 100.0000 stroke4
movl 0 -20.5219 300.6849 176.4216 -178.2827 25.4246 -9.6342 100.0000 stroke4
movl 0 -20.9571 302.0196 175.5216 -178.0395 25.1959 -7.3688 100.0000 stroke4
movl 0 -25.4897 304.0765 174.4352 -179.0205 23.3669 -7.8481 100.0000 stroke4
movl 0 -28.3387 306.4451 173.9827 179.1804 21.3684 -10.0306 100.0000 stroke4
movl 0 -30.0307 307.7624 174.1515 177.1486 19.6367 -13.2464 100.0000 stroke4
movl 0 -30.7253 308.6879 174.0927 176.4278 18.7720 -15.0245 100.0000 stroke4
movl 0 -30.5677 309.6128 174.1866 175.1930 18.2923 -16.8742 100.0000 stroke4
movl 0 -30.9540 309.7735 174.6084 173.1727 17.3094 -19.5408 100.0000 stroke4
movl 0 -31.6551 310.0427 175.1438 170.4571 15.8100 -23.2646 100.0000 stroke4
movl 0 -29.6669 308.1617 176.2574 170.3390 16.3808 -25.1468 100.0000 stroke4
movl 0 -30.1129 308.7737 175.9461 169.2278 15.7309 -25.7070 100.0000 stroke4
movl 0 -29.7339 308.4044 176.1876 169.3925 15.9609 -25.9016 100.0000 stroke4
movl 0 -29.3812 307.1649 176.5321 170.7164 16.8056 -25.2413 100.0000 stroke4
movl 0 -28.5276 306.2775 176.8345 171.9170 18.0256 -24.5226 100.0000 stroke4
movl 0 -27.4577 306.3113 181.5317 174.1991 20.4024 -23.6798 100.0000 stroke4
movl 0 -33.8543 301.8698 240.1186 -175.1672 26.2208 -16.9452 100.0000 stroke4
movl 0 -10.9815 301.9403 235.6590 -168.9414 27.6476 -6.1622 100.0000 stroke5
movl 0 -6.9070 290.9998 190.4743 -173.8459 27.1454 -11.0928 100.0000 stroke5
movl 0 -15.0454 287.9816 180.2993 -173.1435 24.8602 -9.7502 100.0000 stroke5
movl 0 -18.6075 287.6548 179.6413 -173.3337 24.0784 -10.3724 100.0000 stroke5
movl 0 -23.2456 288.0532 178.8322 -173.8464 22.9932 -10.0137 100.0000 stroke5
movl 0 -24.6145 289.5825 178.4003 -174.4564 22.2045 -11.1572 100.0000 stroke5
movl 0 -28.0952 291.6150 177.7537 -175.1517 20.0393 -13.5717 100.0000 stroke5
movl 0 -30.3234 292.2903 177.4656 -175.4625 18.8266 -15.2083 100.0000 stroke5
movl 0 -30.5813 292.8821 177.3176 -175.5682 18.3831 -16.1358 100.0000 stroke5
movl 0 -27.5018 294.9586 177.5302 -176.3683 18.1283 -18.2961 100.0000 stroke5
movl 0 -23.6030 297.9340 177.2876 -177.4506 17.8184 -21.4534 100.0000 stroke5
movl 0 -19.8107 300.2713 176.9057 -178.4292 17.9744 -24.1327 100.0000 stroke5
movl 0 -15.3450 300.4986 177.4375 -179.6938 19.8021 -24.5670 100.0000 stroke5
movl 0 -11.5794 306.0451 176.0538 177.1104 19.4579 -26.8692 100.0000 stroke5
movl 0 -8.1354 312.6090 174.2341 173.3954 17.5469 -30.7760 100.0000 stroke5
movl 0 -6.2794 317.7114 172.4477 170.0240 16.7118 -33.2264 100.0000 stroke5
movl 0 -5.6755 319.2728 171.6038 167.1986 15.8702 -34.9686 100.0000 stroke5
movl 0 -6.7555 320.3591 171.5332 164.8636 14.1017 -36.5235 100.0000 stroke5
movl 0 -8.3722 321.7831 171.2700 162.5390 12.5008 -37.3447 100.0000 stroke5
movl 0 -9.7057 320.2513 171.8671 162.0966 11.9476 -37.5732 100.0000 stroke5
movl 0 -5.7767 316.6519 173.3726 163.3944 14.1098 -38.8791 100.0000 stroke5
movl 0 -7.1192 316.8948 173.0309 162.6478 13.1468 -38.6231 100.0000 stroke5
movl 0 -7.4998 315.9368 173.4792 163.1783 13.4963 -38.8270 100.0000 stroke5
movl 0 -4.0073 307.5436 177.6861 166.9622 19.4727 -39.1230 100.0000 stroke5
movl 0 -5.4644 288.3857 210.6459 -177.3547 32.0103 -27.9270 100.0000 stroke5
movl 0 -16.3719 285.6494 223.4049 -178.1350 30.1457 -28.9016 100.0000 stroke6
movl 0 -18.5905 277.5641 182.6535 176.8709 24.0724 -36.2513 100.0000 stroke6
movl 0 -22.5856 273.1616 178.0331 178.5311 23.0098 -35.3842 100.0000 stroke6
movl 0 -27.1166 270.9170 177.9467 179.2042 24.1068 -33.9293 100.0000 stroke6
movl 0 -31.2567 269.6977 177.4511 -179.8386 24.1055 -32.8908 100.0000 stroke6
movl 0 -32.1729 270.2906 176.7679 -179.9275 23.2958 -34.0076 100.0000 stroke6
movl 0 -34.6720 270.6152 176.2031 -179.7062 22.5844 -34.1232 100.0000 stroke6
movl 0 -35.1480 271.9413 176.0005 -179.8416 21.0558 -34.9261 100.0000 stroke6
movl 0 -36.4943 271.1042 176.0101 -179.2365 20.8133 -35.0434 100.0000 stroke6
movl 0 -37.2152 271.4692 175.8110 -178.9194 20.3658 -35.3716 100.0000 stroke6
movl 0 -36.3539 271.8911 175.8249 -178.8805 20.1418 -36.2133 100.0000 stroke6
movl 0 -34.4082 273.0486 175.7523 -179.2099 19.8824 -38.0414 100.0000 stroke6
movl 0 -31.5200 275.4009 175.7258 -179.6891 19.3544 -40.4192 100.0000 stroke6
movl 0 -30.8726 274.0447 176.1996 -179.7021 20.1949 -40.2264 100.0000 stroke6
movl 0 -28.8996 273.8730 176.6912 -179.9562 21.1242 -40.5313 100.0000 stroke6
movl 0 -29.6753 274.8080 176.5669 179.5023 19.9549 -40.5107 100.0000 stroke6
movl 0 -29.0561 275.6752 176.5105 178.7632 19.1937 -41.0008 100.0000 stroke6
movl 0 -23.3971 272.9305 184.3110 176.6258 26.8486 -36.7160 100.0000 stroke6
movl 0 -2.2526 274.9798 218.0643 166.8492 31.3012 -51.7544 100.0000 stroke7
movl 0 0.6126 268.4259 184.4595 164.7581 27.8806 -54.3367 100.0000 stroke7
movl 0 -11.0656 260.8698 176.9310 169.0328 26.2186 -50.8026 100.0000 stroke7
movl 0 -14.8087 260.1842 176.6110 169.7328 26.2390 -48.9571 100.0000 stroke7
movl 0 -23.2910 259.4948 175.8900 171.9660 25.3900 -46.2226 100.0000 stroke7
movl 0 -27.5251 260.8846 174.8648 173.3085 24.7275 -44.3066 100.0000 stroke7
movl 0 -30.8681 262.1856 174.0241 174.0888 23.2713 -44.5392 100.0000 stroke7
movl 0 -32.8465 262.3482 173.7024 174.8472 22.0751 -45.2828 100.0000 stroke7
movl 0 -34.2479 262.1511 173.9890 175.2053 21.0966 -46.0724 100.0000 stroke7
movl 0 -35.7253 261.5881 174.1911 176.0249 20.7255 -46.6892 100.0000 stroke7
movl 0 -34.2541 262.0084 174.4811 176.1028 20.1227 -48.4529 100.0000 stroke7
movl 0 -32.5665 263.2278 174.8086 175.9125 19.3281 -51.0858 100.0000 stroke7
movl 0 -31.1703 263.3987 175.0340 175.9194 18.3230 -54.1222 100.0000 stroke7
movl 0 -30.5271 264.4170 175.4745 176.0947 17.2538 -57.3400 100.0000 stroke7
movl 0 -31.5714 265.3145 175.6268 176.8918 15.8906 -60.3866 100.0000 stroke7
movl 0 -30.8805 265.2765 175.8166 176.8271 15.8249 -61.5518 100.0000 stroke7
movl 0 -25.6108 262.1175 176.8744 175.7299 18.8431 -60.9098 100.0000 stroke7
movl 0 -25.4651 262.3872 176.8846 175.5196 18.3421 -60.9485 100.0000 stroke7
movl 0 -25.7286 263.7405 176.9886 175.1113 16.4465 -61.2656 100.0000 stroke7
movl 0 -18.4552 259.2719 177.3009 172.8992 24.5354 -52.6229 100.0000 stroke7
movl 0 -5.7345 256.2658 205.2254 179.8424 40.5439 -38.5847 100.0000 stroke7
movl 0 17.1688 298.4181 183.7905 168.6797 33.3505 -22.3194 100.0000 stroke8
movl 0 11.8555 277.6436 172.9081 175.6357 31.0625 -21.7559 100.0000 stroke8
movl 0 0.6515 271.5955 174.6576 -179.6912 28.0849 -17.3583 100.0000 stroke8
movl 0 -8.2422 269.4310 175.1030 -178.2358 26.0199 -15.8473 100.0000 stroke8
movl 0 -9.1557 270.5617 174.6436 -178.2937 25.6478 -16.5987 100.0000 stroke8
movl 0 -13.6903 274.7847 173.7081 179.9979 23.3775 -16.9611 100.0000 stroke8
movl 0 -14.1196 278.7836 173.1956 177.1987 21.3488 -19.5399 100.0000 stroke8
movl 0 -12.8178 281.6360 172.8155 174.4713 20.8143 -23.2831 100.0000 stroke8
movl 0 -12.3593 283.1164 173.1576 172.2267 20.1327 -26.0125 100.0000 stroke8
movl 0 -12.2812 283.8648 173.2631 169.9202 18.7916 -28.4146 100.0000 stroke8
movl 0 -13.0460 284.3560 173.1606 167.6153 16.8912 -30.6887 100.0000 stroke8
movl 0 -13.8968 285.1546 173.0559 165.4380 15.2555 -32.2876 100.0000 stroke8
movl 0 -15.7813 285.6346 172.9864 163.8752 13.4552 -33.2261 100.0000 stroke8
movl 0 -17.7622 284.8640 172.7949 163.1065 12.9089 -32.2953 100.0000 stroke8
movl 0 -17.6111 282.9872 173.4082 163.6779 13.9311 -31.6225 100.0000 stroke8
movl 0 -14.6106 281.0447 173.9870 164.3827 15.1380 -31.9794 100.0000 stroke8
movl 0 -16.4433 281.0679 173.7893 164.1823 14.2886 -31.4881 100.0000 stroke8
movl 0 -14.7277 279.4761 174.3879 164.8498 15.2709 -31.8096 100.0000 stroke8
movl 0 -14.7622 279.5283 174.2934 164.5379 15.0692 -31.5866 100.0000 stroke8
movl 0 -11.8138 276.2446 175.6353 166.5172 17.6964 -31.6323 100.0000 stroke8
movl 0 -9.1257 270.2697 176.7801 169.4293 20.3651 -31.8175 100.0000 stroke8
movl 0 -11.6419 269.9735 176.5742 169.8184 19.5868 -31.3530 100.0000 stroke8
movl 0 -15.2326 271.3262 175.6900 169.1428 18.5260 -29.6927 100.0000 stroke8
movl 0 -17.4442 271.3822 175.2409 168.8729 18.3118 -28.3729 100.0000 stroke8
movl 0 -17.9259 270.4470 175.1095 168.8737 18.4069 -27.4205 100.0000 stroke8
movl 0 -17.4422 269.7788 175.1687 168.8419 19.0713 -26.8229 100.0000 stroke8
movl 0 -15.7062 269.4920 175.5314 168.8732 20.5468 -26.9465 100.0000 stroke8
movl 0 -11.5176 269.1583 176.2054 168.9740 22.4146 -27.0466 100.0000 stroke8
movl 0 -3.0977 268.7257 184.6596 171.6622 27.8352 -28.9291 100.0000 stroke8
movl 0 -1.8019 262.0140 229.9398 -174.0392 39.6689 -25.1826 100.0000 stroke8
movl 0 -8.1609 297.1634 208.5529 164.7739 27.9617 -36.6275 100.0000 stroke9
movl 0 -3.8788 284.5476 181.1454 163.4266 26.8507 -39.2925 100.0000 stroke9
movl 0 -8.1152 274.9394 174.9912 166.3071 25.6760 -38.9207 100.0000 stroke9
movl 0 -10.4399 273.8877 175.7000 167.1563 25.1166 -39.0844 100.0000 stroke9
movl 0 -15.8765 272.8523 175.8753 168.7361 23.7868 -39.0120 100.0000 stroke9
movl 0 -20.4048 275.2681 174.8223 167.8494 21.3095 -39.0578 100.0000 stroke9
movl 0 -27.5496 279.3512 173.2807 164.8690 16.5371 -38.4768 100.0000 stroke9
movl 0 -25.2795 277.8678 174.0518 165.1330 17.4963 -39.6007 100.0000 stroke9
movl 0 -24.4282 278.2056 174.1939 164.9565 17.3980 -40.5119 100.0000 stroke9
movl 0 -25.2246 278.7436 173.7612 164.1993 16.1981 -40.4792 100.0000 stroke9
movl 0 -23.3896 275.9603 174.8060 165.3396 18.0279 -42.1702 100.0000 stroke9
movl 0 -15.4136 271.2619 187.5335 169.7146 25.8084 -43.5490 100.0000 stroke9
movl 0 8.6012 314.4927 224.6702 159.5677 22.7976 -48.5241 100.0000 stroke10
movl 0 18.2083 300.7717 177.0483 154.5457 17.8974 -53.5759 100.0000 stroke10
movl 0 14.2102 291.7128 177.1189 157.4979 18.2010 -54.2915 100.0000 stroke10
movl 0 8.6690 292.3176 176.8355 159.3585 16.8235 -53.7383 100.0000 stroke10
movl 0 6.8105 293.9312 175.7167 159.1205 16.1262 -53.7245 100.0000 stroke10
movl 0 0.6851 297.8113 175.2614 160.6175 11.4257 -55.5353 100.0000 stroke10
movl 0 -4.9262 301.1988 174.6457 162.1650 6.7217 -58.2051 100.0000 stroke10
movl 0 -7.5015 305.7920 173.8503 162.9923 1.8710 -61.9008 100.0000 stroke10
movl 0 -6.9181 309.7386 172.6597 162.9707 -0.7955 -65.2738 100.0000 stroke10
movl 0 -3.6927 313.3463 171.6880 162.0458 -2.1543 -67.7935 100.0000 stroke10
movl 0 -5.2193 312.2572 171.9201 161.9584 -4.1026 -67.7021 100.0000 stroke10
movl 0 -0.0588 308.3682 173.8543 161.2452 -1.1618 -68.7832 100.0000 stroke10
movl 0 -0.3804 308.4075 173.6869 161.4148 -1.9749 -69.0365 100.0000 stroke10
movl 0 -0.9983 306.1485 174.3395 161.5759 -2.1361 -68.4657 100.0000 stroke10
movl 0 2.7856 304.5262 175.3482 161.1235 -0.5109 -69.6242 100.0000 stroke10
movl 0 0.9132 303.5755 175.2669 161.3634 -1.6569 -68.9257 100.0000 stroke10
movl 0 1.3830 303.3969 175.5404 161.1010 -0.9604 -69.0999 100.0000 stroke10
movl 0 3.8579 301.6901 176.6081 160.3595 1.0152 -68.9424 100.0000 stroke10
movl 0 8.8703 301.9293 188.4701 159.2051 6.3600 -68.5168 100.0000 stroke10
