movl 0 -40.5236 438.9068 241.2852 174.6035 29.2499 -36.2787 100.0000 stroke1
movl 0 -41.7097 430.3447 205.3175 172.8613 25.7158 -39.2234 100.0000 stroke1
movl 0 -38.1264 427.3100 199.3151 172.5573 26.2845 -40.7269 100.0000 stroke1
movl 0 -34.4595 430.2409 197.9625 171.5037 25.9861 -41.4177 100.0000 stroke1
movl 0 -35.3749 430.2654 196.8449 171.0673 25.2809 -42.8280 100.0000 stroke1
movl 0 -35.3314 424.5558 200.0164 170.8110 26.6955 -47.9638 100.0000 stroke1
movl 0 -35.2696 420.4845 200.3910 169.2969 26.3511 -54.6360 100.0000 stroke1
movl 0 -37.7508 424.9605 193.1646 168.9156 24.5592 -50.1883 100.0000 stroke1
movl 0 -41.3248 426.6785 188.5055 170.7351 22.4319 -50.1726 100.0000 stroke1
movl 0 -41.6664 430.3030 183.0879 169.6811 20.8140 -50.8887 100.0000 stroke1
movl 0 -43.6126 432.0643 180.1260 169.8841 20.3960 -50.6261 100.0000 stroke1
movl 0 -44.1032 432.8602 178.5997 169.4404 19.9483 -51.0870 100.0000 stroke1
movl 0 -43.8955 432.6836 178.6815 169.1798 19.6802 -51.6054 100.0000 stroke1
movl 0 -43.5893 433.0372 178.3419 168.8648 19.4569 -51.9933 100.0000 stroke1
movl 0 -43.5199 433.7112 177.8220 168.5080 19.1962 -52.3744 100.0000 stroke1
movl 0 -44.9631 434.7442 176.5921 168.3948 18.2137 -52.5085 100.0000 stroke1
movl 0 -46.4247 436.0747 175.4581 168.2125 16.8985 -53.0836 100.0000 stroke1
movl 0 -47.3521 437.0898 174.7318 168.0104 15.7559 -53.9699 100.0000 stroke1
movl 0 -46.8039 438.4392 173.9960 167.4967 14.7781 -55.2327 100.0000 stroke1
movl 0 -44.3110 440.8487 172.8788 166.2669 14.2191 -56.7116 100.0000 stroke1
movl 0 -43.7496 442.1691 172.1758 165.3623 13.8090 -56.9741 100.0000 stroke1
movl 0 -44.4786 441.7724 172.1814 165.0508 13.6486 -57.1212 100.0000 stroke1
movl 0 -45.7250 441.0395 172.2235 164.9450 13.5568 -57.0191 100.0000 stroke1
movl 0 -46.4500 440.2590 172.5164 164.7470 13.4331 -57.0884 100.0000 stroke1
movl 0 -47.4815 439.7573 172.5898 164.6040 13.1990 -57.2292 100.0000 stroke1
movl 0 -48.4993 439.0361 172.8094 164.4095 13.0942 -57.2600 100.0000 stroke1
movl 0 -49.7078 438.2143 173.0141 164.3082 13.0274 -57.1706 100.0000 stroke1
movl 0 -50.5646 437.3042 173.5856 164.1988 13.0882 -57.1123 100.0000 stroke1
movl 0 -51.2642 436.5399 174.2871 164.1314 13.2224 -57.0712 100.0000 stroke1
movl 0 -52.0240 435.9401 174.9196 164.0340 13.3415 -57.0509 100.0000 stroke1
movl 0 -52.5454 435.4553 175.4012 163.9605 13.3972 -57.1742 100.0000 stroke1
movl 0 -53.5290 435.0058 175.7921 164.0139 13.4535 -57.0683 100.0000 stroke1
movl 0 -54.0342 434.8911 175.9913 164.0071 13.4181 -57.3013 100.0000 stroke1
movl 0 -54.0391 435.0866 175.9309 163.9850 13.2951 -57.4366 100.0000 stroke1
movl 0 -53.7905 434.9010 176.3088 163.9506 13.3070 -57.7455 100.0000 stroke1
movl 0 -50.1782 429.8143 185.1823 164.3338 15.3517 -58.8932 100.0000 stroke1
movl 0 -44.0256 416.6978 230.2684 163.9568 20.9561 -62.0396 100.0000 stroke1
movl 0 -25.0197 426.8933 202.7958 149.3694 0.0938 -100.3259 100.0000 stroke2
movl 0 -21.8591 427.7481 182.5476 149.4474 -0.4441 -99.8613 100.0000 stroke2
movl 0 -22.5191 430.0113 178.2388 150.6968 -0.4110 -99.9359 100.0000 stroke2
movl 0 -24.0481 431.8724 175.1494 151.2725 -0.9142 -99.3147 100.0000 stroke2
movl 0 -25.8583 431.7361 173.9597 151.9643 -0.4531 -98.6609 100.0000 stroke2
movl 0 -25.3995 432.5003 173.6179 152.1082 -0.1430 -97.8600 100.0000 stroke2
movl 0 -26.1783 432.8977 173.3797 152.4517 -0.3074 -97.9582 100.0000 stroke2
movl 0 -26.9367 434.4320 172.5057 153.4394 -1.2972 -98.5777 100.0000 stroke2
movl 0 -27.5618 436.0667 171.6898 154.4995 -2.7495 -99.6485 100.0000 stroke2
movl 0 -27.4000 438.4116 170.3456 155.3163 -4.6983 -101.1808 100.0000 stroke2
movl 0 -26.5021 441.0503 168.8391 155.9509 -6.7128 -102.9287 100.0000 stroke2
movl 0 -24.8952 443.7737 167.2952 156.2306 -8.3538 -104.1788 100.0000 stroke2
movl 0 -24.9748 444.4670 166.9786 155.9873 -9.2014 -104.3250 100.0000 stroke2
movl 0 -26.3613 444.3223 167.0510 156.0586 -9.5594 -104.2009 100.0000 stroke2
movl 0 -26.6563 443.9890 167.0136 156.1098 -9.6414 -104.1939 100.0000 stroke2
movl 0 -27.9485 443.3461 167.3198 156.2027 -9.7207 -104.0882 100.0000 stroke2
movl 0 -29.1748 442.9035 167.4488 156.3027 -9.8580 -104.0003 100.0000 stroke2
movl 0 -30.1470 442.5716 167.5410 156.3966 -10.0756 -103.9278 100.0000 stroke2
movl 0 -30.9293 442.2927 167.7010 156.4351 -10.2938 -103.8730 100.0000 stroke2
movl 0 -31.9631 441.8471 167.9302 156.5058 -10.3908 -103.7151 100.0000 stroke2
movl 0 -33.2993 441.3578 168.1858 156.6489 -10.4650 -103.4247 100.0000 stroke2
movl 0 -34.3107 441.0677 168.3419 156.7604 -10.4770 -103.1192 100.0000 stroke2
movl 0 -35.5327 440.4677 168.5921 156.8077 -10.5187 -102.8111 100.0000 stroke2
movl 0 -36.9652 439.7514 168.8610 156.8035 -10.5241 -102.3976 100.0000 stroke2
movl 0 -38.4735 439.0363 169.1437 156.8558 -10.5191 -102.0573 100.0000 stroke2
movl 0 -39.6464 438.5155 169.2978 156.8409 -10.5765 -101.7128 100.0000 stroke2
movl 0 -40.6233 437.9240 169.6550 156.8156 -10.6156 -101.5241 100.0000 stroke2
movl 0 -42.2802 437.2689 169.8640 156.8615 -10.6522 -101.1524 100.0000 stroke2
movl 0 -44.4384 436.4891 170.1705 156.8800 -10.6400 -100.6128 100.0000 stroke2
movl 0 -46.5798 436.0282 170.1272 156.9427 -10.7536 -100.2117 100.0000 stroke2
movl 0 -48.4322 435.5416 170.2550 157.0076 -10.8037 -99.9003 100.0000 stroke2
movl 0 -49.8643 435.0248 170.6475 156.9552 -10.7810 -99.6817 100.0000 stroke2
movl 0 -51.3099 434.5862 170.9059 156.9309 -10.7463 -99.4460 100.0000 stroke2
movl 0 -52.8276 434.1860 171.2270 156.9162 -10.7082 -99.2388 100.0000 stroke2
movl 0 -54.4794 433.9805 171.3533 156.9392 -10.7255 -98.9823 100.0000 stroke2
movl 0 -55.7798 433.8245 171.4950 156.9406 -10.6901 -98.8087 100.0000 stroke2
movl 0 -56.9242 433.4896 171.8977 156.8919 -10.5902 -98.6392 100.0000 stroke2
movl 0 -57.6229 433.1478 172.4149 156.8277 -10.4569 -98.5484 100.0000 stroke2
movl 0 -58.2406 432.9998 172.7424 156.7787 -10.4099 -98.4716 100.0000 stroke2
movl 0 -58.6124 432.9123 172.9921 156.7052 -10.3472 -98.3944 100.0000 stroke2
movl 0 -59.1744 432.8732 173.3810 156.6516 -10.2871 -98.3220 100.0000 stroke2
movl 0 -59.1706 432.7243 173.6087 156.5392 -10.1720 -98.3076 100.0000 stroke2
movl 0 -59.3068 432.5442 173.9168 156.5058 -10.1112 -98.3385 100.0000 stroke2
movl 0 -58.9556 432.4376 174.2627 156.4687 -10.0573 -98.4239 100.0000 stroke2
movl 0 -55.2622 431.1570 177.8988 155.6048 -9.3625 -98.7621 100.0000 stroke2
movl 0 -47.8897 426.2299 199.8619 153.2168 -6.1047 -99.5008 100.0000 stroke2
movl 0 -16.5460 414.4802 227.6072 144.0530 13.8057 -95.7937 100.0000 stroke3
movl 0 -20.8348 410.8332 192.0510 146.6020 6.2182 -98.8796 100.0000 stroke3
movl 0 -24.4998 408.8208 181.7682 150.0133 1.8689 -102.1320 100.0000 stroke3
movl 0 -27.5752 408.4028 179.3070 151.4085 0.9642 -102.5496 100.0000 stroke3
movl 0 -32.9529 407.2284 178.2452 153.3608 0.8087 -102.3341 100.0000 stroke3
movl 0 -33.4494 408.9490 176.4675 154.0198 0.5050 -102.4362 100.0000 stroke3
movl 0 -34.5996 409.5864 175.4411 154.4573 0.2493 -102.2932 100.0000 stroke3
movl 0 -35.5703 410.3167 174.7118 154.9604 -0.2796 -102.2452 100.0000 stroke3
movl 0 -36.5661 411.8181 173.8497 155.7425 -1.3177 -102.5042 100.0000 stroke3
movl 0 -37.1630 412.8501 173.4181 156.2802 -2.2038 -102.8270 100.0000 stroke3
movl 0 -37.3411 413.3923 173.3123 156.7351 -3.0869 -103.1408 100.0000 stroke3
movl 0 -37.5613 414.0967 172.9779 157.1140 -3.8615 -103.6152 100.0000 stroke3
movl 0 -37.4495 415.0722 172.4569 157.4908 -4.5456 -104.1881 100.0000 stroke3
movl 0 -37.8688 415.6425 172.1293 157.8228 -5.1871 -104.5229 100.0000 stroke3
movl 0 -38.3503 416.0392 171.9502 158.1714 -5.7187 -104.8716 100.0000 stroke3
movl 0 -38.3568 416.6556 171.6110 158.4505 -6.2126 -105.3304 100.0000 stroke3
movl 0 -38.4891 417.0459 171.5075 158.7222 -6.6730 -105.8307 100.0000 stroke3
movl 0 -38.7631 417.2683 171.5364 158.9255 -7.0406 -106.2232 100.0000 stroke3
movl 0 -39.3599 417.1415 171.6927 159.1930 -7.3345 -106.6131 100.0000 stroke3
movl 0 -39.8703 417.2303 171.7496 159.4566 -7.8040 -106.9521 100.0000 stroke3
movl 0 -40.5380 417.2115 171.8575 159.7557 -8.2647 -107.2237 100.0000 stroke3
movl 0 -40.9116 417.2820 171.9650 160.0810 -8.7118 -107.6128 100.0000 stroke3
movl 0 -41.5551 417.6304 171.9254 160.6675 -9.5492 -108.3527 100.0000 stroke3
movl 0 -42.2761 417.7383 171.9097 161.1261 -10.1148 -108.9048 100.0000 stroke3
movl 0 -42.9724 418.0117 171.7098 161.6518 -10.7591 -109.4676 100.0000 stroke3
movl 0 -43.6048 418.3453 171.5962 162.1251 -11.2744 -109.8766 100.0000 stroke3
movl 0 -44.4182 418.5818 171.5170 162.6381 -11.9200 -110.1798 100.0000 stroke3
movl 0 -45.1223 418.8214 171.3665 163.0838 -12.3453 -110.3801 100.0000 stroke3
movl 0 -46.2485 418.6602 171.3803 163.5810 -12.6024 -110.5094 100.0000 stroke3
movl 0 -47.0801 418.7688 171.3235 164.1542 -13.0668 -110.7580 100.0000 stroke3
movl 0 -47.9881 418.8300 171.2894 164.6977 -13.7604 -110.8899 100.0000 stroke3
movl 0 -48.7252 418.8181 171.2457 165.1078 -14.1682 -111.1516 100.0000 stroke3
movl 0 -49.4479 418.6915 171.1879 165.3318 -14.4071 -111.0306 100.0000 stroke3
movl 0 -50.7797 418.2882 171.1965 165.6794 -14.6273 -110.5205 100.0000 stroke3
movl 0 -51.0179 417.9741 171.2885 165.5999 -14.5629 -110.3164 100.0000 stroke3
movl 0 -51.0469 417.9726 171.5269 165.4224 -14.5070 -110.1078 100.0000 stroke3
movl 0 -50.7314 418.0151 171.5150 165.4753 -14.4291 -110.2080 100.0000 stroke3
movl 0 -48.6228 418.1937 172.1024 165.2255 -14.1531 -110.6541 100.0000 stroke3
movl 0 -47.9527 418.2026 172.2511 165.2187 -14.0774 -110.8922 100.0000 stroke3
movl 0 -48.3608 418.2046 172.0556 165.4714 -14.4681 -110.5189 100.0000 stroke3
movl 0 -48.7083 417.6446 172.1915 165.4973 -14.4349 -110.1877 100.0000 stroke3
movl 0 -46.5112 417.3982 173.3626 164.9675 -13.8890 -110.8046 100.0000 stroke3
movl 0 -45.8994 417.4038 173.3639 164.8993 -14.0600 -110.7782 100.0000 stroke3
movl 0 -46.6928 416.2945 173.9706 164.9572 -14.2055 -109.9151 100.0000 stroke3
movl 0 -44.1593 416.6622 174.8612 164.3629 -13.8043 -110.6472 100.0000 stroke3
movl 0 -43.6918 416.7411 174.7381 164.4371 -13.9368 -110.7080 100.0000 stroke3
movl 0 -44.5511 416.2500 175.1239 164.7269 -14.0920 -110.6705 100.0000 stroke3
movl 0 -41.6823 417.1037 175.8431 164.1515 -14.0865 -111.2089 100.0000 stroke3
movl 0 -43.9367 415.9927 175.8396 164.5369 -14.1797 -110.5387 100.0000 stroke3
movl 0 -43.9315 415.9569 175.6413 164.5574 -14.3212 -110.4172 100.0000 stroke3
movl 0 -44.9643 415.5782 175.2545 164.7336 -14.2717 -110.1828 100.0000 stroke3
movl 0 -45.0507 415.3811 175.1016 164.5721 -14.0012 -110.2830 100.0000 stroke3
movl 0 -44.5727 415.5997 175.1726 164.3755 -13.7535 -110.4545 100.0000 stroke3
movl 0 -44.9060 415.4352 175.3994 164.3535 -13.4270 -110.4280 100.0000 stroke3
movl 0 -42.9221 413.3399 177.8912 163.2328 -12.2431 -110.1826 100.0000 stroke3
movl 0 -27.2237 391.2798 219.8704 152.8545 1.4707 -106.4311 100.0000 stroke3
movl 0 -17.8727 433.2238 206.1463 -179.1139 28.0256 -27.3695 100.0000 stroke4
movl 0 -27.9213 427.1302 189.8415 -177.1011 24.8531 -24.9156 100.0000 stroke4
movl 0 -29.7714 424.6523 185.8689 -175.4043 24.0219 -24.4912 100.0000 stroke4
movl 0 -30.9679 424.4501 183.3091 -177.1577 23.5929 -28.6276 100.0000 stroke4
movl 0 -34.8879 424.6624 181.1882 -176.5664 22.9430 -29.0317 100.0000 stroke4
movl 0 -35.6065 425.9552 180.2544 -177.4752 22.7509 -31.2780 100.0000 stroke4
movl 0 -35.5267 426.9973 179.8900 -178.9083 22.3864 -34.2059 100.0000 stroke4
movl 0 -36.6425 427.9330 178.8809 -179.6929 22.1126 -36.2012 100.0000 stroke4
movl 0 -38.4985 429.8209 177.5000 179.3775 21.0040 -37.4051 100.0000 stroke4
movl 0 -39.4839 431.2705 176.6544 178.2025 19.8055 -40.1080 100.0000 stroke4
movl 0 -40.1687 431.9748 176.3171 177.3553 19.0148 -42.2562 100.0000 stroke4
movl 0 -39.2397 433.1257 176.0821 176.2515 18.3818 -44.5285 100.0000 stroke4
movl 0 -39.4165 433.7770 176.0814 175.4055 17.8754 -46.2458 100.0000 stroke4
movl 0 -39.7897 434.1764 176.1771 174.4831 17.0091 -48.3242 100.0000 stroke4
movl 0 -40.1252 434.4892 176.3471 173.4310 16.1572 -50.8488 100.0000 stroke4
movl 0 -40.5627 434.7750 176.5791 172.4176 15.1797 -53.5110 100.0000 stroke4
movl 0 -40.8830 435.0785 176.8498 171.5024 14.1782 -56.0738 100.0000 stroke4
movl 0 -41.0593 435.3851 177.2263 170.6150 13.1978 -58.5400 100.0000 stroke4
movl 0 -41.4855 435.6669 177.3783 170.1163 12.1314 -60.4393 100.0000 stroke4
movl 0 -41.7454 435.8078 177.6300 169.5165 11.2213 -62.0740 100.0000 stroke4
movl 0 -42.0859 435.8893 177.6942 169.0479 10.3610 -63.1827 100.0000 stroke4
movl 0 -42.3019 435.7416 177.8248 168.5486 9.4538 -64.2753 100.0000 stroke4
movl 0 -42.4349 435.3228 178.0386 168.3473 9.3446 -64.6687 100.0000 stroke4
movl 0 -40.9166 434.8843 178.4374 168.6230 10.2920 -64.4119 100.0000 stroke4
movl 0 -41.6678 435.0665 178.0726 168.4014 9.4043 -64.4947 100.0000 stroke4
movl 0 -41.0920 435.5128 178.2098 168.2614 9.4246 -64.8103 100.0000 stroke4
movl 0 -41.1983 435.0541 178.1954 168.1640 9.1633 -64.9595 100.0000 stroke4
movl 0 -40.6111 435.1009 178.2431 168.0597 9.2084 -65.1377 100.0000 stroke4
movl 0 -41.1383 434.7438 178.1989 168.1574 9.1336 -65.2105 100.0000 stroke4
movl 0 -41.2554 434.4292 178.4259 168.2571 9.4385 -65.0639 100.0000 stroke4
movl 0 -41.8812 434.0045 178.8825 168.5333 9.8588 -64.7232 100.0000 stroke4
movl 0 -42.2927 433.8296 179.3058 168.6868 10.0809 -64.5757 100.0000 stroke4
movl 0 -42.4217 432.4142 180.1917 169.0433 10.9044 -64.0361 100.0000 stroke4
movl 0 -38.2691 418.4592 195.3133 172.8058 18.4800 -59.5963 100.0000 stroke4
movl 0 -29.7984 404.7092 221.3672 -169.2151 26.1823 -25.1710 100.0000 stroke5
movl 0 -31.8019 411.5353 191.1570 -173.0365 24.3896 -25.7542 100.0000 stroke5
movl 0 -38.9712 411.2146 185.7982 -171.0494 22.2755 -23.5517 100.0000 stroke5
movl 0 -39.4067 415.5813 181.2786 -171.1843 21.1012 -23.3004 100.0000 stroke5
movl 0 -40.2423 417.7486 179.1868 -171.2461 20.5084 -22.6752 100.0000 stroke5
movl 0 -41.6892 418.6195 178.1766 -171.3759 19.9365 -22.5185 100.0000 stroke5
movl 0 -41.6736 419.4569 177.9680 -171.7898 19.7201 -23.0941 100.0000 stroke5
movl 0 -43.8099 419.9374 177.4015 -171.6282 18.6615 -23.9526 100.0000 stroke5
movl 0 -45.7046 420.0497 177.3838 -171.7219 17.6029 -24.6768 100.0000 stroke5
movl 0 -46.2298 420.3011 177.4190 -171.6496 17.3941 -24.9163 100.0000 stroke5
movl 0 -45.2304 420.9515 177.4592 -171.7645 17.3692 -25.3644 100.0000 stroke5
movl 0 -43.4675 422.3225 177.3349 -171.9236 17.1906 -26.1947 100.0000 stroke5
movl 0 -41.1561 423.9498 177.1296 -172.1740 16.9336 -27.4337 100.0000 stroke5
movl 0 -39.7370 425.1175 176.8256 -172.3238 16.7048 -28.5769 100.0000 stroke5
movl 0 -38.4139 425.3896 177.1940 -172.6782 17.0558 -29.1145 100.0000 stroke5
movl 0 -35.8354 426.0130 178.0783 -173.4869 17.8091 -29.9993 100.0000 stroke5
movl 0 -33.3340 429.9248 176.9176 -176.5632 17.2836 -33.0429 100.0000 stroke5
movl 0 -27.9781 434.5631 175.6658 -179.7045 17.2591 -35.7996 100.0000 stroke5
movl 0 -20.9070 440.6892 173.8057 176.1930 17.7381 -38.1391 100.0000 stroke5
movl 0 -20.9423 441.8445 173.1803 175.0390 17.5793 -38.3572 100.0000 stroke5
movl 0 -20.7662 442.4249 172.9129 174.3165 17.4635 -38.9246 100.0000 stroke5
movl 0 -21.0520 442.7964 172.8304 173.5458 16.9723 -39.8106 100.0000 stroke5
movl 0 -21.2901 442.9764 173.0325 172.7750 16.4608 -40.8376 100.0000 stroke5
movl 0 -21.4888 443.0792 173.1785 172.2147 15.9763 -41.9489 100.0000 stroke5
movl 0 -21.9000 443.2679 173.4039 171.4251 15.2766 -43.2035 100.0000 stroke5
movl 0 -22.1738 443.4468 173.5970 170.6786 14.6105 -44.6666 100.0000 stroke5
movl 0 -22.5582 443.6588 173.7439 170.0140 13.8997 -46.0434 100.0000 stroke5
movl 0 -23.0978 443.8572 173.7811 169.3430 12.9874 -47.3504 100.0000 stroke5
movl 0 -23.6854 444.0243 173.9862 168.5955 12.0785 -48.6988 100.0000 stroke5
movl 0 -24.1588 444.4163 174.1228 167.4302 10.7581 -50.7567 100.0000 stroke5
movl 0 -24.9971 443.9678 174.3298 166.9014 9.9209 -51.9217 100.0000 stroke5
movl 0 -23.7308 441.7016 175.7585 167.4501 11.2416 -54.0667 100.0000 stroke5
movl 0 -22.8103 440.7250 176.3012 167.7909 11.7163 -55.3154 100.0000 stroke5
movl 0 -23.9955 441.4356 176.0409 167.1070 10.4282 -56.0256 100.0000 stroke5
movl 0 -25.0636 441.5078 176.1298 166.4322 9.4873 -56.3079 100.0000 stroke5
movl 0 -23.9673 439.3567 177.5403 167.1587 11.0435 -57.8332 100.0000 stroke5
movl 0 -23.7529 438.2996 177.8760 167.6328 11.3407 -59.1255 100.0000 stroke5
movl 0 -25.8016 438.2526 178.0752 166.9905 9.5746 -60.8757 100.0000 stroke5
movl 0 -25.7372 437.4460 178.6139 166.9126 9.4371 -63.1029 100.0000 stroke5
movl 0 -27.3383 437.3728 178.4782 166.7924 8.3283 -65.3471 100.0000 stroke5
movl 0 -28.2435 436.1817 178.8210 167.1554 8.2945 -68.2521 100.0000 stroke5
movl 0 -27.2887 429.5998 186.5383 167.9143 12.5270 -69.2748 100.0000 stroke5
movl 0 -21.6409 422.8633 231.0058 168.4785 22.3941 -61.5596 100.0000 stroke6
movl 0 -26.2942 420.1976 191.5098 167.3033 19.5036 -61.7621 100.0000 stroke6
movl 0 -34.0633 414.3769 191.0889 171.1833 20.6162 -59.3993 100.0000 stroke6
movl 0 -35.2563 417.4880 185.9316 171.7835 19.6660 -58.0218 100.0000 stroke6
movl 0 -35.4361 419.3024 183.7306 173.6379 19.8216 -53.3829 100.0000 stroke6
movl 0 -35.4211 421.8736 181.7714 173.6029 18.7160 -52.9950 100.0000 stroke6
movl 0 -35.7475 422.5439 181.4693 173.3720 18.5177 -54.0210 100.0000 stroke6
movl 0 -36.8944 423.8846 180.6399 173.1046 17.7480 -55.5200 100.0000 stroke6
movl 0 -37.6773 425.3335 179.9001 173.0556 16.7525 -57.2188 100.0000 stroke6
movl 0 -38.1235 425.6828 179.7501 173.0577 16.1953 -58.2783 100.0000 stroke6
movl 0 -38.6533 425.8716 179.6426 173.2097 16.0564 -58.9597 100.0000 stroke6
movl 0 -37.4893 426.8224 179.4237 173.2076 15.5706 -60.3564 100.0000 stroke6
movl 0 -34.8183 428.1798 179.2656 172.9647 15.1947 -61.9957 100.0000 stroke6
movl 0 -35.2791 427.2846 179.9958 172.7859 15.4312 -62.4778 100.0000 stroke6
movl 0 -35.7866 427.8973 179.2776 172.6734 14.7735 -63.2384 100.0000 stroke6
movl 0 -36.7110 426.7364 179.8841 172.2976 14.9364 -63.7915 100.0000 stroke6
movl 0 -33.4812 417.8400 194.5722 173.4283 19.3132 -64.8280 100.0000 stroke6
movl 0 -17.5703 413.2872 218.2656 159.7267 16.2351 -84.3327 100.0000 stroke7
movl 0 -24.4515 413.3097 187.4800 160.3230 12.4198 -85.0438 100.0000 stroke7
movl 0 -29.3574 412.4794 184.7673 161.6001 12.4401 -84.8522 100.0000 stroke7
movl 0 -29.8675 415.3455 180.3976 161.6962 11.6747 -84.6060 100.0000 stroke7
movl 0 -30.3397 416.8682 179.0244 161.7398 11.3164 -84.5432 100.0000 stroke7
movl 0 -31.5183 418.5719 177.7912 162.0792 10.7653 -84.9271 100.0000 stroke7
movl 0 -32.6782 419.3389 177.2244 162.6642 10.4067 -85.0283 100.0000 stroke7
movl 0 -34.2197 419.5110 176.9620 163.5289 9.4777 -86.3629 100.0000 stroke7
movl 0 -35.1309 419.4888 177.1602 163.8575 9.1669 -87.6065 100.0000 stroke7
movl 0 -35.1907 420.0603 177.1201 164.2407 8.9538 -88.6354 100.0000 stroke7
movl 0 -30.8752 421.3298 177.3228 164.2475 8.6227 -90.6858 100.0000 stroke7
movl 0 -26.2904 423.3829 176.4327 164.3281 7.9289 -92.7981 100.0000 stroke7
movl 0 -27.4752 422.4468 176.6840 164.6453 8.1554 -92.8948 100.0000 stroke7
movl 0 -27.6096 422.5440 176.4166 164.6507 8.0078 -92.9918 100.0000 stroke7
movl 0 -27.1251 420.0797 178.5223 163.9536 8.9580 -92.8607 100.0000 stroke7
movl 0 -25.2168 407.6154 218.0028 163.9856 17.5353 -86.8541 100.0000 stroke7
movl 0 -9.5132 391.9627 243.0603 158.2855 25.0198 -85.5741 100.0000 stroke8
movl 0 -24.9431 389.4638 203.8137 160.6722 20.1296 -86.7290 100.0000 stroke8
movl 0 -34.4726 392.0636 186.2497 162.0451 14.2797 -89.2076 100.0000 stroke8
movl 0 -35.9605 392.3085 185.0055 162.1236 13.4134 -90.8833 100.0000 stroke8
movl 0 -36.9281 394.9541 181.0189 162.7713 12.4265 -91.7730 100.0000 stroke8
movl 0 -37.0802 396.5720 179.2017 162.8540 11.9982 -92.4225 100.0000 stroke8
movl 0 -38.1495 397.7688 178.2246 162.8664 11.7567 -92.5041 100.0000 stroke8
movl 0 -39.3470 398.2622 177.6050 163.0818 11.3889 -92.6393 100.0000 stroke8
movl 0 -40.6440 399.0436 176.9465 163.9845 10.8289 -93.4320 100.0000 stroke8
movl 0 -40.9505 399.1412 177.0058 164.4209 10.5653 -94.1691 100.0000 stroke8
movl 0 -41.4777 399.1948 176.9667 164.6457 10.4575 -94.7545 100.0000 stroke8
movl 0 -41.2346 399.5814 176.8378 164.8814 10.3875 -95.4619 100.0000 stroke8
movl 0 -39.5560 400.3551 176.8694 165.0767 10.2093 -96.3826 100.0000 stroke8
movl 0 -39.3136 400.5697 176.7819 165.4378 10.1764 -96.9117 100.0000 stroke8
movl 0 -38.8542 400.8622 176.6455 165.8149 10.1586 -97.5104 100.0000 stroke8
movl 0 -37.5365 401.4303 176.6556 166.0322 10.0052 -98.3136 100.0000 stroke8
movl 0 -36.7959 401.9868 176.4847 166.3546 9.8903 -98.9097 100.0000 stroke8
movl 0 -35.8769 402.4116 176.6191 166.6331 9.8464 -99.6049 100.0000 stroke8
movl 0 -34.0718 403.0641 176.6742 166.8697 9.7136 -100.4522 100.0000 stroke8
movl 0 -32.5454 403.2077 176.6423 167.3465 9.8248 -101.3743 100.0000 stroke8
movl 0 -31.6340 403.6652 176.4364 167.4489 9.6669 -101.8911 100.0000 stroke8
movl 0 -31.6230 401.5616 178.0068 166.7419 10.4283 -101.5017 100.0000 stroke8
movl 0 -30.8878 401.1746 178.5279 166.5533 10.6989 -101.6565 100.0000 stroke8
movl 0 -30.1757 401.4333 178.7134 166.4413 10.6180 -101.8401 100.0000 stroke8
movl 0 -29.7883 401.4668 178.6667 166.4484 10.5284 -102.0822 100.0000 stroke8
movl 0 -29.7268 401.5290 178.6277 166.3784 10.3106 -102.3734 100.0000 stroke8
movl 0 -29.7110 402.0913 178.3278 166.4386 9.4695 -102.6793 100.0000 stroke8
movl 0 -29.5123 402.2975 177.7856 166.4464 8.9576 -103.0061 100.0000 stroke8
movl 0 -28.2137 402.0729 177.8205 166.2912 8.7705 -103.2606 100.0000 stroke8
movl 0 -26.5802 401.5097 177.9806 166.0364 8.7322 -103.3584 100.0000 stroke8
movl 0 -26.7455 400.5288 178.4789 165.7192 8.9137 -103.1365 100.0000 stroke8
movl 0 -26.9276 400.3770 178.6207 165.3770 9.0487 -102.6729 100.0000 stroke8
movl 0 -28.6140 400.1472 178.8554 164.9972 9.2481 -101.9740 100.0000 stroke8
movl 0 -29.4866 399.9304 178.9326 165.0423 9.4129 -101.6802 100.0000 stroke8
movl 0 -29.9906 400.0639 178.7406 164.9874 9.3404 -101.5075 100.0000 stroke8
movl 0 -29.7249 399.2580 179.5262 164.7319 9.6043 -101.3752 100.0000 stroke8
movl 0 -24.4071 395.5612 187.2305 162.9986 12.3410 -98.1687 100.0000 stroke8
movl 0 -11.9314 389.0274 239.3031 159.0150 18.2932 -93.6292 100.0000 stroke8
movl 0 -10.3942 379.6874 234.4664 171.5972 29.6325 -58.9000 100.0000 stroke9
movl 0 -21.6595 379.9596 191.6758 172.5663 26.2355 -54.5643 100.0000 stroke9
movl 0 -27.8559 377.8909 185.7504 174.1086 25.4354 -53.3560 100.0000 stroke9
movl 0 -35.6843 379.0299 180.4902 174.5239 23.3661 -53.2962 100.0000 stroke9
movl 0 -40.9382 378.1403 179.7039 175.9294 22.6542 -53.1086 100.0000 stroke9
movl 0 -42.8594 379.8287 179.1632 175.5235 22.0883 -54.0337 100.0000 stroke9
movl 0 -43.9454 381.0012 178.3093 175.0683 21.4343 -54.8510 100.0000 stroke9
movl 0 -45.1813 382.3533 177.6729 175.0073 20.4524 -55.9052 100.0000 stroke9
movl 0 -46.2128 383.5609 177.2107 174.9716 19.3709 -56.9388 100.0000 stroke9
movl 0 -46.3511 384.0327 177.2977 174.6493 18.5016 -58.0779 100.0000 stroke9
movl 0 -46.6288 384.2491 177.3251 174.6933 18.2356 -58.6002 100.0000 stroke9
movl 0 -46.3286 384.7887 177.2233 174.7799 17.9436 -59.4970 100.0000 stroke9
movl 0 -44.3861 385.7359 177.2659 174.6821 17.5351 -60.7556 100.0000 stroke9
movl 0 -42.9366 386.3034 177.2259 174.7473 17.1266 -61.9084 100.0000 stroke9
movl 0 -41.3749 387.0184 177.2264 174.8218 16.7109 -63.0405 100.0000 stroke9
movl 0 -39.8246 387.8314 177.1628 174.9588 16.3725 -64.1406 100.0000 stroke9
movl 0 -38.4012 388.4957 177.1272 175.0078 16.1480 -65.3862 100.0000 stroke9
movl 0 -37.0908 389.0730 177.0801 175.1665 15.7967 -66.0948 100.0000 stroke9
movl 0 -35.7308 389.5995 177.1053 175.3230 15.4423 -66.9277 100.0000 stroke9
movl 0 -34.8526 389.7418 177.0864 175.7312 15.2264 -67.5587 100.0000 stroke9
movl 0 -34.6417 389.9543 177.1640 176.1325 14.9326 -68.3922 100.0000 stroke9
movl 0 -34.9356 390.3476 177.0952 176.8784 14.5913 -69.6022 100.0000 stroke9
movl 0 -35.1997 390.7612 177.1441 177.6451 14.2499 -70.8183 100.0000 stroke9
movl 0 -36.1112 390.9007 177.1117 178.3020 14.0151 -72.6994 100.0000 stroke9
movl 0 -36.8328 390.9987 176.9691 178.8318 13.6566 -74.2086 100.0000 stroke9
movl 0 -36.4570 390.9705 177.1076 178.9462 13.6056 -75.1943 100.0000 stroke9
movl 0 -35.0456 389.5547 178.0844 178.1611 14.4889 -75.2812 100.0000 stroke9
movl 0 -33.4168 388.6166 178.8338 177.4831 15.1633 -75.5594 100.0000 stroke9
movl 0 -33.3688 388.2328 179.2859 177.4220 15.4616 -75.7673 100.0000 stroke9
movl 0 -33.0481 387.9385 179.6305 177.3368 15.6251 -75.9412 100.0000 stroke9
movl 0 -32.6448 387.8999 179.8106 177.2889 15.7302 -76.0540 100.0000 stroke9
movl 0 -32.4572 388.1319 179.9291 177.2374 15.6229 -76.1673 100.0000 stroke9
movl 0 -32.5772 388.3012 179.8229 177.1386 15.2070 -76.4049 100.0000 stroke9
movl 0 -32.3099 388.5337 179.8212 176.9911 14.6621 -76.7903 100.0000 stroke9
movl 0 -31.9057 388.6000 179.7680 176.8595 14.2513 -77.1534 100.0000 stroke9
movl 0 -31.5565 388.2883 179.7352 176.7147 13.9301 -77.6751 100.0000 stroke9
movl 0 -30.4785 387.6702 179.8692 176.5178 13.9003 -77.9254 100.0000 stroke9
movl 0 -30.9550 387.4004 180.1419 176.0433 14.0618 -77.5167 100.0000 stroke9
movl 0 -31.7678 387.4283 180.2579 175.8428 14.1966 -77.1753 100.0000 stroke9
movl 0 -32.2774 387.4705 180.5562 175.5581 14.4831 -77.0843 100.0000 stroke9
movl 0 -33.0487 387.4564 180.8438 175.4991 14.7784 -76.8390 100.0000 stroke9
movl 0 -33.6260 387.5276 180.9418 175.6001 14.9311 -76.5979 100.0000 stroke9
movl 0 -34.2284 387.4737 181.2958 175.5194 15.2313 -76.4210 100.0000 stroke9
movl 0 -35.5385 387.3472 181.7136 175.4558 15.3923 -76.0935 100.0000 stroke9
movl 0 -35.7990 387.5313 182.0159 175.2843 15.4257 -75.9173 100.0000 stroke9
movl 0 -35.0337 387.7733 181.9258 175.2769 15.3510 -75.9958 100.0000 stroke9
movl 0 -33.7648 386.1840 183.8941 175.2093 16.0338 -75.7938 100.0000 stroke9
movl 0 -29.1586 367.8683 228.7205 174.3588 23.5013 -73.2066 100.0000 stroke9
movl 0 0.0537 383.4983 242.5362 -160.8704 31.9413 -6.5565 100.0000 stroke10
movl 0 -6.9785 389.4026 189.9262 -163.4838 27.5307 -0.4527 100.0000 stroke10
movl 0 -12.0957 384.9464 179.4694 -160.1819 24.7245 3.2094 100.0000 stroke10
movl 0 -17.9507 381.7262 179.4668 -161.5418 21.0398 -0.0316 100.0000 stroke10
movl 0 -18.2776 383.3651 178.4629 -163.1602 20.5802 -2.4444 100.0000 stroke10
movl 0 -19.1276 386.0271 176.9512 -164.3300 20.1175 -3.2608 100.0000 stroke10
movl 0 -19.9612 387.7490 175.8827 -165.2099 20.2674 -4.6758 100.0000 stroke10
movl 0 -21.4458 389.3427 175.4018 -166.0054 20.4503 -5.5234 100.0000 stroke10
movl 0 -22.1801 390.2245 175.1188 -167.1400 20.7008 -7.2007 100.0000 stroke10
movl 0 -23.4371 390.7832 174.8717 -168.8523 19.9089 -11.4640 100.0000 stroke10
movl 0 -23.6903 391.5247 174.7714 -170.4338 19.5542 -15.1761 100.0000 stroke10
movl 0 -23.3568 392.2631 174.6547 -172.2317 19.6799 -19.5076 100.0000 stroke10
movl 0 -24.7489 392.3839 174.5479 -173.9445 19.6391 -23.0490 100.0000 stroke10
movl 0 -26.1858 392.1829 174.7882 -175.5394 19.6250 -26.9964 100.0000 stroke10
movl 0 -26.8402 392.2799 174.9344 -177.1685 19.5181 -30.9522 100.0000 stroke10
movl 0 -27.1549 392.3814 174.9838 -178.3982 19.3739 -34.2324 100.0000 stroke10
movl 0 -27.3166 392.4611 175.2086 -179.4698 19.1433 -36.6632 100.0000 stroke10
movl 0 -27.4700 392.4170 175.6085 179.4789 18.8773 -38.9218 100.0000 stroke10
movl 0 -27.5026 392.3089 176.0278 178.4684 18.4797 -40.9086 100.0000 stroke10
movl 0 -27.3189 392.2123 176.4465 177.4336 18.0796 -42.8872 100.0000 stroke10
movl 0 -27.2292 392.1811 176.9901 176.1730 17.4522 -45.1166 100.0000 stroke10
movl 0 -27.2127 392.0826 177.3290 175.4643 16.9909 -46.6786 100.0000 stroke10
movl 0 -27.2278 392.4137 177.4932 174.4296 16.3089 -48.7353 100.0000 stroke10
movl 0 -27.2099 392.7043 177.6180 173.4945 15.6002 -50.7111 100.0000 stroke10
movl 0 -27.3286 393.0853 177.7499 172.3699 14.7254 -53.1092 100.0000 stroke10
movl 0 -27.4498 393.2966 177.9496 171.3771 13.8219 -55.3838 100.0000 stroke10
movl 0 -27.5554 393.6292 178.0435 170.5766 12.9839 -57.7908 100.0000 stroke10
movl 0 -28.0830 393.9897 178.1459 170.0976 11.9806 -59.3751 100.0000 stroke10
movl 0 -28.3223 394.4033 178.2097 169.4795 10.9287 -60.8042 100.0000 stroke10
movl 0 -28.5695 395.0299 178.0429 168.9206 9.9273 -62.1079 100.0000 stroke10
movl 0 -28.8654 395.4688 178.0779 168.5200 8.8795 -63.4224 100.0000 stroke10
movl 0 -29.1142 395.9985 177.9612 167.9085 7.5254 -65.4369 100.0000 stroke10
movl 0 -29.5348 396.5362 177.8560 167.3750 5.9111 -68.1317 100.0000 stroke10
movl 0 -30.1125 397.0528 177.6144 167.1625 4.6926 -69.8435 100.0000 stroke10
movl 0 -30.6833 397.6339 177.3427 166.9670 3.4724 -71.3741 100.0000 stroke10
movl 0 -31.2573 398.1684 177.0162 166.8533 2.3757 -72.1969 100.0000 stroke10
movl 0 -31.8896 398.3322 176.7817 166.8113 1.4823 -72.9605 100.0000 stroke10
movl 0 -32.3689 398.3877 176.5766 166.7849 0.8677 -73.1877 100.0000 stroke10
movl 0 -32.9315 398.3038 176.4949 166.6577 0.3935 -73.0855 100.0000 stroke10
movl 0 -33.9042 397.7551 176.4165 166.6102 0.1073 -72.5954 100.0000 stroke10
movl 0 -34.9063 396.7988 176.7826 166.5414 0.3386 -72.0250 100.0000 stroke10
movl 0 -31.8256 396.0067 177.8700 166.1505 1.7556 -72.3769 100.0000 stroke10
movl 0 -26.7663 395.8998 178.4342 165.7918 2.7074 -73.2781 100.0000 stroke10
movl 0 -26.9219 395.9315 178.1510 165.6824 2.1239 -73.2451 100.0000 stroke10
movl 0 -27.5080 394.7134 178.4993 165.6568 1.9738 -73.0802 100.0000 stroke10
movl 0 -24.9041 393.6988 179.7498 165.7314 3.5673 -74.0088 100.0000 stroke10
movl 0 -23.9148 394.1994 179.2868 165.4649 2.8432 -74.3267 100.0000 stroke10
movl 0 -25.2257 392.6327 179.9475 165.5272 2.7515 -74.1123 100.0000 stroke10
movl 0 -22.6784 392.5432 180.5586 165.2599 3.4839 -75.1142 100.0000 stroke10
movl 0 -25.0143 392.1265 180.3499 165.4453 2.3660 -74.7629 100.0000 stroke10
movl 0 -25.4780 392.2849 180.1960 165.5018 2.3265 -75.0769 100.0000 stroke10
movl 0 -24.4990 390.7419 180.8470 165.6766 3.9547 -75.5559 100.0000 stroke10
movl 0 -23.0582 387.3699 181.9392 165.8634 7.1710 -75.4986 100.0000 stroke10
movl 0 -22.8545 385.6756 182.4498 166.2000 8.8477 -75.1982 100.0000 stroke10
movl 0 -23.0627 385.7817 181.7329 166.1180 8.8901 -75.1303 100.0000 stroke10
movl 0 -24.5024 386.1298 181.2201 166.0226 7.8855 -74.8113 100.0000 stroke10
movl 0 -26.2039 387.3749 180.3194 165.8627 6.1224 -74.8922 100.0000 stroke10
movl 0 -26.9123 387.7418 179.4229 165.5834 5.4853 -74.4153 100.0000 stroke10
movl 0 -27.7335 386.6838 178.4247 165.5216 6.1714 -72.4408 100.0000 stroke10
movl 0 -28.6881 385.7090 178.1978 165.6749 7.0685 -70.6396 100.0000 stroke10
movl 0 -28.9896 385.3527 178.3524 165.7050 7.4448 -70.1302 100.0000 stroke10
movl 0 -29.8065 385.0269 178.6170 165.7591 7.7738 -69.7107 100.0000 stroke10
movl 0 -30.4406 384.7242 178.9335 165.7829 7.9920 -69.4820 100.0000 stroke10
movl 0 -30.8971 384.4765 179.4782 165.8001 8.2443 -69.5369 100.0000 stroke10
movl 0 -30.9041 384.2174 180.2398 165.7305 8.4736 -69.8166 100.0000 stroke10
movl 0 -30.2830 384.2521 180.8589 165.5829 8.5987 -70.2146 100.0000 stroke10
movl 0 -29.5313 384.7776 181.0080 165.5356 8.3692 -70.9086 100.0000 stroke10
movl 0 -29.9465 384.8482 181.0654 165.5926 8.2872 -71.1789 100.0000 stroke10
movl 0 -30.1420 384.8765 181.1779 165.5989 8.2215 -71.4412 100.0000 stroke10
movl 0 -30.1924 384.5360 181.5697 165.7278 8.3246 -71.6222 100.0000 stroke10
movl 0 -28.4574 380.3827 186.2199 165.7193 10.0241 -71.9651 100.0000 stroke10
movl 0 -28.5608 373.9801 210.7265 166.3315 13.2430 -72.5788 100.0000 stroke10
movl 0 -21.2606 420.0447 206.1039 155.8161 5.4533 -77.1808 100.0000 stroke11
movl 0 -22.0244 417.3013 189.5878 156.5913 6.1009 -77.1358 100.0000 stroke11
movl 0 -25.8045 415.5277 184.7895 157.3958 5.1297 -79.8300 100.0000 stroke11
movl 0 -28.0005 414.3645 183.7067 158.0368 3.7189 -83.9268 100.0000 stroke11
movl 0 -29.9828 414.7250 182.8369 159.1451 2.7085 -86.3812 100.0000 stroke11
movl 0 -31.0293 415.3366 182.0522 159.5862 2.1413 -87.9270 100.0000 stroke11
movl 0 -32.4130 416.2356 181.4422 159.6528 1.6014 -88.6940 100.0000 stroke11
movl 0 -33.5523 416.7120 180.9703 159.8053 1.1052 -89.2482 100.0000 stroke11
movl 0 -34.6639 417.0162 180.5897 160.5207 0.6238 -90.7651 100.0000 stroke11
movl 0 -36.1768 416.9592 180.4791 161.4152 0.1884 -92.3825 100.0000 stroke11
movl 0 -37.6171 416.9553 180.4192 162.3619 -0.4167 -94.0863 100.0000 stroke11
movl 0 -39.6202 416.9238 180.5721 163.4971 -1.2893 -96.2806 100.0000 stroke11
movl 0 -41.6324 416.8097 180.4880 164.5427 -2.0413 -98.4482 100.0000 stroke11
movl 0 -43.7302 417.0342 180.3001 165.6095 -2.7135 -100.5682 100.0000 stroke11
movl 0 -45.6566 417.3646 180.2333 166.7568 -3.4329 -103.0969 100.0000 stroke11
movl 0 -48.0523 417.4858 180.0974 168.0544 -3.9164 -105.4646 100.0000 stroke11
movl 0 -49.6763 417.5929 179.9968 169.2547 -4.2297 -108.0427 100.0000 stroke11
movl 0 -51.4057 417.8994 179.7819 170.6385 -4.5402 -110.9157 100.0000 stroke11
movl 0 -53.5305 418.1459 179.5785 172.1233 -4.7308 -113.9361 100.0000 stroke11
movl 0 -55.2380 418.3073 179.4882 173.3464 -4.9710 -116.6269 100.0000 stroke11
movl 0 -56.5128 418.3671 179.2834 174.2655 -5.0937 -118.6335 100.0000 stroke11
movl 0 -57.2744 416.2865 180.9147 173.8213 -4.5462 -119.8738 100.0000 stroke11
movl 0 -58.1267 415.6355 182.0188 173.6407 -4.1913 -121.0788 100.0000 stroke11
movl 0 -59.2372 416.0639 181.0427 174.5646 -4.1121 -122.1480 100.0000 stroke11
movl 0 -58.6743 416.5619 180.1368 175.2732 -4.4193 -122.6823 100.0000 stroke11
movl 0 -58.6930 415.7524 180.9217 174.8418 -4.0071 -122.3377 100.0000 stroke11
movl 0 -56.8827 415.5351 182.2109 173.8846 -3.7797 -121.9928 100.0000 stroke11
movl 0 -55.8157 415.5491 182.2054 173.7377 -3.8756 -121.5988 100.0000 stroke11
movl 0 -55.0719 415.6214 182.0393 173.8771 -3.9498 -121.8296 100.0000 stroke11
movl 0 -56.4029 414.4837 181.9534 174.3861 -4.2867 -121.6776 100.0000 stroke11
movl 0 -55.0440 413.8444 183.2890 173.5542 -3.9462 -121.4426 100.0000 stroke11
movl 0 -54.6029 414.4448 182.9263 173.7853 -3.9829 -121.8030 100.0000 stroke11
movl 0 -54.9500 414.2246 182.2566 174.2731 -4.3744 -121.6574 100.0000 stroke11
movl 0 -55.7031 412.9353 182.1440 174.4479 -4.4039 -120.9903 100.0000 stroke11
movl 0 -54.1748 411.9504 183.7694 173.3782 -3.8781 -120.4405 100.0000 stroke11
movl 0 -53.3498 411.8478 184.0777 173.1686 -3.7331 -120.6390 100.0000 stroke11
movl 0 -54.1585 411.3248 183.6292 173.6823 -4.2326 -119.6649 100.0000 stroke11
movl 0 -53.8704 409.5361 184.4796 173.0518 -3.3128 -118.9042 100.0000 stroke11
movl 0 -53.5397 409.7201 184.4138 172.9204 -3.5139 -118.1239 100.0000 stroke11
movl 0 -54.1350 409.7905 183.4551 173.2088 -3.8849 -117.4741 100.0000 stroke11
movl 0 -54.9025 408.6193 183.9864 172.6583 -3.2575 -116.3691 100.0000 stroke11
movl 0 -53.5525 409.0707 184.2215 171.0886 -3.0607 -113.2483 100.0000 stroke11
movl 0 -54.6932 409.3110 184.3178 171.0199 -2.8122 -112.3345 100.0000 stroke11
movl 0 -55.3909 409.2018 184.6400 170.8240 -2.5729 -111.8365 100.0000 stroke11
movl 0 -56.3339 408.9882 185.3163 170.7876 -2.3989 -111.7620 100.0000 stroke11
movl 0 -56.0002 408.9448 185.3209 171.0037 -2.3827 -112.1197 100.0000 stroke11
movl 0 -55.6544 408.9602 185.3623 171.0742 -2.3747 -112.0997 100.0000 stroke11
movl 0 -55.6440 408.7080 185.5662 171.1846 -2.2466 -112.2332 100.0000 stroke11
movl 0 -55.6509 408.5347 185.8523 171.1288 -2.1766 -112.2942 100.0000 stroke11
movl 0 -55.6063 408.4738 185.9727 171.0933 -2.0969 -112.1668 100.0000 stroke11
movl 0 -55.6445 408.4385 186.1703 171.0021 -2.0759 -112.0745 100.0000 stroke11
movl 0 -55.5136 408.5348 186.1466 171.0143 -2.0939 -112.1264 100.0000 stroke11
movl 0 -55.6301 408.6382 186.1279 171.0676 -2.1211 -112.0968 100.0000 stroke11
movl 0 -55.8814 408.4964 186.2528 171.1733 -2.1052 -112.0802 100.0000 stroke11
movl 0 -56.8059 407.9303 186.9291 171.3103 -1.8848 -112.0766 100.0000 stroke11
movl 0 -56.4258 404.4383 196.9576 170.7405 -0.5205 -112.7560 100.0000 stroke11
