movl 0 -5.8755 424.7946 163.4444 -163.4697 32.2603 14.4508 100.0000 stroke1
movl 0 -9.8899 425.9927 164.5996 -170.1921 32.6459 4.0289 100.0000 stroke1
movl 0 -11.1825 424.3754 165.0805 -174.5142 32.8594 -5.7622 100.0000 stroke1
movl 0 -12.3316 426.2416 164.2107 -176.2468 32.2930 -7.4485 100.0000 stroke1
movl 0 -17.1064 428.3533 164.4896 -178.9642 29.3635 -10.6732 100.0000 stroke1
movl 0 -19.6147 429.1995 164.8209 179.4137 27.5466 -13.8091 100.0000 stroke1
movl 0 -20.4323 430.3656 164.9999 177.7993 26.3629 -16.4889 100.0000 stroke1
movl 0 -18.8309 431.8734 164.9213 175.4916 25.7157 -21.0614 100.0000 stroke1
movl 0 -20.0215 431.5727 165.3191 174.2434 25.1367 -23.9212 100.0000 stroke1
movl 0 -20.1810 431.8261 165.4573 171.4520 24.3816 -28.9829 100.0000 stroke1
movl 0 -20.1335 432.0857 165.7170 169.4261 23.4859 -32.2135 100.0000 stroke1
movl 0 -20.6032 432.2975 166.3145 166.3323 21.8974 -36.4938 100.0000 stroke1
movl 0 -20.1695 429.4955 167.2271 165.7903 22.2633 -39.4489 100.0000 stroke1
movl 0 -17.5685 428.1807 167.2077 165.3383 23.0574 -42.3234 100.0000 stroke1
movl 0 -19.0572 429.2360 167.4259 164.2242 21.5097 -43.4961 100.0000 stroke1
movl 0 -20.3647 428.8825 167.6032 163.7890 20.7021 -44.3734 100.0000 stroke1
movl 0 -19.5230 426.3668 168.2945 164.4223 22.1538 -45.0858 100.0000 stroke1
movl 0 -9.3132 407.0399 187.4100 164.4878 34.0146 -55.5054 100.0000 stroke1
movl 0 -11.7155 404.6516 179.8783 146.8486 26.2186 -75.2216 100.0000 stroke2
movl 0 -17.3083 408.5823 167.6606 147.6888 17.2432 -80.5985 100.0000 stroke2
movl 0 -27.3089 406.8510 166.6084 150.7357 16.6875 -82.9358 100.0000 stroke2
movl 0 -31.3135 409.0546 165.3154 150.8434 16.3881 -82.9281 100.0000 stroke2
movl 0 -33.7874 407.3943 164.7773 151.8545 17.4999 -81.9098 100.0000 stroke2
movl 0 -35.5093 408.4748 164.1693 152.5620 16.5766 -81.7557 100.0000 stroke2
movl 0 -37.8364 410.8417 163.9642 153.3051 14.0675 -82.5637 100.0000 stroke2
movl 0 -37.4227 412.5005 163.8161 153.2620 12.4530 -83.7907 100.0000 stroke2
movl 0 -38.0347 413.3829 164.0143 153.1668 11.0026 -84.4042 100.0000 stroke2
movl 0 -38.8323 414.9325 164.1659 152.9490 8.6544 -85.0432 100.0000 stroke2
movl 0 -40.1667 416.0669 164.0641 152.8442 6.6058 -84.8066 100.0000 stroke2
movl 0 -41.9984 416.0519 164.1557 152.7408 5.4660 -83.6254 100.0000 stroke2
movl 0 -39.9093 414.2857 164.8100 152.3526 7.2169 -83.4665 100.0000 stroke2
movl 0 -37.8717 412.2044 165.2449 152.3151 10.0263 -81.6982 100.0000 stroke2
movl 0 -37.6083 412.1840 165.3418 152.1759 10.2908 -81.2365 100.0000 stroke2
movl 0 -37.8452 412.1041 165.4178 152.2693 10.2174 -81.1262 100.0000 stroke2
movl 0 -38.8033 413.2763 165.6313 152.7682 8.9773 -80.9221 100.0000 stroke2
movl 0 -40.4756 413.2936 165.7336 153.4156 9.1642 -80.2460 100.0000 stroke2
movl 0 -28.6871 399.4490 176.9707 155.1096 25.8975 -72.5248 100.0000 stroke2
movl 0 -18.5843 374.9882 245.3128 -179.2274 49.6502 -40.8935 100.0000 stroke2
movl 0 -12.6042 396.6475 247.9285 163.8567 34.2876 -54.3197 100.0000 stroke3
movl 0 -31.0798 401.4250 193.5198 162.1408 24.8907 -61.6687 100.0000 stroke3
movl 0 -46.0473 397.6398 178.8399 164.6751 22.7417 -65.8309 100.0000 stroke3
movl 0 -53.4239 396.6725 175.4719 166.7734 21.3328 -65.2176 100.0000 stroke3
movl 0 -52.1638 398.2829 174.6874 166.1803 21.2643 -64.3057 100.0000 stroke3
movl 0 -52.5785 398.9875 174.0446 165.9739 21.1368 -63.7614 100.0000 stroke3
movl 0 -54.3505 400.7299 173.3245 166.3501 20.1724 -63.5547 100.0000 stroke3
movl 0 -57.3772 401.3089 173.6156 167.6370 18.5179 -63.7690 100.0000 stroke3
movl 0 -59.2093 400.2542 173.9764 168.3767 18.6421 -63.8149 100.0000 stroke3
movl 0 -57.2718 401.3851 174.0541 168.3225 18.3304 -64.4634 100.0000 stroke3
movl 0 -55.4820 401.7321 174.4259 168.5707 18.0787 -65.1330 100.0000 stroke3
movl 0 -51.7671 402.1723 174.7900 168.5466 18.0671 -66.0114 100.0000 stroke3
movl 0 -47.0216 403.0175 175.0896 168.5076 17.9274 -67.3636 100.0000 stroke3
movl 0 -41.6722 403.6002 175.1536 168.6988 17.6888 -68.6306 100.0000 stroke3
movl 0 -35.5722 404.4659 175.2250 168.8629 17.3495 -70.2080 100.0000 stroke3
movl 0 -29.7879 405.7325 174.9735 169.1864 16.9081 -71.9473 100.0000 stroke3
movl 0 -25.9919 407.1798 175.0029 169.5882 16.2854 -73.5854 100.0000 stroke3
movl 0 -24.1122 408.4820 174.9253 169.6684 15.6971 -74.7249 100.0000 stroke3
movl 0 -22.4483 408.1131 175.2496 168.9045 15.9622 -74.7485 100.0000 stroke3
movl 0 -10.6667 409.3627 175.7984 164.4984 16.7964 -76.2456 100.0000 stroke3
movl 0 -3.2648 412.5578 175.5226 161.7813 16.1664 -77.6450 100.0000 stroke3
movl 0 -2.4620 413.7013 175.2266 161.3248 15.7345 -77.9922 100.0000 stroke3
movl 0 -2.7980 415.1795 174.5787 161.2274 15.0868 -78.3094 100.0000 stroke3
movl 0 -3.2680 421.4269 173.0946 161.1460 11.0345 -80.1889 100.0000 stroke3
movl 0 -0.8856 426.4690 171.5535 160.0398 8.1685 -82.0218 100.0000 stroke3
movl 0 1.7633 430.1170 170.3184 158.6469 6.7921 -82.3372 100.0000 stroke3
movl 0 2.8837 430.9460 169.6980 157.7847 6.7509 -81.7765 100.0000 stroke3
movl 0 2.9620 431.2902 169.3514 157.3822 6.6970 -81.2667 100.0000 stroke3
movl 0 2.5276 431.0282 169.2692 157.1202 6.7858 -80.5237 100.0000 stroke3
movl 0 1.9333 430.5135 169.3837 156.9071 6.9309 -79.7346 100.0000 stroke3
movl 0 1.4255 429.8936 169.6820 156.7812 7.0615 -79.1517 100.0000 stroke3
movl 0 1.1371 429.4053 169.9107 156.6253 7.2185 -78.6478 100.0000 stroke3
movl 0 1.1960 428.8555 170.1493 156.4034 7.3734 -78.3527 100.0000 stroke3
movl 0 1.5397 428.2279 170.4034 156.1734 7.6811 -78.1088 100.0000 stroke3
movl 0 1.9510 427.0333 171.0044 155.8928 8.1945 -77.7261 100.0000 stroke3
movl 0 9.3610 411.0966 181.4456 152.9383 17.1988 -76.6560 100.0000 stroke3
movl 0 7.0525 379.7620 237.9216 155.3016 43.1464 -66.1479 100.0000 stroke3
movl 0 -20.1191 404.1775 201.8365 151.0546 20.0929 -72.3718 100.0000 stroke4
movl 0 -21.8147 404.5241 175.8739 150.9183 13.5262 -78.8562 100.0000 stroke4
movl 0 -28.0259 400.7552 176.8552 154.5948 13.6192 -81.1474 100.0000 stroke4
movl 0 -34.7858 400.7991 176.0262 156.4683 13.2980 -80.6657 100.0000 stroke4
movl 0 -40.7778 400.9746 174.6839 157.4118 13.9232 -79.2500 100.0000 stroke4
movl 0 -42.1252 402.0449 173.7554 157.8473 13.7602 -78.7932 100.0000 stroke4
movl 0 -42.7009 402.8069 173.3031 157.9656 13.5539 -78.7040 100.0000 stroke4
movl 0 -43.2104 403.8962 172.9790 158.5520 13.0307 -79.0947 100.0000 stroke4
movl 0 -44.6948 404.1683 173.1092 159.5269 12.5226 -79.3464 100.0000 stroke4
movl 0 -45.3764 404.1659 173.1738 160.0488 12.4627 -79.6544 100.0000 stroke4
movl 0 -45.1450 404.4110 173.1696 160.6084 12.3157 -80.4505 100.0000 stroke4
movl 0 -44.3845 404.9936 173.2739 160.9055 11.9706 -81.4004 100.0000 stroke4
movl 0 -44.0371 405.3045 173.3236 161.2666 11.7738 -82.2297 100.0000 stroke4
movl 0 -43.6523 406.2069 173.1887 161.6803 11.3896 -83.2746 100.0000 stroke4
movl 0 -43.1875 404.3909 173.7898 161.4635 12.0827 -83.3915 100.0000 stroke4
movl 0 -41.8127 403.5690 174.2183 161.0048 12.5252 -83.6605 100.0000 stroke4
movl 0 -42.2403 403.5986 174.3070 161.2987 12.2634 -83.7936 100.0000 stroke4
movl 0 -42.5685 403.9790 174.2474 161.4495 11.8014 -83.8061 100.0000 stroke4
movl 0 -42.8492 403.8068 174.3189 161.3843 11.5625 -83.7113 100.0000 stroke4
movl 0 -43.3421 404.0285 174.2240 161.3935 11.3703 -83.5854 100.0000 stroke4
movl 0 -41.7971 401.2010 175.4662 159.4929 12.3347 -82.6682 100.0000 stroke4
movl 0 -32.9648 382.4522 201.8296 152.5794 22.3661 -83.3926 100.0000 stroke4
movl 0 -22.8489 408.1707 227.5803 144.1501 10.5395 -83.9974 100.0000 stroke5
movl 0 -23.1262 408.6246 175.8513 147.9531 7.7374 -86.6988 100.0000 stroke5
movl 0 -24.2814 404.0384 177.7923 151.0021 9.6164 -88.8188 100.0000 stroke5
movl 0 -30.5425 404.2787 175.0054 153.5424 8.7711 -88.8600 100.0000 stroke5
movl 0 -31.5261 406.0193 173.8521 154.3350 8.2776 -89.5361 100.0000 stroke5
movl 0 -32.7332 407.1074 173.0460 154.6212 8.0429 -89.5293 100.0000 stroke5
movl 0 -35.3070 408.4273 172.5374 155.9547 7.3143 -90.2621 100.0000 stroke5
movl 0 -36.3821 411.3707 171.8464 156.7115 5.2379 -91.0310 100.0000 stroke5
movl 0 -37.1703 411.7142 171.8262 156.7268 4.4684 -90.9659 100.0000 stroke5
movl 0 -37.1432 412.0073 171.8863 156.7172 3.9125 -91.0826 100.0000 stroke5
movl 0 -37.3471 412.4319 172.1116 156.7136 3.0843 -91.2014 100.0000 stroke5
movl 0 -37.7862 413.1093 172.3951 156.7599 1.8202 -91.2521 100.0000 stroke5
movl 0 -38.5564 414.4915 172.6894 156.9745 -0.3577 -91.5242 100.0000 stroke5
movl 0 -38.7869 414.1510 173.0612 157.0458 -0.6610 -91.8013 100.0000 stroke5
movl 0 -39.6415 414.1210 173.0485 157.3418 -1.1180 -91.7170 100.0000 stroke5
movl 0 -39.9940 413.6514 173.1969 157.5046 -0.8903 -91.6940 100.0000 stroke5
movl 0 -40.3591 411.1307 174.0575 157.7123 0.7075 -91.8839 100.0000 stroke5
movl 0 -37.4445 401.7810 179.9278 156.6524 6.5807 -91.7091 100.0000 stroke5
movl 0 -18.5597 376.5998 238.3102 150.6527 25.6328 -89.9578 100.0000 stroke5
movl 0 -18.7856 393.8665 210.7539 149.5057 17.4204 -84.4358 100.0000 stroke6
movl 0 -30.7229 393.8464 176.6990 153.1227 13.2530 -84.6469 100.0000 stroke6
movl 0 -35.2082 391.8966 177.7748 155.3064 13.4237 -84.8713 100.0000 stroke6
movl 0 -40.0728 391.6835 176.8022 156.9167 12.8378 -84.4873 100.0000 stroke6
movl 0 -42.7637 392.6727 176.1880 157.5768 12.5416 -83.9870 100.0000 stroke6
movl 0 -44.8961 393.9567 175.4549 158.0692 11.9479 -83.8509 100.0000 stroke6
movl 0 -46.4673 395.2778 175.0591 158.8515 11.2284 -84.4270 100.0000 stroke6
movl 0 -48.7164 395.1100 175.2946 160.1227 10.9524 -85.2980 100.0000 stroke6
movl 0 -49.2672 395.4754 175.3150 160.7082 10.6965 -86.0066 100.0000 stroke6
movl 0 -48.9149 395.8163 175.3337 161.2715 10.4518 -87.1869 100.0000 stroke6
movl 0 -48.4324 396.4936 175.4004 162.0345 10.1160 -88.5951 100.0000 stroke6
movl 0 -48.1270 397.3478 175.2068 162.7241 9.7110 -90.0481 100.0000 stroke6
movl 0 -47.4629 396.3928 175.6311 162.3946 10.0258 -90.2775 100.0000 stroke6
movl 0 -45.6221 394.8408 176.3086 161.8015 10.6919 -90.5481 100.0000 stroke6
movl 0 -45.7550 394.5409 176.4466 161.8965 10.6754 -90.4461 100.0000 stroke6
movl 0 -46.9274 395.4461 176.5576 162.5063 9.6706 -90.2496 100.0000 stroke6
movl 0 -44.0751 391.8983 177.7118 159.5790 11.3150 -87.2503 100.0000 stroke6
movl 0 -31.6170 370.3688 215.6011 152.5790 25.7113 -83.9182 100.0000 stroke6
movl 0 -30.2511 383.2701 197.8378 150.7300 12.3094 -88.7590 100.0000 stroke7
movl 0 -34.1879 384.1355 182.9408 154.1107 9.6930 -91.6992 100.0000 stroke7
movl 0 -40.5635 384.1174 179.4024 156.7942 9.2552 -91.7534 100.0000 stroke7
movl 0 -47.9421 381.3284 179.2727 158.1827 9.7079 -91.2467 100.0000 stroke7
movl 0 -51.5083 381.4544 178.7092 158.7877 9.9788 -91.0415 100.0000 stroke7
movl 0 -54.8892 381.3054 177.7929 159.7740 10.0359 -90.8125 100.0000 stroke7
movl 0 -59.5435 381.8033 177.0266 161.7344 9.5443 -90.7595 100.0000 stroke7
movl 0 -60.3528 383.5507 176.9023 162.3532 8.4787 -91.1600 100.0000 stroke7
movl 0 -61.8371 383.8831 176.7523 162.9865 7.8903 -91.3268 100.0000 stroke7
movl 0 -64.0385 382.7274 176.7721 163.7359 8.6628 -91.4899 100.0000 stroke7
movl 0 -62.7533 383.5543 176.7301 163.7368 8.6709 -92.6131 100.0000 stroke7
movl 0 -60.8239 384.5462 176.9052 163.6237 8.4230 -93.8532 100.0000 stroke7
movl 0 -58.9966 385.6255 177.1440 163.5527 8.1147 -95.0108 100.0000 stroke7
movl 0 -56.7284 386.3512 177.5270 163.2978 7.8793 -96.0356 100.0000 stroke7
movl 0 -53.5057 386.6565 177.9788 163.0244 7.9105 -97.4038 100.0000 stroke7
movl 0 -19.5097 380.6620 195.3151 153.4563 10.5234 -102.5410 100.0000 stroke7
movl 0 -4.8859 407.7269 198.2600 147.7890 10.7611 -89.2576 100.0000 stroke8
movl 0 -14.1264 400.1932 177.6789 152.8432 12.6905 -89.1852 100.0000 stroke8
movl 0 -23.3745 396.2452 176.4247 156.9553 14.5529 -88.3290 100.0000 stroke8
movl 0 -28.8075 395.2011 176.7273 158.9595 14.7254 -87.9715 100.0000 stroke8
movl 0 -30.4376 395.7365 176.3888 159.7473 14.5340 -88.4628 100.0000 stroke8
movl 0 -32.2176 396.9488 175.6115 160.2993 14.2519 -88.5546 100.0000 stroke8
movl 0 -34.8399 399.9126 174.4626 161.2940 12.7443 -88.5877 100.0000 stroke8
movl 0 -34.1496 402.7881 174.2854 161.3370 10.8045 -89.4993 100.0000 stroke8
movl 0 -34.5697 403.2302 174.3148 161.2464 10.2025 -89.3307 100.0000 stroke8
movl 0 -35.4451 403.3649 174.4705 160.9071 8.9008 -88.1478 100.0000 stroke8
movl 0 -35.9731 402.0353 174.7608 160.6241 9.2010 -87.4526 100.0000 stroke8
movl 0 -34.9749 402.0878 174.7324 160.5696 9.5026 -87.7744 100.0000 stroke8
movl 0 -35.6081 401.7944 174.7539 160.7211 9.3625 -87.5090 100.0000 stroke8
movl 0 -35.1742 401.4417 174.8204 160.8730 9.8723 -88.0046 100.0000 stroke8
movl 0 -33.2616 395.4771 176.8571 160.5730 13.1912 -88.3886 100.0000 stroke8
movl 0 -22.0597 376.2057 199.8326 159.1232 28.8825 -84.0142 100.0000 stroke8
movl 0 -9.7828 395.2917 213.0369 157.1083 23.8984 -71.5880 100.0000 stroke9
movl 0 -14.2388 394.2131 179.5583 158.7242 19.5138 -75.7390 100.0000 stroke9
movl 0 -24.8050 390.0894 180.9656 162.5112 18.2319 -77.7127 100.0000 stroke9
movl 0 -30.5890 389.8435 178.1659 163.6121 17.9655 -77.0006 100.0000 stroke9
movl 0 -33.5082 390.3453 177.0770 164.7245 17.6478 -76.3991 100.0000 stroke9
movl 0 -36.2983 391.2222 176.3888 165.8406 17.0614 -76.3592 100.0000 stroke9
movl 0 -38.4400 391.2653 176.5987 167.0574 16.5913 -77.0965 100.0000 stroke9
movl 0 -40.4007 390.6331 176.6920 168.1444 16.6430 -77.6513 100.0000 stroke9
movl 0 -39.4179 392.5107 176.6258 168.7900 16.0694 -80.2981 100.0000 stroke9
movl 0 -38.5726 394.4938 176.4574 169.3248 15.4929 -82.4573 100.0000 stroke9
movl 0 -37.2923 393.0227 177.0413 168.7039 16.1383 -82.2613 100.0000 stroke9
movl 0 -35.5201 391.6916 177.5967 168.0361 16.8030 -82.3337 100.0000 stroke9
movl 0 -35.6485 392.1784 177.5098 168.1024 16.5823 -82.2432 100.0000 stroke9
movl 0 -36.0440 393.1121 177.4626 168.3413 15.7437 -82.3583 100.0000 stroke9
movl 0 -33.5688 391.8607 177.8076 165.8555 16.0693 -80.1774 100.0000 stroke9
movl 0 -18.1156 377.4604 201.5593 159.0869 27.9616 -79.0256 100.0000 stroke9
movl 0 -8.0020 409.0430 189.9044 147.0991 5.9000 -90.2425 100.0000 stroke10
movl 0 -9.4210 405.7418 174.7089 150.3534 4.1652 -94.1710 100.0000 stroke10
movl 0 -16.0098 399.9681 176.5741 155.0230 7.2829 -95.1804 100.0000 stroke10
movl 0 -17.5719 400.1427 176.6961 155.8014 7.1265 -95.1111 100.0000 stroke10
movl 0 -19.6154 400.0164 176.4628 156.7947 7.6571 -95.3068 100.0000 stroke10
movl 0 -21.1586 400.9004 175.8427 157.3666 7.5138 -95.4337 100.0000 stroke10
movl 0 -22.8004 404.0149 175.0045 158.2512 5.9552 -95.7799 100.0000 stroke10
movl 0 -21.9158 406.5716 174.3495 158.5760 4.4396 -96.9096 100.0000 stroke10
movl 0 -22.0890 408.1906 174.1965 158.6301 3.2234 -97.1805 100.0000 stroke10
movl 0 -22.5775 410.7402 174.3574 159.0037 0.4221 -97.7389 100.0000 stroke10
movl 0 -23.9483 413.2721 174.3234 159.6228 -2.4220 -98.2470 100.0000 stroke10
movl 0 -25.0775 412.8773 174.4502 159.7415 -3.2141 -97.9622 100.0000 stroke10
movl 0 -22.7672 410.9579 175.2263 158.9937 -2.0238 -98.1214 100.0000 stroke10
movl 0 -21.8362 410.7275 175.3335 158.8370 -2.0919 -97.8982 100.0000 stroke10
movl 0 -22.8242 410.2343 175.4580 159.1404 -2.1784 -97.4727 100.0000 stroke10
movl 0 -23.6067 407.9598 176.1206 159.2766 -0.7904 -97.3056 100.0000 stroke10
movl 0 -25.8065 402.6704 177.2502 159.5732 2.5405 -96.7322 100.0000 stroke10
movl 0 -24.1692 392.4462 181.0914 158.0017 7.3881 -95.2308 100.0000 stroke10
movl 0 -21.7481 368.8395 196.2414 154.6356 22.8656 -92.8872 100.0000 stroke10
movl 0 -21.0405 351.1711 246.4892 151.4794 36.3831 -93.9102 100.0000 stroke10
movl 0 -12.3126 381.2835 215.6244 149.2748 14.8565 -96.7143 100.0000 stroke11
movl 0 -12.1136 380.6323 180.1578 151.7094 10.9161 -97.5893 100.0000 stroke11
movl 0 -19.2684 380.1922 178.7652 154.3932 11.1534 -97.1886 100.0000 stroke11
movl 0 -26.7572 382.0967 177.2416 156.3477 10.9998 -96.5330 100.0000 stroke11
movl 0 -30.2148 383.1633 176.6075 157.1670 10.6830 -96.3628 100.0000 stroke11
movl 0 -34.7903 384.8856 175.3764 158.7928 9.5419 -95.1482 100.0000 stroke11
movl 0 -37.4267 386.1231 174.9180 159.7790 8.5315 -95.6294 100.0000 stroke11
movl 0 -38.9955 387.0860 174.7477 160.4810 7.5801 -95.7922 100.0000 stroke11
movl 0 -40.0633 386.3681 174.7953 160.7588 7.7013 -95.6368 100.0000 stroke11
movl 0 -41.6089 385.9400 174.7983 161.2680 8.1113 -95.7642 100.0000 stroke11
movl 0 -42.3629 385.9611 174.7675 161.6431 8.4619 -96.4512 100.0000 stroke11
movl 0 -42.5492 386.3081 174.6288 161.9833 8.6756 -97.3976 100.0000 stroke11
movl 0 -41.5662 386.3628 174.7174 161.8752 8.7125 -97.9648 100.0000 stroke11
movl 0 -40.3090 386.5491 174.8891 161.7166 8.7100 -98.4860 100.0000 stroke11
movl 0 -38.7890 386.8011 175.0870 161.4953 8.6199 -99.0421 100.0000 stroke11
movl 0 -37.0818 386.5843 175.4927 161.2019 8.7057 -99.5325 100.0000 stroke11
movl 0 -26.6463 379.7536 181.6221 158.1206 11.1987 -102.1082 100.0000 stroke11
movl 0 -11.9772 364.4149 214.9548 152.6958 18.2029 -102.7439 100.0000 stroke11
movl 0 -3.3375 394.4573 237.1575 150.1221 8.4759 -96.7005 100.0000 stroke12
movl 0 0.7453 397.0871 183.6176 151.2003 4.8189 -100.1875 100.0000 stroke12
movl 0 -3.5649 396.5213 178.6680 153.7626 4.9163 -102.4926 100.0000 stroke12
movl 0 -7.3696 396.5878 176.8000 155.1447 5.5094 -102.7109 100.0000 stroke12
movl 0 -9.8071 398.2076 176.3299 155.8390 4.9936 -102.2671 100.0000 stroke12
movl 0 -13.6238 401.9057 174.9526 157.7986 3.9525 -102.1896 100.0000 stroke12
movl 0 -17.6723 407.0297 174.1767 160.9878 1.4951 -103.4438 100.0000 stroke12
movl 0 -15.8807 408.2386 174.3313 161.1606 1.0011 -104.5300 100.0000 stroke12
movl 0 -14.9022 408.8706 174.5082 161.3440 -0.1689 -104.4328 100.0000 stroke12
movl 0 -14.7738 408.4105 174.4093 161.0694 -0.0563 -103.6785 100.0000 stroke12
movl 0 -15.0230 406.5352 174.5519 160.3286 0.6322 -102.2598 100.0000 stroke12
movl 0 -14.6272 404.4583 174.8785 159.3378 1.1754 -101.2260 100.0000 stroke12
movl 0 -4.5830 389.3645 179.9231 153.2938 8.0125 -99.3625 100.0000 stroke12
movl 0 1.7357 364.6171 203.6652 148.5159 30.4132 -92.1778 100.0000 stroke12
movl 0 -10.3968 354.7918 238.4705 -145.4568 43.5734 6.9509 100.0000 stroke13
movl 0 -9.5555 372.0521 181.0818 -177.8118 42.4088 -23.9486 100.0000 stroke13
movl 0 -14.8334 380.1402 177.0485 156.9962 24.7659 -61.7393 100.0000 stroke13
movl 0 -24.8816 377.2752 174.9153 156.9048 19.7557 -70.8727 100.0000 stroke13
movl 0 -30.1999 374.6466 177.3690 158.3165 16.6170 -74.7298 100.0000 stroke13
movl 0 -34.9349 371.5458 177.5034 160.7188 17.6219 -75.4052 100.0000 stroke13
movl 0 -37.8975 372.7291 176.4545 161.7178 17.5204 -75.3722 100.0000 stroke13
movl 0 -40.8041 374.4996 175.2883 162.2516 16.6062 -75.2898 100.0000 stroke13
movl 0 -43.6286 378.0245 174.6259 162.7623 13.2444 -76.6246 100.0000 stroke13
movl 0 -43.5105 380.3760 174.2426 162.0943 11.6042 -78.3188 100.0000 stroke13
movl 0 -43.7754 381.4887 174.2802 161.6840 9.9975 -79.8856 100.0000 stroke13
movl 0 -44.1230 382.2007 174.4186 161.3356 8.3525 -81.6450 100.0000 stroke13
movl 0 -44.9920 382.8468 174.6636 161.2628 6.6816 -83.2183 100.0000 stroke13
movl 0 -45.7783 382.5557 174.8015 161.2979 5.7660 -84.1798 100.0000 stroke13
movl 0 -46.7667 382.8145 175.0088 161.3837 4.3335 -85.5032 100.0000 stroke13
movl 0 -47.6799 383.3467 175.0622 161.5524 2.9200 -86.6192 100.0000 stroke13
movl 0 -48.5888 382.8122 175.2862 161.7076 1.9527 -87.6038 100.0000 stroke13
movl 0 -49.4327 382.6535 175.4924 161.9275 0.8984 -88.3979 100.0000 stroke13
movl 0 -50.4821 382.5921 175.5884 162.1655 -0.2933 -89.0971 100.0000 stroke13
movl 0 -50.7380 381.1555 176.1623 162.2404 -0.1520 -89.6284 100.0000 stroke13
movl 0 -50.3636 381.0552 176.2968 162.2554 -0.4638 -89.9693 100.0000 stroke13
movl 0 -49.9765 380.8601 176.6137 162.1299 -0.4594 -90.3988 100.0000 stroke13
movl 0 -50.8638 380.7109 176.4722 162.4558 -0.8480 -90.6592 100.0000 stroke13
movl 0 -50.3323 380.1776 176.7555 162.3514 -0.4797 -91.2636 100.0000 stroke13
movl 0 -47.5331 374.7022 178.9526 161.3876 2.5810 -92.3105 100.0000 stroke13
movl 0 -43.8449 346.7825 203.6594 159.2532 19.1590 -92.9875 100.0000 stroke13
movl 0 -19.2790 364.3935 202.8629 147.5277 13.4038 -101.3338 100.0000 stroke14
movl 0 -21.0994 363.2362 178.6434 150.1590 10.6957 -102.6504 100.0000 stroke14
movl 0 -30.1791 363.5622 177.1868 153.9261 9.3358 -103.3246 100.0000 stroke14
movl 0 -32.4774 363.4924 177.9934 154.9698 8.8419 -103.5586 100.0000 stroke14
movl 0 -34.1930 364.7759 177.0307 155.4342 8.6066 -102.7080 100.0000 stroke14
movl 0 -36.1125 368.0251 176.2798 156.5293 7.8014 -102.3607 100.0000 stroke14
movl 0 -39.4579 369.1308 176.4794 158.6188 7.6442 -103.9615 100.0000 stroke14
movl 0 -38.8998 370.2222 176.5565 159.1048 7.2445 -105.3445 100.0000 stroke14
movl 0 -37.6901 371.4448 176.6721 159.5110 6.7725 -107.0561 100.0000 stroke14
movl 0 -34.9041 373.7015 176.7100 159.8411 5.9828 -109.6129 100.0000 stroke14
movl 0 -32.9633 374.5629 176.6978 159.6428 5.4969 -110.7938 100.0000 stroke14
movl 0 -32.0584 376.2873 176.3899 159.6250 4.6138 -111.2246 100.0000 stroke14
movl 0 -31.8089 380.9244 175.3002 160.9236 1.9669 -112.7122 100.0000 stroke14
movl 0 -29.3339 386.1692 174.0754 161.5183 -0.8328 -112.8453 100.0000 stroke14
movl 0 -28.3461 389.8878 173.1917 161.5689 -2.7347 -113.2456 100.0000 stroke14
movl 0 -27.4598 391.9549 172.6807 161.6272 -4.1492 -113.2701 100.0000 stroke14
movl 0 -27.8653 392.8897 173.0274 162.2609 -5.4150 -113.7310 100.0000 stroke14
movl 0 -28.1399 393.5144 173.4030 162.8254 -6.6885 -114.2297 100.0000 stroke14
movl 0 -29.1757 394.7803 173.7227 163.9355 -8.1720 -115.0338 100.0000 stroke14
movl 0 -30.3651 396.0242 173.8172 165.0693 -9.5827 -115.7533 100.0000 stroke14
movl 0 -31.4057 397.2043 173.7358 165.9923 -10.8476 -116.1259 100.0000 stroke14
movl 0 -32.9858 398.5456 173.5500 167.2778 -12.2167 -116.8507 100.0000 stroke14
movl 0 -34.0770 399.3744 173.4955 168.2481 -13.3442 -117.2974 100.0000 stroke14
movl 0 -35.4459 398.9052 173.8059 168.7221 -13.7539 -116.7689 100.0000 stroke14
movl 0 -31.4295 395.6019 175.4141 166.8772 -12.1684 -117.3775 100.0000 stroke14
movl 0 -31.6713 395.2088 175.5184 167.1026 -12.2325 -117.2973 100.0000 stroke14
movl 0 -32.8591 394.3855 175.8166 167.5696 -12.2902 -116.8576 100.0000 stroke14
movl 0 -29.9984 392.9700 176.5309 166.4471 -11.7480 -117.1410 100.0000 stroke14
movl 0 -31.9708 393.3781 176.0578 167.1292 -12.1729 -116.6941 100.0000 stroke14
movl 0 -24.9780 383.3224 179.2693 161.4692 -6.9860 -115.9729 100.0000 stroke14
movl 0 -15.2349 354.6472 207.5970 150.1417 12.7196 -109.6880 100.0000 stroke14
movl 0 -23.3812 388.1575 220.5518 -151.8374 -3.1231 89.6720 100.0000 stroke15
movl 0 -19.9221 376.1135 182.5815 -153.3936 -9.3542 88.2496 100.0000 stroke15
movl 0 -32.7338 369.5238 180.3192 -158.2344 -10.3758 88.3330 100.0000 stroke15
movl 0 -45.1730 366.4111 180.7278 -161.6940 -10.8817 88.4272 100.0000 stroke15
movl 0 -48.2358 366.5984 180.2813 -161.7972 -10.7752 88.7109 100.0000 stroke15
movl 0 -47.4177 368.2579 179.7886 -161.4930 -9.9246 88.6964 100.0000 stroke15
movl 0 -48.6196 369.1417 179.5127 -162.2336 -9.5229 88.1665 100.0000 stroke15
movl 0 -50.3090 370.0263 179.3327 -163.3988 -8.8599 88.2620 100.0000 stroke15
movl 0 -50.8476 370.2885 179.2321 -163.8821 -8.7978 87.6228 100.0000 stroke15
movl 0 -50.3226 371.2066 179.1328 -164.3252 -8.5691 86.5044 100.0000 stroke15
movl 0 -49.5219 372.0524 179.1406 -164.7692 -8.3972 85.3988 100.0000 stroke15
movl 0 -49.4471 372.5055 179.1073 -164.9926 -8.2921 84.8876 100.0000 stroke15
movl 0 -47.9676 371.1533 179.6279 -164.3875 -8.6897 85.0897 100.0000 stroke15
movl 0 -47.2441 370.8798 179.8928 -164.1344 -8.7763 85.0309 100.0000 stroke15
movl 0 -47.2695 370.7802 179.9813 -164.1719 -8.7804 84.9712 100.0000 stroke15
movl 0 -47.7009 371.5066 180.0482 -164.4836 -8.3062 84.7090 100.0000 stroke15
movl 0 -47.0815 371.1407 180.5486 -163.8268 -8.2322 85.3052 100.0000 stroke15
movl 0 -28.3719 361.2023 194.8103 -153.8634 -12.6287 80.4643 100.0000 stroke15
movl 0 -20.7188 353.5086 205.8385 -148.7170 -4.9580 75.1959 100.0000 stroke16
movl 0 -26.7455 357.5800 180.0148 -153.0058 -2.8729 72.6957 100.0000 stroke16
movl 0 -36.8285 355.6180 178.7856 -155.8958 -4.2534 72.8677 100.0000 stroke16
movl 0 -37.4680 357.1328 178.1103 -156.3604 -3.4668 72.7121 100.0000 stroke16
movl 0 -38.7083 356.6358 177.9105 -156.7425 -4.1006 72.2971 100.0000 stroke16
movl 0 -39.8289 357.8899 177.3341 -157.4110 -3.9516 72.1266 100.0000 stroke16
movl 0 -41.0266 358.4395 177.0384 -157.8963 -3.9449 72.0120 100.0000 stroke16
movl 0 -42.5968 358.8878 176.7040 -158.7143 -4.0629 71.6058 100.0000 stroke16
movl 0 -44.1355 359.0786 176.6738 -159.6512 -4.0901 71.1304 100.0000 stroke16
movl 0 -45.1774 358.9334 176.6431 -160.2099 -4.3260 70.7280 100.0000 stroke16
movl 0 -44.9198 359.0708 176.6366 -160.6202 -4.4918 69.7680 100.0000 stroke16
movl 0 -43.9351 360.3340 176.4684 -161.2919 -4.3556 68.1239 100.0000 stroke16
movl 0 -43.6613 361.4369 176.5162 -161.8638 -4.2661 67.1216 100.0000 stroke16
movl 0 -41.4287 358.6297 177.2947 -160.4327 -4.9525 67.3083 100.0000 stroke16
movl 0 -43.3233 360.2413 177.2025 -161.6310 -4.4212 67.5844 100.0000 stroke16
movl 0 -43.2873 358.8210 177.4938 -161.1683 -4.8758 68.5465 100.0000 stroke16
movl 0 -32.3051 351.0664 188.6326 -154.1718 -9.3809 72.3118 100.0000 stroke16
movl 0 -24.4770 350.8843 189.6031 -150.5735 -3.1706 73.0873 100.0000 stroke17
movl 0 -34.5263 348.0320 180.3541 -154.1090 -3.2134 72.5687 100.0000 stroke17
movl 0 -43.7295 346.8220 178.5904 -156.1245 -3.8982 73.0017 100.0000 stroke17
movl 0 -47.7905 347.7097 177.2891 -156.9723 -3.8706 73.3505 100.0000 stroke17
movl 0 -50.8699 348.3575 176.2585 -157.7303 -3.8838 73.3540 100.0000 stroke17
movl 0 -54.6232 348.4952 175.9465 -159.7039 -4.1928 72.2873 100.0000 stroke17
movl 0 -56.9292 349.9588 176.4230 -161.4848 -3.8143 71.4618 100.0000 stroke17
movl 0 -57.8237 349.5437 176.5033 -161.7471 -4.1377 71.0285 100.0000 stroke17
movl 0 -56.4219 350.1222 176.5443 -161.8543 -4.0019 70.0319 100.0000 stroke17
movl 0 -53.1903 350.7713 176.8323 -161.6182 -3.6262 68.5625 100.0000 stroke17
movl 0 -49.7081 352.2660 177.1340 -161.8317 -3.1271 66.8480 100.0000 stroke17
movl 0 -44.7906 354.5988 177.4554 -162.3123 -2.4978 64.0515 100.0000 stroke17
movl 0 -39.9480 357.3683 177.1351 -162.7849 -1.8256 61.3422 100.0000 stroke17
movl 0 -40.3988 357.3246 177.1985 -162.8048 -1.7520 61.4408 100.0000 stroke17
movl 0 -31.9803 354.8515 185.6939 -157.4002 -1.3194 64.7765 100.0000 stroke17
movl 0 -8.7378 355.2939 248.6155 -144.0461 -0.3749 68.8735 100.0000 stroke18
movl 0 -21.8117 359.2231 183.9134 -151.4633 2.2163 68.1939 100.0000 stroke18
movl 0 -27.8522 357.2361 178.4447 -154.2978 1.3400 67.6904 100.0000 stroke18
movl 0 -33.2889 356.0479 177.3360 -156.1589 0.2577 67.4363 100.0000 stroke18
movl 0 -34.9582 357.3152 177.1195 -157.3053 0.7937 66.8762 100.0000 stroke18
movl 0 -36.6768 359.0587 176.0796 -158.3568 1.1654 66.5352 100.0000 stroke18
movl 0 -39.5582 362.4789 174.9542 -160.5932 2.6435 66.1109 100.0000 stroke18
movl 0 -38.1436 366.1581 174.0719 -160.9247 4.2206 65.7694 100.0000 stroke18
movl 0 -37.9126 366.7342 173.7464 -160.7700 5.0001 66.3808 100.0000 stroke18
movl 0 -38.9177 365.6857 173.9556 -160.7070 5.3000 67.3249 100.0000 stroke18
movl 0 -40.2343 364.3464 174.2343 -160.6428 5.4045 68.4354 100.0000 stroke18
movl 0 -41.6561 363.1047 174.4836 -160.5540 5.4638 69.4614 100.0000 stroke18
movl 0 -43.0238 361.9013 174.7074 -160.5139 5.4189 70.0108 100.0000 stroke18
movl 0 -43.0652 361.1111 175.0518 -160.1817 5.4541 70.2283 100.0000 stroke18
movl 0 -42.7311 359.3628 175.8382 -159.2541 5.3805 70.5917 100.0000 stroke18
movl 0 -38.0681 354.4948 184.5083 -155.3562 4.3336 70.6029 100.0000 stroke18
movl 0 -16.8676 339.7858 244.6355 -143.5020 -5.4969 67.4044 100.0000 stroke18
movl 0 -2.6742 379.5199 224.5338 -151.3460 14.0476 61.6274 100.0000 stroke19
movl 0 -3.8456 376.8467 182.6479 -156.7414 16.8654 53.0125 100.0000 stroke19
movl 0 -11.6804 373.6456 180.3110 -160.1503 14.9242 49.4701 100.0000 stroke19
movl 0 -15.5014 373.7581 177.9964 -159.9682 14.4170 51.4624 100.0000 stroke19
movl 0 -18.5672 374.9426 176.9051 -160.5564 14.2590 52.5791 100.0000 stroke19
movl 0 -21.7730 377.4900 176.7455 -162.9670 13.9851 50.9923 100.0000 stroke19
movl 0 -27.7137 379.7857 176.6379 -166.3892 13.2900 48.8581 100.0000 stroke19
movl 0 -31.5463 383.3951 176.6008 -169.7973 13.4485 46.1406 100.0000 stroke19
movl 0 -34.4846 386.3570 176.3332 -172.8721 13.4847 43.1894 100.0000 stroke19
movl 0 -37.1857 389.5618 175.6693 -176.5548 13.3187 37.3387 100.0000 stroke19
movl 0 -38.6436 392.7981 174.8755 -179.5342 13.0416 32.4314 100.0000 stroke19
movl 0 -37.0391 395.0897 174.2351 179.5323 13.7656 30.7630 100.0000 stroke19
movl 0 -37.3879 394.5125 174.8667 178.7215 14.2850 31.3884 100.0000 stroke19
movl 0 -36.5622 389.1974 176.7537 -178.4798 12.7721 31.8562 100.0000 stroke19
movl 0 -37.5489 389.7218 176.4741 -179.4870 12.7322 31.6489 100.0000 stroke19
movl 0 -39.5352 387.5656 177.4829 179.9369 12.5609 32.6310 100.0000 stroke19
movl 0 -37.8946 385.6273 178.6665 -178.9712 12.3237 32.4744 100.0000 stroke19
movl 0 -38.3330 385.2284 178.7485 -179.6553 12.5091 32.5641 100.0000 stroke19
movl 0 -37.7033 384.2903 179.2622 -179.3173 12.6001 32.7752 100.0000 stroke19
movl 0 -37.0975 383.3232 179.7691 -179.0788 12.7508 33.0864 100.0000 stroke19
movl 0 -36.7851 383.2327 179.8561 -178.9379 12.8934 33.2238 100.0000 stroke19
movl 0 -34.4194 380.3549 181.0511 -176.6751 12.8381 34.0189 100.0000 stroke19
movl 0 -29.3833 377.0994 182.3433 -173.6025 13.3988 35.2551 100.0000 stroke19
movl 0 -18.9840 362.5742 192.5713 -163.1187 11.1444 41.2566 100.0000 stroke19
