movl 0 -40.2865 368.1646 192.5879 -145.1507 5.7360 45.8549 100.0000 stroke1
movl 0 -37.4815 376.4553 179.0630 -149.5077 9.2440 41.2600 100.0000 stroke1
movl 0 -34.0872 379.5880 177.3089 -150.5740 11.8122 37.0524 100.0000 stroke1
movl 0 -38.3715 377.9366 176.0622 -151.8912 11.7596 34.8938 100.0000 stroke1
movl 0 -44.0310 377.8214 175.3399 -154.1105 12.1475 34.0332 100.0000 stroke1
movl 0 -49.3755 377.2295 174.4998 -154.7511 10.7460 35.6505 100.0000 stroke1
movl 0 -56.8596 375.4472 173.3051 -154.4449 8.4299 39.3087 100.0000 stroke1
movl 0 -60.3089 375.1611 172.5099 -154.9308 8.1318 39.7065 100.0000 stroke1
movl 0 -61.8599 375.0731 171.9943 -155.4393 8.3145 39.5442 100.0000 stroke1
movl 0 -64.0320 375.1021 171.8370 -156.3748 8.2331 38.8450 100.0000 stroke1
movl 0 -65.9668 374.5986 171.7840 -157.4333 7.9229 37.5502 100.0000 stroke1
movl 0 -68.8364 373.1426 171.7765 -158.2233 6.8699 36.3880 100.0000 stroke1
movl 0 -71.5084 372.5071 171.6571 -159.3068 6.0313 35.4203 100.0000 stroke1
movl 0 -74.0880 371.6254 171.6106 -160.2641 5.0653 34.8035 100.0000 stroke1
movl 0 -75.5917 371.1835 171.7302 -161.2416 4.5731 34.0460 100.0000 stroke1
movl 0 -77.2380 370.1342 171.9400 -161.3093 4.1057 33.8442 100.0000 stroke1
movl 0 -79.4857 369.8809 172.1594 -161.1394 3.5369 33.7439 100.0000 stroke1
movl 0 -79.5578 370.4902 172.1666 -161.1023 3.1282 33.3994 100.0000 stroke1
movl 0 -78.7521 371.1941 172.0140 -161.2133 2.8994 33.3875 100.0000 stroke1
movl 0 -78.0771 371.4179 172.0728 -161.2956 2.7525 33.3799 100.0000 stroke1
movl 0 -76.8820 372.2386 172.1360 -161.3863 2.7688 33.2226 100.0000 stroke1
movl 0 -75.4702 372.9894 172.2574 -161.4112 2.7746 33.1325 100.0000 stroke1
movl 0 -73.9644 373.8549 172.4867 -161.4740 2.8058 32.7812 100.0000 stroke1
movl 0 -72.7783 374.5177 172.6191 -161.5301 2.7213 32.6204 100.0000 stroke1
movl 0 -70.8562 375.5756 172.8573 -161.5845 2.7776 32.1310 100.0000 stroke1
movl 0 -69.1482 376.6031 172.9975 -161.6443 2.7930 31.6423 100.0000 stroke1
movl 0 -67.8058 377.2595 173.1627 -161.6085 2.6756 31.2817 100.0000 stroke1
movl 0 -66.6684 377.8512 173.2565 -161.5778 2.4919 30.8208 100.0000 stroke1
movl 0 -64.6324 378.9310 173.5453 -161.5702 2.6877 30.2616 100.0000 stroke1
movl 0 -63.9023 377.8477 174.2683 -160.9447 3.1058 30.8212 100.0000 stroke1
movl 0 -61.9163 377.1662 175.0448 -160.1591 3.5957 30.9154 100.0000 stroke1
movl 0 -61.5029 376.9191 175.3716 -159.9100 3.7739 31.1470 100.0000 stroke1
movl 0 -61.7968 377.3445 175.1392 -160.4003 3.9324 31.2500 100.0000 stroke1
movl 0 -62.0358 377.8932 175.3048 -161.3337 4.1152 31.2992 100.0000 stroke1
movl 0 -60.8947 378.8928 175.1780 -161.6692 4.5569 30.9536 100.0000 stroke1
movl 0 -60.9541 379.1973 174.6852 -161.4931 5.4312 32.0573 100.0000 stroke1
movl 0 -60.9922 379.2727 174.4400 -161.3148 5.8183 32.3955 100.0000 stroke1
movl 0 -61.1863 379.1991 174.2572 -161.1525 5.9877 32.6894 100.0000 stroke1
movl 0 -61.2979 378.9794 174.2890 -160.9860 6.0547 32.9253 100.0000 stroke1
movl 0 -59.5729 375.9630 175.8589 -159.3748 6.6261 34.3464 100.0000 stroke1
movl 0 -41.2976 364.6896 184.2030 -147.3147 5.6449 40.5260 100.0000 stroke1
movl 0 -34.6864 354.7087 234.9671 -133.4903 -3.8428 48.3510 100.0000 stroke1
movl 0 -22.0946 400.4330 186.1750 -141.3022 0.9152 68.6674 100.0000 stroke2
movl 0 -26.8253 395.7439 168.6160 -144.1407 -3.3166 68.1889 100.0000 stroke2
movl 0 -32.5372 397.2387 165.5218 -146.9722 -5.0550 68.3009 100.0000 stroke2
movl 0 -34.1048 396.8181 164.0250 -147.3516 -4.5932 66.8472 100.0000 stroke2
movl 0 -35.3275 397.4864 162.7732 -147.8477 -4.1106 66.1405 100.0000 stroke2
movl 0 -37.8443 398.5780 162.1315 -149.7186 -2.4739 64.3838 100.0000 stroke2
movl 0 -40.1328 399.2075 161.5660 -151.4717 -1.0653 61.8436 100.0000 stroke2
movl 0 -41.5679 399.5521 161.7130 -152.8862 -0.0822 59.7616 100.0000 stroke2
movl 0 -41.2765 400.8660 161.5933 -154.1169 1.2227 57.7359 100.0000 stroke2
movl 0 -41.8192 401.6916 161.4124 -154.6743 2.4822 56.4302 100.0000 stroke2
movl 0 -43.2763 401.4822 161.9046 -155.1796 4.6150 53.2027 100.0000 stroke2
movl 0 -44.1678 401.1508 162.0630 -155.6355 6.0840 50.3604 100.0000 stroke2
movl 0 -44.5689 401.1387 162.2072 -156.1079 7.2118 48.1120 100.0000 stroke2
movl 0 -45.0053 401.0170 162.3662 -156.5388 8.1681 46.3866 100.0000 stroke2
movl 0 -45.2391 401.0061 162.7118 -157.3331 9.3190 44.2658 100.0000 stroke2
movl 0 -45.4534 400.9459 163.2658 -158.1799 10.4659 42.0796 100.0000 stroke2
movl 0 -45.7505 400.6581 163.8403 -159.1005 11.5589 40.1778 100.0000 stroke2
movl 0 -45.7014 400.8982 164.2855 -160.1820 12.7469 38.0565 100.0000 stroke2
movl 0 -45.9915 400.7639 164.8404 -161.2497 13.7710 36.1269 100.0000 stroke2
movl 0 -45.9101 400.7476 165.3450 -162.3799 14.7776 34.1544 100.0000 stroke2
movl 0 -46.1190 400.7298 165.8580 -163.5496 15.5750 32.3892 100.0000 stroke2
movl 0 -46.3199 400.5913 166.4463 -164.8052 16.2898 30.6452 100.0000 stroke2
movl 0 -46.5109 400.6076 167.0375 -166.1656 17.0440 29.0497 100.0000 stroke2
movl 0 -46.4689 400.9781 167.3094 -167.5528 17.9050 27.2469 100.0000 stroke2
movl 0 -46.6312 401.0114 167.7222 -168.8522 18.5258 25.7387 100.0000 stroke2
movl 0 -46.9715 400.9669 168.2436 -170.2354 19.0024 23.9588 100.0000 stroke2
movl 0 -47.4175 400.9418 168.7305 -171.8163 19.4190 21.9567 100.0000 stroke2
movl 0 -48.0393 401.2452 169.2694 -173.9378 19.8260 19.7235 100.0000 stroke2
movl 0 -48.6210 401.5301 169.6947 -175.9398 20.1399 17.4894 100.0000 stroke2
movl 0 -49.1820 401.5762 169.9419 -177.8614 20.3510 15.3025 100.0000 stroke2
movl 0 -50.0356 400.9126 170.1641 -178.6646 20.3298 14.4123 100.0000 stroke2
movl 0 -47.7803 399.9132 171.1064 -176.8847 20.5704 15.1246 100.0000 stroke2
movl 0 -48.6084 400.4577 170.8379 -178.4930 20.5460 14.2710 100.0000 stroke2
movl 0 -47.7625 399.6102 171.4731 -177.5293 20.5641 14.2485 100.0000 stroke2
movl 0 -48.3681 399.7514 171.0261 -178.1400 20.4047 13.9409 100.0000 stroke2
movl 0 -47.8788 399.3139 171.3566 -177.3150 20.4642 13.8634 100.0000 stroke2
movl 0 -47.4573 398.3407 171.7075 -176.3768 20.5060 14.3201 100.0000 stroke2
movl 0 -47.9618 397.6810 171.8678 -175.5319 20.0843 15.4188 100.0000 stroke2
movl 0 -47.5142 397.2172 171.9225 -174.7736 20.0538 16.3573 100.0000 stroke2
movl 0 -38.6005 383.0285 183.8467 -163.7641 21.3946 22.1704 100.0000 stroke2
movl 0 -44.3886 363.1301 212.7519 -151.6832 12.8502 47.1910 100.0000 stroke3
movl 0 -46.8108 358.3385 181.3217 -153.4161 12.2534 46.7473 100.0000 stroke3
movl 0 -55.0800 357.4570 179.3185 -154.4143 9.9869 47.0779 100.0000 stroke3
movl 0 -59.7677 358.5681 175.3900 -155.4263 8.8673 48.9118 100.0000 stroke3
movl 0 -61.7023 360.7853 172.5604 -156.2960 8.1251 50.8835 100.0000 stroke3
movl 0 -65.2659 360.5233 171.5188 -157.4148 6.6563 52.1977 100.0000 stroke3
movl 0 -68.5320 359.9941 171.2940 -159.4427 5.6598 51.6402 100.0000 stroke3
movl 0 -70.8190 358.5576 171.4443 -160.7386 4.8500 50.8129 100.0000 stroke3
movl 0 -73.3639 356.8717 171.7137 -162.2404 3.9739 50.6817 100.0000 stroke3
movl 0 -75.0604 355.2812 172.1662 -162.8610 3.4299 50.6251 100.0000 stroke3
movl 0 -77.6808 355.5176 172.3638 -162.9306 2.1388 50.7035 100.0000 stroke3
movl 0 -76.5254 357.2712 171.8179 -162.9558 1.8410 50.1687 100.0000 stroke3
movl 0 -75.0138 358.4181 171.7785 -162.9724 1.6259 49.4733 100.0000 stroke3
movl 0 -73.3713 360.1185 172.2734 -163.1193 1.7628 49.1634 100.0000 stroke3
movl 0 -74.1208 357.5616 172.9584 -162.5728 1.6878 50.2905 100.0000 stroke3
movl 0 -72.7028 359.8041 172.8636 -162.8933 1.7711 49.9621 100.0000 stroke3
movl 0 -68.7400 362.2183 173.4934 -162.8703 2.0754 48.6554 100.0000 stroke3
movl 0 -70.0234 360.4007 173.9652 -162.6820 1.9352 49.4205 100.0000 stroke3
movl 0 -68.9656 362.0032 173.8111 -162.8516 1.9846 49.0323 100.0000 stroke3
movl 0 -65.1337 364.2795 173.9573 -162.8629 2.0210 47.7028 100.0000 stroke3
movl 0 -63.3110 364.9675 174.2098 -162.8041 2.1899 47.3815 100.0000 stroke3
movl 0 -63.7002 364.5637 174.4913 -162.7584 2.1007 47.5827 100.0000 stroke3
movl 0 -59.4869 367.3696 174.6472 -162.7354 2.4481 46.3230 100.0000 stroke3
movl 0 -60.4356 364.6895 175.5539 -162.3201 2.3184 46.8160 100.0000 stroke3
movl 0 -58.1896 366.8116 175.7168 -162.3075 2.4363 46.0948 100.0000 stroke3
movl 0 -55.4643 367.3017 175.8368 -161.9825 2.5333 45.6869 100.0000 stroke3
movl 0 -54.1752 367.4921 176.7787 -161.6864 2.6513 45.4171 100.0000 stroke3
movl 0 -53.0845 367.0711 177.4657 -161.4244 2.6260 45.2704 100.0000 stroke3
movl 0 -47.9667 360.2837 186.3522 -158.1561 1.9792 45.0079 100.0000 stroke3
movl 0 -45.9878 330.6382 240.3116 -147.1152 -4.3062 45.6498 100.0000 stroke3
movl 0 -19.9908 355.8447 208.6050 -144.8223 -12.8838 65.2973 100.0000 stroke4
movl 0 -27.7479 351.8296 176.0325 -148.7816 -14.1395 65.0708 100.0000 stroke4
movl 0 -33.1904 353.9410 171.3425 -150.9201 -15.9275 67.4276 100.0000 stroke4
movl 0 -36.3544 357.1379 168.2169 -153.5814 -15.4380 69.1443 100.0000 stroke4
movl 0 -37.5023 358.8062 167.1312 -153.7314 -14.3136 69.8695 100.0000 stroke4
movl 0 -38.8686 360.8848 166.4700 -154.5242 -13.9773 70.0977 100.0000 stroke4
movl 0 -40.3597 362.1989 165.9032 -155.9783 -13.2718 69.7934 100.0000 stroke4
movl 0 -42.2283 362.5890 166.6087 -157.4747 -13.2908 69.0800 100.0000 stroke4
movl 0 -43.1276 362.8219 166.5969 -158.3514 -13.1358 68.3920 100.0000 stroke4
movl 0 -44.3791 362.5751 166.4855 -158.7476 -13.6464 68.2281 100.0000 stroke4
movl 0 -44.0426 362.6950 166.7998 -159.1935 -13.9802 67.7295 100.0000 stroke4
movl 0 -42.5187 363.7082 166.9728 -159.5872 -14.0781 66.9382 100.0000 stroke4
movl 0 -40.7704 364.6880 167.1074 -160.0604 -14.2502 65.7140 100.0000 stroke4
movl 0 -38.8954 365.7976 167.2395 -160.8690 -14.5315 64.0862 100.0000 stroke4
movl 0 -37.3384 367.3419 167.0972 -161.8462 -14.8063 62.3919 100.0000 stroke4
movl 0 -36.1081 369.5531 166.7181 -162.7782 -14.9393 60.7107 100.0000 stroke4
movl 0 -35.1788 369.8174 166.7164 -162.6013 -14.7731 60.3782 100.0000 stroke4
movl 0 -32.5566 368.5936 168.1436 -160.7585 -14.5842 60.4364 100.0000 stroke4
movl 0 -31.8317 367.7239 168.6721 -160.0154 -14.6981 60.4161 100.0000 stroke4
movl 0 -31.5835 367.6534 169.0378 -159.8508 -14.7579 60.3924 100.0000 stroke4
movl 0 -31.4238 367.9056 168.8332 -160.1025 -14.5335 60.4527 100.0000 stroke4
movl 0 -31.3511 367.9477 168.7148 -160.7146 -13.7610 60.1853 100.0000 stroke4
movl 0 -30.3226 368.1348 168.7698 -160.8989 -13.3340 59.7972 100.0000 stroke4
movl 0 -29.7373 367.5860 168.3715 -160.8953 -12.9967 59.6862 100.0000 stroke4
movl 0 -28.5028 368.0190 168.6945 -160.2892 -12.4880 59.6637 100.0000 stroke4
movl 0 -29.4473 367.8276 168.9819 -159.3391 -11.6493 59.9903 100.0000 stroke4
movl 0 -29.3566 367.6380 169.2933 -158.9996 -11.4481 59.7258 100.0000 stroke4
movl 0 -25.9676 364.0176 179.2619 -154.1656 -10.3636 60.6233 100.0000 stroke4
movl 0 -2.6784 379.7594 211.8213 -143.6936 -10.3397 73.8740 100.0000 stroke5
movl 0 -0.7247 380.8102 183.4733 -143.3986 -7.6783 77.4885 100.0000 stroke5
movl 0 -0.5166 383.7310 174.2270 -143.6654 -10.9984 85.4302 100.0000 stroke5
movl 0 -5.6087 381.4835 172.7524 -146.4921 -8.9525 82.8245 100.0000 stroke5
movl 0 -10.8349 378.9041 174.3397 -150.1486 -6.8866 80.3269 100.0000 stroke5
movl 0 -16.6138 376.5204 174.5186 -152.3498 -8.3770 81.4895 100.0000 stroke5
movl 0 -21.0914 377.9707 172.6656 -153.8281 -9.5237 84.0341 100.0000 stroke5
movl 0 -23.7574 379.0906 171.3905 -154.6737 -9.4645 84.2186 100.0000 stroke5
movl 0 -25.2326 379.8654 170.3247 -154.9984 -9.3158 84.2199 100.0000 stroke5
movl 0 -26.7926 380.6170 169.3504 -155.3592 -9.1845 84.3991 100.0000 stroke5
movl 0 -27.4026 382.1334 168.7677 -155.9294 -7.9452 84.0587 100.0000 stroke5
movl 0 -27.7968 382.6153 168.6893 -156.5744 -6.9547 83.1719 100.0000 stroke5
movl 0 -27.6313 383.1525 168.7103 -156.8734 -6.0483 81.7997 100.0000 stroke5
movl 0 -28.4297 383.2819 168.7219 -157.0261 -5.3526 80.5358 100.0000 stroke5
movl 0 -29.0653 382.9572 168.9033 -157.1963 -4.7621 78.9218 100.0000 stroke5
movl 0 -29.2474 383.1387 168.8901 -157.3093 -4.0500 77.3663 100.0000 stroke5
movl 0 -30.1168 383.1509 168.9373 -157.5598 -3.4993 76.2002 100.0000 stroke5
movl 0 -29.9516 383.4473 168.8666 -157.5881 -2.9990 75.4391 100.0000 stroke5
movl 0 -29.9637 383.8136 168.8718 -157.7312 -2.6385 74.6440 100.0000 stroke5
movl 0 -29.7002 384.0898 168.8316 -157.8002 -2.2623 74.0173 100.0000 stroke5
movl 0 -29.8506 384.1973 169.0656 -157.9268 -1.7126 73.1846 100.0000 stroke5
movl 0 -29.6907 384.4128 169.2433 -158.0989 -1.1141 72.3673 100.0000 stroke5
movl 0 -29.9448 384.3315 169.3270 -158.2245 -0.6363 71.6140 100.0000 stroke5
movl 0 -29.9923 384.3643 169.6112 -158.3858 0.1971 70.4613 100.0000 stroke5
movl 0 -30.1341 384.0867 169.9656 -158.6399 0.9349 68.9889 100.0000 stroke5
movl 0 -30.1455 384.0242 170.3558 -159.0635 2.0400 67.2171 100.0000 stroke5
movl 0 -30.3737 384.1432 170.6470 -159.5380 3.2630 65.3853 100.0000 stroke5
movl 0 -30.4043 384.5205 170.8250 -160.2695 4.8771 63.2937 100.0000 stroke5
movl 0 -30.7787 384.8843 171.1804 -161.2081 6.8460 61.3858 100.0000 stroke5
movl 0 -30.2194 383.7781 171.7380 -160.5227 6.1234 61.1364 100.0000 stroke5
movl 0 -28.9260 383.2238 172.0159 -160.1879 5.6450 61.3400 100.0000 stroke5
movl 0 -29.9146 383.1855 172.0825 -160.9497 6.0418 61.2873 100.0000 stroke5
movl 0 -30.2090 382.9524 172.3134 -160.8746 5.6571 61.0658 100.0000 stroke5
movl 0 -29.9618 381.9320 172.3128 -160.0093 4.5370 61.5525 100.0000 stroke5
movl 0 -29.6807 381.5213 172.1168 -159.6314 3.8952 61.6456 100.0000 stroke5
movl 0 -29.5145 380.2305 172.4245 -158.9447 2.8927 61.9425 100.0000 stroke5
movl 0 -25.7184 371.9502 180.7779 -154.4425 -1.5271 63.4067 100.0000 stroke5
movl 0 -28.5979 356.1738 238.6993 -147.7124 -16.0484 68.0279 100.0000 stroke5
movl 0 -16.0472 368.6372 206.8873 -151.1917 -14.3666 79.8588 100.0000 stroke6
movl 0 -16.7590 362.5647 176.9280 -153.6766 -11.6906 78.2344 100.0000 stroke6
movl 0 -24.7159 359.4782 175.7184 -156.0250 -13.4299 78.1440 100.0000 stroke6
movl 0 -27.4240 360.8177 173.4995 -156.5576 -13.4048 79.1629 100.0000 stroke6
movl 0 -29.1789 362.6405 171.7079 -157.2444 -13.2239 79.9914 100.0000 stroke6
movl 0 -29.9442 363.3689 171.3383 -157.3620 -13.1160 80.0277 100.0000 stroke6
movl 0 -31.6740 364.4063 170.6688 -158.4656 -12.7885 79.8678 100.0000 stroke6
movl 0 -33.8259 364.5803 170.3358 -159.9380 -12.5249 79.5538 100.0000 stroke6
movl 0 -34.3463 364.6258 170.3266 -160.7088 -12.2689 78.8683 100.0000 stroke6
movl 0 -35.4646 364.5102 170.1755 -161.0015 -12.5105 78.5745 100.0000 stroke6
movl 0 -35.3102 365.3717 169.8662 -161.2392 -12.4263 77.8041 100.0000 stroke6
movl 0 -34.2626 366.6038 169.6727 -161.4988 -12.2727 76.9062 100.0000 stroke6
movl 0 -32.7261 367.8235 169.6149 -161.7391 -12.2056 75.8816 100.0000 stroke6
movl 0 -30.4833 369.6309 169.3406 -161.6865 -11.7759 74.7941 100.0000 stroke6
movl 0 -28.5100 368.7561 170.5587 -160.3069 -11.6117 74.5713 100.0000 stroke6
movl 0 -26.7539 368.9007 171.0949 -159.5138 -11.4503 74.3921 100.0000 stroke6
movl 0 -24.4483 371.3154 170.8639 -158.9004 -10.0564 74.1046 100.0000 stroke6
movl 0 -15.7905 379.7001 169.0638 -157.0020 -5.2948 73.1478 100.0000 stroke6
movl 0 -9.1852 385.9185 166.8190 -155.8081 -1.7481 71.9668 100.0000 stroke6
movl 0 -5.7607 389.8487 165.1567 -155.6616 0.4853 70.4597 100.0000 stroke6
movl 0 -0.5002 393.8179 163.6154 -154.8426 3.0023 69.2682 100.0000 stroke6
movl 0 3.6616 397.8281 161.9949 -154.2361 5.3388 68.3423 100.0000 stroke6
movl 0 5.1491 400.7558 160.8711 -154.0762 7.3021 67.9030 100.0000 stroke6
movl 0 4.9241 401.5549 160.5568 -153.9265 8.6206 67.7394 100.0000 stroke6
movl 0 4.5142 401.6663 160.6558 -154.2406 9.7812 67.2935 100.0000 stroke6
movl 0 4.0268 401.7833 161.1286 -154.7129 11.3241 66.6472 100.0000 stroke6
movl 0 3.4975 401.2861 161.6431 -155.1325 12.3347 66.0981 100.0000 stroke6
movl 0 3.3425 400.9148 162.2492 -155.3003 13.2499 65.6912 100.0000 stroke6
movl 0 3.3317 400.0135 162.7569 -155.2423 13.1085 65.4443 100.0000 stroke6
movl 0 2.9000 398.9189 163.2106 -155.2214 12.5565 64.9542 100.0000 stroke6
movl 0 2.3177 397.4421 164.0189 -155.3083 12.1146 63.7928 100.0000 stroke6
movl 0 1.3726 385.4153 177.7786 -151.9274 5.6960 63.1661 100.0000 stroke6
movl 0 -15.8278 371.7107 196.3670 -154.2068 -3.9283 69.4344 100.0000 stroke7
movl 0 -24.3193 367.2192 185.9128 -156.5991 -3.8537 68.9710 100.0000 stroke7
movl 0 -31.0704 367.1471 181.1412 -158.2367 -3.6020 68.5217 100.0000 stroke7
movl 0 -33.6992 367.4078 178.9469 -158.5766 -3.5105 69.6283 100.0000 stroke7
movl 0 -35.3516 368.7577 177.2432 -159.1259 -3.1879 69.9661 100.0000 stroke7
movl 0 -36.5085 369.5893 176.0437 -159.3802 -3.0266 70.1062 100.0000 stroke7
movl 0 -37.7205 370.6437 174.8736 -159.7063 -2.9037 70.0131 100.0000 stroke7
movl 0 -39.4939 370.9838 174.3657 -160.9844 -3.1102 69.3133 100.0000 stroke7
movl 0 -40.5797 370.9534 174.2909 -161.6790 -2.6475 68.8583 100.0000 stroke7
movl 0 -40.9138 370.4436 174.8104 -161.8664 -2.5773 68.3832 100.0000 stroke7
movl 0 -42.0194 370.3592 174.5854 -162.4107 -2.9093 67.8751 100.0000 stroke7
movl 0 -41.1478 371.0014 174.4405 -162.5488 -2.9600 67.2421 100.0000 stroke7
movl 0 -39.9337 371.3560 174.5560 -162.6596 -3.0230 66.7442 100.0000 stroke7
movl 0 -39.3369 371.6415 174.4642 -162.8802 -3.1290 66.4749 100.0000 stroke7
movl 0 -39.3865 371.2150 174.7841 -162.7586 -2.9794 66.6298 100.0000 stroke7
movl 0 -40.0048 370.6242 174.9906 -162.7893 -3.1305 66.6225 100.0000 stroke7
movl 0 -38.8362 371.7538 174.5309 -163.0603 -3.0508 66.0290 100.0000 stroke7
movl 0 -37.9147 372.4634 174.3090 -163.2955 -2.9477 65.3942 100.0000 stroke7
movl 0 -36.3868 373.3407 174.0679 -163.5799 -2.8670 64.5855 100.0000 stroke7
movl 0 -35.1276 374.2955 173.8301 -163.9724 -2.8383 63.5960 100.0000 stroke7
movl 0 -34.2552 373.5279 174.4531 -163.4526 -2.8398 63.6553 100.0000 stroke7
movl 0 -32.7355 372.5688 175.3916 -162.5342 -3.1045 63.6664 100.0000 stroke7
movl 0 -32.8398 372.9054 175.1837 -162.8661 -2.9093 63.6421 100.0000 stroke7
movl 0 -32.8366 372.9977 175.3526 -163.3930 -2.4500 63.4136 100.0000 stroke7
movl 0 -32.0854 372.9225 175.4165 -163.4351 -2.2485 63.1745 100.0000 stroke7
movl 0 -32.3233 372.5317 175.3674 -163.0120 -2.1227 63.7232 100.0000 stroke7
movl 0 -33.0665 371.9536 175.5056 -162.6105 -2.2293 64.3689 100.0000 stroke7
movl 0 -33.1104 371.7579 175.7384 -162.2195 -2.2914 64.5880 100.0000 stroke7
movl 0 -33.3795 371.5947 176.0118 -161.9227 -2.2981 64.7561 100.0000 stroke7
movl 0 -34.0225 371.0530 176.2392 -161.7869 -2.3191 64.8081 100.0000 stroke7
movl 0 -27.3105 354.9890 204.0435 -154.2718 -6.5568 66.4525 100.0000 stroke7
movl 0 -4.5935 374.0507 190.6668 -151.1261 -0.4111 70.6140 100.0000 stroke8
movl 0 -17.0299 364.7132 177.8026 -153.6955 -0.5373 70.3106 100.0000 stroke8
movl 0 -31.8118 358.2477 177.1112 -155.8747 -2.9169 71.3162 100.0000 stroke8
movl 0 -38.6352 356.0360 175.4508 -157.0255 -3.3351 72.0054 100.0000 stroke8
movl 0 -40.0418 356.8928 174.2936 -156.9678 -2.7137 72.3054 100.0000 stroke8
movl 0 -42.0393 357.2529 173.1381 -157.1440 -2.8816 72.1613 100.0000 stroke8
movl 0 -45.2738 356.9502 172.0413 -158.7630 -3.4308 71.7058 100.0000 stroke8
movl 0 -46.8696 356.6146 171.8400 -160.1982 -3.4364 71.0271 100.0000 stroke8
movl 0 -47.5144 356.5368 172.0686 -161.4052 -2.9702 70.5679 100.0000 stroke8
movl 0 -47.8298 356.1797 172.4663 -161.9865 -2.7106 70.3490 100.0000 stroke8
movl 0 -48.5008 355.8611 172.8290 -161.9390 -3.4462 70.2774 100.0000 stroke8
movl 0 -47.2846 356.5423 172.8514 -161.9713 -3.5812 69.8165 100.0000 stroke8
movl 0 -45.9002 357.1869 173.2228 -162.2039 -3.6325 69.1464 100.0000 stroke8
movl 0 -45.1234 357.9530 173.2434 -162.5098 -3.6084 68.4471 100.0000 stroke8
movl 0 -44.1680 358.3964 173.4862 -162.8849 -3.7112 67.7291 100.0000 stroke8
movl 0 -42.5241 359.2408 173.6277 -163.2452 -3.5748 66.9923 100.0000 stroke8
movl 0 -40.8455 360.2541 173.6217 -163.6939 -3.5242 65.9102 100.0000 stroke8
movl 0 -40.1342 360.8445 173.5846 -164.4415 -3.7569 64.7755 100.0000 stroke8
movl 0 -39.6887 361.3496 173.5475 -165.3528 -4.1110 63.5104 100.0000 stroke8
movl 0 -39.7858 361.3110 173.5260 -166.3077 -4.7802 62.0741 100.0000 stroke8
movl 0 -39.3544 362.0337 173.2136 -166.8839 -4.8700 60.9617 100.0000 stroke8
movl 0 -38.8289 360.7734 174.1386 -165.9461 -4.9024 61.1855 100.0000 stroke8
movl 0 -37.9460 360.2397 174.7309 -165.1803 -5.0808 61.2828 100.0000 stroke8
movl 0 -37.4850 359.8860 175.2502 -164.7617 -5.2032 61.2021 100.0000 stroke8
movl 0 -37.0785 359.7088 175.6651 -164.4753 -5.2604 61.0447 100.0000 stroke8
movl 0 -36.5409 359.6429 176.0344 -164.2239 -5.2787 60.9850 100.0000 stroke8
movl 0 -36.2910 359.5466 176.3907 -164.0727 -5.2704 60.9292 100.0000 stroke8
movl 0 -35.7826 359.4654 176.5673 -164.0126 -5.2775 60.8296 100.0000 stroke8
movl 0 -35.6181 359.6032 176.4353 -164.2335 -5.0139 60.7447 100.0000 stroke8
movl 0 -35.9287 359.8417 176.3647 -164.7442 -4.5532 60.7262 100.0000 stroke8
movl 0 -36.0389 360.3111 176.3007 -165.2323 -4.0216 60.4965 100.0000 stroke8
movl 0 -35.8648 360.7347 176.0095 -165.5098 -3.7534 60.5773 100.0000 stroke8
movl 0 -35.5564 361.0419 175.9271 -165.8262 -3.3868 60.4583 100.0000 stroke8
movl 0 -35.1613 360.9590 175.8806 -166.0831 -3.1025 60.3839 100.0000 stroke8
movl 0 -34.5044 360.4092 176.0261 -166.0733 -3.0729 60.3407 100.0000 stroke8
movl 0 -34.0396 359.6830 176.3993 -165.8837 -3.1067 60.3367 100.0000 stroke8
movl 0 -34.3403 359.2037 176.3374 -165.4064 -3.2402 61.1124 100.0000 stroke8
movl 0 -34.6975 358.5018 176.7234 -164.3593 -3.9270 62.5333 100.0000 stroke8
movl 0 -35.2618 357.9616 177.2341 -163.7473 -4.3070 63.1483 100.0000 stroke8
movl 0 -35.9940 357.4040 177.4857 -163.3876 -4.5272 63.5679 100.0000 stroke8
movl 0 -36.2564 357.1182 177.5793 -163.1102 -4.6486 63.8257 100.0000 stroke8
movl 0 -35.4950 356.9075 177.8366 -162.2967 -4.5210 64.6290 100.0000 stroke8
movl 0 -19.4273 355.3541 186.6820 -153.6897 -5.6915 68.3929 100.0000 stroke8
movl 0 -7.9045 350.0114 226.0536 -142.6211 -20.6747 74.8093 100.0000 stroke8
movl 0 39.3313 416.1888 195.8671 -138.3265 -11.0069 89.7409 100.0000 stroke9
movl 0 27.8572 413.3903 166.1191 -143.6156 -21.7326 98.0371 100.0000 stroke9
movl 0 15.7276 411.8847 162.5373 -152.5241 -24.8861 104.0469 100.0000 stroke9
movl 0 11.8943 414.6076 158.5977 -154.2949 -24.6281 106.6480 100.0000 stroke9
movl 0 10.0481 415.2866 157.8656 -154.4756 -25.5067 107.9683 100.0000 stroke9
movl 0 7.7116 415.8842 157.0822 -154.4870 -24.7077 107.5657 100.0000 stroke9
movl 0 4.6850 417.1544 156.6703 -154.8371 -21.5554 104.6047 100.0000 stroke9
movl 0 2.9879 417.7171 156.6833 -155.0091 -18.7478 101.0464 100.0000 stroke9
movl 0 2.7502 417.6442 156.9916 -154.4342 -16.7596 97.3912 100.0000 stroke9
movl 0 3.0601 418.3372 156.9458 -153.9072 -14.6994 94.0859 100.0000 stroke9
movl 0 2.6065 418.3578 157.1598 -153.1280 -12.4448 90.8266 100.0000 stroke9
movl 0 0.5594 416.8249 157.8829 -152.6815 -10.2315 86.2777 100.0000 stroke9
movl 0 -1.9835 415.0793 158.6592 -152.4180 -7.6447 80.6585 100.0000 stroke9
movl 0 -3.7451 415.0089 159.0425 -152.7697 -6.4217 78.4040 100.0000 stroke9
movl 0 -3.7075 415.2770 159.0702 -152.6643 -5.7873 77.4227 100.0000 stroke9
movl 0 -4.0854 415.1427 159.2280 -152.5448 -4.9820 76.3445 100.0000 stroke9
movl 0 -4.1102 415.2711 159.0357 -152.3969 -4.2531 75.3837 100.0000 stroke9
movl 0 -4.1264 415.2748 159.0677 -152.3042 -3.4597 74.1374 100.0000 stroke9
movl 0 -4.7106 414.8685 159.3186 -152.5409 -2.8676 73.2019 100.0000 stroke9
movl 0 -4.4632 414.8659 159.8732 -152.6824 -1.8010 72.2653 100.0000 stroke9
movl 0 -4.4799 414.9636 160.2387 -152.9513 -0.6087 71.2979 100.0000 stroke9
movl 0 -4.1518 415.0254 160.7861 -153.2569 0.8130 70.0023 100.0000 stroke9
movl 0 -3.9980 415.2773 161.3811 -153.7978 2.3748 68.5096 100.0000 stroke9
movl 0 -3.7917 415.5944 161.8741 -154.3370 3.7976 67.2367 100.0000 stroke9
movl 0 -3.9666 415.6356 162.4915 -154.9114 4.7981 66.3317 100.0000 stroke9
movl 0 -3.9973 415.6592 163.0731 -155.4646 5.8474 65.2585 100.0000 stroke9
movl 0 -3.8559 415.7467 163.7090 -156.0951 6.9716 64.0284 100.0000 stroke9
movl 0 -3.6381 416.0195 164.3306 -156.8701 8.0861 62.7792 100.0000 stroke9
movl 0 -3.5395 415.9875 164.9405 -157.5385 9.1458 61.4881 100.0000 stroke9
movl 0 -3.3835 415.8715 165.5409 -158.2751 10.1482 60.1179 100.0000 stroke9
movl 0 -3.4127 415.9985 166.2510 -159.4195 11.3736 58.2340 100.0000 stroke9
movl 0 -3.3379 416.2441 166.9025 -160.7596 12.7903 55.8563 100.0000 stroke9
movl 0 -3.3984 416.7034 167.6619 -162.4082 14.1407 53.6088 100.0000 stroke9
movl 0 -3.5266 417.3808 168.3967 -164.0089 15.4824 51.3484 100.0000 stroke9
movl 0 -3.7519 418.1078 169.0498 -166.1601 16.9433 48.2851 100.0000 stroke9
movl 0 -4.2171 418.9839 169.4647 -168.6373 18.1061 45.2298 100.0000 stroke9
movl 0 -5.0631 420.0262 169.7109 -171.6891 19.1648 41.5787 100.0000 stroke9
movl 0 -5.8121 421.0735 169.9041 -174.8159 19.8655 38.1862 100.0000 stroke9
movl 0 -7.0881 422.1784 169.9681 -177.8937 19.8584 35.2274 100.0000 stroke9
movl 0 -8.4739 423.8420 169.8716 178.5456 19.6425 31.7118 100.0000 stroke9
movl 0 -10.1363 425.2292 169.2591 175.5330 18.9868 28.9099 100.0000 stroke9
movl 0 -11.8686 426.5327 168.4249 172.7835 18.0621 26.2487 100.0000 stroke9
movl 0 -13.0687 427.5608 167.8204 170.4974 17.1225 24.3146 100.0000 stroke9
movl 0 -14.0961 428.5404 167.1452 168.7169 16.2557 23.1719 100.0000 stroke9
movl 0 -14.2447 429.5233 166.7227 167.8998 16.0638 23.8619 100.0000 stroke9
movl 0 -13.8334 429.4018 166.6833 167.5704 15.8889 23.8572 100.0000 stroke9
movl 0 -12.6330 427.3037 168.3320 168.7081 16.5402 24.1618 100.0000 stroke9
movl 0 -10.7244 426.3425 168.9106 169.3793 16.8909 23.8645 100.0000 stroke9
movl 0 -10.9824 426.1022 168.6586 168.6547 16.5873 23.3744 100.0000 stroke9
movl 0 -10.8291 425.2066 168.8706 168.8223 16.7392 23.6329 100.0000 stroke9
movl 0 -9.1304 423.5166 170.4958 170.1822 17.1650 23.7792 100.0000 stroke9
movl 0 -7.4560 423.2058 170.8779 170.2020 17.3372 23.1954 100.0000 stroke9
movl 0 -7.9773 421.9900 171.1737 169.7688 16.6837 21.4858 100.0000 stroke9
movl 0 -6.7053 420.7981 172.3906 170.5679 16.6659 20.4400 100.0000 stroke9
movl 0 -6.6351 421.0749 171.7520 169.5795 16.3381 19.6951 100.0000 stroke9
movl 0 -5.2615 419.6698 172.6507 170.5018 16.5650 19.4424 100.0000 stroke9
movl 0 -4.4756 419.1493 172.8824 171.2063 16.8531 20.0701 100.0000 stroke9
movl 0 -3.7232 417.0837 174.2968 173.2502 17.2012 20.9387 100.0000 stroke9
movl 0 -3.1830 415.8934 175.4468 174.4713 17.3615 20.8566 100.0000 stroke9
movl 0 -2.4113 414.8370 176.3184 175.2605 17.5081 20.7653 100.0000 stroke9
movl 0 -1.7863 414.0617 176.9949 175.8912 17.7590 20.5413 100.0000 stroke9
movl 0 -1.4334 412.2523 178.4154 176.6671 17.9003 20.2487 100.0000 stroke9
movl 0 -2.7111 410.6142 179.0338 177.0931 17.9812 20.0038 100.0000 stroke9
movl 0 -5.4332 407.9190 178.7236 177.3189 16.2983 19.8668 100.0000 stroke9
movl 0 -6.4357 406.0751 178.7957 176.9607 14.8175 19.0156 100.0000 stroke9
movl 0 -9.5308 403.6393 178.6489 176.5437 13.4144 18.6281 100.0000 stroke9
movl 0 -12.2200 401.3733 178.5827 176.2869 12.3668 17.9317 100.0000 stroke9
movl 0 -14.1618 398.9176 178.5246 176.9603 11.4561 16.9875 100.0000 stroke9
movl 0 -14.6861 398.1153 178.4972 177.7700 10.9458 14.6694 100.0000 stroke9
movl 0 -15.5801 397.0323 178.4133 178.3026 10.2165 13.0860 100.0000 stroke9
movl 0 -15.8375 396.5520 178.6037 178.3828 9.9680 12.2250 100.0000 stroke9
movl 0 -17.1791 394.5991 179.3591 178.5941 9.5040 11.2527 100.0000 stroke9
movl 0 -16.6153 395.2464 179.2298 178.8407 9.2949 9.1831 100.0000 stroke9
movl 0 -16.1107 395.6273 179.1342 178.9038 8.9796 8.2596 100.0000 stroke9
movl 0 -17.0607 393.7705 180.0652 179.1051 8.9433 8.1678 100.0000 stroke9
movl 0 -18.4209 392.6808 180.5308 179.3804 8.5401 7.0915 100.0000 stroke9
movl 0 -16.0134 394.7167 180.5047 179.4696 8.6815 5.8745 100.0000 stroke9
movl 0 -15.7068 393.9526 181.1532 179.6664 8.9003 6.2895 100.0000 stroke9
movl 0 -14.8388 394.8547 181.1725 179.7189 8.9437 6.1339 100.0000 stroke9
movl 0 -14.0253 396.0444 180.8462 179.8068 8.8912 6.2985 100.0000 stroke9
movl 0 -13.3605 396.7087 180.9356 179.9324 8.9795 6.4834 100.0000 stroke9
movl 0 -12.8313 397.2985 180.9311 -179.9962 9.0209 6.6708 100.0000 stroke9
movl 0 -12.3377 397.6388 181.1152 -179.8425 9.1126 6.7984 100.0000 stroke9
movl 0 -11.4034 397.8028 181.4572 -179.5483 9.4030 7.4867 100.0000 stroke9
movl 0 -10.9549 398.0571 181.6652 -179.3671 9.4787 7.7457 100.0000 stroke9
movl 0 -10.6299 398.2707 181.9250 -179.2689 9.5364 7.7100 100.0000 stroke9
movl 0 -10.3158 398.0935 182.0364 -179.0831 9.6234 8.0377 100.0000 stroke9
movl 0 -9.6257 397.5192 182.8051 -178.5709 9.7862 8.2212 100.0000 stroke9
movl 0 -2.6443 388.4931 193.0842 -173.4275 11.6075 10.8541 100.0000 stroke9
movl 0 0.9880 370.3542 233.7436 -157.1210 9.0381 25.1181 100.0000 stroke9
movl 0 21.2660 396.7808 230.7608 -144.4773 -8.9450 72.0120 100.0000 stroke10
movl 0 20.5000 390.0927 189.5990 -147.3901 -3.4003 70.7598 100.0000 stroke10
movl 0 13.5820 388.0693 175.0381 -150.1771 -3.6219 71.0602 100.0000 stroke10
movl 0 8.4557 385.9899 174.2896 -153.2354 -4.0967 70.4828 100.0000 stroke10
movl 0 8.3520 386.2972 172.8285 -153.9454 -2.2908 68.6868 100.0000 stroke10
movl 0 7.7907 386.1788 173.2188 -154.3531 -1.6253 65.9846 100.0000 stroke10
movl 0 6.3283 386.9597 172.7885 -155.6498 -0.2643 62.4632 100.0000 stroke10
movl 0 5.1539 388.5388 172.2873 -157.3562 1.7905 59.7636 100.0000 stroke10
movl 0 3.8559 390.3903 171.6652 -159.3687 4.0070 56.0394 100.0000 stroke10
movl 0 3.1286 391.3598 171.3680 -160.7397 5.3093 53.2839 100.0000 stroke10
movl 0 3.5609 392.5249 171.3155 -161.8091 6.7588 50.5283 100.0000 stroke10
movl 0 2.2322 391.9054 171.4386 -162.3469 6.9299 49.0957 100.0000 stroke10
movl 0 1.4484 391.7908 171.5568 -162.5868 6.9591 48.4830 100.0000 stroke10
movl 0 0.3517 392.1516 171.2471 -162.9488 7.2485 48.2257 100.0000 stroke10
movl 0 -0.3375 392.4026 171.2125 -163.1458 7.6368 47.9879 100.0000 stroke10
movl 0 -0.9720 392.3577 171.1640 -163.3385 8.0368 47.6473 100.0000 stroke10
movl 0 -1.6442 391.9212 171.2057 -163.4021 8.2888 47.4507 100.0000 stroke10
movl 0 -1.9832 392.0565 171.1578 -163.4885 8.4770 47.2879 100.0000 stroke10
movl 0 -0.2501 393.4280 170.8933 -163.3748 8.5991 47.3660 100.0000 stroke10
movl 0 1.4663 394.7382 170.5038 -163.4382 9.0060 47.0221 100.0000 stroke10
movl 0 2.1492 395.7276 170.0589 -163.2427 9.9768 47.5735 100.0000 stroke10
movl 0 1.2799 395.4279 170.1049 -163.1428 10.1686 47.9410 100.0000 stroke10
movl 0 1.6246 395.4065 170.2292 -163.0660 10.2417 47.8839 100.0000 stroke10
movl 0 0.8419 395.0188 170.3574 -163.3695 10.4629 47.7281 100.0000 stroke10
movl 0 -0.1775 394.3068 170.7478 -163.6678 10.7025 47.7420 100.0000 stroke10
movl 0 -1.0610 393.7667 171.0385 -164.0146 11.1214 47.4889 100.0000 stroke10
movl 0 -2.1892 392.9128 171.4048 -164.2137 11.3522 47.5748 100.0000 stroke10
movl 0 -3.2312 392.1993 171.6539 -164.4146 11.6771 47.7204 100.0000 stroke10
movl 0 -4.4913 391.3647 172.0105 -164.3551 11.7454 48.1610 100.0000 stroke10
movl 0 -5.3941 390.5252 172.3915 -164.1847 11.8968 48.6084 100.0000 stroke10
movl 0 -6.2362 389.6976 172.9088 -164.0298 11.9329 48.9745 100.0000 stroke10
movl 0 -7.0239 389.1397 173.2575 -163.9733 11.9679 49.0684 100.0000 stroke10
movl 0 -7.5416 388.6258 173.6397 -163.8472 12.0271 49.2180 100.0000 stroke10
movl 0 -7.8581 388.2383 174.0020 -163.6072 12.0740 49.3815 100.0000 stroke10
movl 0 -8.2837 387.6319 174.4914 -163.4089 12.0727 49.4877 100.0000 stroke10
movl 0 -8.7479 387.5227 174.6597 -163.3524 12.0782 49.5316 100.0000 stroke10
movl 0 -8.9937 387.3147 174.9346 -163.2317 12.1331 49.5200 100.0000 stroke10
movl 0 -9.5041 387.1026 175.2024 -163.0934 12.1654 49.5077 100.0000 stroke10
movl 0 -8.4635 385.3592 176.8959 -161.4522 12.5281 50.3544 100.0000 stroke10
movl 0 -10.5338 372.5437 205.5552 -152.6945 7.6195 55.5706 100.0000 stroke10
movl 0 12.4234 438.7617 249.9525 -145.0334 8.6462 68.7985 100.0000 stroke11
movl 0 7.0004 423.5273 199.8466 -154.4647 13.5051 55.9261 100.0000 stroke11
movl 0 -7.6967 409.3435 183.6696 -159.0412 8.0262 48.6495 100.0000 stroke11
movl 0 -15.4176 406.0300 181.1917 -158.7319 4.9052 48.2015 100.0000 stroke11
movl 0 -15.3596 408.5444 178.9659 -159.1409 5.4962 46.3318 100.0000 stroke11
movl 0 -18.6181 408.0788 178.3487 -159.6982 5.2606 45.6863 100.0000 stroke11
movl 0 -19.0815 409.4474 177.7482 -160.4583 6.2023 43.6099 100.0000 stroke11
movl 0 -19.7896 409.8495 177.0469 -160.8826 6.3144 42.9028 100.0000 stroke11
movl 0 -22.0434 409.7941 176.4290 -161.7644 5.6121 42.1071 100.0000 stroke11
movl 0 -26.2222 408.8991 176.2587 -163.2550 4.4153 40.7351 100.0000 stroke11
movl 0 -29.6378 408.0744 176.0750 -164.5472 3.3620 38.8706 100.0000 stroke11
movl 0 -33.4229 407.1115 175.7490 -165.6900 1.9631 36.9176 100.0000 stroke11
movl 0 -36.9942 406.3156 175.4104 -166.7569 0.3688 35.0381 100.0000 stroke11
movl 0 -40.5453 406.0221 174.7644 -167.9543 -0.9028 32.9337 100.0000 stroke11
movl 0 -41.4717 405.5074 174.7337 -168.0706 -1.1668 32.1272 100.0000 stroke11
movl 0 -40.3227 404.3608 176.0058 -166.8811 -1.0018 31.9885 100.0000 stroke11
movl 0 -40.0444 403.8439 176.5785 -166.4690 -1.0462 31.8933 100.0000 stroke11
movl 0 -39.3514 403.8326 177.1047 -166.2912 -1.0361 31.4579 100.0000 stroke11
movl 0 -38.1651 404.3064 177.5207 -166.3421 -0.7749 30.9683 100.0000 stroke11
movl 0 -38.3669 404.4712 177.2853 -166.8953 -0.1880 31.5985 100.0000 stroke11
movl 0 -38.7205 405.3288 176.9293 -167.9860 0.4183 31.9066 100.0000 stroke11
movl 0 -38.9235 405.6853 176.8527 -168.7602 0.6960 32.0143 100.0000 stroke11
movl 0 -38.3587 405.3687 176.9884 -168.7636 0.7653 31.9832 100.0000 stroke11
movl 0 -37.7091 405.0145 177.2627 -168.1995 0.9616 32.4080 100.0000 stroke11
movl 0 -36.8045 403.8173 178.0042 -166.7908 0.8135 33.6438 100.0000 stroke11
movl 0 -36.2788 403.4519 178.3125 -166.1704 0.9617 34.5518 100.0000 stroke11
movl 0 -36.5054 403.2724 178.5859 -165.6502 1.0006 35.3710 100.0000 stroke11
movl 0 -36.8918 402.6627 178.9147 -165.0000 0.6539 36.3002 100.0000 stroke11
movl 0 -36.8779 402.0594 179.4297 -164.4826 0.5931 36.8454 100.0000 stroke11
movl 0 -37.2664 402.0599 179.6561 -164.4908 0.6893 36.8455 100.0000 stroke11
movl 0 -36.6491 401.9241 179.7344 -164.5349 0.7524 36.7160 100.0000 stroke11
movl 0 -35.4715 396.1344 188.7997 -162.2468 0.0944 37.3174 100.0000 stroke11
