movl 0 -13.0876 427.6529 228.4257 172.2795 33.0038 -56.7630 100.0000 stroke1
movl 0 -12.2445 426.7376 208.8657 170.4979 31.3646 -59.5065 100.0000 stroke1
movl 0 -14.7677 426.7202 202.9943 169.2458 29.4023 -62.0795 100.0000 stroke1
movl 0 -15.7814 428.9520 196.1730 165.8704 24.9241 -67.8779 100.0000 stroke1
movl 0 -15.5150 429.7202 192.3279 165.3309 23.1536 -69.9173 100.0000 stroke1
movl 0 -17.1136 432.7840 187.3518 165.5532 21.5765 -69.0088 100.0000 stroke1
movl 0 -19.7072 435.2108 184.4509 166.2155 20.3811 -67.9144 100.0000 stroke1
movl 0 -23.3469 436.0021 183.3604 165.8207 18.1091 -71.4625 100.0000 stroke1
movl 0 -25.9663 435.8517 182.3478 166.0378 17.0152 -72.7055 100.0000 stroke1
movl 0 -27.3164 436.7395 181.3694 165.7388 16.1488 -73.8833 100.0000 stroke1
movl 0 -27.8826 437.2696 180.9165 165.7071 15.8325 -74.1977 100.0000 stroke1
movl 0 -29.5726 439.1595 179.2900 166.1021 14.7804 -74.3152 100.0000 stroke1
movl 0 -31.4353 441.9159 177.7188 166.7457 13.0934 -73.7991 100.0000 stroke1
movl 0 -31.4662 443.6187 176.7647 166.9664 12.0187 -74.2409 100.0000 stroke1
movl 0 -30.8474 445.4172 175.9728 167.0110 11.0088 -75.4395 100.0000 stroke1
movl 0 -30.5801 446.4392 175.4912 166.8392 10.3285 -76.1682 100.0000 stroke1
movl 0 -31.8925 446.1746 175.8646 166.6555 9.6074 -77.0713 100.0000 stroke1
movl 0 -32.3569 446.1260 176.0119 166.2838 8.9578 -78.0496 100.0000 stroke1
movl 0 -33.0026 445.9757 176.1726 165.9617 8.3414 -78.4608 100.0000 stroke1
movl 0 -32.3651 444.8309 176.9201 166.1503 9.4180 -78.5092 100.0000 stroke1
movl 0 -30.5222 445.5175 176.5475 166.2657 9.7868 -79.3328 100.0000 stroke1
movl 0 -30.8916 446.2466 176.2272 166.2126 9.1159 -79.9230 100.0000 stroke1
movl 0 -31.6136 447.4333 176.1096 165.4662 6.9233 -81.0892 100.0000 stroke1
movl 0 -33.3601 446.3192 177.2053 165.4367 6.0114 -82.1361 100.0000 stroke1
movl 0 -32.2344 444.2803 178.2868 165.3398 7.2870 -83.9787 100.0000 stroke1
movl 0 -32.6676 444.9395 178.0080 165.1939 5.9490 -85.9003 100.0000 stroke1
movl 0 -34.9970 443.8719 178.7948 165.3544 4.9039 -87.3774 100.0000 stroke1
movl 0 -33.4889 443.5058 179.2647 164.9797 5.1216 -88.7966 100.0000 stroke1
movl 0 -35.2351 443.1240 179.2591 165.2765 4.3390 -89.2587 100.0000 stroke1
movl 0 -35.6537 442.8926 179.3665 165.1246 4.0005 -90.0708 100.0000 stroke1
movl 0 -35.0731 442.8407 179.4851 165.0212 3.9953 -91.3896 100.0000 stroke1
movl 0 -35.4010 442.7704 179.5110 165.0659 3.7840 -92.7050 100.0000 stroke1
movl 0 -36.1193 442.8061 179.8388 165.2763 3.7419 -93.4125 100.0000 stroke1
movl 0 -36.1920 441.4001 181.3965 165.3518 4.4447 -94.2909 100.0000 stroke1
movl 0 -37.8830 433.3788 198.2962 165.4200 8.3788 -95.3644 100.0000 stroke1
movl 0 -27.8310 397.8325 227.5693 166.0096 22.1050 -79.0912 100.0000 stroke2
movl 0 -32.7208 398.5662 193.4612 165.9691 19.3119 -79.0865 100.0000 stroke2
movl 0 -42.9515 398.6125 189.5175 167.6105 19.3417 -77.4985 100.0000 stroke2
movl 0 -51.5338 401.1852 185.4317 168.3733 18.5032 -77.1771 100.0000 stroke2
movl 0 -54.3613 402.4518 185.0756 168.8851 18.5456 -76.9151 100.0000 stroke2
movl 0 -55.1541 403.9615 183.8022 168.8292 17.9117 -77.0707 100.0000 stroke2
movl 0 -56.5720 404.9176 182.9655 168.8205 17.2790 -77.3859 100.0000 stroke2
movl 0 -57.5888 405.7867 182.2978 168.7732 16.7537 -77.7280 100.0000 stroke2
movl 0 -59.4728 407.7113 180.8244 169.4845 15.4802 -78.8444 100.0000 stroke2
movl 0 -61.7024 409.0489 179.4855 170.4748 14.6448 -79.5558 100.0000 stroke2
movl 0 -63.4051 410.4166 178.8357 171.2645 13.4667 -80.3468 100.0000 stroke2
movl 0 -64.1160 411.1402 179.1279 171.5357 12.2748 -81.8539 100.0000 stroke2
movl 0 -65.1543 410.4983 179.0643 172.0839 13.0075 -81.2536 100.0000 stroke2
movl 0 -64.9020 411.1188 178.6208 172.3219 12.9883 -81.1635 100.0000 stroke2
movl 0 -64.2314 411.4766 178.5253 172.5381 13.0806 -81.2004 100.0000 stroke2
movl 0 -63.0100 412.0238 178.4797 172.6527 13.0804 -81.1389 100.0000 stroke2
movl 0 -62.4692 412.2376 178.6000 172.7716 13.0681 -81.3257 100.0000 stroke2
movl 0 -61.0968 412.6936 178.7084 172.8404 12.9512 -81.8024 100.0000 stroke2
movl 0 -59.2818 413.5647 178.8605 172.8966 12.9042 -82.6248 100.0000 stroke2
movl 0 -57.6234 414.1141 179.0305 173.0096 12.8723 -83.1618 100.0000 stroke2
movl 0 -55.8797 414.7893 179.1724 173.1284 12.7166 -83.6601 100.0000 stroke2
movl 0 -54.1119 415.7043 179.2225 173.0241 12.4855 -84.3756 100.0000 stroke2
movl 0 -53.2717 416.0741 179.2680 173.2169 12.5730 -85.0262 100.0000 stroke2
movl 0 -51.8233 416.6467 179.2869 173.3039 12.4323 -85.4796 100.0000 stroke2
movl 0 -49.8806 417.5145 179.2985 173.3350 12.4286 -86.2371 100.0000 stroke2
movl 0 -48.0302 418.4735 179.2391 173.3572 12.2932 -87.0328 100.0000 stroke2
movl 0 -46.1732 419.3131 179.4159 173.5328 12.2706 -87.9105 100.0000 stroke2
movl 0 -44.6397 420.3145 179.1042 174.0402 12.2150 -88.7376 100.0000 stroke2
movl 0 -44.1344 420.2897 179.3191 174.5635 12.3955 -89.7741 100.0000 stroke2
movl 0 -44.4301 420.0138 179.2682 174.6563 12.4981 -89.8664 100.0000 stroke2
movl 0 -42.9321 418.4722 180.3184 173.8808 13.1832 -89.5644 100.0000 stroke2
movl 0 -42.3584 417.7529 181.0210 173.6872 13.5785 -89.7723 100.0000 stroke2
movl 0 -41.8845 417.3145 181.6859 173.5110 13.8833 -90.1830 100.0000 stroke2
movl 0 -41.9575 417.1378 181.8227 173.5782 13.9456 -90.2465 100.0000 stroke2
movl 0 -42.4702 417.3223 181.3973 173.8657 13.5921 -90.0524 100.0000 stroke2
movl 0 -42.3535 417.5795 181.2254 174.0204 13.0305 -90.3501 100.0000 stroke2
movl 0 -41.1567 417.5831 180.5580 173.8729 12.6939 -90.6480 100.0000 stroke2
movl 0 -41.6428 417.1593 180.6362 173.7234 12.6294 -90.4511 100.0000 stroke2
movl 0 -42.8774 416.6303 180.9334 173.6259 12.7257 -90.1730 100.0000 stroke2
movl 0 -42.4708 416.7667 180.9462 173.4239 12.6568 -90.2781 100.0000 stroke2
movl 0 -42.7388 416.6333 181.1265 173.3674 12.6865 -90.2617 100.0000 stroke2
movl 0 -42.4938 414.9827 183.2925 172.9174 13.3181 -90.2909 100.0000 stroke2
movl 0 -44.9690 407.1221 202.5005 172.4097 17.0315 -89.6618 100.0000 stroke2
movl 0 -45.4765 394.7611 242.4061 169.1137 20.8107 -71.6339 100.0000 stroke3
movl 0 -48.1435 396.7463 203.7043 169.1876 19.0758 -69.9400 100.0000 stroke3
movl 0 -50.3009 396.6996 186.3765 169.3702 18.0791 -70.5576 100.0000 stroke3
movl 0 -49.8784 395.5465 187.1506 169.5734 19.0919 -71.5743 100.0000 stroke3
movl 0 -52.6981 395.8780 183.5895 170.2866 18.6272 -71.4413 100.0000 stroke3
movl 0 -53.7074 396.5321 183.0168 170.6762 18.4486 -71.2154 100.0000 stroke3
movl 0 -52.9112 397.3481 182.6837 170.6097 18.2937 -71.6186 100.0000 stroke3
movl 0 -52.7649 398.8903 181.7196 170.4467 17.8756 -72.0501 100.0000 stroke3
movl 0 -54.6152 401.3219 179.8685 170.7850 16.3976 -72.0014 100.0000 stroke3
movl 0 -54.4512 404.0478 178.6023 170.3853 14.5432 -73.0789 100.0000 stroke3
movl 0 -54.1925 405.9421 178.0789 170.2956 13.6024 -74.1760 100.0000 stroke3
movl 0 -54.3414 407.6507 177.6450 169.8664 12.8439 -74.4618 100.0000 stroke3
movl 0 -54.5550 407.9899 177.5630 169.4631 12.4688 -74.5118 100.0000 stroke3
movl 0 -54.8982 408.0300 177.5308 169.2372 12.0919 -75.0767 100.0000 stroke3
movl 0 -55.4119 407.5652 177.6771 169.0735 11.8140 -75.5227 100.0000 stroke3
movl 0 -56.4161 407.4368 177.9851 169.0238 11.2495 -76.2342 100.0000 stroke3
movl 0 -57.1169 406.9241 178.3322 168.9513 10.8986 -76.8352 100.0000 stroke3
movl 0 -57.4558 406.6155 178.6266 168.7878 10.4922 -77.5823 100.0000 stroke3
movl 0 -57.9957 405.8972 179.0822 168.7291 10.2092 -77.9116 100.0000 stroke3
movl 0 -58.2108 405.3701 179.4649 168.5733 9.7582 -78.5685 100.0000 stroke3
movl 0 -58.6642 404.9265 179.6650 168.4378 9.3159 -79.0315 100.0000 stroke3
movl 0 -59.3318 404.4875 179.8612 168.4022 8.9656 -79.3915 100.0000 stroke3
movl 0 -59.7003 403.9850 180.1000 168.3154 8.6352 -79.7138 100.0000 stroke3
movl 0 -60.1740 403.4954 180.2812 168.2857 8.2851 -80.0770 100.0000 stroke3
movl 0 -60.5601 403.0037 180.5837 168.1307 7.9009 -80.3885 100.0000 stroke3
movl 0 -60.9873 402.5990 180.6746 168.1230 7.5102 -80.7054 100.0000 stroke3
movl 0 -61.5281 402.0328 180.8611 168.0327 7.0606 -81.0070 100.0000 stroke3
movl 0 -62.1663 401.3923 181.0082 167.9950 6.6913 -81.1631 100.0000 stroke3
movl 0 -62.7019 400.7456 181.1740 167.9513 6.3036 -81.4458 100.0000 stroke3
movl 0 -63.7634 400.0786 181.2074 167.9939 5.9781 -81.4182 100.0000 stroke3
movl 0 -64.8344 399.3233 181.2923 168.0631 5.6078 -81.3726 100.0000 stroke3
movl 0 -65.4782 398.2150 181.6406 168.0635 5.3432 -81.7147 100.0000 stroke3
movl 0 -66.5068 397.4641 181.8639 168.0915 4.9002 -82.0616 100.0000 stroke3
movl 0 -67.5200 396.9168 181.8729 168.1518 4.4912 -82.1921 100.0000 stroke3
movl 0 -68.5145 396.0916 182.0779 168.1348 4.1268 -82.1463 100.0000 stroke3
movl 0 -69.8154 395.0850 182.2969 168.2202 3.7995 -82.0980 100.0000 stroke3
movl 0 -71.0930 394.0754 182.5386 168.2302 3.4754 -81.8419 100.0000 stroke3
movl 0 -72.2596 392.9243 182.8969 168.2730 3.2436 -81.6951 100.0000 stroke3
movl 0 -73.4852 392.0251 183.2448 168.2790 2.9057 -81.5732 100.0000 stroke3
movl 0 -74.5479 391.2804 183.4127 168.2760 2.6274 -81.3362 100.0000 stroke3
movl 0 -75.8281 390.3535 183.6101 168.3017 2.4986 -80.9204 100.0000 stroke3
movl 0 -77.1895 389.4037 183.7501 168.2981 2.3611 -80.3882 100.0000 stroke3
movl 0 -78.3705 388.5458 184.0026 168.2611 2.2121 -80.0158 100.0000 stroke3
movl 0 -79.5301 387.7640 184.2811 168.2509 2.0506 -79.7071 100.0000 stroke3
movl 0 -80.7182 387.1258 184.5116 168.2187 1.9217 -79.4666 100.0000 stroke3
movl 0 -81.7592 386.6546 184.6998 168.2281 1.8568 -79.2643 100.0000 stroke3
movl 0 -83.0305 386.3097 184.7606 168.3178 1.7254 -79.1811 100.0000 stroke3
movl 0 -84.1957 385.7829 184.8980 168.3489 1.6458 -79.0282 100.0000 stroke3
movl 0 -84.8277 385.3268 185.2433 168.3101 1.6509 -78.9360 100.0000 stroke3
movl 0 -85.3368 384.8971 185.7205 168.2215 1.5731 -79.0614 100.0000 stroke3
movl 0 -85.8413 384.2911 186.4820 168.0897 1.6679 -79.0393 100.0000 stroke3
movl 0 -86.4235 384.1086 186.8543 168.0212 1.6948 -78.9375 100.0000 stroke3
movl 0 -87.0244 383.9066 187.1080 168.0242 1.7133 -78.9649 100.0000 stroke3
movl 0 -86.9739 383.9183 187.3971 168.0221 1.7313 -79.0219 100.0000 stroke3
movl 0 -85.7561 383.8531 188.4585 167.9982 1.8895 -79.2868 100.0000 stroke3
movl 0 -85.0051 382.6944 191.8166 167.9301 2.3854 -79.5773 100.0000 stroke3
movl 0 -83.4446 381.3395 204.6933 167.4353 3.7327 -80.7687 100.0000 stroke3
movl 0 -83.8079 377.3797 245.7153 167.0132 7.8670 -80.8265 100.0000 stroke3
movl 0 -18.7362 408.2800 230.8498 167.7840 19.0901 -73.3874 100.0000 stroke4
movl 0 -6.0506 407.7575 204.6697 166.4545 19.4717 -70.4183 100.0000 stroke4
movl 0 -8.5565 406.6247 192.7568 166.8945 18.7320 -68.9786 100.0000 stroke4
movl 0 -15.0471 405.9299 187.8916 168.1359 18.4268 -67.6606 100.0000 stroke4
movl 0 -17.8630 407.4675 184.7475 168.7621 17.9153 -66.9681 100.0000 stroke4
movl 0 -18.0452 409.1550 183.3752 169.0686 17.7151 -66.6296 100.0000 stroke4
movl 0 -18.4516 410.5272 182.1844 169.5196 17.3015 -65.4554 100.0000 stroke4
movl 0 -18.9205 411.8540 181.1620 169.7153 17.0691 -65.4486 100.0000 stroke4
movl 0 -19.6192 414.3256 179.2196 169.8490 16.1387 -65.4144 100.0000 stroke4
movl 0 -20.0041 416.9710 177.5693 169.6065 14.4730 -65.6576 100.0000 stroke4
movl 0 -19.3790 418.9252 176.5257 169.2407 13.2687 -66.6008 100.0000 stroke4
movl 0 -18.6272 420.0610 176.3027 168.6284 12.8902 -67.0019 100.0000 stroke4
movl 0 -18.9587 420.0980 176.0999 168.1131 12.6895 -66.9649 100.0000 stroke4
movl 0 -20.0740 419.5244 176.2420 167.8838 12.6347 -66.7372 100.0000 stroke4
movl 0 -21.6515 418.3625 176.6179 167.7562 12.5622 -66.4740 100.0000 stroke4
movl 0 -23.1203 417.4488 177.1401 167.5410 12.3992 -66.4311 100.0000 stroke4
movl 0 -24.8481 416.0782 177.9924 167.3365 12.3128 -66.0734 100.0000 stroke4
movl 0 -27.5372 413.9246 179.2091 167.2639 12.4564 -65.6413 100.0000 stroke4
movl 0 -29.8775 412.3364 180.1103 167.3185 12.5658 -65.3724 100.0000 stroke4
movl 0 -31.0177 412.0741 180.4979 167.2486 12.6263 -65.3614 100.0000 stroke4
movl 0 -31.0225 412.2244 180.3752 167.3102 12.5481 -65.4310 100.0000 stroke4
movl 0 -30.8093 412.1271 180.3900 167.3602 12.5415 -65.4854 100.0000 stroke4
movl 0 -30.5754 411.7687 181.0559 167.4146 12.6789 -65.5809 100.0000 stroke4
movl 0 -29.0777 410.2884 185.0051 167.5793 13.4198 -65.9551 100.0000 stroke4
movl 0 -30.4370 406.4746 208.9843 168.8535 16.1172 -65.6685 100.0000 stroke4
movl 0 -30.4105 379.2687 237.0951 -178.1457 24.6082 -42.7721 100.0000 stroke5
movl 0 -31.6951 375.6393 204.5639 -177.5537 24.6776 -40.9843 100.0000 stroke5
movl 0 -34.4065 375.0340 188.2704 -177.5943 23.1039 -39.9650 100.0000 stroke5
movl 0 -34.8549 376.2072 185.7684 -178.1810 22.0688 -40.6213 100.0000 stroke5
movl 0 -38.2325 375.8512 183.6939 -177.8512 21.6701 -39.9235 100.0000 stroke5
movl 0 -39.8199 376.5700 182.9629 -177.5797 21.3524 -39.7407 100.0000 stroke5
movl 0 -40.8876 378.0715 181.9349 -177.5500 20.6986 -40.2707 100.0000 stroke5
movl 0 -42.0601 378.7595 181.5107 -177.5494 20.3445 -40.8649 100.0000 stroke5
movl 0 -43.7701 379.9935 180.8120 -177.3177 19.3822 -41.3494 100.0000 stroke5
movl 0 -46.1348 380.5898 180.1861 -176.9894 18.1779 -41.8759 100.0000 stroke5
movl 0 -48.0724 381.2775 179.7886 -176.7003 16.9824 -42.9911 100.0000 stroke5
movl 0 -48.9909 381.1366 180.0583 -176.5317 16.8897 -43.8287 100.0000 stroke5
movl 0 -49.5603 381.5741 179.8517 -176.4084 16.6893 -44.8530 100.0000 stroke5
movl 0 -49.2902 382.4202 179.4356 -176.2657 16.4114 -45.9668 100.0000 stroke5
movl 0 -49.0554 383.4950 179.0020 -176.2148 16.0612 -47.4102 100.0000 stroke5
movl 0 -47.8844 384.9982 178.5996 -176.4884 15.6924 -49.5344 100.0000 stroke5
movl 0 -46.8638 386.3034 178.2405 -176.4501 15.2851 -51.1443 100.0000 stroke5
movl 0 -45.2965 387.2975 178.2243 -176.3400 15.0250 -52.7883 100.0000 stroke5
movl 0 -43.7196 389.2329 177.7838 -176.4818 14.4842 -54.9953 100.0000 stroke5
movl 0 -42.7405 390.4443 177.4416 -176.9389 14.2808 -56.1277 100.0000 stroke5
movl 0 -41.4227 388.7394 178.6582 -177.0867 15.4116 -55.6922 100.0000 stroke5
movl 0 -40.5945 388.1372 179.2844 -177.0821 15.9927 -55.6620 100.0000 stroke5
movl 0 -40.0880 388.0368 179.7537 -177.1022 16.1804 -55.9050 100.0000 stroke5
movl 0 -39.3224 387.8431 180.2765 -177.1792 16.3810 -56.0221 100.0000 stroke5
movl 0 -39.5118 387.9615 180.1444 -177.2213 16.1606 -56.0230 100.0000 stroke5
movl 0 -39.4354 388.2972 179.9206 -177.6193 15.5053 -56.4603 100.0000 stroke5
movl 0 -39.2821 388.0625 179.8388 -177.8168 15.0131 -57.0864 100.0000 stroke5
movl 0 -38.4250 387.8570 179.8053 -177.9773 15.0165 -57.3190 100.0000 stroke5
movl 0 -39.0871 387.3945 180.3988 -178.5073 15.2282 -57.1558 100.0000 stroke5
movl 0 -39.6632 386.8036 180.9998 -178.7613 15.6513 -56.6919 100.0000 stroke5
movl 0 -39.9872 387.0712 181.2042 -179.1046 15.6969 -57.1735 100.0000 stroke5
movl 0 -40.1340 387.1928 181.4465 -179.2874 15.8652 -57.1596 100.0000 stroke5
movl 0 -39.8076 386.4503 182.0531 -179.0665 16.4128 -57.0501 100.0000 stroke5
movl 0 -38.8352 383.4446 187.2544 -178.5522 18.0291 -56.1878 100.0000 stroke5
movl 0 -38.5215 358.4220 240.4400 -178.4632 24.7055 -53.4584 100.0000 stroke5
movl 0 -21.8916 370.9031 206.7648 174.2387 24.0989 -57.0009 100.0000 stroke6
movl 0 -26.0697 371.4603 191.2077 174.2189 22.4291 -57.2237 100.0000 stroke6
movl 0 -32.2012 373.5359 186.2663 174.6274 21.0657 -57.8016 100.0000 stroke6
movl 0 -35.1039 374.6632 184.8007 174.8002 20.2011 -57.8967 100.0000 stroke6
movl 0 -35.8882 376.3958 183.2555 174.6576 19.3332 -58.3014 100.0000 stroke6
movl 0 -36.3474 377.1270 182.6938 174.2476 18.9279 -58.4495 100.0000 stroke6
movl 0 -37.0222 377.1238 182.7238 173.9485 18.8014 -58.9405 100.0000 stroke6
movl 0 -38.4536 377.7406 182.1269 173.9888 17.9786 -59.6564 100.0000 stroke6
movl 0 -40.2287 378.5018 181.5836 174.4427 17.1039 -60.4761 100.0000 stroke6
movl 0 -41.8117 379.1191 180.9297 175.0116 16.4955 -60.7887 100.0000 stroke6
movl 0 -42.3353 379.9666 180.4812 175.2290 15.7565 -61.1010 100.0000 stroke6
movl 0 -43.0681 379.7158 180.5943 175.4746 15.7050 -61.3168 100.0000 stroke6
movl 0 -43.9107 380.1686 180.4757 175.8652 15.4730 -62.1497 100.0000 stroke6
movl 0 -43.4575 380.5820 180.3673 176.0855 15.2182 -62.8278 100.0000 stroke6
movl 0 -42.2621 381.6834 180.2945 176.1499 14.8819 -63.6449 100.0000 stroke6
movl 0 -41.1063 382.6252 180.1082 176.2485 14.5402 -64.5528 100.0000 stroke6
movl 0 -39.7848 383.9630 179.8594 176.4820 14.0608 -65.6440 100.0000 stroke6
movl 0 -38.6658 384.9706 179.7804 176.8578 13.6015 -66.8374 100.0000 stroke6
movl 0 -37.2808 386.1114 179.8024 177.1630 13.2100 -68.3203 100.0000 stroke6
movl 0 -35.8121 387.4278 179.4979 177.2660 12.8025 -69.8038 100.0000 stroke6
movl 0 -35.5161 386.9776 179.6982 177.1939 12.9538 -69.7363 100.0000 stroke6
movl 0 -34.2917 385.4353 180.8667 176.8107 13.9006 -69.6172 100.0000 stroke6
movl 0 -33.9211 385.0029 181.4244 176.7123 14.2378 -69.9547 100.0000 stroke6
movl 0 -33.4978 384.7546 181.8111 176.6963 14.4141 -70.2217 100.0000 stroke6
movl 0 -32.7507 384.6707 182.2410 176.5732 14.5268 -70.5434 100.0000 stroke6
movl 0 -32.9479 384.8309 182.0388 176.5993 14.3383 -70.6571 100.0000 stroke6
movl 0 -33.1589 384.9787 181.8000 176.4597 13.6431 -70.9121 100.0000 stroke6
movl 0 -33.2799 384.7575 181.3720 176.1033 13.1166 -71.1143 100.0000 stroke6
movl 0 -34.6101 383.7256 181.5039 176.1026 13.2967 -69.9164 100.0000 stroke6
movl 0 -34.6674 383.8230 181.7396 176.0483 13.4254 -69.6299 100.0000 stroke6
movl 0 -34.6471 383.9475 181.7298 176.0128 13.4691 -69.5594 100.0000 stroke6
movl 0 -34.8764 383.6940 182.1415 176.0374 13.6687 -69.3881 100.0000 stroke6
movl 0 -35.7552 379.4484 190.5128 176.3774 15.9808 -67.9384 100.0000 stroke6
movl 0 -40.7174 370.6214 230.4632 179.0550 21.6428 -62.8274 100.0000 stroke6
movl 0 -16.3584 382.6787 204.0338 -174.2527 28.4375 -32.7629 100.0000 stroke7
movl 0 -15.5687 382.6875 187.3250 -174.5964 27.1705 -30.8367 100.0000 stroke7
movl 0 -19.1977 385.2253 182.9560 -174.7382 25.4825 -30.3102 100.0000 stroke7
movl 0 -22.1235 387.4671 180.5623 -174.9522 24.2881 -31.0870 100.0000 stroke7
movl 0 -24.2298 389.3509 178.6564 -174.3406 23.1791 -30.9261 100.0000 stroke7
movl 0 -24.6363 390.6038 177.6277 -174.3385 22.9509 -30.6792 100.0000 stroke7
movl 0 -26.6743 392.8093 176.5939 -175.1487 21.8597 -31.8821 100.0000 stroke7
movl 0 -27.6859 394.4871 175.9530 -176.0335 20.6748 -34.1697 100.0000 stroke7
movl 0 -27.7867 395.3136 175.7126 -176.8443 20.0743 -36.3490 100.0000 stroke7
movl 0 -29.0221 395.3877 175.9491 -177.5625 19.6510 -37.3439 100.0000 stroke7
movl 0 -29.6364 395.7116 176.0027 -178.7183 19.3395 -39.3162 100.0000 stroke7
movl 0 -30.0435 395.9991 175.9824 -179.7370 19.0335 -41.3636 100.0000 stroke7
movl 0 -30.2868 396.3660 175.9102 179.3997 18.7047 -43.0737 100.0000 stroke7
movl 0 -30.3228 396.5424 175.9938 178.4872 18.3370 -44.7219 100.0000 stroke7
movl 0 -30.2157 396.6149 176.1410 177.6176 17.9225 -46.2826 100.0000 stroke7
movl 0 -30.1011 396.8544 176.4198 176.6709 17.3256 -48.0632 100.0000 stroke7
movl 0 -29.9782 396.9573 176.6880 175.8771 16.8279 -49.3882 100.0000 stroke7
movl 0 -29.5589 397.0745 176.9813 174.9946 16.4075 -50.5614 100.0000 stroke7
movl 0 -29.4286 397.1027 177.2212 174.2705 15.9335 -51.9602 100.0000 stroke7
movl 0 -29.1821 397.3949 177.3975 173.1697 15.1415 -54.5295 100.0000 stroke7
movl 0 -28.9512 397.6129 177.4531 172.3395 14.5057 -56.6767 100.0000 stroke7
movl 0 -28.9715 397.6318 177.6408 171.7137 13.9227 -58.2177 100.0000 stroke7
movl 0 -29.0047 397.7266 177.7887 171.1247 13.2897 -59.4883 100.0000 stroke7
movl 0 -29.1418 397.9600 177.9248 170.5877 12.5333 -60.7690 100.0000 stroke7
movl 0 -29.3092 398.3706 177.9410 169.9848 11.7752 -62.0244 100.0000 stroke7
movl 0 -29.1504 398.5189 177.9404 169.5698 11.2204 -62.9825 100.0000 stroke7
movl 0 -29.3952 398.5144 177.9961 169.4510 10.7606 -63.5854 100.0000 stroke7
movl 0 -29.5723 398.4188 178.1714 169.2761 10.2167 -64.1814 100.0000 stroke7
movl 0 -29.7444 398.3964 178.2946 169.1234 9.7811 -64.6106 100.0000 stroke7
movl 0 -30.0312 398.5079 178.3828 168.9295 9.2607 -65.1805 100.0000 stroke7
movl 0 -30.3802 398.3499 178.5987 168.7887 8.7284 -65.5429 100.0000 stroke7
movl 0 -30.6715 398.2325 178.7566 168.6255 8.2051 -66.0947 100.0000 stroke7
movl 0 -31.0355 398.3419 178.8447 168.4297 7.5462 -66.8628 100.0000 stroke7
movl 0 -31.4227 398.4375 178.7720 168.3051 7.0015 -67.2364 100.0000 stroke7
movl 0 -31.6219 398.4795 178.8006 168.1599 6.4338 -67.6944 100.0000 stroke7
movl 0 -31.9407 398.3275 178.8337 168.0846 5.9557 -68.0332 100.0000 stroke7
movl 0 -32.5791 398.1379 178.9420 168.0071 5.3330 -68.0847 100.0000 stroke7
movl 0 -33.2575 397.3946 179.2115 167.9590 5.1012 -67.8003 100.0000 stroke7
movl 0 -32.0764 396.4674 180.2299 168.1625 5.9184 -68.0187 100.0000 stroke7
movl 0 -29.4629 396.0285 180.8874 168.1109 6.7162 -68.9677 100.0000 stroke7
movl 0 -29.7769 396.0680 180.9920 167.9396 6.1078 -69.5767 100.0000 stroke7
movl 0 -30.9283 395.1554 181.4558 167.8640 5.5260 -69.9104 100.0000 stroke7
movl 0 -29.8924 393.8267 182.6500 167.9877 6.5132 -71.2512 100.0000 stroke7
movl 0 -29.1227 394.3543 182.2331 168.1026 6.2169 -72.1557 100.0000 stroke7
movl 0 -30.9382 394.3652 182.1182 168.1887 4.9826 -72.4348 100.0000 stroke7
movl 0 -29.8044 392.9574 183.4481 168.0441 6.0446 -74.3369 100.0000 stroke7
movl 0 -29.5270 393.5167 183.0636 167.8344 5.3586 -74.8461 100.0000 stroke7
movl 0 -31.3654 393.2260 183.1409 168.0463 4.8393 -74.8048 100.0000 stroke7
movl 0 -31.4446 393.2541 183.2444 168.0866 5.0260 -75.2167 100.0000 stroke7
movl 0 -31.3697 393.4848 183.2003 168.1294 5.1404 -75.7934 100.0000 stroke7
movl 0 -30.1813 389.4962 187.9698 167.9509 7.4809 -76.9851 100.0000 stroke7
movl 0 -27.6328 382.5114 219.1917 166.7459 11.9588 -82.4884 100.0000 stroke7
movl 0 2.1313 382.9836 233.2016 154.3985 20.5841 -84.1072 100.0000 stroke8
movl 0 -1.5255 389.4549 192.1703 154.2870 14.1150 -86.2658 100.0000 stroke8
movl 0 -4.6269 391.1518 183.5568 154.0481 12.1879 -87.7260 100.0000 stroke8
movl 0 -8.2874 395.4499 178.7226 154.5572 10.3791 -87.7295 100.0000 stroke8
movl 0 -11.6784 397.4165 176.8460 155.5216 9.9878 -87.7444 100.0000 stroke8
movl 0 -13.0305 398.7472 175.4838 155.9082 9.8353 -87.4823 100.0000 stroke8
movl 0 -14.0689 400.0471 174.3498 156.1591 9.5491 -87.4969 100.0000 stroke8
movl 0 -15.6739 402.1470 172.7801 156.7778 8.5364 -87.5404 100.0000 stroke8
movl 0 -17.3781 403.9404 171.9899 157.7541 6.8381 -88.0053 100.0000 stroke8
movl 0 -17.3339 404.5682 171.7336 157.8818 6.0934 -88.6908 100.0000 stroke8
movl 0 -17.8852 404.6736 171.8500 157.8591 5.5693 -89.3470 100.0000 stroke8
movl 0 -19.2211 404.2403 172.3216 157.8820 4.3657 -90.1820 100.0000 stroke8
movl 0 -20.9563 403.6904 173.2544 157.7749 2.1354 -90.5482 100.0000 stroke8
movl 0 -21.2089 402.0399 174.4811 157.8736 1.8749 -91.2379 100.0000 stroke8
movl 0 -20.6637 401.7034 174.8412 157.8678 2.0538 -91.5674 100.0000 stroke8
movl 0 -20.6114 401.4648 175.1079 157.8497 2.0774 -91.8272 100.0000 stroke8
movl 0 -21.1691 401.3370 175.2001 157.9536 2.1181 -91.9889 100.0000 stroke8
movl 0 -21.2392 401.2371 175.2596 158.0421 2.1200 -92.1805 100.0000 stroke8
movl 0 -21.5061 401.1115 175.3994 158.1250 2.1335 -92.3400 100.0000 stroke8
movl 0 -21.7876 400.8296 175.5765 158.3137 1.9784 -92.9357 100.0000 stroke8
movl 0 -22.3162 401.0134 175.5860 158.7290 1.4420 -93.5906 100.0000 stroke8
movl 0 -22.8198 401.3247 175.8116 159.5525 0.5184 -94.7904 100.0000 stroke8
movl 0 -22.2566 401.2961 175.9354 159.7935 -0.1323 -95.6821 100.0000 stroke8
movl 0 -22.3334 401.0500 176.1870 159.8909 -0.3128 -96.1756 100.0000 stroke8
movl 0 -21.9290 400.8102 176.6805 159.7111 -0.4692 -96.5535 100.0000 stroke8
movl 0 -22.2460 401.1528 176.4422 159.9432 -1.0430 -97.0259 100.0000 stroke8
movl 0 -22.7444 401.3821 176.2322 160.1297 -1.5378 -97.3059 100.0000 stroke8
movl 0 -23.7309 401.1477 176.2719 160.4451 -2.2486 -97.6258 100.0000 stroke8
movl 0 -25.0506 400.5904 176.3836 160.7210 -2.7551 -97.6150 100.0000 stroke8
movl 0 -26.2442 399.9175 176.5034 160.8063 -3.1121 -97.1201 100.0000 stroke8
movl 0 -27.8010 399.0151 176.6913 160.9828 -3.4677 -96.5511 100.0000 stroke8
movl 0 -29.4622 397.7754 177.1878 161.0948 -3.6081 -95.8821 100.0000 stroke8
movl 0 -31.5453 396.4034 177.8374 161.1360 -3.6528 -95.0582 100.0000 stroke8
movl 0 -33.1495 395.0945 178.6292 161.0490 -3.6638 -94.3964 100.0000 stroke8
movl 0 -35.1284 394.2571 179.1133 161.0026 -3.6982 -93.8065 100.0000 stroke8
movl 0 -36.7639 393.5525 179.5793 160.9885 -3.6651 -93.5892 100.0000 stroke8
movl 0 -37.9791 392.8883 180.0258 160.9829 -3.6165 -93.4596 100.0000 stroke8
movl 0 -38.9413 392.4036 180.5658 160.9254 -3.5091 -93.2826 100.0000 stroke8
movl 0 -39.5439 391.7914 181.2357 160.8430 -3.3547 -93.2493 100.0000 stroke8
movl 0 -39.7622 391.4147 181.7738 160.7534 -3.2207 -93.3118 100.0000 stroke8
movl 0 -39.9095 391.7058 181.7558 160.8572 -3.3182 -93.4689 100.0000 stroke8
movl 0 -39.6034 391.7810 181.8287 160.8417 -3.3433 -93.5561 100.0000 stroke8
movl 0 -39.3042 391.6811 182.4710 160.9863 -3.1878 -93.7906 100.0000 stroke8
movl 0 -38.1949 390.3689 186.8993 160.9633 -2.1947 -94.1242 100.0000 stroke8
movl 0 -36.4947 388.5860 206.9251 160.5310 -0.2055 -95.4008 100.0000 stroke8
movl 0 -42.9402 364.4014 247.9508 170.2393 20.0999 -75.0006 100.0000 stroke9
movl 0 -44.1088 361.7015 208.8861 172.1653 20.1822 -68.1054 100.0000 stroke9
movl 0 -45.5779 359.8043 193.5044 173.3393 20.1892 -62.7583 100.0000 stroke9
movl 0 -48.1726 361.3224 190.8881 174.0566 19.4865 -61.8431 100.0000 stroke9
movl 0 -50.8759 363.6023 187.7084 174.3812 18.1761 -62.4479 100.0000 stroke9
movl 0 -52.4854 365.5638 185.9550 174.0015 17.0624 -63.0883 100.0000 stroke9
movl 0 -53.7463 365.7941 185.5205 173.7404 16.6634 -63.3380 100.0000 stroke9
movl 0 -55.1924 366.5997 184.9611 173.7177 16.2453 -63.8256 100.0000 stroke9
movl 0 -56.9893 368.4074 183.7364 173.8913 15.2120 -64.6173 100.0000 stroke9
movl 0 -58.3099 370.2115 182.5355 173.9661 13.9217 -65.8311 100.0000 stroke9
movl 0 -59.2397 370.1697 182.4270 174.1067 13.5798 -66.5398 100.0000 stroke9
movl 0 -60.8148 370.8346 182.1193 174.3289 13.1624 -67.1100 100.0000 stroke9
movl 0 -60.8274 371.6661 181.7910 174.5958 13.0346 -67.5752 100.0000 stroke9
movl 0 -59.5931 372.4837 181.7562 174.6282 12.8420 -68.2814 100.0000 stroke9
movl 0 -58.5406 372.7775 181.9803 174.5025 12.6738 -68.7081 100.0000 stroke9
movl 0 -58.3284 372.8749 182.0596 174.5483 12.4184 -69.0641 100.0000 stroke9
movl 0 -57.9609 373.4643 182.0988 174.5966 11.9135 -69.7196 100.0000 stroke9
movl 0 -57.7679 373.7620 182.2555 174.7436 11.4868 -70.3259 100.0000 stroke9
movl 0 -57.7442 374.0190 182.3913 174.8616 11.0132 -70.6615 100.0000 stroke9
movl 0 -57.4787 374.2569 182.5988 174.8650 10.5715 -71.2074 100.0000 stroke9
movl 0 -57.6191 374.5395 182.6928 175.0253 10.2642 -71.6807 100.0000 stroke9
movl 0 -57.8528 374.9074 182.7290 175.2551 9.7017 -71.6685 100.0000 stroke9
movl 0 -57.8193 375.0960 182.9614 175.4447 9.1751 -71.9582 100.0000 stroke9
movl 0 -57.5839 375.4673 183.0839 175.5799 8.5188 -72.6489 100.0000 stroke9
movl 0 -57.4384 375.8593 183.1161 175.6444 8.4540 -73.3893 100.0000 stroke9
movl 0 -57.0295 376.2945 183.2395 175.8064 8.2680 -74.2840 100.0000 stroke9
movl 0 -57.0249 376.4737 183.3504 176.0634 7.6371 -74.8863 100.0000 stroke9
movl 0 -57.4630 376.7395 183.5437 176.3619 7.2569 -75.9848 100.0000 stroke9
movl 0 -57.5406 377.0953 183.5349 176.5089 6.9059 -76.9314 100.0000 stroke9
movl 0 -57.1677 377.1807 183.7632 176.6464 6.6687 -77.3721 100.0000 stroke9
movl 0 -56.6915 377.3917 184.0443 176.7574 6.3942 -77.9005 100.0000 stroke9
movl 0 -56.7994 377.8443 184.0355 177.0690 6.0228 -78.8729 100.0000 stroke9
movl 0 -56.9321 378.4772 183.7622 177.4255 5.4840 -80.1607 100.0000 stroke9
movl 0 -57.6512 378.8802 183.6526 178.0365 5.0408 -82.2778 100.0000 stroke9
movl 0 -58.1934 379.2640 183.3443 178.6193 4.6585 -84.4762 100.0000 stroke9
movl 0 -58.0877 379.6957 183.1736 178.9663 4.3012 -86.2625 100.0000 stroke9
movl 0 -58.4364 380.3425 182.9674 179.6035 3.8856 -88.3692 100.0000 stroke9
movl 0 -58.9598 380.9439 182.6693 -179.7781 3.5294 -90.3185 100.0000 stroke9
movl 0 -59.5909 381.7954 182.2655 -179.1385 3.1263 -93.3745 100.0000 stroke9
movl 0 -59.8745 382.4744 181.9202 -178.5556 2.9294 -95.6154 100.0000 stroke9
movl 0 -59.7083 383.2013 181.5852 -178.0765 2.7444 -97.6859 100.0000 stroke9
movl 0 -60.2170 384.1574 181.1908 -177.3863 2.5613 -100.5975 100.0000 stroke9
movl 0 -60.5682 384.7463 180.8395 -176.9623 2.5092 -102.9137 100.0000 stroke9
movl 0 -61.2320 385.2428 180.4834 -176.4932 2.5450 -105.5989 100.0000 stroke9
movl 0 -60.9548 385.8214 180.2540 -176.1949 2.4914 -106.9826 100.0000 stroke9
movl 0 -60.9297 386.4327 180.0416 -175.7365 2.4443 -108.6130 100.0000 stroke9
movl 0 -60.6262 386.9582 179.9600 -175.4033 2.3763 -110.3027 100.0000 stroke9
movl 0 -59.9263 387.2984 179.9337 -175.1273 2.3845 -111.4310 100.0000 stroke9
movl 0 -61.1976 387.3202 180.0956 -174.8894 2.8028 -113.8356 100.0000 stroke9
movl 0 -61.4979 388.0219 180.2256 -174.9225 3.2182 -118.1069 100.0000 stroke9
movl 0 -58.7812 389.6915 180.3262 -175.3867 2.8831 -120.2539 100.0000 stroke9
movl 0 -58.1533 390.0312 180.2694 -175.3378 2.8321 -121.0239 100.0000 stroke9
movl 0 -57.8956 389.6409 180.4486 -175.3134 2.7020 -120.9814 100.0000 stroke9
movl 0 -57.0587 389.6229 180.6329 -175.3703 2.5909 -120.9602 100.0000 stroke9
movl 0 -55.3101 390.5832 180.7644 -175.4827 2.4821 -121.2292 100.0000 stroke9
movl 0 -54.5220 390.7557 180.8214 -175.5310 2.3452 -121.2217 100.0000 stroke9
movl 0 -54.1566 390.0630 181.1606 -175.4324 2.2739 -121.1995 100.0000 stroke9
movl 0 -52.6045 390.3126 181.5619 -175.6140 2.3167 -121.6553 100.0000 stroke9
movl 0 -51.4474 391.0222 181.6234 -175.5915 2.2889 -122.0330 100.0000 stroke9
movl 0 -51.1665 390.8498 181.8220 -175.6532 2.2398 -122.1009 100.0000 stroke9
movl 0 -51.1946 389.9559 182.3442 -175.7895 2.1902 -121.8146 100.0000 stroke9
movl 0 -51.1695 389.8729 182.6158 -175.9309 2.1499 -122.2742 100.0000 stroke9
movl 0 -50.5898 389.2437 183.9638 -176.8320 1.8311 -122.2725 100.0000 stroke9
movl 0 -52.5933 388.0008 184.5579 -176.9717 2.0847 -123.6434 100.0000 stroke9
movl 0 -53.4215 387.8992 184.8544 -177.0412 2.1128 -124.7589 100.0000 stroke9
movl 0 -53.2135 388.5332 184.3557 -176.8142 2.3371 -125.4913 100.0000 stroke9
movl 0 -51.8719 389.4587 183.6343 -176.6211 2.4039 -126.0823 100.0000 stroke9
movl 0 -50.5027 390.3165 183.3127 -176.5053 2.3809 -126.6056 100.0000 stroke9
movl 0 -48.2715 390.9098 183.3750 -176.4904 2.2746 -126.6925 100.0000 stroke9
movl 0 -46.9771 390.9604 183.8068 -176.6344 2.2349 -126.9884 100.0000 stroke9
movl 0 -47.7290 389.6928 184.6899 -176.9623 2.2864 -126.6303 100.0000 stroke9
movl 0 -46.9458 390.3124 184.4795 -176.9553 2.1446 -126.6016 100.0000 stroke9
movl 0 -46.1132 390.6902 184.3044 -176.8101 2.1488 -126.7801 100.0000 stroke9
movl 0 -43.5401 391.1347 184.4893 -176.7921 2.0298 -127.2427 100.0000 stroke9
movl 0 -42.2174 390.7035 185.0481 -177.0353 2.0263 -127.2618 100.0000 stroke9
movl 0 -41.7816 390.6028 185.3525 -177.1934 1.9850 -127.2192 100.0000 stroke9
movl 0 -39.7850 391.1196 185.4492 -177.1535 1.8452 -127.5139 100.0000 stroke9
movl 0 -38.5086 391.2120 185.6178 -177.1947 1.7771 -127.7119 100.0000 stroke9
movl 0 -37.8180 391.2185 185.8661 -177.2045 1.7377 -127.9897 100.0000 stroke9
movl 0 -36.5204 391.4630 186.0998 -177.2541 1.6382 -128.1400 100.0000 stroke9
movl 0 -35.7523 391.6330 186.3051 -177.2713 1.5154 -128.1618 100.0000 stroke9
movl 0 -34.3849 391.9259 186.6050 -177.3743 1.3458 -128.3014 100.0000 stroke9
movl 0 -33.7176 391.9081 186.8234 -177.4412 1.3558 -128.3658 100.0000 stroke9
movl 0 -33.1903 391.8486 187.0226 -177.4619 1.3647 -128.4691 100.0000 stroke9
movl 0 -32.9807 391.5629 187.2510 -177.4643 1.4602 -128.5861 100.0000 stroke9
movl 0 -32.2420 391.6044 187.4615 -177.4761 1.4459 -128.7769 100.0000 stroke9
movl 0 -31.6321 391.6249 187.7447 -177.5665 1.3983 -128.9422 100.0000 stroke9
movl 0 -31.0696 391.4622 188.1272 -177.6728 1.3746 -128.9995 100.0000 stroke9
movl 0 -30.4546 391.3008 188.5408 -177.7922 1.3377 -129.1024 100.0000 stroke9
movl 0 -29.5157 391.0668 189.1199 -177.9871 1.2781 -129.3086 100.0000 stroke9
movl 0 -29.0614 390.6941 189.4630 -178.0992 1.2809 -129.4232 100.0000 stroke9
movl 0 -29.9682 390.3994 189.3854 -178.1367 1.3273 -129.2776 100.0000 stroke9
movl 0 -29.6967 390.4482 189.5749 -178.3029 1.2496 -129.1127 100.0000 stroke9
movl 0 -29.8511 389.9600 190.2481 -178.6301 1.2148 -129.0583 100.0000 stroke9
movl 0 -28.7615 387.8130 196.4777 179.8723 1.2033 -128.6832 100.0000 stroke9
movl 0 -27.2308 384.2589 225.6685 176.8914 1.2497 -127.3973 100.0000 stroke9
