movl 0 -45.3222 379.8667 175.8546 160.2328 18.4457 -84.4742 100.0000 stroke1
movl 0 -49.8348 381.1242 175.2924 162.0978 18.4476 -81.9454 100.0000 stroke1
movl 0 -52.3830 381.1127 174.5554 164.2833 19.6756 -78.1055 100.0000 stroke1
movl 0 -54.2069 381.9044 173.3758 165.3900 19.9379 -75.7026 100.0000 stroke1
movl 0 -57.0375 382.3076 172.4842 166.5954 19.6928 -75.0213 100.0000 stroke1
movl 0 -60.7414 382.5967 171.5199 168.4540 19.2737 -74.6095 100.0000 stroke1
movl 0 -62.6391 382.4738 171.4038 169.4156 18.7125 -74.4956 100.0000 stroke1
movl 0 -63.4017 382.1672 171.3743 169.8861 18.6739 -74.7242 100.0000 stroke1
movl 0 -64.0420 382.2754 171.2959 170.2396 18.5720 -75.0643 100.0000 stroke1
movl 0 -63.6507 382.9765 171.4843 170.6561 18.2529 -75.8266 100.0000 stroke1
movl 0 -62.9966 383.6692 171.7147 171.1202 17.8849 -76.8694 100.0000 stroke1
movl 0 -62.1093 384.8752 171.8442 171.6769 17.3884 -78.0626 100.0000 stroke1
movl 0 -62.1976 386.1382 171.7665 172.6231 16.8273 -79.2647 100.0000 stroke1
movl 0 -61.2193 387.2421 171.6843 172.8958 16.4407 -80.4083 100.0000 stroke1
movl 0 -59.4979 385.1814 172.5107 171.9001 17.2967 -80.5739 100.0000 stroke1
movl 0 -58.0753 384.3051 173.1950 171.5565 17.8063 -81.2445 100.0000 stroke1
movl 0 -57.7354 384.2647 173.2695 171.4911 17.7998 -81.3650 100.0000 stroke1
movl 0 -57.9938 384.2669 173.2817 171.6442 17.2325 -81.2895 100.0000 stroke1
movl 0 -57.7835 384.4077 173.0385 171.1599 16.7672 -81.3257 100.0000 stroke1
movl 0 -57.8037 384.6302 172.9306 170.3365 16.4852 -81.3424 100.0000 stroke1
movl 0 -57.0265 384.3717 173.0520 169.3823 16.7075 -81.4964 100.0000 stroke1
movl 0 -50.6961 375.3140 184.9405 165.6796 21.9910 -80.6335 100.0000 stroke1
movl 0 -26.2857 395.4526 240.6474 157.3479 33.1465 -62.7700 100.0000 stroke2
movl 0 -32.5846 391.7292 183.0287 156.0764 21.6213 -68.7199 100.0000 stroke2
movl 0 -40.4775 385.9309 175.6750 159.7182 19.0518 -71.5738 100.0000 stroke2
movl 0 -45.8463 385.6734 173.3738 161.4041 18.8072 -70.6323 100.0000 stroke2
movl 0 -48.4858 384.2523 172.4424 163.0926 19.8669 -68.3198 100.0000 stroke2
movl 0 -52.6249 387.2930 170.8888 164.2681 18.0819 -67.9421 100.0000 stroke2
movl 0 -55.4768 390.8730 171.0406 164.8178 14.7479 -69.2001 100.0000 stroke2
movl 0 -56.0163 392.3980 171.6403 164.3232 12.8168 -70.9930 100.0000 stroke2
movl 0 -55.7865 394.1120 172.6602 163.3429 9.8774 -74.0671 100.0000 stroke2
movl 0 -56.0366 395.7806 173.6240 162.8640 6.3878 -77.5620 100.0000 stroke2
movl 0 -56.7510 398.5777 174.1073 162.4452 1.6257 -82.3355 100.0000 stroke2
movl 0 -56.3485 397.3896 174.7388 162.3463 1.4310 -84.3640 100.0000 stroke2
movl 0 -57.7780 397.6552 174.5663 162.7211 0.7338 -84.7098 100.0000 stroke2
movl 0 -55.7936 393.2694 175.9901 162.2370 3.9308 -85.1363 100.0000 stroke2
movl 0 -47.6061 382.4436 201.0605 160.0106 18.1151 -83.7796 100.0000 stroke2
movl 0 -23.7436 381.7558 212.3787 156.0369 25.6929 -78.9681 100.0000 stroke3
movl 0 -35.8386 368.5384 180.3239 163.0449 25.1892 -72.1014 100.0000 stroke3
movl 0 -44.9749 369.3251 177.6015 167.2883 23.6215 -66.6767 100.0000 stroke3
movl 0 -51.1789 372.8056 174.4202 168.9782 22.5003 -63.5871 100.0000 stroke3
movl 0 -52.5094 372.5441 173.8870 169.7315 22.2562 -62.9450 100.0000 stroke3
movl 0 -55.9450 373.1218 173.1244 170.2266 21.5473 -62.8426 100.0000 stroke3
movl 0 -60.3122 373.1440 173.0693 171.7270 19.7623 -64.1690 100.0000 stroke3
movl 0 -62.7200 372.7255 173.0295 172.4973 19.4351 -64.8581 100.0000 stroke3
movl 0 -60.7050 374.6139 173.1967 172.5913 18.7309 -66.1885 100.0000 stroke3
movl 0 -57.2451 376.6854 173.4460 172.4615 18.1680 -68.9156 100.0000 stroke3
movl 0 -53.5785 379.4324 173.4909 172.4303 17.2120 -71.7019 100.0000 stroke3
movl 0 -49.7242 381.1125 173.5825 171.7928 16.7504 -73.4879 100.0000 stroke3
movl 0 -45.3419 380.5556 174.7205 170.1181 17.1728 -75.0112 100.0000 stroke3
movl 0 -43.8094 385.6584 174.0366 169.0803 14.5751 -77.2798 100.0000 stroke3
movl 0 -39.4988 391.1482 173.2564 166.8237 11.9334 -79.8383 100.0000 stroke3
movl 0 -37.1483 394.5279 172.8696 164.8142 9.7971 -81.7487 100.0000 stroke3
movl 0 -36.6733 396.6484 173.5947 163.3980 6.7122 -83.8200 100.0000 stroke3
movl 0 -37.2600 398.0644 173.9371 162.5553 3.5747 -85.5622 100.0000 stroke3
movl 0 -37.9117 397.0853 174.3004 162.0530 2.2683 -85.6214 100.0000 stroke3
movl 0 -37.8430 396.4997 174.5141 161.8257 2.2219 -85.6276 100.0000 stroke3
movl 0 -38.2768 395.6973 174.7104 161.9025 2.4938 -85.7065 100.0000 stroke3
movl 0 -29.9713 387.4588 182.8870 159.0237 7.9696 -90.5757 100.0000 stroke3
movl 0 -19.6472 388.0681 186.2357 153.0901 12.6790 -88.5208 100.0000 stroke4
movl 0 -34.3188 382.0108 179.5453 157.9052 11.2931 -86.7521 100.0000 stroke4
movl 0 -41.3558 381.9560 177.3535 159.3148 10.0657 -86.0495 100.0000 stroke4
movl 0 -47.5639 380.1455 176.6619 160.7498 10.7736 -84.7657 100.0000 stroke4
movl 0 -48.9149 381.6116 175.9101 160.6138 10.4889 -84.5275 100.0000 stroke4
movl 0 -51.8323 380.7553 175.6484 161.7356 10.5694 -84.6664 100.0000 stroke4
movl 0 -57.1046 378.6604 175.7741 163.9116 10.7863 -85.0795 100.0000 stroke4
movl 0 -59.8002 377.8318 175.8124 165.0029 10.8262 -85.4750 100.0000 stroke4
movl 0 -59.7305 378.3904 175.7602 165.5693 10.6175 -86.5143 100.0000 stroke4
movl 0 -58.3292 379.6031 175.8909 166.1330 10.1610 -87.8640 100.0000 stroke4
movl 0 -56.4663 381.1332 175.9609 166.9172 9.7086 -89.8332 100.0000 stroke4
movl 0 -54.9759 382.4210 175.8182 167.2999 9.2675 -91.2800 100.0000 stroke4
movl 0 -52.6445 380.3878 176.9626 166.1616 10.2151 -91.7805 100.0000 stroke4
movl 0 -53.2483 381.4908 176.5865 166.8405 9.2573 -91.5316 100.0000 stroke4
movl 0 -47.7069 378.6449 179.7070 161.9633 10.7067 -89.4372 100.0000 stroke4
movl 0 -18.0067 385.0237 248.2042 144.6180 9.4149 -93.5263 100.0000 stroke5
movl 0 -27.6323 377.5845 185.6916 151.4961 5.6113 -96.1120 100.0000 stroke5
movl 0 -40.5361 371.5810 179.9445 156.9180 6.9094 -96.1174 100.0000 stroke5
movl 0 -44.2726 374.0258 177.3851 157.7168 5.5975 -96.2271 100.0000 stroke5
movl 0 -48.7346 372.8625 176.6903 159.0232 6.0172 -96.4075 100.0000 stroke5
movl 0 -51.5865 373.4111 176.0481 159.7806 5.9333 -96.7288 100.0000 stroke5
movl 0 -55.8656 372.7293 175.7447 161.4250 5.9950 -97.3840 100.0000 stroke5
movl 0 -56.7701 372.6173 175.7059 161.9951 6.2066 -97.8891 100.0000 stroke5
movl 0 -56.8385 372.9557 175.6116 162.6583 6.2722 -98.6368 100.0000 stroke5
movl 0 -54.9094 374.0966 175.3814 163.1573 5.8832 -99.5718 100.0000 stroke5
movl 0 -52.7441 374.8356 175.2630 163.7473 5.6387 -100.8591 100.0000 stroke5
movl 0 -49.9741 377.1336 174.8134 164.6721 5.0234 -102.9881 100.0000 stroke5
movl 0 -47.4506 376.5706 175.2781 164.3540 5.2184 -103.6387 100.0000 stroke5
movl 0 -48.0763 376.7554 175.4060 164.4777 5.0019 -103.4275 100.0000 stroke5
movl 0 -47.4734 374.9214 175.9615 163.3481 5.1731 -101.9723 100.0000 stroke5
movl 0 -38.3113 368.1628 196.2511 153.0203 11.2203 -100.0940 100.0000 stroke5
movl 0 -23.1379 382.1503 234.3379 146.2459 10.9199 -97.4021 100.0000 stroke6
movl 0 -32.0210 370.3183 181.7057 150.9642 4.0914 -96.7223 100.0000 stroke6
movl 0 -47.5980 356.7102 179.2399 157.1353 7.8408 -95.6928 100.0000 stroke6
movl 0 -55.6240 356.5833 176.8493 158.2795 7.6126 -94.2326 100.0000 stroke6
movl 0 -62.7317 358.4149 174.6297 158.0366 7.5072 -92.4599 100.0000 stroke6
movl 0 -66.5581 359.1749 173.3664 159.6946 7.1013 -92.4539 100.0000 stroke6
movl 0 -71.5179 358.8757 173.6026 162.3787 6.6202 -93.3908 100.0000 stroke6
movl 0 -73.3662 358.2448 173.7719 163.3415 6.9990 -94.1287 100.0000 stroke6
movl 0 -70.6318 359.5323 174.2332 163.6851 6.6965 -96.0646 100.0000 stroke6
movl 0 -66.2782 360.9902 174.6409 164.0653 6.3250 -98.1348 100.0000 stroke6
movl 0 -61.9221 363.0041 174.8269 164.5265 5.8602 -100.4283 100.0000 stroke6
movl 0 -57.6647 364.9419 174.8830 165.1443 5.6876 -102.3266 100.0000 stroke6
movl 0 -55.5435 366.0935 174.7151 165.6183 5.4240 -103.5678 100.0000 stroke6
movl 0 -54.8512 367.4651 174.4495 166.4248 5.3074 -105.1998 100.0000 stroke6
movl 0 -53.4329 366.4281 174.8142 166.0572 5.5126 -105.5682 100.0000 stroke6
movl 0 -50.3065 363.9460 176.2973 164.6073 6.4656 -106.0270 100.0000 stroke6
movl 0 -50.8723 364.1390 176.2906 165.0969 6.1559 -105.7606 100.0000 stroke6
movl 0 -50.8096 365.0952 176.0315 165.4942 5.2525 -105.1005 100.0000 stroke6
movl 0 -48.8198 360.9493 176.3570 161.5435 6.7851 -100.6410 100.0000 stroke6
movl 0 -38.4922 354.7665 205.8108 154.1216 20.2927 -95.4409 100.0000 stroke6
movl 0 -21.0334 412.3698 241.7777 152.0063 19.0464 -86.8440 100.0000 stroke7
movl 0 -23.9286 408.5639 189.7010 154.8537 16.3171 -82.7242 100.0000 stroke7
movl 0 -27.2809 409.6307 170.4894 157.0208 15.9983 -80.0095 100.0000 stroke7
movl 0 -32.5267 409.2458 171.2196 159.5336 16.6232 -78.8018 100.0000 stroke7
movl 0 -37.3562 407.5311 170.7416 160.2766 16.8978 -78.4280 100.0000 stroke7
movl 0 -46.4382 409.6332 170.0601 163.2631 13.3980 -81.0154 100.0000 stroke7
movl 0 -47.1684 411.8304 170.2915 163.0155 10.6745 -83.4424 100.0000 stroke7
movl 0 -47.9891 410.9142 170.7909 162.8330 9.7798 -84.2006 100.0000 stroke7
movl 0 -47.7258 410.9344 171.1877 162.5090 8.8058 -85.0015 100.0000 stroke7
movl 0 -47.5023 410.6770 171.4958 162.2203 7.8641 -85.6954 100.0000 stroke7
movl 0 -47.7778 410.9871 171.7408 162.1608 6.5972 -86.7088 100.0000 stroke7
movl 0 -47.8555 410.5027 172.1243 162.0533 5.3868 -87.8993 100.0000 stroke7
movl 0 -48.2556 409.9634 172.4502 162.0539 4.1087 -89.0910 100.0000 stroke7
movl 0 -48.7074 409.4905 172.7607 162.1354 2.9414 -90.2969 100.0000 stroke7
movl 0 -49.0829 408.5149 172.9575 162.2352 1.7658 -91.5226 100.0000 stroke7
movl 0 -49.4728 407.5523 173.1792 162.4226 0.6027 -92.5923 100.0000 stroke7
movl 0 -49.9848 406.4383 173.5414 162.7485 -0.5591 -93.6338 100.0000 stroke7
movl 0 -50.7337 405.3359 173.8177 163.0327 -1.6138 -94.4505 100.0000 stroke7
movl 0 -51.3629 404.5617 174.0707 163.3997 -2.5066 -95.3523 100.0000 stroke7
movl 0 -52.1225 403.6603 174.1708 163.7326 -3.5521 -96.1976 100.0000 stroke7
movl 0 -52.9079 402.7210 174.3449 164.1935 -4.4933 -97.2976 100.0000 stroke7
movl 0 -53.4606 401.7781 174.5160 164.5018 -5.4831 -98.3348 100.0000 stroke7
movl 0 -54.2632 400.2436 174.7520 164.9143 -6.0799 -99.0008 100.0000 stroke7
movl 0 -55.0242 399.5662 174.9443 165.2004 -6.5935 -99.3347 100.0000 stroke7
movl 0 -55.7051 398.3647 175.1014 165.5611 -7.1623 -99.9036 100.0000 stroke7
movl 0 -56.5487 397.4049 175.4038 166.0115 -7.6950 -100.6816 100.0000 stroke7
movl 0 -57.3933 396.0711 175.6114 166.3817 -8.1514 -100.9804 100.0000 stroke7
movl 0 -58.2465 394.8773 175.8820 166.7186 -8.5544 -101.1211 100.0000 stroke7
movl 0 -59.5912 393.9446 175.9816 167.1767 -9.0641 -101.3161 100.0000 stroke7
movl 0 -60.8079 392.9347 176.0636 167.6027 -9.4159 -101.2707 100.0000 stroke7
movl 0 -62.0064 392.4101 176.1100 168.1312 -9.7414 -101.4187 100.0000 stroke7
movl 0 -63.2410 391.7696 176.1122 168.5176 -10.1154 -101.3750 100.0000 stroke7
movl 0 -64.6713 390.5562 176.1253 169.0903 -10.5048 -101.8103 100.0000 stroke7
movl 0 -65.6615 389.3870 176.4017 169.5157 -10.6545 -101.7314 100.0000 stroke7
movl 0 -66.8952 388.4239 176.4036 169.9014 -10.8766 -101.4897 100.0000 stroke7
movl 0 -68.3064 387.6168 176.1237 170.3591 -11.1823 -101.2289 100.0000 stroke7
movl 0 -69.7981 386.7143 175.9718 170.5614 -11.3222 -100.6322 100.0000 stroke7
movl 0 -66.4161 387.5094 176.9536 169.8137 -10.9806 -101.1342 100.0000 stroke7
movl 0 -66.6806 387.2133 176.9581 169.8595 -10.9743 -101.0488 100.0000 stroke7
movl 0 -67.7015 386.7916 176.9684 170.2278 -11.3263 -100.6440 100.0000 stroke7
movl 0 -67.2982 386.6968 177.2342 169.9775 -11.2884 -100.6011 100.0000 stroke7
movl 0 -67.5352 386.1910 177.2140 170.0917 -10.9707 -100.5996 100.0000 stroke7
movl 0 -67.1392 385.6540 177.5956 170.0522 -10.2712 -100.9705 100.0000 stroke7
movl 0 -66.2794 385.2448 178.1810 169.7355 -9.6829 -101.2113 100.0000 stroke7
movl 0 -55.5479 379.1809 185.2950 165.1495 -3.2911 -102.0203 100.0000 stroke7
movl 0 -35.3260 368.2321 249.9481 154.9278 14.9466 -103.8728 100.0000 stroke7
movl 0 5.8322 406.4764 199.3032 148.5670 2.5758 -97.8972 100.0000 stroke8
movl 0 -0.3396 395.2651 179.0091 151.9419 4.9490 -96.6546 100.0000 stroke8
movl 0 -8.1630 393.7366 176.9147 155.6627 8.4757 -94.5094 100.0000 stroke8
movl 0 -15.4720 395.0916 177.1536 157.3141 10.2700 -92.8537 100.0000 stroke8
movl 0 -20.6167 395.7171 176.1057 159.0876 10.1872 -92.5097 100.0000 stroke8
movl 0 -28.0949 397.1684 175.4656 162.3783 9.3613 -93.2544 100.0000 stroke8
movl 0 -30.7555 398.3184 175.1517 164.0949 8.8993 -95.2090 100.0000 stroke8
movl 0 -25.8630 401.7323 175.0653 163.8897 7.7327 -98.5466 100.0000 stroke8
movl 0 -24.4879 401.4398 175.4621 163.0954 7.1742 -99.6071 100.0000 stroke8
movl 0 -21.2598 406.6024 174.5921 163.0747 3.9653 -102.6202 100.0000 stroke8
movl 0 -23.3716 405.6415 174.9802 163.1395 3.0076 -103.1883 100.0000 stroke8
movl 0 -23.9079 404.3782 175.4914 163.0483 1.1337 -103.8765 100.0000 stroke8
movl 0 -25.0573 402.8609 176.0848 163.1504 -0.4046 -104.3952 100.0000 stroke8
movl 0 -26.1741 400.7348 176.6521 163.0494 -1.1426 -103.9426 100.0000 stroke8
movl 0 -27.6002 398.6921 177.1460 163.0021 -1.4480 -103.4475 100.0000 stroke8
movl 0 -26.4126 394.5478 179.4099 160.9238 -1.1808 -102.6412 100.0000 stroke8
movl 0 -25.6703 378.2318 211.8747 153.6660 3.4999 -106.1790 100.0000 stroke8
movl 0 16.5456 413.7816 188.5105 149.2421 -7.9879 -112.5876 100.0000 stroke9
movl 0 6.2945 412.4270 178.2905 153.7213 -9.7838 -114.6116 100.0000 stroke9
movl 0 -4.2735 411.3239 176.5488 156.5902 -9.0435 -115.9167 100.0000 stroke9
movl 0 -8.3899 410.6100 175.7450 157.0805 -9.0163 -115.7363 100.0000 stroke9
movl 0 -12.3865 411.9380 174.5939 158.5824 -9.3989 -116.2294 100.0000 stroke9
movl 0 -20.3478 415.1722 174.0614 164.1891 -9.9007 -120.5719 100.0000 stroke9
movl 0 -23.1241 417.6954 173.8407 168.1335 -10.2095 -124.8790 100.0000 stroke9
movl 0 -22.4197 419.3409 173.7989 168.8445 -11.4002 -125.4884 100.0000 stroke9
movl 0 -20.9836 416.4313 174.7145 168.2923 -10.9378 -124.9530 100.0000 stroke9
movl 0 -21.4588 415.0692 174.8834 168.0421 -10.6479 -124.1394 100.0000 stroke9
movl 0 -19.9755 412.6676 175.4583 166.2086 -9.4905 -122.2489 100.0000 stroke9
movl 0 -19.9218 411.5432 175.7402 165.4755 -9.1539 -121.1240 100.0000 stroke9
movl 0 -20.2342 407.4939 177.7728 163.7185 -7.3948 -119.4089 100.0000 stroke9
movl 0 -23.2904 395.0818 236.3803 157.4865 0.5735 -114.6498 100.0000 stroke9
movl 0 -9.9597 377.8931 232.8055 151.5890 7.0323 -101.0386 100.0000 stroke10
movl 0 -4.7870 376.5959 185.7427 153.1288 1.3622 -103.7667 100.0000 stroke10
movl 0 -13.6782 372.0159 179.3189 156.1551 2.2864 -103.8961 100.0000 stroke10
movl 0 -20.1326 370.7034 177.9415 157.9333 3.2798 -103.3699 100.0000 stroke10
movl 0 -22.3642 373.1503 176.5296 159.1394 2.6917 -103.1591 100.0000 stroke10
movl 0 -28.6381 374.7470 175.6612 161.9037 2.5249 -104.2381 100.0000 stroke10
movl 0 -25.2112 379.3741 175.1881 163.1028 1.3140 -108.4581 100.0000 stroke10
movl 0 -20.6900 380.9728 175.3561 161.9580 0.1313 -109.2980 100.0000 stroke10
movl 0 -16.7843 386.2059 174.3612 162.1148 -2.5157 -110.8077 100.0000 stroke10
movl 0 -18.7252 387.3375 174.1806 162.9184 -3.9190 -111.4009 100.0000 stroke10
movl 0 -19.3167 387.3360 174.1949 163.4177 -5.5364 -111.9886 100.0000 stroke10
movl 0 -21.5679 385.9672 174.4406 164.1842 -6.8955 -112.2382 100.0000 stroke10
movl 0 -23.5131 383.9015 174.9325 164.6329 -7.8096 -111.9591 100.0000 stroke10
movl 0 -25.9421 381.6275 175.3211 164.9037 -8.3549 -111.2438 100.0000 stroke10
movl 0 -28.2307 379.5231 175.8733 164.9327 -8.4131 -110.5315 100.0000 stroke10
movl 0 -30.0391 376.9387 176.8385 164.3148 -8.2517 -109.5894 100.0000 stroke10
movl 0 -29.7938 366.8543 186.6260 159.9590 -6.5271 -108.2642 100.0000 stroke10
movl 0 2.2658 393.6066 190.4171 154.2273 -15.6811 -118.6647 100.0000 stroke11
movl 0 -4.3639 390.5914 178.4584 160.1660 -16.9938 -123.8359 100.0000 stroke11
movl 0 -11.5421 390.0721 176.5720 162.2672 -16.2072 -124.9723 100.0000 stroke11
movl 0 -15.1569 388.9236 175.7984 162.2524 -14.8027 -125.3272 100.0000 stroke11
movl 0 -23.1241 389.5648 175.2089 166.1122 -13.2341 -127.8133 100.0000 stroke11
movl 0 -27.5551 394.3858 174.3795 172.1392 -13.1819 -133.5635 100.0000 stroke11
movl 0 -26.5631 396.9247 174.1113 173.7652 -14.0045 -135.6334 100.0000 stroke11
movl 0 -25.2181 393.6131 175.1592 173.7584 -14.0351 -135.5528 100.0000 stroke11
movl 0 -25.2296 392.9394 175.2221 173.7782 -14.0712 -135.1256 100.0000 stroke11
movl 0 -22.7556 390.0148 176.2224 170.8937 -13.4524 -133.0788 100.0000 stroke11
movl 0 -13.5857 378.5285 187.3986 159.6882 -7.6350 -126.6807 100.0000 stroke11
movl 0 20.3112 407.9890 229.9251 149.8922 0.4385 -116.9968 100.0000 stroke12
movl 0 20.9925 407.0510 186.9729 151.7973 -2.2814 -116.9003 100.0000 stroke12
movl 0 9.6511 404.7145 180.3136 155.0396 -0.9791 -115.9709 100.0000 stroke12
movl 0 2.7531 401.9807 179.4430 157.3767 0.5878 -116.3133 100.0000 stroke12
movl 0 -0.8794 401.7848 178.4010 157.9964 0.4002 -115.5415 100.0000 stroke12
movl 0 -8.1575 402.2841 177.1207 159.7896 0.9309 -115.2639 100.0000 stroke12
movl 0 -14.8634 404.6909 175.9554 163.3056 1.3427 -117.8966 100.0000 stroke12
movl 0 -4.5125 411.4667 175.5304 163.0542 -1.4016 -121.7925 100.0000 stroke12
movl 0 -3.1709 414.7277 174.8533 163.6407 -3.5145 -122.6823 100.0000 stroke12
movl 0 -3.2385 417.1013 174.3421 164.6368 -5.9636 -123.1522 100.0000 stroke12
movl 0 -5.2383 417.1591 174.7018 165.8297 -7.9175 -123.2016 100.0000 stroke12
movl 0 -7.0406 416.3850 174.9672 166.5354 -9.4306 -122.7696 100.0000 stroke12
movl 0 -8.0282 414.9720 175.5694 166.6397 -10.0883 -122.3870 100.0000 stroke12
movl 0 -8.9839 413.1309 176.1166 166.4146 -10.1316 -121.8659 100.0000 stroke12
movl 0 -9.6015 412.3184 176.4786 166.2912 -10.1643 -121.4485 100.0000 stroke12
movl 0 -10.1809 411.4852 176.8843 166.0885 -10.1135 -121.1799 100.0000 stroke12
movl 0 -10.7830 410.7059 177.4087 165.9818 -9.9084 -121.1797 100.0000 stroke12
movl 0 -10.2875 409.4021 178.2204 165.4091 -9.8134 -120.9735 100.0000 stroke12
movl 0 -2.7674 392.6733 204.9114 155.8657 -7.4421 -118.6370 100.0000 stroke12
movl 0 19.1774 409.2595 226.5446 152.7989 -11.3937 -124.6242 100.0000 stroke13
movl 0 24.0954 407.1067 176.0587 156.0323 -15.6453 -128.9806 100.0000 stroke13
movl 0 8.9543 401.4714 178.5108 158.2146 -11.5469 -129.7936 100.0000 stroke13
movl 0 -2.1333 400.9208 176.9143 160.5915 -9.9490 -130.1668 100.0000 stroke13
movl 0 -7.0662 401.3083 176.7276 162.1330 -9.3411 -131.2766 100.0000 stroke13
movl 0 -13.6939 402.4059 176.6521 165.7198 -8.0442 -134.8930 100.0000 stroke13
movl 0 -20.0309 404.0719 176.4235 169.5493 -6.5495 -139.8988 100.0000 stroke13
movl 0 -22.7478 407.0062 175.8667 173.1238 -5.8158 -144.5654 100.0000 stroke13
movl 0 -17.1514 404.6796 177.6022 171.1759 -6.4383 -144.4023 100.0000 stroke13
movl 0 -14.3883 406.9329 177.3698 172.1330 -8.0818 -144.3175 100.0000 stroke13
movl 0 -13.7903 405.0331 178.0092 171.9591 -7.7669 -143.9352 100.0000 stroke13
movl 0 -13.1697 402.7755 178.6392 170.3201 -7.3506 -142.4745 100.0000 stroke13
movl 0 -6.6267 393.9109 181.5098 163.8934 -5.8798 -137.0419 100.0000 stroke13
movl 0 -1.9515 376.4087 226.0730 151.9631 0.2106 -126.1132 100.0000 stroke13
movl 0 17.7892 379.0679 230.5106 151.2196 -2.7540 -117.7083 100.0000 stroke14
movl 0 14.5947 376.1410 187.2686 154.2310 -4.5929 -118.0052 100.0000 stroke14
movl 0 6.7760 374.1172 179.6028 155.8749 -4.1754 -116.8526 100.0000 stroke14
movl 0 -3.4107 371.1992 178.8770 157.7266 -1.1564 -116.7803 100.0000 stroke14
movl 0 -8.1263 371.7785 178.0396 159.4106 -0.4625 -117.0370 100.0000 stroke14
movl 0 -11.9668 372.3764 177.5568 161.0151 -0.4117 -117.9590 100.0000 stroke14
movl 0 -17.0235 372.4669 177.3520 162.9893 0.2491 -119.4463 100.0000 stroke14
movl 0 -15.0326 375.4366 176.9760 163.9963 -0.4027 -122.2676 100.0000 stroke14
movl 0 -9.4498 379.4474 176.5570 164.4039 -1.5127 -125.6053 100.0000 stroke14
movl 0 -6.3496 380.0008 176.8383 163.7275 -2.7364 -126.0692 100.0000 stroke14
movl 0 -3.8332 386.0348 175.4095 165.2140 -5.3073 -127.1957 100.0000 stroke14
movl 0 -4.0646 387.9818 174.8841 166.0501 -6.7895 -127.7211 100.0000 stroke14
movl 0 -4.6846 388.3428 174.8260 166.9600 -8.2669 -128.0466 100.0000 stroke14
movl 0 -6.5427 387.9554 174.9552 168.0454 -9.4106 -128.2195 100.0000 stroke14
movl 0 -7.9734 386.9504 175.2224 168.5923 -10.1221 -128.0424 100.0000 stroke14
movl 0 -9.3909 385.8645 175.5278 169.0360 -10.4795 -128.0908 100.0000 stroke14
movl 0 -10.5272 384.4387 175.8283 169.2830 -10.7584 -127.8384 100.0000 stroke14
movl 0 -11.6193 383.0161 176.2613 169.2538 -10.7939 -127.2712 100.0000 stroke14
movl 0 -12.1652 382.0211 176.5292 169.1606 -10.9378 -126.8830 100.0000 stroke14
movl 0 -12.6591 380.6812 177.0637 168.9926 -10.7256 -126.5889 100.0000 stroke14
movl 0 -12.8496 379.5289 177.5236 168.7822 -10.6966 -126.4019 100.0000 stroke14
movl 0 -13.0746 378.3666 178.0280 168.5972 -10.6161 -126.2211 100.0000 stroke14
movl 0 -12.7856 377.7299 178.4762 168.3157 -10.5547 -126.2149 100.0000 stroke14
movl 0 -12.8698 377.3381 178.7789 168.2106 -10.5849 -126.2256 100.0000 stroke14
movl 0 -13.1200 376.1978 179.2796 167.9104 -10.5449 -125.9751 100.0000 stroke14
movl 0 -12.6727 374.7169 180.2837 167.3416 -10.2037 -125.8608 100.0000 stroke14
movl 0 -10.5667 371.4176 184.7217 165.9070 -9.0021 -126.2355 100.0000 stroke14
movl 0 -18.6922 360.9636 217.1371 163.7185 -4.9233 -128.7887 100.0000 stroke14
movl 0 17.4596 385.4351 207.6385 158.8322 -15.5818 -132.8189 100.0000 stroke15
movl 0 18.2069 386.4830 179.6793 160.6916 -18.9262 -133.7143 100.0000 stroke15
movl 0 -0.8102 385.4872 180.2977 164.9818 -15.8487 -135.5976 100.0000 stroke15
movl 0 -3.6521 385.4805 180.0525 166.1677 -15.4240 -136.6633 100.0000 stroke15
movl 0 -7.5849 385.1361 179.6374 166.3657 -14.4100 -136.9031 100.0000 stroke15
movl 0 -9.2195 385.8543 179.0916 167.0761 -14.1800 -137.6356 100.0000 stroke15
movl 0 -14.2157 387.6486 178.5890 169.8912 -13.2431 -140.7318 100.0000 stroke15
movl 0 -17.5554 389.8261 178.2990 173.1468 -12.4844 -145.3746 100.0000 stroke15
movl 0 -19.4449 392.1373 178.0322 176.4894 -12.1085 -150.8237 100.0000 stroke15
movl 0 -20.7172 394.4920 177.7041 179.4760 -11.6030 -156.2131 100.0000 stroke15
movl 0 -21.9760 397.3107 177.0769 -177.2390 -10.6835 -162.6826 100.0000 stroke15
movl 0 -24.1152 400.0933 176.0527 -174.5192 -9.2606 -167.9497 100.0000 stroke15
movl 0 -25.2400 403.4912 174.8064 -171.9331 -7.6862 -173.9713 100.0000 stroke15
movl 0 -25.6365 406.2838 173.7660 -170.0871 -5.8696 -178.4295 100.0000 stroke15
movl 0 -26.1030 406.9313 173.6464 -169.4019 -5.1444 179.2948 100.0000 stroke15
movl 0 -27.1276 405.0042 174.3810 -169.3127 -4.7192 178.7422 100.0000 stroke15
movl 0 -26.3105 404.5438 174.8406 -169.2567 -4.7863 178.3965 100.0000 stroke15
movl 0 -26.5306 402.1951 175.6133 -169.5548 -4.6408 178.2977 100.0000 stroke15
movl 0 -24.6543 399.0589 177.6007 -171.4866 -5.1736 177.9947 100.0000 stroke15
movl 0 -23.3230 399.6750 177.3118 -171.3207 -5.3156 177.6423 100.0000 stroke15
movl 0 -23.9688 399.6194 176.6632 -170.2931 -5.2333 178.0350 100.0000 stroke15
movl 0 -23.4908 398.0288 177.5963 -171.1018 -5.4354 178.2377 100.0000 stroke15
movl 0 -21.9007 396.9324 178.4677 -171.9261 -5.8292 178.3669 100.0000 stroke15
movl 0 -22.0620 396.1077 178.1419 -171.3528 -5.7396 178.6322 100.0000 stroke15
movl 0 -21.6098 394.2785 179.2492 -172.3958 -6.1262 179.3802 100.0000 stroke15
movl 0 -19.9032 394.1206 179.2876 -172.3246 -6.4446 179.3528 100.0000 stroke15
movl 0 -19.8798 391.8927 180.0122 -172.8068 -6.6469 179.9730 100.0000 stroke15
movl 0 -19.1217 391.6397 180.2058 -172.8351 -6.9055 -179.9946 100.0000 stroke15
movl 0 -20.0687 390.8212 180.4735 -173.2581 -6.8558 -179.6087 100.0000 stroke15
movl 0 -19.3419 389.5606 181.1560 -174.0969 -7.2659 -179.1015 100.0000 stroke15
movl 0 -18.9319 388.7299 181.8395 -174.6188 -7.7610 -178.7408 100.0000 stroke15
movl 0 -12.8185 387.3403 188.4374 -176.4153 -10.7601 -177.5626 100.0000 stroke15
