movl 0 -57.2255 368.9963 188.0068 150.0135 0.3443 -132.8378 100.0000 stroke1
movl 0 -65.4721 367.0928 181.5064 151.8770 -0.2541 -137.4372 100.0000 stroke1
movl 0 -66.3890 370.1150 178.4346 151.5649 -0.7847 -139.3903 100.0000 stroke1
movl 0 -66.9904 372.6639 176.4121 151.4980 0.4147 -137.4023 100.0000 stroke1
movl 0 -72.2621 373.2910 174.8619 152.3382 3.4099 -134.7299 100.0000 stroke1
movl 0 -74.5981 373.7454 173.9485 152.9343 4.9853 -132.8382 100.0000 stroke1
movl 0 -77.8546 375.3479 173.2972 154.4885 4.7537 -133.1191 100.0000 stroke1
movl 0 -82.6348 377.3801 172.6517 156.8641 4.1373 -134.4010 100.0000 stroke1
movl 0 -85.8289 379.6931 172.3983 158.8975 2.9906 -136.5401 100.0000 stroke1
movl 0 -88.4858 380.8192 172.2580 160.4719 2.1869 -138.4026 100.0000 stroke1
movl 0 -88.7270 381.9725 172.7230 161.4195 0.8078 -140.6497 100.0000 stroke1
movl 0 -89.3600 382.0478 172.9441 161.5864 0.6152 -142.0342 100.0000 stroke1
movl 0 -90.9228 382.2467 173.0110 162.3902 0.8579 -143.7009 100.0000 stroke1
movl 0 -92.3644 383.1249 173.4116 163.6456 0.6938 -145.5583 100.0000 stroke1
movl 0 -93.3338 384.4041 173.8741 164.9908 0.6350 -147.0902 100.0000 stroke1
movl 0 -94.3183 386.4508 174.2368 166.6425 0.6226 -148.3414 100.0000 stroke1
movl 0 -93.9333 386.5664 174.4996 166.8679 0.4513 -148.7656 100.0000 stroke1
movl 0 -89.1603 385.9287 175.4345 165.4023 -0.3183 -149.5877 100.0000 stroke1
movl 0 -89.2017 386.9182 175.3141 166.0186 -0.6642 -149.5887 100.0000 stroke1
movl 0 -88.9134 388.0229 175.8751 167.3274 -1.6644 -149.2284 100.0000 stroke1
movl 0 -85.1127 384.8336 176.7881 164.7509 -1.2187 -148.6683 100.0000 stroke1
movl 0 -85.4294 386.5287 176.7359 166.1670 -1.9872 -148.2453 100.0000 stroke1
movl 0 -83.6828 385.4089 176.6914 164.6015 -1.9806 -147.3596 100.0000 stroke1
movl 0 -74.8641 376.6128 177.1955 156.8192 0.3467 -141.7771 100.0000 stroke1
movl 0 -61.9728 357.3677 200.4269 144.5533 10.6914 -132.6557 100.0000 stroke1
movl 0 -24.0474 406.0281 197.7674 146.6115 14.1578 -97.3362 100.0000 stroke2
movl 0 -28.9671 400.7375 176.2839 150.6904 13.0971 -99.2039 100.0000 stroke2
movl 0 -35.8270 400.5827 173.6478 154.5401 14.1625 -98.2209 100.0000 stroke2
movl 0 -36.9704 402.5419 170.4710 155.1812 14.3048 -97.2162 100.0000 stroke2
movl 0 -39.7873 406.1423 169.2956 156.3028 12.0292 -97.6445 100.0000 stroke2
movl 0 -42.6647 411.2891 169.4640 158.0434 7.3241 -101.6346 100.0000 stroke2
movl 0 -42.8996 413.9046 169.5115 158.8988 4.4435 -105.4280 100.0000 stroke2
movl 0 -42.1866 416.1632 169.1425 158.9287 1.9668 -108.0070 100.0000 stroke2
movl 0 -42.6026 416.4488 169.7225 159.0945 -0.1123 -109.3410 100.0000 stroke2
movl 0 -43.3415 415.7677 170.5129 159.1907 -1.6493 -109.8369 100.0000 stroke2
movl 0 -43.6579 414.6189 171.3607 159.0741 -2.6013 -110.2086 100.0000 stroke2
movl 0 -43.1558 412.1950 172.3838 158.1321 -2.6424 -109.8031 100.0000 stroke2
movl 0 -40.1796 401.7963 180.1446 153.4411 -0.2594 -108.6376 100.0000 stroke2
movl 0 -45.3332 378.1972 222.2358 144.3699 9.1902 -107.8030 100.0000 stroke2
movl 0 -44.9996 383.5068 190.7327 146.8991 0.0615 -114.3202 100.0000 stroke3
movl 0 -54.7105 380.2953 177.1843 151.4931 0.3084 -115.7916 100.0000 stroke3
movl 0 -65.6304 377.5006 174.0415 153.2239 1.6740 -114.2137 100.0000 stroke3
movl 0 -71.4783 376.6107 172.2386 153.3625 1.3508 -112.2531 100.0000 stroke3
movl 0 -76.6613 375.8438 171.4403 155.3374 2.0726 -112.6261 100.0000 stroke3
movl 0 -83.6996 373.2029 171.8246 158.1757 3.4724 -113.7275 100.0000 stroke3
movl 0 -86.0340 372.1192 172.0999 159.2138 3.8869 -114.4506 100.0000 stroke3
movl 0 -88.8859 370.3844 172.3256 159.8273 5.0028 -114.7934 100.0000 stroke3
movl 0 -87.4396 371.1231 172.4710 160.1426 5.0393 -116.0314 100.0000 stroke3
movl 0 -85.1240 371.8153 172.8671 160.4058 5.1150 -117.4310 100.0000 stroke3
movl 0 -81.7966 372.8404 173.2527 160.6879 5.1562 -118.8196 100.0000 stroke3
movl 0 -78.6794 374.2229 173.4832 161.0948 5.1762 -120.1062 100.0000 stroke3
movl 0 -75.8835 375.6721 173.6911 161.6458 5.1562 -121.3439 100.0000 stroke3
movl 0 -72.5244 377.5184 173.9820 162.1682 5.0577 -122.8980 100.0000 stroke3
movl 0 -69.0385 379.3044 174.2077 162.7696 4.9510 -124.6583 100.0000 stroke3
movl 0 -66.2815 381.4101 174.2214 163.7128 4.9562 -126.6870 100.0000 stroke3
movl 0 -65.3143 382.0946 174.1794 163.9423 4.8417 -127.4727 100.0000 stroke3
movl 0 -61.4806 380.1916 175.1031 161.9281 4.6932 -126.9079 100.0000 stroke3
movl 0 -59.2748 379.6405 175.3021 160.9308 4.6663 -126.9298 100.0000 stroke3
movl 0 -57.4365 379.2407 175.5703 160.1865 4.6322 -126.7893 100.0000 stroke3
movl 0 -56.0794 379.5673 175.4887 159.8424 4.2671 -126.4025 100.0000 stroke3
movl 0 -56.5337 382.5849 176.2568 161.9185 2.3664 -126.5095 100.0000 stroke3
movl 0 -55.7856 384.1537 175.7554 161.8602 1.4353 -125.5934 100.0000 stroke3
movl 0 -46.3106 374.3503 175.2744 151.9500 7.2935 -116.1442 100.0000 stroke3
movl 0 -37.5339 367.1370 196.3632 145.3351 19.2665 -107.5958 100.0000 stroke3
movl 0 -27.5229 400.1332 181.9195 154.3884 29.4352 -79.8294 100.0000 stroke4
movl 0 -31.5426 400.8335 166.4080 156.6707 29.0994 -78.1550 100.0000 stroke4
movl 0 -33.8574 403.2887 162.3105 157.7260 27.6640 -76.7914 100.0000 stroke4
movl 0 -33.8308 405.5073 160.5531 157.5389 27.0852 -76.0274 100.0000 stroke4
movl 0 -36.9611 410.0050 159.8519 157.7779 23.4596 -77.4978 100.0000 stroke4
movl 0 -35.1286 415.2482 159.0758 156.5427 19.3058 -81.0620 100.0000 stroke4
movl 0 -35.5688 417.4726 159.1244 155.0850 16.0645 -83.3021 100.0000 stroke4
movl 0 -33.9889 418.3913 159.8481 153.7221 13.3390 -86.0141 100.0000 stroke4
movl 0 -33.2344 419.1388 160.7439 152.8979 10.4173 -88.4884 100.0000 stroke4
movl 0 -33.4158 418.9133 161.5485 152.5845 8.2007 -90.4841 100.0000 stroke4
movl 0 -33.3638 418.7483 162.2268 152.3086 5.9145 -92.4672 100.0000 stroke4
movl 0 -33.1989 418.5199 162.8338 152.1439 3.5676 -94.7768 100.0000 stroke4
movl 0 -32.9797 418.9135 163.2436 152.1645 1.3145 -96.6733 100.0000 stroke4
movl 0 -33.0522 419.3945 163.6310 152.4363 -1.0642 -98.4451 100.0000 stroke4
movl 0 -33.5142 420.0959 164.0161 152.9547 -3.4356 -100.0205 100.0000 stroke4
movl 0 -34.0132 420.3652 164.3518 153.5833 -5.3098 -101.3227 100.0000 stroke4
movl 0 -34.6162 420.2722 164.8258 154.2296 -7.2181 -102.6985 100.0000 stroke4
movl 0 -35.4479 420.1985 165.1092 154.9484 -8.9930 -104.0491 100.0000 stroke4
movl 0 -36.6146 420.0533 165.4798 155.8587 -10.6237 -105.2701 100.0000 stroke4
movl 0 -37.9585 419.8637 165.8452 156.7612 -11.8116 -106.1379 100.0000 stroke4
movl 0 -39.4501 419.5665 166.0607 157.7861 -13.1103 -107.1524 100.0000 stroke4
movl 0 -40.7888 419.6804 166.2078 158.9336 -14.5854 -108.3933 100.0000 stroke4
movl 0 -42.4042 419.6919 166.3129 160.1984 -15.9007 -109.5549 100.0000 stroke4
movl 0 -44.0298 419.5219 166.4753 161.3528 -17.0231 -110.4210 100.0000 stroke4
movl 0 -45.9985 419.2427 166.6672 162.5543 -17.9487 -110.9992 100.0000 stroke4
movl 0 -48.3354 419.1429 166.6179 163.7617 -18.7959 -111.2081 100.0000 stroke4
movl 0 -50.5949 418.9936 166.7627 164.9348 -19.5581 -111.3222 100.0000 stroke4
movl 0 -52.7606 418.8004 166.5936 165.8863 -20.2289 -111.1042 100.0000 stroke4
movl 0 -54.9579 417.9925 166.5034 166.3984 -20.6131 -110.3096 100.0000 stroke4
movl 0 -57.0838 416.8274 166.4398 166.3836 -20.7283 -109.0276 100.0000 stroke4
movl 0 -54.9776 415.8112 167.1159 165.2904 -19.9096 -108.6639 100.0000 stroke4
movl 0 -52.4887 414.3251 168.3882 164.4346 -18.8410 -108.7060 100.0000 stroke4
movl 0 -52.7629 413.9633 168.4919 164.4827 -19.0342 -108.3846 100.0000 stroke4
movl 0 -54.1119 411.4524 169.2558 164.4768 -18.0843 -108.0784 100.0000 stroke4
movl 0 -50.4582 399.1960 174.1540 161.4397 -12.6604 -108.4684 100.0000 stroke4
movl 0 -50.0867 391.5010 176.8362 160.3246 -9.2213 -109.2002 100.0000 stroke4
movl 0 -53.5570 389.5775 176.3383 161.2073 -8.2152 -109.1339 100.0000 stroke4
movl 0 -57.8624 389.5970 174.7010 161.8023 -8.7911 -106.8010 100.0000 stroke4
movl 0 -59.5004 388.7506 173.9479 161.4320 -8.6330 -105.1598 100.0000 stroke4
movl 0 -58.8460 388.1843 173.8083 160.6266 -8.3073 -104.5949 100.0000 stroke4
movl 0 -56.8252 387.4819 174.0702 159.4509 -7.6984 -104.3750 100.0000 stroke4
movl 0 -43.6250 379.9464 180.5101 153.1416 -3.7166 -106.8786 100.0000 stroke4
movl 0 -28.3871 365.8609 207.0124 143.8435 7.3523 -108.4420 100.0000 stroke4
movl 0 -38.2622 411.0411 198.5583 146.4862 -2.4562 -101.5255 100.0000 stroke5
movl 0 -39.6846 401.5340 174.1668 152.0643 -2.3440 -105.4579 100.0000 stroke5
movl 0 -40.5316 398.9238 174.0413 153.6421 -1.0010 -106.0785 100.0000 stroke5
movl 0 -41.1171 401.4564 172.6631 154.3322 -2.4896 -106.4042 100.0000 stroke5
movl 0 -41.3629 401.9284 172.1610 154.7680 -2.7461 -106.5877 100.0000 stroke5
movl 0 -43.5048 401.6494 171.7593 155.3913 -2.2480 -106.6407 100.0000 stroke5
movl 0 -46.2820 403.4742 171.1364 157.0544 -3.8676 -107.0809 100.0000 stroke5
movl 0 -48.1135 403.1637 170.9419 157.1193 -4.3330 -105.9049 100.0000 stroke5
movl 0 -49.9801 402.5304 170.8136 157.1461 -4.8337 -104.7164 100.0000 stroke5
movl 0 -52.2741 401.4106 170.8646 157.1854 -5.3307 -103.6856 100.0000 stroke5
movl 0 -54.5393 400.0068 170.9559 157.0789 -5.6280 -102.6422 100.0000 stroke5
movl 0 -56.2923 398.5962 171.1414 156.7427 -5.8073 -101.8104 100.0000 stroke5
movl 0 -57.9820 397.5649 171.3469 156.4809 -5.9077 -101.2107 100.0000 stroke5
movl 0 -58.2202 396.4619 171.9571 155.4639 -5.9520 -100.8315 100.0000 stroke5
movl 0 -50.2701 388.5969 178.2286 147.6351 0.1567 -97.7305 100.0000 stroke5
movl 0 -42.2111 372.7339 226.5440 138.5922 16.3923 -93.6434 100.0000 stroke5
movl 0 -27.2183 416.3066 184.5189 145.7843 -11.7063 -108.6928 100.0000 stroke6
movl 0 -24.9020 410.7888 169.8013 152.2971 -14.7589 -116.5844 100.0000 stroke6
movl 0 -28.2635 411.7617 170.0101 155.3737 -15.3011 -119.1026 100.0000 stroke6
movl 0 -27.2852 410.9351 170.0725 156.0434 -15.5471 -122.2812 100.0000 stroke6
movl 0 -28.8127 411.5607 169.2087 156.5207 -15.6183 -123.3359 100.0000 stroke6
movl 0 -31.7357 412.0387 168.9198 157.8343 -15.2196 -124.2253 100.0000 stroke6
movl 0 -33.6217 414.1540 168.7990 160.7956 -15.9544 -127.4547 100.0000 stroke6
movl 0 -36.1863 416.8428 168.9653 164.4893 -16.4589 -131.4598 100.0000 stroke6
movl 0 -37.2334 421.8525 168.2497 168.6677 -17.6873 -135.9176 100.0000 stroke6
movl 0 -35.8740 425.7041 167.3895 171.0169 -18.9767 -138.7632 100.0000 stroke6
movl 0 -32.7987 428.0042 166.5478 171.3490 -19.9137 -140.1715 100.0000 stroke6
movl 0 -33.6136 427.0323 167.1914 172.3239 -20.5236 -139.9340 100.0000 stroke6
movl 0 -30.3416 425.3580 168.1428 170.1945 -19.9008 -139.6883 100.0000 stroke6
movl 0 -31.9762 425.3079 168.1170 171.8352 -20.6040 -139.5496 100.0000 stroke6
movl 0 -31.3082 423.4128 168.7472 169.6300 -20.0517 -137.7514 100.0000 stroke6
movl 0 -18.5993 407.1742 176.9237 151.7401 -10.2707 -123.0248 100.0000 stroke6
movl 0 -15.2293 387.6924 239.3955 143.2377 13.9459 -110.9912 100.0000 stroke6
movl 0 -4.3545 407.1206 215.1746 148.5533 19.7761 -87.2683 100.0000 stroke7
movl 0 -1.0568 403.2568 175.9188 149.3914 18.8765 -90.5890 100.0000 stroke7
movl 0 -4.7115 404.2824 169.2039 152.0322 17.7937 -89.9672 100.0000 stroke7
movl 0 -6.3428 404.0866 165.7046 153.4377 17.7881 -90.3296 100.0000 stroke7
movl 0 -7.9754 407.6383 163.6426 154.2233 15.8023 -91.2494 100.0000 stroke7
movl 0 -8.2070 413.3400 163.6904 154.7315 9.6373 -95.3548 100.0000 stroke7
movl 0 -7.1519 415.7035 163.2893 154.3157 7.5411 -97.1878 100.0000 stroke7
movl 0 -7.2439 416.5739 163.2564 153.6888 5.2971 -98.1443 100.0000 stroke7
movl 0 -7.8332 416.4273 163.6785 153.2388 3.7061 -98.2318 100.0000 stroke7
movl 0 -8.4364 416.0400 163.8095 152.6434 2.5058 -97.8949 100.0000 stroke7
movl 0 -9.4541 415.0546 163.9726 151.9455 1.9828 -97.4672 100.0000 stroke7
movl 0 -8.6810 413.0333 164.8424 149.7611 1.9405 -97.2544 100.0000 stroke7
movl 0 -5.1283 401.1156 177.6686 143.0830 7.7673 -99.4035 100.0000 stroke7
movl 0 -5.4819 388.6421 240.3535 139.1913 19.6138 -97.1568 100.0000 stroke7
movl 0 1.5043 391.9622 219.7128 143.7139 5.9341 -102.8167 100.0000 stroke8
movl 0 4.7586 386.8137 174.3758 146.8811 3.7295 -106.1130 100.0000 stroke8
movl 0 2.2600 384.9757 170.0694 148.5389 6.2497 -105.6951 100.0000 stroke8
movl 0 0.3823 387.8742 165.5027 149.0632 6.5159 -104.9828 100.0000 stroke8
movl 0 -2.5216 390.1474 163.5136 150.5374 6.3311 -104.7140 100.0000 stroke8
movl 0 -3.8681 394.9716 162.8799 152.8418 2.1299 -107.3360 100.0000 stroke8
movl 0 -2.5180 398.8045 162.3087 153.3001 -0.4429 -108.7379 100.0000 stroke8
movl 0 -2.2123 400.6534 162.1216 153.2110 -3.1203 -108.7674 100.0000 stroke8
movl 0 -3.3666 401.1022 162.2567 153.1377 -5.7628 -108.0393 100.0000 stroke8
movl 0 -4.9612 400.1160 162.5050 152.7463 -7.2260 -107.0224 100.0000 stroke8
movl 0 -6.4223 398.5718 163.1830 151.8906 -7.6877 -105.9532 100.0000 stroke8
movl 0 -6.5574 396.4396 164.5667 149.8406 -7.4027 -104.4640 100.0000 stroke8
movl 0 -8.6381 388.6955 178.3425 145.0218 -0.7632 -100.9557 100.0000 stroke8
movl 0 -8.5459 369.0006 210.8524 150.9603 19.0466 -91.9526 100.0000 stroke9
movl 0 -7.2080 362.9230 177.0792 152.9013 16.3739 -96.5132 100.0000 stroke9
movl 0 -9.8963 366.2689 172.4125 154.5175 14.6894 -96.5200 100.0000 stroke9
movl 0 -10.9176 368.3407 169.1562 154.9160 13.1165 -95.9673 100.0000 stroke9
movl 0 -12.6586 369.7901 167.8081 155.7769 12.1228 -96.2035 100.0000 stroke9
movl 0 -15.0980 370.1225 167.6661 157.1488 11.8383 -97.1787 100.0000 stroke9
movl 0 -12.7100 371.6004 167.5267 157.2631 11.1416 -98.7072 100.0000 stroke9
movl 0 -8.4065 373.5422 167.4236 157.3760 10.3394 -100.7398 100.0000 stroke9
movl 0 -1.8350 375.0190 167.4037 155.6717 9.5164 -101.8061 100.0000 stroke9
movl 0 4.9278 380.0030 165.8155 153.5268 7.0867 -102.6232 100.0000 stroke9
movl 0 11.7123 389.0992 162.9998 152.8917 0.8516 -104.5407 100.0000 stroke9
movl 0 13.2691 394.1063 161.2937 152.2843 -2.7200 -104.8462 100.0000 stroke9
movl 0 12.9680 396.4653 161.2815 152.6054 -6.2185 -105.7323 100.0000 stroke9
movl 0 11.9043 398.7464 160.8910 152.9924 -9.3910 -105.8396 100.0000 stroke9
movl 0 8.8240 399.5555 160.4732 153.4738 -11.3919 -104.9879 100.0000 stroke9
movl 0 4.8006 399.3672 160.2244 153.8354 -12.2270 -103.4099 100.0000 stroke9
movl 0 0.1552 397.6990 160.3138 153.8544 -12.1311 -101.6267 100.0000 stroke9
movl 0 -1.2334 395.6372 161.1625 153.5308 -11.0936 -101.1365 100.0000 stroke9
movl 0 1.0881 391.9652 162.9134 153.2182 -9.3825 -101.8783 100.0000 stroke9
movl 0 -2.1278 389.4782 163.8022 153.7250 -8.6955 -101.1951 100.0000 stroke9
movl 0 -2.6363 373.3773 170.6410 153.4618 -1.0333 -103.4538 100.0000 stroke9
movl 0 -7.4470 368.0735 172.1640 155.2438 1.5638 -104.2331 100.0000 stroke9
movl 0 -11.9635 367.0623 171.0958 155.8026 2.0087 -102.3870 100.0000 stroke9
movl 0 -18.3982 365.2436 170.1619 156.5884 2.7986 -99.3272 100.0000 stroke9
movl 0 -21.0677 363.8907 169.7770 156.7929 3.7722 -97.3936 100.0000 stroke9
movl 0 -21.3839 362.9351 169.5570 156.3040 4.5667 -96.2421 100.0000 stroke9
movl 0 -21.5437 362.3103 169.4065 156.0557 5.3926 -95.5443 100.0000 stroke9
movl 0 -21.1256 362.3493 169.0427 155.5618 5.9098 -95.0584 100.0000 stroke9
movl 0 -20.4674 362.6710 168.7429 155.0384 6.3242 -94.9062 100.0000 stroke9
movl 0 -19.5945 362.8212 168.5222 154.5529 6.7924 -94.8450 100.0000 stroke9
movl 0 -19.3624 363.1735 168.3892 154.2360 6.9946 -94.9346 100.0000 stroke9
movl 0 -18.3040 363.4856 168.2013 153.7908 7.1066 -95.1121 100.0000 stroke9
movl 0 -17.8182 363.1824 168.2665 153.5983 7.3667 -95.2681 100.0000 stroke9
movl 0 -16.6194 362.5423 168.5340 153.1116 7.8023 -95.6925 100.0000 stroke9
movl 0 -13.0516 357.2792 171.5711 151.5395 10.5245 -96.6440 100.0000 stroke9
movl 0 -7.4324 335.3510 183.6140 148.3124 25.5266 -94.7305 100.0000 stroke9
movl 0 -2.3493 311.4702 239.5717 146.0014 43.4712 -91.8513 100.0000 stroke9
movl 0 -8.7197 386.1942 242.3620 149.2718 15.5509 -99.0461 100.0000 stroke10
movl 0 -5.1324 387.8367 189.5789 152.2568 8.4939 -104.2000 100.0000 stroke10
movl 0 -5.5695 389.0150 174.0694 154.4565 5.9265 -107.7191 100.0000 stroke10
movl 0 -6.8238 388.5386 173.1603 154.3534 6.8272 -107.8043 100.0000 stroke10
movl 0 -6.8989 387.8770 172.7782 154.3742 7.5592 -107.8244 100.0000 stroke10
movl 0 -12.1573 389.5384 173.2417 157.3944 6.5429 -109.2702 100.0000 stroke10
movl 0 -16.6004 391.1162 174.1637 160.2732 5.3700 -112.0001 100.0000 stroke10
movl 0 -20.7010 393.5866 174.6810 163.2962 3.9987 -115.5877 100.0000 stroke10
movl 0 -24.3997 396.3001 175.2115 166.2404 2.9035 -119.6294 100.0000 stroke10
movl 0 -27.2204 399.9877 175.0585 169.2425 1.6994 -124.2380 100.0000 stroke10
movl 0 -23.6175 398.9447 175.7316 167.6668 1.2460 -125.6671 100.0000 stroke10
movl 0 -18.3536 399.4966 175.9058 166.5346 0.5789 -127.0988 100.0000 stroke10
movl 0 -17.3040 399.9938 175.9280 166.4001 0.2837 -127.0189 100.0000 stroke10
movl 0 -16.6017 400.7973 176.0422 166.5010 -0.6484 -126.2028 100.0000 stroke10
movl 0 -16.8609 400.7241 176.3243 167.2174 -1.4429 -125.5347 100.0000 stroke10
movl 0 -13.5973 397.9847 176.9551 165.0295 -0.2497 -125.2552 100.0000 stroke10
movl 0 -13.8583 399.8035 176.6640 166.1262 -1.7393 -125.0091 100.0000 stroke10
movl 0 -14.2729 399.1523 176.6608 165.6356 -1.3245 -124.4828 100.0000 stroke10
movl 0 -12.5254 397.9372 176.6305 164.1578 -0.9140 -123.6792 100.0000 stroke10
movl 0 -11.7281 397.7139 176.7275 163.6220 -0.8632 -123.2644 100.0000 stroke10
movl 0 -7.4526 394.8240 177.7120 161.1463 -0.4378 -122.2668 100.0000 stroke10
movl 0 0.1874 389.5618 196.2113 156.4887 1.5389 -120.9081 100.0000 stroke10
