movl 0 -66.0926 373.8161 174.2739 -163.6024 -20.8245 100.3940 100.0000 stroke1
movl 0 -66.3737 374.0046 173.9679 -163.5294 -20.7246 100.3347 100.0000 stroke1
movl 0 -66.2097 374.1517 173.6846 -163.7263 -20.9282 101.1250 100.0000 stroke1
movl 0 -66.3224 374.6449 173.2767 -164.0555 -21.0394 102.2802 100.0000 stroke1
movl 0 -69.0680 373.9789 172.6056 -165.1906 -21.4163 104.3257 100.0000 stroke1
movl 0 -70.9978 374.1280 171.9193 -165.7519 -21.4525 105.9759 100.0000 stroke1
movl 0 -71.8400 375.4665 171.3767 -165.7057 -20.7671 106.5931 100.0000 stroke1
movl 0 -72.8331 376.3228 171.1431 -165.9348 -20.1295 106.7639 100.0000 stroke1
movl 0 -75.1050 377.3967 170.9901 -166.8656 -19.1124 106.5442 100.0000 stroke1
movl 0 -76.9957 377.6530 171.1020 -167.7354 -18.4849 106.3611 100.0000 stroke1
movl 0 -78.8315 378.0164 171.2607 -168.6136 -17.7475 105.9912 100.0000 stroke1
movl 0 -81.2073 378.3723 171.5073 -169.6975 -16.8544 105.4788 100.0000 stroke1
movl 0 -83.5578 377.6901 171.8110 -170.6729 -16.6617 105.2709 100.0000 stroke1
movl 0 -85.0941 377.0896 171.9056 -171.4055 -16.9245 105.0048 100.0000 stroke1
movl 0 -84.6644 377.4931 171.9353 -171.6777 -16.9236 104.2865 100.0000 stroke1
movl 0 -83.3097 378.3135 172.1244 -171.7860 -16.8641 103.2180 100.0000 stroke1
movl 0 -81.5537 379.3552 172.3290 -171.8714 -16.7408 101.7909 100.0000 stroke1
movl 0 -79.8971 380.6851 172.3778 -171.9827 -16.4315 100.5646 100.0000 stroke1
movl 0 -78.6043 381.8131 172.4225 -172.2555 -16.2694 99.2531 100.0000 stroke1
movl 0 -77.5600 382.3342 172.4631 -172.1873 -16.1843 98.6553 100.0000 stroke1
movl 0 -75.6140 380.5418 173.2007 -171.5088 -16.9250 99.2231 100.0000 stroke1
movl 0 -74.1792 379.2985 173.7075 -171.0483 -17.6409 99.2417 100.0000 stroke1
movl 0 -73.4390 378.2730 174.0222 -170.7723 -18.1674 99.2492 100.0000 stroke1
movl 0 -72.8049 377.9288 174.2209 -170.5475 -18.3337 99.1132 100.0000 stroke1
movl 0 -73.1090 378.7914 174.3150 -170.5123 -17.5625 98.7804 100.0000 stroke1
movl 0 -73.2312 379.9688 174.4433 -170.4358 -16.5985 98.0356 100.0000 stroke1
movl 0 -73.1966 380.5459 174.4311 -170.3630 -16.1080 97.5913 100.0000 stroke1
movl 0 -72.9635 381.4023 174.2908 -170.1172 -15.5877 97.2138 100.0000 stroke1
movl 0 -72.8474 381.8283 174.1543 -170.0123 -15.3658 97.0594 100.0000 stroke1
movl 0 -67.5915 378.0812 175.8167 -166.1843 -16.8231 97.9452 100.0000 stroke1
movl 0 -53.5513 363.3453 186.4189 -160.0778 -28.2535 95.6661 100.0000 stroke1
movl 0 -53.2630 346.9529 242.9455 -166.5074 -44.3109 107.3476 100.0000 stroke1
movl 0 -34.6623 392.3930 234.8599 176.6598 -40.9880 148.6325 100.0000 stroke2
movl 0 -38.8031 381.3429 185.1141 179.8414 -36.3646 144.9126 100.0000 stroke2
movl 0 -43.3976 378.8223 169.3830 174.2869 -34.8018 149.5979 100.0000 stroke2
movl 0 -45.4046 380.4194 165.9711 172.7350 -33.1778 150.9798 100.0000 stroke2
movl 0 -45.6935 383.9334 163.4687 173.0121 -32.3631 150.6588 100.0000 stroke2
movl 0 -46.9395 387.9988 162.4062 174.7555 -31.1556 149.1441 100.0000 stroke2
movl 0 -47.2384 393.4198 162.1554 179.6001 -28.8198 143.3204 100.0000 stroke2
movl 0 -45.2367 397.4539 161.7950 -176.3049 -27.2027 137.8738 100.0000 stroke2
movl 0 -44.6917 400.0675 161.7847 -172.6009 -26.0463 133.5742 100.0000 stroke2
movl 0 -44.1410 400.8649 162.1828 -170.0726 -24.9453 129.7058 100.0000 stroke2
movl 0 -44.4858 400.6781 163.0405 -168.2374 -23.9757 126.3511 100.0000 stroke2
movl 0 -44.3495 400.8846 163.7412 -166.4892 -22.4279 123.4156 100.0000 stroke2
movl 0 -44.8421 400.8605 164.5872 -164.8502 -20.2961 120.0850 100.0000 stroke2
movl 0 -44.9529 401.3538 165.2977 -163.4579 -18.5610 117.5781 100.0000 stroke2
movl 0 -45.4041 401.8030 166.1802 -162.3132 -16.4229 115.3472 100.0000 stroke2
movl 0 -45.3046 402.7993 166.9225 -160.9990 -14.5000 112.8719 100.0000 stroke2
movl 0 -45.5470 403.4465 167.8205 -159.8179 -12.3717 109.9452 100.0000 stroke2
movl 0 -46.3682 404.4134 168.4832 -158.8133 -9.5823 106.5105 100.0000 stroke2
movl 0 -46.9687 405.4870 168.9758 -158.1314 -6.8468 103.6228 100.0000 stroke2
movl 0 -47.8295 406.5755 169.3512 -157.8690 -4.1303 100.9216 100.0000 stroke2
movl 0 -48.7105 407.7974 169.6250 -157.7982 -1.2437 98.3444 100.0000 stroke2
movl 0 -50.0375 409.5628 169.7535 -158.0962 2.0630 95.5230 100.0000 stroke2
movl 0 -51.3154 411.2351 169.7096 -158.6177 5.4638 92.5493 100.0000 stroke2
movl 0 -53.1769 412.9997 169.5059 -159.6274 8.9064 89.6751 100.0000 stroke2
movl 0 -54.9248 414.9150 168.9880 -160.7192 11.9718 87.2391 100.0000 stroke2
movl 0 -56.8617 416.2424 168.4964 -161.8052 14.3488 85.6607 100.0000 stroke2
movl 0 -58.7640 417.5575 167.9290 -162.7393 16.1732 84.8540 100.0000 stroke2
movl 0 -61.0396 418.0579 167.9267 -163.5049 17.6158 84.4885 100.0000 stroke2
movl 0 -62.6260 416.8930 168.1569 -163.5325 17.7204 85.2406 100.0000 stroke2
movl 0 -59.1562 415.8123 168.7467 -162.3746 16.4476 85.6529 100.0000 stroke2
movl 0 -57.6617 415.6657 168.7944 -162.2403 16.3964 85.3622 100.0000 stroke2
movl 0 -58.1901 415.5815 169.1237 -162.4942 16.9069 85.2195 100.0000 stroke2
movl 0 -58.4882 415.2149 169.2214 -162.7210 16.8851 84.9507 100.0000 stroke2
movl 0 -48.6537 401.9163 174.8379 -157.9153 9.8160 83.6146 100.0000 stroke2
movl 0 -37.0261 367.4385 184.3160 -149.9127 -4.8415 76.6995 100.0000 stroke2
movl 0 -50.9784 336.9608 181.3354 -152.3334 -13.3772 78.2599 100.0000 stroke2
movl 0 -55.8324 321.6548 172.5621 -155.6295 -15.5358 79.1899 100.0000 stroke2
movl 0 -56.0336 324.8754 170.7757 -156.4803 -14.4428 78.5352 100.0000 stroke2
movl 0 -55.5697 326.9360 170.1475 -156.6690 -13.3415 77.7233 100.0000 stroke2
movl 0 -56.7979 329.7878 168.8256 -157.2786 -11.8122 77.2776 100.0000 stroke2
movl 0 -58.5797 331.6046 167.9080 -157.7836 -10.3761 77.5456 100.0000 stroke2
movl 0 -58.8128 332.5758 167.4763 -157.7678 -9.4455 77.6071 100.0000 stroke2
movl 0 -58.8743 332.8841 167.3893 -157.5194 -9.0070 77.6414 100.0000 stroke2
movl 0 -58.4296 332.6365 167.6389 -157.0728 -8.9515 77.5552 100.0000 stroke2
movl 0 -57.9567 332.8492 167.7058 -156.7420 -8.7378 77.4245 100.0000 stroke2
movl 0 -57.2995 332.6986 168.0070 -156.2609 -8.7231 77.1324 100.0000 stroke2
movl 0 -53.8259 331.1883 169.4133 -154.8016 -9.0497 75.8411 100.0000 stroke2
movl 0 -50.5878 327.7646 180.3461 -151.6692 -11.9929 74.1583 100.0000 stroke2
movl 0 -52.5010 319.0316 235.2514 -146.9665 -22.6458 74.2979 100.0000 stroke2
movl 0 -38.3592 383.3583 234.4825 -145.8060 -3.5153 73.6756 100.0000 stroke3
movl 0 -39.8092 378.9007 185.0670 -149.6423 2.7117 63.3777 100.0000 stroke3
movl 0 -43.5948 375.7189 173.7424 -151.4676 0.3234 63.3210 100.0000 stroke3
movl 0 -44.0710 375.7815 172.0367 -151.7865 -0.6855 63.1352 100.0000 stroke3
movl 0 -43.9593 377.2672 170.8400 -151.9916 -0.5256 62.8588 100.0000 stroke3
movl 0 -44.4760 378.1822 169.8037 -152.0314 -0.7924 63.2249 100.0000 stroke3
movl 0 -45.3740 378.8792 168.8988 -152.2538 -1.1848 63.6329 100.0000 stroke3
movl 0 -46.6595 382.3608 167.7402 -153.7696 0.5002 62.9674 100.0000 stroke3
movl 0 -47.1143 384.1712 167.3100 -154.4429 2.0574 62.5496 100.0000 stroke3
movl 0 -47.4117 385.0470 167.0167 -154.7123 2.8266 62.5799 100.0000 stroke3
movl 0 -46.2677 385.3411 167.0605 -154.3351 2.8295 62.4892 100.0000 stroke3
movl 0 -45.9006 385.8996 166.8458 -154.3339 3.0402 62.5357 100.0000 stroke3
movl 0 -46.4361 386.3839 166.5987 -154.5468 3.5632 62.7488 100.0000 stroke3
movl 0 -47.0801 386.6852 166.5893 -154.9301 4.3088 62.8161 100.0000 stroke3
movl 0 -48.2570 386.4183 166.7407 -155.2194 5.1583 63.3472 100.0000 stroke3
movl 0 -49.9121 385.4951 167.1624 -155.5573 6.0844 63.8674 100.0000 stroke3
movl 0 -52.2006 383.6325 167.5221 -155.5756 6.5846 64.9323 100.0000 stroke3
movl 0 -53.9517 382.0687 167.9080 -155.4365 6.9272 65.4559 100.0000 stroke3
movl 0 -54.9832 379.4133 169.4398 -154.3701 6.9251 66.3639 100.0000 stroke3
movl 0 -58.8950 367.2338 187.5838 -149.5165 3.2741 67.5056 100.0000 stroke3
movl 0 -64.3159 353.6247 246.4644 -139.9906 -8.1735 68.3380 100.0000 stroke3
movl 0 -35.5218 405.9706 236.4408 -144.4126 10.4132 63.9845 100.0000 stroke4
movl 0 -28.3906 404.5100 180.5883 -152.0062 18.4386 53.7814 100.0000 stroke4
movl 0 -32.3063 397.8586 176.2791 -154.2078 16.1604 52.4123 100.0000 stroke4
movl 0 -41.0258 398.0051 173.4452 -156.7352 16.5224 53.2137 100.0000 stroke4
movl 0 -44.8910 397.2669 172.9311 -157.2744 15.9508 54.8720 100.0000 stroke4
movl 0 -47.5399 399.1909 170.7510 -158.1553 16.7315 55.5183 100.0000 stroke4
movl 0 -51.3388 398.5516 169.6969 -158.7827 16.0390 55.7365 100.0000 stroke4
movl 0 -52.8068 399.4171 168.6999 -159.1663 16.2621 56.0401 100.0000 stroke4
movl 0 -52.6574 399.1291 168.7397 -158.9167 16.2750 56.1265 100.0000 stroke4
movl 0 -41.9882 398.9177 172.5593 -156.9090 15.8081 52.7364 100.0000 stroke4
movl 0 -40.6245 398.5805 172.2251 -157.2834 14.4273 49.4583 100.0000 stroke4
movl 0 -41.5115 398.7544 172.1261 -158.0830 13.9480 46.8072 100.0000 stroke4
movl 0 -43.3603 399.5514 171.8865 -159.6633 13.9545 43.7816 100.0000 stroke4
movl 0 -46.7539 401.1097 171.5645 -162.5069 13.9675 40.0155 100.0000 stroke4
movl 0 -50.7765 401.4554 171.8659 -164.9484 12.9494 36.7534 100.0000 stroke4
movl 0 -52.8378 403.4940 171.9423 -167.6777 12.4943 33.9688 100.0000 stroke4
movl 0 -50.3769 402.3183 172.5149 -166.3832 12.3302 34.9382 100.0000 stroke4
movl 0 -49.8435 403.1895 172.5094 -167.0243 12.8404 35.9950 100.0000 stroke4
movl 0 -49.3450 403.0340 172.9270 -167.1743 13.0488 36.5181 100.0000 stroke4
movl 0 -49.2212 402.8840 173.3072 -167.5622 13.2043 36.7123 100.0000 stroke4
movl 0 -48.8917 402.4216 173.4854 -167.3305 13.1113 37.3245 100.0000 stroke4
movl 0 -48.3559 401.9133 173.6315 -166.9081 13.0534 37.8552 100.0000 stroke4
movl 0 -44.2053 395.0242 176.7298 -160.7245 10.9486 45.0548 100.0000 stroke4
movl 0 -37.2232 364.4993 235.9975 -143.5382 -12.5846 64.9585 100.0000 stroke4
movl 0 -19.5123 388.1000 206.4985 -149.1553 -17.9721 91.4100 100.0000 stroke5
movl 0 -26.5827 379.1378 174.3873 -154.6912 -18.5124 92.3271 100.0000 stroke5
movl 0 -30.2440 379.7296 173.1430 -157.3336 -19.4860 93.4836 100.0000 stroke5
movl 0 -32.8480 383.2446 170.1170 -158.5372 -18.6067 95.1205 100.0000 stroke5
movl 0 -35.5058 384.5686 168.9388 -159.9102 -19.1720 97.6218 100.0000 stroke5
movl 0 -38.2018 384.4430 168.3687 -161.6501 -19.7162 99.6485 100.0000 stroke5
movl 0 -41.2693 384.0448 168.3415 -163.4090 -19.5021 99.6697 100.0000 stroke5
movl 0 -43.3731 383.6407 168.6415 -164.4865 -19.0668 99.3041 100.0000 stroke5
movl 0 -44.6287 383.4254 168.7504 -165.1359 -19.0913 98.9812 100.0000 stroke5
movl 0 -44.6892 383.8700 168.8898 -165.5830 -18.7635 97.6157 100.0000 stroke5
movl 0 -44.1201 384.9964 169.0387 -166.1831 -18.2080 95.1789 100.0000 stroke5
movl 0 -42.9934 386.7736 168.9946 -166.5361 -17.4758 92.7721 100.0000 stroke5
movl 0 -41.6985 385.8551 169.3315 -165.7488 -17.8846 92.3857 100.0000 stroke5
movl 0 -39.5289 384.5513 169.8761 -164.8133 -18.5208 91.7094 100.0000 stroke5
movl 0 -39.0200 384.3121 170.0531 -164.5531 -18.4305 91.3273 100.0000 stroke5
movl 0 -38.2361 383.8458 170.2817 -164.1407 -18.6756 91.0482 100.0000 stroke5
movl 0 -38.3403 384.6366 170.2195 -164.2113 -18.1221 90.8038 100.0000 stroke5
movl 0 -38.7798 386.5120 170.4467 -164.2010 -16.1062 89.6035 100.0000 stroke5
movl 0 -34.8551 383.7456 170.8834 -161.0537 -17.6387 90.5205 100.0000 stroke5
movl 0 -28.8291 372.2592 202.5742 -154.1991 -26.0731 90.3167 100.0000 stroke5
movl 0 -11.6119 405.5413 193.7042 -146.3804 -9.9200 78.6522 100.0000 stroke6
movl 0 -14.7549 399.5943 168.8292 -149.4891 -11.6455 78.9441 100.0000 stroke6
movl 0 -19.7344 401.9415 166.0661 -151.7283 -12.8905 80.2857 100.0000 stroke6
movl 0 -18.9179 402.1866 165.2171 -151.5631 -13.1197 80.5974 100.0000 stroke6
movl 0 -22.0714 406.0556 163.4635 -153.0882 -12.3635 80.6837 100.0000 stroke6
movl 0 -21.8402 411.5084 162.7798 -154.0869 -7.9290 77.8174 100.0000 stroke6
movl 0 -21.3583 413.1863 162.7938 -153.8020 -5.8999 76.9673 100.0000 stroke6
movl 0 -20.5349 415.4424 164.5539 -153.9029 -0.6333 73.7685 100.0000 stroke6
movl 0 -19.7828 418.5870 165.6423 -155.2445 5.8462 68.7957 100.0000 stroke6
movl 0 -20.1238 420.2500 166.1692 -156.7679 9.9005 65.3376 100.0000 stroke6
movl 0 -20.6579 420.6549 166.6263 -157.8304 11.5674 63.2125 100.0000 stroke6
movl 0 -20.4216 421.0120 166.8399 -158.4779 12.5168 61.7263 100.0000 stroke6
movl 0 -20.6549 419.8246 167.2976 -158.4048 12.1478 60.9495 100.0000 stroke6
movl 0 -17.2025 405.9901 173.6022 -152.2112 6.0678 61.6149 100.0000 stroke6
movl 0 -26.8996 383.1287 233.9641 -147.3101 -9.2913 67.1694 100.0000 stroke6
movl 0 -29.9071 370.4128 223.5041 -150.6395 -16.6126 81.8300 100.0000 stroke7
movl 0 -32.8893 367.5881 177.1252 -154.0063 -14.2741 80.8301 100.0000 stroke7
movl 0 -37.2362 370.0820 173.3510 -156.2530 -13.7808 80.8591 100.0000 stroke7
movl 0 -39.5073 373.5511 170.9379 -157.2656 -13.0672 81.6068 100.0000 stroke7
movl 0 -39.6978 375.4848 169.9895 -156.9295 -12.1423 82.1995 100.0000 stroke7
movl 0 -41.0768 377.1128 169.4712 -157.8282 -11.4206 81.4632 100.0000 stroke7
movl 0 -43.6717 377.4801 169.6468 -159.2786 -10.9593 79.7913 100.0000 stroke7
movl 0 -45.0371 377.2604 169.8607 -159.9496 -10.9936 78.5915 100.0000 stroke7
movl 0 -44.7787 377.8118 170.0479 -160.5099 -10.7338 76.9222 100.0000 stroke7
movl 0 -43.5742 379.0336 170.2649 -161.1396 -10.2974 74.5265 100.0000 stroke7
movl 0 -42.3444 380.6721 170.2041 -161.9601 -9.8341 72.0366 100.0000 stroke7
movl 0 -41.3907 379.3855 170.6611 -161.2999 -10.2272 71.8025 100.0000 stroke7
movl 0 -39.3119 378.1203 171.2398 -160.3267 -10.6596 71.5004 100.0000 stroke7
movl 0 -40.1088 379.7468 171.5390 -161.0519 -9.1134 70.9757 100.0000 stroke7
movl 0 -40.0319 380.7287 171.4072 -161.1305 -8.3060 70.7063 100.0000 stroke7
movl 0 -32.5748 373.1627 172.8841 -154.9860 -13.1517 75.3988 100.0000 stroke7
movl 0 -15.6834 357.8347 209.4656 -145.7156 -29.5263 82.8910 100.0000 stroke7
movl 0 -16.6090 378.8876 206.5227 -144.8245 1.2541 64.6749 100.0000 stroke8
movl 0 -17.5054 377.0768 168.8236 -149.3357 3.6582 59.4103 100.0000 stroke8
movl 0 -24.0806 376.9419 168.2879 -151.5281 2.7796 59.4303 100.0000 stroke8
movl 0 -22.6830 378.1759 167.8920 -151.4905 3.3196 58.9047 100.0000 stroke8
movl 0 -24.6261 380.5650 166.8558 -152.5240 3.9887 59.1723 100.0000 stroke8
movl 0 -26.6010 384.7411 166.3432 -155.1704 6.7162 57.5255 100.0000 stroke8
movl 0 -26.7838 386.4371 166.8579 -156.6211 8.7533 55.6440 100.0000 stroke8
movl 0 -27.2732 388.3429 167.4843 -158.5330 11.2863 53.6320 100.0000 stroke8
movl 0 -26.7133 388.4484 167.7038 -158.7436 12.0000 52.8807 100.0000 stroke8
movl 0 -27.0925 388.1472 168.0135 -159.0683 12.2385 52.2472 100.0000 stroke8
movl 0 -26.4026 386.4734 168.3792 -158.3200 11.5433 51.6498 100.0000 stroke8
movl 0 -24.9763 376.1170 178.5739 -152.6726 5.4417 53.7748 100.0000 stroke8
movl 0 -17.6700 376.6838 234.6547 -145.2188 -4.5878 66.0856 100.0000 stroke9
movl 0 -20.0029 373.9863 184.3350 -149.2746 -1.0807 64.9614 100.0000 stroke9
movl 0 -22.7572 373.7672 173.1806 -151.1956 -0.3873 64.3995 100.0000 stroke9
movl 0 -24.8806 375.2993 171.2876 -152.3155 -0.1353 64.0165 100.0000 stroke9
movl 0 -25.9525 377.8701 170.6214 -153.2361 0.9886 64.0256 100.0000 stroke9
movl 0 -28.8379 379.2509 170.0625 -154.4414 1.2078 63.6040 100.0000 stroke9
movl 0 -29.8577 381.1811 169.9684 -155.9245 1.6499 61.6274 100.0000 stroke9
movl 0 -28.2984 382.8977 169.7457 -156.7520 2.2119 59.2840 100.0000 stroke9
movl 0 -25.5321 384.6481 169.3894 -157.2587 2.9427 56.9098 100.0000 stroke9
movl 0 -22.4263 385.1740 169.3065 -156.5822 3.8621 56.2556 100.0000 stroke9
movl 0 -18.4086 387.4351 168.7627 -155.9067 5.4966 55.3876 100.0000 stroke9
movl 0 -16.1208 392.7511 167.7224 -157.9806 8.8344 52.6025 100.0000 stroke9
movl 0 -15.2181 396.6351 166.8845 -158.9603 11.1579 51.4783 100.0000 stroke9
movl 0 -14.9219 399.4010 166.7715 -160.5520 14.8772 50.2841 100.0000 stroke9
movl 0 -13.5105 392.1059 169.2616 -157.1910 14.1159 52.4826 100.0000 stroke9
movl 0 -21.8092 377.9394 176.0098 -153.4951 8.1361 54.3147 100.0000 stroke9
movl 0 -29.6457 376.4158 176.3404 -154.8221 6.8677 53.9125 100.0000 stroke9
movl 0 -30.6969 379.1739 173.9466 -157.0912 7.8823 52.6038 100.0000 stroke9
movl 0 -32.9583 380.3348 172.7630 -157.8997 8.2555 52.5678 100.0000 stroke9
movl 0 -32.9296 381.1297 172.2536 -158.1975 8.3791 52.1185 100.0000 stroke9
movl 0 -34.7404 381.8998 172.1236 -159.5365 7.9908 50.6782 100.0000 stroke9
movl 0 -34.9816 382.1252 172.2163 -160.2160 7.7154 49.4302 100.0000 stroke9
movl 0 -32.7783 383.0125 172.1798 -160.8146 7.7543 47.4838 100.0000 stroke9
movl 0 -30.4329 384.3841 171.8983 -161.6138 7.9934 45.4910 100.0000 stroke9
movl 0 -28.9649 383.7641 172.2176 -161.1106 7.9904 45.2281 100.0000 stroke9
movl 0 -29.2479 384.5745 172.2895 -162.1181 8.5454 44.7956 100.0000 stroke9
movl 0 -27.7652 381.3685 173.5910 -159.1694 8.6832 47.2434 100.0000 stroke9
movl 0 -16.0099 361.4456 214.9081 -144.9054 6.9675 46.4096 100.0000 stroke9
movl 0 -10.9824 358.6318 219.3552 -145.6799 15.2334 40.7152 100.0000 stroke10
movl 0 -14.7775 358.9251 176.7913 -152.2990 17.0326 35.5942 100.0000 stroke10
movl 0 -22.2488 357.3901 171.0562 -154.6443 14.8508 34.6368 100.0000 stroke10
movl 0 -24.4715 357.2290 169.9647 -155.1439 14.0506 34.1990 100.0000 stroke10
movl 0 -26.2318 358.0528 169.3883 -155.8969 14.0139 34.5700 100.0000 stroke10
movl 0 -28.8843 360.4154 168.4319 -157.7904 14.0804 33.8217 100.0000 stroke10
movl 0 -31.6516 364.4971 167.9540 -161.5163 15.3032 32.9777 100.0000 stroke10
movl 0 -31.1665 364.6119 168.0028 -161.5899 15.4583 32.7791 100.0000 stroke10
movl 0 -30.7398 364.0893 167.9887 -161.7397 15.6160 32.7843 100.0000 stroke10
movl 0 -30.6018 363.7927 167.9508 -161.6796 15.5745 32.8714 100.0000 stroke10
movl 0 -30.3536 364.0966 167.9713 -161.3590 15.1084 32.4096 100.0000 stroke10
movl 0 -28.8758 364.6207 167.9700 -161.0701 14.9768 31.4683 100.0000 stroke10
movl 0 -22.6632 363.1542 169.0836 -158.9539 15.4452 31.1194 100.0000 stroke10
movl 0 -10.3674 356.5481 194.7511 -150.1710 13.0589 37.1072 100.0000 stroke10
movl 0 -9.6505 369.0370 230.7791 -147.3319 8.6264 49.8198 100.0000 stroke11
movl 0 -8.1483 365.5809 182.6719 -151.8282 10.7149 46.3279 100.0000 stroke11
movl 0 -9.4586 366.5185 170.5409 -154.0959 11.3862 45.3538 100.0000 stroke11
movl 0 -11.2472 366.1056 170.1913 -153.9288 10.7228 45.5700 100.0000 stroke11
movl 0 -12.2076 367.5058 169.0894 -154.1501 10.4235 45.6060 100.0000 stroke11
movl 0 -15.9189 372.3660 167.8621 -157.2929 11.3535 44.6499 100.0000 stroke11
movl 0 -14.5133 376.4434 167.4750 -159.6663 13.3490 42.2466 100.0000 stroke11
movl 0 -14.9207 377.3700 167.3246 -160.4489 14.5153 41.8736 100.0000 stroke11
movl 0 -15.2144 377.3558 167.6245 -161.2163 16.1778 42.1071 100.0000 stroke11
movl 0 -14.1989 371.4246 170.1438 -158.5607 17.3130 44.6542 100.0000 stroke11
movl 0 -22.6396 357.5395 200.0013 -151.7103 15.5248 46.0239 100.0000 stroke11
movl 0 -29.9642 352.9699 223.3500 -150.5556 11.5768 45.7410 100.0000 stroke12
movl 0 -29.6873 348.5425 184.5823 -154.1309 10.7644 43.5457 100.0000 stroke12
movl 0 -33.9794 348.8186 174.4075 -155.9497 9.9137 43.5603 100.0000 stroke12
movl 0 -36.3702 349.5573 172.8439 -156.1749 9.9154 43.8003 100.0000 stroke12
movl 0 -37.3287 352.3353 171.0346 -156.6481 10.6421 44.6233 100.0000 stroke12
movl 0 -39.1297 353.4372 169.9557 -157.1863 10.2024 44.3856 100.0000 stroke12
movl 0 -41.7492 354.1828 169.9765 -159.0212 9.4901 42.7377 100.0000 stroke12
movl 0 -42.9474 353.5789 170.2731 -159.2770 8.7547 42.1371 100.0000 stroke12
movl 0 -41.0206 354.0870 170.7600 -159.8017 8.8307 40.7136 100.0000 stroke12
movl 0 -38.9779 354.9128 171.1494 -160.3924 8.8463 39.1266 100.0000 stroke12
movl 0 -36.9700 355.7899 171.3519 -161.3087 8.6909 37.2843 100.0000 stroke12
movl 0 -35.1166 356.5224 171.6314 -161.8734 8.6539 35.8795 100.0000 stroke12
movl 0 -33.4616 357.2558 171.6858 -162.4570 8.5439 34.4749 100.0000 stroke12
movl 0 -31.7112 358.1236 171.6319 -163.1580 8.3246 32.7471 100.0000 stroke12
movl 0 -30.2904 356.9107 172.1092 -162.3159 8.5860 32.8993 100.0000 stroke12
movl 0 -27.7922 355.4172 172.7111 -161.0573 8.8593 33.1505 100.0000 stroke12
movl 0 -28.1589 356.6624 172.9112 -162.3083 9.3616 33.0504 100.0000 stroke12
movl 0 -28.2865 358.0160 172.8613 -163.2722 9.8461 32.9828 100.0000 stroke12
movl 0 -25.4651 356.3365 174.2545 -160.5723 10.0686 35.5060 100.0000 stroke12
movl 0 -25.5741 349.8185 209.6562 -151.0441 3.0606 44.9080 100.0000 stroke12
movl 0 -3.6018 383.0422 188.9495 -148.4192 1.6497 58.5459 100.0000 stroke13
movl 0 -11.3348 376.5212 172.6072 -152.1812 -0.9584 58.1905 100.0000 stroke13
movl 0 -18.3842 375.8888 171.8751 -154.2730 -2.7476 58.1152 100.0000 stroke13
movl 0 -18.1237 376.9952 170.9036 -154.3983 -2.7556 59.1074 100.0000 stroke13
movl 0 -20.7679 378.2187 170.2742 -155.7649 -2.8772 59.3566 100.0000 stroke13
movl 0 -24.8974 377.1698 170.5540 -157.5457 -4.0038 58.9716 100.0000 stroke13
movl 0 -26.8569 377.1585 170.6474 -158.3220 -4.4122 58.4884 100.0000 stroke13
movl 0 -26.8459 377.6659 170.8160 -158.7710 -4.5373 57.3211 100.0000 stroke13
movl 0 -24.9262 378.6931 171.1055 -159.2108 -4.2228 55.1922 100.0000 stroke13
movl 0 -23.8179 379.8158 171.3546 -160.0854 -4.2137 52.9464 100.0000 stroke13
movl 0 -22.1711 381.6522 171.3128 -160.9864 -4.1118 50.4185 100.0000 stroke13
movl 0 -21.3237 382.2053 171.2565 -161.1156 -4.0364 49.3621 100.0000 stroke13
movl 0 -18.0659 379.9393 172.0302 -159.1649 -3.8615 49.7703 100.0000 stroke13
movl 0 -17.0005 379.6341 172.2410 -158.7597 -3.7626 49.6439 100.0000 stroke13
movl 0 -16.4100 379.6248 172.3115 -158.6238 -3.6710 49.5389 100.0000 stroke13
movl 0 -16.2238 380.3347 172.1714 -158.8749 -3.3088 49.4948 100.0000 stroke13
movl 0 -16.6911 382.4266 172.2412 -160.4677 -2.0612 48.9584 100.0000 stroke13
movl 0 -17.3946 382.9821 172.1884 -160.6082 -1.6577 48.9938 100.0000 stroke13
movl 0 -15.2167 381.1495 172.4013 -158.3615 -0.9420 50.9009 100.0000 stroke13
movl 0 -8.5243 371.1583 194.8826 -148.8879 -4.5802 57.5198 100.0000 stroke13
movl 0 2.6694 406.2704 249.4184 -146.4973 -4.8201 71.0242 100.0000 stroke14
movl 0 1.1976 393.2198 184.2340 -149.2045 -6.1180 71.1977 100.0000 stroke14
movl 0 0.3978 393.9350 165.7244 -151.1921 -10.3925 73.4635 100.0000 stroke14
movl 0 -0.6779 393.6471 165.2903 -152.0477 -12.2531 73.7549 100.0000 stroke14
movl 0 0.8273 394.5863 164.7613 -151.7701 -11.8485 72.7835 100.0000 stroke14
movl 0 -0.7835 397.8348 163.4918 -152.5773 -10.5769 71.9683 100.0000 stroke14
movl 0 -0.5176 403.4335 162.5191 -153.9498 -6.0794 68.8538 100.0000 stroke14
movl 0 1.9529 406.8820 162.1167 -154.1058 -2.4924 66.3039 100.0000 stroke14
movl 0 2.2752 407.9082 163.1536 -154.6228 0.8733 63.8943 100.0000 stroke14
movl 0 2.8864 408.9107 164.1538 -155.3532 4.0453 61.1801 100.0000 stroke14
movl 0 3.1086 409.2343 165.0154 -156.1382 6.7455 58.5702 100.0000 stroke14
movl 0 3.2355 409.6463 166.0279 -157.2926 9.5143 55.3605 100.0000 stroke14
movl 0 3.4417 410.6701 166.3850 -158.8676 12.1927 51.8242 100.0000 stroke14
movl 0 2.9854 410.7753 166.9787 -160.7749 14.4174 48.0990 100.0000 stroke14
movl 0 2.6552 411.4739 167.4392 -162.9677 16.5245 44.2184 100.0000 stroke14
movl 0 2.1461 411.6328 167.8031 -165.5033 18.5991 39.9758 100.0000 stroke14
movl 0 1.5596 411.6108 168.0869 -168.0878 20.0565 36.0063 100.0000 stroke14
movl 0 0.4970 412.5909 168.1023 -171.4058 21.4440 31.5580 100.0000 stroke14
movl 0 -0.5822 413.3160 167.9978 -174.8183 22.5099 27.5085 100.0000 stroke14
movl 0 -1.7620 414.0805 167.8063 -178.5406 23.1664 22.5693 100.0000 stroke14
movl 0 -3.3421 415.5318 167.2846 177.6823 23.4961 18.7168 100.0000 stroke14
movl 0 -5.0203 416.9481 166.6985 173.7044 23.2827 14.5330 100.0000 stroke14
movl 0 -6.5833 418.6607 165.9913 171.0271 23.1756 12.9616 100.0000 stroke14
movl 0 -8.1836 419.4723 165.5949 169.5577 23.1904 13.0131 100.0000 stroke14
movl 0 -10.7552 418.4039 166.0727 169.3446 23.2678 14.3441 100.0000 stroke14
movl 0 -5.8357 417.3798 166.6864 170.9722 23.8111 13.8546 100.0000 stroke14
movl 0 -5.9781 417.4399 166.5088 170.6259 24.0155 14.3659 100.0000 stroke14
movl 0 -4.1248 413.8583 168.2357 173.4376 24.0625 15.8231 100.0000 stroke14
movl 0 0.7096 403.2173 172.1150 -178.7958 23.5223 19.1395 100.0000 stroke14
movl 0 0.7926 401.6789 172.3876 -177.5953 23.0936 19.6024 100.0000 stroke14
movl 0 -2.8636 405.1756 170.5716 179.7838 23.3215 19.8258 100.0000 stroke14
movl 0 -6.0666 406.9297 169.4046 178.5256 23.5736 21.2144 100.0000 stroke14
movl 0 -5.7617 406.4817 169.0901 179.7257 24.2377 23.5521 100.0000 stroke14
movl 0 -4.7085 406.2940 168.9681 -179.3140 24.8522 24.6940 100.0000 stroke14
movl 0 -2.7426 404.9654 169.5028 -177.8400 25.2277 25.2816 100.0000 stroke14
movl 0 1.5642 401.7980 170.8417 -175.4260 26.0028 25.8511 100.0000 stroke14
movl 0 10.3956 394.6462 175.9562 -168.5958 27.2294 27.2795 100.0000 stroke14
movl 0 11.7358 388.1794 188.3040 -158.6302 25.0563 32.1845 100.0000 stroke14
movl 0 -2.7167 379.7458 235.2571 -147.0058 18.3937 39.3045 100.0000 stroke14
movl 0 0.8095 416.0305 247.7986 -157.9944 29.6987 27.1086 100.0000 stroke15
movl 0 1.3645 412.2615 184.9307 -170.9576 29.8926 15.5254 100.0000 stroke15
movl 0 6.9722 408.6781 169.7408 -174.0320 29.7060 11.0665 100.0000 stroke15
movl 0 4.7221 408.6101 169.9059 -173.7852 28.3520 10.3783 100.0000 stroke15
movl 0 3.3137 409.4117 169.0842 -174.8928 27.8241 8.6965 100.0000 stroke15
movl 0 2.6359 411.2871 168.0740 -176.1599 27.9120 7.6048 100.0000 stroke15
movl 0 2.6258 413.5746 166.9391 -177.9392 28.1584 6.0108 100.0000 stroke15
movl 0 1.2564 415.5346 166.3272 179.8968 27.2354 3.3214 100.0000 stroke15
movl 0 -0.4118 416.8655 166.3005 178.0784 25.9351 0.6728 100.0000 stroke15
movl 0 -2.4376 418.1194 166.6719 176.1509 24.1704 -2.4854 100.0000 stroke15
movl 0 -3.7535 420.0650 166.6618 174.2201 22.4342 -5.3334 100.0000 stroke15
movl 0 -3.9826 420.9393 166.6558 173.7909 21.7397 -6.1773 100.0000 stroke15
movl 0 -4.8112 421.0441 166.9574 173.0478 21.4985 -5.9639 100.0000 stroke15
movl 0 -4.2009 419.8428 167.4943 173.1360 21.6469 -5.7245 100.0000 stroke15
movl 0 -3.5473 418.7939 168.0119 173.3780 21.8269 -5.4696 100.0000 stroke15
movl 0 -2.7168 417.9034 168.4349 173.4916 22.0602 -5.2097 100.0000 stroke15
movl 0 -2.2784 416.9794 168.8609 173.7228 22.2098 -4.8720 100.0000 stroke15
movl 0 -2.4476 416.3931 168.9902 174.2197 22.2956 -4.4527 100.0000 stroke15
movl 0 -2.0625 414.4860 169.7153 175.4931 22.8515 -3.4016 100.0000 stroke15
movl 0 -0.1815 411.4515 173.0051 178.3808 24.0682 -1.3495 100.0000 stroke15
movl 0 0.1098 401.9042 212.8397 -173.7068 25.8604 3.6793 100.0000 stroke15
