movl 0 -32.9579 390.2778 178.2356 -141.5965 38.0077 15.6338 100.0000 stroke1
movl 0 -35.2853 405.3635 226.1626 -136.2654 37.7977 19.9804 100.0000 stroke1
movl 0 -55.4533 435.5954 232.4386 -140.4711 34.4515 24.7013 100.0000 stroke2
movl 0 -41.5356 420.7018 186.6076 -146.7126 36.0422 20.4313 100.0000 stroke2
movl 0 -29.2970 407.8337 166.1100 -154.9376 37.0134 11.4404 100.0000 stroke2
movl 0 -31.9428 399.6649 157.8448 -155.8462 34.4669 9.0809 100.0000 stroke2
movl 0 -32.8728 397.9796 159.7322 -164.2085 37.0726 -2.8486 100.0000 stroke2
movl 0 -26.6115 393.2029 164.0540 -168.9888 37.9170 -10.0843 100.0000 stroke2
movl 0 -30.6294 383.7339 162.6574 -161.1838 32.1387 0.0812 100.0000 stroke2
movl 0 -32.1678 382.3704 160.1730 -155.6349 26.7170 8.7139 100.0000 stroke2
movl 0 -34.0455 383.8697 159.3803 -156.2309 24.9422 10.6041 100.0000 stroke2
movl 0 -35.9149 382.6985 159.8667 -156.9330 25.2464 7.7026 100.0000 stroke2
movl 0 -35.5700 383.3394 159.2115 -157.3050 26.1335 6.0733 100.0000 stroke2
movl 0 -35.8664 385.2623 158.6376 -159.4689 26.7394 4.3827 100.0000 stroke2
movl 0 -35.3339 387.4806 158.9165 -163.8062 27.6807 -0.2955 100.0000 stroke2
movl 0 -35.5091 388.0716 159.1551 -165.6976 27.9062 -3.0041 100.0000 stroke2
movl 0 -35.6470 388.8371 159.4397 -168.3457 28.3829 -6.3939 100.0000 stroke2
movl 0 -36.5360 389.8551 160.0325 -172.7876 28.5437 -11.7193 100.0000 stroke2
movl 0 -38.6559 390.9605 160.4581 -177.4410 27.9384 -16.5097 100.0000 stroke2
movl 0 -40.8492 389.9084 160.9403 -178.8541 27.6829 -18.0701 100.0000 stroke2
movl 0 -38.9558 388.7131 161.3563 -177.6405 28.4322 -18.2133 100.0000 stroke2
movl 0 -38.7068 388.5768 161.4954 -178.3120 28.2738 -19.0705 100.0000 stroke2
movl 0 -40.2075 388.8780 161.5573 -179.0553 27.8440 -20.2268 100.0000 stroke2
movl 0 -40.4581 386.9394 162.4087 -177.3259 28.3597 -19.9124 100.0000 stroke2
movl 0 -39.7180 383.7782 168.9381 -172.8032 30.3268 -18.0960 100.0000 stroke2
movl 0 -39.7864 378.6937 226.3649 -158.0640 34.5508 -6.4631 100.0000 stroke2
movl 0 -12.4931 396.5031 218.4304 -166.9993 38.4359 -10.6585 100.0000 stroke3
movl 0 -11.5088 384.0788 169.6714 -166.4108 35.1645 -9.6093 100.0000 stroke3
movl 0 -19.6309 377.4575 167.2538 -163.3324 32.3138 -7.7395 100.0000 stroke3
movl 0 -31.0057 376.9853 164.2178 -161.5045 28.7980 -2.1279 100.0000 stroke3
movl 0 -38.2403 373.7911 163.1170 -157.8472 24.8787 3.9914 100.0000 stroke3
movl 0 -36.1356 376.3465 162.1092 -158.2590 25.1288 4.4952 100.0000 stroke3
movl 0 -37.5836 378.0295 161.4397 -159.2473 24.8150 4.2805 100.0000 stroke3
movl 0 -38.7632 379.8571 161.5463 -160.8512 23.2467 2.8732 100.0000 stroke3
movl 0 -39.2656 380.1690 161.5109 -160.9976 22.9715 2.7651 100.0000 stroke3
movl 0 -39.7855 380.5335 161.5225 -161.0486 22.4520 2.4129 100.0000 stroke3
movl 0 -38.3276 380.8990 161.6742 -161.1816 22.3432 1.6586 100.0000 stroke3
movl 0 -35.9493 381.5225 161.8984 -161.3656 22.3028 0.5598 100.0000 stroke3
movl 0 -32.9678 382.3937 162.0363 -161.8081 22.3734 -0.8920 100.0000 stroke3
movl 0 -29.1123 383.2902 162.2032 -162.2346 22.5615 -2.5101 100.0000 stroke3
movl 0 -24.2921 384.8570 162.1920 -162.9465 22.7763 -4.7881 100.0000 stroke3
movl 0 -17.8172 386.7885 162.2162 -163.6509 22.8987 -7.8079 100.0000 stroke3
movl 0 -12.3659 389.0652 161.8808 -164.5474 23.3021 -10.6625 100.0000 stroke3
movl 0 -10.5327 387.6248 162.4046 -164.2187 24.5556 -10.2155 100.0000 stroke3
movl 0 -5.2022 388.5723 162.1050 -165.0187 26.3666 -11.1391 100.0000 stroke3
movl 0 -3.0720 390.2818 161.6124 -166.3781 27.4083 -12.2754 100.0000 stroke3
movl 0 -2.3844 392.0021 161.2365 -167.7049 27.5736 -13.6393 100.0000 stroke3
movl 0 -1.5948 394.3607 160.9205 -169.8654 27.3905 -15.8937 100.0000 stroke3
movl 0 -0.7950 396.2189 160.6322 -172.5102 27.5117 -19.5023 100.0000 stroke3
movl 0 0.7733 398.0543 160.2468 -175.3110 27.3891 -23.3550 100.0000 stroke3
movl 0 4.8571 400.1882 159.2797 -178.4666 27.6853 -27.6114 100.0000 stroke3
movl 0 9.9704 403.4782 157.4442 177.5734 28.8086 -31.7067 100.0000 stroke3
movl 0 11.2680 404.9413 156.6896 175.6783 29.5288 -33.2581 100.0000 stroke3
movl 0 11.8974 406.0180 156.4305 174.6433 29.6334 -34.5190 100.0000 stroke3
movl 0 12.4222 407.5095 155.9803 173.3008 29.7297 -35.5634 100.0000 stroke3
movl 0 10.8043 408.0664 156.0030 170.9589 28.9810 -37.2285 100.0000 stroke3
movl 0 10.9935 406.3832 156.6928 171.5416 29.2860 -37.8219 100.0000 stroke3
movl 0 12.5263 404.9627 156.9970 172.2837 29.8639 -38.9035 100.0000 stroke3
movl 0 12.1185 405.6948 156.8618 171.3845 29.4962 -39.5271 100.0000 stroke3
movl 0 10.6765 405.7999 157.1796 170.0088 28.8817 -40.2515 100.0000 stroke3
movl 0 10.0010 404.1486 158.0019 170.0649 29.2007 -40.1085 100.0000 stroke3
movl 0 11.7671 403.2962 158.1493 171.1209 29.7171 -40.2406 100.0000 stroke3
movl 0 11.2425 403.9229 157.9810 170.3667 29.3899 -40.3561 100.0000 stroke3
movl 0 9.9259 403.2760 158.5776 169.8978 29.2110 -40.2904 100.0000 stroke3
movl 0 9.7595 402.6597 158.9705 169.7297 29.2825 -40.3590 100.0000 stroke3
movl 0 9.7069 401.9094 159.4168 169.5914 29.4883 -40.2590 100.0000 stroke3
movl 0 15.1547 393.3998 165.3797 171.1491 34.1158 -39.7606 100.0000 stroke3
movl 0 18.6555 376.3717 198.3222 -175.0661 45.3723 -25.4571 100.0000 stroke3
movl 0 -24.6845 391.9276 176.1584 171.7627 41.7701 -40.8847 100.0000 stroke4
movl 0 -18.8565 387.3153 158.4554 164.6160 35.4615 -51.4956 100.0000 stroke4
movl 0 -15.8637 387.5197 159.9014 162.7840 32.6131 -55.8663 100.0000 stroke4
movl 0 -15.4142 386.2164 162.6435 163.1780 30.1008 -57.2478 100.0000 stroke4
movl 0 -13.9390 387.2188 162.0989 163.3730 29.2053 -57.9027 100.0000 stroke4
movl 0 -13.7177 388.0797 161.6173 163.4964 29.4729 -57.9677 100.0000 stroke4
movl 0 -15.5474 390.0600 160.5548 164.1742 28.9846 -57.5052 100.0000 stroke4
movl 0 -17.2007 394.2214 160.1156 162.5092 24.9890 -59.2011 100.0000 stroke4
movl 0 -16.8143 395.4016 159.5009 161.7093 24.3196 -59.9187 100.0000 stroke4
movl 0 -17.0879 395.3346 159.3144 161.1021 24.2377 -59.7870 100.0000 stroke4
movl 0 -17.2535 395.1543 159.2971 160.4758 23.9555 -60.0277 100.0000 stroke4
movl 0 -18.1422 394.5817 159.3300 159.9621 23.6400 -59.9164 100.0000 stroke4
movl 0 -19.8789 394.1664 159.4605 159.4952 23.1068 -59.4050 100.0000 stroke4
movl 0 -22.0477 393.1631 160.0141 159.4164 22.5807 -59.0557 100.0000 stroke4
movl 0 -23.8291 392.4867 160.3247 158.8479 22.2894 -58.4432 100.0000 stroke4
movl 0 -25.9667 391.3579 160.6867 158.5236 22.3910 -57.5084 100.0000 stroke4
movl 0 -27.9606 389.9056 161.4629 158.0117 23.0084 -56.3055 100.0000 stroke4
movl 0 -27.1432 383.1750 169.8677 157.2515 28.3293 -54.2888 100.0000 stroke4
movl 0 -34.7202 373.5885 204.5974 161.4900 38.5838 -47.9327 100.0000 stroke4
movl 0 -21.3353 389.5663 212.7730 166.0401 37.4687 -51.8885 100.0000 stroke5
movl 0 -13.1169 391.6023 174.0102 162.3098 31.1940 -55.9157 100.0000 stroke5
movl 0 -10.7444 390.0959 164.4413 162.5631 29.0525 -57.2304 100.0000 stroke5
movl 0 -14.6183 387.9964 164.0543 164.1990 27.9764 -57.0963 100.0000 stroke5
movl 0 -15.4421 388.2448 163.3134 164.5052 28.3606 -56.8598 100.0000 stroke5
movl 0 -17.8972 390.0319 162.7465 164.9483 26.6906 -57.0423 100.0000 stroke5
movl 0 -18.3625 391.6362 162.2921 165.0511 25.2244 -58.1976 100.0000 stroke5
movl 0 -15.1047 392.8724 161.9245 164.7732 24.2970 -60.5023 100.0000 stroke5
movl 0 -11.4558 393.4945 161.8839 163.4574 23.5621 -62.8970 100.0000 stroke5
movl 0 -10.2843 392.3799 162.2738 163.4598 24.1186 -62.4885 100.0000 stroke5
movl 0 -10.7469 393.6745 162.1225 162.8452 22.1943 -64.1737 100.0000 stroke5
movl 0 -12.2643 395.4314 161.9969 161.5805 19.1528 -66.2681 100.0000 stroke5
movl 0 -13.0824 396.0543 161.9564 160.6407 18.3382 -67.0713 100.0000 stroke5
movl 0 -13.7187 395.4026 162.1849 160.3163 18.0622 -66.5106 100.0000 stroke5
movl 0 -14.1335 394.3250 162.5760 159.8656 18.0133 -66.1699 100.0000 stroke5
movl 0 -14.3446 392.9721 163.1279 159.5894 18.1587 -65.4642 100.0000 stroke5
movl 0 -13.1615 390.5529 164.3432 158.8675 19.7653 -65.2738 100.0000 stroke5
movl 0 -6.5218 383.6337 170.5742 158.1938 25.6902 -63.5145 100.0000 stroke5
movl 0 -7.6058 370.2784 200.0685 166.7147 38.3246 -52.9182 100.0000 stroke5
movl 0 -22.7855 395.6779 245.8819 -155.1972 33.4517 12.5252 100.0000 stroke6
movl 0 -14.8005 400.4471 182.3763 -172.4806 34.8377 -1.6434 100.0000 stroke6
movl 0 -17.2700 390.9774 166.4634 -171.5829 32.4220 -1.9583 100.0000 stroke6
movl 0 -20.5383 388.5848 166.5804 -172.0853 29.2401 -3.3061 100.0000 stroke6
movl 0 -21.5472 388.6981 166.0613 -172.5052 28.8705 -3.8577 100.0000 stroke6
movl 0 -23.4376 390.6973 164.7227 -172.8191 28.6961 -3.6101 100.0000 stroke6
movl 0 -27.1049 392.9622 164.0710 -175.2053 26.9971 -5.3874 100.0000 stroke6
movl 0 -28.8502 395.3283 164.4075 -178.5463 25.3198 -9.0052 100.0000 stroke6
movl 0 -29.3053 396.0521 165.0020 179.5311 24.4978 -11.4514 100.0000 stroke6
movl 0 -30.0717 396.6316 165.4645 177.6236 23.6231 -13.6080 100.0000 stroke6
movl 0 -29.8222 396.9502 166.2765 175.6287 22.9063 -15.6407 100.0000 stroke6
movl 0 -29.2364 395.1561 167.5193 175.0862 22.9245 -17.0678 100.0000 stroke6
movl 0 -27.5076 394.0534 167.9724 175.7113 23.6142 -17.4939 100.0000 stroke6
movl 0 -28.5884 394.2824 167.9726 174.7474 22.9955 -17.7084 100.0000 stroke6
movl 0 -28.6545 393.8784 168.0272 175.4606 23.1487 -17.4408 100.0000 stroke6
movl 0 -28.8837 392.6211 168.6466 176.7752 23.4979 -16.6349 100.0000 stroke6
movl 0 -30.3909 387.9636 177.5895 -178.7682 24.7009 -15.3979 100.0000 stroke6
movl 0 -39.5538 382.8144 228.0952 -170.7057 27.5547 -12.6596 100.0000 stroke6
movl 0 -30.8063 374.8569 217.5979 -156.9775 24.3123 13.1714 100.0000 stroke7
movl 0 -28.7161 370.2661 186.0725 -159.5140 22.6009 10.8556 100.0000 stroke7
movl 0 -31.0083 368.6796 175.2615 -161.4667 20.8027 8.9078 100.0000 stroke7
movl 0 -30.6229 370.4881 173.2100 -162.4768 21.0926 8.6896 100.0000 stroke7
movl 0 -31.1820 372.4034 171.5291 -162.9787 20.9285 8.9681 100.0000 stroke7
movl 0 -33.6636 373.8727 170.2684 -163.4774 20.2456 9.3194 100.0000 stroke7
movl 0 -35.7877 374.6506 169.6116 -163.9968 18.9260 8.7240 100.0000 stroke7
movl 0 -37.0804 374.8513 169.5701 -164.3438 18.0817 7.8644 100.0000 stroke7
movl 0 -37.5583 375.2160 169.6117 -164.5453 17.6309 7.3234 100.0000 stroke7
movl 0 -36.7761 375.4799 169.5751 -164.6178 17.3175 6.5825 100.0000 stroke7
movl 0 -34.7025 376.1005 169.6471 -164.8834 17.4259 5.4702 100.0000 stroke7
movl 0 -32.5221 376.8973 169.6928 -165.2159 17.4087 4.0794 100.0000 stroke7
movl 0 -29.0374 378.3905 169.6576 -165.6804 17.5156 2.1233 100.0000 stroke7
movl 0 -24.8731 380.4218 169.5345 -166.3297 17.6133 -0.3175 100.0000 stroke7
movl 0 -22.1585 382.0970 169.3519 -166.8618 17.7373 -1.7531 100.0000 stroke7
movl 0 -19.0469 381.3777 169.8407 -166.7011 19.0837 -2.1353 100.0000 stroke7
movl 0 -15.8679 386.1857 168.3671 -169.6840 19.9011 -4.6659 100.0000 stroke7
movl 0 -10.8647 392.2483 166.4513 -173.7344 21.2699 -7.9399 100.0000 stroke7
movl 0 -10.2932 394.4731 165.4454 -175.5577 22.2024 -8.6358 100.0000 stroke7
movl 0 -9.1997 395.5917 165.0836 -177.4112 22.9260 -9.7404 100.0000 stroke7
movl 0 -9.2723 396.5968 165.4718 -179.8545 23.0422 -11.3592 100.0000 stroke7
movl 0 -10.0659 397.4443 166.2640 177.3419 22.6965 -12.7570 100.0000 stroke7
movl 0 -9.9156 396.4041 167.0301 177.0442 22.8736 -13.1700 100.0000 stroke7
movl 0 -7.6320 393.9941 167.6551 179.1287 23.8274 -13.0179 100.0000 stroke7
movl 0 -7.9444 394.6471 167.6468 177.7860 23.7367 -12.9987 100.0000 stroke7
movl 0 -8.1575 393.9951 167.9823 177.9049 23.6751 -13.2016 100.0000 stroke7
movl 0 -8.0441 393.3076 168.1547 178.6603 23.7764 -13.0521 100.0000 stroke7
movl 0 -8.1649 392.7275 168.2041 179.4156 23.8597 -12.8197 100.0000 stroke7
movl 0 -8.2025 392.3130 168.2676 179.9496 23.8912 -12.5988 100.0000 stroke7
movl 0 -8.2153 391.5683 168.5885 -179.5812 23.9762 -12.4598 100.0000 stroke7
movl 0 -7.4275 390.8870 169.0505 -179.2441 24.3402 -12.4991 100.0000 stroke7
movl 0 -6.2830 388.5973 170.7700 -177.9425 25.0397 -12.2699 100.0000 stroke7
movl 0 -5.0775 384.1144 177.7990 -174.4568 26.9329 -10.9608 100.0000 stroke7
movl 0 -9.2561 376.6590 217.0058 -166.8519 29.3596 -5.8361 100.0000 stroke7
movl 0 -34.4492 368.2121 217.2433 -150.3698 22.5900 27.2443 100.0000 stroke8
movl 0 -33.8191 362.6051 184.1896 -156.5389 21.9690 22.9981 100.0000 stroke8
movl 0 -30.9267 360.8607 173.5801 -158.8802 20.9140 21.0317 100.0000 stroke8
movl 0 -36.0098 358.4169 171.7576 -159.7912 18.2673 20.2834 100.0000 stroke8
movl 0 -39.5802 359.4065 170.5405 -160.3314 17.7928 20.6218 100.0000 stroke8
movl 0 -41.4523 360.3403 169.4416 -160.5158 17.9558 21.0750 100.0000 stroke8
movl 0 -44.1148 361.6833 168.3494 -161.2579 17.3726 20.6365 100.0000 stroke8
movl 0 -46.7246 362.1411 168.6944 -162.7854 15.6871 18.9073 100.0000 stroke8
movl 0 -47.6083 362.0250 169.1633 -163.1358 15.0571 18.1306 100.0000 stroke8
movl 0 -47.4901 362.3542 169.3144 -163.2317 14.7598 17.0781 100.0000 stroke8
movl 0 -45.7202 362.7371 169.5544 -163.4539 14.7378 16.0208 100.0000 stroke8
movl 0 -44.1902 363.1263 169.8113 -163.6283 14.5391 14.8174 100.0000 stroke8
movl 0 -42.5194 363.1868 170.1755 -163.7504 14.3826 13.6943 100.0000 stroke8
movl 0 -40.6478 363.8079 170.4993 -163.9973 14.2517 12.4549 100.0000 stroke8
movl 0 -39.1801 364.1125 170.8935 -164.1292 13.9768 11.4347 100.0000 stroke8
movl 0 -37.2942 364.7069 171.1612 -164.2935 13.8428 10.3360 100.0000 stroke8
movl 0 -34.9850 365.5421 171.3048 -164.5524 13.8031 9.1296 100.0000 stroke8
movl 0 -32.9696 366.4467 171.4711 -164.8693 13.4771 7.5729 100.0000 stroke8
movl 0 -31.6739 367.6316 171.4818 -165.2929 12.9371 5.6089 100.0000 stroke8
movl 0 -30.4945 368.8048 171.3325 -165.7442 12.7885 4.2790 100.0000 stroke8
movl 0 -27.9127 365.7014 172.3171 -164.0427 14.2136 5.0187 100.0000 stroke8
movl 0 -27.7728 366.5088 172.2042 -164.5368 14.0406 4.5959 100.0000 stroke8
movl 0 -27.4060 367.5986 172.4221 -165.9736 13.7530 3.6077 100.0000 stroke8
movl 0 -26.1166 368.4580 171.8698 -166.4767 15.0810 4.2452 100.0000 stroke8
movl 0 -25.8427 367.9418 171.5751 -166.1615 16.4229 5.4180 100.0000 stroke8
movl 0 -24.2978 367.2497 171.7481 -165.6807 18.1126 6.3579 100.0000 stroke8
movl 0 -22.2233 364.9207 173.7040 -163.9717 19.9348 7.6558 100.0000 stroke8
movl 0 -24.0925 360.9071 187.6425 -159.5688 21.8690 11.2115 100.0000 stroke8
movl 0 -31.7282 351.5492 239.1142 -147.7997 21.4576 19.6603 100.0000 stroke8
movl 0 -21.3434 370.0972 201.3701 -165.2280 33.1235 2.8779 100.0000 stroke9
movl 0 -13.2859 365.8566 174.7233 -167.2172 31.3897 -0.9591 100.0000 stroke9
movl 0 -13.3189 367.8036 169.7191 -168.3594 29.5980 -2.5400 100.0000 stroke9
movl 0 -14.4290 370.0510 167.6005 -168.6975 28.4247 -2.5821 100.0000 stroke9
movl 0 -14.4115 372.0365 166.4283 -169.3448 28.1996 -3.2278 100.0000 stroke9
movl 0 -16.7513 375.1308 165.0160 -170.3842 27.4627 -3.7701 100.0000 stroke9
movl 0 -19.6764 377.1899 164.7125 -172.4742 25.7276 -5.5408 100.0000 stroke9
movl 0 -18.8533 378.6041 164.6070 -173.8903 25.3348 -7.2841 100.0000 stroke9
movl 0 -20.0202 378.9463 164.6988 -174.9438 25.2261 -7.4220 100.0000 stroke9
movl 0 -20.1319 379.1017 164.8485 -176.4336 25.3107 -8.1190 100.0000 stroke9
movl 0 -20.6267 378.9530 165.0734 -177.5750 25.3469 -8.6660 100.0000 stroke9
movl 0 -21.4443 378.8972 165.3053 -178.7657 25.2290 -9.1598 100.0000 stroke9
movl 0 -23.0175 378.1644 165.8145 -179.6192 24.9038 -9.2962 100.0000 stroke9
movl 0 -24.3655 377.1922 166.2617 179.6441 24.8606 -9.1343 100.0000 stroke9
movl 0 -26.2084 375.8409 166.7014 179.1891 24.7016 -8.6406 100.0000 stroke9
movl 0 -27.7690 374.9508 167.0633 178.8086 24.6369 -8.1519 100.0000 stroke9
movl 0 -29.3798 374.0957 167.3489 178.4802 24.6786 -7.4654 100.0000 stroke9
movl 0 -31.4262 373.1943 167.6011 178.3646 24.6250 -6.6863 100.0000 stroke9
movl 0 -32.7528 372.2016 167.9922 178.5293 24.7644 -5.9682 100.0000 stroke9
movl 0 -33.4597 371.8094 168.2202 178.5523 24.8710 -5.6387 100.0000 stroke9
movl 0 -33.7108 371.4015 168.6090 178.6886 25.0015 -5.5529 100.0000 stroke9
movl 0 -33.8018 371.2604 168.8432 178.7606 25.2010 -5.3392 100.0000 stroke9
movl 0 -34.0317 371.1349 168.9117 179.0437 25.7837 -4.4739 100.0000 stroke9
movl 0 -28.9273 369.0543 172.1317 -178.5502 28.9344 -2.7508 100.0000 stroke9
movl 0 -22.4931 361.6465 193.4921 -167.5758 33.0228 3.5244 100.0000 stroke9
movl 0 -7.3608 364.2870 205.9232 145.4420 -15.3176 -137.7447 100.0000 stroke10
movl 0 -6.7894 355.4273 180.4345 152.0960 -16.0121 -147.1703 100.0000 stroke10
movl 0 -8.3418 353.9713 171.4769 155.0439 -15.9125 -150.0376 100.0000 stroke10
movl 0 -11.6740 353.1866 170.3546 154.8405 -14.2652 -149.0873 100.0000 stroke10
movl 0 -13.8599 354.5193 169.2093 155.1150 -14.0515 -147.9983 100.0000 stroke10
movl 0 -14.0977 356.1954 168.3493 155.5161 -14.1390 -147.7003 100.0000 stroke10
movl 0 -17.2059 358.8762 167.0057 157.0554 -13.9090 -148.0838 100.0000 stroke10
movl 0 -17.6302 362.7495 166.0733 159.8461 -15.1248 -149.9156 100.0000 stroke10
movl 0 -17.2341 364.4090 165.8627 161.2584 -16.6176 -150.6459 100.0000 stroke10
movl 0 -17.5570 367.3590 166.1796 165.1441 -19.6029 -151.2107 100.0000 stroke10
movl 0 -17.5695 367.2001 166.5782 165.8181 -19.9730 -151.8163 100.0000 stroke10
movl 0 -17.4357 366.4044 167.0032 165.7776 -19.8206 -151.8248 100.0000 stroke10
movl 0 -19.0803 365.6985 167.4227 166.6733 -18.9822 -152.3853 100.0000 stroke10
movl 0 -19.8898 364.8833 167.9946 166.8711 -18.2106 -152.7760 100.0000 stroke10
movl 0 -19.9082 364.1428 168.6216 167.0100 -17.7143 -153.1434 100.0000 stroke10
movl 0 -19.6709 364.3258 168.9919 167.6517 -17.1232 -154.1069 100.0000 stroke10
movl 0 -19.1934 364.6506 169.3976 168.2379 -16.7940 -154.8812 100.0000 stroke10
movl 0 -19.2023 364.7910 169.8054 168.8851 -16.2135 -155.8304 100.0000 stroke10
movl 0 -19.0157 364.9681 170.3836 169.5023 -15.5830 -156.8083 100.0000 stroke10
movl 0 -18.9243 365.3075 170.8991 170.2031 -15.0252 -157.9592 100.0000 stroke10
movl 0 -18.5498 365.8464 171.2559 170.8503 -14.6172 -158.8931 100.0000 stroke10
movl 0 -18.5457 366.2115 171.6745 171.3998 -14.0982 -159.5558 100.0000 stroke10
movl 0 -18.3386 366.4777 172.0763 171.7989 -13.5085 -160.2148 100.0000 stroke10
movl 0 -19.1896 366.9531 172.5420 172.6866 -12.3510 -161.2285 100.0000 stroke10
movl 0 -21.2544 366.8866 173.1507 173.4155 -10.6184 -162.6345 100.0000 stroke10
movl 0 -24.7343 366.8137 173.6389 174.3372 -8.6109 -164.4887 100.0000 stroke10
movl 0 -29.1146 365.6349 174.1719 174.7005 -6.1535 -167.0658 100.0000 stroke10
movl 0 -34.2187 364.4569 174.1705 174.8127 -3.7400 -170.4896 100.0000 stroke10
movl 0 -38.0412 363.8467 174.0081 174.9234 -2.0658 -173.8672 100.0000 stroke10
movl 0 -40.1568 363.7481 173.9103 174.8241 -0.8335 -176.5641 100.0000 stroke10
movl 0 -41.8137 363.6835 173.8297 174.8066 -0.0100 -179.4266 100.0000 stroke10
movl 0 -43.9033 360.0660 174.9101 173.7318 -0.1232 -179.4131 100.0000 stroke10
movl 0 -42.1800 360.1202 175.1286 172.7763 -0.8150 179.6595 100.0000 stroke10
movl 0 -42.3405 360.5198 175.0479 172.3053 -0.7199 179.1623 100.0000 stroke10
movl 0 -41.5311 360.3536 175.2484 172.2660 -0.9906 179.4177 100.0000 stroke10
movl 0 -41.4619 359.1902 175.4689 172.5822 -1.0703 179.7664 100.0000 stroke10
movl 0 -40.1203 361.1216 175.3872 172.1729 -1.0629 179.1379 100.0000 stroke10
movl 0 -38.3267 361.8361 175.6916 172.1290 -1.4127 179.2745 100.0000 stroke10
movl 0 -38.4678 359.3755 176.2307 172.0763 -1.6966 -179.8224 100.0000 stroke10
movl 0 -36.4723 361.8645 176.2428 171.7883 -1.8651 179.8985 100.0000 stroke10
movl 0 -34.0860 362.0802 177.0699 171.2821 -2.3376 -179.9130 100.0000 stroke10
movl 0 -33.5273 360.9820 177.5703 170.9488 -2.3808 -179.5257 100.0000 stroke10
movl 0 -31.4013 362.2845 177.9232 170.4974 -2.5506 -179.5973 100.0000 stroke10
movl 0 -30.3853 362.0469 178.4936 169.9756 -2.7180 -179.1832 100.0000 stroke10
movl 0 -29.7128 361.3567 178.9431 169.3307 -2.8822 -178.7065 100.0000 stroke10
movl 0 -29.0617 360.2435 179.3150 168.5009 -2.9899 -177.8801 100.0000 stroke10
movl 0 -27.8775 356.7202 180.4171 166.8027 -3.2497 -176.3021 100.0000 stroke10
movl 0 -21.0468 340.9202 184.8636 157.5358 -4.2309 -168.7684 100.0000 stroke10
movl 0 -14.8328 322.0722 196.0273 143.4263 -1.7925 -158.6122 100.0000 stroke10
movl 0 -19.7510 371.8334 246.9087 -165.1449 31.7918 -4.8670 100.0000 stroke11
movl 0 1.9305 379.5573 187.3276 159.3024 31.0929 -50.6135 100.0000 stroke11
movl 0 1.1808 382.6020 175.7663 156.7182 22.0213 -58.3588 100.0000 stroke11
movl 0 1.9022 385.5405 173.6723 156.6898 17.8359 -62.9154 100.0000 stroke11
movl 0 -0.1813 386.9901 172.5185 156.7915 15.4231 -64.1089 100.0000 stroke11
movl 0 -1.9507 387.9300 171.9526 157.3281 14.6485 -65.0262 100.0000 stroke11
movl 0 -3.8446 389.7669 171.3243 157.7707 13.2183 -66.2097 100.0000 stroke11
movl 0 -10.9711 391.5768 171.7008 160.2284 10.3854 -67.1905 100.0000 stroke11
movl 0 -16.3757 392.9808 171.8095 162.0745 7.6915 -68.7908 100.0000 stroke11
movl 0 -19.8917 394.5031 171.8494 163.5319 5.7315 -70.3475 100.0000 stroke11
movl 0 -22.3730 394.3250 172.2432 164.9184 5.2671 -71.5930 100.0000 stroke11
movl 0 -23.2570 395.6827 171.8611 164.9425 4.2561 -71.2099 100.0000 stroke11
movl 0 -23.7471 395.4349 172.0280 164.7622 3.8001 -70.0777 100.0000 stroke11
movl 0 -22.5236 393.7533 173.1270 165.5369 5.6200 -70.1910 100.0000 stroke11
movl 0 -23.6735 394.7599 172.7560 165.8059 4.7263 -70.3692 100.0000 stroke11
movl 0 -25.2082 395.3447 172.4215 165.1980 3.1592 -69.6266 100.0000 stroke11
movl 0 -25.7853 393.7320 173.2464 165.4647 3.5517 -69.5552 100.0000 stroke11
movl 0 -25.7184 389.6595 174.8339 166.5848 5.8334 -69.7246 100.0000 stroke11
movl 0 -26.5725 390.6151 174.3820 166.1219 4.2845 -69.9140 100.0000 stroke11
movl 0 -26.9300 388.6786 174.9545 165.9358 4.3465 -69.9478 100.0000 stroke11
movl 0 -24.9266 386.3369 176.1122 165.9265 6.0420 -70.7336 100.0000 stroke11
movl 0 -25.1723 386.8036 175.8216 165.4817 4.7668 -71.4509 100.0000 stroke11
movl 0 -25.4219 385.0307 176.4522 165.4841 4.8497 -72.1501 100.0000 stroke11
movl 0 -23.2606 384.3590 176.9463 165.2287 5.8467 -73.3008 100.0000 stroke11
movl 0 -23.9218 384.4496 176.7942 164.9377 4.5352 -73.8130 100.0000 stroke11
movl 0 -22.2235 383.0747 177.5884 164.6144 5.3356 -75.1832 100.0000 stroke11
movl 0 -22.2253 383.3917 177.3227 164.2361 4.4795 -75.7289 100.0000 stroke11
movl 0 -21.8907 383.2588 177.3599 164.0812 5.1168 -76.3174 100.0000 stroke11
movl 0 -20.9596 381.8535 177.8246 163.9337 6.4589 -76.3538 100.0000 stroke11
movl 0 -17.2830 375.3435 183.2439 163.4310 11.5598 -75.1412 100.0000 stroke11
movl 0 -17.6088 358.1026 236.8321 165.5484 24.8666 -69.3943 100.0000 stroke11
