movl 0 -26.4980 391.2032 167.4609 179.7399 -30.8201 146.8775 100.0000 stroke1
movl 0 -28.0601 388.7625 168.4527 178.6080 -30.8899 147.3458 100.0000 stroke1
movl 0 -33.1322 389.3661 170.3711 178.5756 -30.0603 146.3906 100.0000 stroke1
movl 0 -30.9656 394.7872 170.4414 -178.8955 -27.5363 140.9881 100.0000 stroke1
movl 0 -28.9734 397.7084 170.9252 -176.8096 -26.4142 136.7706 100.0000 stroke1
movl 0 -41.0903 389.7804 171.3536 -179.8173 -25.9025 139.9611 100.0000 stroke1
movl 0 -42.9808 389.6852 170.8325 -179.3914 -25.5373 140.1822 100.0000 stroke1
movl 0 -43.7377 388.9275 170.9058 -179.4123 -25.4689 140.3370 100.0000 stroke1
movl 0 -45.6134 388.2311 170.5127 -179.6855 -25.3744 140.4927 100.0000 stroke1
movl 0 -46.1565 388.7330 170.0202 -179.6808 -25.0007 140.7935 100.0000 stroke1
movl 0 -49.2583 388.5084 169.6453 179.4588 -23.7486 141.2523 100.0000 stroke1
movl 0 -51.8822 387.6302 169.6734 178.4063 -22.6752 141.0274 100.0000 stroke1
movl 0 -54.8500 386.1637 169.8397 177.1879 -22.0664 141.0508 100.0000 stroke1
movl 0 -56.3793 385.3288 169.9057 176.3504 -21.7292 140.7986 100.0000 stroke1
movl 0 -57.1382 385.5293 169.9650 176.0359 -21.2500 139.9186 100.0000 stroke1
movl 0 -56.8784 385.8347 170.1914 175.7870 -20.8790 138.8832 100.0000 stroke1
movl 0 -56.9991 386.3562 170.3333 175.3843 -20.2811 137.7568 100.0000 stroke1
movl 0 -57.3292 386.8144 170.4576 174.7599 -19.5266 136.7065 100.0000 stroke1
movl 0 -57.1892 387.5948 170.4602 174.4015 -18.8034 135.1940 100.0000 stroke1
movl 0 -56.5325 388.9853 170.3296 174.4633 -18.2355 133.6932 100.0000 stroke1
movl 0 -55.4380 386.9784 170.9745 174.4779 -19.2836 134.1385 100.0000 stroke1
movl 0 -54.0422 385.2997 171.5620 174.1828 -20.0092 134.3859 100.0000 stroke1
movl 0 -53.0765 384.3860 171.9404 174.0658 -20.5267 134.5638 100.0000 stroke1
movl 0 -52.5463 384.2354 172.0873 174.1112 -20.6516 134.5843 100.0000 stroke1
movl 0 -52.7476 384.6756 172.1145 174.3653 -20.2282 134.5127 100.0000 stroke1
movl 0 -53.2240 385.7583 172.3420 175.1782 -19.1668 133.9384 100.0000 stroke1
movl 0 -52.8726 385.8931 172.3025 176.0032 -19.5897 134.4424 100.0000 stroke1
movl 0 -44.0562 378.9533 176.9173 175.9252 -25.2029 139.0817 100.0000 stroke1
movl 0 -31.7973 367.5829 210.1780 170.0929 -37.3529 150.6434 100.0000 stroke1
movl 0 -14.9515 407.8541 185.1594 -173.4791 -35.5114 145.7270 100.0000 stroke2
movl 0 -19.1636 404.3981 169.4879 -177.6702 -33.8990 145.4700 100.0000 stroke2
movl 0 -29.7651 401.3306 167.7633 175.9713 -30.5265 149.8344 100.0000 stroke2
movl 0 -30.5414 402.7207 167.7664 176.4740 -28.7292 148.1001 100.0000 stroke2
movl 0 -32.5267 404.5076 167.0761 176.7005 -27.6818 146.8546 100.0000 stroke2
movl 0 -35.4040 407.7786 166.4492 177.8259 -25.9134 145.0702 100.0000 stroke2
movl 0 -37.3675 411.3591 166.1863 -179.9179 -23.4655 141.5574 100.0000 stroke2
movl 0 -36.5690 414.1179 166.0429 -177.4177 -22.0190 137.8913 100.0000 stroke2
movl 0 -36.3831 415.4041 166.2959 -175.0986 -21.0986 135.2333 100.0000 stroke2
movl 0 -36.0186 416.0220 167.0106 -173.0542 -19.9803 132.1948 100.0000 stroke2
movl 0 -35.3510 417.1420 167.7976 -170.6269 -18.4403 128.8969 100.0000 stroke2
movl 0 -35.6863 418.5296 168.8853 -168.2424 -15.9635 124.8243 100.0000 stroke2
movl 0 -35.9399 419.9792 169.5673 -166.0221 -13.3791 120.7247 100.0000 stroke2
movl 0 -36.7769 421.0293 170.1704 -164.6533 -10.9504 117.6230 100.0000 stroke2
movl 0 -37.5828 422.2782 170.8356 -163.3777 -7.9447 114.1429 100.0000 stroke2
movl 0 -36.9653 421.5899 171.5564 -162.9224 -7.2742 111.6740 100.0000 stroke2
movl 0 -37.8731 421.5891 171.7648 -162.9126 -6.1445 110.3814 100.0000 stroke2
movl 0 -36.5645 421.9364 171.7622 -162.4792 -6.1121 109.0732 100.0000 stroke2
movl 0 -28.0086 411.6553 175.1130 -160.0898 -12.9430 105.1206 100.0000 stroke2
movl 0 -1.9368 392.3622 209.0734 -151.2839 -32.2391 102.0723 100.0000 stroke2
movl 0 -10.6299 386.5472 197.6890 -148.0381 -20.1004 93.8286 100.0000 stroke3
movl 0 -22.5326 390.5236 174.7355 -151.0682 -10.7165 89.2435 100.0000 stroke3
movl 0 -30.4080 389.9309 175.8016 -154.5612 -8.7440 85.8168 100.0000 stroke3
movl 0 -33.1413 392.4386 173.5037 -155.3273 -8.3188 86.6949 100.0000 stroke3
movl 0 -35.1863 392.7019 171.2958 -155.7443 -9.5592 89.9767 100.0000 stroke3
movl 0 -36.5788 394.1736 170.4638 -155.9826 -8.9999 90.9530 100.0000 stroke3
movl 0 -37.7439 395.1816 170.3266 -156.6678 -8.3430 90.7944 100.0000 stroke3
movl 0 -40.4179 395.1217 170.6580 -158.3517 -8.1464 89.8146 100.0000 stroke3
movl 0 -42.0998 395.4746 171.0312 -159.3961 -7.6990 89.1711 100.0000 stroke3
movl 0 -42.8546 395.2095 171.3004 -159.9934 -7.8465 88.5268 100.0000 stroke3
movl 0 -41.8758 395.5041 171.5624 -160.3217 -7.6743 87.2958 100.0000 stroke3
movl 0 -41.5219 396.0260 171.7296 -161.0509 -7.4157 85.9176 100.0000 stroke3
movl 0 -40.5122 396.7411 171.9021 -161.7187 -7.0819 84.4447 100.0000 stroke3
movl 0 -39.3413 397.3984 172.0284 -162.3607 -6.9982 82.6889 100.0000 stroke3
movl 0 -38.2000 398.4788 172.1190 -163.2706 -6.7696 80.6760 100.0000 stroke3
movl 0 -37.7171 398.1329 172.2433 -163.3478 -6.9141 80.0355 100.0000 stroke3
movl 0 -35.1018 395.1352 173.3540 -162.2012 -8.0321 79.8345 100.0000 stroke3
movl 0 -35.2843 395.6978 173.3921 -162.4686 -7.5830 79.8438 100.0000 stroke3
movl 0 -35.5628 396.1559 173.5164 -162.9302 -6.8573 79.7172 100.0000 stroke3
movl 0 -35.0912 394.8025 173.2581 -160.7169 -7.3219 83.7550 100.0000 stroke3
movl 0 -21.6385 371.4744 192.8575 -150.7793 -24.3117 89.2958 100.0000 stroke3
movl 0 -12.8715 395.6556 212.5745 -147.0594 -7.8019 86.5820 100.0000 stroke4
movl 0 -16.4449 401.1402 174.1003 -150.2652 -4.4642 87.4543 100.0000 stroke4
movl 0 -18.2590 402.6234 173.0584 -152.6063 -3.0436 87.2086 100.0000 stroke4
movl 0 -19.5751 403.7455 171.3929 -153.6811 -3.1229 86.3945 100.0000 stroke4
movl 0 -20.9106 405.7529 170.1204 -154.2655 -2.7368 86.2914 100.0000 stroke4
movl 0 -21.8050 406.8234 169.4465 -154.5877 -2.5180 86.2661 100.0000 stroke4
movl 0 -25.2861 408.6434 168.5570 -156.2616 -1.6760 86.1773 100.0000 stroke4
movl 0 -25.0105 410.6554 168.0044 -156.8059 -0.5806 85.4514 100.0000 stroke4
movl 0 -25.9193 410.6053 167.9117 -156.8541 -0.2479 85.8999 100.0000 stroke4
movl 0 -26.7658 409.8875 168.0108 -156.6875 0.0291 86.6463 100.0000 stroke4
movl 0 -27.4477 408.9403 168.3078 -156.4730 0.2117 87.3770 100.0000 stroke4
movl 0 -28.1563 408.0599 168.6881 -156.3892 0.2153 87.9679 100.0000 stroke4
movl 0 -28.5610 406.3826 169.3020 -155.9317 -0.0591 88.8462 100.0000 stroke4
movl 0 -26.6376 398.0975 176.9453 -153.6508 -2.5813 89.8376 100.0000 stroke4
movl 0 -30.3285 376.4300 223.8816 -150.2281 -10.2876 90.3736 100.0000 stroke4
movl 0 -25.5647 384.6060 192.8949 -152.8507 -10.5002 94.5095 100.0000 stroke5
movl 0 -30.3368 388.4550 180.2985 -154.9850 -7.7144 93.4109 100.0000 stroke5
movl 0 -40.6425 387.2480 177.0095 -158.9097 -7.8512 93.2343 100.0000 stroke5
movl 0 -44.2894 387.4769 176.8767 -160.1478 -7.5647 92.4680 100.0000 stroke5
movl 0 -47.5150 387.5062 175.9870 -160.7332 -7.4951 92.8554 100.0000 stroke5
movl 0 -54.8586 388.5904 174.7445 -163.5812 -6.5695 92.1920 100.0000 stroke5
movl 0 -56.9525 389.7043 174.4194 -164.4000 -5.3125 91.3622 100.0000 stroke5
movl 0 -60.4018 387.9960 174.6594 -165.4735 -6.0129 90.7484 100.0000 stroke5
movl 0 -59.3150 388.9384 174.4731 -165.5921 -5.8994 89.1035 100.0000 stroke5
movl 0 -57.6643 389.6574 174.6190 -165.6437 -5.6221 87.7502 100.0000 stroke5
movl 0 -55.6413 390.4675 174.8175 -165.5894 -5.2756 86.5654 100.0000 stroke5
movl 0 -53.1995 391.2642 175.2104 -165.4687 -4.8908 85.3517 100.0000 stroke5
movl 0 -50.9128 391.7682 175.6286 -165.4218 -4.7186 84.2201 100.0000 stroke5
movl 0 -49.1115 392.0723 175.9641 -165.2737 -4.6502 83.6643 100.0000 stroke5
movl 0 -48.1411 391.8407 176.3041 -165.1851 -4.6611 83.5612 100.0000 stroke5
movl 0 -47.2219 391.4813 176.7242 -165.1280 -4.8132 83.5484 100.0000 stroke5
movl 0 -46.7082 391.1310 177.0447 -165.1437 -4.9305 83.3526 100.0000 stroke5
movl 0 -42.2777 387.0261 179.6664 -163.4611 -6.2705 84.0559 100.0000 stroke5
movl 0 -31.4491 374.9387 216.5644 -158.5423 -13.4059 87.5575 100.0000 stroke5
movl 0 -20.5868 396.5150 198.6244 -155.3820 -10.5998 95.9837 100.0000 stroke6
movl 0 -22.5897 396.0397 179.4263 -158.3333 -9.6710 93.9007 100.0000 stroke6
movl 0 -23.0682 398.1857 176.2459 -159.3620 -8.7961 93.0257 100.0000 stroke6
movl 0 -23.5612 400.2467 175.1117 -159.4610 -8.1304 92.6858 100.0000 stroke6
movl 0 -25.2936 401.5721 174.3605 -160.1669 -7.6042 92.1025 100.0000 stroke6
movl 0 -28.3325 404.5153 173.3165 -161.4417 -5.9298 91.3868 100.0000 stroke6
movl 0 -28.7507 408.8731 172.1430 -162.1128 -3.2783 89.9717 100.0000 stroke6
movl 0 -28.8341 410.6230 171.7084 -161.9153 -2.1316 89.8888 100.0000 stroke6
movl 0 -29.9711 409.2570 171.9507 -161.5733 -1.8073 90.7147 100.0000 stroke6
movl 0 -31.1413 408.0895 172.2489 -161.5038 -1.3122 91.1105 100.0000 stroke6
movl 0 -32.6816 406.3826 172.4985 -161.4442 -0.9866 91.7444 100.0000 stroke6
movl 0 -34.7886 404.2101 172.8880 -161.4614 -0.8226 92.4730 100.0000 stroke6
movl 0 -36.6092 402.4902 173.2220 -161.3871 -0.6789 93.1820 100.0000 stroke6
movl 0 -38.8641 400.4153 173.5237 -161.4618 -0.7363 93.9501 100.0000 stroke6
movl 0 -40.3667 398.9062 173.7756 -161.3151 -0.6215 94.5349 100.0000 stroke6
movl 0 -42.1969 397.4266 173.9875 -161.2210 -0.5792 95.2786 100.0000 stroke6
movl 0 -44.1349 395.7795 174.2179 -161.0585 -0.6876 95.9186 100.0000 stroke6
movl 0 -45.7340 394.5470 174.4859 -160.9031 -0.7273 96.3055 100.0000 stroke6
movl 0 -46.9565 393.3741 175.1400 -160.4468 -0.8885 96.6788 100.0000 stroke6
movl 0 -48.8268 387.6908 186.0603 -157.4099 -3.1589 97.8984 100.0000 stroke6
movl 0 -16.6393 396.6358 236.8137 -147.3731 -7.0052 93.3703 100.0000 stroke7
movl 0 -16.4201 394.9151 183.0810 -151.5586 -3.1340 90.0626 100.0000 stroke7
movl 0 -24.0293 393.7544 177.1703 -155.7759 -2.8802 89.7307 100.0000 stroke7
movl 0 -28.6495 393.8629 175.4044 -158.4218 -2.8999 88.6215 100.0000 stroke7
movl 0 -29.5132 394.6738 175.0225 -158.9221 -2.7346 87.7785 100.0000 stroke7
movl 0 -34.1686 396.8354 173.9442 -160.6620 -1.8111 87.1461 100.0000 stroke7
movl 0 -34.7978 400.1010 173.2184 -161.5739 0.5515 85.9254 100.0000 stroke7
movl 0 -35.9113 400.8956 173.4104 -161.9767 1.9485 85.5055 100.0000 stroke7
movl 0 -36.7204 401.7354 173.5640 -162.3445 3.3996 85.0152 100.0000 stroke7
movl 0 -37.8736 403.0492 173.6334 -162.9655 5.2779 84.3177 100.0000 stroke7
movl 0 -39.5714 403.7373 173.6082 -163.6835 6.6987 83.3747 100.0000 stroke7
movl 0 -41.3893 404.4930 173.5695 -164.5914 8.2869 82.5425 100.0000 stroke7
movl 0 -43.1881 404.8552 173.4428 -165.4001 9.6191 82.1253 100.0000 stroke7
movl 0 -44.3430 404.4080 173.4634 -165.5177 10.4902 82.9274 100.0000 stroke7
movl 0 -41.2633 403.1663 174.5964 -164.7870 9.1648 82.2105 100.0000 stroke7
movl 0 -42.1034 403.0061 174.5587 -165.0927 9.6786 82.7574 100.0000 stroke7
movl 0 -42.6894 402.1127 174.8038 -165.2476 9.3273 82.8041 100.0000 stroke7
movl 0 -35.8425 392.6631 179.7850 -161.9359 2.2718 82.0594 100.0000 stroke7
movl 0 -16.2320 374.0471 240.6318 -153.9627 -18.4284 82.3126 100.0000 stroke7
movl 0 -0.9712 393.5435 220.2310 -149.8459 -9.1516 89.6447 100.0000 stroke8
movl 0 0.4665 396.0779 176.7233 -151.9062 -5.6235 88.7827 100.0000 stroke8
movl 0 -7.4882 396.0255 175.4112 -155.7145 -5.9637 89.0968 100.0000 stroke8
movl 0 -9.5410 397.6084 173.8877 -156.7263 -4.7496 88.6324 100.0000 stroke8
movl 0 -10.9690 398.5005 173.1713 -157.4126 -4.8581 88.2222 100.0000 stroke8
movl 0 -15.0258 404.4384 171.4181 -159.8233 -1.6049 86.8937 100.0000 stroke8
movl 0 -14.9571 408.0789 170.3757 -160.0673 0.4174 86.0765 100.0000 stroke8
movl 0 -15.8418 408.4867 170.0741 -159.9195 1.1426 86.5159 100.0000 stroke8
movl 0 -16.8550 407.6917 170.4279 -159.6771 1.5810 87.0662 100.0000 stroke8
movl 0 -17.7317 406.1850 171.1440 -158.9089 1.8940 88.1456 100.0000 stroke8
movl 0 -20.8597 396.1274 183.3258 -155.7817 -0.7907 89.8406 100.0000 stroke8
movl 0 -31.4339 380.4905 236.1970 -149.7815 -9.2804 89.7829 100.0000 stroke8
movl 0 -16.1298 398.5731 205.5059 -153.0762 4.7567 80.5986 100.0000 stroke9
movl 0 -14.2777 402.1899 174.0729 -156.6092 7.9168 77.9538 100.0000 stroke9
movl 0 -19.1365 403.1459 173.5762 -158.2656 7.0626 76.5130 100.0000 stroke9
movl 0 -20.8112 401.6588 174.0268 -158.4135 6.9128 76.4652 100.0000 stroke9
movl 0 -25.4180 402.8280 173.5978 -161.0794 7.2886 74.4362 100.0000 stroke9
movl 0 -29.5910 404.7546 173.4135 -164.3112 7.9105 71.0502 100.0000 stroke9
movl 0 -33.4637 407.2110 173.2784 -167.9461 8.5646 67.4177 100.0000 stroke9
movl 0 -35.1982 409.4828 173.0524 -170.4704 9.2702 64.6502 100.0000 stroke9
movl 0 -31.7332 408.4920 174.0096 -169.4176 9.0201 64.2160 100.0000 stroke9
movl 0 -32.3808 407.7853 174.8099 -170.2923 9.8408 64.5090 100.0000 stroke9
movl 0 -31.7599 407.1589 175.2684 -170.2684 9.9816 64.6788 100.0000 stroke9
movl 0 -30.8487 406.2015 175.5776 -169.2502 9.7474 65.8431 100.0000 stroke9
movl 0 -15.9198 388.7606 189.3621 -155.6133 -1.5198 77.7709 100.0000 stroke9
movl 0 -51.5336 388.7435 192.3395 -157.4251 -23.9400 108.6510 100.0000 stroke10
movl 0 -62.9810 385.8564 173.6074 -162.2236 -22.1071 108.2721 100.0000 stroke10
movl 0 -65.8035 385.7151 173.3442 -165.3010 -21.4924 108.7582 100.0000 stroke10
movl 0 -67.9179 386.1255 172.5592 -165.9497 -20.0771 108.2137 100.0000 stroke10
movl 0 -68.9853 387.0790 172.4415 -166.5303 -18.8866 107.5983 100.0000 stroke10
movl 0 -70.8905 388.4254 171.9055 -166.9531 -17.6829 106.9328 100.0000 stroke10
movl 0 -75.9683 388.8880 171.6580 -169.2235 -16.6916 105.9834 100.0000 stroke10
movl 0 -80.9194 388.1473 171.9341 -171.2065 -16.1967 104.7022 100.0000 stroke10
movl 0 -82.6985 388.8848 171.5980 -172.1366 -15.7468 103.0898 100.0000 stroke10
movl 0 -82.4034 388.9082 171.4338 -172.1792 -15.9128 102.0397 100.0000 stroke10
movl 0 -78.6065 387.0094 172.1266 -170.9001 -17.0398 101.8434 100.0000 stroke10
movl 0 -78.7154 387.1589 172.2364 -170.9205 -16.7837 101.6817 100.0000 stroke10
movl 0 -78.3775 387.1204 172.3691 -170.8847 -16.6219 101.5203 100.0000 stroke10
movl 0 -78.4584 387.2591 172.4193 -170.9285 -16.2486 101.4878 100.0000 stroke10
movl 0 -78.9567 387.6331 172.9115 -170.9085 -15.2724 101.2372 100.0000 stroke10
movl 0 -77.5957 386.9245 173.1752 -169.6000 -15.5363 102.3988 100.0000 stroke10
movl 0 -59.7056 372.7243 187.5205 -164.2560 -27.0257 106.3547 100.0000 stroke10
movl 0 -35.2951 375.6842 202.1485 -156.5582 -22.4353 109.5567 100.0000 stroke11
movl 0 -45.2989 376.9816 174.6786 -159.8992 -17.7946 109.1092 100.0000 stroke11
movl 0 -55.3704 375.3997 173.4598 -163.5762 -17.5474 109.4998 100.0000 stroke11
movl 0 -59.3633 375.8293 173.4951 -164.2314 -17.3089 110.3266 100.0000 stroke11
movl 0 -64.2545 374.6725 172.5104 -165.0141 -17.4122 111.8618 100.0000 stroke11
movl 0 -66.3702 376.0132 171.7839 -165.2965 -15.9981 112.5950 100.0000 stroke11
movl 0 -71.8054 375.1658 171.5804 -167.3280 -15.1825 112.0881 100.0000 stroke11
movl 0 -71.7606 375.9874 171.6798 -167.9147 -14.7261 109.9629 100.0000 stroke11
movl 0 -65.2100 380.9797 172.0295 -166.9630 -13.6036 105.4292 100.0000 stroke11
movl 0 -62.0072 379.9755 172.9094 -165.8408 -14.0794 104.6488 100.0000 stroke11
movl 0 -61.6094 382.7564 172.2048 -165.3609 -12.8647 103.8193 100.0000 stroke11
movl 0 -62.4744 384.6228 171.8521 -164.9101 -11.2703 102.8253 100.0000 stroke11
movl 0 -62.5203 385.2992 171.8273 -164.1791 -10.0416 101.8398 100.0000 stroke11
movl 0 -62.9631 387.1203 172.7235 -162.9378 -6.3460 101.1189 100.0000 stroke11
movl 0 -62.3101 384.2594 173.9367 -162.5045 -6.4921 99.9951 100.0000 stroke11
movl 0 -60.0006 382.7980 174.8921 -161.9273 -7.1042 98.9971 100.0000 stroke11
movl 0 -60.5744 382.6258 175.0249 -162.2615 -6.9923 98.1468 100.0000 stroke11
movl 0 -61.3368 382.9864 174.9211 -162.5081 -6.5815 97.9364 100.0000 stroke11
movl 0 -62.2541 382.6431 175.0451 -162.6211 -6.2178 97.8429 100.0000 stroke11
movl 0 -63.2387 383.9399 174.7387 -163.0242 -5.5230 96.9623 100.0000 stroke11
movl 0 -64.2532 385.7078 174.9704 -163.8426 -3.7808 94.9238 100.0000 stroke11
movl 0 -64.5487 387.2314 175.6766 -164.4977 -1.4380 92.2519 100.0000 stroke11
movl 0 -65.1826 388.1536 176.0889 -164.9770 0.1049 90.5697 100.0000 stroke11
movl 0 -65.4033 388.0583 176.3719 -165.1183 0.8740 89.7901 100.0000 stroke11
movl 0 -65.8139 387.6860 176.5886 -165.2534 1.5288 89.2817 100.0000 stroke11
movl 0 -65.9060 386.2536 177.0498 -165.1289 1.6882 89.3030 100.0000 stroke11
movl 0 -65.5236 381.5791 178.9040 -163.7873 1.2779 90.7374 100.0000 stroke11
movl 0 -66.7507 363.3898 200.8893 -158.5780 -4.8677 95.9458 100.0000 stroke11
movl 0 -52.3369 347.8068 237.6470 -163.4298 -21.3447 113.8660 100.0000 stroke12
movl 0 -61.2205 349.6669 185.6890 -166.0715 -17.6293 113.0399 100.0000 stroke12
movl 0 -68.1207 353.3228 180.0994 -167.6900 -15.3849 110.5571 100.0000 stroke12
movl 0 -72.8444 352.4777 178.7972 -169.2383 -14.2731 109.8975 100.0000 stroke12
movl 0 -74.6835 353.5708 178.5423 -169.2289 -13.3425 108.9831 100.0000 stroke12
movl 0 -79.9323 354.5702 177.0459 -170.4799 -12.1773 108.2853 100.0000 stroke12
movl 0 -83.7020 355.0413 176.3931 -171.3334 -10.8054 106.6339 100.0000 stroke12
movl 0 -84.1666 355.8338 176.1656 -172.0392 -10.7707 104.3940 100.0000 stroke12
movl 0 -83.2260 357.1762 176.4340 -172.2687 -10.2563 102.2750 100.0000 stroke12
movl 0 -82.0774 358.1117 176.7903 -172.1412 -9.7233 101.0304 100.0000 stroke12
movl 0 -81.7171 359.0063 177.2828 -172.3428 -8.9743 99.9031 100.0000 stroke12
movl 0 -80.8993 359.5979 177.8208 -172.5095 -8.3827 99.0446 100.0000 stroke12
movl 0 -79.7797 360.9581 178.2088 -172.6182 -7.5109 98.3591 100.0000 stroke12
movl 0 -78.7736 362.4340 178.5231 -172.8519 -6.5737 97.5901 100.0000 stroke12
movl 0 -78.4498 364.0469 178.8915 -173.5274 -5.5174 96.8614 100.0000 stroke12
movl 0 -78.4516 365.6606 179.0288 -174.4830 -4.4868 95.8076 100.0000 stroke12
movl 0 -78.4895 367.1731 179.0235 -175.4929 -3.4765 94.5380 100.0000 stroke12
movl 0 -79.4956 368.5874 178.8660 -176.6333 -2.6139 92.8780 100.0000 stroke12
movl 0 -80.3773 370.4788 178.5820 -177.9359 -1.6331 90.7492 100.0000 stroke12
movl 0 -80.8255 372.1781 178.2789 -179.2757 -0.8658 88.1927 100.0000 stroke12
movl 0 -82.2452 373.5317 177.7843 179.1221 -0.4218 85.3902 100.0000 stroke12
movl 0 -84.0008 375.3745 177.1521 177.5869 0.1434 82.7513 100.0000 stroke12
movl 0 -86.3309 376.8684 176.3525 175.7810 0.3824 79.8834 100.0000 stroke12
movl 0 -87.3829 378.0127 175.8401 174.5470 0.3647 77.2768 100.0000 stroke12
movl 0 -88.1508 379.3387 175.2073 173.3620 0.3301 75.2880 100.0000 stroke12
movl 0 -89.6828 381.0880 174.3478 171.6821 0.1938 73.1995 100.0000 stroke12
movl 0 -91.9498 382.1882 173.4533 170.1626 -0.2478 70.2672 100.0000 stroke12
movl 0 -89.6404 383.0280 174.4246 171.0810 0.1699 68.3052 100.0000 stroke12
movl 0 -86.4534 386.1816 174.9227 171.7738 0.6896 62.9566 100.0000 stroke12
movl 0 -82.1164 389.7780 175.2220 172.4862 1.8057 58.6231 100.0000 stroke12
movl 0 -80.4892 391.7535 175.2196 172.5932 1.8776 55.3615 100.0000 stroke12
movl 0 -79.6037 392.6437 175.3556 172.7219 1.8181 54.2304 100.0000 stroke12
movl 0 -78.8987 392.6673 175.3872 172.6475 1.8588 54.1651 100.0000 stroke12
movl 0 -79.5769 391.0760 176.2167 172.5220 2.2113 54.5320 100.0000 stroke12
movl 0 -79.7892 390.2124 177.1176 172.8697 2.0218 53.6271 100.0000 stroke12
movl 0 -78.5553 392.4563 176.5245 172.4931 1.7239 52.2050 100.0000 stroke12
movl 0 -76.4761 393.1259 177.1897 172.7711 2.1713 52.3409 100.0000 stroke12
movl 0 -78.8710 389.5013 178.7112 173.3585 2.3511 54.0600 100.0000 stroke12
movl 0 -77.0836 392.7578 177.2849 172.5491 2.4148 52.7376 100.0000 stroke12
movl 0 -74.8975 394.9263 176.8088 172.1151 2.4013 51.6078 100.0000 stroke12
movl 0 -73.5608 395.4485 177.1474 172.1718 2.2967 51.1624 100.0000 stroke12
movl 0 -71.7085 396.0720 177.7239 172.2704 2.4886 50.7857 100.0000 stroke12
movl 0 -70.2733 396.8805 177.9471 172.1619 2.6355 50.4566 100.0000 stroke12
movl 0 -68.7850 397.4255 178.3601 172.1953 2.7805 50.1608 100.0000 stroke12
movl 0 -67.3570 397.9274 178.7297 172.2191 2.8868 50.0250 100.0000 stroke12
movl 0 -66.6411 398.3007 178.8476 172.1221 2.8058 49.7346 100.0000 stroke12
movl 0 -65.3383 398.6221 179.3131 172.2088 2.8874 49.5324 100.0000 stroke12
movl 0 -63.7960 399.0978 179.8331 172.3102 3.0827 49.3109 100.0000 stroke12
movl 0 -62.1395 399.3427 180.5260 172.5588 3.3127 49.1837 100.0000 stroke12
movl 0 -61.0669 399.4927 181.0101 172.6878 3.4627 49.0134 100.0000 stroke12
movl 0 -58.7533 399.3533 182.1391 173.2977 3.8001 49.1881 100.0000 stroke12
movl 0 -56.2083 398.7693 183.7704 173.9372 4.0073 49.1810 100.0000 stroke12
movl 0 -52.8484 398.8553 185.6105 174.5938 4.4079 48.8917 100.0000 stroke12
movl 0 -52.3405 398.6412 186.0563 174.8228 4.5082 48.9983 100.0000 stroke12
movl 0 -51.3912 397.8457 186.8766 175.4355 4.7431 49.3710 100.0000 stroke12
movl 0 -37.4883 388.4277 198.9870 -177.5170 5.6831 52.0487 100.0000 stroke12
movl 0 -17.6597 371.0518 234.5048 -166.9165 3.9046 56.2558 100.0000 stroke12
