movl 0 -42.4186 378.4694 168.3655 178.3135 32.4583 -37.8763 100.0000 stroke1
movl 0 -50.3182 378.6256 169.0518 176.6093 30.7077 -40.8195 100.0000 stroke1
movl 0 -52.2168 379.4138 168.3024 176.2153 29.9239 -40.8278 100.0000 stroke1
movl 0 -54.4298 380.2015 167.5026 176.0794 29.6334 -40.0694 100.0000 stroke1
movl 0 -54.5903 381.2905 166.8960 175.7151 29.3757 -40.4266 100.0000 stroke1
movl 0 -54.5030 381.4615 166.6203 175.8551 29.3850 -40.5156 100.0000 stroke1
movl 0 -54.5578 381.1797 166.6399 175.9478 29.4130 -40.5353 100.0000 stroke1
movl 0 -54.1487 380.7631 166.7749 176.0355 29.5959 -40.5697 100.0000 stroke1
movl 0 -53.3312 380.5058 167.0723 176.1542 29.7341 -40.8754 100.0000 stroke1
movl 0 -53.3115 380.9156 167.1826 176.0005 29.6672 -41.4100 100.0000 stroke1
movl 0 -53.7778 381.2919 166.8437 175.5552 29.5242 -41.6996 100.0000 stroke1
movl 0 -53.7917 382.0578 166.3541 174.7298 29.4255 -42.1658 100.0000 stroke1
movl 0 -54.3338 382.7419 166.0321 174.6258 28.9439 -42.5918 100.0000 stroke1
movl 0 -55.9069 383.2673 166.0474 174.9210 28.0332 -43.0434 100.0000 stroke1
movl 0 -57.5467 383.4624 166.2770 175.5594 27.1011 -43.0980 100.0000 stroke1
movl 0 -58.9109 383.5423 166.7216 176.1359 26.0091 -42.9606 100.0000 stroke1
movl 0 -61.4706 382.4049 167.2121 177.5369 25.5826 -42.3136 100.0000 stroke1
movl 0 -62.4261 382.0609 167.2451 178.2384 25.3851 -42.2403 100.0000 stroke1
movl 0 -62.5454 382.0258 167.2818 178.4984 25.2056 -42.4728 100.0000 stroke1
movl 0 -62.2167 382.1559 167.2541 178.5874 24.9656 -43.1361 100.0000 stroke1
movl 0 -62.1547 382.2904 167.2563 178.6668 24.8141 -43.4641 100.0000 stroke1
movl 0 -61.7109 382.3099 167.2895 178.7717 24.7747 -43.7596 100.0000 stroke1
movl 0 -61.3798 382.2032 167.3782 178.9594 24.7048 -44.1130 100.0000 stroke1
movl 0 -61.0973 382.3872 167.3895 179.2225 24.4959 -44.5910 100.0000 stroke1
movl 0 -60.3740 382.8838 167.3018 179.3279 24.2536 -45.3363 100.0000 stroke1
movl 0 -59.2810 383.4503 167.0525 179.5704 23.8676 -46.6376 100.0000 stroke1
movl 0 -57.5752 384.2907 166.9041 179.3482 23.7483 -47.7813 100.0000 stroke1
movl 0 -56.2258 381.3583 167.7556 179.7221 25.4651 -46.5521 100.0000 stroke1
movl 0 -54.8277 380.3583 167.9605 179.8657 26.3555 -46.0660 100.0000 stroke1
movl 0 -54.0559 379.5060 168.1485 -179.9982 27.0483 -45.7851 100.0000 stroke1
movl 0 -53.4067 379.8594 168.0102 179.7184 27.1927 -45.6665 100.0000 stroke1
movl 0 -53.0811 381.3668 168.4579 178.4651 25.5642 -46.8245 100.0000 stroke1
movl 0 -52.6833 382.5622 168.6400 177.6265 24.4140 -47.7570 100.0000 stroke1
movl 0 -52.5126 381.9104 168.7615 176.7828 26.0341 -45.4843 100.0000 stroke1
movl 0 -37.2422 375.7591 171.0891 176.5389 33.9804 -44.2222 100.0000 stroke1
movl 0 -24.5171 368.1984 196.5935 -171.9449 44.1471 -28.4757 100.0000 stroke1
movl 0 -40.4582 383.1687 247.6129 159.6156 36.7852 -59.2382 100.0000 stroke2
movl 0 -36.8267 377.5211 191.6696 159.4470 31.0175 -62.4525 100.0000 stroke2
movl 0 -38.8412 372.3223 172.0503 161.6810 30.7535 -60.0856 100.0000 stroke2
movl 0 -44.4545 369.5757 168.5130 164.5868 29.7320 -58.1645 100.0000 stroke2
movl 0 -49.8516 369.8566 167.6524 166.7937 28.7213 -56.4456 100.0000 stroke2
movl 0 -49.7798 371.4994 167.0244 166.5478 28.0882 -57.1349 100.0000 stroke2
movl 0 -53.7970 373.6466 166.1050 166.9468 26.3440 -56.8843 100.0000 stroke2
movl 0 -58.2012 379.5083 165.8306 163.9927 20.0805 -60.1085 100.0000 stroke2
movl 0 -58.1465 377.7333 166.3092 164.0614 20.5837 -61.1862 100.0000 stroke2
movl 0 -57.6191 377.7390 166.5966 164.4139 20.1882 -62.2447 100.0000 stroke2
movl 0 -58.5834 377.6050 167.0705 164.4165 19.2053 -62.8204 100.0000 stroke2
movl 0 -57.9637 376.3608 166.8694 165.6968 21.0457 -62.5699 100.0000 stroke2
movl 0 -57.4493 376.3346 166.7776 166.2864 21.6018 -62.4073 100.0000 stroke2
movl 0 -55.4923 376.0774 166.9599 166.4625 22.4894 -62.5831 100.0000 stroke2
movl 0 -46.4400 369.1814 170.2837 167.1911 28.5064 -59.7697 100.0000 stroke2
movl 0 -34.6230 355.7504 191.7255 178.0386 42.5350 -45.2061 100.0000 stroke2
movl 0 -26.5544 394.3837 198.6622 172.0086 35.3590 -39.4230 100.0000 stroke3
movl 0 -22.3973 386.8961 173.7999 173.5897 34.0237 -39.0681 100.0000 stroke3
movl 0 -21.5525 386.5139 167.7974 173.2777 32.3787 -39.8240 100.0000 stroke3
movl 0 -23.8333 386.5304 166.9655 173.6475 30.8426 -39.9098 100.0000 stroke3
movl 0 -25.5108 387.1398 166.7200 173.8075 30.2936 -39.2842 100.0000 stroke3
movl 0 -28.5430 390.1094 166.3003 172.8256 28.2909 -40.1996 100.0000 stroke3
movl 0 -32.4725 394.4672 166.6782 170.5718 24.2678 -43.6763 100.0000 stroke3
movl 0 -32.1218 396.9106 166.5021 168.5962 22.0490 -46.9592 100.0000 stroke3
movl 0 -32.8286 397.5916 166.6925 167.3143 21.4895 -47.6832 100.0000 stroke3
movl 0 -32.6262 397.3514 167.2143 165.8303 21.0724 -48.3661 100.0000 stroke3
movl 0 -29.6712 393.4755 168.7512 163.9958 23.7085 -48.3147 100.0000 stroke3
movl 0 -21.6763 387.0679 176.3341 160.6990 30.6226 -52.6673 100.0000 stroke3
movl 0 -26.9742 375.2481 224.1287 165.0210 41.9106 -50.3324 100.0000 stroke3
movl 0 -50.9503 373.5572 226.2058 157.7503 34.3417 -62.2932 100.0000 stroke4
movl 0 -50.2303 368.8462 184.8426 157.8505 28.4448 -64.2152 100.0000 stroke4
movl 0 -51.7337 366.2830 171.5885 159.1010 26.1073 -64.2266 100.0000 stroke4
movl 0 -58.8986 365.0503 170.9494 160.4922 23.3037 -64.9373 100.0000 stroke4
movl 0 -64.3174 362.9732 170.6462 161.7254 23.1808 -63.5767 100.0000 stroke4
movl 0 -67.0152 364.3281 169.5400 161.7642 22.3618 -62.7301 100.0000 stroke4
movl 0 -69.5017 364.4043 168.8673 162.8094 21.6573 -62.6401 100.0000 stroke4
movl 0 -74.2866 363.5010 169.4210 164.9555 20.3998 -63.0253 100.0000 stroke4
movl 0 -75.4717 363.7968 169.9308 165.7070 19.3205 -63.4432 100.0000 stroke4
movl 0 -76.6258 362.8821 170.1776 166.6253 19.3128 -63.1286 100.0000 stroke4
movl 0 -77.4803 361.9872 170.2571 167.5456 19.4001 -63.1890 100.0000 stroke4
movl 0 -76.9487 362.2129 170.4309 167.8590 19.2826 -63.8214 100.0000 stroke4
movl 0 -75.6896 362.6863 170.5616 167.9837 19.1771 -64.4750 100.0000 stroke4
movl 0 -74.8865 362.8732 170.9069 168.4678 18.9748 -65.0897 100.0000 stroke4
movl 0 -73.5382 363.6563 170.8074 168.7423 18.6679 -65.7793 100.0000 stroke4
movl 0 -71.4725 364.2440 171.1539 168.8152 18.4031 -66.7102 100.0000 stroke4
movl 0 -69.1265 365.0715 171.4408 168.9034 18.1763 -67.7533 100.0000 stroke4
movl 0 -66.7153 366.0289 171.6367 168.9220 17.9423 -69.4693 100.0000 stroke4
movl 0 -63.8567 367.2362 171.8539 169.0801 17.5670 -70.9883 100.0000 stroke4
movl 0 -60.9208 368.6787 171.9993 169.1158 17.0793 -72.6916 100.0000 stroke4
movl 0 -58.4662 370.1305 172.1322 169.4415 16.6369 -74.4085 100.0000 stroke4
movl 0 -56.4053 371.8156 172.0405 169.8728 16.0429 -76.3030 100.0000 stroke4
movl 0 -54.6719 371.2474 172.2048 169.3209 16.4595 -76.5895 100.0000 stroke4
movl 0 -52.0674 369.4764 172.8979 168.3351 17.8656 -76.3298 100.0000 stroke4
movl 0 -51.3750 368.7301 173.2845 168.1446 18.3805 -76.3305 100.0000 stroke4
movl 0 -50.8358 368.0677 173.5475 167.9729 18.7816 -76.3041 100.0000 stroke4
movl 0 -51.0344 368.0442 173.5982 168.0835 18.4410 -76.2028 100.0000 stroke4
movl 0 -51.4779 370.1279 174.0843 168.0773 16.2031 -76.9341 100.0000 stroke4
movl 0 -51.1188 370.8110 173.9955 167.8048 15.5584 -77.3546 100.0000 stroke4
movl 0 -51.7263 370.3271 173.6859 167.1715 16.0351 -76.2293 100.0000 stroke4
movl 0 -48.6550 369.1241 173.9002 165.3488 17.4573 -75.4060 100.0000 stroke4
movl 0 -40.3552 365.0524 175.8338 162.1791 22.5688 -74.5221 100.0000 stroke4
movl 0 -37.3960 362.6609 192.8328 160.4465 26.9938 -72.0392 100.0000 stroke4
movl 0 -49.4311 390.3859 209.1905 -171.2203 38.0996 -26.6983 100.0000 stroke5
movl 0 -43.1772 387.5425 180.4940 -173.3260 35.9239 -28.5950 100.0000 stroke5
movl 0 -40.9064 387.3687 163.1511 -172.3471 34.8965 -27.6537 100.0000 stroke5
movl 0 -39.1177 390.6393 161.6838 -174.3045 34.6656 -28.6774 100.0000 stroke5
movl 0 -40.4223 391.9082 161.2225 -174.5988 33.8984 -28.5307 100.0000 stroke5
movl 0 -41.9779 394.1582 160.1919 -174.3599 33.0009 -27.4717 100.0000 stroke5
movl 0 -45.2402 397.3829 159.8709 -176.6087 30.5102 -30.0040 100.0000 stroke5
movl 0 -44.6032 400.9528 160.1734 179.3695 28.5651 -35.5112 100.0000 stroke5
movl 0 -45.5810 401.4959 160.4057 176.9500 28.3728 -37.3975 100.0000 stroke5
movl 0 -43.9001 402.5937 160.8480 174.3536 27.5855 -41.3683 100.0000 stroke5
movl 0 -44.7200 402.5350 161.6373 172.4735 26.6157 -44.0077 100.0000 stroke5
movl 0 -44.6613 402.5205 162.5247 170.5910 25.5971 -46.6886 100.0000 stroke5
movl 0 -44.0970 403.1139 162.9790 168.7222 24.4606 -49.0827 100.0000 stroke5
movl 0 -44.2065 403.2581 163.6477 167.2639 23.4129 -51.2198 100.0000 stroke5
movl 0 -44.0639 403.5820 164.2276 165.7169 22.1540 -53.4273 100.0000 stroke5
movl 0 -44.2084 403.6903 164.8707 164.3093 20.6253 -55.8232 100.0000 stroke5
movl 0 -44.1478 404.1549 165.3047 162.9201 19.0304 -58.2874 100.0000 stroke5
movl 0 -43.9211 404.3963 165.8200 161.5992 17.4696 -60.3473 100.0000 stroke5
movl 0 -44.0153 404.6326 166.3556 160.5533 16.0377 -61.7919 100.0000 stroke5
movl 0 -44.5369 405.0339 166.9478 159.6070 14.3179 -63.4412 100.0000 stroke5
movl 0 -44.5532 405.6564 167.2849 158.6009 12.4882 -65.5755 100.0000 stroke5
movl 0 -44.6365 406.2258 167.5407 157.6918 10.5563 -67.7661 100.0000 stroke5
movl 0 -44.8131 406.4057 167.8095 156.9436 8.4112 -70.1683 100.0000 stroke5
movl 0 -44.9923 407.4279 167.9296 156.2274 5.9161 -72.2719 100.0000 stroke5
movl 0 -45.3800 408.1310 168.0961 155.9089 4.0273 -73.7338 100.0000 stroke5
movl 0 -45.9710 408.6091 168.2674 155.8493 2.4449 -74.8177 100.0000 stroke5
movl 0 -46.7817 409.1842 168.3761 155.9320 0.8976 -75.6034 100.0000 stroke5
movl 0 -47.3986 409.7237 168.4710 155.8107 -0.6821 -76.2658 100.0000 stroke5
movl 0 -48.1154 409.8129 168.5575 155.8471 -1.9207 -76.9466 100.0000 stroke5
movl 0 -48.8811 410.2987 168.4980 155.8488 -3.4054 -77.3319 100.0000 stroke5
movl 0 -49.8843 410.8011 168.4878 155.9405 -4.9537 -77.7480 100.0000 stroke5
movl 0 -51.1241 411.6291 168.2969 156.1337 -6.6463 -78.0881 100.0000 stroke5
movl 0 -52.4796 412.6846 168.0028 156.3780 -8.5675 -78.4100 100.0000 stroke5
movl 0 -53.6249 413.1288 167.7008 156.5543 -10.0044 -78.5124 100.0000 stroke5
movl 0 -55.1092 413.5724 167.4226 156.7394 -11.0052 -78.0813 100.0000 stroke5
movl 0 -57.0162 413.8768 167.0954 156.8686 -11.9084 -77.0824 100.0000 stroke5
movl 0 -59.2449 414.0381 166.8838 156.8465 -12.6026 -75.4190 100.0000 stroke5
movl 0 -60.2132 413.3338 167.1080 156.4746 -12.4762 -74.0561 100.0000 stroke5
movl 0 -57.4775 412.3671 167.7651 155.9043 -11.2211 -73.7930 100.0000 stroke5
movl 0 -54.3230 411.9232 168.2674 155.6189 -10.2495 -74.0588 100.0000 stroke5
movl 0 -54.9722 411.9164 168.2472 155.5842 -10.5364 -73.5531 100.0000 stroke5
movl 0 -55.4420 411.4993 168.5273 155.5992 -10.4457 -73.0001 100.0000 stroke5
movl 0 -54.8601 411.5686 168.5255 155.4833 -10.3886 -72.9147 100.0000 stroke5
movl 0 -53.1161 409.8296 169.3112 155.2118 -8.7032 -73.0114 100.0000 stroke5
movl 0 -51.5265 408.3415 169.9939 154.9690 -7.1348 -72.9072 100.0000 stroke5
movl 0 -45.3772 404.7347 174.0059 153.6133 -3.0965 -72.8037 100.0000 stroke5
movl 0 -36.6100 392.0824 201.9006 150.9491 8.1891 -72.4531 100.0000 stroke5
movl 0 -54.8990 321.7592 237.6909 170.7053 44.4501 -57.8904 100.0000 stroke6
movl 0 -57.2799 310.9251 182.5101 170.9823 34.9198 -59.7817 100.0000 stroke6
movl 0 -56.0947 305.5319 173.1651 172.6652 31.4090 -60.3109 100.0000 stroke6
movl 0 -55.0710 308.3330 170.5013 172.3319 29.1960 -61.4841 100.0000 stroke6
movl 0 -56.5995 310.5857 169.5823 171.8086 27.4887 -61.5735 100.0000 stroke6
movl 0 -57.1172 311.9016 168.7566 171.9129 26.9889 -61.5281 100.0000 stroke6
movl 0 -57.7942 312.9583 168.0522 171.8778 26.7324 -61.6546 100.0000 stroke6
movl 0 -57.7203 312.7829 167.5644 172.2632 27.4002 -61.6784 100.0000 stroke6
movl 0 -59.0493 315.7354 166.6667 171.3765 25.6934 -62.0830 100.0000 stroke6
movl 0 -58.8188 318.2501 166.1507 169.6393 24.0096 -62.6397 100.0000 stroke6
movl 0 -57.8491 318.9346 166.0436 168.7427 23.8971 -62.5437 100.0000 stroke6
movl 0 -57.2346 318.9260 166.0333 168.1823 24.2181 -62.3801 100.0000 stroke6
movl 0 -56.4445 318.8494 166.0733 167.6020 24.7468 -62.4885 100.0000 stroke6
movl 0 -51.2681 314.8204 167.2171 167.1305 29.0363 -64.0720 100.0000 stroke6
movl 0 -47.5238 310.7167 180.3094 169.1835 37.4623 -62.5404 100.0000 stroke6
movl 0 -41.1421 390.9561 191.4633 145.9318 12.8727 -84.8074 100.0000 stroke7
movl 0 -37.8259 378.6702 176.2217 149.4723 11.4358 -86.1225 100.0000 stroke7
movl 0 -35.3146 374.0782 172.6576 151.1246 10.3387 -87.2069 100.0000 stroke7
movl 0 -37.6637 371.5308 172.7437 152.8517 11.6666 -87.9475 100.0000 stroke7
movl 0 -38.8868 373.0582 171.9554 153.5412 11.2040 -88.0761 100.0000 stroke7
movl 0 -42.8614 374.7922 171.0044 154.8772 10.5461 -87.9822 100.0000 stroke7
movl 0 -45.0718 377.0174 170.1509 155.3492 8.4297 -88.1415 100.0000 stroke7
movl 0 -46.6819 377.3262 169.9849 155.4889 7.4794 -87.8795 100.0000 stroke7
movl 0 -47.8951 377.7626 169.7992 155.4222 6.7422 -87.2297 100.0000 stroke7
movl 0 -48.6529 377.8765 169.7634 155.1390 6.2074 -86.7043 100.0000 stroke7
movl 0 -49.6851 378.0055 169.6309 154.8859 5.6327 -86.0672 100.0000 stroke7
movl 0 -51.3695 377.5919 169.6502 154.7895 5.3129 -85.1625 100.0000 stroke7
movl 0 -52.7953 376.6488 169.7264 154.4630 5.2918 -84.2803 100.0000 stroke7
movl 0 -53.8245 375.8185 169.9066 154.1219 5.3430 -83.8542 100.0000 stroke7
movl 0 -53.2523 374.4065 170.6763 152.6164 6.2046 -83.5525 100.0000 stroke7
movl 0 -48.9010 372.9777 187.2818 146.9006 10.3479 -85.2934 100.0000 stroke7
movl 0 -28.7940 410.5327 206.6690 142.3528 -5.9406 -101.3015 100.0000 stroke8
movl 0 -19.8323 402.0524 177.0259 146.7815 -9.2163 -105.5109 100.0000 stroke8
movl 0 -19.3459 399.0920 170.9647 149.2662 -10.4432 -107.9006 100.0000 stroke8
movl 0 -22.5210 398.8950 169.6793 150.0663 -9.8502 -108.5969 100.0000 stroke8
movl 0 -24.5840 400.5425 168.6564 151.1978 -10.7621 -109.3183 100.0000 stroke8
movl 0 -29.2906 401.0912 168.5703 153.6787 -11.2025 -111.3108 100.0000 stroke8
movl 0 -33.5916 401.9486 169.3017 157.2529 -11.8781 -114.5377 100.0000 stroke8
movl 0 -37.5280 402.7744 170.0123 160.2094 -12.2213 -117.0539 100.0000 stroke8
movl 0 -39.1029 404.0185 170.5509 162.5520 -12.6481 -119.2269 100.0000 stroke8
movl 0 -38.5560 404.0082 170.7863 162.8224 -12.5399 -120.1296 100.0000 stroke8
movl 0 -39.7839 403.0408 171.8661 163.9213 -13.2240 -120.1202 100.0000 stroke8
movl 0 -37.7763 402.8090 172.2099 163.4657 -13.3747 -120.2925 100.0000 stroke8
movl 0 -36.7511 400.7508 173.1361 163.0442 -13.2598 -119.9507 100.0000 stroke8
movl 0 -37.3742 400.7473 173.0284 163.2567 -13.3623 -119.6712 100.0000 stroke8
movl 0 -35.7413 399.3572 173.0530 161.6102 -12.6933 -118.7839 100.0000 stroke8
movl 0 -27.4197 390.7886 174.9588 153.8128 -7.0209 -114.2764 100.0000 stroke8
movl 0 -21.5378 382.5803 199.7523 146.6901 4.7127 -108.7384 100.0000 stroke8
movl 0 -12.6098 371.9982 220.8238 155.2941 28.3448 -78.9003 100.0000 stroke9
movl 0 -13.4002 360.5307 185.8439 157.2187 26.3028 -81.1236 100.0000 stroke9
movl 0 -16.0815 353.7847 171.3486 159.9444 26.6016 -80.2229 100.0000 stroke9
movl 0 -18.8468 354.7039 169.2829 160.7460 26.1619 -79.3465 100.0000 stroke9
movl 0 -23.7015 354.8622 168.3111 162.9076 26.7575 -76.2474 100.0000 stroke9
movl 0 -24.5391 356.3522 167.5828 163.5021 26.4326 -74.7794 100.0000 stroke9
movl 0 -26.7814 357.7713 167.0828 164.1054 25.2978 -74.9877 100.0000 stroke9
movl 0 -30.2032 359.0132 167.5318 165.7153 23.2228 -75.8619 100.0000 stroke9
movl 0 -32.6304 358.9801 167.9731 166.9184 22.3719 -75.9283 100.0000 stroke9
movl 0 -35.1344 358.3651 167.9897 168.1080 22.6137 -75.6049 100.0000 stroke9
movl 0 -35.0140 358.9738 167.8993 168.4088 22.3977 -75.9861 100.0000 stroke9
movl 0 -34.2336 359.7628 167.9352 168.5584 22.0144 -76.8029 100.0000 stroke9
movl 0 -32.6655 360.7060 168.0814 168.5566 21.6039 -78.0457 100.0000 stroke9
movl 0 -29.2775 362.0101 168.3562 168.1906 21.2330 -80.0028 100.0000 stroke9
movl 0 -24.0100 364.0438 168.4932 167.7581 20.8236 -82.7638 100.0000 stroke9
movl 0 -19.6744 366.1112 168.2614 166.9285 20.4761 -84.4881 100.0000 stroke9
movl 0 -13.9166 365.1106 168.5995 164.3581 21.4621 -84.8559 100.0000 stroke9
movl 0 -8.7619 367.1824 168.0436 162.3763 20.9029 -85.8345 100.0000 stroke9
movl 0 -6.3634 368.1339 167.6330 161.3068 20.6586 -86.2806 100.0000 stroke9
movl 0 -5.3036 369.0304 167.3411 160.7862 20.2765 -86.3761 100.0000 stroke9
movl 0 -4.3578 371.2343 166.8600 160.4519 19.0734 -86.9155 100.0000 stroke9
movl 0 -3.2366 374.2976 166.5365 159.9990 16.7433 -88.1055 100.0000 stroke9
movl 0 0.6604 378.2782 165.7498 158.8132 13.4162 -91.1253 100.0000 stroke9
movl 0 5.2067 382.7305 164.0928 156.5009 10.3359 -93.5059 100.0000 stroke9
movl 0 6.3155 383.8336 164.2710 155.2722 7.4973 -96.3281 100.0000 stroke9
movl 0 7.0300 384.9002 164.7688 154.6713 4.3004 -99.3758 100.0000 stroke9
movl 0 7.1853 386.3932 165.2661 154.5423 0.6712 -102.2101 100.0000 stroke9
movl 0 6.8295 387.9183 165.9980 154.7524 -2.8470 -104.7643 100.0000 stroke9
movl 0 6.2406 390.0074 166.1877 155.4366 -6.6401 -107.1855 100.0000 stroke9
movl 0 4.5132 392.9340 166.1017 157.0328 -10.9994 -109.7672 100.0000 stroke9
movl 0 3.1012 395.3212 165.6640 158.2738 -14.0698 -111.2446 100.0000 stroke9
movl 0 1.5040 397.0603 165.3116 159.1906 -16.3742 -111.8974 100.0000 stroke9
movl 0 -0.1585 397.7656 165.0563 159.4313 -17.4804 -111.1201 100.0000 stroke9
movl 0 -1.5372 397.5210 165.2047 159.3481 -17.4425 -110.0064 100.0000 stroke9
movl 0 1.2619 394.9304 166.3068 158.1497 -15.6442 -109.5338 100.0000 stroke9
movl 0 2.3484 393.5942 166.9158 157.9321 -15.0142 -109.5496 100.0000 stroke9
movl 0 2.2700 393.2296 167.1592 158.0986 -15.0358 -109.6570 100.0000 stroke9
movl 0 2.5011 393.3924 167.1138 158.1826 -15.4521 -109.7250 100.0000 stroke9
movl 0 2.2784 393.2900 167.1443 158.2981 -15.7792 -109.5140 100.0000 stroke9
movl 0 2.6848 391.8647 167.5788 157.8705 -15.0972 -109.2926 100.0000 stroke9
movl 0 3.6950 387.4779 168.9041 156.5257 -11.9935 -108.7019 100.0000 stroke9
movl 0 6.0363 381.3394 170.1716 154.3445 -7.7547 -107.7650 100.0000 stroke9
movl 0 5.6932 375.1893 171.8918 153.7682 -4.2058 -107.6577 100.0000 stroke9
movl 0 2.3113 374.4242 171.6927 154.6890 -3.6244 -107.5811 100.0000 stroke9
movl 0 0.9405 377.9134 169.7831 155.0728 -5.7683 -106.4894 100.0000 stroke9
movl 0 0.7881 380.3613 168.0403 154.8960 -7.0377 -105.1070 100.0000 stroke9
movl 0 0.6279 381.0946 166.9146 154.2764 -6.7397 -102.6541 100.0000 stroke9
movl 0 0.6020 380.5015 166.3308 153.3713 -4.9078 -99.0983 100.0000 stroke9
movl 0 0.8179 380.4321 166.0749 152.8723 -3.9739 -97.4016 100.0000 stroke9
movl 0 0.6173 379.9251 166.2194 152.5568 -3.3865 -97.0247 100.0000 stroke9
movl 0 1.6171 378.9644 166.4112 151.8268 -2.7061 -96.9676 100.0000 stroke9
movl 0 2.6410 378.0694 166.7136 151.3266 -2.1844 -97.4031 100.0000 stroke9
movl 0 3.8297 377.2362 167.0229 150.8416 -1.8262 -97.9262 100.0000 stroke9
movl 0 8.3320 372.8386 168.7454 148.8899 0.3062 -99.0646 100.0000 stroke9
movl 0 15.7808 360.6775 171.9094 144.9039 9.2455 -100.1787 100.0000 stroke9
movl 0 16.4197 351.0768 194.4260 143.3832 23.7838 -97.4887 100.0000 stroke9
movl 0 -15.0210 404.7428 215.6421 159.9000 27.8947 -62.6865 100.0000 stroke10
movl 0 -3.1514 396.0383 180.2761 158.9013 25.9516 -64.7227 100.0000 stroke10
movl 0 -2.8615 394.0752 168.3747 161.8107 25.0164 -64.1834 100.0000 stroke10
movl 0 -0.6828 395.9152 168.0647 160.0202 24.2040 -65.3710 100.0000 stroke10
movl 0 -3.6018 395.9801 167.7050 161.0735 23.7729 -64.9421 100.0000 stroke10
movl 0 -10.4550 399.3149 167.4286 162.1066 20.3120 -66.3832 100.0000 stroke10
movl 0 -12.9432 403.1412 167.4627 161.7468 16.1362 -69.7735 100.0000 stroke10
movl 0 -11.6379 404.9682 167.2202 160.6017 13.6086 -73.6453 100.0000 stroke10
movl 0 -13.3936 405.1677 167.9017 159.9223 11.5705 -75.9550 100.0000 stroke10
movl 0 -12.9721 405.6213 168.6313 158.6325 9.2412 -78.8283 100.0000 stroke10
movl 0 -13.0254 406.4156 168.9197 157.8909 6.9579 -81.0366 100.0000 stroke10
movl 0 -13.0353 406.6368 169.1403 157.3981 5.1471 -82.8716 100.0000 stroke10
movl 0 -13.2757 406.3525 169.4860 157.1160 3.8080 -84.0797 100.0000 stroke10
movl 0 -13.8845 405.9925 169.6541 157.0397 2.5573 -84.9753 100.0000 stroke10
movl 0 -14.5950 405.4508 169.7591 157.0030 1.6776 -85.4061 100.0000 stroke10
movl 0 -16.0431 404.9465 170.0085 157.2788 0.6579 -85.5962 100.0000 stroke10
movl 0 -17.1423 404.3460 170.1253 157.2290 -0.3108 -85.6823 100.0000 stroke10
movl 0 -18.5058 403.6860 170.2949 157.3812 -1.1579 -85.6144 100.0000 stroke10
movl 0 -20.0878 402.9394 170.5324 157.5575 -2.1578 -85.7428 100.0000 stroke10
movl 0 -21.5221 401.8775 170.7948 157.6584 -2.8860 -85.5577 100.0000 stroke10
movl 0 -23.0126 401.2392 171.0181 157.7825 -3.5610 -85.3964 100.0000 stroke10
movl 0 -24.9081 400.5657 171.2542 157.9907 -4.1878 -85.0373 100.0000 stroke10
movl 0 -26.5045 400.2830 171.3057 158.1500 -4.7625 -84.7061 100.0000 stroke10
movl 0 -28.7511 399.6135 171.3025 158.3163 -5.1367 -83.8745 100.0000 stroke10
movl 0 -29.8480 398.8507 171.4725 158.1387 -5.2890 -83.2362 100.0000 stroke10
movl 0 -31.2627 397.8856 171.7609 158.1178 -5.2962 -82.5934 100.0000 stroke10
movl 0 -32.0095 397.1295 172.0424 157.8798 -5.2799 -82.1014 100.0000 stroke10
movl 0 -32.2002 396.5072 172.3046 157.6093 -5.1793 -81.8448 100.0000 stroke10
movl 0 -32.3859 396.1461 172.4880 157.3699 -5.1699 -81.6725 100.0000 stroke10
movl 0 -32.5846 395.9868 172.5768 157.2671 -5.1863 -81.5683 100.0000 stroke10
movl 0 -32.8965 395.7626 172.6877 157.1098 -5.1627 -81.4149 100.0000 stroke10
movl 0 -32.8585 395.4510 173.0070 156.8527 -5.0899 -81.3166 100.0000 stroke10
movl 0 -32.8406 395.1473 173.4206 156.6529 -4.9218 -81.2422 100.0000 stroke10
movl 0 -33.1008 394.9081 173.7034 156.5430 -4.8955 -81.1973 100.0000 stroke10
movl 0 -32.6850 394.7871 174.0422 156.3520 -4.8355 -81.2478 100.0000 stroke10
movl 0 -32.3974 394.4335 174.6758 156.1175 -4.6048 -81.2677 100.0000 stroke10
movl 0 -32.6085 394.0641 175.0314 156.0649 -4.5092 -81.2793 100.0000 stroke10
movl 0 -31.4041 393.3568 175.9254 155.5954 -4.1169 -81.2907 100.0000 stroke10
movl 0 -29.4809 392.6367 177.1421 154.9180 -3.6079 -81.2748 100.0000 stroke10
movl 0 -22.5650 393.0554 181.4251 153.3544 -2.4920 -81.9349 100.0000 stroke10
movl 0 -17.4120 389.1610 219.6101 152.1998 2.4457 -82.2522 100.0000 stroke10
