movl 0 0.8207 416.4440 166.3925 169.6780 32.3740 -38.6942 100.0000 stroke1
movl 0 1.3025 416.7125 166.1159 169.3473 32.4264 -39.0390 100.0000 stroke1
movl 0 1.2286 416.7470 166.2221 169.2796 32.3558 -39.1877 100.0000 stroke1
movl 0 0.7151 414.8335 166.8027 169.8228 32.7962 -39.1340 100.0000 stroke1
movl 0 -0.8998 412.7731 167.4016 172.1541 33.0733 -36.8612 100.0000 stroke1
movl 0 -0.5910 413.8497 167.0039 172.4151 32.8610 -36.3354 100.0000 stroke1
movl 0 -1.6831 415.8690 166.8570 171.5472 31.5692 -36.4055 100.0000 stroke1
movl 0 -3.5958 418.2645 166.1525 171.2054 29.8153 -36.2018 100.0000 stroke1
movl 0 -6.2013 422.8860 165.5517 168.8621 26.5235 -38.5462 100.0000 stroke1
movl 0 -7.7622 426.8465 164.8448 166.8706 23.5971 -41.0837 100.0000 stroke1
movl 0 -8.3533 429.7647 164.3564 165.0875 20.9363 -44.3897 100.0000 stroke1
movl 0 -8.8959 430.6663 164.2037 164.1376 19.7321 -46.1349 100.0000 stroke1
movl 0 -10.1468 430.2727 164.5599 163.4371 19.3357 -46.6301 100.0000 stroke1
movl 0 -11.9175 429.3601 165.1583 163.0362 19.0623 -46.8125 100.0000 stroke1
movl 0 -14.0291 428.5135 165.5483 162.6345 18.7640 -46.8654 100.0000 stroke1
movl 0 -17.2031 427.2520 165.9446 162.4233 18.5289 -46.2569 100.0000 stroke1
movl 0 -20.5757 425.8844 166.2855 162.3907 18.4785 -45.4822 100.0000 stroke1
movl 0 -23.6734 424.5366 166.7006 162.3294 18.5520 -44.9373 100.0000 stroke1
movl 0 -25.8449 423.5742 167.0835 162.2653 18.7508 -44.6991 100.0000 stroke1
movl 0 -28.0338 421.9783 168.2274 162.3523 19.5766 -44.1414 100.0000 stroke1
movl 0 -32.9862 416.2419 176.8502 163.2414 23.1224 -42.9732 100.0000 stroke1
movl 0 -45.8084 410.9008 214.1767 162.9853 28.7761 -42.3972 100.0000 stroke1
movl 0 -31.6989 396.5846 220.6788 158.2090 28.3367 -64.5687 100.0000 stroke2
movl 0 -25.0784 388.1915 174.4206 158.9888 22.1160 -69.3755 100.0000 stroke2
movl 0 -26.8088 385.3498 178.3572 162.3747 21.7241 -70.4625 100.0000 stroke2
movl 0 -26.6129 388.2045 174.6778 162.2291 19.4150 -72.1001 100.0000 stroke2
movl 0 -29.4848 390.1981 173.5008 162.7419 18.3822 -71.2711 100.0000 stroke2
movl 0 -32.2208 390.4548 172.8940 163.9726 18.0768 -70.8455 100.0000 stroke2
movl 0 -37.5481 390.4433 172.9063 166.5435 17.1035 -71.1060 100.0000 stroke2
movl 0 -42.3827 390.2592 172.8890 169.2078 16.1047 -72.1272 100.0000 stroke2
movl 0 -45.6812 391.5917 172.3923 171.1179 14.8695 -74.0138 100.0000 stroke2
movl 0 -44.5965 391.5532 172.3698 170.9960 14.9457 -74.3212 100.0000 stroke2
movl 0 -41.1000 389.3248 172.9109 170.1591 16.7494 -74.1199 100.0000 stroke2
movl 0 -39.2968 388.8645 173.2082 169.6309 17.1465 -74.0882 100.0000 stroke2
movl 0 -38.7759 389.4787 173.3293 169.4625 16.7038 -73.5990 100.0000 stroke2
movl 0 -38.4570 392.3399 173.6897 168.5172 14.3623 -73.4149 100.0000 stroke2
movl 0 -38.6350 392.8121 173.6733 168.4868 14.1189 -73.1581 100.0000 stroke2
movl 0 -37.4592 391.5391 173.8671 167.3880 15.4927 -71.7312 100.0000 stroke2
movl 0 -28.5465 381.8566 194.4379 163.1334 25.1619 -67.6909 100.0000 stroke2
movl 0 -21.9233 389.8803 188.2174 161.4240 23.9158 -60.9121 100.0000 stroke3
movl 0 -27.1729 385.9748 176.9928 162.7598 20.8592 -63.4571 100.0000 stroke3
movl 0 -35.0531 385.8339 174.7303 163.8606 19.0055 -63.3095 100.0000 stroke3
movl 0 -39.1092 383.7199 174.2270 164.7177 19.3034 -63.2300 100.0000 stroke3
movl 0 -44.5374 384.0452 173.0648 166.2306 17.9375 -63.6287 100.0000 stroke3
movl 0 -48.2850 386.6486 172.7114 166.4808 14.7051 -64.8853 100.0000 stroke3
movl 0 -50.1081 387.8684 172.8136 166.4340 13.0365 -66.2309 100.0000 stroke3
movl 0 -51.8404 387.8302 172.8693 166.6719 12.3252 -66.3504 100.0000 stroke3
movl 0 -53.2891 386.0055 172.9754 168.1269 13.3433 -66.0559 100.0000 stroke3
movl 0 -52.7193 386.8566 172.7101 168.4976 13.3156 -67.2426 100.0000 stroke3
movl 0 -49.7491 388.1915 172.7981 168.2732 13.1153 -69.0482 100.0000 stroke3
movl 0 -45.1208 389.7671 173.1158 167.6723 12.9678 -71.4781 100.0000 stroke3
movl 0 -38.6297 391.6899 173.4639 166.8417 12.8439 -73.7908 100.0000 stroke3
movl 0 -29.7317 392.5398 174.7636 166.3228 13.6154 -75.9094 100.0000 stroke3
movl 0 -4.2379 388.1884 194.7596 162.6276 19.3602 -77.4563 100.0000 stroke3
movl 0 -5.0170 398.5808 209.0558 163.9632 25.9363 -57.5637 100.0000 stroke4
movl 0 -1.4121 397.2291 182.2333 161.7116 23.0415 -60.4639 100.0000 stroke4
movl 0 0.2169 399.7148 177.8837 162.4980 20.6944 -61.3486 100.0000 stroke4
movl 0 0.7033 404.3078 172.9186 161.8604 19.0826 -62.0286 100.0000 stroke4
movl 0 -0.0075 407.2179 170.3064 161.4357 18.1800 -62.4650 100.0000 stroke4
movl 0 -2.4572 412.3886 168.7150 160.7465 13.9139 -64.1681 100.0000 stroke4
movl 0 -2.8445 417.1965 167.6501 159.7441 10.1448 -66.8803 100.0000 stroke4
movl 0 -2.5653 419.9481 166.5978 158.7336 8.7714 -67.6602 100.0000 stroke4
movl 0 -3.3661 420.1491 166.4712 158.0561 8.5771 -66.9698 100.0000 stroke4
movl 0 -5.4455 419.4883 166.7236 157.6778 8.2167 -66.1426 100.0000 stroke4
movl 0 -8.2329 417.7984 167.1495 157.2840 8.2239 -64.9907 100.0000 stroke4
movl 0 -12.5223 415.5312 167.6793 157.1351 8.2649 -63.7427 100.0000 stroke4
movl 0 -17.8663 413.1627 168.2200 157.0205 8.3879 -62.4820 100.0000 stroke4
movl 0 -23.8543 411.0587 168.7876 157.0655 8.5086 -61.3968 100.0000 stroke4
movl 0 -29.8090 407.8356 171.3600 157.0096 9.7181 -60.2633 100.0000 stroke4
movl 0 -45.5168 398.5144 202.9226 157.4848 16.1874 -58.5475 100.0000 stroke4
movl 0 -56.1234 368.4276 225.6550 168.6212 27.0422 -56.3445 100.0000 stroke5
movl 0 -52.2304 361.3201 185.2975 167.0030 22.8862 -63.2931 100.0000 stroke5
movl 0 -55.9985 360.7934 181.2436 168.1114 18.9508 -66.3977 100.0000 stroke5
movl 0 -58.4289 361.1730 179.3631 168.5256 17.4076 -66.3128 100.0000 stroke5
movl 0 -60.6685 361.5710 177.4954 169.5909 17.7133 -63.4698 100.0000 stroke5
movl 0 -65.4429 360.7024 176.2322 172.2111 17.7468 -59.8872 100.0000 stroke5
movl 0 -70.0133 361.8909 176.2443 173.6753 15.5685 -59.8532 100.0000 stroke5
movl 0 -75.2195 359.8898 176.2355 175.4351 14.8884 -59.4272 100.0000 stroke5
movl 0 -78.2710 358.6235 175.9208 177.1612 14.9627 -59.5817 100.0000 stroke5
movl 0 -79.6252 358.6353 175.9027 178.3867 14.8448 -60.9589 100.0000 stroke5
movl 0 -79.1947 359.0790 176.1740 178.6997 14.7194 -61.8966 100.0000 stroke5
movl 0 -78.6539 359.6373 176.2843 178.6256 14.4748 -62.2681 100.0000 stroke5
movl 0 -77.6303 359.8281 176.5592 178.4471 14.2780 -62.6183 100.0000 stroke5
movl 0 -76.7774 359.9257 176.6973 178.3927 13.8637 -63.1514 100.0000 stroke5
movl 0 -75.8399 359.8206 176.8108 178.4349 13.2893 -63.5310 100.0000 stroke5
movl 0 -74.8852 359.5807 177.0783 178.5239 12.6043 -63.8788 100.0000 stroke5
movl 0 -74.1385 359.9931 177.3102 178.6829 11.6128 -64.2379 100.0000 stroke5
movl 0 -73.4678 360.9567 177.3216 179.0167 10.0926 -64.9572 100.0000 stroke5
movl 0 -72.9900 362.0314 177.1371 179.6742 8.7250 -66.2327 100.0000 stroke5
movl 0 -73.5867 362.7376 176.6629 -179.0353 7.1319 -67.4567 100.0000 stroke5
movl 0 -75.1704 363.8308 175.6536 -177.4125 5.2821 -69.3172 100.0000 stroke5
movl 0 -77.0951 364.4401 174.6586 -175.5716 3.9447 -71.6606 100.0000 stroke5
movl 0 -77.5748 365.2519 173.6346 -174.1005 2.9823 -73.6360 100.0000 stroke5
movl 0 -76.2547 365.5066 173.6002 -174.0268 2.8034 -74.4627 100.0000 stroke5
movl 0 -74.1007 365.6227 174.3577 -174.8117 3.1056 -74.4945 100.0000 stroke5
movl 0 -72.5517 366.5976 174.5384 -175.2772 3.0589 -74.6692 100.0000 stroke5
movl 0 -69.9960 368.3229 174.8606 -176.0432 2.8551 -75.0752 100.0000 stroke5
movl 0 -65.0666 372.2821 175.3483 -177.7594 2.0765 -75.7950 100.0000 stroke5
movl 0 -61.1477 374.8375 175.7440 -178.9927 1.6219 -76.3340 100.0000 stroke5
movl 0 -58.4440 375.9349 176.0905 -179.6476 1.4427 -76.7284 100.0000 stroke5
movl 0 -56.7167 375.9595 176.2790 -179.8092 1.4909 -76.8220 100.0000 stroke5
movl 0 -54.1678 376.1937 176.2980 -179.8183 1.4864 -77.0375 100.0000 stroke5
movl 0 -50.7162 376.4958 176.5328 179.9338 1.4939 -77.2867 100.0000 stroke5
movl 0 -48.4296 376.5638 176.7318 179.8042 1.5129 -77.4493 100.0000 stroke5
movl 0 -46.3094 376.2860 177.0302 179.6362 1.6200 -77.3652 100.0000 stroke5
movl 0 -43.7399 375.9379 177.4749 179.3422 1.8514 -77.5305 100.0000 stroke5
movl 0 -41.5589 375.7060 177.7698 179.1700 1.9918 -77.6933 100.0000 stroke5
movl 0 -39.0329 375.4951 178.2030 178.9097 2.2098 -77.9380 100.0000 stroke5
movl 0 -37.2581 375.3936 178.5686 178.6871 2.3014 -78.2317 100.0000 stroke5
movl 0 -35.1887 375.3120 179.0130 178.3234 2.4463 -78.5194 100.0000 stroke5
movl 0 -32.7857 375.4786 179.4015 177.9731 2.5411 -78.9720 100.0000 stroke5
movl 0 -29.6254 375.8409 179.8810 177.2901 2.5741 -79.4863 100.0000 stroke5
movl 0 -27.0698 376.1568 180.3368 176.6925 2.6286 -79.8588 100.0000 stroke5
movl 0 -24.6184 376.7403 180.6258 175.9900 2.5805 -80.1189 100.0000 stroke5
movl 0 -21.9923 377.0188 181.0062 175.3815 2.6972 -80.3484 100.0000 stroke5
movl 0 -19.8042 376.7288 181.5770 174.8826 2.9416 -80.5998 100.0000 stroke5
movl 0 -14.9897 375.2834 183.2159 173.6794 3.8531 -80.9302 100.0000 stroke5
movl 0 -9.5004 373.4223 185.0592 172.2679 4.8845 -81.4471 100.0000 stroke5
movl 0 -7.5044 372.8515 185.4362 171.5542 5.2879 -81.3098 100.0000 stroke5
movl 0 -7.0359 372.5964 185.6252 171.3427 5.4170 -81.4566 100.0000 stroke5
movl 0 -2.9242 371.7505 187.1056 169.8000 6.2662 -81.6018 100.0000 stroke5
movl 0 7.4930 374.9856 192.3602 165.1790 6.9695 -81.5870 100.0000 stroke5
movl 0 18.8971 377.4169 223.0784 162.2626 10.0802 -81.8651 100.0000 stroke5
