movl 0 -43.6288 395.2009 197.4903 157.9345 -26.1703 -170.5694 100.0000 stroke1
movl 0 -38.7511 388.5892 187.9236 155.4296 -26.7093 -173.6097 100.0000 stroke1
movl 0 -46.2880 392.3614 181.2339 159.8682 -24.9281 179.9793 100.0000 stroke1
movl 0 -51.2278 396.6115 178.5170 165.3045 -24.2109 169.2436 100.0000 stroke1
movl 0 -54.0865 397.3737 176.0093 166.6069 -23.1867 165.3473 100.0000 stroke1
movl 0 -54.0971 395.4374 175.0993 163.2215 -21.2898 173.1501 100.0000 stroke1
movl 0 -53.3732 395.4178 174.1217 162.1123 -20.2417 178.0874 100.0000 stroke1
movl 0 -53.7897 396.8312 172.7549 161.9698 -19.1875 -179.2660 100.0000 stroke1
movl 0 -56.5294 397.0775 172.2191 161.9531 -17.2293 -178.4681 100.0000 stroke1
movl 0 -60.3896 397.5028 171.8809 162.3671 -14.7406 -178.6818 100.0000 stroke1
movl 0 -63.2036 397.7141 171.6553 162.6155 -12.8948 -178.9682 100.0000 stroke1
movl 0 -65.8398 397.8158 171.3698 162.5417 -11.0134 -178.1927 100.0000 stroke1
movl 0 -68.2161 398.8620 170.7061 163.1954 -9.2681 -179.4066 100.0000 stroke1
movl 0 -68.6455 399.3513 170.2922 163.5745 -8.8581 179.6690 100.0000 stroke1
movl 0 -66.6380 397.2794 171.1120 162.1675 -9.8109 -179.1287 100.0000 stroke1
movl 0 -65.0318 396.4540 171.4932 161.4975 -10.3574 -178.7439 100.0000 stroke1
movl 0 -64.0749 395.3191 172.0986 160.8046 -10.4335 -178.6183 100.0000 stroke1
movl 0 -63.2001 394.6080 172.6767 160.4463 -10.6212 -178.6462 100.0000 stroke1
movl 0 -63.4577 394.8743 172.7157 160.9235 -10.5235 -178.6401 100.0000 stroke1
movl 0 -63.6195 396.3468 173.2554 163.0878 -10.6766 -179.5268 100.0000 stroke1
movl 0 -63.4768 397.4531 173.2698 164.1101 -10.9520 179.6868 100.0000 stroke1
movl 0 -63.3365 398.1285 173.1396 164.6268 -11.2233 179.6604 100.0000 stroke1
movl 0 -63.1663 398.1308 173.2727 165.1735 -11.3546 179.4461 100.0000 stroke1
movl 0 -63.1402 397.6261 173.4834 165.1293 -11.5490 179.4441 100.0000 stroke1
movl 0 -58.5754 392.4540 175.5814 160.8014 -14.4773 -176.5133 100.0000 stroke1
movl 0 -54.7345 363.2547 200.4085 138.9902 -11.5188 -161.7312 100.0000 stroke1
movl 0 -33.3638 377.1787 208.3578 145.5082 -2.2067 -132.5886 100.0000 stroke2
movl 0 -39.9335 380.6430 181.4904 150.3450 -3.5789 -134.9112 100.0000 stroke2
movl 0 -53.8567 376.6217 177.3355 151.8199 -0.1441 -133.4138 100.0000 stroke2
movl 0 -51.0101 380.5361 174.0012 151.9489 0.1181 -131.8373 100.0000 stroke2
movl 0 -52.7981 382.7065 172.2967 152.5610 -0.0555 -131.1654 100.0000 stroke2
movl 0 -53.7722 384.0689 171.2021 153.0614 -0.4599 -131.1161 100.0000 stroke2
movl 0 -56.5612 385.8622 170.6055 154.9726 -0.2325 -132.4254 100.0000 stroke2
movl 0 -58.5048 386.4179 170.4845 156.2733 -0.0098 -133.3943 100.0000 stroke2
movl 0 -59.4013 386.2722 170.8978 157.4381 0.4489 -134.1695 100.0000 stroke2
movl 0 -60.4549 385.9129 171.0117 157.7384 1.2062 -134.4150 100.0000 stroke2
movl 0 -60.2769 385.9829 170.9820 158.0659 1.7318 -135.0836 100.0000 stroke2
movl 0 -59.9863 385.8767 171.1095 158.4369 2.4045 -136.4394 100.0000 stroke2
movl 0 -58.8338 386.2763 171.1607 158.8824 2.9787 -138.6251 100.0000 stroke2
movl 0 -58.6157 386.8377 171.1101 159.4668 3.9468 -140.7253 100.0000 stroke2
movl 0 -57.9035 386.8922 171.1124 159.5508 5.0065 -142.5796 100.0000 stroke2
movl 0 -57.8391 387.3905 170.8371 159.7056 5.9596 -144.0196 100.0000 stroke2
movl 0 -57.8661 386.9750 170.8153 159.4406 6.4103 -144.2348 100.0000 stroke2
movl 0 -56.0392 385.5426 171.4862 158.2139 5.8415 -143.8288 100.0000 stroke2
movl 0 -54.0137 384.6868 171.9657 157.2506 5.1452 -143.7569 100.0000 stroke2
movl 0 -53.7872 384.7917 171.9558 157.3605 4.9376 -143.9067 100.0000 stroke2
movl 0 -53.8711 385.4641 171.8576 157.7976 4.4807 -144.2865 100.0000 stroke2
movl 0 -53.8347 386.5195 171.9224 158.9166 3.5436 -145.3350 100.0000 stroke2
movl 0 -52.9269 386.9005 171.9374 159.3010 2.9469 -146.3796 100.0000 stroke2
movl 0 -52.1501 387.9190 171.8111 159.4235 1.3327 -146.5010 100.0000 stroke2
movl 0 -44.5135 379.4065 178.1065 152.5990 -5.0700 -144.6734 100.0000 stroke2
movl 0 -38.8788 360.6643 226.2992 133.9152 -8.9155 -144.8565 100.0000 stroke2
movl 0 -40.8909 378.5807 211.9437 172.6780 -37.5455 163.6022 100.0000 stroke3
movl 0 -42.3489 372.8590 183.7172 176.2432 -32.1585 156.3858 100.0000 stroke3
movl 0 -40.2250 373.7289 174.0063 175.2040 -31.2498 157.5236 100.0000 stroke3
movl 0 -39.1345 376.3780 170.5183 172.9176 -30.1384 159.9593 100.0000 stroke3
movl 0 -38.2504 378.8095 168.2959 172.7047 -29.6673 160.9321 100.0000 stroke3
movl 0 -38.4049 380.1383 167.2161 173.1948 -29.6636 161.0525 100.0000 stroke3
movl 0 -40.8320 384.6925 166.3145 176.2844 -28.3780 159.6070 100.0000 stroke3
movl 0 -40.3952 388.3905 165.4444 179.4379 -27.4787 156.7224 100.0000 stroke3
movl 0 -38.3153 390.9021 164.8045 -177.9491 -27.1476 153.7041 100.0000 stroke3
movl 0 -37.6734 391.9294 165.3994 -174.7437 -26.6846 150.1426 100.0000 stroke3
movl 0 -37.6835 393.2969 166.2001 -169.9612 -24.9152 144.3724 100.0000 stroke3
movl 0 -37.6634 394.6469 165.9320 -165.4223 -22.4468 139.5573 100.0000 stroke3
movl 0 -39.6398 397.3118 165.7370 -161.2892 -18.9314 135.1020 100.0000 stroke3
movl 0 -42.2526 399.6701 165.3219 -158.1094 -15.4120 132.0936 100.0000 stroke3
movl 0 -45.7038 402.1558 164.5024 -155.5447 -12.2489 131.2106 100.0000 stroke3
movl 0 -51.1546 403.0467 163.5503 -154.5224 -10.9185 133.5208 100.0000 stroke3
movl 0 -57.8532 401.8516 163.1333 -154.9653 -11.2958 137.3404 100.0000 stroke3
movl 0 -56.5752 401.0234 163.2280 -155.4521 -12.7121 138.5863 100.0000 stroke3
movl 0 -54.2603 399.7975 163.6748 -156.2147 -14.5899 140.1004 100.0000 stroke3
movl 0 -53.3887 398.8110 164.0892 -156.6108 -15.5146 140.7163 100.0000 stroke3
movl 0 -52.7319 397.5899 164.7543 -157.0302 -16.5086 141.3185 100.0000 stroke3
movl 0 -52.3203 396.7417 165.3896 -157.4891 -17.8386 142.4742 100.0000 stroke3
movl 0 -52.3059 396.3164 165.7382 -157.5490 -18.1719 142.4207 100.0000 stroke3
movl 0 -49.5523 394.1589 167.1933 -157.6750 -19.6126 141.2260 100.0000 stroke3
movl 0 -35.4542 374.3634 185.8927 -164.4234 -34.2632 141.4361 100.0000 stroke3
movl 0 -8.8039 402.3137 238.5564 163.8148 -35.8736 -178.5345 100.0000 stroke4
movl 0 -8.5893 397.6614 191.4108 165.8203 -35.0077 -179.2944 100.0000 stroke4
movl 0 -12.1729 395.4103 180.7311 170.9572 -32.4647 173.2580 100.0000 stroke4
movl 0 -19.0818 394.2529 178.5689 175.0903 -29.1427 167.3091 100.0000 stroke4
movl 0 -18.9608 394.3492 176.8870 174.4194 -28.5674 166.9457 100.0000 stroke4
movl 0 -16.1876 397.0732 173.4990 174.4466 -28.8700 168.3732 100.0000 stroke4
movl 0 -16.4497 397.3579 172.8407 174.1804 -29.0009 169.2469 100.0000 stroke4
movl 0 -16.6739 397.7495 172.9283 174.3477 -28.9554 169.1715 100.0000 stroke4
movl 0 -16.1024 398.7518 173.3299 175.7101 -28.7279 167.6797 100.0000 stroke4
movl 0 -16.6362 399.7072 173.4053 177.6127 -28.3461 165.3815 100.0000 stroke4
movl 0 -17.5106 399.4200 173.0669 177.7646 -28.7433 164.7894 100.0000 stroke4
movl 0 -16.6596 399.1174 172.2184 176.8684 -29.4204 166.0761 100.0000 stroke4
movl 0 -17.3599 400.0518 171.6448 177.3935 -29.2681 166.6159 100.0000 stroke4
movl 0 -18.5834 400.7605 170.9849 177.5935 -29.2146 167.2312 100.0000 stroke4
movl 0 -22.8244 404.5724 168.8241 178.4234 -27.8759 167.9664 100.0000 stroke4
movl 0 -27.1512 405.5979 168.8167 178.7794 -26.2540 167.5803 100.0000 stroke4
movl 0 -30.0056 405.8808 169.2605 179.5947 -24.7415 166.5913 100.0000 stroke4
movl 0 -31.9075 404.9681 169.8827 179.4109 -23.7644 166.3016 100.0000 stroke4
movl 0 -32.4824 404.1065 170.3513 179.0046 -23.4111 166.5781 100.0000 stroke4
movl 0 -34.1192 403.4059 170.8814 178.3961 -22.9910 166.7778 100.0000 stroke4
movl 0 -33.9603 403.6462 170.7633 177.9541 -22.8287 166.6286 100.0000 stroke4
movl 0 -33.1524 403.9961 170.7598 177.7281 -22.6829 166.0116 100.0000 stroke4
movl 0 -30.7226 404.4062 170.8607 177.5923 -22.7083 165.0570 100.0000 stroke4
movl 0 -26.9134 405.1548 170.9587 177.3989 -22.9927 163.9264 100.0000 stroke4
movl 0 -22.9983 406.3818 171.0113 177.5141 -23.5208 162.8251 100.0000 stroke4
movl 0 -22.7508 405.6463 171.3585 177.4269 -23.8654 163.0426 100.0000 stroke4
movl 0 -22.3049 404.4848 171.9437 177.0349 -24.2050 163.3316 100.0000 stroke4
movl 0 -22.8476 404.6350 171.7862 177.1698 -23.9248 163.2513 100.0000 stroke4
movl 0 -23.3629 404.9323 171.5722 177.6860 -24.0261 163.3632 100.0000 stroke4
movl 0 -15.6754 398.0865 180.5899 175.4241 -28.1522 164.4850 100.0000 stroke4
movl 0 -8.6611 379.5736 248.3231 168.2299 -35.9146 168.9616 100.0000 stroke4
movl 0 3.0837 404.3781 219.6671 -178.5448 -36.0564 159.4297 100.0000 stroke5
movl 0 0.4962 408.7686 178.7173 -172.7620 -31.3915 152.4510 100.0000 stroke5
movl 0 -4.4757 407.7487 176.5565 -174.5946 -29.9815 153.0225 100.0000 stroke5
movl 0 -6.2636 411.4257 171.5784 -173.9612 -29.5116 153.4065 100.0000 stroke5
movl 0 -6.6430 413.0860 170.0707 -173.8000 -29.1234 152.9830 100.0000 stroke5
movl 0 -8.4338 416.1779 167.8268 -172.8232 -27.6202 152.0287 100.0000 stroke5
movl 0 -9.8437 419.7859 166.8198 -170.2214 -24.8383 148.1908 100.0000 stroke5
movl 0 -6.1478 420.2863 164.2913 -169.0071 -23.7109 146.9379 100.0000 stroke5
movl 0 -6.9648 422.0166 163.9456 -166.7719 -22.7246 145.1041 100.0000 stroke5
movl 0 -7.3150 423.4386 164.3041 -163.7820 -21.5452 142.5503 100.0000 stroke5
movl 0 -8.1455 423.5834 164.6895 -161.9479 -20.5063 140.6521 100.0000 stroke5
movl 0 -8.8060 422.8949 165.3957 -161.3131 -20.3208 140.1065 100.0000 stroke5
movl 0 -9.1900 422.1261 166.0494 -161.1484 -20.5229 140.1032 100.0000 stroke5
movl 0 -5.7839 414.9033 172.9996 -161.9026 -24.6006 140.7368 100.0000 stroke5
movl 0 -19.3194 385.7166 236.1103 -175.4918 -36.8195 152.5843 100.0000 stroke5
movl 0 -11.6627 403.1228 241.0163 -172.2630 -33.9480 150.4894 100.0000 stroke6
movl 0 -8.3653 410.4459 188.3300 -163.6598 -27.4972 140.2468 100.0000 stroke6
movl 0 -14.9647 406.2545 181.2427 -163.0563 -23.5430 136.9808 100.0000 stroke6
movl 0 -18.8648 409.5392 177.0345 -163.4775 -21.9726 136.8563 100.0000 stroke6
movl 0 -19.6408 411.8235 174.7877 -163.1590 -20.9593 136.6814 100.0000 stroke6
movl 0 -20.6259 413.0347 173.9617 -163.1714 -20.5942 136.5432 100.0000 stroke6
movl 0 -21.2270 414.6722 172.9221 -162.8854 -20.0344 135.7353 100.0000 stroke6
movl 0 -22.8327 416.1698 172.2295 -162.5181 -19.3661 134.2824 100.0000 stroke6
movl 0 -26.0086 418.4392 171.9494 -162.7614 -18.0699 133.3113 100.0000 stroke6
movl 0 -28.7035 419.0235 171.8598 -163.2365 -15.9203 131.4783 100.0000 stroke6
movl 0 -30.5396 420.3026 172.2894 -163.2630 -13.6422 129.0509 100.0000 stroke6
movl 0 -32.0411 422.6967 171.7814 -163.3890 -11.1604 125.9335 100.0000 stroke6
movl 0 -32.0355 423.7961 171.6804 -163.8672 -10.2857 124.4278 100.0000 stroke6
movl 0 -32.5641 423.8695 171.9632 -163.8266 -9.7817 124.9486 100.0000 stroke6
movl 0 -32.8140 423.1866 172.6751 -163.6348 -9.0837 125.3397 100.0000 stroke6
movl 0 -31.9730 419.7530 173.8408 -164.1589 -10.5363 125.5171 100.0000 stroke6
movl 0 -31.3181 419.3388 174.0338 -164.2674 -10.8536 125.8111 100.0000 stroke6
movl 0 -32.0951 418.6285 174.6377 -164.2810 -10.1070 125.9371 100.0000 stroke6
movl 0 -31.6388 417.1443 174.9687 -164.4118 -11.4589 126.4311 100.0000 stroke6
movl 0 -23.7512 402.1134 183.0873 -168.8636 -22.5004 135.0846 100.0000 stroke6
movl 0 -36.0319 357.2770 216.7302 155.7781 -19.1712 -164.3828 100.0000 stroke7
movl 0 -42.1813 359.5314 189.2459 159.9991 -18.2786 -169.5777 100.0000 stroke7
movl 0 -49.2135 360.7898 182.3973 161.8487 -17.4110 -172.6239 100.0000 stroke7
movl 0 -51.6787 362.5169 180.0138 163.2372 -17.3153 -175.7577 100.0000 stroke7
movl 0 -53.1511 364.9538 178.2141 166.4824 -18.6404 178.0750 100.0000 stroke7
movl 0 -55.1152 366.5216 177.0514 168.9143 -19.4899 172.7403 100.0000 stroke7
movl 0 -57.0506 368.4766 176.3119 170.5247 -18.5168 170.4610 100.0000 stroke7
movl 0 -59.1781 369.5518 175.9065 171.5284 -17.4596 168.4376 100.0000 stroke7
movl 0 -61.6140 370.2219 175.8652 171.9877 -16.5968 167.3599 100.0000 stroke7
movl 0 -64.2925 371.7042 175.9351 173.0498 -15.5198 165.5632 100.0000 stroke7
movl 0 -65.8033 372.6614 175.9118 174.0772 -14.5924 163.0159 100.0000 stroke7
movl 0 -67.4900 373.2764 176.0350 175.2159 -13.2488 159.6130 100.0000 stroke7
movl 0 -68.3776 372.7304 176.2210 174.5602 -13.6695 159.5716 100.0000 stroke7
movl 0 -67.8403 373.0187 176.0106 174.4802 -13.5081 157.9807 100.0000 stroke7
movl 0 -67.0635 373.4396 175.9369 174.3270 -13.4533 157.4434 100.0000 stroke7
movl 0 -65.2961 373.9140 175.9479 174.5225 -13.8259 155.4402 100.0000 stroke7
movl 0 -64.3123 374.2866 176.0699 175.1507 -14.4625 153.0463 100.0000 stroke7
movl 0 -64.0616 374.2470 176.1180 174.9483 -14.4524 152.8494 100.0000 stroke7
movl 0 -62.4502 374.8711 176.1570 174.9278 -14.4755 151.9581 100.0000 stroke7
movl 0 -60.9227 375.5976 176.1760 174.8273 -14.4726 151.1402 100.0000 stroke7
movl 0 -59.5752 376.0081 176.3347 174.7684 -14.4931 150.4634 100.0000 stroke7
movl 0 -58.1198 376.5661 176.4684 174.3017 -14.0378 152.0113 100.0000 stroke7
movl 0 -56.7376 377.0924 176.5963 174.1734 -14.0263 151.2729 100.0000 stroke7
movl 0 -55.2666 377.8104 176.6990 174.1817 -14.0193 150.5004 100.0000 stroke7
movl 0 -54.1249 378.6225 176.7417 174.1721 -13.6579 149.3357 100.0000 stroke7
movl 0 -53.1322 379.3536 176.6208 174.1579 -13.5981 148.7724 100.0000 stroke7
movl 0 -51.1063 380.0203 176.6003 174.1006 -13.7181 148.1817 100.0000 stroke7
movl 0 -49.8321 380.2922 176.6677 173.9480 -13.7580 147.8103 100.0000 stroke7
movl 0 -47.2587 380.5081 176.9799 174.0632 -13.9723 147.4022 100.0000 stroke7
movl 0 -46.2374 380.4570 177.2811 173.9884 -14.2022 147.3633 100.0000 stroke7
movl 0 -44.3533 380.6006 177.8548 174.1021 -14.6297 147.0818 100.0000 stroke7
movl 0 -45.0846 380.1987 177.8428 174.3272 -14.6659 147.5004 100.0000 stroke7
movl 0 -45.0091 379.9909 177.7298 174.5301 -14.7547 147.6699 100.0000 stroke7
movl 0 -45.4791 379.5847 177.7419 174.4341 -15.4558 149.1279 100.0000 stroke7
movl 0 -42.4514 373.4637 184.6084 174.0350 -18.7910 150.5154 100.0000 stroke7
movl 0 -38.0252 354.3947 241.9242 171.5991 -27.3924 151.3719 100.0000 stroke7
movl 0 -3.0338 379.6025 210.5492 -167.4952 -28.8887 127.2348 100.0000 stroke8
movl 0 -3.5726 381.9989 180.1120 -163.9985 -24.1256 119.0127 100.0000 stroke8
movl 0 -6.0278 384.1120 177.2730 -164.2802 -22.4707 117.8017 100.0000 stroke8
movl 0 -5.1894 389.0648 173.0208 -163.3698 -19.8799 117.0530 100.0000 stroke8
movl 0 -4.9015 391.7177 171.1101 -162.8675 -18.6876 115.9773 100.0000 stroke8
movl 0 -5.1923 395.4992 169.6668 -162.3286 -16.1559 114.2506 100.0000 stroke8
movl 0 -3.2625 400.2098 167.9039 -160.9375 -13.2933 111.3583 100.0000 stroke8
movl 0 3.6071 405.6135 165.5729 -157.6702 -10.7465 107.3264 100.0000 stroke8
movl 0 10.8846 412.3586 161.1958 -153.7663 -7.7528 104.6605 100.0000 stroke8
movl 0 10.1887 415.2696 160.2628 -152.2975 -4.7575 102.3046 100.0000 stroke8
movl 0 8.8376 415.9816 160.3854 -151.9034 -2.4436 100.5315 100.0000 stroke8
movl 0 7.6819 416.1039 160.8290 -151.7596 -0.8118 99.3772 100.0000 stroke8
movl 0 6.3086 415.7092 161.3100 -151.6604 0.4687 98.3917 100.0000 stroke8
movl 0 4.8813 415.1502 161.6134 -151.4929 1.6064 97.4849 100.0000 stroke8
movl 0 5.9193 413.6589 162.5612 -151.5254 0.5449 97.0937 100.0000 stroke8
movl 0 5.3054 414.0216 162.1809 -151.4120 1.2941 97.0549 100.0000 stroke8
movl 0 4.6402 413.2897 162.5608 -151.0690 1.6695 97.0521 100.0000 stroke8
movl 0 4.1854 412.5120 163.0464 -150.8062 1.6761 97.0980 100.0000 stroke8
movl 0 3.9776 411.9448 163.4424 -150.6705 1.6121 97.0783 100.0000 stroke8
movl 0 3.4486 410.6835 164.3268 -150.3575 1.2329 97.2337 100.0000 stroke8
movl 0 5.0836 404.0268 169.9617 -148.4318 -2.5701 98.5987 100.0000 stroke8
movl 0 3.6493 388.7262 193.2751 -146.6421 -19.4444 103.8301 100.0000 stroke8
movl 0 -1.6361 373.2589 241.6106 -151.5420 -40.9494 116.8250 100.0000 stroke8
movl 0 -28.1928 373.1662 246.2698 -158.2746 -23.1144 109.1317 100.0000 stroke9
movl 0 -8.3397 375.0983 189.6215 -151.8869 -17.2808 101.9007 100.0000 stroke9
movl 0 -6.8224 374.6425 171.4086 -152.6637 -15.8338 99.8004 100.0000 stroke9
movl 0 -3.1211 375.8794 169.2340 -152.1104 -14.6745 97.9649 100.0000 stroke9
movl 0 0.5013 378.3703 166.5418 -150.8383 -13.1449 97.1122 100.0000 stroke9
movl 0 0.7426 380.7512 164.5250 -150.1168 -12.4225 96.9149 100.0000 stroke9
movl 0 -1.8337 384.1805 163.1860 -151.0851 -10.0330 96.4126 100.0000 stroke9
movl 0 -2.0550 387.1081 162.6161 -151.3152 -6.6939 93.8845 100.0000 stroke9
movl 0 0.1812 389.0977 161.4501 -150.6361 -3.9283 91.2429 100.0000 stroke9
movl 0 -0.8781 390.2722 161.9900 -150.6788 -1.4319 88.8241 100.0000 stroke9
movl 0 -1.0382 391.4195 162.2792 -150.8915 1.8455 85.8671 100.0000 stroke9
movl 0 -1.7141 392.3404 162.6240 -151.4207 4.8969 82.8990 100.0000 stroke9
movl 0 -2.9340 394.2982 162.6761 -152.6775 8.9904 79.2685 100.0000 stroke9
movl 0 -4.2996 395.6106 162.6844 -154.0093 12.4931 76.0708 100.0000 stroke9
movl 0 -6.7798 397.5890 162.8322 -156.1056 15.5418 73.2798 100.0000 stroke9
movl 0 -9.6656 399.9787 162.8334 -158.1402 17.7624 71.4929 100.0000 stroke9
movl 0 -11.6970 400.4919 162.2535 -159.0291 19.1989 71.3581 100.0000 stroke9
movl 0 -14.6737 400.7545 161.8162 -159.4571 19.8394 72.5560 100.0000 stroke9
movl 0 -19.0571 399.3703 162.4800 -159.5134 19.2456 74.7202 100.0000 stroke9
movl 0 -15.2532 397.5904 163.5614 -158.6005 18.2934 73.8621 100.0000 stroke9
movl 0 -13.6883 396.7407 163.8873 -158.5197 18.1542 73.1475 100.0000 stroke9
movl 0 -13.2373 396.3451 163.9795 -158.6265 18.3603 72.8110 100.0000 stroke9
movl 0 -13.0170 396.0950 163.8697 -158.7039 18.5309 73.1287 100.0000 stroke9
movl 0 -12.9636 395.3983 163.8256 -158.6030 18.6231 73.2645 100.0000 stroke9
movl 0 -13.1493 394.1657 164.4039 -158.4785 18.0043 73.0145 100.0000 stroke9
movl 0 -10.3902 384.8074 168.2620 -156.0190 13.1995 71.8227 100.0000 stroke9
movl 0 -8.6276 374.6417 170.1092 -153.9496 8.3469 70.8791 100.0000 stroke9
movl 0 -11.2895 373.7980 169.9969 -154.8197 7.8107 70.9579 100.0000 stroke9
movl 0 -13.2372 376.6194 168.3689 -155.4477 9.5416 72.2072 100.0000 stroke9
movl 0 -14.8789 378.5599 167.0865 -155.7364 10.5593 73.5260 100.0000 stroke9
movl 0 -15.3369 379.7187 166.0958 -155.4673 11.2151 74.8059 100.0000 stroke9
movl 0 -16.9736 380.3246 165.6696 -155.4007 11.3382 76.2828 100.0000 stroke9
movl 0 -17.2436 379.9301 165.2970 -154.7843 11.0225 77.5879 100.0000 stroke9
movl 0 -18.0824 379.7670 165.2398 -154.4887 10.6781 78.4618 100.0000 stroke9
movl 0 -18.2224 379.5655 165.3424 -153.9869 10.3554 79.1175 100.0000 stroke9
movl 0 -18.3344 379.5048 165.4912 -153.4600 9.9899 79.5922 100.0000 stroke9
movl 0 -18.5174 379.8963 165.4364 -153.0950 9.8387 79.9063 100.0000 stroke9
movl 0 -18.5294 380.2073 165.5719 -152.6789 9.4719 80.1388 100.0000 stroke9
movl 0 -18.5316 380.6619 165.9986 -152.2718 9.0920 80.2422 100.0000 stroke9
movl 0 -18.7127 381.0063 165.9306 -152.2764 9.0862 80.3218 100.0000 stroke9
movl 0 -18.7261 381.4026 166.0126 -152.0949 8.9404 80.3818 100.0000 stroke9
movl 0 -18.6266 381.7887 166.1506 -151.8710 8.7073 80.4247 100.0000 stroke9
movl 0 -18.6000 382.0425 166.2423 -151.6962 8.5901 80.3742 100.0000 stroke9
movl 0 -18.5156 382.0915 166.3183 -151.5513 8.4838 80.3736 100.0000 stroke9
movl 0 -18.3834 382.3228 166.4909 -151.3598 8.3739 80.2914 100.0000 stroke9
movl 0 -18.2922 382.5124 166.6142 -151.2172 8.3407 80.2102 100.0000 stroke9
movl 0 -17.6695 382.1171 166.8438 -151.1243 8.3062 80.0361 100.0000 stroke9
movl 0 -11.5311 378.9774 169.9306 -148.7885 7.6075 79.8938 100.0000 stroke9
movl 0 -4.4669 372.9630 204.4031 -144.4780 3.6401 80.8174 100.0000 stroke9
