movl 0 -41.7821 400.4642 170.2720 -172.3164 -21.3615 125.6863 100.0000 stroke1
movl 0 -43.0099 401.4978 170.2258 -171.7905 -19.9365 123.9063 100.0000 stroke1
movl 0 -43.4180 403.0223 170.1776 -170.9961 -18.4393 121.7874 100.0000 stroke1
movl 0 -42.6615 405.3053 170.3903 -169.6235 -16.3565 118.5340 100.0000 stroke1
movl 0 -44.0245 405.5616 170.7778 -168.5264 -15.0077 116.3371 100.0000 stroke1
movl 0 -44.0652 406.0301 171.2407 -167.0351 -13.5989 112.9492 100.0000 stroke1
movl 0 -44.4922 406.1734 172.0619 -166.1876 -12.2107 110.3693 100.0000 stroke1
movl 0 -44.5023 406.5718 172.8367 -165.0630 -10.6793 107.5494 100.0000 stroke1
movl 0 -44.5801 407.4688 173.2916 -164.2379 -8.7684 105.2658 100.0000 stroke1
movl 0 -44.6343 408.5438 173.7912 -163.3958 -6.5517 102.6220 100.0000 stroke1
movl 0 -45.1373 409.7165 174.1985 -162.9517 -4.1093 100.3799 100.0000 stroke1
movl 0 -46.3414 411.2827 174.6081 -162.8849 -1.0078 97.4139 100.0000 stroke1
movl 0 -47.4190 413.0843 174.6984 -163.0529 1.9343 94.7376 100.0000 stroke1
movl 0 -48.5190 414.5395 174.6449 -163.4034 4.4819 92.5591 100.0000 stroke1
movl 0 -49.5811 415.7299 174.4811 -163.7414 6.9841 90.3142 100.0000 stroke1
movl 0 -50.7704 415.9410 174.3189 -163.9683 8.8400 89.4311 100.0000 stroke1
movl 0 -50.0099 414.0429 175.3389 -163.7390 7.8835 89.2588 100.0000 stroke1
movl 0 -46.1255 409.5769 176.8033 -162.5175 4.1830 90.1993 100.0000 stroke1
movl 0 -48.2461 410.2618 176.3684 -163.2534 5.8478 90.4596 100.0000 stroke1
movl 0 -46.9998 408.2983 176.9787 -162.7818 4.0893 90.4103 100.0000 stroke1
movl 0 -41.6589 396.2971 180.4526 -160.0637 -5.2382 91.9937 100.0000 stroke1
movl 0 -39.3318 372.5683 219.7702 -162.7684 -31.1040 105.9737 100.0000 stroke1
movl 0 -40.2150 387.4009 224.7280 -158.2019 -25.1593 104.6560 100.0000 stroke2
movl 0 -43.4141 387.5743 182.3710 -158.0091 -17.1564 99.0864 100.0000 stroke2
movl 0 -47.0408 388.6512 179.9116 -160.4465 -14.6855 96.2953 100.0000 stroke2
movl 0 -49.9652 389.6720 176.7114 -161.0878 -14.3238 97.3326 100.0000 stroke2
movl 0 -53.6870 391.2501 174.9166 -161.8040 -13.5262 99.0694 100.0000 stroke2
movl 0 -57.2841 393.7026 173.8309 -162.8017 -11.6774 98.5922 100.0000 stroke2
movl 0 -59.4861 396.3747 173.6968 -163.2431 -8.9355 96.0850 100.0000 stroke2
movl 0 -60.4420 397.0424 173.7752 -163.3485 -7.6472 95.2313 100.0000 stroke2
movl 0 -61.5331 397.5127 173.8813 -163.5540 -7.1346 93.5554 100.0000 stroke2
movl 0 -61.1939 398.6307 173.7321 -163.7077 -6.8538 91.4616 100.0000 stroke2
movl 0 -59.8543 399.5134 173.7133 -163.6084 -6.7986 89.9910 100.0000 stroke2
movl 0 -57.8076 400.3764 173.8584 -163.4040 -6.6616 88.9914 100.0000 stroke2
movl 0 -54.9524 400.9799 174.3758 -163.0181 -6.5063 87.9462 100.0000 stroke2
movl 0 -50.9768 400.7229 175.3169 -162.2142 -6.7399 86.4787 100.0000 stroke2
movl 0 -43.4191 394.5386 180.4869 -159.7069 -9.5924 85.4412 100.0000 stroke2
movl 0 -43.4336 383.1870 199.5462 -157.3241 -15.3071 86.5289 100.0000 stroke2
movl 0 -43.7269 376.0247 248.8078 -151.5185 -16.0757 86.5278 100.0000 stroke3
movl 0 -46.1179 381.5274 196.6390 -154.1011 -8.0295 82.3586 100.0000 stroke3
movl 0 -48.3248 385.3903 178.7970 -156.2854 -3.6379 78.9725 100.0000 stroke3
movl 0 -51.8473 385.4281 175.7137 -157.6879 -3.1290 78.1779 100.0000 stroke3
movl 0 -54.4659 385.4743 175.2751 -158.3196 -2.7706 77.7093 100.0000 stroke3
movl 0 -58.9731 387.1198 174.4587 -160.3294 -1.8935 76.5068 100.0000 stroke3
movl 0 -60.9893 389.0384 174.3233 -161.7515 -0.0561 74.7114 100.0000 stroke3
movl 0 -61.6692 389.6914 174.5423 -162.3626 1.0881 73.3238 100.0000 stroke3
movl 0 -62.2032 389.7900 174.7205 -162.4345 0.9216 72.3967 100.0000 stroke3
movl 0 -61.4898 390.8293 174.4251 -162.5436 0.7790 71.0717 100.0000 stroke3
movl 0 -60.1309 391.5895 174.3590 -162.5329 0.7185 69.8326 100.0000 stroke3
movl 0 -57.6411 392.6310 174.6068 -162.4145 0.9810 68.4631 100.0000 stroke3
movl 0 -55.7714 392.9166 174.9443 -162.1747 0.9650 67.5171 100.0000 stroke3
movl 0 -53.2184 392.5332 175.5922 -161.6507 0.7238 66.5813 100.0000 stroke3
movl 0 -47.5044 389.0678 177.9150 -159.4708 -0.3036 66.3568 100.0000 stroke3
movl 0 -40.2649 380.3661 196.7762 -155.2650 -5.7069 68.0236 100.0000 stroke3
movl 0 -38.4674 371.1669 198.5056 -154.7137 -5.4386 74.5233 100.0000 stroke4
movl 0 -39.8820 368.1692 184.2895 -155.5667 -4.1168 74.5704 100.0000 stroke4
movl 0 -46.4482 371.3924 178.5883 -157.2329 -3.1158 75.8170 100.0000 stroke4
movl 0 -52.6625 371.3094 177.1584 -158.4270 -3.2513 76.8316 100.0000 stroke4
movl 0 -55.2180 372.9187 175.9459 -159.1140 -2.7843 77.1638 100.0000 stroke4
movl 0 -57.9350 374.9203 175.0729 -160.8572 -1.4992 76.5901 100.0000 stroke4
movl 0 -58.2820 376.3010 175.1528 -161.7459 0.0570 75.6357 100.0000 stroke4
movl 0 -59.3435 375.8432 175.3380 -161.9079 -0.3294 75.1556 100.0000 stroke4
movl 0 -59.7104 377.1265 174.9036 -162.3030 -0.6464 73.8861 100.0000 stroke4
movl 0 -57.8293 378.7150 174.8784 -162.3831 -0.6623 72.1778 100.0000 stroke4
movl 0 -52.6140 380.8353 175.5009 -161.8528 -0.4619 69.8911 100.0000 stroke4
movl 0 -44.4150 381.2658 177.4839 -160.2519 -1.1596 67.8503 100.0000 stroke4
movl 0 -35.4881 381.6961 183.0125 -158.1173 -3.5668 67.5441 100.0000 stroke4
movl 0 -32.9278 383.4754 202.3591 -156.9131 -8.8214 68.6732 100.0000 stroke4
movl 0 -32.4465 386.6570 243.2348 -154.8613 -15.1147 68.1662 100.0000 stroke4
movl 0 -29.4376 389.4543 216.8826 -156.8047 -15.8477 77.1213 100.0000 stroke5
movl 0 -29.5288 391.7450 188.6905 -156.8125 -12.8308 77.5896 100.0000 stroke5
movl 0 -30.0951 395.4480 176.9593 -157.2775 -11.6710 78.4020 100.0000 stroke5
movl 0 -31.8649 396.9922 174.0129 -157.7192 -11.3973 79.4889 100.0000 stroke5
movl 0 -34.3656 398.5786 172.7308 -158.6283 -11.1779 80.1152 100.0000 stroke5
movl 0 -36.3120 402.2611 172.4050 -159.9281 -8.5025 78.2137 100.0000 stroke5
movl 0 -36.7925 404.7876 172.2958 -160.4862 -6.4359 76.4170 100.0000 stroke5
movl 0 -35.0007 407.8493 172.1572 -160.7658 -4.2341 73.9836 100.0000 stroke5
movl 0 -35.4180 409.5825 171.9117 -160.8282 -2.6940 73.5492 100.0000 stroke5
movl 0 -35.1495 409.9089 172.0641 -160.8044 -1.7132 72.9243 100.0000 stroke5
movl 0 -35.3536 410.0444 172.4240 -160.9506 -0.6786 72.2609 100.0000 stroke5
movl 0 -35.3421 410.3601 172.7700 -161.1373 0.4915 71.5079 100.0000 stroke5
movl 0 -35.5098 411.0003 173.0382 -161.5124 1.8878 70.5472 100.0000 stroke5
movl 0 -35.5814 411.9883 173.3561 -162.0672 3.7152 69.1224 100.0000 stroke5
movl 0 -35.6972 413.0377 173.7076 -162.8183 5.8119 67.5377 100.0000 stroke5
movl 0 -36.0021 413.8349 173.9722 -163.7766 8.0508 65.5461 100.0000 stroke5
movl 0 -36.9803 414.5342 174.0073 -164.9147 9.7504 64.1438 100.0000 stroke5
movl 0 -37.9258 414.8218 174.0765 -165.9797 11.1344 63.0374 100.0000 stroke5
movl 0 -39.3164 414.7493 174.3218 -167.0727 12.2428 62.2814 100.0000 stroke5
movl 0 -40.5256 414.8852 174.4222 -167.8699 13.0856 61.9817 100.0000 stroke5
movl 0 -42.0192 415.1999 174.2954 -168.9433 14.1166 61.8708 100.0000 stroke5
movl 0 -44.0447 414.8410 174.2944 -170.1471 14.9857 61.5419 100.0000 stroke5
movl 0 -41.0700 411.0655 176.0867 -167.9724 13.0788 61.6657 100.0000 stroke5
movl 0 -37.8354 407.8895 177.3649 -166.2968 11.3943 61.1288 100.0000 stroke5
movl 0 -37.8194 407.7561 177.5036 -166.3804 11.4380 61.0562 100.0000 stroke5
movl 0 -38.3465 408.7267 177.3195 -167.1170 12.2209 61.0428 100.0000 stroke5
movl 0 -39.8203 409.4309 176.8950 -167.9223 12.5588 60.9676 100.0000 stroke5
movl 0 -37.4962 405.2219 178.3531 -165.3373 10.2033 60.5642 100.0000 stroke5
movl 0 -35.1993 394.0295 183.9481 -159.8208 1.7950 60.8003 100.0000 stroke5
movl 0 -22.2921 383.1669 225.4800 -149.1524 -16.3363 64.9508 100.0000 stroke5
movl 0 -17.0893 382.5477 203.2871 -149.2278 -8.9262 69.0917 100.0000 stroke6
movl 0 -20.8229 382.0855 180.1116 -152.4758 -5.6702 66.3771 100.0000 stroke6
movl 0 -30.8851 380.1672 176.7390 -155.8665 -7.6014 66.7539 100.0000 stroke6
movl 0 -32.9524 380.9218 175.7863 -156.7311 -7.9053 67.6884 100.0000 stroke6
movl 0 -34.2918 382.0342 174.9831 -157.5154 -7.6463 68.3891 100.0000 stroke6
movl 0 -38.2693 382.4134 174.6961 -159.4626 -7.9846 67.7353 100.0000 stroke6
movl 0 -41.2480 382.1446 174.5456 -160.8491 -8.3383 67.2571 100.0000 stroke6
movl 0 -42.4887 382.7783 174.3629 -161.7560 -8.3881 65.8787 100.0000 stroke6
movl 0 -42.1624 384.4672 174.2047 -162.4515 -7.9343 63.9098 100.0000 stroke6
movl 0 -41.3429 386.6796 173.8875 -163.1139 -7.4123 61.5119 100.0000 stroke6
movl 0 -40.2696 387.2774 173.8836 -162.9445 -7.1095 61.0157 100.0000 stroke6
movl 0 -37.4872 386.1049 174.5098 -161.6405 -7.1715 61.3185 100.0000 stroke6
movl 0 -36.5414 385.8027 174.7160 -161.3489 -7.1599 61.1426 100.0000 stroke6
movl 0 -36.2285 387.1303 174.8542 -161.7399 -6.1378 60.6553 100.0000 stroke6
movl 0 -35.8435 388.3348 175.0683 -162.3149 -5.1775 60.0330 100.0000 stroke6
movl 0 -34.8821 388.6082 175.0473 -161.8069 -4.7605 60.5890 100.0000 stroke6
movl 0 -30.6019 386.4003 175.9712 -159.2409 -4.5462 62.8726 100.0000 stroke6
movl 0 -28.2777 382.6306 187.3749 -155.5332 -5.9964 66.3156 100.0000 stroke6
movl 0 -13.8701 369.2760 218.5882 -148.8178 -10.9345 76.5804 100.0000 stroke7
movl 0 -16.8523 371.7513 182.8110 -151.8203 -8.2939 74.8659 100.0000 stroke7
movl 0 -24.6372 371.1234 177.1276 -154.7957 -8.7554 72.8459 100.0000 stroke7
movl 0 -27.8212 374.0020 176.2143 -156.6120 -7.2937 72.4152 100.0000 stroke7
movl 0 -28.2728 375.1965 175.7643 -156.9453 -6.3837 71.9419 100.0000 stroke7
movl 0 -31.7990 376.8578 175.4208 -158.6435 -5.7913 70.1198 100.0000 stroke7
movl 0 -34.9610 377.8495 175.0171 -160.3288 -5.4649 68.0643 100.0000 stroke7
movl 0 -36.9519 377.4580 174.8947 -161.1235 -5.8259 66.8500 100.0000 stroke7
movl 0 -36.5161 378.1383 174.7053 -161.5961 -5.7181 65.3207 100.0000 stroke7
movl 0 -35.7542 379.7969 174.4269 -162.3218 -5.4174 63.3722 100.0000 stroke7
movl 0 -34.5433 381.4099 174.1324 -162.6247 -5.0152 62.0983 100.0000 stroke7
movl 0 -31.7338 379.3509 174.7552 -160.9734 -5.3827 62.7201 100.0000 stroke7
movl 0 -31.8715 379.4728 174.8693 -161.2130 -5.3501 62.4601 100.0000 stroke7
movl 0 -32.1418 380.6880 175.0537 -162.0713 -4.3336 61.7693 100.0000 stroke7
movl 0 -31.7370 381.1938 175.0588 -161.8633 -3.6969 61.8724 100.0000 stroke7
movl 0 -27.8018 379.2473 176.1541 -159.4983 -3.2068 63.1638 100.0000 stroke7
movl 0 -23.7991 370.7959 189.9774 -154.5580 -5.6056 63.8306 100.0000 stroke7
movl 0 -20.2202 360.2400 236.2919 -148.5740 -8.4783 69.7214 100.0000 stroke8
movl 0 -18.8713 363.7065 185.9757 -152.7217 -4.1833 68.5331 100.0000 stroke8
movl 0 -24.6090 361.1205 178.9778 -155.1199 -5.3513 67.7210 100.0000 stroke8
movl 0 -30.4571 362.4659 176.5674 -157.4548 -5.5013 67.9354 100.0000 stroke8
movl 0 -30.0605 364.9674 175.7798 -157.6711 -4.4920 67.5823 100.0000 stroke8
movl 0 -32.6836 365.5662 175.2025 -158.9092 -4.6317 66.7274 100.0000 stroke8
movl 0 -36.3908 365.7895 174.9319 -160.7482 -4.9790 65.2489 100.0000 stroke8
movl 0 -38.0068 366.3220 174.8792 -161.8903 -5.0498 63.2426 100.0000 stroke8
movl 0 -38.6158 367.7038 174.6497 -163.0876 -4.8805 61.4879 100.0000 stroke8
movl 0 -38.0361 370.1843 174.1860 -164.2934 -4.5035 58.8813 100.0000 stroke8
movl 0 -38.8100 369.9504 174.1267 -164.8039 -4.9671 57.7420 100.0000 stroke8
movl 0 -33.7483 367.6452 175.3034 -162.2025 -5.1174 57.3892 100.0000 stroke8
movl 0 -33.1658 368.2875 175.5293 -162.5340 -4.5189 57.1431 100.0000 stroke8
movl 0 -32.6051 370.0566 175.8939 -163.4944 -2.9601 57.0369 100.0000 stroke8
movl 0 -32.4347 371.2024 175.6434 -163.7549 -2.4169 56.9406 100.0000 stroke8
movl 0 -31.7693 372.1645 175.5010 -163.4358 -1.4381 57.7392 100.0000 stroke8
movl 0 -24.8109 365.5222 177.3042 -157.4718 -2.4031 59.9013 100.0000 stroke8
movl 0 -23.7355 354.7287 205.9308 -149.6472 -8.8268 63.3242 100.0000 stroke8
movl 0 -27.7987 361.8293 240.7475 -145.6218 -3.8458 69.4725 100.0000 stroke9
movl 0 -33.2902 362.0901 183.2426 -151.6729 0.9328 69.5992 100.0000 stroke9
movl 0 -37.4331 355.5293 176.9939 -152.6714 -0.7646 69.2285 100.0000 stroke9
movl 0 -41.0750 356.1658 174.7213 -153.8736 -0.6853 69.2632 100.0000 stroke9
movl 0 -43.9871 356.9511 173.9719 -154.8037 -0.5195 69.5627 100.0000 stroke9
movl 0 -46.8302 358.5303 173.2651 -156.0747 0.5935 69.7857 100.0000 stroke9
movl 0 -49.0623 360.7203 172.8048 -157.3771 2.4447 70.0231 100.0000 stroke9
movl 0 -50.8768 362.4478 172.2261 -158.2252 3.9998 71.1580 100.0000 stroke9
movl 0 -51.9419 364.0274 171.6533 -158.7675 5.3439 71.8834 100.0000 stroke9
movl 0 -53.5824 365.4819 170.9758 -159.3109 6.5637 73.2921 100.0000 stroke9
movl 0 -53.6130 365.1682 171.0395 -159.0902 6.7566 74.4720 100.0000 stroke9
movl 0 -50.6529 362.7106 172.1705 -157.6406 5.0903 74.9158 100.0000 stroke9
movl 0 -47.7854 359.9966 173.1946 -155.9278 3.2819 74.7783 100.0000 stroke9
movl 0 -49.1876 360.6824 172.9760 -156.8086 3.6348 74.4851 100.0000 stroke9
movl 0 -51.0286 362.1683 172.7296 -158.3039 5.0473 74.1230 100.0000 stroke9
movl 0 -52.1390 361.9771 172.7534 -158.8328 5.1923 73.7778 100.0000 stroke9
movl 0 -52.1424 361.6924 173.0065 -159.1474 4.1083 71.5043 100.0000 stroke9
movl 0 -40.3795 355.8577 181.7023 -154.1692 -0.3599 67.6409 100.0000 stroke9
movl 0 -42.4994 349.8502 239.2620 -150.2372 -10.4301 65.1294 100.0000 stroke9
movl 0 -39.5421 360.3239 212.9398 -152.9882 -6.0545 74.7718 100.0000 stroke10
movl 0 -42.2951 355.3146 186.5478 -155.6180 -3.8600 74.2448 100.0000 stroke10
movl 0 -43.7104 351.6502 178.1575 -155.9070 -4.4110 73.9477 100.0000 stroke10
movl 0 -43.8993 353.5494 176.5864 -156.2745 -4.2131 73.2198 100.0000 stroke10
movl 0 -47.1314 357.1795 175.3938 -158.5015 -2.4441 72.5424 100.0000 stroke10
movl 0 -48.6641 359.7738 175.2897 -160.5508 -0.3529 71.3854 100.0000 stroke10
movl 0 -49.3732 361.1548 175.5582 -161.9055 0.9062 70.2874 100.0000 stroke10
movl 0 -49.2570 361.5976 175.6187 -163.0420 1.6673 69.5442 100.0000 stroke10
movl 0 -48.1828 361.5782 175.6716 -163.6545 2.1345 69.1055 100.0000 stroke10
movl 0 -46.1337 361.4006 175.7445 -163.9607 2.4029 68.8508 100.0000 stroke10
movl 0 -44.9767 361.3501 175.8920 -164.5573 2.5155 68.4929 100.0000 stroke10
movl 0 -43.6983 361.6753 175.8512 -165.3210 2.5764 68.0294 100.0000 stroke10
movl 0 -41.1223 362.2015 175.8099 -166.0423 2.6684 67.3863 100.0000 stroke10
movl 0 -38.8604 363.0298 175.6845 -166.9061 2.6467 66.8733 100.0000 stroke10
movl 0 -36.2835 364.5266 175.5432 -167.7204 2.6621 66.1082 100.0000 stroke10
movl 0 -32.9316 366.7839 175.3103 -168.6927 2.6294 64.8606 100.0000 stroke10
movl 0 -28.7716 369.8497 175.1206 -169.3460 2.6855 62.5813 100.0000 stroke10
movl 0 -27.7352 369.0916 175.7276 -168.6585 2.6213 62.7611 100.0000 stroke10
movl 0 -24.3988 367.5284 176.3372 -167.4276 3.4299 63.4766 100.0000 stroke10
movl 0 -22.2645 368.1622 176.5862 -167.3310 4.1888 62.7175 100.0000 stroke10
movl 0 -20.0257 369.0705 176.7984 -167.2802 4.8467 61.7689 100.0000 stroke10
movl 0 -16.3845 370.2258 176.8923 -167.1154 5.4626 60.6623 100.0000 stroke10
movl 0 -11.6259 370.9004 176.9996 -165.4867 6.3858 61.0495 100.0000 stroke10
movl 0 4.9423 370.6457 175.0530 -156.9800 8.1006 66.6935 100.0000 stroke10
movl 0 3.2987 376.5639 172.6549 -158.2230 9.8790 68.0000 100.0000 stroke10
movl 0 -3.3535 378.7181 172.4246 -162.6932 9.1226 65.0756 100.0000 stroke10
movl 0 -8.4151 378.6203 172.7203 -164.0347 7.3891 64.2686 100.0000 stroke10
movl 0 -10.2094 378.1229 173.0336 -163.7712 6.4444 64.2357 100.0000 stroke10
movl 0 -10.9335 376.2419 173.3827 -163.0463 5.5660 64.3191 100.0000 stroke10
movl 0 -11.9812 375.0222 173.6377 -162.5052 4.7051 64.5225 100.0000 stroke10
movl 0 -12.6187 374.6729 173.7099 -162.1001 4.0345 64.6381 100.0000 stroke10
movl 0 -12.8469 373.4535 173.8489 -161.9536 3.6569 65.0722 100.0000 stroke10
movl 0 -12.8132 372.8135 173.7722 -161.4972 3.3897 65.5962 100.0000 stroke10
movl 0 -13.1281 371.4557 173.2713 -160.6104 2.1409 66.5275 100.0000 stroke10
movl 0 -13.3572 370.3109 173.1756 -160.1518 1.3330 67.3006 100.0000 stroke10
movl 0 -13.2282 368.9323 173.0619 -159.5609 0.4134 68.2828 100.0000 stroke10
movl 0 -13.1812 367.6325 173.0741 -159.0818 -0.5614 69.5210 100.0000 stroke10
movl 0 -13.6904 365.9731 173.2594 -158.8504 -1.5028 70.5638 100.0000 stroke10
movl 0 -14.0982 364.3563 173.4637 -158.6265 -2.4342 71.7979 100.0000 stroke10
movl 0 -14.5285 363.1881 173.6600 -158.5824 -3.1072 72.6024 100.0000 stroke10
movl 0 -14.6600 362.3131 173.8245 -158.5245 -3.6972 73.3245 100.0000 stroke10
movl 0 -14.8407 361.5345 173.9744 -158.4831 -4.1462 73.8672 100.0000 stroke10
movl 0 -14.7499 360.4855 174.2607 -158.3219 -4.6151 74.3017 100.0000 stroke10
movl 0 -15.1036 355.9410 175.5147 -157.8213 -5.8992 74.2699 100.0000 stroke10
movl 0 -21.5426 337.9377 186.9829 -155.2716 -12.2615 74.6634 100.0000 stroke10
movl 0 -34.9844 316.4640 240.0015 -150.2622 -24.0045 77.3367 100.0000 stroke10
movl 0 -31.9660 328.2972 191.1027 -157.8635 -20.1047 82.4397 100.0000 stroke11
movl 0 -33.3938 331.2120 177.3771 -159.6533 -18.1318 82.1392 100.0000 stroke11
movl 0 -34.5178 333.3311 177.1433 -160.3059 -17.1160 81.8587 100.0000 stroke11
movl 0 -38.2185 336.5572 175.7658 -161.3753 -15.8546 81.9852 100.0000 stroke11
movl 0 -41.4801 337.7100 174.8015 -161.8153 -15.1296 82.9195 100.0000 stroke11
movl 0 -43.5038 337.9083 174.3399 -162.0490 -14.9955 83.1356 100.0000 stroke11
movl 0 -44.6749 339.0478 174.1367 -162.7467 -13.9323 82.4430 100.0000 stroke11
movl 0 -46.9256 339.4044 174.1453 -163.8986 -13.0602 81.4741 100.0000 stroke11
movl 0 -49.1989 339.7504 174.0471 -164.9804 -12.3886 80.5321 100.0000 stroke11
movl 0 -51.3976 340.1384 174.1807 -166.1302 -11.5255 79.1748 100.0000 stroke11
movl 0 -53.8717 339.1193 174.1134 -166.9466 -11.6273 78.6127 100.0000 stroke11
movl 0 -56.1630 337.8551 173.7146 -167.2774 -12.7630 78.5520 100.0000 stroke11
movl 0 -57.4315 337.4446 173.3995 -167.5293 -13.4623 78.1952 100.0000 stroke11
movl 0 -57.9062 337.9513 173.0966 -167.7411 -13.9216 77.7892 100.0000 stroke11
movl 0 -56.5248 338.3002 173.3930 -167.3467 -13.5466 77.9980 100.0000 stroke11
movl 0 -57.7274 336.7046 173.2495 -167.7120 -13.7545 78.5904 100.0000 stroke11
movl 0 -57.4316 338.7027 173.0994 -167.8134 -13.8586 77.0750 100.0000 stroke11
movl 0 -56.8270 339.3064 173.1254 -167.8233 -13.9346 76.4952 100.0000 stroke11
movl 0 -55.7379 339.7355 173.3666 -167.6047 -13.9748 75.9728 100.0000 stroke11
movl 0 -54.5849 339.9410 173.6290 -167.3229 -14.0510 75.7511 100.0000 stroke11
movl 0 -53.1287 340.0398 173.9246 -166.9024 -14.0482 75.4591 100.0000 stroke11
movl 0 -51.9328 340.0186 174.2242 -166.5433 -14.1317 75.1943 100.0000 stroke11
movl 0 -50.7657 339.3364 174.5550 -166.0644 -14.3691 75.0307 100.0000 stroke11
movl 0 -48.9887 336.6821 175.6605 -165.1041 -15.3123 75.0260 100.0000 stroke11
movl 0 -49.8127 331.0379 184.0665 -163.9289 -17.7029 75.6386 100.0000 stroke11
movl 0 -53.7155 321.1189 228.6095 -160.7926 -24.4551 76.7344 100.0000 stroke11
movl 0 -25.6662 345.0941 215.3501 -157.0915 -11.8315 73.1788 100.0000 stroke12
movl 0 -16.5223 350.4518 181.9146 -157.6861 -7.2880 70.4116 100.0000 stroke12
movl 0 -18.0421 354.3429 180.7947 -158.3241 -7.0404 70.0846 100.0000 stroke12
movl 0 -18.8638 355.9834 179.9835 -158.7697 -6.1332 69.7176 100.0000 stroke12
movl 0 -22.7435 358.2911 178.8002 -160.4863 -5.5628 68.7679 100.0000 stroke12
movl 0 -26.5332 360.4713 178.0009 -162.4769 -5.0389 67.0209 100.0000 stroke12
movl 0 -30.8035 363.3112 177.5224 -164.9496 -4.5863 64.8680 100.0000 stroke12
movl 0 -33.4290 367.2162 176.6625 -167.1719 -3.7063 62.2799 100.0000 stroke12
movl 0 -33.6078 372.1002 176.0280 -168.6921 -2.1975 61.0782 100.0000 stroke12
movl 0 -25.8732 379.5996 175.7969 -167.9948 1.3291 59.4354 100.0000 stroke12
movl 0 -14.4482 389.2526 174.2979 -166.7317 5.5913 57.6514 100.0000 stroke12
movl 0 -9.8133 396.1725 172.5617 -166.9822 8.6840 56.8774 100.0000 stroke12
movl 0 -7.7377 400.0314 171.6752 -167.8938 11.6512 56.4817 100.0000 stroke12
movl 0 -6.5567 398.5046 172.6475 -167.0567 10.9968 56.5442 100.0000 stroke12
movl 0 -7.3512 398.7750 172.4747 -167.6976 11.0655 56.1237 100.0000 stroke12
movl 0 -6.6622 397.5376 172.7527 -167.9340 11.8566 55.9505 100.0000 stroke12
movl 0 -5.8961 395.1177 173.8275 -167.0418 11.1439 56.0413 100.0000 stroke12
movl 0 -6.1607 391.0911 174.8918 -165.7793 8.8850 56.3624 100.0000 stroke12
movl 0 -7.3164 391.6819 174.8241 -167.2380 9.9479 55.3323 100.0000 stroke12
movl 0 -7.9336 389.6680 175.5371 -167.3520 9.7325 55.1552 100.0000 stroke12
movl 0 -7.4579 384.8660 176.8596 -165.4829 7.4535 55.8292 100.0000 stroke12
movl 0 -7.9826 385.7736 176.8185 -166.6921 8.3429 54.9639 100.0000 stroke12
movl 0 -8.6149 385.1061 177.1855 -167.2259 8.5378 54.5185 100.0000 stroke12
movl 0 -9.7098 383.8481 177.4819 -167.0397 7.9273 54.8253 100.0000 stroke12
movl 0 -9.6454 381.6080 178.1214 -165.9304 6.9559 55.6364 100.0000 stroke12
movl 0 -9.6624 379.4664 178.8218 -165.2192 6.3203 56.1066 100.0000 stroke12
movl 0 -10.9379 371.7982 181.8338 -163.5846 3.9508 56.3998 100.0000 stroke12
movl 0 -20.8040 358.1974 198.1385 -161.8162 -1.4866 58.1090 100.0000 stroke12
