movl 0 -34.4685 391.8629 163.8242 -177.6957 26.3558 -21.3481 100.0000 stroke1
movl 0 -35.1623 393.4059 163.7425 179.9567 25.4111 -23.9121 100.0000 stroke1
movl 0 -35.5288 391.9632 164.1917 -179.3525 25.5542 -24.3496 100.0000 stroke1
movl 0 -37.1971 390.4201 164.4452 -177.8761 25.3233 -23.4455 100.0000 stroke1
movl 0 -40.0686 388.5352 164.7870 -177.0798 24.3616 -23.2429 100.0000 stroke1
movl 0 -40.3948 387.6453 164.9104 -176.3419 24.7910 -22.6771 100.0000 stroke1
movl 0 -40.3606 387.3655 165.1841 -176.1516 24.9959 -22.9162 100.0000 stroke1
movl 0 -37.2963 383.0260 165.7174 -173.1351 26.9314 -21.2281 100.0000 stroke1
movl 0 -37.4971 382.8218 165.1788 -172.0162 26.8008 -20.0611 100.0000 stroke1
movl 0 -39.4942 386.9131 165.1173 -176.4065 25.5153 -23.2970 100.0000 stroke1
movl 0 -40.3185 387.4737 164.9649 -177.2968 24.4946 -24.0748 100.0000 stroke1
movl 0 -41.3011 387.3318 164.9341 -176.9641 24.1842 -23.8880 100.0000 stroke1
movl 0 -42.8972 386.5477 165.1091 -175.4529 23.8482 -23.4041 100.0000 stroke1
movl 0 -43.4878 386.2639 165.2220 -174.3763 23.7647 -23.2418 100.0000 stroke1
movl 0 -42.7625 386.3007 165.2525 -173.6742 23.9007 -23.4141 100.0000 stroke1
movl 0 -41.3045 386.1824 165.4151 -172.9319 23.9915 -22.7584 100.0000 stroke1
movl 0 -36.9294 384.3430 166.7022 -171.7887 25.3036 -22.5047 100.0000 stroke1
movl 0 -19.8891 372.8699 176.1772 -161.3910 30.7746 -9.2347 100.0000 stroke1
movl 0 -14.8366 354.1498 208.6875 -135.0303 19.3544 18.9839 100.0000 stroke1
movl 0 -14.7356 350.4612 243.3584 -124.0234 3.1691 30.4533 100.0000 stroke1
movl 0 -5.7407 373.6296 233.1841 -134.6103 18.8578 25.3805 100.0000 stroke1
movl 0 1.5198 392.2526 184.2375 -151.9385 27.4876 14.8883 100.0000 stroke1
movl 0 -0.2258 397.0758 169.5448 -160.6357 26.2664 8.4660 100.0000 stroke1
movl 0 -5.3959 395.2198 166.7172 -160.8882 24.2594 6.5129 100.0000 stroke1
movl 0 -6.6435 395.2132 166.1607 -160.4343 23.4550 6.9589 100.0000 stroke1
movl 0 -8.0168 397.3754 164.5868 -160.4622 22.7435 7.9885 100.0000 stroke1
movl 0 -10.7984 403.6121 163.9224 -165.7424 22.3128 4.5215 100.0000 stroke1
movl 0 -10.6884 407.7558 163.8939 -170.1011 22.2994 -0.2244 100.0000 stroke1
movl 0 -9.7917 409.4870 163.6001 -171.8130 22.7693 -2.3346 100.0000 stroke1
movl 0 -9.2950 410.6126 163.4598 -173.4772 23.7328 -3.1519 100.0000 stroke1
movl 0 -9.0786 410.0930 163.7024 -174.0941 24.6547 -3.0733 100.0000 stroke1
movl 0 -7.7088 408.3506 164.1935 -173.8149 26.1593 -2.7732 100.0000 stroke1
movl 0 -2.1866 397.3647 170.6382 -165.7936 32.4140 1.0432 100.0000 stroke1
movl 0 -14.3992 384.9106 200.3726 -144.0677 30.3440 15.9660 100.0000 stroke1
movl 0 -4.7775 422.9939 230.3698 -152.5188 33.1477 21.8004 100.0000 stroke2
movl 0 -1.3291 415.8752 178.9462 -159.6828 33.5413 11.7350 100.0000 stroke2
movl 0 -9.6527 410.5686 167.5203 -163.9187 30.3857 3.4936 100.0000 stroke2
movl 0 -15.9263 410.2177 164.9699 -164.4506 27.5264 2.2141 100.0000 stroke2
movl 0 -18.4902 411.8903 163.8079 -165.5447 26.7699 1.7440 100.0000 stroke2
movl 0 -25.0188 419.0821 163.1346 -172.8368 24.5374 -4.4740 100.0000 stroke2
movl 0 -26.1330 423.9796 163.5005 -179.1497 23.1307 -11.8543 100.0000 stroke2
movl 0 -24.7404 425.4408 164.1521 177.8942 22.6824 -16.1153 100.0000 stroke2
movl 0 -24.1127 425.6796 165.1130 175.0409 22.1098 -20.0668 100.0000 stroke2
movl 0 -24.3303 426.2518 166.1408 171.8961 20.9394 -23.4831 100.0000 stroke2
movl 0 -25.5740 426.4223 166.7241 169.4605 20.1448 -25.2887 100.0000 stroke2
movl 0 -27.1887 425.8755 167.2099 167.9634 19.5661 -26.1342 100.0000 stroke2
movl 0 -28.0709 424.3259 167.7367 167.3555 19.6026 -26.3071 100.0000 stroke2
movl 0 -28.5974 422.6831 168.4072 167.2199 20.0984 -25.8485 100.0000 stroke2
movl 0 -28.5074 420.6474 169.5521 167.1354 21.0858 -25.6042 100.0000 stroke2
movl 0 -25.2951 411.5166 181.0921 169.6344 27.5459 -24.1298 100.0000 stroke2
movl 0 -28.8848 392.4302 219.9598 -170.1603 41.1007 -6.1847 100.0000 stroke2
movl 0 -17.3135 400.5648 215.8391 -179.5033 38.1825 -18.7103 100.0000 stroke3
movl 0 -7.3306 402.1789 174.9174 165.9427 29.6867 -41.8804 100.0000 stroke3
movl 0 -9.9713 402.9175 173.4388 164.3409 26.1002 -47.3175 100.0000 stroke3
movl 0 -12.2938 405.4697 170.9869 163.2766 23.6578 -49.6397 100.0000 stroke3
movl 0 -13.2967 407.9419 169.5721 162.9466 22.2640 -50.9591 100.0000 stroke3
movl 0 -16.9308 408.9203 169.5914 164.1429 20.5014 -51.3669 100.0000 stroke3
movl 0 -21.5434 410.4243 170.1592 165.2768 17.0983 -53.3942 100.0000 stroke3
movl 0 -23.6809 412.6209 170.4199 165.4786 14.5554 -56.0709 100.0000 stroke3
movl 0 -25.5921 414.4055 170.8356 166.1756 11.9828 -59.2747 100.0000 stroke3
movl 0 -27.5725 416.1941 171.1266 167.2414 9.4816 -62.0246 100.0000 stroke3
movl 0 -28.6413 416.2556 171.6634 167.9412 8.5113 -63.5134 100.0000 stroke3
movl 0 -29.9076 414.9605 172.5734 167.8632 7.7453 -64.0361 100.0000 stroke3
movl 0 -28.9043 413.6053 173.2292 167.7517 7.9645 -64.3393 100.0000 stroke3
movl 0 -28.1252 412.6803 173.6829 167.6126 7.8936 -64.5796 100.0000 stroke3
movl 0 -26.5810 411.0919 174.2177 167.3509 8.2670 -64.7144 100.0000 stroke3
movl 0 -25.0702 410.2585 174.7138 167.0399 8.5460 -64.8573 100.0000 stroke3
movl 0 -24.5504 409.2992 174.9937 166.8885 8.8867 -64.7236 100.0000 stroke3
movl 0 -16.3434 399.0027 179.8389 166.1048 19.9110 -55.5452 100.0000 stroke3
movl 0 -15.6790 367.7283 233.5194 -166.0113 40.0183 -21.1295 100.0000 stroke3
movl 0 -13.1691 382.3564 182.5031 -155.1762 30.4920 21.8285 100.0000 stroke4
movl 0 -15.7513 373.1693 163.6186 -160.4174 27.9348 13.0290 100.0000 stroke4
movl 0 -21.2438 372.4506 163.9926 -162.1870 25.6036 11.4466 100.0000 stroke4
movl 0 -22.8288 371.3273 163.7649 -161.3292 24.9630 12.3318 100.0000 stroke4
movl 0 -26.5897 375.2509 162.7706 -164.9739 24.3188 10.7102 100.0000 stroke4
movl 0 -30.1101 379.4995 162.5567 -170.8304 24.4481 7.4449 100.0000 stroke4
movl 0 -30.6030 379.1061 162.7360 -170.6237 24.5188 8.0918 100.0000 stroke4
movl 0 -29.6193 379.5172 162.8326 -171.3594 24.0020 7.3594 100.0000 stroke4
movl 0 -32.1083 378.2214 163.4300 -170.6607 23.0560 7.7224 100.0000 stroke4
movl 0 -32.5013 376.3401 163.8465 -168.4619 22.2510 8.3906 100.0000 stroke4
movl 0 -33.0529 375.6373 164.0540 -167.3271 21.3502 8.2719 100.0000 stroke4
movl 0 -31.7416 375.6503 164.1241 -166.7880 21.2238 7.8166 100.0000 stroke4
movl 0 -28.4769 375.2072 164.6403 -165.8550 21.6076 7.3731 100.0000 stroke4
movl 0 -17.4502 365.5125 172.5804 -158.2541 24.2567 12.5161 100.0000 stroke4
movl 0 -13.8441 347.4324 218.5454 -138.0240 14.2907 30.9842 100.0000 stroke4
movl 0 -3.2869 369.1231 248.6534 -136.7902 0.2292 51.8506 100.0000 stroke5
movl 0 7.6184 384.0816 186.2019 -149.6998 20.7754 37.5497 100.0000 stroke5
movl 0 7.6095 382.2243 164.9330 -156.3435 22.5115 26.8181 100.0000 stroke5
movl 0 2.0973 379.0952 166.2289 -156.8724 20.3186 25.0971 100.0000 stroke5
movl 0 0.3894 379.2198 165.6769 -157.0302 19.6476 25.4735 100.0000 stroke5
movl 0 -0.9371 381.1618 164.5676 -157.6458 19.3722 25.7297 100.0000 stroke5
movl 0 -3.5258 386.7292 163.8255 -162.6466 19.9460 23.0512 100.0000 stroke5
movl 0 -2.4844 391.1742 163.4058 -166.0205 20.9465 20.0932 100.0000 stroke5
movl 0 -0.4690 393.1497 162.6752 -166.9105 22.1834 19.5143 100.0000 stroke5
movl 0 -0.9298 392.8800 162.6195 -166.7624 23.0007 20.6952 100.0000 stroke5
movl 0 -1.5180 391.8340 162.9596 -166.2465 23.6404 21.7631 100.0000 stroke5
movl 0 -0.7580 390.5358 162.8787 -165.1677 24.3545 22.6902 100.0000 stroke5
movl 0 2.2170 384.2712 163.8800 -157.5933 24.8235 27.3582 100.0000 stroke5
movl 0 -8.8019 373.8791 196.1990 -141.0089 12.9984 41.9726 100.0000 stroke5
movl 0 -8.8819 409.6325 192.1173 -152.1979 26.4602 38.5637 100.0000 stroke6
movl 0 -10.5854 400.5721 167.6336 -156.8643 23.3385 30.8258 100.0000 stroke6
movl 0 -16.4409 400.5938 167.7914 -160.3671 21.3332 29.0218 100.0000 stroke6
movl 0 -17.4251 401.5583 167.9231 -162.0728 21.1075 27.5438 100.0000 stroke6
movl 0 -21.5878 405.7395 167.1224 -165.6377 20.8614 25.5509 100.0000 stroke6
movl 0 -23.2023 410.1867 166.5576 -169.7806 21.0117 21.6676 100.0000 stroke6
movl 0 -21.6494 413.7712 165.9297 -172.8017 21.9239 17.8772 100.0000 stroke6
movl 0 -21.7590 414.9406 166.1283 -174.9370 22.3273 15.2631 100.0000 stroke6
movl 0 -21.9100 416.0189 166.3621 -177.9209 22.7864 11.7736 100.0000 stroke6
movl 0 -22.6425 416.3049 166.6432 179.7211 22.9200 8.9413 100.0000 stroke6
movl 0 -23.3557 416.5350 166.8294 177.3695 22.9321 6.1712 100.0000 stroke6
movl 0 -24.3240 416.4614 167.0134 175.5301 22.8443 4.3146 100.0000 stroke6
movl 0 -25.8117 415.8504 167.1427 174.2925 22.7473 3.4607 100.0000 stroke6
movl 0 -27.3020 414.9783 167.3106 173.1239 22.5597 2.6495 100.0000 stroke6
movl 0 -29.2922 413.8772 167.4196 172.4108 22.5769 2.7256 100.0000 stroke6
movl 0 -32.3630 412.2075 167.5365 171.9873 22.4330 3.3099 100.0000 stroke6
movl 0 -35.6941 410.1802 167.8791 171.9065 22.4527 3.9963 100.0000 stroke6
movl 0 -38.6553 408.5875 168.3024 171.9801 22.5947 4.5185 100.0000 stroke6
movl 0 -41.5647 407.2847 168.8748 172.2173 22.7610 4.9997 100.0000 stroke6
movl 0 -43.4945 406.6432 169.3670 172.5499 22.9849 5.2515 100.0000 stroke6
movl 0 -44.2694 406.2893 169.7580 172.7498 23.1430 5.2655 100.0000 stroke6
movl 0 -45.5592 406.3189 170.0217 172.8030 23.2349 5.3004 100.0000 stroke6
movl 0 -46.3127 405.1946 171.6796 173.5405 23.6427 5.4532 100.0000 stroke6
movl 0 -43.6551 395.3957 196.2207 -178.1291 27.4917 8.2273 100.0000 stroke6
movl 0 -23.2481 371.3551 219.0361 -164.5027 30.1311 1.2637 100.0000 stroke7
movl 0 -26.9030 362.9518 181.8476 -169.6491 27.7894 -7.4735 100.0000 stroke7
movl 0 -31.6292 363.5870 179.1609 -175.2070 24.0432 -17.0094 100.0000 stroke7
movl 0 -35.9134 367.1552 176.8373 -176.1320 22.0192 -19.2013 100.0000 stroke7
movl 0 -37.5925 368.9230 174.8782 -175.6351 22.0297 -18.1164 100.0000 stroke7
movl 0 -40.3650 370.0880 173.7635 -174.4883 20.7688 -17.1985 100.0000 stroke7
movl 0 -44.0781 372.3338 173.4828 -175.6067 18.8413 -18.8403 100.0000 stroke7
movl 0 -46.3837 372.8064 173.8497 -176.2032 17.4549 -20.1211 100.0000 stroke7
movl 0 -46.0009 373.7147 174.3764 -177.1418 16.9787 -21.3159 100.0000 stroke7
movl 0 -46.1084 374.5935 175.0245 -178.1381 16.2462 -22.5424 100.0000 stroke7
movl 0 -46.4589 376.0018 175.8093 -179.3963 15.0667 -24.1375 100.0000 stroke7
movl 0 -47.9083 379.0236 176.5584 178.6327 12.4962 -27.1806 100.0000 stroke7
movl 0 -51.2723 381.6449 176.9463 177.4772 9.6001 -30.4547 100.0000 stroke7
movl 0 -54.9980 384.2793 177.1454 176.7046 6.3545 -34.5207 100.0000 stroke7
movl 0 -58.3660 386.8589 177.0092 176.2794 3.4157 -38.5280 100.0000 stroke7
movl 0 -61.7980 389.2669 176.4761 176.3799 0.7421 -42.0118 100.0000 stroke7
movl 0 -64.9334 391.3509 175.9300 176.7448 -1.6487 -45.1737 100.0000 stroke7
movl 0 -67.7044 392.8947 175.3798 177.3318 -3.5903 -47.7613 100.0000 stroke7
movl 0 -68.7113 393.9376 175.0893 177.7023 -4.6748 -50.0679 100.0000 stroke7
movl 0 -69.7661 394.3532 174.9301 178.1931 -5.6440 -52.3766 100.0000 stroke7
movl 0 -71.4995 392.8032 175.2549 179.1522 -5.5383 -56.9425 100.0000 stroke7
movl 0 -69.9973 393.5389 175.5117 179.7901 -5.0926 -61.8365 100.0000 stroke7
movl 0 -67.1177 394.9407 175.5564 179.5713 -5.1191 -64.0568 100.0000 stroke7
movl 0 -67.2606 391.6457 176.6049 178.7250 -4.6193 -61.8904 100.0000 stroke7
movl 0 -64.5625 394.1983 176.4482 178.6853 -4.8032 -63.0098 100.0000 stroke7
movl 0 -62.0363 395.2918 176.5411 178.4495 -4.8657 -62.8058 100.0000 stroke7
movl 0 -63.9960 391.7333 177.1973 178.1319 -4.3710 -58.9425 100.0000 stroke7
movl 0 -60.5753 393.9602 177.1182 177.9181 -4.5837 -58.8538 100.0000 stroke7
movl 0 -58.5199 395.1876 177.1353 177.8342 -4.8429 -59.0033 100.0000 stroke7
movl 0 -57.9631 394.3918 177.5646 177.9110 -4.6765 -59.2629 100.0000 stroke7
movl 0 -55.6149 394.5310 178.0242 177.7846 -4.4922 -59.8990 100.0000 stroke7
movl 0 -53.8974 394.8252 178.3557 177.4966 -4.5027 -60.3797 100.0000 stroke7
movl 0 -51.9783 394.9379 178.6241 177.3440 -4.4628 -61.0252 100.0000 stroke7
movl 0 -49.7547 395.0193 178.9639 177.1412 -4.4114 -61.7994 100.0000 stroke7
movl 0 -47.8400 394.7378 179.4211 176.9041 -4.1612 -62.0515 100.0000 stroke7
movl 0 -45.9618 394.6526 179.8738 176.6058 -3.9258 -62.1442 100.0000 stroke7
movl 0 -44.5778 394.3708 180.3797 176.3943 -3.6730 -62.3647 100.0000 stroke7
movl 0 -43.3486 393.7907 180.8104 176.1704 -3.4366 -62.5516 100.0000 stroke7
movl 0 -42.4144 393.5983 181.2130 176.0191 -3.1974 -62.7517 100.0000 stroke7
movl 0 -41.0799 393.6097 181.5718 175.8538 -3.0435 -63.0645 100.0000 stroke7
movl 0 -40.0176 393.4300 181.9591 175.6821 -2.8203 -63.2099 100.0000 stroke7
movl 0 -38.5010 392.7841 182.5995 175.4466 -2.3249 -63.2625 100.0000 stroke7
movl 0 -37.0176 391.8890 183.3888 175.2356 -1.7418 -63.3271 100.0000 stroke7
movl 0 -35.8790 391.0129 184.1890 175.0604 -1.3222 -63.4397 100.0000 stroke7
movl 0 -34.5089 390.3743 184.5414 174.8296 -1.0073 -63.5412 100.0000 stroke7
movl 0 -33.7642 390.0873 184.8604 174.5624 -0.7345 -63.6065 100.0000 stroke7
movl 0 -33.1748 389.2916 185.3826 174.2425 -0.2252 -63.5502 100.0000 stroke7
movl 0 -29.7634 388.4351 187.0934 172.7976 0.8797 -62.8999 100.0000 stroke7
movl 0 -21.4590 388.3508 194.9982 169.6196 3.3328 -62.5947 100.0000 stroke7
movl 0 -18.5981 386.6982 229.2532 168.2254 6.7992 -61.5210 100.0000 stroke7
