movl 0 -31.3597 391.5924 164.1242 163.6898 -26.9015 -176.0301 100.0000 stroke1
movl 0 -30.8334 391.9071 163.6742 163.4577 -26.9455 -175.5965 100.0000 stroke1
movl 0 -31.7383 392.3815 163.3240 163.9114 -26.8556 -175.7265 100.0000 stroke1
movl 0 -35.4805 394.2368 163.0217 166.1042 -25.5207 -177.1582 100.0000 stroke1
movl 0 -38.0341 395.8977 163.0886 168.2844 -23.9802 -179.8490 100.0000 stroke1
movl 0 -37.7782 396.7173 163.2358 169.0677 -23.3788 178.4031 100.0000 stroke1
movl 0 -37.1198 397.7848 163.1169 169.9060 -23.4806 177.6734 100.0000 stroke1
movl 0 -36.8779 400.5978 163.2881 173.5804 -23.3713 174.8397 100.0000 stroke1
movl 0 -35.8552 401.8177 162.9720 174.6706 -23.7060 173.9258 100.0000 stroke1
movl 0 -34.5757 402.5553 162.4368 175.1271 -24.9259 174.7777 100.0000 stroke1
movl 0 -34.0072 401.9945 162.3749 175.1209 -25.6981 175.6617 100.0000 stroke1
movl 0 -29.8651 398.5308 163.5060 173.4384 -28.4489 177.2677 100.0000 stroke1
movl 0 -21.5518 382.5421 173.3893 157.5192 -33.0298 -170.3125 100.0000 stroke1
movl 0 -26.5358 361.8597 215.4648 133.2020 -22.0658 -144.6146 100.0000 stroke1
movl 0 -22.5037 388.7609 225.2217 140.8526 -18.0441 -131.3063 100.0000 stroke2
movl 0 -8.3480 391.3019 166.2979 145.1459 -25.1843 -136.2755 100.0000 stroke2
movl 0 -13.4775 393.6843 159.3549 156.4183 -27.5479 -147.0291 100.0000 stroke2
movl 0 -21.1057 390.3841 160.7082 157.8110 -24.7551 -148.6624 100.0000 stroke2
movl 0 -23.7843 390.7940 159.7360 157.7044 -24.0726 -147.2710 100.0000 stroke2
movl 0 -30.6805 394.0400 159.3517 161.8985 -22.7945 -149.9906 100.0000 stroke2
movl 0 -28.5644 397.4576 158.5970 165.1456 -23.9471 -154.6231 100.0000 stroke2
movl 0 -28.4774 399.1319 158.4217 167.2247 -25.3341 -157.2815 100.0000 stroke2
movl 0 -28.3649 399.2589 159.3525 170.3525 -26.3281 -161.5101 100.0000 stroke2
movl 0 -27.9415 399.9327 159.8947 173.0986 -27.1829 -164.7061 100.0000 stroke2
movl 0 -27.9180 400.3430 160.5044 175.9943 -27.7549 -167.9099 100.0000 stroke2
movl 0 -28.4766 401.5351 160.9028 179.4360 -27.9987 -171.0300 100.0000 stroke2
movl 0 -27.2987 399.9831 163.2490 -177.9037 -28.5628 -173.0310 100.0000 stroke2
movl 0 -19.2526 381.1300 184.6458 174.0364 -31.7012 -168.2142 100.0000 stroke2
movl 0 -29.6571 360.5019 182.9849 155.2957 -19.7269 -142.1948 100.0000 stroke3
movl 0 -31.0734 357.0992 174.2325 158.0528 -17.8981 -145.1606 100.0000 stroke3
movl 0 -36.1335 357.4400 171.3357 159.7330 -17.4786 -145.9341 100.0000 stroke3
movl 0 -40.4591 357.8315 169.5741 159.8875 -16.9025 -144.4049 100.0000 stroke3
movl 0 -47.9787 357.0217 168.8918 161.5304 -13.9479 -144.5174 100.0000 stroke3
movl 0 -51.8116 356.7024 169.3389 163.6123 -12.8586 -145.9662 100.0000 stroke3
movl 0 -54.9972 356.0195 169.9352 165.4009 -11.9859 -147.1647 100.0000 stroke3
movl 0 -58.2781 351.2712 170.6179 164.2600 -10.1802 -146.7698 100.0000 stroke3
movl 0 -59.2730 348.3088 170.8538 162.1274 -8.7280 -147.7044 100.0000 stroke3
movl 0 -60.4395 346.9419 171.0456 161.5153 -8.0557 -148.2407 100.0000 stroke3
movl 0 -62.3705 344.5801 171.2864 161.5751 -7.4950 -147.8322 100.0000 stroke3
movl 0 -59.9631 347.0120 171.1085 161.0348 -7.6215 -149.3158 100.0000 stroke3
movl 0 -59.8923 345.8886 171.4737 160.9622 -7.9990 -147.9882 100.0000 stroke3
movl 0 -59.1392 347.8822 171.4283 160.8781 -8.0671 -148.4751 100.0000 stroke3
movl 0 -58.2923 349.7633 171.2671 160.7794 -8.0996 -149.0546 100.0000 stroke3
movl 0 -56.7095 352.0313 171.3681 160.6772 -8.4327 -149.6104 100.0000 stroke3
movl 0 -54.5477 354.4518 171.5021 160.5182 -8.9665 -149.9955 100.0000 stroke3
movl 0 -51.9643 357.1603 171.2997 160.2836 -9.3928 -150.6801 100.0000 stroke3
movl 0 -44.7451 359.9824 173.8891 157.2961 -9.3865 -151.1464 100.0000 stroke3
movl 0 -30.3140 358.4848 210.8147 144.4346 -4.6871 -148.1537 100.0000 stroke3
movl 0 -7.2875 373.0503 197.2894 139.8682 4.7339 -126.9736 100.0000 stroke4
movl 0 -12.7020 372.8516 170.4520 146.5899 -4.2535 -134.6159 100.0000 stroke4
movl 0 -22.7068 371.5991 169.1848 150.1837 -4.7560 -138.4554 100.0000 stroke4
movl 0 -28.9910 370.4493 166.7915 150.3330 -2.6370 -137.5642 100.0000 stroke4
movl 0 -31.0693 371.2975 165.6617 150.8268 -1.5398 -136.2913 100.0000 stroke4
movl 0 -33.2517 372.2403 165.0751 151.9026 -0.5224 -136.1579 100.0000 stroke4
movl 0 -34.7026 372.8570 165.1913 153.1727 -0.1520 -136.4938 100.0000 stroke4
movl 0 -35.9131 372.6682 165.3122 153.6221 0.2511 -136.7505 100.0000 stroke4
movl 0 -35.5961 372.5672 165.5416 153.8968 0.6809 -137.7884 100.0000 stroke4
movl 0 -33.4109 373.7229 165.8071 154.4189 0.6149 -139.9967 100.0000 stroke4
movl 0 -30.1867 376.3603 165.6830 155.0491 0.1274 -142.9449 100.0000 stroke4
movl 0 -27.7870 376.5093 165.8160 154.5160 -0.4778 -143.7454 100.0000 stroke4
movl 0 -24.8016 375.3988 166.2858 153.0105 -1.1366 -143.5361 100.0000 stroke4
movl 0 -24.4550 375.0735 166.3726 152.8327 -1.2521 -143.1879 100.0000 stroke4
movl 0 -24.5376 376.2788 166.5552 154.0383 -1.8049 -143.4344 100.0000 stroke4
movl 0 -23.4721 376.1508 166.7160 153.5723 -2.8227 -141.8054 100.0000 stroke4
movl 0 -15.2528 360.6794 196.1588 141.6788 -0.2072 -132.2434 100.0000 stroke4
movl 0 -0.1716 372.9969 230.1294 140.4986 -10.5541 -130.0631 100.0000 stroke5
movl 0 -1.6468 377.6345 174.4563 147.3308 -11.8958 -133.5861 100.0000 stroke5
movl 0 -7.8832 378.4241 170.1237 150.2939 -9.8136 -135.5646 100.0000 stroke5
movl 0 -14.2773 381.7133 166.7702 152.1360 -9.5966 -134.7331 100.0000 stroke5
movl 0 -16.8749 382.2460 166.0645 152.4685 -9.4039 -133.8233 100.0000 stroke5
movl 0 -18.6603 382.9099 165.4205 153.1183 -9.2421 -134.0676 100.0000 stroke5
movl 0 -21.7208 383.3231 165.2787 154.4626 -8.2393 -134.9330 100.0000 stroke5
movl 0 -22.6457 383.1091 165.6503 155.3080 -8.0110 -135.7965 100.0000 stroke5
movl 0 -22.8300 383.2093 165.7107 155.6210 -7.6305 -136.5344 100.0000 stroke5
movl 0 -18.3592 384.5161 165.9229 156.0330 -8.0341 -138.9002 100.0000 stroke5
movl 0 -9.2907 387.4997 165.8912 156.8030 -9.0288 -143.2347 100.0000 stroke5
movl 0 -4.1675 387.9185 166.0713 156.2246 -10.2107 -144.4820 100.0000 stroke5
movl 0 0.9773 392.5596 164.5625 156.9652 -12.9909 -145.5457 100.0000 stroke5
movl 0 7.3953 400.7084 162.3050 160.5641 -17.5713 -148.4527 100.0000 stroke5
movl 0 11.4617 405.5161 160.3114 161.6359 -20.3960 -149.4730 100.0000 stroke5
movl 0 12.6853 408.1916 159.7031 163.8076 -23.0447 -151.0376 100.0000 stroke5
movl 0 11.9836 411.8308 159.7087 168.7715 -26.1013 -154.7474 100.0000 stroke5
movl 0 10.7366 412.4527 159.7874 171.0139 -27.2614 -156.3374 100.0000 stroke5
movl 0 10.7244 412.0313 160.1232 171.5499 -27.5705 -157.0115 100.0000 stroke5
movl 0 9.9115 410.4283 160.8744 170.8272 -26.8555 -156.9888 100.0000 stroke5
movl 0 14.2125 390.7603 175.5261 155.9017 -21.9985 -151.6417 100.0000 stroke5
movl 0 -4.2654 375.4187 196.0291 146.1690 -12.2572 -138.2287 100.0000 stroke6
movl 0 -8.3252 380.5346 170.4618 153.4625 -15.5183 -144.2077 100.0000 stroke6
movl 0 -17.3630 377.1591 170.5294 156.5170 -13.1559 -146.3100 100.0000 stroke6
movl 0 -21.7716 374.8537 170.0848 155.8723 -11.8092 -143.3454 100.0000 stroke6
movl 0 -23.1809 375.6159 169.2984 156.1418 -11.6352 -141.9817 100.0000 stroke6
movl 0 -24.5315 376.9142 168.6145 156.7672 -11.5690 -141.9983 100.0000 stroke6
movl 0 -25.8436 378.1253 168.2166 157.8693 -11.2150 -142.9134 100.0000 stroke6
movl 0 -26.5819 378.4810 168.1878 158.3444 -10.9750 -143.3562 100.0000 stroke6
movl 0 -25.8128 378.9229 168.2665 158.7243 -10.9238 -144.3384 100.0000 stroke6
movl 0 -22.6518 380.0042 168.4872 159.1020 -11.1108 -146.1876 100.0000 stroke6
movl 0 -19.0724 381.5813 168.4876 159.7408 -11.4307 -148.3382 100.0000 stroke6
movl 0 -16.8570 382.6209 168.4146 159.9758 -11.6487 -149.4751 100.0000 stroke6
movl 0 -15.1106 380.9597 169.1822 158.8641 -11.7104 -149.3298 100.0000 stroke6
movl 0 -16.0007 381.6396 169.1151 159.7855 -11.8029 -149.1982 100.0000 stroke6
movl 0 -13.1704 378.5092 171.4759 157.0238 -12.7769 -146.0306 100.0000 stroke6
movl 0 -11.0835 351.8886 238.6643 137.5853 -3.1746 -128.3252 100.0000 stroke6
movl 0 -1.8705 373.0276 236.5362 144.0977 -15.2972 -133.4281 100.0000 stroke7
movl 0 -4.9192 375.8256 178.9734 151.4197 -16.5032 -139.5719 100.0000 stroke7
movl 0 -12.2885 372.6706 173.6625 155.0198 -14.5448 -142.9803 100.0000 stroke7
movl 0 -18.1121 371.8976 172.8330 156.9033 -13.4509 -143.6129 100.0000 stroke7
movl 0 -22.8287 372.0443 172.1222 157.5774 -13.3824 -143.2615 100.0000 stroke7
movl 0 -25.0944 373.8568 170.7117 158.3875 -13.3333 -143.0492 100.0000 stroke7
movl 0 -25.9022 374.5080 170.0580 158.7129 -13.1135 -143.5464 100.0000 stroke7
movl 0 -28.4293 374.7997 169.6207 159.8139 -12.2150 -144.8200 100.0000 stroke7
movl 0 -30.0025 374.8605 169.9402 160.8626 -11.8926 -146.0251 100.0000 stroke7
movl 0 -30.5211 374.8501 170.1384 161.2138 -11.5421 -147.1542 100.0000 stroke7
movl 0 -28.0442 375.5070 170.3553 161.7277 -11.6270 -148.9755 100.0000 stroke7
movl 0 -25.6044 376.3465 170.4791 162.4052 -11.4906 -151.0117 100.0000 stroke7
movl 0 -21.8759 377.5403 170.5177 163.0982 -11.3068 -153.4285 100.0000 stroke7
movl 0 -18.0266 377.4792 170.6608 162.9511 -11.2783 -154.2634 100.0000 stroke7
movl 0 -20.1389 376.4621 170.8086 162.8419 -10.7418 -153.5122 100.0000 stroke7
movl 0 -10.5270 369.8423 177.4323 153.1179 -10.7634 -144.1185 100.0000 stroke7
movl 0 -1.6257 357.2510 241.8564 136.5329 0.2178 -136.2356 100.0000 stroke7
movl 0 6.4703 411.7185 238.4596 137.2405 -3.5689 -125.2744 100.0000 stroke8
movl 0 5.2141 410.6114 176.1608 141.3212 -5.8194 -127.1285 100.0000 stroke8
movl 0 -3.0422 410.6807 165.4097 146.1244 -5.3988 -128.2212 100.0000 stroke8
movl 0 -8.3292 410.3343 164.2216 149.3046 -5.2182 -128.9800 100.0000 stroke8
movl 0 -9.6851 410.3221 164.5669 150.1257 -5.6522 -129.3230 100.0000 stroke8
movl 0 -12.0266 413.1412 164.1165 152.1344 -6.7567 -130.1349 100.0000 stroke8
movl 0 -15.3977 416.3811 164.0546 155.4372 -8.4335 -133.3731 100.0000 stroke8
movl 0 -14.1468 419.1788 163.7201 157.3791 -10.8592 -136.9505 100.0000 stroke8
movl 0 -14.3971 419.9824 164.0910 158.7444 -13.0951 -139.4062 100.0000 stroke8
movl 0 -14.4864 420.9553 164.7513 160.8055 -15.1690 -142.3726 100.0000 stroke8
movl 0 -14.3288 421.5924 165.2027 162.5184 -16.8144 -145.0204 100.0000 stroke8
movl 0 -14.5686 422.4606 165.6864 164.5325 -18.3990 -147.9446 100.0000 stroke8
movl 0 -14.6150 423.3339 166.2859 166.9352 -19.8065 -151.4656 100.0000 stroke8
movl 0 -14.5628 424.3608 166.5862 169.5190 -21.1970 -155.1035 100.0000 stroke8
movl 0 -14.6832 425.4151 166.8745 172.3665 -22.3169 -158.8852 100.0000 stroke8
movl 0 -14.8975 426.1257 166.9257 174.8918 -23.0729 -162.4879 100.0000 stroke8
movl 0 -15.3982 427.0076 167.0672 177.3326 -23.4421 -165.4166 100.0000 stroke8
movl 0 -16.1987 427.9331 167.0892 179.8664 -23.4670 -168.6755 100.0000 stroke8
movl 0 -17.0008 428.5676 167.1883 -177.7722 -23.1589 -171.9085 100.0000 stroke8
movl 0 -17.9004 429.5703 167.2676 -175.1951 -22.8144 -174.9387 100.0000 stroke8
movl 0 -18.5640 430.0989 167.2038 -173.4700 -22.5069 -177.1232 100.0000 stroke8
movl 0 -19.4256 430.4816 167.2463 -172.2227 -22.1345 -178.2585 100.0000 stroke8
movl 0 -19.8083 430.6435 167.2921 -171.6771 -22.0608 -178.3701 100.0000 stroke8
movl 0 -19.5708 430.4929 167.4199 -171.4980 -22.1604 -178.2679 100.0000 stroke8
movl 0 -18.9427 429.6519 167.8846 -172.2031 -22.5002 -177.3525 100.0000 stroke8
movl 0 -19.1172 429.2594 167.9575 -172.3698 -22.6426 -176.8844 100.0000 stroke8
movl 0 -17.1516 426.6466 169.5057 -174.3267 -23.1720 -176.0846 100.0000 stroke8
movl 0 5.5585 405.8372 197.9074 165.0290 -28.4695 -166.7465 100.0000 stroke8
movl 0 20.1940 389.9826 203.6085 165.5800 -39.1310 -167.8313 100.0000 stroke9
movl 0 12.1563 381.5056 177.9412 171.0265 -35.6656 -173.2751 100.0000 stroke9
movl 0 8.2401 380.6922 168.1948 174.5481 -31.4471 -178.3148 100.0000 stroke9
movl 0 4.7540 380.7607 169.2886 175.3268 -30.2660 -179.4829 100.0000 stroke9
movl 0 -0.7544 379.4390 168.9914 174.0026 -28.4442 -177.9722 100.0000 stroke9
movl 0 -2.3487 380.2850 168.0484 172.5567 -27.5132 -177.0970 100.0000 stroke9
movl 0 -4.0808 380.5475 167.4439 171.7160 -27.0240 -176.1463 100.0000 stroke9
movl 0 -6.9674 381.6491 166.5405 171.9555 -26.0267 -175.8409 100.0000 stroke9
movl 0 -9.8713 384.4837 165.9489 174.2593 -24.4789 -177.3474 100.0000 stroke9
movl 0 -10.0502 386.1772 165.5202 175.6744 -24.1343 -178.5634 100.0000 stroke9
movl 0 -10.9115 386.4820 165.2939 176.2711 -24.1951 -178.3429 100.0000 stroke9
movl 0 -11.6991 386.1184 165.4601 176.9810 -24.3958 -178.0009 100.0000 stroke9
movl 0 -13.1705 385.2092 165.7588 177.3843 -24.5788 -177.0481 100.0000 stroke9
movl 0 -14.2761 384.2543 165.9886 177.5781 -24.9155 -176.0354 100.0000 stroke9
movl 0 -15.2005 383.3718 166.1796 177.6419 -25.2180 -175.1711 100.0000 stroke9
movl 0 -15.6491 382.7013 166.3099 177.3883 -25.4052 -174.5267 100.0000 stroke9
movl 0 -16.0240 382.0837 166.4746 177.0731 -25.5716 -173.7576 100.0000 stroke9
movl 0 -15.5836 381.3392 166.6910 176.8348 -26.1839 -173.1727 100.0000 stroke9
movl 0 -13.5558 377.2781 168.0061 174.9632 -27.7799 -172.2100 100.0000 stroke9
movl 0 -9.5067 372.3431 175.9989 171.4670 -30.6696 -171.0392 100.0000 stroke9
movl 0 -21.3804 359.7194 237.7399 160.1665 -31.1847 -162.3689 100.0000 stroke9
movl 0 0.4544 379.9424 222.5238 169.2108 -35.7441 -174.2804 100.0000 stroke10
movl 0 6.8263 381.6421 176.2529 -179.0650 -32.7509 172.1288 100.0000 stroke10
movl 0 -1.1659 380.5713 173.8511 -175.2936 -28.5242 165.7360 100.0000 stroke10
movl 0 -10.1095 379.1935 171.9419 -175.8846 -26.5832 166.0144 100.0000 stroke10
movl 0 -13.2910 380.6437 170.7145 -175.0800 -25.6051 165.9756 100.0000 stroke10
movl 0 -17.0492 380.7766 170.4487 -175.1831 -24.1173 165.4225 100.0000 stroke10
movl 0 -20.4525 380.7133 170.7110 -175.2348 -22.1647 163.9167 100.0000 stroke10
movl 0 -21.7942 381.1400 171.3574 -174.4241 -20.4121 161.3074 100.0000 stroke10
movl 0 -22.6668 382.1378 172.1318 -173.2671 -18.5551 158.2317 100.0000 stroke10
movl 0 -23.9944 383.4286 173.0800 -172.1185 -16.2693 154.6972 100.0000 stroke10
movl 0 -25.9654 384.9480 174.1449 -171.1237 -12.9013 149.8249 100.0000 stroke10
movl 0 -28.4076 386.1935 174.7924 -170.5459 -9.5704 144.3104 100.0000 stroke10
movl 0 -32.0621 387.9004 174.9873 -170.6851 -6.0892 139.4718 100.0000 stroke10
movl 0 -34.7886 390.6884 174.8176 -170.8885 -2.7943 136.1878 100.0000 stroke10
movl 0 -35.6822 390.2735 175.2480 -171.1475 -2.3980 135.1720 100.0000 stroke10
movl 0 -36.0537 389.8648 175.6587 -171.0001 -1.7174 134.1566 100.0000 stroke10
movl 0 -36.0561 389.2016 176.0268 -170.9268 -1.3835 133.3329 100.0000 stroke10
movl 0 -35.5395 388.8225 176.4019 -170.7529 -0.9876 132.4533 100.0000 stroke10
movl 0 -34.3501 388.0538 176.7927 -170.5250 -1.1610 132.2256 100.0000 stroke10
movl 0 -33.5253 387.0419 177.2366 -170.4355 -1.3549 132.2713 100.0000 stroke10
movl 0 -32.5822 386.1177 177.6756 -170.3374 -1.6238 132.3968 100.0000 stroke10
movl 0 -30.7451 385.1903 178.1946 -170.1479 -2.1051 132.7162 100.0000 stroke10
movl 0 -29.7498 384.5613 178.4661 -169.9879 -2.4711 132.9878 100.0000 stroke10
movl 0 -29.1178 383.8825 178.7581 -169.9235 -2.7233 133.1759 100.0000 stroke10
movl 0 -28.5621 383.0293 179.1804 -169.9182 -3.0727 133.2813 100.0000 stroke10
movl 0 -27.9980 382.4942 179.4316 -169.8438 -3.1808 133.3268 100.0000 stroke10
movl 0 -27.6005 382.0671 179.5901 -169.7960 -3.4543 133.3997 100.0000 stroke10
movl 0 -25.0041 379.7283 180.5628 -169.7085 -5.5109 134.5419 100.0000 stroke10
movl 0 -12.7270 362.1764 197.5845 -175.3546 -19.6055 147.7643 100.0000 stroke10
movl 0 -7.9123 382.5106 204.0818 160.8127 -23.8700 -156.0660 100.0000 stroke11
movl 0 -10.5574 375.5782 180.1289 166.5005 -21.7596 -163.9752 100.0000 stroke11
movl 0 -17.1231 370.4971 177.2111 166.3688 -18.2094 -164.3427 100.0000 stroke11
movl 0 -19.1553 371.9359 176.3720 166.7552 -16.9776 -165.4424 100.0000 stroke11
movl 0 -18.9705 373.5266 175.7904 167.1309 -16.6563 -166.7611 100.0000 stroke11
movl 0 -21.1313 375.7082 174.5645 167.8011 -15.8919 -167.4014 100.0000 stroke11
movl 0 -23.1330 381.2368 173.4043 171.6716 -15.5960 -169.7646 100.0000 stroke11
movl 0 -20.8639 384.6953 172.7022 173.7926 -16.1265 -171.8682 100.0000 stroke11
movl 0 -20.2240 386.6140 172.1694 174.9946 -16.9070 -172.1513 100.0000 stroke11
movl 0 -19.8156 387.2029 171.9578 176.4778 -17.8459 -172.4412 100.0000 stroke11
movl 0 -20.7793 387.2407 171.9724 177.9202 -18.3259 -172.5513 100.0000 stroke11
movl 0 -22.7985 386.0859 172.3585 178.4766 -18.7415 -171.3779 100.0000 stroke11
movl 0 -24.9658 384.7205 172.6510 178.6998 -19.1290 -169.9526 100.0000 stroke11
movl 0 -26.5742 384.4405 172.7494 178.7848 -19.3870 -168.8318 100.0000 stroke11
movl 0 -27.6621 383.4727 173.1261 178.6488 -19.6644 -168.1065 100.0000 stroke11
movl 0 -27.9618 382.7906 173.4485 178.4541 -19.9363 -167.8726 100.0000 stroke11
movl 0 -28.2480 382.5298 173.6358 178.3943 -20.1176 -167.8213 100.0000 stroke11
movl 0 -28.4661 382.4641 173.6584 178.3777 -20.2879 -167.7263 100.0000 stroke11
movl 0 -28.5384 382.3190 173.8185 178.2709 -20.6019 -167.4796 100.0000 stroke11
movl 0 -25.6587 376.8490 182.2669 173.1481 -24.1793 -162.3065 100.0000 stroke11
movl 0 1.3744 389.8368 197.9770 147.4483 -13.5286 -117.7847 100.0000 stroke12
movl 0 -15.8072 378.6511 179.6678 153.8129 -10.6195 -123.0034 100.0000 stroke12
movl 0 -28.3964 373.5517 179.1431 157.4627 -7.0988 -124.1846 100.0000 stroke12
movl 0 -36.5896 372.4180 178.2757 159.2088 -6.1636 -123.3062 100.0000 stroke12
movl 0 -42.1160 373.2623 176.9163 160.2233 -6.3109 -123.1694 100.0000 stroke12
movl 0 -44.4430 374.0228 176.2669 161.0794 -6.2089 -123.8267 100.0000 stroke12
movl 0 -46.0191 375.6713 175.5422 162.0898 -6.4838 -124.3533 100.0000 stroke12
movl 0 -46.8134 377.3342 175.1982 163.3777 -6.9391 -125.4286 100.0000 stroke12
movl 0 -47.4811 376.7016 175.4207 163.6232 -6.7452 -126.1460 100.0000 stroke12
movl 0 -45.6735 377.6215 175.6646 164.0655 -7.0006 -127.9173 100.0000 stroke12
movl 0 -43.7121 378.7489 176.0251 164.6906 -7.2278 -129.7847 100.0000 stroke12
movl 0 -41.6077 379.7775 176.2721 165.3315 -7.4434 -131.6010 100.0000 stroke12
movl 0 -39.5262 380.7122 176.4926 165.9742 -7.3957 -133.4326 100.0000 stroke12
movl 0 -37.6820 381.5324 176.8388 166.8259 -7.2595 -135.5654 100.0000 stroke12
movl 0 -36.0893 382.1939 177.3880 167.7816 -6.8476 -138.0250 100.0000 stroke12
movl 0 -35.0487 382.9314 177.7790 168.8300 -6.2866 -140.5596 100.0000 stroke12
movl 0 -33.9312 384.1626 177.9987 170.1033 -5.6833 -143.4041 100.0000 stroke12
movl 0 -31.6425 385.6372 178.0120 171.1069 -5.5321 -146.4924 100.0000 stroke12
movl 0 -31.2163 386.9788 178.0322 172.3180 -5.0806 -149.6266 100.0000 stroke12
movl 0 -31.8318 387.9068 178.0042 173.4140 -4.4925 -152.6501 100.0000 stroke12
movl 0 -32.3274 388.8482 177.9521 174.3035 -4.0328 -155.6666 100.0000 stroke12
movl 0 -32.5255 389.8966 177.5196 175.2429 -3.3585 -158.9600 100.0000 stroke12
movl 0 -30.4524 386.6609 178.9204 173.9635 -4.4137 -158.8827 100.0000 stroke12
movl 0 -28.0687 384.8078 180.0492 172.7184 -4.9577 -159.3634 100.0000 stroke12
movl 0 -26.4775 384.2519 180.6128 172.3025 -5.2625 -159.9165 100.0000 stroke12
movl 0 -25.8028 383.7619 180.9686 172.1162 -5.3387 -160.2600 100.0000 stroke12
movl 0 -26.4764 384.3581 180.8618 172.6594 -5.3048 -160.5358 100.0000 stroke12
movl 0 -27.1564 386.3553 180.7704 174.2766 -5.6012 -161.1890 100.0000 stroke12
movl 0 -28.1855 387.7300 180.4299 175.6204 -5.7645 -162.0731 100.0000 stroke12
movl 0 -28.6423 388.0479 180.3589 176.2606 -5.7329 -162.8402 100.0000 stroke12
movl 0 -28.3741 388.1796 180.4472 176.6258 -5.8730 -163.2693 100.0000 stroke12
movl 0 -27.7303 387.5074 180.5984 176.3932 -6.0162 -162.9848 100.0000 stroke12
movl 0 -24.9875 385.7927 180.9193 174.7457 -7.3363 -161.0790 100.0000 stroke12
movl 0 -24.0450 384.1793 181.4126 173.5019 -7.6930 -159.7960 100.0000 stroke12
movl 0 -23.7473 383.4799 181.7589 173.0226 -8.1003 -159.3365 100.0000 stroke12
movl 0 -23.1092 382.7433 182.2417 172.5337 -8.3116 -159.2331 100.0000 stroke12
movl 0 -20.0395 380.5079 183.9888 171.1787 -8.9443 -159.0520 100.0000 stroke12
movl 0 -12.4434 374.5448 192.8750 167.6911 -10.4069 -158.2370 100.0000 stroke12
