movl 0 -27.4489 387.6330 167.9793 -159.2828 -22.0837 110.1606 100.0000 stroke1
movl 0 -28.0368 387.6996 166.6083 -160.8770 -25.7441 112.1064 100.0000 stroke1
movl 0 -29.0433 390.3876 165.8494 -160.3998 -24.0907 111.7338 100.0000 stroke1
movl 0 -32.6283 394.9598 165.8950 -160.3134 -20.0818 110.0729 100.0000 stroke1
movl 0 -35.5886 398.1560 166.1536 -160.3991 -16.7404 107.9176 100.0000 stroke1
movl 0 -37.2530 400.6409 166.2048 -160.5349 -14.1320 105.6879 100.0000 stroke1
movl 0 -35.0574 402.1149 165.2806 -159.3877 -12.2595 103.9149 100.0000 stroke1
movl 0 -35.8853 402.4127 165.4417 -159.1822 -11.3708 103.0265 100.0000 stroke1
movl 0 -36.0264 402.7654 165.6842 -158.9567 -10.4834 101.9444 100.0000 stroke1
movl 0 -36.0553 402.9251 165.8085 -158.7788 -9.9499 101.2764 100.0000 stroke1
movl 0 -36.1529 402.9413 165.9488 -158.6379 -9.5951 100.7241 100.0000 stroke1
movl 0 -36.4770 402.9612 166.1320 -158.5966 -9.1095 100.0856 100.0000 stroke1
movl 0 -36.8398 402.7847 166.4018 -158.5074 -8.4250 99.1878 100.0000 stroke1
movl 0 -37.2177 402.8281 166.7421 -158.4004 -7.3753 98.0276 100.0000 stroke1
movl 0 -37.2475 403.0239 167.0318 -158.0802 -6.0163 96.6519 100.0000 stroke1
movl 0 -37.2967 403.3276 167.2700 -157.7747 -4.7540 95.2705 100.0000 stroke1
movl 0 -37.6090 403.1696 167.5761 -157.6418 -3.7245 94.4056 100.0000 stroke1
movl 0 -38.1631 402.8480 167.8855 -157.6014 -2.6542 93.4865 100.0000 stroke1
movl 0 -38.9728 402.3296 168.2341 -157.6249 -1.5759 92.7304 100.0000 stroke1
movl 0 -39.9569 401.8795 168.3387 -157.6626 -0.4003 92.3013 100.0000 stroke1
movl 0 -41.5423 400.8041 168.4933 -157.8324 0.6053 92.0781 100.0000 stroke1
movl 0 -43.1804 399.9001 168.5623 -157.9636 1.3984 92.2321 100.0000 stroke1
movl 0 -44.8113 398.6402 168.6650 -158.0899 1.8997 92.4752 100.0000 stroke1
movl 0 -46.2703 397.5046 168.8097 -158.1549 2.0444 92.9236 100.0000 stroke1
movl 0 -47.1323 396.7282 168.9132 -158.1119 2.0754 93.2734 100.0000 stroke1
movl 0 -48.2051 395.8839 168.9329 -158.0105 2.0930 93.8951 100.0000 stroke1
movl 0 -48.4768 395.2480 169.0813 -157.8337 1.9479 94.2255 100.0000 stroke1
movl 0 -49.1692 394.3763 169.3068 -157.6286 1.8228 94.6140 100.0000 stroke1
movl 0 -48.9803 394.0587 169.4692 -157.4606 1.6895 94.5545 100.0000 stroke1
movl 0 -49.0905 393.5103 169.7520 -157.2516 1.4536 94.6776 100.0000 stroke1
movl 0 -48.8466 393.2450 169.9926 -157.0095 1.2387 94.7937 100.0000 stroke1
movl 0 -48.7373 393.0670 170.1402 -156.8411 0.9946 95.2020 100.0000 stroke1
movl 0 -48.5979 392.9552 170.2631 -156.6511 0.8577 95.2423 100.0000 stroke1
movl 0 -48.2486 393.0317 170.2449 -156.4761 0.7226 95.2613 100.0000 stroke1
movl 0 -41.6266 387.3486 172.9084 -153.3367 -3.6907 96.3826 100.0000 stroke1
movl 0 -27.0063 374.4011 188.0161 -148.9960 -18.0518 99.3456 100.0000 stroke1
movl 0 -14.3395 384.5843 227.0595 -161.4324 -34.7382 122.7786 100.0000 stroke2
movl 0 -18.4074 383.4421 175.1935 -160.9981 -28.7262 117.3199 100.0000 stroke2
movl 0 -23.1969 383.2574 170.2744 -162.8613 -25.4452 113.6889 100.0000 stroke2
movl 0 -26.9552 385.7805 171.6195 -162.3080 -20.9008 110.7042 100.0000 stroke2
movl 0 -29.3526 386.9950 171.7038 -162.1764 -19.6730 110.2944 100.0000 stroke2
movl 0 -31.9484 389.2550 171.3223 -162.2533 -18.1096 108.1958 100.0000 stroke2
movl 0 -32.6309 390.6699 170.8363 -162.1919 -17.1107 106.6614 100.0000 stroke2
movl 0 -35.1514 391.5660 170.5519 -163.3572 -16.0052 105.3400 100.0000 stroke2
movl 0 -35.8286 392.0886 170.4823 -163.8543 -15.1493 104.4475 100.0000 stroke2
movl 0 -35.8409 392.1714 170.5437 -164.2545 -15.1652 103.7469 100.0000 stroke2
movl 0 -34.2632 393.2761 170.6682 -164.4334 -14.8065 102.0901 100.0000 stroke2
movl 0 -31.0945 394.0463 170.3224 -164.4468 -14.4791 99.7871 100.0000 stroke2
movl 0 -28.1334 396.0815 170.2753 -164.9408 -13.9775 97.2617 100.0000 stroke2
movl 0 -25.0385 398.7722 170.0327 -165.5328 -13.3258 94.3810 100.0000 stroke2
movl 0 -23.6186 400.5336 169.8302 -165.7871 -12.8085 92.8546 100.0000 stroke2
movl 0 -22.6919 398.0044 170.5166 -164.9931 -13.7596 93.4563 100.0000 stroke2
movl 0 -19.9450 396.8806 170.8550 -163.9302 -14.5420 93.4915 100.0000 stroke2
movl 0 -19.2199 396.3045 171.1232 -163.7231 -14.9224 93.4113 100.0000 stroke2
movl 0 -19.4732 396.7110 171.5635 -164.0330 -15.0624 93.4581 100.0000 stroke2
movl 0 -19.2704 397.1331 171.2714 -164.1083 -14.2102 93.4645 100.0000 stroke2
movl 0 -19.7062 398.4364 171.3796 -164.3786 -12.8097 92.7578 100.0000 stroke2
movl 0 -20.1821 398.1445 171.5599 -164.6055 -12.5581 92.4591 100.0000 stroke2
movl 0 -20.6838 398.0811 171.4622 -164.4086 -12.4420 92.7270 100.0000 stroke2
movl 0 -6.2819 380.9062 198.7342 -156.0115 -22.3852 95.7269 100.0000 stroke2
movl 0 -0.4000 377.1724 232.7428 -142.8174 -18.6031 95.5660 100.0000 stroke3
movl 0 -14.7471 380.5960 173.9891 -149.0983 -12.1293 94.0837 100.0000 stroke3
movl 0 -25.0625 374.0657 174.0540 -154.4558 -12.3237 91.8888 100.0000 stroke3
movl 0 -30.4405 374.4645 172.3898 -156.6374 -11.5605 91.1184 100.0000 stroke3
movl 0 -31.7272 375.9471 171.9726 -156.9751 -10.5591 90.4248 100.0000 stroke3
movl 0 -34.8579 377.2371 171.1969 -158.1852 -9.7335 89.9158 100.0000 stroke3
movl 0 -38.3891 375.6325 170.6960 -159.8837 -9.7387 88.9370 100.0000 stroke3
movl 0 -37.1858 377.1728 170.6492 -160.0336 -9.4008 87.6762 100.0000 stroke3
movl 0 -33.6268 379.9522 170.5771 -160.1433 -8.9066 85.6495 100.0000 stroke3
movl 0 -29.4551 382.4804 170.5469 -159.8527 -8.3302 83.8264 100.0000 stroke3
movl 0 -25.6536 382.5141 170.9527 -158.4164 -8.2811 83.3253 100.0000 stroke3
movl 0 -23.9509 387.7622 169.2608 -158.3111 -5.5985 82.4953 100.0000 stroke3
movl 0 -19.2964 394.3837 167.4156 -157.4500 -2.1286 81.1941 100.0000 stroke3
movl 0 -18.1769 396.7394 166.6722 -156.9729 -0.4545 80.9604 100.0000 stroke3
movl 0 -20.0803 396.4919 167.4519 -157.3801 1.0876 80.5809 100.0000 stroke3
movl 0 -21.4343 397.1256 167.8456 -157.9734 3.3533 79.4339 100.0000 stroke3
movl 0 -23.6459 396.7725 168.1900 -158.7097 5.1714 78.5183 100.0000 stroke3
movl 0 -25.6208 396.2908 168.1426 -159.2659 6.8306 77.5595 100.0000 stroke3
movl 0 -28.0257 395.3753 168.0885 -159.6809 7.8292 77.7796 100.0000 stroke3
movl 0 -30.2985 392.9862 168.4250 -159.5894 7.4445 79.3027 100.0000 stroke3
movl 0 -26.9250 391.7146 169.1429 -158.7449 6.1368 79.5513 100.0000 stroke3
movl 0 -26.4093 391.4700 169.1963 -158.7334 6.2663 79.7977 100.0000 stroke3
movl 0 -27.3463 390.8923 169.2761 -159.0716 6.4021 80.1516 100.0000 stroke3
movl 0 -24.9291 383.6836 171.5905 -157.5761 2.4889 80.4572 100.0000 stroke3
movl 0 -24.8637 378.3686 172.7565 -157.6626 -0.9832 80.4243 100.0000 stroke3
movl 0 -27.9552 378.7567 172.1074 -158.4033 -0.7242 81.0526 100.0000 stroke3
movl 0 -31.3032 379.0846 171.2622 -158.6760 -0.0928 83.3649 100.0000 stroke3
movl 0 -31.0337 379.1026 171.0455 -158.3266 -0.1954 83.8361 100.0000 stroke3
movl 0 -30.6149 378.6621 170.8963 -157.7838 -0.6313 84.5581 100.0000 stroke3
movl 0 -29.7575 377.9639 171.0379 -157.2570 -1.2528 84.9131 100.0000 stroke3
movl 0 -21.2890 366.4225 174.7887 -154.1421 -12.3982 89.9964 100.0000 stroke3
movl 0 -16.6309 339.2630 185.4317 -168.2661 -42.3542 114.3544 100.0000 stroke3
movl 0 -19.8946 319.0027 239.8912 143.4754 -53.8914 159.5145 100.0000 stroke3
movl 0 2.1610 412.3521 210.0694 -162.1555 -32.4726 134.3966 100.0000 stroke4
movl 0 -7.5195 403.8610 170.2152 -177.2979 -34.9751 146.8086 100.0000 stroke4
movl 0 -11.0035 406.8197 166.6600 -178.5106 -32.1751 147.3572 100.0000 stroke4
movl 0 -11.3010 407.7864 164.2815 -178.0389 -31.8978 146.4263 100.0000 stroke4
movl 0 -13.7268 408.5627 162.1584 -178.9732 -32.0326 146.8138 100.0000 stroke4
movl 0 -19.9497 413.0381 160.8336 -177.0502 -28.0505 143.2003 100.0000 stroke4
movl 0 -20.0514 416.7127 160.9759 -173.4462 -25.5262 136.4219 100.0000 stroke4
movl 0 -18.6607 419.9813 160.7664 -167.9415 -22.6028 127.0668 100.0000 stroke4
movl 0 -17.5807 421.0599 161.5648 -164.0421 -17.1883 120.8866 100.0000 stroke4
movl 0 -17.0548 422.4238 162.5924 -161.9246 -16.5762 116.1522 100.0000 stroke4
movl 0 -15.7869 422.8606 163.0156 -160.1590 -14.0956 112.8477 100.0000 stroke4
movl 0 -15.6099 424.7915 164.2278 -158.7365 -10.5116 109.0020 100.0000 stroke4
movl 0 -16.4858 428.2607 165.7677 -158.0958 -5.9172 105.2380 100.0000 stroke4
movl 0 -17.0172 430.6402 166.7653 -157.9545 -1.9592 102.4052 100.0000 stroke4
movl 0 -17.8408 433.2714 167.5293 -158.3748 2.1408 99.4102 100.0000 stroke4
movl 0 -19.7776 436.6555 167.9814 -159.8498 6.9851 95.8955 100.0000 stroke4
movl 0 -22.0568 440.4638 167.9843 -162.1037 11.7820 92.5459 100.0000 stroke4
movl 0 -24.5532 444.3096 167.8682 -164.7585 16.1360 89.5598 100.0000 stroke4
movl 0 -28.1533 448.0557 166.8059 -168.8505 20.1952 85.9323 100.0000 stroke4
movl 0 -32.7933 451.3842 165.2338 -174.0858 23.3799 81.6644 100.0000 stroke4
movl 0 -37.7794 454.4003 163.3191 -179.7170 25.4948 77.5468 100.0000 stroke4
movl 0 -40.0727 455.6424 162.0901 176.9886 26.1331 74.9000 100.0000 stroke4
movl 0 -40.4510 455.6828 162.1071 175.5886 26.0844 73.1288 100.0000 stroke4
movl 0 -40.0179 455.0099 162.6098 175.5678 25.8528 72.9314 100.0000 stroke4
movl 0 -38.8350 454.4596 163.2577 175.9097 25.7590 73.1066 100.0000 stroke4
movl 0 -38.3518 454.2272 163.5254 176.0562 25.8151 73.1998 100.0000 stroke4
movl 0 -38.1323 454.3113 163.5941 175.6442 25.9894 72.7321 100.0000 stroke4
movl 0 -38.0473 454.2389 163.5949 175.4664 26.0568 72.5179 100.0000 stroke4
movl 0 -36.1979 453.1565 164.7288 176.1336 25.8532 72.6160 100.0000 stroke4
movl 0 -34.0852 452.0816 166.0873 177.2843 25.4825 72.7954 100.0000 stroke4
movl 0 -33.4957 452.5645 165.7520 177.0076 25.7159 72.3714 100.0000 stroke4
movl 0 -34.0233 451.6210 166.2177 176.9195 25.2374 71.9170 100.0000 stroke4
movl 0 -31.9750 449.9411 167.6801 177.5913 24.7415 71.0633 100.0000 stroke4
movl 0 -31.1248 448.7930 168.6392 178.0727 24.3242 70.7311 100.0000 stroke4
movl 0 -2.2933 430.3008 186.5025 -168.4630 19.4014 67.0418 100.0000 stroke4
movl 0 25.2487 391.5416 194.0895 -155.1592 20.6663 43.3749 100.0000 stroke4
movl 0 4.9663 355.9981 186.0947 -157.1936 11.2725 40.7551 100.0000 stroke4
movl 0 2.1721 341.5858 174.0206 -158.4957 8.2658 40.0689 100.0000 stroke4
movl 0 1.2298 344.6528 173.9807 -159.3299 8.5243 40.0452 100.0000 stroke4
movl 0 -1.1129 346.1307 172.7421 -160.3448 7.5846 38.9712 100.0000 stroke4
movl 0 -5.1070 348.4481 172.6861 -163.2565 6.8194 36.4334 100.0000 stroke4
movl 0 -7.7994 348.9878 172.6649 -164.1970 5.8002 35.0168 100.0000 stroke4
movl 0 -8.2101 349.4299 172.1017 -163.8305 4.6994 34.0185 100.0000 stroke4
movl 0 -7.0209 349.9144 172.3078 -163.9432 5.2776 34.2889 100.0000 stroke4
movl 0 -7.2479 349.7064 172.5943 -163.5039 4.6426 34.2860 100.0000 stroke4
movl 0 -3.0778 352.8165 172.2229 -163.3084 5.9700 33.9213 100.0000 stroke4
movl 0 -4.6200 351.2389 172.4366 -163.4944 5.9744 35.3483 100.0000 stroke4
movl 0 -3.4343 352.9489 172.0617 -163.0504 5.5026 34.1813 100.0000 stroke4
movl 0 -2.5237 353.2029 172.1858 -162.4523 5.0175 33.7553 100.0000 stroke4
movl 0 -1.1549 353.7416 172.3116 -161.7086 4.9019 33.9918 100.0000 stroke4
movl 0 3.1694 349.2775 174.1483 -158.2399 4.0665 36.2323 100.0000 stroke4
movl 0 4.8482 328.2054 198.3272 -145.6800 -10.4829 50.1961 100.0000 stroke4
movl 0 5.3841 371.8102 192.4923 -149.8470 -6.5219 71.9210 100.0000 stroke5
movl 0 -5.2013 367.1831 175.3112 -154.7531 -9.6266 68.8313 100.0000 stroke5
movl 0 -15.7242 362.2182 174.3379 -157.4630 -13.5808 69.4115 100.0000 stroke5
movl 0 -17.9670 363.9081 173.3279 -158.0447 -13.8999 69.2058 100.0000 stroke5
movl 0 -20.8035 366.4342 171.7541 -159.3094 -13.6413 69.3312 100.0000 stroke5
movl 0 -23.8716 371.9760 171.1902 -161.9281 -10.2050 68.4293 100.0000 stroke5
movl 0 -22.3826 374.7351 171.0598 -162.2134 -8.5725 67.4413 100.0000 stroke5
movl 0 -22.0001 375.3727 171.1497 -162.1311 -7.4046 67.5844 100.0000 stroke5
movl 0 -22.0860 374.8215 171.4417 -162.1508 -6.3078 67.8879 100.0000 stroke5
movl 0 -21.4505 372.8146 171.6358 -161.6832 -5.2083 68.0758 100.0000 stroke5
movl 0 -22.0382 371.2332 172.1712 -161.6227 -4.3332 68.3723 100.0000 stroke5
movl 0 -23.3212 369.0335 172.7969 -161.5188 -3.7602 69.1097 100.0000 stroke5
movl 0 -24.6188 366.7053 173.1347 -161.4574 -3.6097 69.6894 100.0000 stroke5
movl 0 -25.8012 365.3488 173.3498 -161.5555 -3.0887 73.3718 100.0000 stroke5
movl 0 -26.1683 364.3649 173.6718 -161.2928 -2.9438 73.2822 100.0000 stroke5
movl 0 -25.9932 363.6178 174.0300 -160.8877 -2.8953 73.1302 100.0000 stroke5
movl 0 -25.5974 362.8728 176.1995 -159.9889 -3.0174 72.5507 100.0000 stroke5
movl 0 -23.1830 358.9564 188.1211 -156.2490 -4.6518 69.0258 100.0000 stroke5
movl 0 16.2482 420.8693 240.8755 -142.0275 4.5093 67.2989 100.0000 stroke6
movl 0 15.7969 416.4282 181.3699 -146.0662 3.3551 68.3339 100.0000 stroke6
movl 0 10.9716 414.7971 170.8307 -149.4464 2.7232 68.6313 100.0000 stroke6
movl 0 9.1504 414.1746 169.9260 -151.0771 1.6540 67.3403 100.0000 stroke6
movl 0 6.6673 414.2020 169.5218 -152.6494 0.9161 66.1811 100.0000 stroke6
movl 0 5.3468 416.5481 167.8473 -152.8493 1.0365 65.9182 100.0000 stroke6
movl 0 3.3514 420.3018 166.3697 -154.5231 1.9874 64.9756 100.0000 stroke6
movl 0 1.9714 423.3690 165.6957 -156.2286 3.1800 63.0676 100.0000 stroke6
movl 0 3.1679 425.8032 164.8243 -156.7409 4.3336 62.4227 100.0000 stroke6
movl 0 4.3332 427.1780 164.3864 -157.0962 5.2164 61.7225 100.0000 stroke6
movl 0 4.7525 427.9791 164.1241 -157.2184 6.0543 61.7257 100.0000 stroke6
movl 0 5.3207 428.3284 163.9203 -157.2194 6.6263 61.7217 100.0000 stroke6
movl 0 5.3169 428.3383 163.7332 -156.9267 7.0372 62.3408 100.0000 stroke6
movl 0 4.7601 427.4483 164.0188 -156.5599 7.2131 63.2889 100.0000 stroke6
movl 0 4.3552 426.5226 164.3780 -156.2599 7.2198 63.9236 100.0000 stroke6
movl 0 4.0220 425.3390 164.9368 -155.9736 7.1119 64.2924 100.0000 stroke6
movl 0 4.1776 424.0474 165.5086 -155.4879 6.9180 64.6008 100.0000 stroke6
movl 0 7.5720 416.6536 172.1102 -152.2614 5.0196 66.1062 100.0000 stroke6
movl 0 17.5170 404.2539 200.8432 -144.7922 1.5583 66.4870 100.0000 stroke6
movl 0 15.3135 388.5491 245.6923 -138.8841 -3.1631 71.5680 100.0000 stroke6
