movl 0 21.1947 438.3029 211.4648 130.6128 1.7796 -107.0931 100.0000 stroke1
movl 0 20.7266 435.9040 157.7730 135.7815 -7.0537 -108.9248 100.0000 stroke1
movl 0 17.9656 435.9111 159.5021 140.4089 -10.6119 -112.9072 100.0000 stroke1
movl 0 12.3159 435.4854 158.4445 142.6945 -9.4432 -114.2998 100.0000 stroke1
movl 0 4.1802 433.9205 159.7824 144.7076 -9.4524 -117.5771 100.0000 stroke1
movl 0 -0.9605 434.1093 159.7800 146.0310 -9.6877 -118.6079 100.0000 stroke1
movl 0 -1.6391 434.9814 158.2790 145.6853 -8.5918 -116.7853 100.0000 stroke1
movl 0 -5.6181 438.1076 158.2058 148.8459 -9.4158 -117.0695 100.0000 stroke1
movl 0 -7.0126 439.9285 158.2724 150.8786 -10.4039 -118.5364 100.0000 stroke1
movl 0 -8.0841 440.6280 158.6575 152.5391 -11.2066 -120.2292 100.0000 stroke1
movl 0 -7.7830 441.1000 158.8926 153.5583 -12.0412 -121.9247 100.0000 stroke1
movl 0 -8.8490 440.9586 159.3511 154.1596 -12.8737 -122.9770 100.0000 stroke1
movl 0 -8.6514 440.8358 159.7859 154.8617 -14.1930 -124.2435 100.0000 stroke1
movl 0 -8.8974 440.4516 159.9799 155.2442 -15.3354 -124.8803 100.0000 stroke1
movl 0 -7.9680 439.3231 160.5321 154.8124 -15.2924 -126.3457 100.0000 stroke1
movl 0 -7.8650 439.7335 160.3607 155.5452 -16.4054 -127.8079 100.0000 stroke1
movl 0 -8.5794 439.8583 160.5957 156.8280 -18.0937 -129.2044 100.0000 stroke1
movl 0 -7.8865 438.5736 161.0821 156.2980 -18.1441 -129.7901 100.0000 stroke1
movl 0 -7.4115 438.9877 160.8142 156.6679 -19.1051 -130.2300 100.0000 stroke1
movl 0 -7.3168 438.6381 160.8664 156.4849 -19.2364 -130.6085 100.0000 stroke1
movl 0 -6.7401 437.1507 161.1914 155.7873 -18.6610 -131.0552 100.0000 stroke1
movl 0 -5.4564 434.2224 162.4159 154.4431 -18.0066 -131.7790 100.0000 stroke1
movl 0 -4.2511 421.5144 182.8251 145.3016 -11.6214 -131.2902 100.0000 stroke1
movl 0 -1.9515 419.3971 173.5036 136.4092 -13.1966 -120.7050 100.0000 stroke2
movl 0 -6.7765 415.6176 156.6794 139.7001 -13.5223 -123.6833 100.0000 stroke2
movl 0 -12.5595 419.8801 157.9789 144.0975 -16.5260 -128.1440 100.0000 stroke2
movl 0 -17.4916 419.3428 161.8999 147.5437 -18.2877 -132.5684 100.0000 stroke2
movl 0 -20.7368 420.3090 160.6973 149.0212 -18.0528 -133.3416 100.0000 stroke2
movl 0 -22.0558 420.2570 161.5415 150.6236 -18.3272 -134.5612 100.0000 stroke2
movl 0 -22.3525 420.5846 160.4646 151.0950 -18.0954 -134.8154 100.0000 stroke2
movl 0 -22.6178 421.7477 159.4017 150.8637 -18.1118 -133.9552 100.0000 stroke2
movl 0 -26.3012 422.8923 158.8699 153.3478 -18.3722 -134.8717 100.0000 stroke2
movl 0 -26.3717 424.2688 159.2855 155.6390 -19.8889 -137.2983 100.0000 stroke2
movl 0 -27.4325 426.3236 159.6291 158.9180 -22.1036 -139.4649 100.0000 stroke2
movl 0 -28.4918 426.3355 160.0384 159.9120 -22.7053 -140.0981 100.0000 stroke2
movl 0 -28.8887 426.8388 159.6639 160.5996 -23.3952 -139.7168 100.0000 stroke2
movl 0 -28.5751 426.1531 159.8992 160.1715 -23.1508 -139.5517 100.0000 stroke2
movl 0 -30.0802 425.5768 159.9041 160.5052 -22.8459 -139.0869 100.0000 stroke2
movl 0 -28.9282 425.0152 160.1715 159.5508 -22.2000 -138.8181 100.0000 stroke2
movl 0 -29.1398 422.3329 160.9915 157.9176 -20.2884 -137.6172 100.0000 stroke2
movl 0 -29.1332 420.3180 161.8559 156.4501 -18.8465 -136.1514 100.0000 stroke2
movl 0 -24.9496 410.8280 181.4811 148.8862 -12.8445 -130.5741 100.0000 stroke2
movl 0 -16.1626 406.6814 209.1207 141.8147 -1.2756 -116.3938 100.0000 stroke3
movl 0 -26.8767 389.2751 170.6856 146.2588 0.5026 -119.2422 100.0000 stroke3
movl 0 -35.3562 391.2294 167.7628 148.2638 1.7895 -117.5930 100.0000 stroke3
movl 0 -35.8090 394.6414 164.7823 148.9730 3.5793 -113.8847 100.0000 stroke3
movl 0 -36.3098 396.5419 164.1824 149.3830 3.1468 -114.0429 100.0000 stroke3
movl 0 -37.2806 397.2353 164.2277 149.5389 2.6661 -114.1195 100.0000 stroke3
movl 0 -36.8496 397.4436 164.5348 149.5605 2.6662 -114.4098 100.0000 stroke3
movl 0 -34.6535 397.8132 165.3462 149.5589 2.6859 -115.3985 100.0000 stroke3
movl 0 -34.1441 398.0941 166.0659 149.6814 2.8093 -116.4892 100.0000 stroke3
movl 0 -37.9249 395.8180 165.7703 150.1094 3.1940 -115.8869 100.0000 stroke3
movl 0 -37.7920 396.4361 165.3697 150.0527 2.4969 -115.6537 100.0000 stroke3
movl 0 -38.6922 396.5172 164.7731 150.1367 2.5506 -115.5481 100.0000 stroke3
movl 0 -41.6200 397.0795 164.5858 152.1027 2.4288 -116.3995 100.0000 stroke3
movl 0 -43.4073 395.8901 164.9345 152.8869 3.0609 -117.1147 100.0000 stroke3
movl 0 -41.9066 396.0264 165.0223 153.1540 3.0408 -118.0023 100.0000 stroke3
movl 0 -38.6091 396.3643 165.3466 153.3783 2.9389 -119.3018 100.0000 stroke3
movl 0 -32.8949 397.1677 165.7379 153.6904 2.7047 -120.9706 100.0000 stroke3
movl 0 -26.9696 398.0392 165.9767 154.2187 2.4220 -122.7055 100.0000 stroke3
movl 0 -21.7136 399.1946 166.1661 154.8450 2.2560 -124.6350 100.0000 stroke3
movl 0 -16.5523 400.3805 166.1056 155.4053 1.9317 -126.3395 100.0000 stroke3
movl 0 -16.0776 400.1882 166.3268 155.3214 1.7788 -126.4495 100.0000 stroke3
movl 0 -14.9647 400.1447 166.3690 154.9818 1.5894 -126.4574 100.0000 stroke3
movl 0 -14.3277 399.7610 166.5118 154.5016 1.3874 -126.2062 100.0000 stroke3
movl 0 -13.4932 399.3797 166.6991 154.1672 1.3140 -126.4490 100.0000 stroke3
movl 0 -13.6244 399.7414 166.5939 154.4300 1.2990 -126.7455 100.0000 stroke3
movl 0 -13.1009 399.9640 166.6343 154.5017 1.2172 -127.2387 100.0000 stroke3
movl 0 -11.8786 399.9333 166.8302 154.2474 0.9621 -127.5982 100.0000 stroke3
movl 0 -8.2611 401.4128 166.7531 153.5091 -0.5102 -128.0590 100.0000 stroke3
movl 0 0.3446 412.9172 165.2163 155.5727 -7.6913 -131.4487 100.0000 stroke3
movl 0 9.1340 421.6315 162.0855 155.9764 -12.9762 -133.5518 100.0000 stroke3
movl 0 14.5325 428.7129 159.0862 156.1195 -17.1400 -133.9291 100.0000 stroke3
movl 0 16.1519 431.0370 157.6068 156.0501 -18.8777 -133.3298 100.0000 stroke3
movl 0 15.2663 431.1024 157.4972 156.1024 -19.8320 -132.2560 100.0000 stroke3
movl 0 17.6545 428.8767 158.3839 155.0175 -19.2394 -133.2621 100.0000 stroke3
movl 0 17.3522 429.5901 158.0335 155.4927 -19.8753 -133.1442 100.0000 stroke3
movl 0 16.6808 428.6568 158.3952 155.1101 -19.9664 -132.2890 100.0000 stroke3
movl 0 18.1878 426.7383 159.0043 153.7004 -19.8965 -131.4935 100.0000 stroke3
movl 0 22.0551 415.5102 167.4157 144.6718 -15.4675 -126.5733 100.0000 stroke3
movl 0 19.1457 399.2547 218.4256 131.3840 9.3181 -112.7861 100.0000 stroke3
movl 0 7.3259 425.1425 223.0499 136.2898 -0.0601 -101.7165 100.0000 stroke4
movl 0 8.6860 418.6361 168.5864 138.9487 -3.6824 -102.8060 100.0000 stroke4
movl 0 9.1492 416.5764 160.4456 140.1820 -4.6334 -104.1366 100.0000 stroke4
movl 0 4.6423 418.1142 160.8404 142.2402 -5.7139 -104.9757 100.0000 stroke4
movl 0 -1.3735 419.5054 164.3805 146.0194 -7.8583 -108.2496 100.0000 stroke4
movl 0 -13.6461 410.1058 167.6167 147.4349 -0.5436 -106.8872 100.0000 stroke4
movl 0 -18.2372 406.8451 168.1726 149.0770 0.3937 -106.6396 100.0000 stroke4
movl 0 -21.2051 406.4114 167.4819 149.9964 1.2100 -105.8170 100.0000 stroke4
movl 0 -22.9134 406.4792 167.0317 150.8159 1.7636 -105.6529 100.0000 stroke4
movl 0 -27.2426 410.4022 166.3233 153.4289 -1.1180 -107.3191 100.0000 stroke4
movl 0 -27.7422 412.8988 166.2052 154.8040 -3.6461 -110.0456 100.0000 stroke4
movl 0 -27.9982 414.1641 166.3570 155.5888 -5.7968 -112.2241 100.0000 stroke4
movl 0 -28.3211 415.8572 166.8268 157.1264 -8.8826 -115.1790 100.0000 stroke4
movl 0 -29.2743 417.5268 167.2015 158.9050 -11.5455 -117.4613 100.0000 stroke4
movl 0 -29.8721 419.0388 167.3414 160.5641 -13.8991 -119.1468 100.0000 stroke4
movl 0 -30.8653 418.6100 167.7738 161.0522 -14.1764 -119.2086 100.0000 stroke4
movl 0 -30.0761 418.7625 167.8457 160.8933 -14.5041 -118.9561 100.0000 stroke4
movl 0 -30.5003 418.2250 168.0440 161.0062 -14.2827 -118.8879 100.0000 stroke4
movl 0 -29.4996 417.1740 168.4137 160.1150 -13.3395 -118.6497 100.0000 stroke4
movl 0 -28.7319 416.0324 168.7013 159.2410 -12.2820 -118.2851 100.0000 stroke4
movl 0 -27.9855 415.2116 168.9416 158.4767 -11.4293 -117.9698 100.0000 stroke4
movl 0 -27.9432 414.9290 169.0639 158.1960 -10.9236 -117.6874 100.0000 stroke4
movl 0 -27.3866 414.5163 169.2875 157.7006 -10.3848 -117.4235 100.0000 stroke4
movl 0 -18.1752 399.9821 175.1972 150.2349 -1.3278 -112.5792 100.0000 stroke4
movl 0 -17.4717 376.2721 221.5606 144.7603 22.0026 -105.2471 100.0000 stroke4
movl 0 -2.2737 402.6285 187.4537 146.6760 15.9879 -91.6593 100.0000 stroke5
movl 0 -8.4735 397.4235 168.7990 149.9203 13.5459 -92.0269 100.0000 stroke5
movl 0 -24.0249 390.2721 169.0886 154.6609 15.4769 -89.6367 100.0000 stroke5
movl 0 -30.6955 389.9360 169.2551 156.0953 15.5699 -89.1482 100.0000 stroke5
movl 0 -33.3926 388.6048 168.8977 157.0139 16.1498 -88.4775 100.0000 stroke5
movl 0 -37.0214 390.7383 168.4490 158.8441 14.3599 -89.0285 100.0000 stroke5
movl 0 -40.0638 389.9101 168.5197 160.1202 14.3014 -89.5516 100.0000 stroke5
movl 0 -40.6881 389.8815 168.5493 160.5219 14.1978 -90.0520 100.0000 stroke5
movl 0 -39.3649 390.5630 168.7574 160.5156 13.8665 -91.0102 100.0000 stroke5
movl 0 -36.6122 391.7777 168.9968 160.4394 13.3603 -92.5423 100.0000 stroke5
movl 0 -31.9271 393.5671 169.1587 160.2271 12.7063 -94.7410 100.0000 stroke5
movl 0 -28.4646 394.7805 169.2870 159.7249 12.1490 -96.1965 100.0000 stroke5
movl 0 -23.9126 396.4755 169.6953 157.7142 11.2388 -97.2161 100.0000 stroke5
movl 0 -20.1609 403.8832 168.4326 156.8385 7.7590 -98.7717 100.0000 stroke5
movl 0 -13.5944 411.5216 166.7919 155.8479 2.9390 -101.9354 100.0000 stroke5
movl 0 -10.1913 417.1254 165.2859 154.8072 -0.3010 -103.0275 100.0000 stroke5
movl 0 -9.2638 419.6534 164.5151 154.4242 -2.3694 -103.7602 100.0000 stroke5
movl 0 -8.6691 420.6246 164.3315 154.3733 -3.9521 -104.8278 100.0000 stroke5
movl 0 -8.9417 420.9888 164.4912 154.6623 -5.5302 -106.1970 100.0000 stroke5
movl 0 -9.3072 421.2917 164.8087 155.1947 -7.0759 -107.7550 100.0000 stroke5
movl 0 -9.5663 421.8775 164.9619 155.7129 -8.7966 -109.2513 100.0000 stroke5
movl 0 -10.2087 422.6816 165.1032 156.6143 -10.5134 -110.7145 100.0000 stroke5
movl 0 -10.9997 423.6950 165.2318 157.7925 -12.5487 -112.5769 100.0000 stroke5
movl 0 -11.4806 424.2344 165.2146 158.7292 -14.0865 -114.2247 100.0000 stroke5
movl 0 -12.1179 424.5850 165.3226 159.6033 -15.3703 -115.3152 100.0000 stroke5
movl 0 -12.8063 423.7792 165.6830 159.9571 -15.5893 -115.5849 100.0000 stroke5
movl 0 -8.7606 419.5871 167.1179 157.4340 -13.2991 -115.7238 100.0000 stroke5
movl 0 -7.7475 417.6179 167.5056 156.5017 -12.0879 -115.3720 100.0000 stroke5
movl 0 -8.6587 418.4716 167.4776 157.3159 -12.7485 -115.4615 100.0000 stroke5
movl 0 -10.0981 420.3787 167.1922 158.6080 -14.1154 -115.5770 100.0000 stroke5
movl 0 -10.7825 420.7427 167.1587 159.1413 -14.5171 -115.6344 100.0000 stroke5
movl 0 -7.5341 417.5322 168.1280 157.1228 -12.7398 -115.7220 100.0000 stroke5
movl 0 -9.3726 419.1037 167.7095 158.2593 -13.7155 -115.2094 100.0000 stroke5
movl 0 -10.1843 418.4261 167.9104 158.4105 -13.5285 -115.0378 100.0000 stroke5
movl 0 -8.9565 417.0496 168.2745 157.2849 -12.4985 -114.8849 100.0000 stroke5
movl 0 -4.9571 408.1198 176.1081 152.4501 -6.3724 -112.6324 100.0000 stroke5
movl 0 -7.9893 396.2040 215.9928 -144.9919 -8.8008 80.8542 100.0000 stroke6
movl 0 -17.1832 389.6162 172.3636 -151.0015 -5.3608 79.4341 100.0000 stroke6
movl 0 -25.4853 390.1586 171.9289 -154.2354 -5.9081 78.3709 100.0000 stroke6
movl 0 -28.1464 390.1390 172.1070 -154.2342 -6.0762 78.5130 100.0000 stroke6
movl 0 -29.8942 390.4182 170.9473 -154.9212 -6.6137 79.4667 100.0000 stroke6
movl 0 -30.5966 391.4854 170.4189 -155.3067 -6.3396 79.6709 100.0000 stroke6
movl 0 -33.0784 392.3117 170.2701 -156.8584 -5.8483 78.9760 100.0000 stroke6
movl 0 -35.3995 391.4827 170.5956 -157.9293 -5.9796 78.5449 100.0000 stroke6
movl 0 -36.6465 390.8828 170.7939 -158.5323 -6.3311 78.1190 100.0000 stroke6
movl 0 -35.2497 391.7408 170.7691 -158.8663 -6.0440 76.7614 100.0000 stroke6
movl 0 -34.2806 392.4500 170.7141 -159.2046 -5.9305 75.9143 100.0000 stroke6
movl 0 -33.2354 391.7668 171.1612 -158.5420 -6.1006 76.0221 100.0000 stroke6
movl 0 -30.9754 391.2154 171.4969 -157.5254 -6.3775 75.8436 100.0000 stroke6
movl 0 -31.2886 391.6531 171.4165 -157.9217 -5.9589 75.9715 100.0000 stroke6
movl 0 -31.2723 392.6746 171.2226 -158.3695 -5.1355 75.9597 100.0000 stroke6
movl 0 -30.8011 392.3096 171.2251 -157.4292 -5.0620 76.9624 100.0000 stroke6
movl 0 -20.2291 387.6641 177.9623 -150.4819 -8.9208 78.9038 100.0000 stroke6
movl 0 -8.2033 378.6145 246.1335 -142.2929 -18.6373 77.5301 100.0000 stroke6
movl 0 3.3288 389.9535 231.2415 -143.0908 -6.9088 78.7854 100.0000 stroke7
movl 0 -7.4055 387.4776 179.0627 -148.3228 -2.2659 77.9436 100.0000 stroke7
movl 0 -18.3542 383.6066 174.0391 -152.2261 -4.1569 78.0121 100.0000 stroke7
movl 0 -26.5349 384.2498 171.2392 -154.2396 -4.8497 78.6125 100.0000 stroke7
movl 0 -27.7457 384.4152 170.5387 -154.3311 -4.8222 79.0366 100.0000 stroke7
movl 0 -29.6618 384.6678 170.1668 -155.1817 -5.0486 79.0657 100.0000 stroke7
movl 0 -32.3923 384.2248 170.4697 -156.7103 -5.0131 78.4883 100.0000 stroke7
movl 0 -33.0984 383.9310 170.6400 -157.2899 -5.2515 77.8609 100.0000 stroke7
movl 0 -31.6923 384.5860 170.7675 -157.7578 -5.0091 76.7803 100.0000 stroke7
movl 0 -29.3852 385.2314 170.8641 -158.3718 -4.6613 75.1905 100.0000 stroke7
movl 0 -26.8037 386.4034 170.7788 -158.6894 -4.1358 73.5638 100.0000 stroke7
movl 0 -26.5267 384.5940 171.6890 -157.9932 -4.7480 73.9602 100.0000 stroke7
movl 0 -25.3731 386.2189 171.1942 -158.4540 -4.1242 73.4969 100.0000 stroke7
movl 0 -25.8612 386.0548 171.2454 -158.4479 -4.1392 73.6106 100.0000 stroke7
movl 0 -26.1385 385.9564 171.2621 -158.3715 -4.0848 73.6833 100.0000 stroke7
movl 0 -26.0373 386.0114 171.1811 -158.2650 -3.9549 73.7348 100.0000 stroke7
movl 0 -25.4207 386.1232 171.1056 -158.0408 -3.7991 73.7626 100.0000 stroke7
movl 0 -25.0965 386.3764 171.1874 -157.8368 -3.6212 73.7181 100.0000 stroke7
movl 0 -22.4813 383.6192 174.1906 -155.9768 -4.0117 73.0207 100.0000 stroke7
movl 0 -18.7023 377.8233 229.2854 -150.2446 -10.5339 72.7299 100.0000 stroke7
movl 0 1.6124 393.6102 196.2482 -143.9483 0.9737 78.1078 100.0000 stroke8
movl 0 1.2535 388.1667 169.3300 -145.4242 2.6456 76.4151 100.0000 stroke8
movl 0 -5.0982 386.8530 171.2305 -147.9697 2.7123 74.9955 100.0000 stroke8
movl 0 -10.2066 386.6824 172.0574 -150.1464 2.7848 73.7776 100.0000 stroke8
movl 0 -12.2198 386.9561 171.6078 -150.6033 1.6535 73.8550 100.0000 stroke8
movl 0 -15.7424 384.5706 170.9278 -151.2372 -0.6116 75.4763 100.0000 stroke8
movl 0 -15.5201 385.5752 170.7375 -151.6703 0.1767 75.2600 100.0000 stroke8
movl 0 -16.7617 385.3085 170.2393 -151.9891 -0.6944 74.5577 100.0000 stroke8
movl 0 -18.4816 385.2542 169.4817 -152.4099 -1.2566 74.6421 100.0000 stroke8
movl 0 -22.2143 386.6577 168.3993 -153.8151 -1.0840 74.7098 100.0000 stroke8
movl 0 -24.1236 389.4920 168.1664 -155.8753 1.6160 73.4811 100.0000 stroke8
movl 0 -24.6271 390.0800 168.1405 -156.1119 2.4497 73.1457 100.0000 stroke8
movl 0 -24.6412 389.9561 168.3603 -156.2131 3.4861 73.1971 100.0000 stroke8
movl 0 -25.3997 389.5639 168.5490 -156.3986 4.4975 73.5714 100.0000 stroke8
movl 0 -26.1379 388.4421 168.8516 -156.5134 5.0064 73.8796 100.0000 stroke8
movl 0 -26.2835 387.3705 169.0907 -156.2410 5.2548 74.4948 100.0000 stroke8
movl 0 -26.5658 386.4766 169.3138 -156.0927 5.3386 74.9518 100.0000 stroke8
movl 0 -26.5544 385.6974 169.5199 -155.7849 5.4049 75.3598 100.0000 stroke8
movl 0 -25.7913 384.4567 170.1822 -155.1860 5.4378 75.4733 100.0000 stroke8
movl 0 -20.6803 374.4142 179.5945 -150.4237 4.3310 74.0142 100.0000 stroke8
movl 0 -12.3780 358.2549 234.4151 -140.5453 -2.9287 72.6432 100.0000 stroke8
movl 0 -5.3318 380.5389 240.2624 -142.9257 -1.9131 73.0953 100.0000 stroke9
movl 0 -0.8506 386.1645 178.7548 -144.7957 7.2187 69.5791 100.0000 stroke9
movl 0 -8.8382 379.4324 172.7103 -147.7721 5.5599 66.4353 100.0000 stroke9
movl 0 -24.0270 374.2404 173.6708 -153.8532 5.5492 61.3205 100.0000 stroke9
movl 0 -32.1378 368.1164 174.9233 -155.6264 4.3212 60.7386 100.0000 stroke9
movl 0 -34.6864 367.9158 174.3509 -156.3926 4.3281 60.6594 100.0000 stroke9
movl 0 -34.7940 368.6192 174.4388 -157.0096 4.7172 59.8472 100.0000 stroke9
movl 0 -37.6090 368.5915 174.0219 -157.9463 4.9411 59.2707 100.0000 stroke9
movl 0 -39.4027 369.4467 173.9427 -159.4022 4.8141 57.9038 100.0000 stroke9
movl 0 -40.2415 370.0032 174.1382 -160.6289 4.9072 56.8082 100.0000 stroke9
movl 0 -40.0573 371.1733 174.6198 -161.9866 5.3580 55.1690 100.0000 stroke9
movl 0 -39.7981 373.1355 175.0777 -163.7073 6.0294 53.2405 100.0000 stroke9
movl 0 -39.9118 375.5149 175.4573 -165.6144 6.8268 50.8454 100.0000 stroke9
movl 0 -41.3263 377.5672 176.0280 -168.2506 7.3581 46.9499 100.0000 stroke9
movl 0 -43.6263 379.7840 176.3114 -171.0737 7.5475 42.3783 100.0000 stroke9
movl 0 -45.8945 382.3934 176.2277 -173.9133 7.5402 37.6559 100.0000 stroke9
movl 0 -46.2247 385.5931 175.9507 -176.2914 7.7772 34.1197 100.0000 stroke9
movl 0 -45.5966 387.2866 176.0899 -177.2116 8.2923 32.6281 100.0000 stroke9
movl 0 -44.0096 387.5036 176.2027 -176.9623 8.5367 32.2917 100.0000 stroke9
movl 0 -44.3416 387.6603 176.2558 -177.7513 8.6712 32.0982 100.0000 stroke9
movl 0 -42.6337 386.3287 176.7699 -177.3939 8.8870 32.1637 100.0000 stroke9
movl 0 -40.7194 385.0795 177.5078 -176.5295 9.0857 32.4086 100.0000 stroke9
movl 0 -40.1409 384.8878 177.1996 -177.1107 9.2746 32.6348 100.0000 stroke9
movl 0 -37.7977 383.7222 177.9803 -176.2687 9.6406 32.7592 100.0000 stroke9
movl 0 -37.3913 383.2180 177.8892 -176.4617 9.8286 32.9678 100.0000 stroke9
movl 0 -35.4250 382.3182 178.7009 -175.7536 10.1571 33.1121 100.0000 stroke9
movl 0 -34.8944 381.6994 178.6933 -175.8670 10.2992 33.4846 100.0000 stroke9
movl 0 -33.3918 381.0344 179.3182 -174.8367 10.4701 33.9096 100.0000 stroke9
movl 0 -33.3082 380.7798 179.1045 -174.9440 10.7001 34.3913 100.0000 stroke9
movl 0 -32.6918 381.0853 179.1292 -174.3929 10.8577 34.7749 100.0000 stroke9
movl 0 -31.5231 380.6212 179.3374 -173.6053 11.0047 35.2532 100.0000 stroke9
movl 0 -27.2388 377.9272 180.4456 -170.4671 11.6469 37.5961 100.0000 stroke9
movl 0 -14.7615 373.2711 188.1941 -158.7288 9.2570 47.2049 100.0000 stroke9
movl 0 -7.8340 405.5464 190.3098 -147.1816 3.5061 73.5382 100.0000 stroke10
movl 0 -6.6934 396.9144 170.6622 -149.1933 4.8974 71.6439 100.0000 stroke10
movl 0 -10.4553 396.1268 171.8243 -151.8445 5.2598 69.8618 100.0000 stroke10
movl 0 -14.5200 395.2128 173.9199 -154.6089 6.2210 68.5093 100.0000 stroke10
movl 0 -16.0401 392.1359 175.4907 -154.9413 4.7921 68.3089 100.0000 stroke10
movl 0 -22.6073 387.4543 177.5849 -156.1412 3.0556 67.6605 100.0000 stroke10
movl 0 -25.2041 385.8812 177.7581 -157.0914 2.2976 67.0322 100.0000 stroke10
movl 0 -26.6623 385.8282 177.6626 -157.8053 1.9866 66.5782 100.0000 stroke10
movl 0 -28.7500 385.7580 177.5424 -158.8315 1.3885 66.0782 100.0000 stroke10
movl 0 -30.3823 386.1262 177.0371 -159.7799 1.0182 66.0212 100.0000 stroke10
movl 0 -32.0024 387.7539 176.1260 -160.6863 1.0583 66.1266 100.0000 stroke10
movl 0 -35.0062 391.3042 175.1047 -163.0664 2.8081 65.6689 100.0000 stroke10
movl 0 -35.9231 394.1256 174.5886 -164.6034 4.3511 64.8755 100.0000 stroke10
movl 0 -35.3761 395.4490 174.3245 -164.9623 4.9518 64.3940 100.0000 stroke10
movl 0 -36.5563 395.0253 174.5043 -165.0184 5.1042 64.6008 100.0000 stroke10
movl 0 -36.7609 394.8845 174.5113 -165.1401 5.4738 64.5518 100.0000 stroke10
movl 0 -36.7707 395.1985 174.4296 -165.2680 5.8965 64.4323 100.0000 stroke10
movl 0 -36.4569 395.3576 174.4797 -165.2832 6.2925 64.2091 100.0000 stroke10
movl 0 -36.4419 395.3742 174.5943 -165.2735 6.6222 64.0433 100.0000 stroke10
movl 0 -36.5950 395.1076 174.6591 -165.3244 6.8746 63.8796 100.0000 stroke10
movl 0 -36.7506 394.7147 174.7905 -165.4090 7.0947 63.6603 100.0000 stroke10
movl 0 -36.8215 394.7566 174.8038 -165.4620 7.3935 63.5979 100.0000 stroke10
movl 0 -37.0803 394.3976 174.8363 -165.5058 7.6017 63.6390 100.0000 stroke10
movl 0 -37.3307 394.2493 174.8714 -165.5630 7.7367 63.6159 100.0000 stroke10
movl 0 -37.5984 394.0786 174.8968 -165.5723 7.9540 63.6763 100.0000 stroke10
movl 0 -38.0582 393.3851 174.9799 -165.6346 8.0626 63.8269 100.0000 stroke10
movl 0 -38.8356 392.5137 175.0252 -165.6595 8.2790 64.1975 100.0000 stroke10
movl 0 -40.0967 391.4454 175.0894 -165.7512 8.4216 64.6715 100.0000 stroke10
movl 0 -41.3226 390.1877 175.2204 -165.6446 8.5508 65.3445 100.0000 stroke10
movl 0 -42.8015 389.0890 175.2604 -165.6128 8.6206 66.0859 100.0000 stroke10
movl 0 -44.1775 388.1352 175.3031 -165.5778 8.7086 66.7423 100.0000 stroke10
movl 0 -45.0901 387.3754 175.4161 -165.4900 8.7438 67.1873 100.0000 stroke10
movl 0 -45.2063 387.2053 175.4616 -165.3625 8.8072 67.3149 100.0000 stroke10
movl 0 -45.6639 386.8495 175.5527 -165.2629 8.9070 67.4856 100.0000 stroke10
movl 0 -45.7647 386.6562 175.6341 -165.1259 8.9967 67.5713 100.0000 stroke10
movl 0 -46.2912 386.4578 175.5577 -164.9964 9.1282 67.7969 100.0000 stroke10
movl 0 -47.0550 385.9477 175.6726 -164.8255 9.2344 68.1096 100.0000 stroke10
movl 0 -47.9075 385.5696 175.6285 -164.6794 9.3155 68.5067 100.0000 stroke10
movl 0 -48.2777 385.3272 175.6575 -164.4432 9.3822 68.9120 100.0000 stroke10
movl 0 -48.8047 384.9664 175.7387 -164.1844 9.4372 69.2274 100.0000 stroke10
movl 0 -49.2292 384.5775 175.8279 -163.9868 9.4784 69.4778 100.0000 stroke10
movl 0 -49.3597 384.2836 175.9207 -163.7986 9.4823 69.6640 100.0000 stroke10
movl 0 -49.1686 383.8433 176.1470 -163.3837 9.4548 69.9016 100.0000 stroke10
movl 0 -49.1610 383.6628 176.1387 -163.1157 9.5045 69.9983 100.0000 stroke10
movl 0 -48.9861 383.4649 176.2147 -162.8680 9.4676 70.0192 100.0000 stroke10
movl 0 -48.8863 383.1986 176.3165 -162.6789 9.3924 70.0638 100.0000 stroke10
movl 0 -48.5981 382.9356 176.5714 -162.3941 9.3850 70.1096 100.0000 stroke10
movl 0 -35.7554 376.4093 181.0406 -155.4468 8.1522 69.2322 100.0000 stroke10
movl 0 -26.6859 372.9402 189.7698 -148.9915 4.5120 69.5656 100.0000 stroke10
movl 0 -25.9658 368.6110 233.3996 -141.7150 -7.4085 73.9629 100.0000 stroke10
movl 0 -6.8418 398.9135 229.4563 -150.2264 -18.3817 98.6404 100.0000 stroke11
movl 0 -7.7089 388.8239 183.2116 -150.3584 -13.3390 95.7769 100.0000 stroke11
movl 0 -27.1325 380.3067 176.7967 -155.5964 -13.1777 96.7993 100.0000 stroke11
movl 0 -43.7257 377.4744 175.7980 -159.0159 -12.6035 98.4815 100.0000 stroke11
movl 0 -54.8398 376.4753 174.6716 -160.2861 -12.6634 101.6147 100.0000 stroke11
movl 0 -59.3493 376.0777 173.9355 -160.2334 -12.3129 103.4128 100.0000 stroke11
movl 0 -62.0499 376.1963 173.3666 -160.0452 -12.1870 104.6650 100.0000 stroke11
movl 0 -64.8779 376.4266 172.6424 -160.9109 -11.4735 105.1786 100.0000 stroke11
movl 0 -69.1343 375.6801 172.9844 -162.9623 -10.3998 104.6696 100.0000 stroke11
movl 0 -70.0812 376.1803 173.2992 -163.6125 -9.1171 103.4692 100.0000 stroke11
movl 0 -72.1457 374.7321 173.6943 -164.5249 -9.5045 102.8468 100.0000 stroke11
movl 0 -71.0984 375.6116 173.8260 -164.7953 -9.1265 101.7994 100.0000 stroke11
movl 0 -70.3434 376.1787 173.9576 -164.9461 -8.8546 101.0424 100.0000 stroke11
movl 0 -68.5425 376.7214 174.3279 -164.9433 -8.6001 100.0662 100.0000 stroke11
movl 0 -67.0377 377.0940 174.5290 -165.0225 -8.3686 99.2789 100.0000 stroke11
movl 0 -65.2453 377.5386 174.7323 -165.1920 -8.1761 98.3880 100.0000 stroke11
movl 0 -63.4369 378.0561 174.9559 -165.4219 -7.9618 97.3995 100.0000 stroke11
movl 0 -61.0933 378.7652 175.1495 -165.5267 -7.7340 96.3547 100.0000 stroke11
movl 0 -58.7764 379.2938 175.3733 -165.5775 -7.5922 95.6014 100.0000 stroke11
movl 0 -57.0291 379.7713 175.5458 -165.7224 -7.3705 94.9161 100.0000 stroke11
movl 0 -56.6704 380.0457 175.6039 -165.8828 -7.2245 94.5629 100.0000 stroke11
movl 0 -56.5691 380.3505 175.6496 -166.2447 -7.0398 93.9974 100.0000 stroke11
movl 0 -55.9379 380.7306 175.8395 -166.7033 -6.8291 93.1560 100.0000 stroke11
movl 0 -55.2937 381.3605 175.9845 -167.2540 -6.5084 92.1468 100.0000 stroke11
movl 0 -54.5276 381.5280 176.1461 -167.6421 -6.3870 91.4201 100.0000 stroke11
movl 0 -53.9065 381.5792 176.3604 -167.8651 -6.3345 90.8354 100.0000 stroke11
movl 0 -52.5268 381.8326 176.5284 -168.1613 -6.2715 90.1358 100.0000 stroke11
movl 0 -50.9042 381.7729 176.7272 -168.4541 -6.3196 89.4345 100.0000 stroke11
movl 0 -49.3698 382.1427 176.9109 -168.5877 -6.2046 88.7458 100.0000 stroke11
movl 0 -48.4676 382.3795 177.2077 -168.6029 -6.0362 88.1197 100.0000 stroke11
movl 0 -47.0723 383.4541 177.2783 -168.8900 -5.5403 86.9561 100.0000 stroke11
movl 0 -45.8146 384.6553 177.3346 -169.4472 -5.1257 85.2642 100.0000 stroke11
movl 0 -45.7209 385.6988 177.3540 -170.5684 -4.8028 83.5362 100.0000 stroke11
movl 0 -46.0562 386.6227 177.4266 -171.8137 -4.4936 81.5789 100.0000 stroke11
movl 0 -46.9475 387.5426 177.4556 -173.1496 -4.2420 79.3322 100.0000 stroke11
movl 0 -48.8854 388.1816 177.3619 -174.6823 -4.2332 76.4397 100.0000 stroke11
movl 0 -50.8589 388.3483 177.1944 -175.6953 -4.3326 73.5611 100.0000 stroke11
movl 0 -52.3722 387.9663 177.2079 -176.4096 -4.6735 71.1073 100.0000 stroke11
movl 0 -54.0712 387.9651 177.0404 -177.1828 -4.9781 68.7227 100.0000 stroke11
movl 0 -56.4884 387.7693 176.7162 -178.0836 -5.4616 65.6495 100.0000 stroke11
movl 0 -58.5790 387.9215 176.3798 -178.8879 -5.8785 62.6160 100.0000 stroke11
movl 0 -59.7327 388.6494 176.1963 -179.5990 -6.0413 59.8515 100.0000 stroke11
movl 0 -61.7908 389.5157 175.7178 179.5617 -6.2841 56.2786 100.0000 stroke11
movl 0 -62.1016 388.1706 176.4075 -179.8923 -6.5388 53.9132 100.0000 stroke11
movl 0 -58.8842 386.8384 177.6775 -178.1291 -6.3293 52.7229 100.0000 stroke11
movl 0 -57.9098 385.8592 178.2113 -177.2836 -6.6339 52.3493 100.0000 stroke11
movl 0 -56.5931 385.6152 178.5800 -176.7242 -6.5910 52.1080 100.0000 stroke11
movl 0 -56.0917 385.0707 178.9383 -176.3942 -6.7721 51.7923 100.0000 stroke11
movl 0 -55.8382 384.6014 179.1659 -176.1600 -6.9028 51.3891 100.0000 stroke11
movl 0 -55.1865 384.1880 179.5568 -175.7697 -6.9553 50.9796 100.0000 stroke11
movl 0 -54.8793 383.9475 179.6315 -175.6376 -7.0687 50.7408 100.0000 stroke11
movl 0 -55.1955 384.7779 179.4785 -176.2355 -6.5787 50.4800 100.0000 stroke11
movl 0 -55.6900 386.3226 179.2517 -177.1515 -5.8540 49.8561 100.0000 stroke11
movl 0 -55.9446 387.5513 179.0603 -177.7508 -5.2007 49.3000 100.0000 stroke11
movl 0 -55.8577 388.2637 179.1524 -178.2811 -4.7252 48.7804 100.0000 stroke11
movl 0 -56.1682 389.1152 179.1051 -178.9080 -4.1547 48.1165 100.0000 stroke11
movl 0 -55.9595 389.4278 179.1563 -179.1017 -3.7258 47.7753 100.0000 stroke11
movl 0 -54.2398 387.5867 180.0591 -177.8669 -4.1644 48.1330 100.0000 stroke11
movl 0 -53.7781 387.5866 179.9714 -177.7773 -4.1601 48.1795 100.0000 stroke11
movl 0 -53.9736 388.6441 179.7738 -178.5506 -3.4738 47.8992 100.0000 stroke11
movl 0 -53.7245 388.6784 179.8798 -178.5486 -3.3304 47.8519 100.0000 stroke11
movl 0 -52.8190 388.3663 180.2012 -178.2274 -3.4701 47.8612 100.0000 stroke11
movl 0 -52.3119 389.4380 179.9508 -178.6430 -3.0748 47.6077 100.0000 stroke11
movl 0 -51.4186 388.4721 180.6065 -178.2817 -3.0225 47.7202 100.0000 stroke11
movl 0 -50.1993 388.4791 181.0254 -177.9925 -3.0614 47.5344 100.0000 stroke11
movl 0 -49.3564 388.2866 181.2381 -177.9581 -2.8275 47.5336 100.0000 stroke11
movl 0 -48.0705 387.7023 181.7242 -177.5538 -2.8014 47.5329 100.0000 stroke11
movl 0 -47.3287 387.2421 182.1848 -177.3477 -2.6974 47.4645 100.0000 stroke11
movl 0 -46.6692 386.9259 182.4172 -177.1347 -2.5834 47.6467 100.0000 stroke11
movl 0 -46.2503 386.3045 182.7618 -176.2351 -2.4707 48.1792 100.0000 stroke11
movl 0 -44.9493 385.0786 183.4545 -174.9665 -2.4806 49.5758 100.0000 stroke11
movl 0 -44.0243 384.2934 183.8460 -174.1526 -2.5896 50.8673 100.0000 stroke11
movl 0 -43.4577 383.7451 184.1197 -173.4482 -2.6251 52.0021 100.0000 stroke11
movl 0 -43.3158 383.2931 184.2841 -172.9825 -2.7876 52.8120 100.0000 stroke11
movl 0 -43.9646 382.2017 184.4777 -172.7095 -3.2420 53.3630 100.0000 stroke11
movl 0 -44.2742 382.2596 184.5459 -172.6343 -3.2334 53.5819 100.0000 stroke11
movl 0 -44.6942 382.2531 184.5753 -172.6290 -3.1970 53.6459 100.0000 stroke11
movl 0 -44.8922 381.7996 184.9564 -172.3474 -3.1189 53.7244 100.0000 stroke11
movl 0 -45.0620 382.0849 184.8767 -172.4601 -3.0467 53.7506 100.0000 stroke11
movl 0 -45.1377 382.0921 184.9239 -172.5172 -3.0526 53.7124 100.0000 stroke11
movl 0 -44.9864 381.9045 185.0550 -172.4648 -3.0902 53.6720 100.0000 stroke11
movl 0 -44.6505 381.5963 185.3472 -172.2910 -3.1225 53.7307 100.0000 stroke11
movl 0 -44.4563 381.3922 185.4981 -172.1945 -3.1206 53.6257 100.0000 stroke11
movl 0 -43.4897 380.0723 186.2512 -171.5915 -3.1589 54.0132 100.0000 stroke11
movl 0 -39.6002 367.1296 190.4541 -166.0875 -7.2116 58.3755 100.0000 stroke11
movl 0 -33.4506 335.2122 202.1189 -155.7456 -24.0590 65.5945 100.0000 stroke11
movl 0 -20.8358 295.9112 248.0095 -138.4680 -42.0733 59.0304 100.0000 stroke11
