movl 0 -36.1407 411.1161 228.8537 176.7426 -24.4087 165.7277 100.0000 stroke1
movl 0 -28.0301 412.8955 209.9350 179.1194 -26.0479 164.1874 100.0000 stroke1
movl 0 -26.0888 412.6452 198.2944 -179.6307 -27.6481 162.4913 100.0000 stroke1
movl 0 -26.8629 408.8637 186.5461 178.4445 -30.0661 163.7167 100.0000 stroke1
movl 0 -25.9621 406.4680 180.7150 174.7890 -31.4655 167.4198 100.0000 stroke1
movl 0 -27.2593 408.2264 178.1587 172.0600 -31.9604 173.9779 100.0000 stroke1
movl 0 -24.6630 407.5847 179.1659 171.8468 -32.8662 175.1617 100.0000 stroke1
movl 0 -24.7005 406.2500 177.2587 171.6495 -32.6899 175.8368 100.0000 stroke1
movl 0 -26.2934 405.7262 175.0191 169.4140 -32.0127 -178.6313 100.0000 stroke1
movl 0 -27.6949 405.3775 174.5065 170.0257 -31.5355 -179.7443 100.0000 stroke1
movl 0 -27.7491 404.7478 173.4990 169.7531 -31.5950 179.9801 100.0000 stroke1
movl 0 -28.3093 405.2565 173.0161 170.9240 -31.4521 178.6141 100.0000 stroke1
movl 0 -29.1119 405.2995 172.9058 171.1134 -31.2120 178.5134 100.0000 stroke1
movl 0 -30.2135 405.7282 172.5442 171.1594 -30.8868 178.9393 100.0000 stroke1
movl 0 -31.8007 405.3225 170.8132 170.3132 -30.8867 179.5931 100.0000 stroke1
movl 0 -36.6210 402.3412 169.7119 168.6274 -30.0712 -179.9030 100.0000 stroke1
movl 0 -40.7270 401.9338 168.7616 167.9480 -28.9119 -179.2080 100.0000 stroke1
movl 0 -43.8734 402.4266 167.8324 167.2372 -28.1317 -177.8551 100.0000 stroke1
movl 0 -45.4975 401.4911 167.5254 165.5077 -26.9983 -175.3637 100.0000 stroke1
movl 0 -44.9706 401.2714 166.5692 165.1909 -25.9673 -174.9559 100.0000 stroke1
movl 0 -46.1732 401.5570 166.4215 166.0755 -25.4352 -175.5886 100.0000 stroke1
movl 0 -47.0686 402.7044 165.8920 167.4333 -24.9435 -176.8394 100.0000 stroke1
movl 0 -48.4475 404.0191 165.5282 169.4172 -24.4396 -178.9637 100.0000 stroke1
movl 0 -48.4278 405.5439 165.4695 171.3337 -24.0974 178.4601 100.0000 stroke1
movl 0 -48.0521 407.2052 165.4772 173.5128 -24.0655 175.5160 100.0000 stroke1
movl 0 -49.8984 407.4322 165.9922 175.4114 -23.8597 172.5508 100.0000 stroke1
movl 0 -50.1465 408.0845 166.3626 177.5050 -23.7344 169.2105 100.0000 stroke1
movl 0 -50.6708 408.4417 167.0843 179.3784 -23.3900 166.6552 100.0000 stroke1
movl 0 -51.3723 409.2944 168.0117 -178.0339 -22.7620 163.2370 100.0000 stroke1
movl 0 -52.0888 410.6203 168.8139 -174.7358 -21.5990 158.5029 100.0000 stroke1
movl 0 -52.9297 412.4723 169.6370 -171.7694 -20.1767 155.4383 100.0000 stroke1
movl 0 -54.1047 414.9100 169.9498 -168.2663 -18.2464 151.8451 100.0000 stroke1
movl 0 -55.7043 417.9244 169.8280 -164.1223 -15.2535 146.3554 100.0000 stroke1
movl 0 -57.9919 421.1363 169.0823 -160.7472 -11.7229 141.9747 100.0000 stroke1
movl 0 -61.4774 425.0381 168.1740 -158.4107 -8.2112 138.6705 100.0000 stroke1
movl 0 -63.5454 427.2306 166.7421 -156.5440 -4.9764 135.9960 100.0000 stroke1
movl 0 -65.6533 428.2784 165.5852 -155.1617 -2.8548 134.7586 100.0000 stroke1
movl 0 -64.9885 427.9375 165.9260 -155.2016 -3.5193 135.4905 100.0000 stroke1
movl 0 -63.5206 427.1885 166.8758 -155.7604 -4.6147 136.3865 100.0000 stroke1
movl 0 -63.8884 427.1276 167.0405 -155.7481 -4.2477 135.9283 100.0000 stroke1
movl 0 -64.2643 427.3300 167.0219 -155.4688 -3.5786 135.3800 100.0000 stroke1
movl 0 -64.4811 427.6307 166.9185 -155.0526 -2.7516 134.8150 100.0000 stroke1
movl 0 -64.0633 426.9256 167.6875 -155.1221 -2.8395 134.4497 100.0000 stroke1
movl 0 -63.1093 426.6057 168.5445 -155.0895 -2.9759 134.1239 100.0000 stroke1
movl 0 -62.8661 425.7326 169.1593 -155.4116 -3.5005 134.1278 100.0000 stroke1
movl 0 -62.5743 425.1292 169.4435 -155.9327 -3.9194 133.9567 100.0000 stroke1
movl 0 -61.7077 423.9461 170.6557 -156.7640 -5.0935 134.3555 100.0000 stroke1
movl 0 -59.1889 419.8017 174.8129 -159.1312 -8.8236 135.8387 100.0000 stroke1
movl 0 -47.3771 400.0837 192.2825 -168.8473 -20.9070 145.1921 100.0000 stroke1
movl 0 -41.5561 386.5278 238.3729 -178.2649 -27.9981 152.5251 100.0000 stroke1
movl 0 -43.0610 394.4273 233.7353 174.8579 -26.3619 157.7818 100.0000 stroke2
movl 0 -42.8405 402.4293 196.4824 175.8059 -24.9236 161.4392 100.0000 stroke2
movl 0 -47.2500 404.5797 188.0582 175.7376 -23.1899 164.0796 100.0000 stroke2
movl 0 -49.7005 404.4426 184.0458 175.7344 -22.4365 166.0773 100.0000 stroke2
movl 0 -53.2223 403.5257 182.7934 175.3826 -22.0070 167.4632 100.0000 stroke2
movl 0 -53.5981 404.2504 182.4215 176.0050 -21.9232 167.2845 100.0000 stroke2
movl 0 -54.0438 404.5174 182.3589 176.6113 -21.5571 166.1962 100.0000 stroke2
movl 0 -55.5001 404.0644 182.1297 176.6794 -20.9853 165.2019 100.0000 stroke2
movl 0 -55.8501 404.4554 181.5847 177.1011 -20.8060 164.7743 100.0000 stroke2
movl 0 -56.9622 404.6602 181.1124 177.2441 -20.5596 164.8172 100.0000 stroke2
movl 0 -57.1014 404.7634 181.0803 177.0577 -20.6082 164.9248 100.0000 stroke2
movl 0 -57.6893 405.0888 180.6978 176.9459 -20.3843 164.9676 100.0000 stroke2
movl 0 -58.3162 405.6874 179.7650 176.4085 -20.3312 165.9104 100.0000 stroke2
movl 0 -60.3594 406.5914 178.5871 175.9161 -20.3017 166.9636 100.0000 stroke2
movl 0 -62.7127 407.7460 177.5751 176.1580 -19.8324 167.3280 100.0000 stroke2
movl 0 -65.7893 408.4926 176.5308 176.8423 -18.2300 166.2050 100.0000 stroke2
movl 0 -65.6474 408.7594 176.2176 176.6489 -17.8712 165.6375 100.0000 stroke2
movl 0 -63.8523 410.2762 175.8545 177.0225 -17.5456 164.5286 100.0000 stroke2
movl 0 -59.1791 412.8626 175.9916 177.5399 -17.3387 162.2604 100.0000 stroke2
movl 0 -54.2819 415.6923 175.7445 178.7386 -17.5893 159.4082 100.0000 stroke2
movl 0 -53.3102 415.8483 176.0509 179.3556 -18.1705 158.6901 100.0000 stroke2
movl 0 -52.5475 418.3167 175.1911 -178.7899 -17.7618 156.5337 100.0000 stroke2
movl 0 -51.8578 420.0628 174.6518 -177.6021 -17.4302 155.1995 100.0000 stroke2
movl 0 -50.0660 422.6075 173.9809 -175.9621 -16.7907 153.0224 100.0000 stroke2
movl 0 -46.8671 426.2495 172.9114 -173.3642 -15.9091 149.1968 100.0000 stroke2
movl 0 -46.2564 429.4266 172.0894 -170.9808 -15.4666 147.2226 100.0000 stroke2
movl 0 -45.3749 432.4825 171.1024 -168.0247 -14.5741 145.2056 100.0000 stroke2
movl 0 -47.2010 435.3547 170.9174 -164.3883 -12.0536 141.6060 100.0000 stroke2
movl 0 -48.8974 435.7857 171.3413 -162.3958 -10.5311 139.6727 100.0000 stroke2
movl 0 -47.8904 433.9915 172.6993 -163.0125 -11.4122 139.6068 100.0000 stroke2
movl 0 -46.5033 431.1927 174.4560 -164.3508 -12.7466 139.4756 100.0000 stroke2
movl 0 -37.3866 409.3246 194.4275 -173.6763 -23.9027 143.4760 100.0000 stroke2
movl 0 -33.7049 380.0661 240.6264 178.7781 -31.4548 158.5500 100.0000 stroke3
movl 0 -38.0427 386.0078 197.0932 -178.5318 -26.7859 152.9858 100.0000 stroke3
movl 0 -38.3314 395.6481 185.9495 -174.5001 -24.5159 147.7977 100.0000 stroke3
movl 0 -41.8378 397.2898 181.1174 -174.7591 -23.4246 150.7312 100.0000 stroke3
movl 0 -47.2888 401.0920 176.2632 -174.3609 -22.1265 152.7345 100.0000 stroke3
movl 0 -49.5676 402.6936 174.5914 -173.8311 -21.9841 151.9973 100.0000 stroke3
movl 0 -51.9022 403.2205 174.1753 -172.5817 -21.7139 148.9534 100.0000 stroke3
movl 0 -55.1090 403.6504 174.0293 -172.6441 -19.8500 146.9113 100.0000 stroke3
movl 0 -57.3394 403.5287 174.1766 -172.6500 -18.7966 145.1136 100.0000 stroke3
movl 0 -58.4551 403.0540 174.6308 -173.1230 -18.0939 144.4924 100.0000 stroke3
movl 0 -57.0435 403.3299 175.0181 -173.1492 -17.7807 143.3839 100.0000 stroke3
movl 0 -55.0474 403.9437 175.0112 -173.1795 -17.3411 142.1466 100.0000 stroke3
movl 0 -51.7393 405.3895 174.8846 -172.9496 -16.6945 140.1170 100.0000 stroke3
movl 0 -49.5767 406.6084 174.6323 -172.5730 -16.4380 138.9258 100.0000 stroke3
movl 0 -48.6206 405.5565 175.4603 -172.4787 -17.3963 139.0436 100.0000 stroke3
movl 0 -48.9941 406.4513 175.0648 -172.0622 -16.3573 138.4021 100.0000 stroke3
movl 0 -48.7535 406.7974 174.7899 -171.8517 -16.0800 138.0893 100.0000 stroke3
movl 0 -49.5243 405.1375 174.8810 -171.3701 -17.5839 139.7612 100.0000 stroke3
movl 0 -37.5895 389.0703 195.9204 -174.1694 -30.1756 143.6870 100.0000 stroke3
movl 0 -28.0016 387.0290 205.3333 -169.4524 -29.6611 149.0936 100.0000 stroke4
movl 0 -37.3605 385.7259 179.9087 -171.2773 -25.0615 149.2155 100.0000 stroke4
movl 0 -43.4431 383.9770 178.4873 -174.1029 -23.8289 149.9231 100.0000 stroke4
movl 0 -46.3404 385.4556 174.1207 -174.5918 -23.8535 150.6166 100.0000 stroke4
movl 0 -49.4537 386.5618 171.8186 -175.5551 -23.8627 152.2696 100.0000 stroke4
movl 0 -50.1720 387.6244 170.8305 -175.3567 -23.3993 152.6019 100.0000 stroke4
movl 0 -53.5324 387.9622 170.8693 -175.8492 -21.4608 152.4046 100.0000 stroke4
movl 0 -53.2732 388.4519 170.7688 -176.0073 -21.1250 152.0074 100.0000 stroke4
movl 0 -50.5152 389.4686 170.9076 -175.9523 -20.9167 151.3084 100.0000 stroke4
movl 0 -45.7921 391.2731 170.9989 -175.7055 -20.5490 149.9584 100.0000 stroke4
movl 0 -40.8221 393.5153 170.8495 -174.8154 -20.3877 147.6203 100.0000 stroke4
movl 0 -38.6257 391.5170 172.4332 -174.4535 -22.1824 147.3664 100.0000 stroke4
movl 0 -35.9219 392.6042 172.4080 -173.2166 -22.8913 145.8794 100.0000 stroke4
movl 0 -36.1639 396.5917 170.5591 -171.3069 -20.7352 144.5072 100.0000 stroke4
movl 0 -31.9233 403.3489 167.7495 -166.8414 -18.6378 139.9449 100.0000 stroke4
movl 0 -25.2962 410.6391 163.3488 -161.9460 -18.3328 137.8948 100.0000 stroke4
movl 0 -24.4098 413.8333 161.3638 -158.7850 -16.8712 135.4830 100.0000 stroke4
movl 0 -27.5242 418.8415 160.8185 -155.3455 -13.6947 132.6078 100.0000 stroke4
movl 0 -29.6539 420.3759 160.2209 -153.2426 -11.4258 131.2533 100.0000 stroke4
movl 0 -29.2182 419.5262 160.8481 -152.8158 -11.5247 130.6888 100.0000 stroke4
movl 0 -20.7170 405.6238 173.3126 -155.8508 -19.3235 129.0539 100.0000 stroke4
movl 0 -4.6994 375.2186 239.4635 -169.8706 -38.6045 140.7846 100.0000 stroke4
movl 0 -37.5789 364.0849 235.0890 -155.0870 -23.2456 114.5707 100.0000 stroke5
movl 0 -42.3980 369.1267 180.9289 -155.8092 -17.4705 108.5341 100.0000 stroke5
movl 0 -40.7548 371.2148 174.9945 -157.2454 -16.6817 107.6646 100.0000 stroke5
movl 0 -40.8002 374.7534 170.8997 -157.0192 -16.3998 110.0880 100.0000 stroke5
movl 0 -43.4009 376.5298 168.5359 -156.9463 -15.6894 112.2693 100.0000 stroke5
movl 0 -45.7625 377.4498 167.2477 -158.0324 -14.9344 112.7062 100.0000 stroke5
movl 0 -48.8022 376.7486 167.6240 -159.7580 -14.1335 112.1757 100.0000 stroke5
movl 0 -50.0584 375.4517 168.4877 -160.6066 -13.9843 111.8508 100.0000 stroke5
movl 0 -50.3202 374.9760 169.1603 -160.7435 -13.7478 110.7956 100.0000 stroke5
movl 0 -52.0255 373.6516 170.0750 -161.2732 -13.5671 109.4303 100.0000 stroke5
movl 0 -53.1954 373.1949 170.4354 -161.8784 -13.6384 108.1145 100.0000 stroke5
movl 0 -53.3263 373.0040 170.7045 -162.3961 -13.5423 107.5721 100.0000 stroke5
movl 0 -52.8444 373.0152 171.0047 -162.8474 -13.3228 106.7252 100.0000 stroke5
movl 0 -52.0451 373.3386 171.1294 -163.2104 -12.9794 105.7634 100.0000 stroke5
movl 0 -51.4369 373.7309 171.3154 -163.8286 -12.5563 104.5868 100.0000 stroke5
movl 0 -50.9303 373.8245 171.3245 -164.3456 -12.2725 103.7007 100.0000 stroke5
movl 0 -49.4342 374.7804 171.1417 -164.6579 -11.7796 102.3861 100.0000 stroke5
movl 0 -47.5229 374.4542 171.2156 -163.9501 -11.9548 102.2267 100.0000 stroke5
movl 0 -44.7978 373.3556 172.1000 -162.8534 -12.9846 102.0723 100.0000 stroke5
movl 0 -44.3544 373.1569 172.3428 -162.8272 -13.0903 101.8443 100.0000 stroke5
movl 0 -44.7778 373.1605 172.3391 -162.8768 -12.7594 101.7983 100.0000 stroke5
movl 0 -45.1402 373.4061 172.3889 -162.9197 -12.2923 101.5319 100.0000 stroke5
movl 0 -45.3950 373.6634 172.6228 -162.8851 -11.5774 101.0520 100.0000 stroke5
movl 0 -45.2639 374.1675 173.0038 -162.7008 -10.8343 100.5871 100.0000 stroke5
movl 0 -44.4269 374.2365 173.0519 -162.5476 -10.5241 100.2407 100.0000 stroke5
movl 0 -43.1757 370.8954 173.5626 -160.4897 -13.6669 104.7960 100.0000 stroke5
movl 0 -28.8080 343.8012 206.2971 -170.0838 -38.1551 129.1431 100.0000 stroke5
movl 0 -6.9707 371.3957 249.1442 154.3923 -28.5358 -179.4098 100.0000 stroke6
movl 0 -10.9471 375.1099 202.1940 158.4103 -27.8919 176.7510 100.0000 stroke6
movl 0 -17.6641 376.4263 183.7843 160.6891 -26.2701 172.8581 100.0000 stroke6
movl 0 -19.9437 377.0843 177.2433 162.3233 -25.6551 171.3254 100.0000 stroke6
movl 0 -20.5479 378.1629 174.6420 163.7058 -25.9120 169.4374 100.0000 stroke6
movl 0 -22.6523 378.9138 174.1849 165.2290 -25.9864 167.5328 100.0000 stroke6
movl 0 -25.7107 378.9108 174.4185 166.2892 -25.5004 165.9623 100.0000 stroke6
movl 0 -29.3378 378.5149 174.3386 166.9136 -24.9666 165.2101 100.0000 stroke6
movl 0 -33.1158 378.8506 173.0431 167.4796 -24.7898 164.8286 100.0000 stroke6
movl 0 -35.7050 379.5116 172.1542 167.0345 -24.2438 167.4418 100.0000 stroke6
movl 0 -36.8033 380.4311 171.4658 167.1146 -23.6831 168.5124 100.0000 stroke6
movl 0 -38.7616 381.6289 170.4880 167.5070 -22.9869 168.5567 100.0000 stroke6
movl 0 -40.0701 383.0281 169.7760 167.8838 -21.7515 167.9286 100.0000 stroke6
movl 0 -40.8582 383.0897 170.0448 168.2592 -20.8335 166.8604 100.0000 stroke6
movl 0 -41.7180 382.8131 170.0092 167.9846 -20.5203 166.8140 100.0000 stroke6
movl 0 -41.9514 383.1645 169.7800 167.6883 -19.9385 166.6062 100.0000 stroke6
movl 0 -40.1454 383.9572 170.1422 167.8682 -19.5203 165.1553 100.0000 stroke6
movl 0 -37.8333 385.1908 170.4102 168.2392 -18.9097 162.9005 100.0000 stroke6
movl 0 -35.6296 386.5524 170.6427 169.1221 -18.0231 158.2089 100.0000 stroke6
movl 0 -33.2238 388.1627 170.7243 169.1260 -17.3965 156.4882 100.0000 stroke6
movl 0 -32.0570 389.1965 170.6334 168.7154 -16.3642 154.5649 100.0000 stroke6
movl 0 -30.2304 390.5716 170.0614 168.9220 -16.0233 153.6611 100.0000 stroke6
movl 0 -28.7872 388.6463 171.0711 168.5980 -17.5078 154.6618 100.0000 stroke6
movl 0 -27.0464 387.0210 172.0077 168.0976 -18.5800 155.0420 100.0000 stroke6
movl 0 -26.6030 386.4556 172.5791 167.7962 -18.8585 155.1976 100.0000 stroke6
movl 0 -26.4301 386.5669 172.5939 167.8050 -18.7657 155.2297 100.0000 stroke6
movl 0 -26.5085 387.5901 172.4731 168.8096 -18.3378 154.6973 100.0000 stroke6
movl 0 -25.5782 388.7472 172.7274 170.1809 -17.8833 153.5132 100.0000 stroke6
movl 0 -24.7699 390.1109 172.0791 171.2394 -17.6608 152.7779 100.0000 stroke6
movl 0 -24.5712 390.5262 171.7065 171.8963 -18.0102 152.8443 100.0000 stroke6
movl 0 -24.0558 390.2889 171.8206 172.0706 -18.7542 153.2490 100.0000 stroke6
movl 0 -17.4503 381.0596 180.7401 168.7381 -26.1229 157.9403 100.0000 stroke6
movl 0 -6.3835 358.9823 242.7630 150.2970 -31.9198 -178.7880 100.0000 stroke6
movl 0 -3.8458 371.7322 227.7563 163.1742 -32.7499 -179.5074 100.0000 stroke7
movl 0 -10.0396 376.2813 181.2192 169.2323 -29.8881 174.9498 100.0000 stroke7
movl 0 -12.9033 375.5112 175.0129 168.7412 -27.9238 172.7557 100.0000 stroke7
movl 0 -15.1908 377.6614 169.9667 168.1525 -27.0519 173.1338 100.0000 stroke7
movl 0 -18.7464 378.3318 168.3198 168.2244 -26.5457 173.8219 100.0000 stroke7
movl 0 -18.9154 379.1379 167.4648 168.2223 -26.2948 173.6599 100.0000 stroke7
movl 0 -18.9546 379.8527 166.8394 168.7002 -26.2182 172.8166 100.0000 stroke7
movl 0 -19.4103 381.6294 165.9163 171.2371 -25.8340 169.8411 100.0000 stroke7
movl 0 -18.9081 383.0848 165.6695 173.2450 -25.8087 167.4659 100.0000 stroke7
movl 0 -18.4785 384.3933 165.9203 176.0927 -25.9682 164.4166 100.0000 stroke7
movl 0 -18.4877 387.5591 166.4469 -177.4825 -25.3014 157.9093 100.0000 stroke7
movl 0 -20.1824 390.3327 166.4242 -172.7705 -23.3519 153.6655 100.0000 stroke7
movl 0 -20.4706 389.9050 166.8204 -172.2611 -23.1205 152.9140 100.0000 stroke7
movl 0 -18.9922 387.8298 167.6518 -172.9378 -24.0855 150.9964 100.0000 stroke7
movl 0 -19.6259 387.2081 167.8228 -172.1247 -23.6236 147.4456 100.0000 stroke7
movl 0 -20.5757 387.8804 167.9792 -170.5306 -22.4061 145.6408 100.0000 stroke7
movl 0 -21.0075 387.6513 167.9814 -170.6123 -22.2782 145.3305 100.0000 stroke7
movl 0 -21.1416 386.8823 168.2039 -171.1434 -22.6052 145.2304 100.0000 stroke7
movl 0 -21.3341 385.9570 168.4799 -171.8457 -22.9890 145.3912 100.0000 stroke7
movl 0 -21.4364 385.4332 168.5185 -172.4879 -23.2413 145.5992 100.0000 stroke7
movl 0 -21.4930 384.1300 168.6390 -174.0427 -23.9554 146.2120 100.0000 stroke7
movl 0 -14.8466 363.6027 182.0004 171.4842 -31.3102 157.2021 100.0000 stroke7
movl 0 -7.6639 339.2549 217.0561 148.2836 -30.1757 178.7236 100.0000 stroke7
movl 0 -14.2861 358.2855 214.6250 157.7971 -24.7513 -176.7434 100.0000 stroke8
movl 0 -28.0560 360.7923 189.1024 159.4237 -21.7950 -179.6887 100.0000 stroke8
movl 0 -31.5842 366.0766 180.5416 161.8395 -20.2625 178.5740 100.0000 stroke8
movl 0 -36.3177 367.9316 176.3265 163.1677 -19.0218 177.8558 100.0000 stroke8
movl 0 -38.4001 369.7396 174.8806 163.7629 -18.4358 177.5878 100.0000 stroke8
movl 0 -39.2302 370.1246 174.0723 163.8942 -18.1677 177.3615 100.0000 stroke8
movl 0 -40.1768 371.1334 173.2964 164.3113 -17.9081 177.2700 100.0000 stroke8
movl 0 -42.1417 371.8481 173.1077 165.0663 -16.4983 175.8917 100.0000 stroke8
movl 0 -42.0825 372.1981 173.3594 165.5908 -16.2983 174.7964 100.0000 stroke8
movl 0 -42.1842 372.5717 173.2010 165.4982 -16.1253 174.9114 100.0000 stroke8
movl 0 -41.3671 373.1277 172.9999 165.4229 -15.8598 174.7068 100.0000 stroke8
movl 0 -39.8259 373.7834 173.1577 165.4415 -15.6909 174.1664 100.0000 stroke8
movl 0 -37.1995 375.2532 173.2264 165.6348 -15.5268 173.1848 100.0000 stroke8
movl 0 -33.4458 376.6766 173.4765 165.9102 -15.5242 171.7842 100.0000 stroke8
movl 0 -29.1076 378.8097 173.6552 166.3288 -15.5494 169.8466 100.0000 stroke8
movl 0 -28.1472 379.1221 173.7026 166.5592 -15.9435 169.7130 100.0000 stroke8
movl 0 -23.9877 380.5070 174.2235 167.2269 -17.5815 169.6472 100.0000 stroke8
movl 0 -20.6046 383.2726 173.2014 168.7799 -18.1146 168.6901 100.0000 stroke8
movl 0 -17.0256 386.5739 172.5283 171.0511 -18.4650 167.0195 100.0000 stroke8
movl 0 -14.1167 389.4005 171.9120 172.9154 -18.5349 165.2484 100.0000 stroke8
movl 0 -11.2170 392.4110 170.8768 174.8137 -18.8796 163.2922 100.0000 stroke8
movl 0 -10.7144 394.1204 170.3372 176.3604 -19.1816 162.4660 100.0000 stroke8
movl 0 -10.2929 394.8022 170.3714 178.0008 -19.0083 159.4478 100.0000 stroke8
movl 0 -10.1596 395.8065 170.8949 179.2574 -18.9245 158.9172 100.0000 stroke8
movl 0 -10.0685 397.2902 171.5736 -178.5805 -18.3212 156.9188 100.0000 stroke8
movl 0 -9.9489 398.7447 172.1701 -176.6276 -17.6195 155.3286 100.0000 stroke8
movl 0 -10.2578 400.6611 172.6929 -174.0812 -16.4450 152.8936 100.0000 stroke8
movl 0 -10.7787 402.9305 172.9161 -171.1385 -14.6315 149.0717 100.0000 stroke8
movl 0 -11.4483 405.2278 173.0138 -168.8002 -13.0633 146.8030 100.0000 stroke8
movl 0 -11.6483 406.7582 172.6788 -167.2619 -12.2088 146.3109 100.0000 stroke8
movl 0 -11.6030 405.8733 172.9909 -167.0905 -12.7468 146.5732 100.0000 stroke8
movl 0 -8.6835 403.8329 174.0774 -168.8398 -14.1976 147.7713 100.0000 stroke8
movl 0 -8.1063 403.2150 174.2079 -169.4504 -14.4875 148.6285 100.0000 stroke8
movl 0 -8.4787 403.6838 173.1978 -168.9569 -14.5621 149.4370 100.0000 stroke8
movl 0 -7.9451 402.7014 173.0658 -169.7819 -15.4317 151.0484 100.0000 stroke8
movl 0 -8.2168 401.3613 173.3602 -170.8491 -15.9529 151.6553 100.0000 stroke8
movl 0 -7.5652 398.3402 174.1062 -172.7027 -17.0565 152.6530 100.0000 stroke8
movl 0 -5.7330 391.3526 177.0963 -176.5305 -19.3557 154.4640 100.0000 stroke8
movl 0 -5.4881 390.1008 177.1712 -177.5726 -19.7752 155.2808 100.0000 stroke8
movl 0 -6.6804 392.6141 175.4099 -176.1115 -19.1380 155.1565 100.0000 stroke8
movl 0 -7.0719 395.5298 173.6956 -173.6785 -18.6126 154.6845 100.0000 stroke8
movl 0 -6.7857 396.1480 172.9483 -172.9994 -18.9077 154.8532 100.0000 stroke8
movl 0 -6.9603 395.8162 172.8586 -173.0469 -19.1685 154.9462 100.0000 stroke8
movl 0 -6.5157 395.5976 172.9348 -173.0999 -19.5800 155.0208 100.0000 stroke8
movl 0 -6.4495 395.0724 173.1379 -173.2752 -19.9411 155.0952 100.0000 stroke8
movl 0 -6.0099 394.2832 173.6959 -173.6574 -20.4258 155.1553 100.0000 stroke8
movl 0 1.5798 381.4746 180.9154 176.8527 -27.0181 161.8065 100.0000 stroke8
movl 0 0.5740 367.7454 198.4062 160.5402 -27.3109 179.6247 100.0000 stroke8
movl 0 -5.9357 355.4263 249.2898 148.4626 -21.4240 -165.5798 100.0000 stroke8
movl 0 -14.7592 390.5026 207.4790 165.5197 -22.0694 -167.7217 100.0000 stroke9
movl 0 -15.1651 388.6409 182.7747 162.2801 -18.4595 -164.4192 100.0000 stroke9
movl 0 -17.2520 389.4973 179.2118 160.9478 -16.3432 -162.7432 100.0000 stroke9
movl 0 -18.2553 390.2997 175.6268 160.6159 -15.8674 -160.8755 100.0000 stroke9
movl 0 -19.0711 391.4421 174.0276 160.5859 -15.4494 -160.0320 100.0000 stroke9
movl 0 -19.4275 392.3852 173.1265 161.2375 -15.4841 -160.8788 100.0000 stroke9
movl 0 -22.2813 393.5968 171.9762 163.0979 -15.2071 -163.1824 100.0000 stroke9
movl 0 -20.9720 395.5911 171.6166 165.0895 -15.6938 -166.8760 100.0000 stroke9
movl 0 -21.9602 396.3356 171.6267 166.8833 -16.4778 -169.2339 100.0000 stroke9
movl 0 -21.5570 396.9934 172.0680 168.6426 -17.2716 -172.1688 100.0000 stroke9
movl 0 -21.9465 397.1732 172.2834 169.7460 -17.6000 -173.7662 100.0000 stroke9
movl 0 -22.1558 397.5730 172.4658 171.0294 -17.9767 -175.4788 100.0000 stroke9
movl 0 -22.3198 398.2551 172.8842 172.5834 -18.1882 -177.4564 100.0000 stroke9
movl 0 -22.7851 398.7258 173.4157 174.3127 -18.3335 -179.5938 100.0000 stroke9
movl 0 -23.1980 399.4517 173.9955 176.3028 -18.4349 178.0204 100.0000 stroke9
movl 0 -23.5405 400.6183 174.5123 178.8950 -18.3252 174.7593 100.0000 stroke9
movl 0 -24.4449 401.8372 174.8058 -178.5466 -17.9191 171.5278 100.0000 stroke9
movl 0 -25.1144 403.6481 175.0206 -175.3449 -17.1431 167.2255 100.0000 stroke9
movl 0 -26.0186 405.1495 174.9928 -172.2652 -16.0572 163.0355 100.0000 stroke9
movl 0 -27.3995 406.6849 174.8096 -169.2868 -14.7869 158.5386 100.0000 stroke9
movl 0 -28.8305 408.4744 174.3783 -166.6974 -12.4832 155.3183 100.0000 stroke9
movl 0 -30.2132 409.9022 173.9281 -164.5643 -10.5226 152.2488 100.0000 stroke9
movl 0 -31.6918 411.4854 173.2551 -162.8961 -8.5537 149.6731 100.0000 stroke9
movl 0 -33.3680 412.6701 172.6427 -161.4810 -6.6383 147.1975 100.0000 stroke9
movl 0 -35.2174 413.8301 171.9119 -160.2590 -4.4805 144.7791 100.0000 stroke9
movl 0 -37.0291 414.6341 171.2143 -159.5389 -2.6777 142.9960 100.0000 stroke9
movl 0 -39.3431 415.2220 170.5822 -158.9387 -0.9424 141.8413 100.0000 stroke9
movl 0 -40.8708 415.5847 170.1502 -158.4797 0.2228 140.5221 100.0000 stroke9
movl 0 -41.9372 415.8715 169.7737 -158.0547 0.8870 140.5358 100.0000 stroke9
movl 0 -43.7702 415.5598 169.5911 -157.7773 1.2508 141.4951 100.0000 stroke9
movl 0 -41.6796 413.9723 171.2581 -158.5657 0.1105 141.4283 100.0000 stroke9
movl 0 -39.2227 413.5075 171.9434 -158.8351 -0.4350 141.5229 100.0000 stroke9
movl 0 -39.3249 413.5031 171.8990 -158.7578 -0.4170 141.6181 100.0000 stroke9
movl 0 -39.8870 413.3912 171.7996 -158.5856 -0.1016 141.6070 100.0000 stroke9
movl 0 -40.0493 412.9364 172.0640 -158.5711 -0.0723 141.6255 100.0000 stroke9
movl 0 -40.3905 412.6753 172.1723 -158.4623 0.0750 141.6899 100.0000 stroke9
movl 0 -40.5873 412.0626 172.4241 -158.5594 0.0723 141.7290 100.0000 stroke9
movl 0 -40.5872 411.8328 172.3945 -158.5440 0.1366 141.6634 100.0000 stroke9
movl 0 -40.1028 411.6966 172.6366 -158.7284 -0.1339 141.4533 100.0000 stroke9
movl 0 -39.2323 410.9424 173.4179 -159.2349 -0.7242 140.8875 100.0000 stroke9
movl 0 -38.7612 409.9445 174.1342 -159.7453 -1.3281 140.7064 100.0000 stroke9
movl 0 -38.3853 409.7240 174.4812 -159.9704 -1.6970 140.6264 100.0000 stroke9
movl 0 -38.1501 409.5085 174.8880 -160.1070 -1.8901 140.4314 100.0000 stroke9
movl 0 -37.4231 408.8086 175.7324 -160.2849 -2.4286 140.3555 100.0000 stroke9
movl 0 -35.7628 407.2551 177.3307 -160.5684 -3.3736 140.0988 100.0000 stroke9
movl 0 -32.0922 401.5793 183.8336 -161.8454 -5.9997 139.5942 100.0000 stroke9
movl 0 -31.9507 400.1628 186.0390 -162.1849 -6.5517 139.5772 100.0000 stroke9
movl 0 -31.7273 398.3549 189.4746 -162.8878 -6.8832 139.3208 100.0000 stroke9
movl 0 -31.1654 390.9678 208.4095 -164.6962 -8.7979 139.2863 100.0000 stroke9
