movl 0 -29.1421 382.2644 169.9999 156.0465 25.3967 -65.9357 100.0000 stroke1
movl 0 -30.7149 382.2016 170.0875 155.6538 23.0972 -67.5921 100.0000 stroke1
movl 0 -35.3388 381.7992 170.4722 155.7888 21.8018 -68.2809 100.0000 stroke1
movl 0 -39.3665 381.8811 169.8459 156.3694 22.0298 -66.9523 100.0000 stroke1
movl 0 -42.0698 381.6331 169.5556 157.4020 22.3217 -65.5174 100.0000 stroke1
movl 0 -43.5519 381.3046 169.0191 158.1388 23.2419 -64.5301 100.0000 stroke1
movl 0 -44.2984 380.0775 168.8164 159.6337 24.4820 -61.9280 100.0000 stroke1
movl 0 -45.2096 380.1331 168.5165 160.2434 24.7116 -60.5530 100.0000 stroke1
movl 0 -46.4018 379.9958 168.4363 160.6483 24.8253 -59.8627 100.0000 stroke1
movl 0 -47.0168 380.2327 168.2198 160.5200 24.7212 -59.4336 100.0000 stroke1
movl 0 -48.1053 380.3685 167.8440 160.8437 24.4924 -59.0766 100.0000 stroke1
movl 0 -49.7101 380.2913 167.5774 161.9175 24.0447 -58.7087 100.0000 stroke1
movl 0 -51.9921 379.7980 167.7697 163.4307 23.4842 -58.0584 100.0000 stroke1
movl 0 -54.7877 378.8255 168.5566 164.7075 22.6578 -58.0669 100.0000 stroke1
movl 0 -58.9734 377.1223 169.3324 167.1228 21.9470 -56.5996 100.0000 stroke1
movl 0 -62.5310 376.4049 170.0133 168.9166 20.9817 -55.3746 100.0000 stroke1
movl 0 -65.1087 376.3846 170.7633 169.9186 19.5216 -55.1430 100.0000 stroke1
movl 0 -67.7912 376.3814 171.2501 170.8835 18.0043 -55.4293 100.0000 stroke1
movl 0 -69.9109 375.8960 171.6987 171.5517 17.0332 -55.9917 100.0000 stroke1
movl 0 -71.3635 375.1818 171.9643 172.5580 17.4867 -55.7091 100.0000 stroke1
movl 0 -70.8674 376.3923 171.5294 172.7692 17.3574 -56.6628 100.0000 stroke1
movl 0 -69.9858 377.0773 171.5428 172.5248 17.4350 -56.8470 100.0000 stroke1
movl 0 -70.0166 376.4729 171.6539 172.5709 17.4862 -56.3532 100.0000 stroke1
movl 0 -68.3993 378.0933 171.4744 172.4298 17.4143 -57.0948 100.0000 stroke1
movl 0 -67.7664 378.1998 171.5481 172.5017 17.5005 -57.2522 100.0000 stroke1
movl 0 -65.9642 378.9214 171.5455 172.2847 17.4476 -57.5075 100.0000 stroke1
movl 0 -63.8381 379.2232 171.8541 172.0094 17.6326 -58.0446 100.0000 stroke1
movl 0 -62.0335 380.1935 172.0319 171.8357 17.5973 -58.5369 100.0000 stroke1
movl 0 -60.4444 380.6967 172.1540 171.8512 17.5808 -58.9506 100.0000 stroke1
movl 0 -58.5111 381.4664 172.2315 171.7936 17.5458 -59.4693 100.0000 stroke1
movl 0 -55.8661 382.8282 172.3399 171.6503 17.4022 -60.2584 100.0000 stroke1
movl 0 -53.0429 384.6717 172.1463 171.5400 17.0972 -61.4513 100.0000 stroke1
movl 0 -50.8449 386.0107 172.0972 171.1765 16.9331 -62.1064 100.0000 stroke1
movl 0 -48.2683 384.2913 172.7645 170.4085 18.6252 -62.1179 100.0000 stroke1
movl 0 -45.4462 384.4271 173.0021 169.8686 19.3341 -62.5205 100.0000 stroke1
movl 0 -45.6743 384.4193 172.8942 169.8387 19.2648 -62.1475 100.0000 stroke1
movl 0 -46.3425 386.0102 172.9043 169.5262 17.1364 -61.8758 100.0000 stroke1
movl 0 -45.5241 387.0598 172.6310 168.9736 16.4865 -61.8719 100.0000 stroke1
movl 0 -47.2872 386.5992 172.7718 168.6280 17.0711 -60.3036 100.0000 stroke1
movl 0 -48.0544 386.6689 172.5038 168.2501 17.3454 -59.4875 100.0000 stroke1
movl 0 -47.3757 386.4673 172.5567 167.1579 18.3776 -58.1283 100.0000 stroke1
movl 0 -37.7970 379.6476 189.8760 167.9612 28.8964 -50.7159 100.0000 stroke1
movl 0 -22.4716 419.6833 218.2617 -170.3910 38.5774 0.5498 100.0000 stroke2
movl 0 -22.6501 400.6841 168.0338 -170.2279 35.3642 -2.0002 100.0000 stroke2
movl 0 -28.6477 391.2263 165.9092 -163.7241 30.9050 2.2705 100.0000 stroke2
movl 0 -32.6540 388.8004 165.2874 -161.7087 27.5209 4.8884 100.0000 stroke2
movl 0 -34.0702 388.5673 165.0244 -161.8441 26.6972 3.7318 100.0000 stroke2
movl 0 -38.4385 391.3309 163.3844 -162.4948 25.0218 3.8777 100.0000 stroke2
movl 0 -40.5519 395.8839 163.5740 -168.1823 24.1330 -2.4967 100.0000 stroke2
movl 0 -37.7280 400.2081 162.8080 -172.5571 24.9603 -7.6726 100.0000 stroke2
movl 0 -39.0238 401.3329 162.4673 -175.0362 25.5002 -10.2008 100.0000 stroke2
movl 0 -35.8622 403.0097 162.0022 -177.7609 26.6444 -13.9951 100.0000 stroke2
movl 0 -35.6553 402.7199 162.4812 -179.9443 26.6273 -16.7768 100.0000 stroke2
movl 0 -35.4160 403.0382 163.1008 177.6141 26.5308 -19.4363 100.0000 stroke2
movl 0 -35.1543 402.8693 163.5896 174.6093 26.2342 -23.4737 100.0000 stroke2
movl 0 -35.0712 402.9712 164.2565 172.1720 25.6564 -26.3091 100.0000 stroke2
movl 0 -35.1223 403.5959 164.4849 169.6042 24.6892 -29.3280 100.0000 stroke2
movl 0 -34.9873 404.3501 164.6765 167.2586 23.3731 -31.8185 100.0000 stroke2
movl 0 -35.5529 405.4933 164.9306 164.5005 21.4683 -34.6917 100.0000 stroke2
movl 0 -36.2820 406.6106 164.9814 162.0183 19.4567 -37.0477 100.0000 stroke2
movl 0 -37.4844 407.2882 165.0157 159.9090 16.8486 -39.9425 100.0000 stroke2
movl 0 -38.9287 407.7468 165.1367 158.4183 14.5378 -42.2349 100.0000 stroke2
movl 0 -40.4322 408.5218 165.1184 157.1596 12.2407 -43.9280 100.0000 stroke2
movl 0 -41.5252 408.9668 164.8617 156.4762 11.0626 -44.0122 100.0000 stroke2
movl 0 -42.4769 409.5714 164.6538 156.1048 10.3593 -42.8706 100.0000 stroke2
movl 0 -43.8322 410.2742 164.4436 155.8458 9.4807 -42.4240 100.0000 stroke2
movl 0 -43.9725 411.2858 164.0069 155.3920 9.2885 -41.5122 100.0000 stroke2
movl 0 -45.6303 411.4344 163.9991 155.1522 8.7340 -40.4703 100.0000 stroke2
movl 0 -47.0414 410.4763 164.4164 155.1698 8.5519 -39.7455 100.0000 stroke2
movl 0 -44.8535 408.6496 165.6103 155.8607 10.0610 -39.6599 100.0000 stroke2
movl 0 -39.2847 405.6099 167.8541 157.6858 12.6049 -40.5954 100.0000 stroke2
movl 0 -39.4047 404.7948 168.1904 157.9926 12.5817 -41.0832 100.0000 stroke2
movl 0 -42.0093 405.2360 168.0562 157.4905 10.7248 -41.1235 100.0000 stroke2
movl 0 -41.6937 403.3471 169.2211 157.9247 11.0320 -42.0420 100.0000 stroke2
movl 0 -38.5039 401.9045 169.9474 158.4145 12.8063 -42.8061 100.0000 stroke2
movl 0 -41.4257 403.3127 169.2422 157.7264 10.7536 -42.2529 100.0000 stroke2
movl 0 -40.4426 401.5767 170.1400 158.3758 11.7340 -42.6587 100.0000 stroke2
movl 0 -40.4696 402.6805 169.8173 157.7909 10.7122 -42.6976 100.0000 stroke2
movl 0 -41.0378 401.5257 170.1689 158.6766 11.3939 -43.0388 100.0000 stroke2
movl 0 -37.7567 400.8710 170.3807 159.4287 13.7390 -43.9097 100.0000 stroke2
movl 0 -28.4468 385.3329 178.9507 168.1052 25.4153 -40.2609 100.0000 stroke2
movl 0 -32.1844 345.1388 220.9893 -155.4326 40.1032 -14.6897 100.0000 stroke2
movl 0 -1.6545 397.1839 242.1185 174.9159 37.9324 -41.1010 100.0000 stroke3
movl 0 3.3168 393.9016 177.7701 172.7635 33.9928 -44.6442 100.0000 stroke3
movl 0 -4.0903 390.7183 172.4530 175.0281 32.5466 -42.5676 100.0000 stroke3
movl 0 -13.3893 391.3773 169.9495 175.4301 30.0483 -42.4673 100.0000 stroke3
movl 0 -17.7035 392.4709 168.7847 175.8514 29.0021 -41.1658 100.0000 stroke3
movl 0 -19.3038 392.4597 167.8015 177.8854 29.0911 -37.4523 100.0000 stroke3
movl 0 -21.7591 392.4722 167.6805 179.6536 27.8040 -35.2639 100.0000 stroke3
movl 0 -22.7950 392.7703 167.9363 -179.6921 26.6118 -34.7162 100.0000 stroke3
movl 0 -24.1199 392.7083 168.2547 -178.8542 25.8362 -34.6882 100.0000 stroke3
movl 0 -23.5839 393.1215 168.5003 -178.4244 25.1166 -35.6675 100.0000 stroke3
movl 0 -21.0556 394.5531 168.5857 -178.6859 24.3575 -37.5678 100.0000 stroke3
movl 0 -18.9026 395.8185 168.6676 -178.6836 23.5695 -40.0588 100.0000 stroke3
movl 0 -17.2947 396.9204 168.6344 -178.8031 23.1763 -41.9646 100.0000 stroke3
movl 0 -14.2358 394.6704 169.3864 -178.8754 25.2966 -41.0603 100.0000 stroke3
movl 0 -12.7768 395.1712 169.4117 -179.2466 25.5405 -41.5043 100.0000 stroke3
movl 0 -13.3264 396.0816 169.2641 179.8936 24.5280 -42.3181 100.0000 stroke3
movl 0 -13.0296 397.6664 169.0833 178.4287 23.6419 -42.9571 100.0000 stroke3
movl 0 -13.6975 397.1373 168.9982 177.8869 24.3480 -41.9663 100.0000 stroke3
movl 0 -12.0398 397.0920 169.2014 176.6581 25.2793 -41.9384 100.0000 stroke3
movl 0 -6.4852 392.9850 179.2170 174.6401 30.5818 -41.4228 100.0000 stroke3
movl 0 -15.9429 389.3078 237.2474 176.9945 37.0364 -37.2335 100.0000 stroke3
movl 0 8.3581 403.7415 197.6010 176.8756 42.1614 -26.8386 100.0000 stroke4
movl 0 12.8429 403.2038 168.8894 172.0458 38.4738 -30.9164 100.0000 stroke4
movl 0 6.4424 404.6102 164.8801 169.9541 34.8234 -32.5121 100.0000 stroke4
movl 0 2.6058 405.4018 163.2420 171.0150 33.5013 -31.2191 100.0000 stroke4
movl 0 0.1372 406.8871 161.9934 171.5252 32.7137 -30.6097 100.0000 stroke4
movl 0 -4.3785 408.8097 161.9967 170.0108 29.8471 -33.0377 100.0000 stroke4
movl 0 -8.3336 411.4482 162.8358 166.6918 25.2881 -38.9759 100.0000 stroke4
movl 0 -9.6138 413.0481 163.3607 164.2108 22.3263 -44.1230 100.0000 stroke4
movl 0 -9.8549 413.8373 163.6822 162.3086 20.3568 -48.3702 100.0000 stroke4
movl 0 -9.5789 413.9336 164.1540 160.6590 18.2756 -51.8022 100.0000 stroke4
movl 0 -9.3114 414.5221 164.6489 158.2669 14.9815 -56.2058 100.0000 stroke4
movl 0 -8.8674 412.6894 165.5216 157.0717 13.5961 -60.1079 100.0000 stroke4
movl 0 -6.6285 409.5359 166.5112 157.1267 14.4527 -62.8632 100.0000 stroke4
movl 0 -6.7030 409.5414 166.4561 156.9606 13.5250 -64.0458 100.0000 stroke4
movl 0 -8.0107 409.7410 166.5100 155.9278 11.4546 -65.3726 100.0000 stroke4
movl 0 -6.4551 408.5079 167.1495 155.7188 11.7477 -66.7660 100.0000 stroke4
movl 0 -8.2944 408.3028 167.2203 156.0551 11.1373 -66.6962 100.0000 stroke4
movl 0 -7.9286 406.6138 167.7833 157.0063 13.5397 -66.3322 100.0000 stroke4
movl 0 -7.8834 406.7016 168.2741 158.0594 16.1497 -65.5338 100.0000 stroke4
movl 0 -8.7243 410.4760 173.5266 159.0425 19.4870 -65.1521 100.0000 stroke4
movl 0 -7.5559 409.6842 219.3120 162.5814 32.8478 -60.6154 100.0000 stroke4
movl 0 -11.1556 402.8693 238.2333 169.8982 34.6856 -42.1713 100.0000 stroke5
movl 0 0.4804 397.8065 174.9508 165.3804 28.6971 -47.8073 100.0000 stroke5
movl 0 -2.2423 389.1378 172.9296 171.6006 30.4607 -42.2148 100.0000 stroke5
movl 0 -8.3682 388.0621 170.1721 175.1867 29.5652 -38.9251 100.0000 stroke5
movl 0 -11.7755 389.0714 169.5966 175.6224 28.7414 -38.2446 100.0000 stroke5
movl 0 -12.9630 390.1095 169.0957 175.4086 28.2521 -38.1556 100.0000 stroke5
movl 0 -17.3106 390.6752 169.4713 176.6045 25.9443 -38.9095 100.0000 stroke5
movl 0 -18.0215 391.1633 169.6806 176.8457 25.1073 -40.3378 100.0000 stroke5
movl 0 -14.8382 392.6670 169.6761 176.4921 24.3872 -42.6593 100.0000 stroke5
movl 0 -9.5759 395.0739 169.7099 175.6344 23.4552 -46.6682 100.0000 stroke5
movl 0 -4.3460 397.0939 169.7586 174.1086 23.1358 -50.6400 100.0000 stroke5
movl 0 -0.6642 398.4110 169.2876 171.6216 23.2861 -53.8012 100.0000 stroke5
movl 0 5.1307 404.8521 167.5399 166.7536 19.5949 -59.9180 100.0000 stroke5
movl 0 7.8179 410.0531 165.9289 163.0875 16.9991 -62.4936 100.0000 stroke5
movl 0 8.2950 412.5595 165.5874 160.1840 14.6700 -65.2427 100.0000 stroke5
movl 0 8.3266 414.4378 165.7442 157.5996 11.6558 -67.8363 100.0000 stroke5
movl 0 7.4106 416.3433 165.5210 155.4899 8.2649 -69.2976 100.0000 stroke5
movl 0 8.7788 413.5380 166.7308 155.5935 9.3544 -70.5739 100.0000 stroke5
movl 0 9.4676 413.6968 166.6145 155.3063 9.1379 -70.6218 100.0000 stroke5
movl 0 8.0845 412.5363 167.1779 155.8471 9.1277 -70.7412 100.0000 stroke5
movl 0 8.9908 409.1575 168.6515 156.4912 11.7127 -70.8091 100.0000 stroke5
movl 0 9.8732 396.5857 181.8453 160.9067 24.2265 -65.9522 100.0000 stroke5
movl 0 0.6146 397.7944 195.0517 157.6639 25.9870 -63.9421 100.0000 stroke6
movl 0 6.9764 390.5796 174.5634 156.8556 23.2362 -66.3434 100.0000 stroke6
movl 0 -4.7843 389.9161 171.9056 161.0632 21.4272 -64.2208 100.0000 stroke6
movl 0 -10.6034 387.4961 172.5498 163.7042 22.1405 -62.3441 100.0000 stroke6
movl 0 -12.7730 388.0241 171.8233 164.5440 22.3090 -60.8286 100.0000 stroke6
movl 0 -14.2595 388.9314 171.1926 164.7459 22.1226 -60.3838 100.0000 stroke6
movl 0 -17.1199 388.8223 171.1568 166.0090 21.1251 -60.5422 100.0000 stroke6
movl 0 -19.0150 389.2113 171.3931 166.7217 20.4129 -60.8794 100.0000 stroke6
movl 0 -17.1822 388.3313 171.6014 165.7005 20.9522 -60.6210 100.0000 stroke6
movl 0 -18.7103 388.8026 171.5552 166.2815 20.4680 -60.9536 100.0000 stroke6
movl 0 -19.9677 388.8892 171.5612 166.7879 19.9035 -61.3761 100.0000 stroke6
movl 0 -20.7008 389.0090 171.5955 167.2765 19.6689 -61.8441 100.0000 stroke6
movl 0 -18.9427 389.5708 171.6311 167.4582 19.5051 -62.9214 100.0000 stroke6
movl 0 -16.8607 390.5427 171.4146 167.6109 18.9180 -64.3982 100.0000 stroke6
movl 0 -14.1551 391.6069 171.2946 167.5417 18.3958 -66.7985 100.0000 stroke6
movl 0 -12.4128 388.8880 172.1686 167.2183 20.0404 -66.7634 100.0000 stroke6
movl 0 -12.6972 390.2151 171.9415 167.0905 18.9991 -66.7960 100.0000 stroke6
movl 0 -12.1613 390.9469 171.9281 166.7964 17.8768 -66.9786 100.0000 stroke6
movl 0 -12.2883 389.5310 172.1218 164.6001 19.6949 -63.9283 100.0000 stroke6
movl 0 -13.6997 384.5524 189.6983 164.7885 25.8620 -61.1048 100.0000 stroke6
movl 0 -3.6554 384.7686 239.0139 159.9041 31.2250 -61.3736 100.0000 stroke7
movl 0 5.0480 384.8102 176.1115 157.4741 24.0769 -65.8245 100.0000 stroke7
movl 0 -0.6145 380.2449 174.5469 160.2497 23.3261 -65.7706 100.0000 stroke7
movl 0 -9.0788 380.9085 172.1871 162.0767 21.5919 -65.7756 100.0000 stroke7
movl 0 -13.3029 381.2335 171.3969 162.2746 20.9549 -64.8064 100.0000 stroke7
movl 0 -14.8973 382.0541 170.6361 162.4439 20.4368 -64.4901 100.0000 stroke7
movl 0 -19.3296 381.8514 171.2240 164.5767 19.0744 -64.7203 100.0000 stroke7
movl 0 -20.6283 381.8163 171.3319 165.3770 18.6883 -65.3584 100.0000 stroke7
movl 0 -19.4843 382.0760 171.1723 165.5477 18.3014 -66.8614 100.0000 stroke7
movl 0 -16.3785 383.1612 171.1363 165.5691 17.6561 -68.7957 100.0000 stroke7
movl 0 -12.1157 384.1608 171.2080 165.6918 16.9156 -71.4145 100.0000 stroke7
movl 0 -9.2456 385.2761 171.2647 165.7048 16.1822 -73.2174 100.0000 stroke7
movl 0 -9.8887 383.8757 171.6793 165.8032 16.6072 -72.3976 100.0000 stroke7
movl 0 -9.8519 383.2509 171.7684 165.5202 16.9965 -71.3108 100.0000 stroke7
movl 0 -9.2850 383.7612 171.5888 164.8290 17.2620 -70.6830 100.0000 stroke7
movl 0 -10.2618 383.7053 171.8090 164.8594 17.2970 -70.0939 100.0000 stroke7
movl 0 -9.9967 383.8304 173.5445 164.5086 18.1949 -69.2146 100.0000 stroke7
movl 0 -17.5647 384.8071 196.4651 165.9973 21.3983 -65.7120 100.0000 stroke7
movl 0 10.7231 427.2115 219.2237 168.6433 38.6980 -45.7239 100.0000 stroke8
movl 0 14.9353 420.1781 169.0898 168.9442 36.3465 -44.6417 100.0000 stroke8
movl 0 8.3117 417.9468 162.2803 174.2360 35.3115 -38.5234 100.0000 stroke8
movl 0 3.8269 417.0444 162.1794 176.2389 34.2034 -35.3969 100.0000 stroke8
movl 0 2.8169 417.3796 162.0529 176.1760 33.7178 -34.9744 100.0000 stroke8
movl 0 -1.9138 420.3857 161.8832 174.6092 30.5794 -37.1489 100.0000 stroke8
movl 0 -5.1758 423.1572 162.6156 171.3760 26.8144 -43.3425 100.0000 stroke8
movl 0 -4.7021 425.3430 163.0882 168.2772 24.0747 -50.2710 100.0000 stroke8
movl 0 -5.6518 426.5682 162.9001 165.7038 22.3615 -53.9048 100.0000 stroke8
movl 0 -4.4129 427.1346 163.0396 163.3967 20.9446 -57.4662 100.0000 stroke8
movl 0 -4.1029 427.5731 163.3579 161.8288 19.3623 -60.1932 100.0000 stroke8
movl 0 -3.8379 427.9282 163.8677 160.5114 17.5778 -62.1798 100.0000 stroke8
movl 0 -3.3453 428.1136 164.4004 159.2233 16.1019 -64.0527 100.0000 stroke8
movl 0 -2.9523 428.7893 164.9071 157.8686 14.3405 -66.2341 100.0000 stroke8
movl 0 -2.8030 429.2893 165.2481 156.9217 12.6307 -68.2008 100.0000 stroke8
movl 0 -2.5466 430.1007 165.5026 155.7970 10.3167 -70.7673 100.0000 stroke8
movl 0 -2.7308 430.6820 165.7350 155.0815 8.2442 -72.7794 100.0000 stroke8
movl 0 -3.1103 430.4984 166.0026 154.8200 6.8376 -74.1501 100.0000 stroke8
movl 0 -3.2659 430.7570 166.0539 154.4263 5.0245 -75.5238 100.0000 stroke8
movl 0 -3.2872 431.1858 166.1819 154.1541 3.3654 -76.8591 100.0000 stroke8
movl 0 -3.6926 431.3178 166.4336 154.1267 1.6366 -78.2945 100.0000 stroke8
movl 0 -4.0752 431.8153 166.5222 154.0550 -0.3978 -79.5009 100.0000 stroke8
movl 0 -4.8155 432.1223 166.5595 154.1140 -2.2873 -80.3562 100.0000 stroke8
movl 0 -4.9209 431.3609 166.9277 154.1800 -2.8409 -81.1070 100.0000 stroke8
movl 0 -4.3037 431.2263 167.0610 154.0091 -3.0414 -81.3930 100.0000 stroke8
movl 0 -4.2215 430.9609 167.1763 153.9598 -3.1185 -81.6605 100.0000 stroke8
movl 0 -4.2100 430.5749 167.4396 154.1266 -2.8263 -82.2903 100.0000 stroke8
movl 0 -3.5131 430.2391 167.8252 153.9771 -2.3906 -82.9495 100.0000 stroke8
movl 0 2.2261 425.6199 170.9241 152.2293 1.2627 -85.1406 100.0000 stroke8
movl 0 14.7005 414.5669 214.1474 147.1678 18.1272 -83.7629 100.0000 stroke8
movl 0 9.7699 406.3473 242.3694 144.6309 12.8736 -102.4673 100.0000 stroke9
movl 0 17.1794 401.0644 174.4492 147.5979 4.9589 -107.5174 100.0000 stroke9
movl 0 7.4341 395.3380 174.1372 151.0035 9.3384 -108.2511 100.0000 stroke9
movl 0 2.2072 398.4065 171.4248 152.6934 10.1301 -106.5261 100.0000 stroke9
movl 0 -1.5577 398.1771 170.4500 153.8923 12.6424 -103.2290 100.0000 stroke9
movl 0 -3.0803 398.6339 169.3962 155.0613 14.2107 -100.0695 100.0000 stroke9
movl 0 -8.2365 398.2030 169.3701 158.2746 15.6173 -97.0102 100.0000 stroke9
movl 0 -12.5993 397.3356 169.7868 160.7714 16.2811 -96.4895 100.0000 stroke9
movl 0 -15.2387 397.8706 170.0018 162.7265 15.7869 -96.8967 100.0000 stroke9
movl 0 -17.8551 398.4858 170.0533 164.5471 15.1488 -97.8999 100.0000 stroke9
movl 0 -18.8448 398.9305 169.9813 165.4097 14.8028 -98.9139 100.0000 stroke9
movl 0 -17.7385 396.5263 170.7352 164.4425 15.9476 -99.0502 100.0000 stroke9
movl 0 -15.9421 395.4151 171.1834 163.7757 16.6526 -99.8107 100.0000 stroke9
movl 0 -14.9122 394.9100 171.3779 163.5327 16.9061 -100.1622 100.0000 stroke9
movl 0 -14.9745 396.5347 171.2460 163.4858 14.8949 -99.5025 100.0000 stroke9
movl 0 -14.8052 397.2511 171.4000 163.5697 13.6489 -99.2245 100.0000 stroke9
movl 0 -13.5860 396.2964 170.8810 162.2591 15.2490 -97.5451 100.0000 stroke9
movl 0 -10.6995 396.2357 170.8095 160.7708 15.5688 -96.1775 100.0000 stroke9
movl 0 -6.4606 389.8208 184.5197 158.0759 23.6430 -90.3452 100.0000 stroke9
movl 0 13.8240 385.1390 218.5369 153.6640 26.1137 -68.3726 100.0000 stroke10
movl 0 11.0558 377.6063 177.1197 153.8277 21.5938 -70.2293 100.0000 stroke10
movl 0 1.4572 371.5704 175.6892 156.6579 20.5216 -70.4791 100.0000 stroke10
movl 0 -9.0418 371.8580 175.3376 159.0916 20.0918 -69.6280 100.0000 stroke10
movl 0 -15.2401 372.8824 175.4573 160.7518 20.9508 -68.6056 100.0000 stroke10
movl 0 -21.1111 373.1694 173.9224 161.6218 20.5755 -67.3212 100.0000 stroke10
movl 0 -22.9762 374.3578 173.1450 161.5493 19.5953 -66.2453 100.0000 stroke10
movl 0 -25.8576 374.8593 172.4280 160.8501 19.0892 -64.7184 100.0000 stroke10
movl 0 -28.7121 374.7319 171.8808 161.4267 18.7953 -64.3385 100.0000 stroke10
movl 0 -33.1937 373.5075 171.9821 163.4708 18.1761 -64.2006 100.0000 stroke10
movl 0 -35.8560 373.9203 172.3952 164.8422 16.5353 -64.0490 100.0000 stroke10
movl 0 -36.6327 374.1487 172.6715 165.0751 15.6710 -64.5147 100.0000 stroke10
movl 0 -36.9657 373.7842 172.7765 165.4999 15.7137 -65.7087 100.0000 stroke10
movl 0 -36.4474 374.0418 172.8530 165.8621 15.4480 -66.6774 100.0000 stroke10
movl 0 -33.7457 374.9271 173.1862 165.7657 15.2190 -67.8963 100.0000 stroke10
movl 0 -31.5734 375.2659 173.5693 166.0135 15.1105 -69.2004 100.0000 stroke10
movl 0 -28.7947 375.9314 173.7061 166.2943 14.8783 -70.9114 100.0000 stroke10
movl 0 -27.0864 376.5703 173.8933 166.6362 14.5502 -72.1854 100.0000 stroke10
movl 0 -24.8760 377.1943 174.1488 166.9960 14.2045 -73.4735 100.0000 stroke10
movl 0 -22.3020 377.9252 174.4951 167.6539 13.7646 -75.0891 100.0000 stroke10
movl 0 -20.0605 378.6395 174.9077 168.4639 13.3096 -76.9308 100.0000 stroke10
movl 0 -16.9364 379.9439 175.0394 169.1217 12.6254 -79.2003 100.0000 stroke10
movl 0 -14.5714 381.6072 175.0289 169.9731 11.8286 -81.7913 100.0000 stroke10
movl 0 -13.3432 383.1789 174.7720 170.9563 11.0161 -84.1846 100.0000 stroke10
movl 0 -12.2298 379.5002 175.6470 169.9788 12.4540 -83.6265 100.0000 stroke10
movl 0 -8.1242 377.3720 176.4691 168.6483 14.1183 -84.0681 100.0000 stroke10
movl 0 -7.2687 376.5756 176.8047 168.4758 14.3779 -84.2287 100.0000 stroke10
movl 0 -7.0114 378.0262 176.5491 168.3010 12.8241 -83.8546 100.0000 stroke10
movl 0 -6.3986 379.1962 176.4507 168.2921 11.1730 -83.8851 100.0000 stroke10
movl 0 -5.3557 379.3287 175.9754 167.1112 11.6822 -82.5860 100.0000 stroke10
movl 0 -5.0665 379.4511 175.6824 166.1482 12.1595 -81.3699 100.0000 stroke10
movl 0 -5.2075 379.5006 175.5586 165.6555 12.4286 -80.7696 100.0000 stroke10
movl 0 -5.7325 378.9532 175.6340 165.5411 12.8013 -80.3484 100.0000 stroke10
movl 0 -5.4033 377.5999 176.1339 165.1236 13.6050 -79.8945 100.0000 stroke10
movl 0 -4.2564 371.7001 179.3125 164.5343 17.2779 -77.4708 100.0000 stroke10
movl 0 -13.3481 357.0723 202.1631 169.9630 28.7312 -68.2727 100.0000 stroke10
movl 0 2.7552 385.0190 231.1613 -176.8258 36.1264 -13.6229 100.0000 stroke11
movl 0 11.2106 375.9734 175.4222 -175.7508 32.8210 -13.8322 100.0000 stroke11
movl 0 8.2864 371.2001 170.5904 -170.1051 29.8213 -8.5797 100.0000 stroke11
movl 0 1.5953 371.2993 168.9997 -168.2691 26.9828 -5.3816 100.0000 stroke11
movl 0 1.3119 373.5347 168.1674 -169.0772 26.6140 -5.1618 100.0000 stroke11
movl 0 0.1437 375.2683 167.4522 -169.6001 26.3733 -5.1675 100.0000 stroke11
movl 0 -2.2382 377.7166 166.8021 -171.0151 25.5639 -6.3915 100.0000 stroke11
movl 0 -1.8704 380.4403 166.3286 -174.0432 24.8662 -11.1834 100.0000 stroke11
movl 0 -0.8254 383.0706 165.9829 -177.0156 24.5947 -15.3078 100.0000 stroke11
movl 0 -2.2424 383.0698 166.0919 -179.0527 24.5766 -17.6044 100.0000 stroke11
movl 0 0.5608 384.2942 165.9088 177.4128 25.1224 -23.7111 100.0000 stroke11
movl 0 0.5266 384.0707 166.0732 175.1076 24.8932 -28.1414 100.0000 stroke11
movl 0 1.1550 383.8594 166.3288 172.9275 24.6230 -32.2270 100.0000 stroke11
movl 0 1.1793 384.3200 166.4544 170.7549 23.6150 -35.5564 100.0000 stroke11
movl 0 1.3612 384.7745 166.6331 168.2475 22.4366 -39.8365 100.0000 stroke11
movl 0 1.4983 385.3545 166.9517 165.9310 20.9756 -43.2950 100.0000 stroke11
movl 0 1.6294 386.3741 167.2936 163.6404 19.3615 -46.6881 100.0000 stroke11
movl 0 1.2564 387.8891 167.4119 161.6203 16.8203 -49.6925 100.0000 stroke11
movl 0 0.6930 389.4063 167.3508 159.6407 14.1904 -53.1436 100.0000 stroke11
movl 0 0.1372 390.3896 167.3666 158.1680 11.6488 -56.4662 100.0000 stroke11
movl 0 -0.5268 391.3380 167.2900 157.0101 8.9198 -59.0358 100.0000 stroke11
movl 0 -1.3951 391.3681 167.2369 156.4392 6.8767 -61.0168 100.0000 stroke11
movl 0 -2.2879 391.6806 167.1612 156.0847 5.3505 -62.0008 100.0000 stroke11
movl 0 -2.9514 391.6600 167.1137 155.7433 4.3056 -63.1562 100.0000 stroke11
movl 0 -4.0367 391.3576 167.1386 155.6769 3.4822 -63.2622 100.0000 stroke11
movl 0 -5.4337 390.5414 167.3199 155.5143 3.2168 -62.7366 100.0000 stroke11
movl 0 -2.6517 387.9015 168.5994 155.6968 5.1154 -62.6179 100.0000 stroke11
movl 0 0.3342 386.0891 169.4829 155.9631 6.5203 -63.2890 100.0000 stroke11
movl 0 0.8280 385.9421 169.5727 155.9736 6.3705 -63.5617 100.0000 stroke11
movl 0 -0.1815 385.8980 169.4742 155.7897 5.3601 -63.6522 100.0000 stroke11
movl 0 3.1927 383.3992 170.9011 155.9240 7.7607 -64.5510 100.0000 stroke11
movl 0 2.5241 383.7325 170.4672 155.7481 6.8908 -64.5830 100.0000 stroke11
movl 0 0.4737 383.7763 170.3491 156.2031 6.3246 -64.3011 100.0000 stroke11
movl 0 1.1433 382.7336 170.6399 156.3054 7.1511 -64.5027 100.0000 stroke11
movl 0 4.0871 379.1957 172.0374 156.4769 10.2427 -64.8142 100.0000 stroke11
movl 0 5.8469 375.9630 172.3787 156.9873 12.7643 -64.8877 100.0000 stroke11
movl 0 6.1244 374.7829 172.4953 157.2158 13.4242 -65.1252 100.0000 stroke11
movl 0 4.9722 376.3824 171.2540 156.9987 12.6595 -64.6955 100.0000 stroke11
movl 0 2.5791 378.7846 170.1223 156.6920 11.0393 -64.2767 100.0000 stroke11
movl 0 1.2582 380.4658 169.3037 156.1618 9.9701 -63.8617 100.0000 stroke11
movl 0 0.8418 381.3866 168.6105 155.6936 9.6606 -63.5990 100.0000 stroke11
movl 0 0.6760 381.9923 168.1066 155.0277 9.6043 -63.3877 100.0000 stroke11
movl 0 0.4211 381.9772 168.0000 154.8912 9.8003 -63.2063 100.0000 stroke11
movl 0 0.2990 381.8907 167.9961 154.7071 10.2260 -62.9844 100.0000 stroke11
movl 0 0.1066 381.8200 168.0775 154.6095 10.7711 -62.8422 100.0000 stroke11
movl 0 0.1205 381.6848 168.1503 154.5155 11.1442 -62.8625 100.0000 stroke11
movl 0 -0.0551 381.7048 168.2293 154.4684 11.5320 -62.8617 100.0000 stroke11
movl 0 0.1712 381.6630 168.2481 154.3725 11.8856 -62.9872 100.0000 stroke11
movl 0 -0.0139 381.7141 168.2874 154.3874 12.0887 -62.9533 100.0000 stroke11
movl 0 0.1350 381.8191 168.2574 154.3530 12.1106 -63.0129 100.0000 stroke11
movl 0 0.1890 381.8198 168.2730 154.4379 12.1202 -63.0216 100.0000 stroke11
movl 0 -0.3945 382.1145 168.3785 154.4857 12.1987 -62.9406 100.0000 stroke11
movl 0 -0.2844 382.5605 168.5084 154.3062 12.4359 -63.1074 100.0000 stroke11
movl 0 -0.4119 382.7902 168.5803 154.1838 12.5687 -63.2360 100.0000 stroke11
movl 0 -0.9607 382.7818 168.6883 154.1220 12.5956 -63.3257 100.0000 stroke11
movl 0 0.0193 382.1695 169.1202 154.0489 12.9586 -63.4986 100.0000 stroke11
movl 0 3.5039 380.1748 171.7405 153.5396 14.5994 -63.8468 100.0000 stroke11
movl 0 6.5389 383.5472 199.3541 155.0676 21.5090 -60.1812 100.0000 stroke11
movl 0 -6.8716 419.6330 248.0407 152.6537 25.6068 -51.6833 100.0000 stroke12
movl 0 4.9994 412.0746 181.0313 148.4826 18.2280 -56.6055 100.0000 stroke12
movl 0 6.0180 403.4217 168.5536 151.5695 18.1392 -56.2239 100.0000 stroke12
movl 0 1.8734 402.3653 168.5556 153.8113 19.4398 -54.3513 100.0000 stroke12
movl 0 -0.0531 402.1337 167.8122 154.8159 19.9732 -52.6658 100.0000 stroke12
movl 0 -2.6325 403.5251 167.0376 155.4172 19.5804 -51.7324 100.0000 stroke12
movl 0 -7.8496 406.2567 167.0856 156.2968 16.5275 -51.9702 100.0000 stroke12
movl 0 -11.3392 408.8062 166.9483 156.7078 13.3154 -52.8407 100.0000 stroke12
movl 0 -12.8855 411.4699 166.4338 156.7520 10.7892 -54.1163 100.0000 stroke12
movl 0 -14.6184 412.9278 166.0606 157.0151 8.5720 -54.9951 100.0000 stroke12
movl 0 -14.4042 414.7012 165.8145 157.1682 6.7031 -56.3365 100.0000 stroke12
movl 0 -14.1129 415.7821 165.5996 156.6237 5.6926 -57.0208 100.0000 stroke12
movl 0 -15.7634 413.9948 166.2497 156.5500 5.2900 -56.5553 100.0000 stroke12
movl 0 -13.3067 412.3915 167.3657 156.5874 6.7984 -57.6992 100.0000 stroke12
movl 0 -12.1397 412.2333 167.3063 156.5966 6.7539 -58.4947 100.0000 stroke12
movl 0 -14.2393 412.9570 166.6812 156.1500 4.9612 -57.9806 100.0000 stroke12
movl 0 -15.4470 410.9683 167.6244 156.5019 5.4246 -57.8123 100.0000 stroke12
movl 0 -12.6892 409.1711 168.5845 156.6820 6.9549 -59.4250 100.0000 stroke12
movl 0 -13.0107 408.8869 168.5407 156.6093 6.4397 -59.7104 100.0000 stroke12
movl 0 -15.6953 407.5214 168.7109 156.8453 5.5566 -59.1302 100.0000 stroke12
movl 0 -12.9124 406.4139 169.6357 156.6983 6.9688 -60.7269 100.0000 stroke12
movl 0 -12.2628 406.0052 169.5906 156.5005 6.7981 -61.2992 100.0000 stroke12
movl 0 -14.0622 405.5099 169.4018 156.3960 5.8954 -60.8790 100.0000 stroke12
movl 0 -11.9924 404.1843 170.1263 156.2405 6.8647 -61.7271 100.0000 stroke12
movl 0 -13.9578 403.4072 169.8485 156.3837 6.1513 -61.1662 100.0000 stroke12
movl 0 -13.1748 403.9972 169.8900 156.2786 6.3793 -61.5055 100.0000 stroke12
movl 0 -13.3727 403.9927 169.9365 156.3908 6.3541 -61.5945 100.0000 stroke12
movl 0 -12.9876 403.0488 170.3320 156.4639 6.6708 -61.6550 100.0000 stroke12
movl 0 -12.4775 403.3163 170.3615 156.3490 6.6537 -61.7841 100.0000 stroke12
movl 0 8.8514 389.0144 185.1930 156.2153 15.4934 -64.7749 100.0000 stroke12
movl 0 100.0369 351.6560 195.5605 142.2994 42.5469 -88.0207 100.0000 stroke12
movl 0 106.7479 350.5630 194.6103 143.3741 41.7528 -88.3028 100.0000 stroke12
movl 0 96.2918 353.8884 196.5242 145.6898 40.1662 -84.5646 100.0000 stroke12
movl 0 92.5616 355.4506 195.5765 146.6147 39.0706 -83.0562 100.0000 stroke12
movl 0 89.4045 358.2622 194.3157 146.8041 37.6579 -82.8807 100.0000 stroke12
movl 0 79.9986 363.1587 190.7185 148.8279 35.2177 -81.4045 100.0000 stroke12
movl 0 65.3123 361.3118 194.8201 152.3973 34.1952 -78.2304 100.0000 stroke12
movl 0 38.7622 325.4576 243.8859 161.2067 37.5295 -75.7382 100.0000 stroke12
