movl 0 -21.8581 402.8705 174.4497 -159.4283 22.2859 13.9519 100.0000 stroke1
movl 0 -24.4940 403.6738 174.0868 -160.3224 22.4042 12.4877 100.0000 stroke1
movl 0 -28.2567 403.6033 174.9538 -160.6341 22.2556 12.1657 100.0000 stroke1
movl 0 -29.4476 403.2583 175.5147 -160.5395 21.8377 12.3188 100.0000 stroke1
movl 0 -29.1359 403.5943 175.2245 -160.4541 21.5303 12.6912 100.0000 stroke1
movl 0 -30.4198 403.9220 174.7511 -160.3598 20.9338 13.3985 100.0000 stroke1
movl 0 -31.0974 404.8020 173.9690 -160.4072 20.5467 13.9351 100.0000 stroke1
movl 0 -32.5874 405.4550 173.2779 -160.2102 19.9347 15.1813 100.0000 stroke1
movl 0 -33.6255 405.8907 172.8605 -160.1610 19.5739 15.7110 100.0000 stroke1
movl 0 -34.9025 406.5658 172.2326 -160.8047 19.2870 15.3267 100.0000 stroke1
movl 0 -35.3821 406.9142 172.0861 -161.0725 18.9735 15.3944 100.0000 stroke1
movl 0 -36.8439 407.5916 171.4485 -161.8654 18.2215 14.9779 100.0000 stroke1
movl 0 -37.8673 408.1048 171.0291 -162.4711 17.6351 14.7303 100.0000 stroke1
movl 0 -38.1590 408.8123 170.6056 -163.1518 17.3741 14.4649 100.0000 stroke1
movl 0 -38.2129 409.4321 170.4620 -163.8753 17.2554 14.0710 100.0000 stroke1
movl 0 -37.9174 410.7753 170.1415 -165.2982 17.3750 13.1134 100.0000 stroke1
movl 0 -36.1337 412.6274 169.7539 -166.5925 18.0064 11.6570 100.0000 stroke1
movl 0 -35.8135 414.6445 169.2548 -167.6493 19.1222 11.1525 100.0000 stroke1
movl 0 -36.4119 415.5197 168.9465 -168.3015 19.8452 10.9220 100.0000 stroke1
movl 0 -36.1659 416.4474 168.6305 -169.0112 20.3330 10.3932 100.0000 stroke1
movl 0 -35.8767 416.5643 168.3795 -169.5485 20.8029 9.7710 100.0000 stroke1
movl 0 -36.1753 416.2234 168.4914 -170.0873 21.0987 9.0853 100.0000 stroke1
movl 0 -36.2416 416.2236 168.5909 -170.9192 21.4828 8.0470 100.0000 stroke1
movl 0 -36.5705 415.9630 168.8251 -171.6773 21.8053 7.1534 100.0000 stroke1
movl 0 -37.1400 415.4975 168.8699 -172.1550 21.9804 6.6046 100.0000 stroke1
movl 0 -37.4849 415.0740 169.1712 -172.7426 22.3242 6.1486 100.0000 stroke1
movl 0 -37.9221 414.5976 169.3913 -173.1630 22.5367 5.7529 100.0000 stroke1
movl 0 -38.6696 414.1083 169.5492 -173.6315 22.7133 5.4615 100.0000 stroke1
movl 0 -39.6353 413.5322 169.6774 -174.0888 22.8643 5.2541 100.0000 stroke1
movl 0 -40.5889 413.2141 169.7067 -174.7626 22.9909 4.7715 100.0000 stroke1
movl 0 -41.7254 412.6107 169.7927 -175.2310 23.1538 4.7100 100.0000 stroke1
movl 0 -42.4783 412.2171 169.8265 -175.5594 23.3052 4.6269 100.0000 stroke1
movl 0 -43.2238 411.3418 170.2585 -175.6017 23.3867 4.8245 100.0000 stroke1
movl 0 -43.9056 410.9682 170.4169 -175.7682 23.4900 4.9300 100.0000 stroke1
movl 0 -44.3030 410.3408 170.7850 -175.8482 23.6994 5.0437 100.0000 stroke1
movl 0 -45.3918 409.7859 170.8435 -176.0829 23.7895 5.1087 100.0000 stroke1
movl 0 -46.1748 409.4403 170.8458 -176.1477 23.8800 5.3269 100.0000 stroke1
movl 0 -47.3280 408.8100 170.9081 -176.1036 23.8948 5.7442 100.0000 stroke1
movl 0 -48.3295 408.1819 170.9919 -175.9958 23.9535 6.1094 100.0000 stroke1
movl 0 -49.1616 407.6201 171.2507 -175.9190 23.9270 6.2456 100.0000 stroke1
movl 0 -49.6698 407.0745 171.6281 -175.7101 24.0255 6.5357 100.0000 stroke1
movl 0 -50.1223 406.5550 171.9715 -175.5474 24.1008 6.7348 100.0000 stroke1
movl 0 -50.5309 406.2639 172.1656 -175.3837 24.1585 6.9085 100.0000 stroke1
movl 0 -51.0126 405.9382 172.3891 -175.2372 24.2029 7.0263 100.0000 stroke1
movl 0 -51.3014 405.7680 172.5444 -175.1349 24.2405 7.0311 100.0000 stroke1
movl 0 -51.4670 405.4989 172.7639 -174.9239 24.2715 7.1476 100.0000 stroke1
movl 0 -51.2566 405.3206 173.0957 -174.8513 24.4162 6.9887 100.0000 stroke1
movl 0 -51.2231 404.9399 173.3846 -174.7137 24.5946 6.8437 100.0000 stroke1
movl 0 -47.6549 402.2747 175.7110 -173.2378 26.6647 5.8522 100.0000 stroke1
movl 0 -43.1648 400.2321 177.0988 -171.6766 28.8475 4.0120 100.0000 stroke1
movl 0 -39.3317 396.5794 177.5767 -166.7520 31.2853 4.0762 100.0000 stroke1
movl 0 -32.5628 392.4690 177.1909 -154.4038 31.4946 13.6097 100.0000 stroke1
movl 0 -32.5450 381.7615 188.9265 -136.6962 25.3796 24.3599 100.0000 stroke1
movl 0 -42.8796 376.3880 237.5590 -127.9553 21.0908 27.8175 100.0000 stroke1
movl 0 -27.1033 397.3846 202.3181 -168.2634 31.1972 1.6616 100.0000 stroke2
movl 0 -24.4187 385.1401 175.2456 -164.8616 28.6333 3.7773 100.0000 stroke2
movl 0 -22.2123 391.9884 170.8818 -164.7010 28.2162 6.7021 100.0000 stroke2
movl 0 -23.8615 394.3507 168.3310 -164.7956 27.8297 9.5418 100.0000 stroke2
movl 0 -24.9475 395.6498 167.6136 -166.3359 27.6776 8.6665 100.0000 stroke2
movl 0 -26.6352 396.3188 167.2968 -168.2339 27.3820 6.9482 100.0000 stroke2
movl 0 -29.0894 397.2464 166.4383 -171.0895 26.6078 3.8531 100.0000 stroke2
movl 0 -30.1717 398.5339 166.4992 -174.0905 25.9326 -0.3665 100.0000 stroke2
movl 0 -28.2541 400.4685 166.6205 -177.1209 26.0889 -5.2730 100.0000 stroke2
movl 0 -29.7559 401.1914 166.2873 -179.3299 25.9150 -8.7052 100.0000 stroke2
movl 0 -29.5210 401.5862 166.2853 178.6211 25.7662 -12.8793 100.0000 stroke2
movl 0 -29.9786 401.7322 166.5981 176.4166 25.2357 -16.1384 100.0000 stroke2
movl 0 -30.4763 401.8956 166.8849 174.0632 24.5796 -19.6844 100.0000 stroke2
movl 0 -30.6426 402.1995 167.3802 171.6740 23.5344 -23.3310 100.0000 stroke2
movl 0 -31.3385 402.4998 167.6567 169.5429 22.2696 -25.9404 100.0000 stroke2
movl 0 -32.2388 402.8968 168.0573 167.1404 20.9599 -28.6996 100.0000 stroke2
movl 0 -33.6025 403.1393 168.3879 164.9881 19.4326 -31.3389 100.0000 stroke2
movl 0 -35.1335 403.5370 168.3045 163.2303 17.6632 -33.8533 100.0000 stroke2
movl 0 -36.4058 403.5106 168.3431 162.1131 16.3853 -35.4747 100.0000 stroke2
movl 0 -37.5881 403.4137 168.1630 161.5031 15.5665 -36.2547 100.0000 stroke2
movl 0 -38.7647 403.2701 167.9679 161.1527 15.1416 -36.2283 100.0000 stroke2
movl 0 -40.0409 402.7398 168.0106 160.9298 14.8974 -35.8589 100.0000 stroke2
movl 0 -40.4106 402.0631 168.2228 160.9928 15.3103 -35.2794 100.0000 stroke2
movl 0 -38.5138 401.3836 168.9606 161.3356 16.3627 -35.3164 100.0000 stroke2
movl 0 -34.5769 400.6228 170.2372 162.1531 17.5582 -36.2747 100.0000 stroke2
movl 0 -34.2032 400.2162 170.5748 162.1695 17.5148 -36.7489 100.0000 stroke2
movl 0 -34.7887 400.4668 170.4889 161.3213 16.5629 -37.2910 100.0000 stroke2
movl 0 -34.6145 399.1078 171.4494 161.3259 16.8344 -38.0255 100.0000 stroke2
movl 0 -33.2061 398.6249 171.9658 161.2881 17.1463 -38.7229 100.0000 stroke2
movl 0 -34.6062 398.6095 171.8488 161.0320 16.2768 -38.9686 100.0000 stroke2
movl 0 -35.1984 398.2087 171.8240 161.2017 16.1636 -39.3703 100.0000 stroke2
movl 0 -31.9225 393.6562 173.8107 163.7978 20.2999 -39.3991 100.0000 stroke2
movl 0 -30.8311 391.1631 174.0814 165.9990 22.4910 -38.9445 100.0000 stroke2
movl 0 -34.0457 393.2412 172.5254 164.8079 20.3964 -38.6594 100.0000 stroke2
movl 0 -35.6587 393.6985 172.1290 163.8299 19.6034 -38.3218 100.0000 stroke2
movl 0 -36.7045 393.8477 171.7056 163.5015 19.3718 -38.0810 100.0000 stroke2
movl 0 -35.9860 392.4367 172.4497 163.6617 20.6828 -37.9342 100.0000 stroke2
movl 0 -21.9796 383.5932 178.6924 168.9326 31.0988 -37.7762 100.0000 stroke2
movl 0 -17.1465 372.3997 198.0395 -168.6314 41.8371 -20.3900 100.0000 stroke2
movl 0 -2.9295 432.7956 190.3316 164.7402 30.2274 -48.1817 100.0000 stroke3
movl 0 -1.1210 432.0224 175.6449 163.2488 26.5549 -51.4184 100.0000 stroke3
movl 0 -1.8793 430.4242 172.6660 164.8376 25.7796 -51.9261 100.0000 stroke3
movl 0 -1.5483 429.3269 171.6916 165.8756 25.8028 -50.8020 100.0000 stroke3
movl 0 -0.2904 430.1583 170.8740 165.7792 26.0104 -50.5030 100.0000 stroke3
movl 0 -4.1744 432.6996 168.6048 165.6319 23.8308 -50.4863 100.0000 stroke3
movl 0 -6.2381 436.1080 167.7493 164.5152 19.6084 -52.9678 100.0000 stroke3
movl 0 -6.0938 438.2290 167.1985 163.3013 17.5438 -55.7045 100.0000 stroke3
movl 0 -7.5476 438.5382 167.3175 162.2191 16.3430 -56.8580 100.0000 stroke3
movl 0 -8.8910 438.3555 168.2186 160.6642 14.8236 -57.8580 100.0000 stroke3
movl 0 -11.2284 437.6546 168.8270 159.8083 13.6285 -57.9848 100.0000 stroke3
movl 0 -13.8667 436.4585 169.3792 159.2160 12.8899 -57.6432 100.0000 stroke3
movl 0 -17.3761 434.2910 170.2133 158.9616 12.6857 -57.0529 100.0000 stroke3
movl 0 -21.2479 431.6304 171.1773 158.8134 12.9618 -56.3677 100.0000 stroke3
movl 0 -22.2169 426.3077 177.6092 157.9037 15.7388 -57.4063 100.0000 stroke3
movl 0 -23.3788 418.8098 204.8796 157.8881 23.1100 -62.6454 100.0000 stroke3
movl 0 5.1608 424.7147 198.0433 148.3699 19.6615 -76.5719 100.0000 stroke4
movl 0 8.7804 421.3083 169.0003 149.1551 15.6137 -76.7241 100.0000 stroke4
movl 0 4.0358 420.2227 169.0510 152.0717 18.2099 -74.4589 100.0000 stroke4
movl 0 2.2568 420.9253 166.7795 152.1540 17.8186 -74.2301 100.0000 stroke4
movl 0 -0.6399 421.6520 165.6814 152.8749 16.1394 -74.8415 100.0000 stroke4
movl 0 -3.5465 421.9873 166.3689 153.8214 12.2275 -77.8455 100.0000 stroke4
movl 0 -3.8081 422.9835 167.1715 153.7863 9.1108 -81.2936 100.0000 stroke4
movl 0 -4.9716 423.5532 167.9095 153.6808 6.6712 -83.7675 100.0000 stroke4
movl 0 -6.0028 424.0116 168.3114 153.8270 4.3821 -86.2223 100.0000 stroke4
movl 0 -7.1434 424.2273 168.8848 154.0082 1.9270 -88.5268 100.0000 stroke4
movl 0 -8.6545 424.7084 169.2740 154.4988 -0.8284 -90.7796 100.0000 stroke4
movl 0 -10.3191 424.9748 169.5311 155.2474 -3.4831 -93.0335 100.0000 stroke4
movl 0 -11.6560 425.4209 169.5426 155.9200 -6.0703 -95.0597 100.0000 stroke4
movl 0 -13.0871 425.6220 169.6876 156.6955 -8.4265 -96.5132 100.0000 stroke4
movl 0 -14.9935 425.3897 169.9030 157.5149 -10.1555 -97.2669 100.0000 stroke4
movl 0 -13.0648 423.2207 171.1418 156.7796 -8.7497 -98.2866 100.0000 stroke4
movl 0 -11.3329 422.6320 171.4738 156.4904 -8.4512 -98.6095 100.0000 stroke4
movl 0 -13.2710 422.2380 171.8524 157.1849 -9.2861 -98.4938 100.0000 stroke4
movl 0 -12.9445 421.2318 172.2689 156.9795 -8.1762 -98.8518 100.0000 stroke4
movl 0 -9.1138 414.6601 179.0916 154.3628 -1.1247 -98.5907 100.0000 stroke4
movl 0 -11.0303 404.9018 220.5996 152.4690 17.7917 -94.9891 100.0000 stroke4
movl 0 6.5410 418.3340 230.7005 151.5621 23.9960 -86.7144 100.0000 stroke5
movl 0 9.8093 407.6598 181.2068 151.9817 18.9381 -87.4971 100.0000 stroke5
movl 0 12.5409 410.9736 177.1010 152.2611 17.8092 -88.0267 100.0000 stroke5
movl 0 10.7393 415.3130 171.4207 152.9356 16.2587 -87.2379 100.0000 stroke5
movl 0 10.0374 418.4639 168.6350 153.4305 15.3101 -87.1209 100.0000 stroke5
movl 0 4.5169 421.5922 167.5016 157.0467 12.1037 -87.2669 100.0000 stroke5
movl 0 5.0792 422.8989 167.3054 157.8630 10.4459 -88.9980 100.0000 stroke5
movl 0 3.2893 422.5572 167.2625 157.5879 9.4402 -88.9782 100.0000 stroke5
movl 0 2.6930 421.7773 168.1769 156.8580 8.2985 -89.1260 100.0000 stroke5
movl 0 2.3227 420.0253 169.7558 156.1030 7.7504 -89.0916 100.0000 stroke5
movl 0 2.3556 413.9903 174.9720 154.3569 9.6115 -89.1610 100.0000 stroke5
movl 0 -1.3448 398.0125 202.2690 150.2438 19.4541 -92.2112 100.0000 stroke5
movl 0 -0.5504 384.8726 185.0509 152.5079 21.3736 -88.1898 100.0000 stroke6
movl 0 -4.3954 384.8778 176.8737 153.8961 19.4456 -87.9859 100.0000 stroke6
movl 0 -9.3262 389.8021 171.1908 155.8395 17.5201 -87.4306 100.0000 stroke6
movl 0 -8.6765 392.7215 169.2960 155.7720 16.5119 -87.8393 100.0000 stroke6
movl 0 -9.4964 394.1853 168.1600 155.4093 16.0302 -88.0411 100.0000 stroke6
movl 0 -11.4104 395.3736 167.5197 156.9369 15.6379 -88.9136 100.0000 stroke6
movl 0 -14.7615 394.2913 168.2980 159.0143 15.0672 -89.5413 100.0000 stroke6
movl 0 -15.2289 393.9112 168.7013 159.5575 15.3358 -89.3819 100.0000 stroke6
movl 0 -13.6111 394.3322 169.0543 159.7029 15.3191 -89.9728 100.0000 stroke6
movl 0 -10.4404 394.9819 169.5132 159.6343 15.0995 -91.2592 100.0000 stroke6
movl 0 -6.3985 396.1893 169.9438 159.8274 14.6380 -93.4059 100.0000 stroke6
movl 0 -2.2416 398.2047 169.7399 160.6186 13.8490 -96.3039 100.0000 stroke6
movl 0 -0.8635 398.1134 169.7223 160.4825 13.6799 -96.9771 100.0000 stroke6
movl 0 0.1968 396.7053 170.7031 159.5924 14.5611 -97.0248 100.0000 stroke6
movl 0 1.1269 397.8038 170.3625 160.2520 12.8278 -97.5012 100.0000 stroke6
movl 0 1.2724 398.0905 169.8312 159.1777 12.6077 -96.7737 100.0000 stroke6
movl 0 -0.5257 397.7599 169.6421 158.5549 12.7113 -96.0112 100.0000 stroke6
movl 0 -0.6381 392.5945 174.1504 155.0688 15.3674 -93.9699 100.0000 stroke6
movl 0 1.1698 382.9077 205.3825 152.1212 26.7248 -90.3902 100.0000 stroke6
movl 0 6.6351 406.3759 219.5329 152.2232 21.1074 -70.5158 100.0000 stroke7
movl 0 14.4580 405.2364 171.9699 152.5071 20.7088 -70.5540 100.0000 stroke7
movl 0 13.7810 402.7413 171.7520 156.1482 23.0333 -68.1275 100.0000 stroke7
movl 0 12.2114 404.4164 169.3937 157.2346 22.5247 -67.8401 100.0000 stroke7
movl 0 11.6675 405.6336 168.3947 158.0036 21.8970 -68.3139 100.0000 stroke7
movl 0 10.0958 408.5724 167.3099 157.8330 19.3603 -69.6619 100.0000 stroke7
movl 0 8.5996 412.0962 166.3872 157.6281 14.6578 -73.2781 100.0000 stroke7
movl 0 8.7059 414.2962 165.6563 157.0560 11.9057 -76.9078 100.0000 stroke7
movl 0 7.4348 414.8690 166.0263 156.1541 9.2965 -80.4372 100.0000 stroke7
movl 0 7.6555 415.5954 166.9596 155.0494 4.9139 -84.6326 100.0000 stroke7
movl 0 6.6956 416.7876 168.2214 154.4548 -0.3323 -87.8038 100.0000 stroke7
movl 0 5.8568 415.5892 169.0198 154.2992 -1.6945 -90.0390 100.0000 stroke7
movl 0 6.1388 415.1792 169.3033 154.2513 -2.3159 -91.0730 100.0000 stroke7
movl 0 6.3409 414.6392 169.5427 154.2267 -2.4258 -92.3227 100.0000 stroke7
movl 0 6.3197 411.4437 170.9511 154.0798 -1.3943 -95.2125 100.0000 stroke7
movl 0 8.0394 392.4589 187.6998 152.5045 12.2369 -97.9425 100.0000 stroke7
movl 0 -1.1378 377.2623 194.8072 150.8429 18.1719 -93.9392 100.0000 stroke8
movl 0 -7.2342 377.7050 181.0552 153.4859 14.5108 -95.8714 100.0000 stroke8
movl 0 -8.5788 381.8069 175.5295 154.8553 12.1787 -97.8904 100.0000 stroke8
movl 0 -7.2330 383.3958 173.3813 154.7949 11.7263 -98.5836 100.0000 stroke8
movl 0 -8.2092 384.5026 172.0713 154.6841 12.0999 -97.2874 100.0000 stroke8
movl 0 -8.2805 385.8652 171.3153 155.1427 12.1850 -96.7333 100.0000 stroke8
movl 0 -9.4087 386.6964 171.0207 156.5415 11.9825 -96.8877 100.0000 stroke8
movl 0 -10.5265 386.9983 171.0098 157.5003 11.9864 -96.9568 100.0000 stroke8
movl 0 -12.1202 386.2813 171.2740 158.4836 12.3568 -97.0456 100.0000 stroke8
movl 0 -13.4382 386.4324 171.3558 159.1815 12.5216 -97.2111 100.0000 stroke8
movl 0 -13.7299 386.6288 171.3689 159.6811 12.6005 -97.3630 100.0000 stroke8
movl 0 -12.4929 386.9867 171.5538 159.9604 12.6029 -97.9948 100.0000 stroke8
movl 0 -10.5910 387.6072 171.7220 160.4316 12.5123 -99.1829 100.0000 stroke8
movl 0 -9.1800 388.4458 171.7459 161.3721 12.4068 -100.7100 100.0000 stroke8
movl 0 -8.9451 387.9677 171.9217 161.2127 12.5408 -100.7433 100.0000 stroke8
movl 0 -7.7290 385.7286 173.2068 160.3760 13.6585 -100.8812 100.0000 stroke8
movl 0 -7.7655 385.9753 173.0762 160.5749 13.2499 -100.7044 100.0000 stroke8
movl 0 -7.3706 385.9490 173.1928 160.8605 12.3594 -100.7292 100.0000 stroke8
movl 0 -8.0047 385.7881 172.8496 159.8939 12.1366 -99.4025 100.0000 stroke8
movl 0 -5.8626 381.6868 176.0946 156.4701 14.1809 -97.5842 100.0000 stroke8
movl 0 -4.2855 376.3304 194.9103 153.0750 18.2846 -96.6542 100.0000 stroke8
movl 0 4.1887 373.7984 206.7869 150.8538 18.7394 -90.9525 100.0000 stroke9
movl 0 3.4336 373.4486 183.7623 153.5675 18.6154 -90.1948 100.0000 stroke9
movl 0 -0.7975 375.1802 179.0894 155.2572 17.3161 -89.6529 100.0000 stroke9
movl 0 -3.4274 376.8351 176.4563 155.6463 16.3003 -88.9766 100.0000 stroke9
movl 0 -6.1391 378.2189 174.5843 156.2291 15.7715 -87.9634 100.0000 stroke9
movl 0 -7.3424 379.6609 173.4964 156.6654 15.2218 -87.8838 100.0000 stroke9
movl 0 -8.5100 380.4440 172.7123 157.2249 15.2982 -87.0424 100.0000 stroke9
movl 0 -11.5210 380.9837 172.5117 159.1406 14.8460 -87.5384 100.0000 stroke9
movl 0 -14.1691 380.9893 172.6965 160.7925 14.3664 -88.0077 100.0000 stroke9
movl 0 -15.8472 380.7071 172.8151 161.6516 14.2612 -88.3279 100.0000 stroke9
movl 0 -15.4543 380.9735 172.9180 162.2084 14.2553 -89.2261 100.0000 stroke9
movl 0 -11.4205 381.9474 172.9612 162.4746 13.8999 -91.2968 100.0000 stroke9
movl 0 -8.1971 383.4748 172.6470 162.5573 13.4166 -92.8107 100.0000 stroke9
movl 0 -7.8343 380.8718 173.9158 161.8751 14.5552 -92.6329 100.0000 stroke9
movl 0 -7.8081 381.8332 173.5977 162.2616 13.3802 -92.6666 100.0000 stroke9
movl 0 -7.2016 382.1237 173.3585 162.1731 12.7302 -92.8317 100.0000 stroke9
movl 0 -9.0411 381.4014 173.5198 161.9346 12.8431 -92.2180 100.0000 stroke9
movl 0 -10.2066 380.6299 173.6712 161.8361 13.0740 -91.8993 100.0000 stroke9
movl 0 -10.7564 379.4667 174.8035 161.6239 13.5177 -91.6777 100.0000 stroke9
movl 0 -12.0986 375.4840 182.2748 161.0629 15.4222 -91.3281 100.0000 stroke9
movl 0 -19.4307 366.2444 218.5623 160.8751 21.6002 -89.9834 100.0000 stroke9
movl 0 -6.8536 359.2715 213.1362 157.0863 22.7966 -83.5320 100.0000 stroke10
movl 0 -9.5936 361.0142 183.8908 158.2181 20.0366 -83.5862 100.0000 stroke10
movl 0 -13.2509 365.2279 178.6416 159.0812 17.9252 -83.5169 100.0000 stroke10
movl 0 -12.6642 369.0700 175.3357 159.1400 16.5088 -83.9336 100.0000 stroke10
movl 0 -14.2167 370.7617 173.8548 159.1896 15.7815 -84.1282 100.0000 stroke10
movl 0 -15.0797 372.1515 173.4015 159.4001 15.3193 -84.5902 100.0000 stroke10
movl 0 -15.7729 373.2082 173.0310 160.2798 14.5347 -85.4827 100.0000 stroke10
movl 0 -16.0913 373.6059 173.2050 160.9789 13.8324 -86.0835 100.0000 stroke10
movl 0 -16.9158 373.6084 173.2776 161.4868 13.6678 -86.4359 100.0000 stroke10
movl 0 -16.3114 373.8266 173.4331 161.8851 13.5803 -87.3799 100.0000 stroke10
movl 0 -13.4736 374.4030 173.6493 162.1669 13.2723 -88.9966 100.0000 stroke10
movl 0 -10.1890 375.2883 173.8296 162.6618 12.8783 -90.9655 100.0000 stroke10
movl 0 -6.7685 376.2906 173.7989 163.3378 12.3730 -93.2012 100.0000 stroke10
movl 0 -6.0516 374.4594 174.4487 162.6171 13.2910 -93.0513 100.0000 stroke10
movl 0 -5.6581 374.3902 174.6401 162.5622 13.0811 -93.1080 100.0000 stroke10
movl 0 -4.4512 374.8142 174.2729 162.6746 12.0194 -93.3552 100.0000 stroke10
movl 0 -5.4967 374.5256 174.1038 162.1618 12.0722 -92.8454 100.0000 stroke10
movl 0 -6.8069 373.7848 174.3269 161.6762 12.3305 -92.3013 100.0000 stroke10
movl 0 -6.5927 372.4429 175.0797 161.0241 12.8462 -92.2037 100.0000 stroke10
movl 0 -6.7949 368.4959 180.8876 159.6616 14.6117 -91.4951 100.0000 stroke10
movl 0 -15.2092 360.4345 216.1036 157.7090 18.9480 -89.1170 100.0000 stroke10
movl 0 -1.2655 366.4561 227.7000 150.7725 22.1759 -79.5168 100.0000 stroke11
movl 0 -2.1871 360.6309 192.1049 153.7289 19.8111 -81.0561 100.0000 stroke11
movl 0 -3.4453 359.4215 179.7256 155.7229 18.9091 -81.9185 100.0000 stroke11
movl 0 -1.4686 360.6139 175.3820 155.5297 18.2157 -82.5450 100.0000 stroke11
movl 0 -2.9660 362.8701 172.5181 156.1046 17.3447 -82.7204 100.0000 stroke11
movl 0 -2.9482 364.9176 171.2489 156.0682 16.6715 -83.3197 100.0000 stroke11
movl 0 -4.3554 366.5257 170.0372 156.1368 15.7798 -83.5858 100.0000 stroke11
movl 0 -4.9033 369.5189 168.8671 156.1486 12.9946 -84.9123 100.0000 stroke11
movl 0 -2.9642 372.0307 167.8679 155.6107 11.0326 -86.7375 100.0000 stroke11
movl 0 -2.3327 373.9042 167.2539 154.8852 9.6646 -87.5027 100.0000 stroke11
movl 0 -1.4900 374.9154 167.0083 154.2645 8.3319 -88.1879 100.0000 stroke11
movl 0 -1.4760 375.8113 166.9903 153.7969 6.5391 -88.8637 100.0000 stroke11
movl 0 -1.4923 377.0900 166.8169 153.0997 4.1631 -89.4828 100.0000 stroke11
movl 0 -2.4339 378.7603 166.7988 152.3546 0.8020 -90.1638 100.0000 stroke11
movl 0 -4.8802 380.5537 166.1064 152.1923 -2.5589 -89.8342 100.0000 stroke11
movl 0 -8.2117 379.7368 166.2538 152.1867 -3.5166 -88.7984 100.0000 stroke11
movl 0 -8.5971 378.3960 166.7826 152.0662 -2.6167 -88.0806 100.0000 stroke11
movl 0 -8.7064 377.5474 167.0573 151.7629 -1.7371 -87.5807 100.0000 stroke11
movl 0 -9.0051 376.8220 167.5016 151.5089 -1.2193 -87.3555 100.0000 stroke11
movl 0 -8.7175 375.9348 168.0077 151.1724 -0.4942 -87.2890 100.0000 stroke11
movl 0 -3.2123 368.1501 173.9985 148.8634 4.9479 -89.4485 100.0000 stroke11
movl 0 -4.4458 353.7150 196.7628 147.7392 18.5923 -89.9265 100.0000 stroke11
movl 0 -8.6622 358.5386 227.6301 157.8574 28.8563 -73.9094 100.0000 stroke12
movl 0 -10.8728 357.3237 186.3437 156.7493 21.9690 -76.6419 100.0000 stroke12
movl 0 -20.7163 354.3738 178.4708 159.7207 19.5588 -76.4850 100.0000 stroke12
movl 0 -23.8622 357.8082 174.6299 160.3841 18.2150 -76.1575 100.0000 stroke12
movl 0 -25.0038 359.9940 173.1398 159.7460 17.4310 -76.3961 100.0000 stroke12
movl 0 -27.2024 361.9375 171.9391 160.1190 16.7143 -76.8498 100.0000 stroke12
movl 0 -31.2516 362.3795 171.7448 162.9446 15.2659 -77.7584 100.0000 stroke12
movl 0 -32.7000 362.0005 172.5034 164.2850 14.5942 -77.9138 100.0000 stroke12
movl 0 -34.5263 361.7408 172.7325 165.1564 14.8732 -77.3642 100.0000 stroke12
movl 0 -34.3921 362.6536 172.7653 165.4667 14.9808 -77.4178 100.0000 stroke12
movl 0 -32.1489 363.6232 173.0258 165.4300 14.8447 -78.2299 100.0000 stroke12
movl 0 -28.3328 364.8642 173.4880 165.1971 14.6590 -79.5588 100.0000 stroke12
movl 0 -22.5996 366.9129 173.7602 164.7864 14.2999 -81.6112 100.0000 stroke12
movl 0 -13.7887 369.8340 173.8800 164.1021 13.8351 -84.8898 100.0000 stroke12
movl 0 -9.9110 370.4178 174.1159 162.6884 13.6452 -85.5920 100.0000 stroke12
movl 0 -3.8782 371.6585 174.3380 160.1202 13.4456 -86.7614 100.0000 stroke12
movl 0 -1.8312 374.3418 172.8038 159.4358 12.2959 -87.5309 100.0000 stroke12
movl 0 0.9535 377.9903 171.2306 158.6235 9.4189 -89.2418 100.0000 stroke12
movl 0 4.8374 381.0740 169.7139 157.1246 7.6865 -90.1955 100.0000 stroke12
movl 0 5.2305 382.9396 169.6017 155.7426 4.1008 -90.7797 100.0000 stroke12
movl 0 4.3394 381.3809 170.6188 155.7288 3.3602 -91.4664 100.0000 stroke12
movl 0 4.2075 380.7636 170.9781 155.6990 3.7703 -91.4549 100.0000 stroke12
movl 0 4.2138 379.9383 171.4029 155.7522 4.0585 -91.4756 100.0000 stroke12
movl 0 4.0530 379.7659 171.3841 155.8963 3.9475 -91.5180 100.0000 stroke12
movl 0 3.3041 379.7189 171.2508 156.1568 3.8160 -91.5396 100.0000 stroke12
movl 0 2.8641 379.5777 171.3930 156.2634 4.0601 -91.4611 100.0000 stroke12
movl 0 2.8241 379.2687 171.5340 156.3476 4.2180 -91.5567 100.0000 stroke12
movl 0 2.6926 378.9454 171.7453 156.3434 4.4174 -91.5518 100.0000 stroke12
movl 0 2.7037 378.9837 171.7255 156.3729 4.3690 -91.5862 100.0000 stroke12
movl 0 2.5169 379.1855 171.6307 156.4032 4.0338 -91.6625 100.0000 stroke12
movl 0 2.6556 379.2537 171.8522 156.4672 3.4176 -91.7964 100.0000 stroke12
movl 0 2.7133 378.8037 172.0702 156.6222 3.7028 -91.9224 100.0000 stroke12
movl 0 3.0375 378.2297 172.4638 156.4320 3.9916 -91.8687 100.0000 stroke12
movl 0 3.3151 377.9490 172.7126 156.3737 4.1238 -91.8598 100.0000 stroke12
movl 0 3.3434 378.7486 172.4837 156.6132 3.2906 -91.9992 100.0000 stroke12
movl 0 3.5101 379.7423 172.2067 157.1015 2.2836 -92.7053 100.0000 stroke12
movl 0 5.5531 380.9019 171.9660 157.0442 0.9407 -93.7169 100.0000 stroke12
movl 0 7.2105 381.6270 171.6575 156.6362 0.3350 -94.2349 100.0000 stroke12
movl 0 10.3725 383.4370 171.0237 155.8557 -0.8528 -94.9024 100.0000 stroke12
movl 0 13.0862 386.3963 169.6110 155.5205 -3.6192 -96.1972 100.0000 stroke12
movl 0 14.1880 388.7321 168.4217 155.1496 -6.1328 -96.8171 100.0000 stroke12
movl 0 13.8868 390.1727 167.5073 154.9329 -8.0093 -96.9432 100.0000 stroke12
movl 0 12.7496 391.6070 166.3586 154.7740 -9.9011 -96.5945 100.0000 stroke12
movl 0 11.3803 392.0235 165.7283 154.5641 -10.8652 -95.9170 100.0000 stroke12
movl 0 8.6863 391.4859 165.2962 154.4744 -11.1227 -94.8424 100.0000 stroke12
movl 0 5.2197 389.9321 165.4273 154.2534 -10.6358 -93.3499 100.0000 stroke12
movl 0 8.9044 388.1216 167.0226 154.1882 -9.0217 -94.3275 100.0000 stroke12
movl 0 9.9843 387.1640 167.5231 154.0924 -8.8041 -94.2641 100.0000 stroke12
movl 0 9.4917 387.4437 167.2820 154.1660 -9.5856 -93.9956 100.0000 stroke12
movl 0 9.3553 386.7098 167.5573 154.0850 -9.5038 -93.8262 100.0000 stroke12
movl 0 8.5392 385.2121 168.2045 154.3151 -8.4700 -93.8466 100.0000 stroke12
movl 0 10.5394 377.4074 171.9949 153.3977 -3.0138 -94.2096 100.0000 stroke12
movl 0 10.5896 346.4985 180.2926 151.0909 14.1252 -96.2007 100.0000 stroke12
movl 0 -20.3507 301.9327 175.3939 161.4935 27.4883 -91.5702 100.0000 stroke12
movl 0 -33.5507 286.6515 169.4062 166.9993 28.3521 -89.1349 100.0000 stroke12
movl 0 -32.7385 288.4093 168.5455 167.7613 28.6592 -88.9839 100.0000 stroke12
movl 0 -33.5495 289.7037 167.5133 168.4555 28.5369 -88.9704 100.0000 stroke12
movl 0 -34.5500 292.4257 166.3818 168.5526 27.0601 -88.6018 100.0000 stroke12
movl 0 -35.3471 294.0405 165.6596 168.3519 25.8089 -88.1459 100.0000 stroke12
movl 0 -35.7714 294.6485 165.4429 168.1144 25.3692 -87.8618 100.0000 stroke12
movl 0 -35.9151 294.7277 165.3742 167.6672 25.2170 -87.4400 100.0000 stroke12
movl 0 -36.0246 294.6978 165.4277 167.4092 25.2058 -87.2248 100.0000 stroke12
movl 0 -36.2509 294.4954 165.5877 167.1949 25.3784 -87.1168 100.0000 stroke12
movl 0 -36.2805 294.1925 165.8105 166.9389 25.6279 -87.1088 100.0000 stroke12
movl 0 -36.1378 293.9439 166.0871 166.5721 26.0805 -87.3943 100.0000 stroke12
movl 0 -33.0711 291.6015 167.2977 164.9631 28.6842 -88.1811 100.0000 stroke12
movl 0 -29.9885 291.0328 168.1801 164.1597 30.2684 -88.7801 100.0000 stroke12
movl 0 -28.7592 289.9925 168.9738 164.1073 31.0603 -88.9393 100.0000 stroke12
movl 0 -24.3080 291.0026 176.3496 162.9055 31.6411 -89.9756 100.0000 stroke12
movl 0 -13.1528 296.9902 229.5867 160.7947 35.4280 -90.7046 100.0000 stroke12
