movl 0 -11.0022 402.0862 174.3564 -162.8980 -31.8039 130.9418 100.0000 stroke1
movl 0 -15.0390 400.4650 173.5315 -165.7261 -32.2787 133.7722 100.0000 stroke1
movl 0 -17.2148 399.5501 172.8367 -164.2445 -31.1836 129.4173 100.0000 stroke1
movl 0 -16.3389 397.4469 170.0723 -155.8195 -28.2805 113.5069 100.0000 stroke1
movl 0 -19.0442 397.6401 169.9135 -157.7030 -27.4830 115.3896 100.0000 stroke1
movl 0 -23.0042 396.3562 170.6972 -159.8690 -26.3737 115.2856 100.0000 stroke1
movl 0 -24.1636 394.8548 170.1689 -160.6324 -27.3055 115.1781 100.0000 stroke1
movl 0 -24.1861 396.6785 169.0920 -161.9653 -27.5179 118.9179 100.0000 stroke1
movl 0 -24.8619 398.2147 168.6295 -161.2222 -26.4141 118.1286 100.0000 stroke1
movl 0 -25.9583 398.9208 168.0170 -160.6792 -26.0890 117.1389 100.0000 stroke1
movl 0 -26.9122 400.0966 167.1099 -160.1177 -25.4735 115.5565 100.0000 stroke1
movl 0 -29.5752 401.7167 166.7156 -160.7291 -23.5051 114.9658 100.0000 stroke1
movl 0 -31.2046 403.4769 166.7918 -161.1078 -21.4807 114.6236 100.0000 stroke1
movl 0 -31.6033 405.4117 166.3310 -160.7692 -19.7021 113.9020 100.0000 stroke1
movl 0 -31.3634 407.8179 165.7397 -160.2792 -17.7307 112.7013 100.0000 stroke1
movl 0 -29.2162 410.2225 164.9293 -158.9662 -16.2216 109.5870 100.0000 stroke1
movl 0 -29.7255 411.6691 164.7142 -158.1653 -15.1297 108.3739 100.0000 stroke1
movl 0 -31.3907 411.0610 165.4793 -157.8632 -14.2128 106.4960 100.0000 stroke1
movl 0 -33.1927 410.0099 166.2163 -158.1268 -13.7105 105.3413 100.0000 stroke1
movl 0 -34.0817 409.7349 166.5472 -158.1386 -13.2578 104.5545 100.0000 stroke1
movl 0 -34.5473 409.4771 166.6970 -158.0616 -12.9776 104.1179 100.0000 stroke1
movl 0 -35.3034 409.1334 166.9597 -158.1209 -12.6722 103.9818 100.0000 stroke1
movl 0 -35.7736 409.1966 167.0843 -158.2441 -12.4465 104.0214 100.0000 stroke1
movl 0 -34.9451 409.9126 166.8591 -158.1350 -11.8396 102.4357 100.0000 stroke1
movl 0 -35.4000 410.0669 166.8726 -157.8742 -10.9720 101.2644 100.0000 stroke1
movl 0 -36.8421 409.3508 167.4610 -157.8074 -10.3211 100.5910 100.0000 stroke1
movl 0 -37.2003 409.2129 167.6858 -157.6692 -9.7540 99.8640 100.0000 stroke1
movl 0 -37.7178 408.8925 168.0218 -157.5200 -9.1725 99.1995 100.0000 stroke1
movl 0 -38.2207 408.4180 168.4312 -157.4154 -8.7269 98.8225 100.0000 stroke1
movl 0 -38.5878 408.1551 168.6489 -157.2525 -8.1106 98.1008 100.0000 stroke1
movl 0 -39.0165 407.7313 168.9216 -157.0716 -7.7286 97.8617 100.0000 stroke1
movl 0 -39.5105 407.4819 169.2327 -156.9328 -7.3150 97.6404 100.0000 stroke1
movl 0 -40.2422 407.0336 169.4922 -156.9151 -6.9499 97.4335 100.0000 stroke1
movl 0 -40.8147 406.7395 169.6437 -156.8379 -6.5404 97.1651 100.0000 stroke1
movl 0 -41.2898 406.4459 169.7846 -156.7899 -6.1149 96.9004 100.0000 stroke1
movl 0 -41.8670 406.2328 169.9329 -156.7807 -5.7323 96.7486 100.0000 stroke1
movl 0 -42.6721 405.8959 170.0577 -156.8012 -5.3868 96.5780 100.0000 stroke1
movl 0 -43.4204 405.6586 170.1036 -156.8140 -5.1001 96.6040 100.0000 stroke1
movl 0 -44.1666 405.1502 170.2947 -156.7538 -4.8480 96.6924 100.0000 stroke1
movl 0 -45.2832 404.7711 170.3596 -156.8779 -4.6237 96.8283 100.0000 stroke1
movl 0 -45.9843 404.2948 170.6298 -156.8456 -4.4444 96.8753 100.0000 stroke1
movl 0 -46.8118 403.9443 170.7594 -156.9186 -4.3043 97.0810 100.0000 stroke1
movl 0 -47.8462 403.2073 171.0256 -157.0536 -4.3496 97.3192 100.0000 stroke1
movl 0 -48.4320 402.8718 171.1905 -157.0511 -4.3005 97.5317 100.0000 stroke1
movl 0 -48.9752 402.6080 171.2925 -157.0401 -4.2294 97.7473 100.0000 stroke1
movl 0 -49.8308 402.2111 171.4866 -157.0484 -4.1753 98.0196 100.0000 stroke1
movl 0 -50.8827 401.6956 171.6386 -157.0698 -4.1374 98.4542 100.0000 stroke1
movl 0 -52.1628 401.1918 171.7522 -157.1019 -4.1581 99.0637 100.0000 stroke1
movl 0 -52.9096 400.6638 171.7897 -157.0863 -4.2306 99.3998 100.0000 stroke1
movl 0 -53.5600 400.2763 171.9948 -157.0868 -4.2830 99.7066 100.0000 stroke1
movl 0 -54.4773 399.8227 172.1314 -157.0091 -4.3416 100.0629 100.0000 stroke1
movl 0 -54.7614 399.2968 172.5166 -156.9063 -4.5064 100.2413 100.0000 stroke1
movl 0 -55.4883 398.7897 172.8352 -156.8325 -4.6281 100.4989 100.0000 stroke1
movl 0 -55.8287 398.5963 172.9384 -156.7689 -4.7079 100.6588 100.0000 stroke1
movl 0 -56.4172 398.2630 173.1538 -156.7349 -4.8604 100.8460 100.0000 stroke1
movl 0 -57.2807 397.9592 173.3644 -156.6212 -5.0029 101.1369 100.0000 stroke1
movl 0 -57.6121 397.7518 173.5048 -156.3362 -5.3172 101.3786 100.0000 stroke1
movl 0 -57.7300 397.1220 173.9477 -155.8648 -5.7609 101.5775 100.0000 stroke1
movl 0 -53.7087 397.2368 174.8201 -153.2804 -7.0255 101.0963 100.0000 stroke1
movl 0 -47.7740 397.9184 176.6701 -150.2916 -8.7088 99.4575 100.0000 stroke1
movl 0 -45.4851 394.0194 186.6823 -147.6579 -14.9859 98.4068 100.0000 stroke1
movl 0 -53.0576 387.8787 235.1721 -148.5653 -28.1944 104.1456 100.0000 stroke1
movl 0 -23.3059 398.1702 227.6653 -157.0701 -41.1151 116.1260 100.0000 stroke2
movl 0 -21.9089 377.6073 176.6018 -156.8323 -37.3721 113.8139 100.0000 stroke2
movl 0 -29.3251 368.8343 167.6753 -158.2010 -28.7370 111.0805 100.0000 stroke2
movl 0 -33.9811 369.6664 170.1471 -158.5530 -22.9742 108.6762 100.0000 stroke2
movl 0 -32.6824 370.7870 169.6453 -159.6305 -22.5307 110.2510 100.0000 stroke2
movl 0 -32.1089 372.9184 168.4830 -159.8923 -23.3806 111.2668 100.0000 stroke2
movl 0 -34.7017 375.6043 167.1342 -159.9857 -22.2645 111.1024 100.0000 stroke2
movl 0 -36.9457 378.1417 166.6133 -159.5090 -19.0852 108.8243 100.0000 stroke2
movl 0 -37.9113 380.0721 166.8426 -159.2973 -16.6454 106.6925 100.0000 stroke2
movl 0 -37.7128 381.6576 167.0316 -158.8069 -14.5696 104.2537 100.0000 stroke2
movl 0 -38.9605 381.6464 168.0050 -158.1012 -12.7479 101.6790 100.0000 stroke2
movl 0 -39.2902 381.8216 168.2676 -157.6756 -11.3607 99.3458 100.0000 stroke2
movl 0 -39.8530 381.8619 168.5124 -157.3868 -10.0174 97.4593 100.0000 stroke2
movl 0 -40.3059 381.9830 168.6999 -157.1556 -8.6038 95.7460 100.0000 stroke2
movl 0 -40.9868 381.9145 169.1881 -157.0863 -6.9547 93.6127 100.0000 stroke2
movl 0 -41.4392 382.1411 169.4129 -156.8282 -5.1975 91.5569 100.0000 stroke2
movl 0 -42.0092 382.3341 169.6872 -156.7722 -3.6054 89.7997 100.0000 stroke2
movl 0 -42.7043 382.5667 169.8521 -156.9162 -2.1879 88.3304 100.0000 stroke2
movl 0 -43.4312 382.7201 170.1051 -157.1416 -0.7929 86.8455 100.0000 stroke2
movl 0 -44.0383 382.7732 170.2991 -157.3693 0.3226 85.8080 100.0000 stroke2
movl 0 -44.6875 382.7703 170.5577 -157.5805 1.3557 84.9721 100.0000 stroke2
movl 0 -45.2971 383.0765 170.6734 -157.8518 2.6193 83.9314 100.0000 stroke2
movl 0 -46.1720 383.1594 170.6345 -158.1277 3.4961 83.4299 100.0000 stroke2
movl 0 -47.0040 383.3536 170.6566 -158.5374 4.4668 82.7220 100.0000 stroke2
movl 0 -47.5332 383.3657 170.7521 -158.8413 5.2545 82.1312 100.0000 stroke2
movl 0 -48.2948 383.4728 170.7806 -159.1563 6.0277 81.8021 100.0000 stroke2
movl 0 -48.9677 383.3989 170.8962 -159.4657 6.6810 81.3747 100.0000 stroke2
movl 0 -49.7899 383.1343 170.9908 -159.6943 7.1987 81.2818 100.0000 stroke2
movl 0 -50.6530 383.0622 170.9990 -159.9913 7.7936 81.1963 100.0000 stroke2
movl 0 -51.6362 382.7875 171.1131 -160.2708 8.3171 81.2384 100.0000 stroke2
movl 0 -53.0272 382.2272 171.1680 -160.3989 8.5536 81.9338 100.0000 stroke2
movl 0 -54.2308 381.2875 171.3638 -160.3515 8.4082 82.4628 100.0000 stroke2
movl 0 -51.7671 381.0734 172.0326 -159.9993 7.7704 81.6510 100.0000 stroke2
movl 0 -50.9188 380.5835 172.4978 -159.9315 7.6263 81.2038 100.0000 stroke2
movl 0 -50.6557 380.5250 172.7251 -160.0114 7.8953 81.0104 100.0000 stroke2
movl 0 -51.1008 380.0466 172.9914 -160.3006 8.2140 81.0810 100.0000 stroke2
movl 0 -51.0090 379.7542 173.2506 -160.2068 8.1711 80.8662 100.0000 stroke2
movl 0 -50.7972 379.7428 173.2056 -160.1315 8.0224 80.6124 100.0000 stroke2
movl 0 -45.8781 376.4743 177.0885 -157.9758 4.0732 79.3851 100.0000 stroke2
movl 0 -33.6663 370.2592 198.2751 -151.7399 -8.9553 80.5295 100.0000 stroke2
movl 0 -18.0419 395.3761 187.2903 -147.9151 -14.7408 86.9462 100.0000 stroke3
movl 0 -18.3667 385.3619 175.8458 -150.6500 -13.8171 83.6991 100.0000 stroke3
movl 0 -20.4267 386.5755 172.1559 -152.1156 -12.6595 84.3471 100.0000 stroke3
movl 0 -21.9439 387.6790 170.2524 -153.1592 -13.3417 86.0950 100.0000 stroke3
movl 0 -23.4955 388.8842 169.4529 -153.7983 -13.6281 87.4912 100.0000 stroke3
movl 0 -27.4545 392.9711 168.5541 -155.2908 -10.6125 87.0601 100.0000 stroke3
movl 0 -29.3600 395.1666 168.7620 -156.2400 -7.5516 84.0986 100.0000 stroke3
movl 0 -29.9080 396.8741 168.8263 -156.5509 -5.6296 81.6009 100.0000 stroke3
movl 0 -30.3991 397.3997 169.4745 -156.6524 -3.3520 78.5126 100.0000 stroke3
movl 0 -31.0657 397.7127 170.5384 -157.0592 -0.7165 75.3023 100.0000 stroke3
movl 0 -31.1839 399.0504 170.9046 -157.6207 2.3365 72.2583 100.0000 stroke3
movl 0 -31.7086 400.2032 171.1481 -158.5202 5.2589 69.1489 100.0000 stroke3
movl 0 -32.1699 401.7625 171.3609 -159.7957 7.9064 66.4931 100.0000 stroke3
movl 0 -32.8250 403.3105 171.3652 -161.2560 10.2568 64.3164 100.0000 stroke3
movl 0 -33.7199 404.5555 171.3393 -162.6352 12.0147 63.0812 100.0000 stroke3
movl 0 -34.6663 405.7914 171.3103 -164.0764 13.7778 62.0417 100.0000 stroke3
movl 0 -35.7392 406.8922 171.3103 -165.4222 15.3553 61.6884 100.0000 stroke3
movl 0 -35.8400 406.0396 171.7603 -165.4478 15.5665 61.7406 100.0000 stroke3
movl 0 -33.4030 404.7738 172.3663 -164.0373 14.8830 62.5985 100.0000 stroke3
movl 0 -35.1844 404.1984 172.2810 -164.4318 15.0664 63.1412 100.0000 stroke3
movl 0 -34.8414 404.0084 172.2893 -164.1359 14.6428 63.6169 100.0000 stroke3
movl 0 -34.2245 402.0983 173.2315 -163.0989 12.9107 64.6102 100.0000 stroke3
movl 0 -33.5593 399.1379 174.8114 -161.3791 10.2688 66.6934 100.0000 stroke3
movl 0 -30.0170 390.2171 201.6462 -153.8961 -1.1477 71.2372 100.0000 stroke3
movl 0 -26.2523 398.6259 234.3499 -155.7616 -20.7929 94.6595 100.0000 stroke4
movl 0 -19.0349 392.8173 184.0576 -155.1559 -17.5939 94.4364 100.0000 stroke4
movl 0 -25.9353 388.1600 178.2926 -157.9114 -18.5679 97.3424 100.0000 stroke4
movl 0 -29.5216 388.2388 174.5902 -160.1942 -18.9716 100.3683 100.0000 stroke4
movl 0 -31.1013 389.1208 173.6573 -162.0850 -19.3003 103.4035 100.0000 stroke4
movl 0 -30.7466 389.7412 173.4660 -162.2642 -19.2821 104.4756 100.0000 stroke4
movl 0 -34.8969 389.6332 173.2895 -164.0797 -18.7496 105.2761 100.0000 stroke4
movl 0 -36.1260 390.4725 173.3275 -165.3854 -17.8446 104.8062 100.0000 stroke4
movl 0 -38.1319 389.9857 173.4522 -166.3591 -17.7786 104.9031 100.0000 stroke4
movl 0 -37.2390 390.5651 173.4297 -166.5850 -17.6096 104.2179 100.0000 stroke4
movl 0 -34.7999 391.4422 173.4625 -166.3658 -17.4224 103.1406 100.0000 stroke4
movl 0 -32.5714 392.0591 173.6491 -166.1440 -17.1432 101.7838 100.0000 stroke4
movl 0 -29.8219 393.5439 173.5810 -165.9842 -16.6496 99.9690 100.0000 stroke4
movl 0 -26.6672 395.1524 173.4443 -165.6671 -16.1768 98.2875 100.0000 stroke4
movl 0 -24.8666 394.3554 173.8037 -164.8586 -16.5423 97.1971 100.0000 stroke4
movl 0 -23.5164 396.7472 173.1504 -164.0393 -15.0951 95.8595 100.0000 stroke4
movl 0 -19.3982 401.7090 172.2596 -162.5932 -11.5358 93.2550 100.0000 stroke4
movl 0 -15.3907 406.2039 170.5881 -160.3117 -8.5461 91.7078 100.0000 stroke4
movl 0 -16.7185 407.0189 170.5458 -159.9021 -6.8938 90.4673 100.0000 stroke4
movl 0 -16.8759 407.6024 170.9247 -159.8008 -5.2860 88.7162 100.0000 stroke4
movl 0 -17.5132 407.7527 171.6742 -159.6764 -3.9948 87.5461 100.0000 stroke4
movl 0 -17.8755 408.0913 172.0579 -159.6693 -2.5223 86.2000 100.0000 stroke4
movl 0 -18.2028 408.9010 172.3390 -159.8109 -0.7812 84.4847 100.0000 stroke4
movl 0 -18.6467 409.4482 172.6184 -159.9910 0.8340 82.8766 100.0000 stroke4
movl 0 -18.9459 410.9565 172.6926 -160.3543 3.2054 81.0114 100.0000 stroke4
movl 0 -19.7124 412.4811 172.7361 -161.0177 5.6132 79.0798 100.0000 stroke4
movl 0 -20.5256 413.8782 172.7180 -161.8347 7.7693 77.2765 100.0000 stroke4
movl 0 -21.4151 415.3414 172.5259 -162.7352 9.7220 75.5671 100.0000 stroke4
movl 0 -22.3825 416.4787 172.4474 -163.7705 11.4640 73.7113 100.0000 stroke4
movl 0 -23.4356 417.3024 172.4107 -164.8371 12.8535 72.1020 100.0000 stroke4
movl 0 -24.4030 418.0210 172.4263 -165.8861 14.0760 70.4021 100.0000 stroke4
movl 0 -25.0005 418.6371 172.3484 -166.7566 15.1549 69.0524 100.0000 stroke4
movl 0 -25.9199 419.3644 172.1790 -167.6919 16.1469 67.9721 100.0000 stroke4
movl 0 -26.5694 419.9616 172.0054 -168.3385 16.8458 67.3189 100.0000 stroke4
movl 0 -27.1230 420.2749 171.9721 -168.8709 17.4459 66.7435 100.0000 stroke4
movl 0 -27.7104 420.2059 172.0322 -169.2178 17.7331 66.4020 100.0000 stroke4
movl 0 -27.9634 419.7511 172.2925 -169.2456 17.8219 66.4330 100.0000 stroke4
movl 0 -26.5756 418.7264 173.0132 -168.4871 17.1500 66.7347 100.0000 stroke4
movl 0 -26.5015 418.7299 172.9490 -168.4230 17.3162 67.0189 100.0000 stroke4
movl 0 -27.5124 418.5120 172.9019 -168.6327 17.5078 67.3365 100.0000 stroke4
movl 0 -24.4935 417.0400 173.9615 -167.4106 16.4084 67.1620 100.0000 stroke4
movl 0 -24.3022 416.9897 173.9793 -167.5158 16.6930 67.0354 100.0000 stroke4
movl 0 -24.9416 416.8851 173.9243 -167.6735 16.7942 67.1061 100.0000 stroke4
movl 0 -24.7926 416.7441 173.9213 -167.7008 16.6237 67.0139 100.0000 stroke4
movl 0 -23.9484 414.6174 175.5659 -166.7056 15.1628 67.0276 100.0000 stroke4
movl 0 -12.6017 399.9167 187.4524 -157.8937 7.0166 65.5602 100.0000 stroke4
movl 0 -6.7377 383.7213 225.3205 -148.8772 -4.4574 66.8898 100.0000 stroke4
movl 0 -19.9791 377.3066 242.9579 -148.1456 -19.7782 79.5531 100.0000 stroke5
movl 0 -19.8955 383.7124 192.9321 -150.6295 -12.4578 80.2044 100.0000 stroke5
movl 0 -19.6629 388.3789 180.1269 -152.8855 -8.0124 79.4264 100.0000 stroke5
movl 0 -22.6883 390.5443 177.5431 -154.4591 -6.2407 80.1068 100.0000 stroke5
movl 0 -26.3248 390.6336 176.8037 -155.8814 -6.1979 81.3938 100.0000 stroke5
movl 0 -27.9136 390.4709 176.4105 -156.4574 -6.5774 82.1297 100.0000 stroke5
movl 0 -29.5922 391.6053 175.4154 -156.4989 -6.5425 82.8511 100.0000 stroke5
movl 0 -32.9490 393.5424 174.9083 -158.1388 -5.7283 82.6238 100.0000 stroke5
movl 0 -35.5141 393.1068 175.2706 -159.6534 -5.7949 82.2577 100.0000 stroke5
movl 0 -35.7720 393.2345 175.3386 -160.0355 -5.8314 81.8681 100.0000 stroke5
movl 0 -33.5098 393.8546 175.4360 -160.0325 -5.6267 80.7496 100.0000 stroke5
movl 0 -32.0514 393.9210 175.6435 -160.1775 -5.4596 79.7452 100.0000 stroke5
movl 0 -29.5857 394.7006 175.7524 -160.3728 -5.1384 77.8814 100.0000 stroke5
movl 0 -28.8150 393.5539 176.2623 -159.9978 -5.5198 77.5760 100.0000 stroke5
movl 0 -28.9820 393.4789 176.4125 -160.1039 -5.4520 77.3170 100.0000 stroke5
movl 0 -29.1429 394.1351 176.3678 -160.5589 -4.7184 77.0827 100.0000 stroke5
movl 0 -29.1688 392.3069 176.5844 -158.0188 -4.8294 79.9864 100.0000 stroke5
movl 0 -24.3052 383.8642 186.0007 -151.1571 -7.6157 78.5664 100.0000 stroke5
movl 0 -29.9194 363.0627 248.0647 -144.7559 -15.0936 79.4240 100.0000 stroke5
movl 0 -17.3754 389.5630 190.1052 -148.6071 -2.1004 81.2417 100.0000 stroke6
movl 0 -11.8323 385.6983 179.9748 -150.4257 -2.8847 78.1003 100.0000 stroke6
movl 0 -18.9762 387.4214 175.8065 -153.1718 -1.8992 77.8301 100.0000 stroke6
movl 0 -23.1588 387.6707 175.3513 -154.7048 -1.7900 77.5116 100.0000 stroke6
movl 0 -23.8099 388.6372 174.5861 -154.6101 -1.2599 77.4734 100.0000 stroke6
movl 0 -27.2452 390.5662 173.9687 -156.2059 -0.3747 76.9590 100.0000 stroke6
movl 0 -34.1516 388.6369 175.2138 -159.0459 -1.1739 75.7495 100.0000 stroke6
movl 0 -36.2359 388.0943 175.4831 -160.0131 -1.6446 75.0373 100.0000 stroke6
movl 0 -35.1253 388.4627 175.7439 -160.5075 -1.6333 73.6946 100.0000 stroke6
movl 0 -31.9716 388.9303 175.9994 -160.7367 -1.4058 71.6544 100.0000 stroke6
movl 0 -29.1589 389.8056 175.9377 -161.0044 -1.0619 69.8104 100.0000 stroke6
movl 0 -28.6399 387.0238 176.8536 -159.7474 -1.9674 70.5144 100.0000 stroke6
movl 0 -28.5743 388.1212 176.5680 -160.4005 -1.1606 70.4610 100.0000 stroke6
movl 0 -29.0321 388.0155 176.5439 -160.2672 -0.8045 70.9132 100.0000 stroke6
movl 0 -29.8659 385.7536 176.9554 -158.6531 -0.9939 72.2208 100.0000 stroke6
movl 0 -29.8593 381.3794 182.8934 -155.1619 -1.8502 72.5628 100.0000 stroke6
movl 0 -37.7751 367.8546 236.9982 -149.2312 -5.6645 73.6369 100.0000 stroke6
movl 0 -28.6156 364.8973 216.2412 -150.6305 -4.4780 77.7742 100.0000 stroke7
movl 0 -23.7814 363.2264 182.5113 -153.0761 -3.0281 76.5389 100.0000 stroke7
movl 0 -26.9320 362.3230 177.7679 -154.1860 -3.1868 76.9009 100.0000 stroke7
movl 0 -30.3351 364.3894 176.0010 -154.7587 -2.9154 77.2228 100.0000 stroke7
movl 0 -31.7839 366.4083 174.9937 -154.7865 -2.1037 76.6055 100.0000 stroke7
movl 0 -36.3445 367.1352 174.6469 -156.7788 -1.8388 75.3822 100.0000 stroke7
movl 0 -39.2877 367.5156 175.0991 -158.8186 -1.3722 74.6280 100.0000 stroke7
movl 0 -41.9036 366.9417 175.3317 -159.8202 -2.1045 74.3152 100.0000 stroke7
movl 0 -40.2719 367.5696 175.3922 -160.0252 -2.1830 73.3773 100.0000 stroke7
movl 0 -38.3581 367.9614 175.7558 -160.3230 -2.1906 72.1737 100.0000 stroke7
movl 0 -34.8122 369.0091 175.8943 -160.4178 -1.8598 70.5595 100.0000 stroke7
movl 0 -30.7719 370.4631 175.6801 -160.7486 -1.5429 68.0765 100.0000 stroke7
movl 0 -29.6659 370.6592 175.8187 -160.6170 -1.3873 67.5571 100.0000 stroke7
movl 0 -29.2191 370.0086 176.1263 -160.4052 -1.6005 67.7554 100.0000 stroke7
movl 0 -29.0976 370.1027 176.0920 -160.8247 -1.1984 67.6371 100.0000 stroke7
movl 0 -30.8615 366.8893 177.0102 -158.9846 -1.5033 70.1979 100.0000 stroke7
movl 0 -29.0252 362.6346 184.9232 -154.2546 -2.6723 71.7728 100.0000 stroke7
movl 0 -9.4758 389.9671 214.8026 -147.3652 1.3517 78.0487 100.0000 stroke8
movl 0 -8.4347 378.8190 177.8050 -150.2791 1.4496 76.8779 100.0000 stroke8
movl 0 -9.2236 375.5042 176.4755 -151.7716 0.1104 75.8155 100.0000 stroke8
movl 0 -12.6295 376.7402 174.8984 -153.4223 0.8562 75.3275 100.0000 stroke8
movl 0 -15.3281 377.5786 174.1575 -154.0950 1.2969 75.7081 100.0000 stroke8
movl 0 -16.6730 378.7060 173.5048 -154.4922 1.9109 75.7294 100.0000 stroke8
movl 0 -21.9265 383.2974 172.0938 -157.5236 4.6291 75.1772 100.0000 stroke8
movl 0 -21.8887 385.4771 171.3689 -158.4306 6.0784 73.8265 100.0000 stroke8
movl 0 -22.0036 386.0588 171.1201 -158.5208 6.6277 73.7392 100.0000 stroke8
movl 0 -22.6092 386.5552 170.8729 -158.7246 7.8820 74.1856 100.0000 stroke8
movl 0 -24.5380 387.0508 170.3524 -159.0387 9.5098 75.6426 100.0000 stroke8
movl 0 -28.5808 385.2244 170.1348 -159.0570 10.0267 78.1860 100.0000 stroke8
movl 0 -31.1991 383.0959 170.4054 -158.7935 9.2186 80.0314 100.0000 stroke8
movl 0 -30.2919 381.7943 170.7035 -158.1140 7.5168 82.0712 100.0000 stroke8
movl 0 -29.5003 380.4487 171.0780 -157.3367 6.1446 83.6507 100.0000 stroke8
movl 0 -29.0299 379.7055 171.3495 -156.8708 5.4235 84.3488 100.0000 stroke8
movl 0 -27.8208 378.8068 171.6816 -156.2245 4.7091 84.8438 100.0000 stroke8
movl 0 -27.1121 378.2930 171.9523 -155.9268 4.3628 84.7320 100.0000 stroke8
movl 0 -26.3987 378.1180 172.0309 -155.4979 4.0382 84.7734 100.0000 stroke8
movl 0 -26.0528 378.0998 172.0693 -155.2397 3.9666 84.7561 100.0000 stroke8
movl 0 -25.6732 378.1130 172.1503 -155.0193 3.8882 84.6245 100.0000 stroke8
movl 0 -22.4866 376.2000 173.2641 -153.4826 2.5283 83.9356 100.0000 stroke8
movl 0 -13.5697 370.8781 179.7558 -146.5702 -5.1111 83.7883 100.0000 stroke8
movl 0 -13.4434 365.2777 236.5175 -141.5494 -20.4090 85.3362 100.0000 stroke8
movl 0 12.8638 396.4402 207.4542 -142.8380 6.6894 78.3780 100.0000 stroke9
movl 0 13.6509 388.2926 172.4535 -149.0440 14.3812 71.3185 100.0000 stroke9
movl 0 7.3279 384.4925 172.2538 -152.1980 13.0951 67.7458 100.0000 stroke9
movl 0 6.8766 388.6131 169.1930 -152.5187 14.6315 66.6331 100.0000 stroke9
movl 0 5.3075 390.0746 168.2019 -153.6371 15.2605 65.3695 100.0000 stroke9
movl 0 0.9893 391.8186 168.0400 -156.5926 15.6669 63.3018 100.0000 stroke9
movl 0 -3.4564 395.6841 167.9204 -161.5787 17.0779 59.5273 100.0000 stroke9
movl 0 -2.0489 399.4323 166.6879 -163.8700 18.7919 56.2623 100.0000 stroke9
movl 0 -1.2179 401.1311 166.1230 -164.9455 19.6473 54.9337 100.0000 stroke9
movl 0 -2.2471 397.9264 167.7029 -164.7970 18.8358 55.8439 100.0000 stroke9
movl 0 -0.6669 397.3929 167.7481 -164.3445 18.8903 56.1572 100.0000 stroke9
movl 0 -1.7508 396.3767 167.9139 -164.5855 18.7713 56.8349 100.0000 stroke9
movl 0 -2.4522 395.3268 168.5545 -164.0460 18.0292 57.5069 100.0000 stroke9
movl 0 -2.1233 394.4895 168.8833 -163.4046 17.6959 58.2333 100.0000 stroke9
movl 0 3.9674 384.6113 175.6773 -155.2820 12.0929 63.2060 100.0000 stroke9
movl 0 7.5577 384.3190 218.7897 -147.8039 1.2224 69.6164 100.0000 stroke9
movl 0 -4.1811 388.2138 200.1248 -155.6532 -16.9374 94.7291 100.0000 stroke10
movl 0 3.3895 388.6969 176.1259 -155.1557 -15.0261 92.7958 100.0000 stroke10
movl 0 7.8989 388.5953 173.1466 -155.9270 -14.4400 90.7748 100.0000 stroke10
movl 0 9.5372 389.7362 172.2598 -155.3611 -14.0596 91.1291 100.0000 stroke10
movl 0 8.1691 391.4908 171.5450 -155.8751 -13.8766 91.6669 100.0000 stroke10
movl 0 5.2094 395.3671 170.3541 -156.9648 -11.9796 92.4290 100.0000 stroke10
movl 0 1.5053 398.4566 170.3933 -158.5177 -8.7919 91.3834 100.0000 stroke10
movl 0 1.2109 400.4434 170.4951 -159.0802 -6.8535 89.9099 100.0000 stroke10
movl 0 0.9362 401.5420 170.5131 -159.1491 -5.7111 89.0931 100.0000 stroke10
movl 0 0.6335 403.6466 170.9578 -159.1284 -2.5801 87.3811 100.0000 stroke10
movl 0 0.1978 406.2774 170.8678 -159.4496 0.9617 85.3713 100.0000 stroke10
movl 0 0.1035 408.5113 170.3636 -159.4550 3.8175 84.6074 100.0000 stroke10
movl 0 -0.9429 408.7251 170.3929 -159.5367 5.2082 84.8321 100.0000 stroke10
movl 0 1.1266 405.3735 171.8349 -158.9021 2.7699 84.3482 100.0000 stroke10
movl 0 1.1205 405.2235 171.7227 -159.1415 3.3916 84.5216 100.0000 stroke10
movl 0 0.7407 404.0095 172.2631 -159.1031 2.3598 84.1806 100.0000 stroke10
movl 0 1.4545 402.8994 172.6607 -158.6858 1.0084 83.9468 100.0000 stroke10
movl 0 2.1435 402.2225 173.1238 -158.2334 0.1373 83.6088 100.0000 stroke10
movl 0 1.6903 394.1486 178.0037 -157.6357 -4.9432 82.7396 100.0000 stroke10
movl 0 1.8937 380.7570 226.3040 -152.5633 -18.0327 83.7561 100.0000 stroke10
movl 0 13.7194 380.8991 249.6139 -153.7797 -29.2513 91.2423 100.0000 stroke11
movl 0 28.3602 380.5350 183.1223 -151.3345 -23.2369 89.6459 100.0000 stroke11
movl 0 24.6523 381.8388 171.5939 -153.0746 -23.6743 90.9892 100.0000 stroke11
movl 0 17.7978 384.9787 167.7574 -155.9961 -24.4073 93.4993 100.0000 stroke11
movl 0 14.9585 386.3840 166.3768 -157.8341 -25.0033 95.5519 100.0000 stroke11
movl 0 12.6542 388.5565 165.4819 -159.2432 -24.6696 97.0072 100.0000 stroke11
movl 0 10.3570 393.8496 164.8638 -160.1796 -21.1800 96.8136 100.0000 stroke11
movl 0 10.8049 396.4738 165.0964 -160.0334 -18.6036 95.0934 100.0000 stroke11
movl 0 11.9856 398.3123 165.1948 -159.3630 -16.1237 91.7440 100.0000 stroke11
movl 0 8.6046 399.2896 165.8189 -158.8378 -12.7930 87.6243 100.0000 stroke11
movl 0 7.2755 398.8098 166.4608 -158.4389 -11.1713 85.0748 100.0000 stroke11
movl 0 6.1684 398.4679 166.8688 -158.3657 -10.1132 83.6363 100.0000 stroke11
movl 0 6.1637 398.6243 167.2823 -158.2023 -8.7408 82.2453 100.0000 stroke11
movl 0 6.0764 398.8993 167.7430 -158.0477 -7.1483 80.7261 100.0000 stroke11
movl 0 5.8228 399.5451 168.3676 -158.0993 -4.8389 78.7343 100.0000 stroke11
movl 0 5.8809 400.0971 168.9325 -158.1723 -2.5129 76.5508 100.0000 stroke11
movl 0 6.1684 400.5228 169.5390 -158.3242 -0.4857 74.6020 100.0000 stroke11
movl 0 6.3200 401.0157 169.9613 -158.6055 1.5227 72.6696 100.0000 stroke11
movl 0 6.3132 401.6541 170.6653 -159.2270 3.6476 70.5234 100.0000 stroke11
movl 0 6.1497 402.7514 171.2965 -160.0897 6.1766 67.9230 100.0000 stroke11
movl 0 6.1618 403.4139 171.6045 -160.8777 8.2488 65.6522 100.0000 stroke11
movl 0 6.1271 404.3344 171.7014 -161.9366 10.2743 63.3461 100.0000 stroke11
movl 0 5.6508 405.1228 171.7667 -163.1212 11.9610 61.4559 100.0000 stroke11
movl 0 4.8857 405.9699 171.7848 -164.6549 13.6741 59.4243 100.0000 stroke11
movl 0 3.9258 407.4533 171.6534 -166.7713 15.7516 56.8041 100.0000 stroke11
movl 0 2.9171 409.1977 171.4390 -169.3899 17.9205 53.6786 100.0000 stroke11
movl 0 1.1909 410.4222 171.0264 -171.7979 19.3996 51.4940 100.0000 stroke11
movl 0 -1.3214 411.6360 170.5823 -174.5918 20.4642 49.2093 100.0000 stroke11
movl 0 -2.9525 412.3698 170.3054 -176.2310 21.1872 48.0671 100.0000 stroke11
movl 0 -4.2007 412.3243 170.0029 -177.4217 21.7171 47.3276 100.0000 stroke11
movl 0 -5.1708 412.1564 169.8672 -178.1202 21.9559 46.6838 100.0000 stroke11
movl 0 -5.9660 411.9059 169.5978 -178.5955 22.2485 46.7200 100.0000 stroke11
movl 0 -6.8635 410.9438 169.6642 -178.7450 22.4120 47.1876 100.0000 stroke11
movl 0 -7.1407 408.7653 170.3356 -177.6560 22.1643 48.9638 100.0000 stroke11
movl 0 -0.5899 404.5820 173.0268 -173.0771 20.5537 52.0321 100.0000 stroke11
movl 0 -1.2484 404.4342 172.4356 -173.1324 20.9312 53.3633 100.0000 stroke11
movl 0 1.4590 400.0490 174.4827 -169.7421 18.5342 55.3986 100.0000 stroke11
movl 0 8.3543 393.0933 177.1781 -164.4043 14.9595 58.1780 100.0000 stroke11
movl 0 10.5526 390.5961 177.9973 -162.6349 13.9566 58.5478 100.0000 stroke11
movl 0 11.2928 388.9266 178.1852 -162.0416 13.2570 58.5176 100.0000 stroke11
movl 0 8.2795 390.3073 176.6309 -164.1474 14.4200 56.8356 100.0000 stroke11
movl 0 5.8221 392.6234 174.8408 -166.0572 16.2225 56.4103 100.0000 stroke11
movl 0 4.8270 393.8400 173.9531 -166.7302 17.0918 56.7866 100.0000 stroke11
movl 0 4.9025 395.4941 172.3195 -166.4038 18.0019 58.5288 100.0000 stroke11
movl 0 3.9324 396.2467 171.1028 -165.6102 18.1951 61.1764 100.0000 stroke11
movl 0 4.0825 396.3668 170.6277 -164.4949 18.0078 63.6114 100.0000 stroke11
movl 0 4.9625 396.0919 170.6166 -162.8752 17.4025 66.3040 100.0000 stroke11
movl 0 5.3948 395.7174 170.8135 -161.7916 16.9573 67.8041 100.0000 stroke11
movl 0 5.4304 395.3896 171.1824 -161.2901 16.6601 68.1245 100.0000 stroke11
movl 0 7.5976 394.5607 171.9714 -160.2471 16.2557 68.0845 100.0000 stroke11
movl 0 10.7056 392.6459 173.2379 -158.5269 15.2735 68.3651 100.0000 stroke11
movl 0 16.9206 386.9456 176.8262 -154.9188 12.7951 68.8295 100.0000 stroke11
movl 0 16.5090 386.3003 177.3984 -154.7246 12.2865 69.2544 100.0000 stroke11
movl 0 18.1334 385.5489 178.3347 -154.1466 11.9385 69.0025 100.0000 stroke11
movl 0 23.9403 380.6270 184.6522 -150.2033 8.9191 67.2318 100.0000 stroke11
movl 0 26.1751 367.6849 228.5842 -140.9643 -3.5757 67.9083 100.0000 stroke11
