movl 0 -34.6440 402.7200 171.1687 -144.4960 -4.0272 72.8135 100.0000 stroke1
movl 0 -34.3850 399.6273 169.5149 -142.7486 -1.4415 66.6311 100.0000 stroke1
movl 0 -32.8947 400.3074 168.5523 -141.8539 1.4321 64.8183 100.0000 stroke1
movl 0 -35.5990 402.2180 170.7727 -144.7666 3.5636 62.3351 100.0000 stroke1
movl 0 -36.6001 401.9616 170.5755 -145.4370 5.6779 58.9014 100.0000 stroke1
movl 0 -38.8271 399.3189 170.4990 -147.3589 10.7337 50.6855 100.0000 stroke1
movl 0 -41.3339 400.1716 170.7715 -149.1851 10.8378 50.6102 100.0000 stroke1
movl 0 -47.6273 398.9664 170.3994 -151.5857 10.9144 46.3758 100.0000 stroke1
movl 0 -48.5299 398.8290 170.3084 -155.7020 17.3271 33.7526 100.0000 stroke1
movl 0 -49.5143 398.6778 170.3419 -156.5587 17.6103 32.7456 100.0000 stroke1
movl 0 -50.8937 398.5545 169.1384 -156.5559 16.4774 33.4296 100.0000 stroke1
movl 0 -51.5840 398.7848 167.8392 -157.9916 16.6503 31.1839 100.0000 stroke1
movl 0 -52.9990 399.3062 168.1450 -160.6268 17.3914 26.2817 100.0000 stroke1
movl 0 -56.8157 403.6901 170.2254 -164.8608 17.8060 22.1235 100.0000 stroke1
movl 0 -57.8438 404.1001 170.2295 -166.7248 18.4364 18.4120 100.0000 stroke1
movl 0 -58.9318 404.4853 170.4997 -169.7288 19.1698 12.3221 100.0000 stroke1
movl 0 -59.4780 404.6011 170.9906 -172.4435 19.8160 6.7964 100.0000 stroke1
movl 0 -59.7495 404.6885 171.4105 -174.8967 20.1122 2.1800 100.0000 stroke1
movl 0 -59.8327 404.9340 171.8395 -177.7451 20.3827 -2.8119 100.0000 stroke1
movl 0 -59.9172 405.2730 172.2420 179.4603 20.2374 -7.4673 100.0000 stroke1
movl 0 -59.6501 405.1772 172.5396 176.7595 19.9615 -12.0127 100.0000 stroke1
movl 0 -59.3748 402.9424 173.3355 176.5683 20.1406 -13.5597 100.0000 stroke1
movl 0 -57.8741 402.6151 173.8465 176.5171 20.4458 -14.1599 100.0000 stroke1
movl 0 -58.8606 401.8300 173.8592 176.2383 19.9682 -14.7470 100.0000 stroke1
movl 0 -57.6109 401.8606 173.9382 177.1875 20.6289 -14.5205 100.0000 stroke1
movl 0 -52.5156 397.5986 175.4396 -178.3559 23.5636 -10.2589 100.0000 stroke1
movl 0 -47.2836 388.5150 189.3336 -166.0297 25.2576 4.9659 100.0000 stroke1
movl 0 -26.0324 391.1851 201.2679 -157.7901 28.4548 20.4168 100.0000 stroke2
movl 0 -34.8775 387.7244 176.8075 -160.9255 25.8202 17.6619 100.0000 stroke2
movl 0 -44.0861 389.6152 175.4338 -162.3205 22.2577 14.9438 100.0000 stroke2
movl 0 -49.6761 389.5831 174.0143 -163.8152 21.2795 12.4921 100.0000 stroke2
movl 0 -51.3732 390.2455 172.3196 -163.2768 20.5803 13.5392 100.0000 stroke2
movl 0 -53.3067 391.1828 171.5897 -164.3178 20.1208 12.8704 100.0000 stroke2
movl 0 -56.3850 390.6247 171.7147 -164.6309 18.4303 12.0277 100.0000 stroke2
movl 0 -54.9429 391.8744 171.7064 -165.0255 18.1907 10.8341 100.0000 stroke2
movl 0 -51.7917 393.8612 171.7093 -165.7092 18.1685 8.7821 100.0000 stroke2
movl 0 -48.7170 395.4053 171.9271 -166.3253 18.7177 7.0557 100.0000 stroke2
movl 0 -44.9302 395.7970 172.5406 -166.3165 20.0763 6.2128 100.0000 stroke2
movl 0 -45.5378 398.8988 171.7686 -169.4987 20.0826 2.4965 100.0000 stroke2
movl 0 -43.2661 403.9032 170.3991 -173.2947 21.4866 -1.6466 100.0000 stroke2
movl 0 -43.1884 405.7482 169.8642 -176.5717 22.0866 -5.4390 100.0000 stroke2
movl 0 -43.2454 406.2499 170.0434 178.7992 22.5271 -9.9102 100.0000 stroke2
movl 0 -43.0544 403.9674 170.8712 177.2478 22.7058 -12.7848 100.0000 stroke2
movl 0 -42.5121 403.5551 170.8658 176.5573 22.9380 -14.2303 100.0000 stroke2
movl 0 -38.4560 398.1397 172.2589 -179.7400 25.3903 -14.7837 100.0000 stroke2
movl 0 -22.1981 390.6563 183.2836 -166.6489 34.3261 -5.1509 100.0000 stroke2
movl 0 -11.8940 380.9580 245.8226 -133.8019 29.5147 24.9233 100.0000 stroke2
movl 0 -14.9366 402.0555 179.2088 176.2540 38.8492 -17.5490 100.0000 stroke3
movl 0 -25.3073 392.3689 176.1418 172.4677 33.9159 -30.6715 100.0000 stroke3
movl 0 -34.6770 395.4647 173.2643 170.5243 28.1307 -33.3086 100.0000 stroke3
movl 0 -39.8270 393.8572 172.9937 170.4799 26.6642 -32.7408 100.0000 stroke3
movl 0 -43.0277 394.2257 171.5345 172.1890 26.9909 -29.5678 100.0000 stroke3
movl 0 -46.2546 393.8266 170.9115 173.5143 26.0608 -28.3576 100.0000 stroke3
movl 0 -48.5718 393.8181 171.0897 174.0005 23.8945 -29.5350 100.0000 stroke3
movl 0 -50.6422 392.4438 172.0109 174.6807 22.7661 -30.7596 100.0000 stroke3
movl 0 -49.4493 393.2105 172.2922 174.4024 22.1090 -32.4342 100.0000 stroke3
movl 0 -47.1211 394.3461 172.5831 174.0241 21.4862 -34.2306 100.0000 stroke3
movl 0 -44.5222 395.6951 172.5795 173.2225 21.0549 -36.5419 100.0000 stroke3
movl 0 -42.5996 393.2539 173.8595 173.3817 22.7580 -36.8683 100.0000 stroke3
movl 0 -42.6402 394.3798 173.5456 172.5954 21.3525 -37.5035 100.0000 stroke3
movl 0 -42.5197 395.2733 173.0826 171.7338 21.1219 -37.4167 100.0000 stroke3
movl 0 -34.6360 390.8717 174.3430 172.2623 28.2482 -35.0859 100.0000 stroke3
movl 0 -26.6866 387.1998 211.7940 -171.7340 37.6427 -20.7922 100.0000 stroke3
movl 0 10.4274 429.4489 201.9362 -178.0243 42.9599 -18.6253 100.0000 stroke4
movl 0 13.8524 427.8625 169.0536 179.8310 42.7710 -19.2084 100.0000 stroke4
movl 0 10.5516 427.6221 160.5603 -179.4102 39.7124 -16.8327 100.0000 stroke4
movl 0 9.1957 428.6120 162.8396 179.9374 38.3788 -17.4463 100.0000 stroke4
movl 0 9.3425 431.0167 164.2872 177.4062 36.9211 -18.5624 100.0000 stroke4
movl 0 5.8778 430.5786 165.3402 -178.7372 36.4047 -14.6766 100.0000 stroke4
movl 0 2.2533 435.2458 165.8191 -178.5267 36.3024 -12.1328 100.0000 stroke4
movl 0 -1.0338 439.4979 164.2213 178.9809 34.0780 -13.1621 100.0000 stroke4
movl 0 -4.1942 440.7566 162.5709 -179.6401 33.9402 -9.5655 100.0000 stroke4
movl 0 -9.5934 443.6107 161.9844 178.6706 31.1852 -9.2840 100.0000 stroke4
movl 0 -12.3229 446.6842 162.1685 175.1867 27.6585 -14.2540 100.0000 stroke4
movl 0 -10.5713 449.1043 162.0060 172.5828 26.7901 -18.0367 100.0000 stroke4
movl 0 -11.2856 450.4147 162.6552 168.3406 25.0484 -23.3974 100.0000 stroke4
movl 0 -10.9328 452.2764 163.5639 163.2466 22.1450 -29.7603 100.0000 stroke4
movl 0 -12.5588 454.4527 164.1349 158.7263 18.1374 -35.4362 100.0000 stroke4
movl 0 -12.5483 453.0668 164.7997 158.4082 17.8261 -37.1377 100.0000 stroke4
movl 0 -11.9540 450.4188 165.6401 159.4442 18.8451 -37.7434 100.0000 stroke4
movl 0 -7.2661 442.0954 168.3835 163.1760 24.6587 -38.4406 100.0000 stroke4
movl 0 8.7484 432.5502 197.4149 177.9218 37.0441 -30.5228 100.0000 stroke4
movl 0 23.6467 420.3229 184.1670 172.3861 40.6951 -26.8096 100.0000 stroke5
movl 0 27.5818 416.0508 166.1225 172.7301 38.0311 -28.8377 100.0000 stroke5
movl 0 18.9801 414.1453 165.3958 176.9258 34.7465 -25.6223 100.0000 stroke5
movl 0 15.5376 416.4959 163.2105 -179.6264 34.0768 -20.4646 100.0000 stroke5
movl 0 7.4463 419.1794 162.2740 -177.2201 30.9820 -17.0851 100.0000 stroke5
movl 0 1.7434 420.6805 163.9615 -179.2745 27.3330 -21.3839 100.0000 stroke5
movl 0 4.7399 423.4289 164.0294 177.1445 26.0520 -27.1128 100.0000 stroke5
movl 0 4.2411 426.0406 163.4168 173.1161 25.4334 -30.9481 100.0000 stroke5
movl 0 3.6419 426.5902 163.2036 170.5289 25.1144 -32.4455 100.0000 stroke5
movl 0 2.8617 426.2413 163.3383 168.4214 24.9030 -33.3619 100.0000 stroke5
movl 0 2.2257 425.4204 163.5643 167.0833 25.0680 -33.6236 100.0000 stroke5
movl 0 1.5213 423.5902 163.9630 166.2369 25.7333 -33.5263 100.0000 stroke5
movl 0 3.9712 413.1965 170.4507 166.9484 31.1942 -35.2571 100.0000 stroke5
movl 0 -2.4852 387.4561 205.7676 -178.5515 42.3240 -27.8959 100.0000 stroke5
movl 0 -0.9693 390.3034 200.9427 -176.3662 35.7010 -20.5147 100.0000 stroke6
movl 0 -4.8473 389.2203 174.2281 176.8097 32.2728 -27.2843 100.0000 stroke6
movl 0 -18.5062 386.7945 174.1026 -179.6771 29.6563 -25.5857 100.0000 stroke6
movl 0 -25.0387 391.3616 171.0812 -179.8302 28.7369 -23.9648 100.0000 stroke6
movl 0 -29.0701 392.2955 168.9160 -179.0653 27.7994 -22.9762 100.0000 stroke6
movl 0 -35.5566 390.9119 169.1787 -176.7912 24.2068 -22.9006 100.0000 stroke6
movl 0 -37.0376 390.7647 169.8734 -176.5805 22.0149 -24.0304 100.0000 stroke6
movl 0 -38.6637 389.3947 170.3209 -175.2662 21.3707 -23.7472 100.0000 stroke6
movl 0 -36.0419 390.4207 170.5796 -175.1216 20.8253 -25.1935 100.0000 stroke6
movl 0 -30.9744 392.7991 170.5439 -175.2075 20.1832 -27.8771 100.0000 stroke6
movl 0 -26.1339 395.1782 170.3101 -175.8903 20.0397 -29.7577 100.0000 stroke6
movl 0 -22.3311 392.0666 171.8461 -175.5535 22.6861 -29.1064 100.0000 stroke6
movl 0 -21.6895 394.2655 171.2286 -176.5463 21.8042 -29.7682 100.0000 stroke6
movl 0 -19.9031 395.4682 170.7828 -178.1843 21.6232 -30.4689 100.0000 stroke6
movl 0 -19.5338 395.3208 170.4578 -179.1829 23.0328 -29.9180 100.0000 stroke6
movl 0 -19.8002 394.4120 170.4210 -179.4001 23.9947 -29.2406 100.0000 stroke6
movl 0 -17.9506 389.0834 175.7953 -177.9227 27.4528 -26.2773 100.0000 stroke6
movl 0 -19.3389 378.4178 231.8834 -166.8734 33.9060 -15.1775 100.0000 stroke6
movl 0 -3.3951 406.2298 241.4772 179.1017 37.9459 -19.4793 100.0000 stroke7
movl 0 10.3403 411.3926 185.8116 170.7302 34.9168 -26.9802 100.0000 stroke7
movl 0 6.9703 413.5262 169.9172 168.6253 31.3847 -28.4788 100.0000 stroke7
movl 0 -0.3351 413.4002 167.7616 171.8906 29.0799 -26.5595 100.0000 stroke7
movl 0 -6.1031 413.9839 167.1393 172.8876 28.6309 -24.8790 100.0000 stroke7
movl 0 -10.6567 417.5327 166.4833 171.2051 24.4413 -26.6801 100.0000 stroke7
movl 0 -11.5215 418.8217 166.3622 169.7735 23.2437 -28.4272 100.0000 stroke7
movl 0 -12.8506 417.6886 166.6097 168.4416 22.6204 -28.3383 100.0000 stroke7
movl 0 -14.5262 416.2354 166.7902 167.0647 22.5617 -28.0652 100.0000 stroke7
movl 0 -16.7530 414.5054 167.2081 166.5600 22.5717 -27.1581 100.0000 stroke7
movl 0 -19.3578 412.3477 168.4390 166.6194 22.9714 -26.1988 100.0000 stroke7
movl 0 -21.7961 409.7333 170.8459 167.0651 24.3640 -25.3309 100.0000 stroke7
movl 0 -29.7536 404.4727 177.6910 169.5963 26.1957 -22.7088 100.0000 stroke7
movl 0 -43.3181 398.4699 217.4168 177.6141 29.5552 -17.9910 100.0000 stroke7
movl 0 -14.5212 405.0492 209.1064 -177.1494 27.4233 -8.2547 100.0000 stroke8
movl 0 -7.8201 393.9801 179.4751 -176.3108 26.2584 -9.4145 100.0000 stroke8
movl 0 -16.6819 393.3518 178.8472 -175.4980 23.4205 -9.0493 100.0000 stroke8
movl 0 -21.9037 393.2781 177.2021 -174.3149 21.9357 -8.5494 100.0000 stroke8
movl 0 -27.3396 393.6008 175.9319 -174.2209 20.0671 -8.4981 100.0000 stroke8
movl 0 -31.9499 394.7350 176.2573 -175.4541 16.4581 -12.0222 100.0000 stroke8
movl 0 -33.5397 398.3095 175.5577 -177.1538 13.1026 -16.0435 100.0000 stroke8
movl 0 -32.0812 400.4653 174.9765 -178.2034 11.5064 -18.8837 100.0000 stroke8
movl 0 -25.9224 396.3517 177.1444 -176.8462 14.8169 -18.6318 100.0000 stroke8
movl 0 -23.4699 397.5328 177.0532 -177.6806 15.2586 -19.7371 100.0000 stroke8
movl 0 -24.0392 399.2459 177.0371 -179.6948 13.8016 -19.4022 100.0000 stroke8
movl 0 -23.2960 398.5965 176.9730 -179.8980 14.2098 -18.9153 100.0000 stroke8
movl 0 -21.7607 396.4990 176.9237 -178.9329 15.9978 -16.7638 100.0000 stroke8
movl 0 -19.0605 396.3626 176.3661 -178.6880 18.5529 -14.9663 100.0000 stroke8
movl 0 -13.8731 392.5521 177.7283 -176.7707 22.3061 -12.9351 100.0000 stroke8
movl 0 -18.6578 375.7984 200.6487 -164.0952 26.2783 -1.8511 100.0000 stroke8
movl 0 4.0138 397.2791 202.8991 -145.3669 20.1370 51.7898 100.0000 stroke9
movl 0 2.6588 390.1202 168.8766 -149.4695 20.6390 47.0343 100.0000 stroke9
movl 0 -8.8570 389.0767 168.5010 -153.6277 18.7069 45.5695 100.0000 stroke9
movl 0 -15.6809 386.3931 168.5087 -154.3701 16.2218 46.2761 100.0000 stroke9
movl 0 -22.0358 386.5129 167.3673 -155.6034 15.3067 46.7834 100.0000 stroke9
movl 0 -26.8843 388.2928 167.2559 -160.8178 16.1974 41.1333 100.0000 stroke9
movl 0 -27.7438 390.4337 167.9206 -164.9870 18.3764 34.7551 100.0000 stroke9
movl 0 -27.7982 391.9831 168.6529 -169.7860 20.4566 27.0295 100.0000 stroke9
movl 0 -28.0462 393.9115 168.9914 -175.5938 21.9688 18.3520 100.0000 stroke9
movl 0 -28.5404 394.6944 169.1409 178.8903 22.5026 11.2481 100.0000 stroke9
movl 0 -24.8532 391.9365 170.8365 -179.7020 23.4090 8.6858 100.0000 stroke9
movl 0 -24.5034 391.6910 170.9763 178.9395 23.3822 7.5900 100.0000 stroke9
movl 0 -23.8192 390.9796 171.1865 179.9438 23.5619 6.8343 100.0000 stroke9
movl 0 -22.3112 387.4028 171.6648 -176.2007 24.2298 7.8448 100.0000 stroke9
movl 0 -21.6768 380.3057 177.2036 -166.9033 24.7441 12.8996 100.0000 stroke9
movl 0 -24.1878 366.0620 240.2866 -146.2075 20.5686 24.0675 100.0000 stroke9
movl 0 11.3312 376.2452 230.8817 -152.9938 28.9425 19.7603 100.0000 stroke10
movl 0 2.1634 369.0509 182.9630 -160.7579 28.5748 12.7346 100.0000 stroke10
movl 0 -8.2598 368.3497 174.2761 -163.1280 25.9450 10.7852 100.0000 stroke10
movl 0 -14.9415 366.4518 172.9986 -162.8163 24.1491 12.1249 100.0000 stroke10
movl 0 -17.3248 368.5774 171.6140 -162.4980 23.4825 15.1568 100.0000 stroke10
movl 0 -20.0642 369.2109 171.1648 -163.5810 22.7189 13.8181 100.0000 stroke10
movl 0 -25.0680 368.4349 171.7243 -165.3365 19.7501 10.2695 100.0000 stroke10
movl 0 -27.2670 367.5438 172.0234 -165.3924 18.5889 9.1470 100.0000 stroke10
movl 0 -23.6544 368.9525 172.2711 -166.1118 18.5002 6.9012 100.0000 stroke10
movl 0 -18.4108 370.9502 172.3088 -166.9605 18.1491 3.5469 100.0000 stroke10
movl 0 -11.5013 374.7190 171.9790 -168.3194 18.0485 -0.7136 100.0000 stroke10
movl 0 -7.7730 375.4242 172.4487 -169.2065 19.7327 -2.3848 100.0000 stroke10
movl 0 -1.9683 382.0752 171.2317 -173.9323 21.4327 -7.5730 100.0000 stroke10
movl 0 4.8057 389.8263 169.1436 179.5485 21.7192 -15.2398 100.0000 stroke10
movl 0 9.5559 397.6830 166.1444 174.0536 22.5282 -19.6063 100.0000 stroke10
movl 0 10.9347 400.2774 164.9550 170.6502 22.5206 -22.4267 100.0000 stroke10
movl 0 10.3079 401.4030 164.9998 167.3559 21.6048 -25.3650 100.0000 stroke10
movl 0 9.3497 402.4793 164.7584 163.8613 20.1937 -28.5676 100.0000 stroke10
movl 0 8.0497 402.3941 164.7976 161.7472 18.9975 -30.7573 100.0000 stroke10
movl 0 8.7259 400.4578 165.7790 161.7909 19.1359 -32.3660 100.0000 stroke10
movl 0 9.8793 399.6063 166.0997 161.4340 19.3311 -34.4408 100.0000 stroke10
movl 0 7.7766 399.3088 166.0109 160.4762 18.3461 -34.9259 100.0000 stroke10
movl 0 8.2469 398.5348 166.4590 160.6448 18.5825 -35.3899 100.0000 stroke10
movl 0 8.5823 398.0218 166.8739 160.8952 18.8416 -36.2423 100.0000 stroke10
movl 0 9.1946 396.9162 167.3114 161.2310 19.2625 -37.0289 100.0000 stroke10
movl 0 9.2192 396.1667 167.5085 161.5107 19.4514 -36.9939 100.0000 stroke10
movl 0 9.0613 395.5654 167.7412 161.7864 19.5348 -36.9775 100.0000 stroke10
movl 0 9.0714 395.3740 167.8372 161.8440 19.5548 -37.1582 100.0000 stroke10
movl 0 8.9230 395.1645 167.9796 161.9123 19.4936 -37.3253 100.0000 stroke10
movl 0 8.9903 395.1399 168.0987 161.9756 19.5627 -37.4110 100.0000 stroke10
movl 0 9.2164 395.2392 168.2752 161.8997 19.7437 -37.8335 100.0000 stroke10
movl 0 9.1272 395.3205 168.5433 161.7818 19.8925 -38.6068 100.0000 stroke10
movl 0 9.1958 395.1142 168.7947 161.8698 19.9908 -38.6954 100.0000 stroke10
movl 0 9.5995 394.8127 169.1270 161.9356 20.1724 -38.9152 100.0000 stroke10
movl 0 10.9513 394.0828 169.8655 162.0539 20.7567 -39.3380 100.0000 stroke10
movl 0 13.1310 390.3651 177.6655 163.5564 23.3638 -38.9090 100.0000 stroke10
movl 0 14.4623 384.1342 217.9211 168.1632 29.5024 -36.6840 100.0000 stroke10
movl 0 -6.2913 393.1272 233.6946 179.4737 34.3412 -23.4544 100.0000 stroke11
movl 0 -4.4085 391.3044 204.8330 175.4643 33.2943 -25.6157 100.0000 stroke11
movl 0 -4.2518 389.3356 187.2626 173.5384 32.2211 -26.7321 100.0000 stroke11
movl 0 -2.2824 387.6127 178.6785 171.9237 32.1657 -28.1806 100.0000 stroke11
movl 0 -3.4783 387.8000 172.9762 168.9238 30.4635 -31.2031 100.0000 stroke11
movl 0 -4.5321 387.6922 171.9643 167.0098 28.8463 -34.2555 100.0000 stroke11
movl 0 -6.6602 386.1487 172.0586 166.8982 27.7532 -35.6914 100.0000 stroke11
movl 0 -8.2713 386.9712 172.0727 166.2430 26.2596 -36.7888 100.0000 stroke11
movl 0 -9.6239 387.9010 172.2352 166.2932 24.7687 -37.1683 100.0000 stroke11
movl 0 -12.1291 389.4330 171.3637 166.6536 22.8274 -37.7645 100.0000 stroke11
movl 0 -18.0762 392.3980 170.8908 165.7798 18.2576 -40.4442 100.0000 stroke11
movl 0 -18.8708 394.6466 170.6757 164.6430 16.1962 -43.7896 100.0000 stroke11
movl 0 -18.2894 395.4943 170.4751 163.2094 15.4355 -45.3242 100.0000 stroke11
movl 0 -17.4685 395.5066 170.4976 161.9402 14.0496 -46.4212 100.0000 stroke11
movl 0 -17.2023 395.9112 170.6623 160.5890 12.5715 -48.2170 100.0000 stroke11
movl 0 -16.4164 395.1747 171.0790 159.8145 12.0644 -49.4253 100.0000 stroke11
movl 0 -16.4677 394.7916 171.1653 159.7515 12.0557 -49.6039 100.0000 stroke11
movl 0 -15.8210 394.3550 171.2481 159.8820 12.6266 -49.8681 100.0000 stroke11
movl 0 -15.8009 393.4652 171.7720 160.4667 13.6566 -50.0192 100.0000 stroke11
movl 0 -13.5540 391.4532 173.9351 161.2002 16.2220 -49.5953 100.0000 stroke11
movl 0 -14.4581 389.9909 195.4746 164.2916 22.1337 -46.6691 100.0000 stroke11
movl 0 14.4394 392.4495 227.3287 162.1792 33.1326 -48.3364 100.0000 stroke12
movl 0 18.5212 388.5501 179.1523 157.7465 27.6208 -51.4230 100.0000 stroke12
movl 0 17.0919 386.1401 170.0276 157.7273 25.8252 -52.2386 100.0000 stroke12
movl 0 12.1649 386.6355 167.5400 159.2079 24.3468 -51.4141 100.0000 stroke12
movl 0 10.0661 387.4578 166.2977 160.1052 24.0780 -50.4984 100.0000 stroke12
movl 0 3.9856 389.2387 166.3737 161.6586 20.9015 -49.6643 100.0000 stroke12
movl 0 5.6412 391.0759 165.9432 160.8893 19.1500 -51.0612 100.0000 stroke12
movl 0 4.1419 391.9413 165.6760 159.9990 17.8044 -51.9079 100.0000 stroke12
movl 0 3.6777 392.3849 165.7017 158.4143 16.4536 -52.6742 100.0000 stroke12
movl 0 2.9762 392.3539 166.0490 157.3110 15.3407 -53.2256 100.0000 stroke12
movl 0 2.7156 391.4056 166.4301 156.8810 15.4844 -52.9213 100.0000 stroke12
movl 0 2.7838 390.0824 166.9378 156.6021 15.8977 -52.7550 100.0000 stroke12
movl 0 3.0104 387.7363 167.9531 156.4657 16.9981 -52.2945 100.0000 stroke12
movl 0 2.5344 384.0295 173.2012 156.7020 19.5071 -52.3881 100.0000 stroke12
movl 0 -3.8489 379.3865 201.6821 157.2372 24.1511 -50.5865 100.0000 stroke12
movl 0 -20.4838 354.3767 240.9451 177.1366 33.3828 -33.8992 100.0000 stroke13
movl 0 -18.7281 353.5298 203.2981 172.3400 29.9581 -37.6175 100.0000 stroke13
movl 0 -32.9495 349.5187 188.4566 173.2029 27.7354 -35.9244 100.0000 stroke13
movl 0 -45.9433 346.8202 178.3290 175.4231 26.4645 -33.0125 100.0000 stroke13
movl 0 -52.0301 344.9608 176.3022 177.9077 25.8370 -30.0773 100.0000 stroke13
movl 0 -56.1009 344.6078 174.3662 179.1451 24.7698 -28.7621 100.0000 stroke13
movl 0 -61.3735 343.6709 174.0210 -179.9004 22.0892 -29.3427 100.0000 stroke13
movl 0 -66.3301 341.7140 174.0695 -179.0199 20.3623 -30.8944 100.0000 stroke13
movl 0 -66.9649 343.0964 174.1402 -179.8885 18.7973 -32.6202 100.0000 stroke13
movl 0 -67.8652 342.7415 174.3034 -179.8434 18.3746 -33.1597 100.0000 stroke13
movl 0 -67.1665 343.6708 174.3048 -179.7464 18.2262 -34.5489 100.0000 stroke13
movl 0 -64.0040 345.3646 174.6556 179.6553 17.8684 -36.6296 100.0000 stroke13
movl 0 -60.6672 346.2690 175.0764 179.5621 17.6090 -37.7289 100.0000 stroke13
movl 0 -56.2326 347.3895 175.5099 179.2121 17.4182 -39.8382 100.0000 stroke13
movl 0 -52.8945 348.6525 175.8513 179.1711 16.6769 -41.5776 100.0000 stroke13
movl 0 -49.2512 350.3672 176.2796 179.3394 15.7099 -43.1016 100.0000 stroke13
movl 0 -46.0142 352.3987 176.5599 179.4541 14.5948 -45.0148 100.0000 stroke13
movl 0 -43.9214 354.1336 176.9317 179.6039 13.6005 -47.0624 100.0000 stroke13
movl 0 -41.4108 356.3455 177.2412 179.7909 12.5922 -49.2664 100.0000 stroke13
movl 0 -39.2714 358.7214 177.5742 -179.8957 11.4434 -51.7763 100.0000 stroke13
movl 0 -39.2495 360.7892 177.4578 -179.1521 10.1011 -54.2446 100.0000 stroke13
movl 0 -40.3523 362.4751 177.1685 -178.0342 9.1914 -57.2356 100.0000 stroke13
movl 0 -41.3281 364.1795 176.8071 -176.6943 8.2075 -60.1675 100.0000 stroke13
movl 0 -41.4702 365.3354 176.3311 -176.2691 7.6507 -61.9254 100.0000 stroke13
movl 0 -37.0685 361.6405 178.6499 -177.4714 9.9484 -60.6958 100.0000 stroke13
movl 0 -35.2756 360.2762 179.7618 -177.5260 10.8885 -60.4311 100.0000 stroke13
movl 0 -33.5140 359.9533 180.6189 -177.6483 11.2968 -60.7864 100.0000 stroke13
movl 0 -32.8218 361.6366 180.3782 -178.5680 10.4690 -61.1937 100.0000 stroke13
movl 0 -32.8419 363.9678 180.7204 -179.6317 8.6568 -62.4148 100.0000 stroke13
movl 0 -32.1010 365.2857 180.9654 179.6050 7.5899 -63.5252 100.0000 stroke13
movl 0 -31.8976 365.5168 181.0384 179.1949 7.1012 -64.2714 100.0000 stroke13
movl 0 -31.3081 364.7191 181.3683 178.6790 7.5507 -64.1810 100.0000 stroke13
movl 0 -30.6037 361.8196 181.9817 178.3243 10.0683 -62.0175 100.0000 stroke13
movl 0 -31.2302 360.6156 182.3510 178.2139 11.0623 -61.0588 100.0000 stroke13
movl 0 -31.7986 359.5579 182.8656 178.3392 11.8912 -60.2607 100.0000 stroke13
movl 0 -32.4944 358.5763 183.1511 178.6327 12.3677 -59.7146 100.0000 stroke13
movl 0 -32.4794 357.8636 183.6190 178.7319 12.8277 -59.1060 100.0000 stroke13
movl 0 -32.7718 357.7577 184.0534 178.4561 12.9336 -59.0152 100.0000 stroke13
movl 0 -33.4260 357.0493 184.5860 178.1880 13.1405 -58.7540 100.0000 stroke13
movl 0 -32.8211 357.0539 185.0978 178.1902 13.2439 -58.8710 100.0000 stroke13
movl 0 -30.7108 355.9646 191.3806 177.7409 14.3770 -58.6730 100.0000 stroke13
movl 0 -34.5962 349.2455 228.7057 178.3444 19.2005 -54.7778 100.0000 stroke13
