movl 0 -25.7564 404.3390 164.5714 -147.1922 -10.8320 81.9706 100.0000 stroke1
movl 0 -33.3961 400.6831 165.9505 -149.5765 -9.5383 78.4415 100.0000 stroke1
movl 0 -35.2077 401.0281 166.8746 -150.0309 -7.2473 75.3276 100.0000 stroke1
movl 0 -33.3858 404.6936 166.9869 -149.6332 -3.1569 70.3893 100.0000 stroke1
movl 0 -36.3196 404.8823 167.5451 -150.8688 -3.7336 69.1373 100.0000 stroke1
movl 0 -39.5473 401.9006 167.8556 -151.5549 -5.9556 70.5610 100.0000 stroke1
movl 0 -41.3450 401.4663 168.2898 -152.0120 -6.5737 71.4055 100.0000 stroke1
movl 0 -41.3589 401.1221 167.6086 -152.0350 -7.0312 72.1479 100.0000 stroke1
movl 0 -42.7921 400.9578 167.2608 -152.3555 -7.4981 72.7682 100.0000 stroke1
movl 0 -44.1918 401.7966 166.8071 -152.8680 -7.4994 73.8480 100.0000 stroke1
movl 0 -47.1297 404.4287 166.0186 -154.2262 -5.7394 74.2770 100.0000 stroke1
movl 0 -49.0066 405.8984 166.0252 -155.4788 -4.4553 73.2203 100.0000 stroke1
movl 0 -49.4268 406.9569 166.2022 -156.2927 -3.3492 71.5721 100.0000 stroke1
movl 0 -49.1891 407.9132 166.2679 -156.4856 -2.4038 70.4221 100.0000 stroke1
movl 0 -48.8583 408.3276 166.7660 -156.5551 -0.4233 68.5281 100.0000 stroke1
movl 0 -48.4050 409.1336 167.3072 -156.8597 2.4273 65.7581 100.0000 stroke1
movl 0 -48.8043 410.3338 168.2028 -157.9155 5.6469 62.5930 100.0000 stroke1
movl 0 -49.5429 410.9777 168.9289 -159.1068 8.2061 59.2018 100.0000 stroke1
movl 0 -48.6739 409.7354 169.2009 -158.5589 8.0004 58.1521 100.0000 stroke1
movl 0 -49.6445 409.5701 169.1991 -158.8935 8.1646 57.2390 100.0000 stroke1
movl 0 -49.8598 402.1747 170.6357 -156.6679 4.1527 56.7884 100.0000 stroke1
movl 0 -52.8728 374.7748 204.4920 -148.0376 -10.9782 60.0823 100.0000 stroke1
movl 0 -38.4665 393.2018 203.9252 -146.3370 -1.9169 65.2567 100.0000 stroke2
movl 0 -29.5716 399.3968 173.8213 -149.9262 2.6724 60.6908 100.0000 stroke2
movl 0 -42.5329 394.8478 172.4419 -154.2751 -0.3221 60.2626 100.0000 stroke2
movl 0 -44.1857 394.6553 172.8017 -154.7514 0.1956 59.6200 100.0000 stroke2
movl 0 -46.7442 394.8124 171.8208 -155.0332 -0.5965 61.0092 100.0000 stroke2
movl 0 -48.3458 396.1634 170.8362 -155.7371 -0.7151 61.5960 100.0000 stroke2
movl 0 -50.7911 396.7880 170.7703 -157.2757 -0.9622 60.7014 100.0000 stroke2
movl 0 -51.6253 396.5950 170.8503 -157.7581 -1.2870 59.9240 100.0000 stroke2
movl 0 -50.5778 397.5470 170.8087 -158.3480 -1.2694 57.9721 100.0000 stroke2
movl 0 -48.9674 398.7261 170.5892 -158.6030 -0.9570 56.5358 100.0000 stroke2
movl 0 -47.3222 397.5676 170.9787 -157.6286 -1.0579 56.6842 100.0000 stroke2
movl 0 -48.1830 398.4501 170.8968 -158.3778 -0.7267 57.0253 100.0000 stroke2
movl 0 -46.6549 398.2117 171.6305 -157.5859 -0.4390 57.9827 100.0000 stroke2
movl 0 -37.8433 388.5978 199.9359 -147.9241 -4.8674 64.1791 100.0000 stroke2
movl 0 -50.0997 394.7138 206.4966 -145.0289 3.7161 69.4892 100.0000 stroke3
movl 0 -51.1545 394.9690 180.6518 -148.8804 2.6088 68.1204 100.0000 stroke3
movl 0 -51.8290 394.5689 169.9645 -149.9989 2.3280 67.0313 100.0000 stroke3
movl 0 -54.1240 395.6849 168.6985 -151.5184 1.4768 65.6607 100.0000 stroke3
movl 0 -53.7552 398.1550 167.5657 -152.1417 2.7310 64.4557 100.0000 stroke3
movl 0 -55.6606 399.7823 166.8416 -153.4238 3.7350 63.2803 100.0000 stroke3
movl 0 -56.7831 402.5162 166.5192 -155.3865 5.7799 61.2378 100.0000 stroke3
movl 0 -57.0132 404.6335 166.4629 -156.5360 8.3446 59.6169 100.0000 stroke3
movl 0 -58.7971 409.1671 166.0663 -159.6498 13.5954 57.3149 100.0000 stroke3
movl 0 -59.1591 408.0340 166.5057 -159.6227 13.8263 56.7722 100.0000 stroke3
movl 0 -58.2454 408.2845 166.3912 -159.8114 14.0199 56.4086 100.0000 stroke3
movl 0 -58.8587 402.7337 168.3446 -157.5933 10.7455 56.9646 100.0000 stroke3
movl 0 -53.4963 377.4056 211.5671 -145.6053 -3.9803 61.4642 100.0000 stroke3
movl 0 -46.3759 372.1732 215.2621 -144.5717 -10.0999 72.5191 100.0000 stroke4
movl 0 -45.5864 384.0535 175.3580 -150.5482 -2.8419 68.3177 100.0000 stroke4
movl 0 -54.7323 385.3195 174.0411 -154.3249 -2.1376 66.1500 100.0000 stroke4
movl 0 -59.2420 384.6283 171.9546 -155.1856 -2.3226 65.7112 100.0000 stroke4
movl 0 -59.9535 385.4053 170.8137 -155.0200 -2.2226 66.8267 100.0000 stroke4
movl 0 -61.8388 386.7767 169.8749 -156.3081 -2.3487 66.6125 100.0000 stroke4
movl 0 -61.9444 387.2652 170.0744 -157.0876 -2.0628 65.8260 100.0000 stroke4
movl 0 -60.5926 387.8575 170.0997 -157.2701 -1.9901 65.0309 100.0000 stroke4
movl 0 -56.3711 389.1212 170.2149 -157.4739 -1.4969 63.5105 100.0000 stroke4
movl 0 -52.3449 390.3920 170.2431 -157.7648 -1.2760 62.1394 100.0000 stroke4
movl 0 -48.4971 391.8444 170.0989 -158.0829 -0.9044 60.6856 100.0000 stroke4
movl 0 -44.6108 393.3297 169.9214 -158.5190 -0.5328 58.9042 100.0000 stroke4
movl 0 -42.1823 393.2847 170.1224 -158.0661 -0.2407 58.5019 100.0000 stroke4
movl 0 -38.4285 393.3518 170.5265 -157.1578 0.5982 57.7616 100.0000 stroke4
movl 0 -36.8201 397.6487 169.6234 -158.4575 3.1987 56.3820 100.0000 stroke4
movl 0 -34.6542 400.3137 168.8069 -158.4663 5.0379 56.0699 100.0000 stroke4
movl 0 -34.9672 400.7712 168.6633 -158.3801 6.2297 56.8128 100.0000 stroke4
movl 0 -34.2114 393.6071 173.2364 -155.1698 5.2733 59.2162 100.0000 stroke4
movl 0 -31.7182 372.4598 210.4412 -143.6144 -2.8162 63.8432 100.0000 stroke4
movl 0 -40.4534 391.0967 193.4303 -147.7866 10.3202 60.6299 100.0000 stroke5
movl 0 -37.1232 394.0495 175.5300 -152.4400 11.9209 54.8974 100.0000 stroke5
movl 0 -43.0056 390.9546 173.2877 -154.4833 9.5834 53.6867 100.0000 stroke5
movl 0 -46.8082 389.8052 172.7144 -155.4945 9.1544 53.5288 100.0000 stroke5
movl 0 -50.2861 390.0961 172.0815 -156.3931 8.5367 53.7451 100.0000 stroke5
movl 0 -51.8476 391.3532 171.3788 -157.0160 8.7927 53.7632 100.0000 stroke5
movl 0 -54.5861 391.6729 171.1851 -158.3114 8.2312 52.8655 100.0000 stroke5
movl 0 -54.6995 391.8225 171.2344 -158.6954 8.1489 51.7661 100.0000 stroke5
movl 0 -52.6224 392.5339 171.2278 -159.0333 8.2998 50.2128 100.0000 stroke5
movl 0 -49.5724 393.6393 171.1581 -159.3739 8.4750 48.1985 100.0000 stroke5
movl 0 -46.9883 394.6651 171.0287 -159.5515 8.6348 46.6825 100.0000 stroke5
movl 0 -47.5023 394.8475 171.0452 -159.8635 8.8055 46.6123 100.0000 stroke5
movl 0 -48.0962 395.2039 170.8944 -160.1740 9.1461 46.8053 100.0000 stroke5
movl 0 -48.2043 388.4762 175.1917 -156.1154 8.7669 51.4567 100.0000 stroke5
movl 0 -43.0342 369.8377 226.1643 -145.7831 4.7627 55.0892 100.0000 stroke5
movl 0 -51.5934 393.4453 189.6529 -153.6135 13.8853 59.3293 100.0000 stroke6
movl 0 -49.8797 393.7848 177.3407 -155.3394 12.7534 57.4276 100.0000 stroke6
movl 0 -53.1418 391.4604 175.3939 -156.8088 10.7432 56.9342 100.0000 stroke6
movl 0 -54.7910 390.9401 175.5497 -157.5875 9.6706 56.5068 100.0000 stroke6
movl 0 -57.9521 389.9778 175.6366 -158.4740 8.5230 56.0387 100.0000 stroke6
movl 0 -57.5308 391.1544 175.1011 -158.9130 8.4482 55.4317 100.0000 stroke6
movl 0 -58.6286 391.7033 174.7976 -159.3728 8.2717 55.0319 100.0000 stroke6
movl 0 -59.0798 392.3300 174.3936 -159.6142 8.2135 54.7760 100.0000 stroke6
movl 0 -61.6569 395.2161 173.4372 -161.3373 8.5640 54.3589 100.0000 stroke6
movl 0 -61.6197 396.9865 172.8619 -162.4190 9.1888 53.3675 100.0000 stroke6
movl 0 -61.3819 397.3979 172.6118 -162.4507 9.6132 53.2721 100.0000 stroke6
movl 0 -61.7990 397.1622 172.5285 -162.5432 10.1137 53.5432 100.0000 stroke6
movl 0 -62.1902 396.7383 172.5951 -162.5783 10.6236 53.9267 100.0000 stroke6
movl 0 -62.9520 395.6645 172.8304 -162.4186 10.8848 54.5596 100.0000 stroke6
movl 0 -63.4291 394.8888 173.0923 -162.1613 11.1036 55.2054 100.0000 stroke6
movl 0 -63.6597 394.1486 173.3083 -161.8119 11.2140 55.6800 100.0000 stroke6
movl 0 -61.7789 390.2533 175.8416 -158.9030 11.3032 57.6847 100.0000 stroke6
movl 0 -51.9547 373.1355 215.2277 -144.8530 8.7014 62.1588 100.0000 stroke6
movl 0 -42.8357 380.5467 237.9337 -142.6707 2.3494 65.4962 100.0000 stroke7
movl 0 -29.4389 389.4003 185.3834 -150.1230 14.1558 51.7320 100.0000 stroke7
movl 0 -32.6194 386.6444 177.1910 -154.2854 12.5344 46.4126 100.0000 stroke7
movl 0 -39.0560 386.8455 175.3652 -157.4778 12.0159 44.0304 100.0000 stroke7
movl 0 -44.8685 385.7295 175.0731 -158.3155 10.8735 43.7655 100.0000 stroke7
movl 0 -47.0368 386.5797 174.2312 -158.9017 10.7034 43.6693 100.0000 stroke7
movl 0 -49.6541 386.9023 173.9126 -159.8268 10.2770 42.8929 100.0000 stroke7
movl 0 -52.4754 387.3050 174.0026 -161.2424 9.6179 41.2669 100.0000 stroke7
movl 0 -55.0506 387.5623 174.1848 -162.6043 8.9773 39.4743 100.0000 stroke7
movl 0 -57.6206 388.1627 174.2308 -164.1368 8.3509 37.6761 100.0000 stroke7
movl 0 -58.6724 390.0597 174.0049 -165.7827 8.1586 35.4844 100.0000 stroke7
movl 0 -58.3881 388.8718 174.3935 -165.3447 8.0069 35.3152 100.0000 stroke7
movl 0 -55.4547 387.4498 175.0881 -164.3178 8.1800 35.1577 100.0000 stroke7
movl 0 -55.0710 387.6382 175.3109 -164.5271 8.3051 35.0160 100.0000 stroke7
movl 0 -55.2442 388.4074 175.4030 -165.2703 8.8857 35.6523 100.0000 stroke7
movl 0 -53.9138 387.8606 175.3555 -164.2398 9.2170 37.6851 100.0000 stroke7
movl 0 -46.1627 378.2303 188.2393 -155.1431 5.5973 46.8561 100.0000 stroke7
movl 0 -38.6203 407.7124 221.1819 -151.3022 15.1464 60.9298 100.0000 stroke8
movl 0 -36.6002 403.7075 184.5927 -155.2067 14.8760 57.6766 100.0000 stroke8
movl 0 -42.4346 400.2617 173.9997 -157.9443 13.6734 56.1440 100.0000 stroke8
movl 0 -48.4438 397.7970 173.0659 -159.5927 12.7407 55.8520 100.0000 stroke8
movl 0 -50.8586 397.6283 172.6386 -160.0711 12.4440 55.7130 100.0000 stroke8
movl 0 -54.9731 398.9960 171.8427 -161.5871 12.1029 55.3977 100.0000 stroke8
movl 0 -56.4384 401.2714 171.3953 -163.2767 12.7111 53.9043 100.0000 stroke8
movl 0 -56.9518 402.4560 171.4844 -164.6259 13.7931 52.5372 100.0000 stroke8
movl 0 -58.0368 403.5408 171.7705 -166.3563 15.0163 50.8520 100.0000 stroke8
movl 0 -59.5317 405.1041 171.7563 -168.6305 16.4889 48.6287 100.0000 stroke8
movl 0 -59.4337 404.2452 172.2400 -168.6216 16.7026 47.9139 100.0000 stroke8
movl 0 -57.7634 402.9011 172.7243 -167.9704 16.4431 46.4618 100.0000 stroke8
movl 0 -60.1083 403.3209 172.5035 -169.4636 16.7798 45.9167 100.0000 stroke8
movl 0 -59.5618 400.8200 173.7809 -168.4130 15.9234 45.1041 100.0000 stroke8
movl 0 -49.1135 383.1031 203.6448 -155.3342 10.5344 45.4908 100.0000 stroke8
movl 0 -43.5615 392.4594 220.6251 -152.2093 15.6160 54.4803 100.0000 stroke9
movl 0 -44.3888 395.3769 178.5245 -157.5983 16.0849 51.3303 100.0000 stroke9
movl 0 -44.3289 395.2490 177.1608 -159.4480 15.7528 49.3588 100.0000 stroke9
movl 0 -48.7116 392.8487 176.4826 -161.2397 14.4050 47.7967 100.0000 stroke9
movl 0 -52.0466 393.3801 175.9662 -162.4497 13.5883 47.1621 100.0000 stroke9
movl 0 -53.4112 394.5154 175.3094 -162.9752 13.6451 47.1768 100.0000 stroke9
movl 0 -56.4835 395.2827 174.9755 -164.1732 13.0752 46.3196 100.0000 stroke9
movl 0 -56.6647 395.8666 174.8952 -164.7513 12.8128 45.1521 100.0000 stroke9
movl 0 -54.3231 396.7663 174.8264 -165.0731 12.8045 43.3154 100.0000 stroke9
movl 0 -51.4936 398.1512 174.7508 -165.2935 13.1838 41.7575 100.0000 stroke9
movl 0 -49.4024 397.5663 174.7952 -164.6122 13.5668 41.6833 100.0000 stroke9
movl 0 -50.7423 400.3463 174.0506 -166.5040 14.1004 40.6353 100.0000 stroke9
movl 0 -49.5303 403.0954 173.1643 -167.4377 15.2071 39.9674 100.0000 stroke9
movl 0 -50.4507 405.1476 172.8705 -169.4634 16.9412 39.5160 100.0000 stroke9
movl 0 -50.8021 405.8223 173.0462 -170.4867 17.9364 39.7498 100.0000 stroke9
movl 0 -46.5410 400.3443 176.4474 -166.5315 17.4641 41.2128 100.0000 stroke9
movl 0 -32.3436 374.0904 221.1224 -146.7048 9.9331 50.5750 100.0000 stroke9
movl 0 -32.6387 386.2532 183.0348 -153.0981 17.9149 46.6736 100.0000 stroke10
movl 0 -33.5505 387.7731 173.4138 -156.8250 18.2134 43.7136 100.0000 stroke10
movl 0 -39.6130 386.9162 173.7856 -160.6853 16.9054 39.8519 100.0000 stroke10
movl 0 -45.2408 383.3654 174.8543 -161.8330 15.1730 38.8708 100.0000 stroke10
movl 0 -47.4155 384.1599 174.2905 -162.5127 16.2466 40.2966 100.0000 stroke10
movl 0 -49.8290 383.8977 173.6293 -162.8354 16.1242 40.8436 100.0000 stroke10
movl 0 -52.0059 384.5338 173.1421 -163.5585 15.6234 40.6164 100.0000 stroke10
movl 0 -54.4302 384.3313 173.0696 -164.3974 14.7187 39.7187 100.0000 stroke10
movl 0 -54.7908 384.8274 173.0323 -165.0512 14.4214 38.5601 100.0000 stroke10
movl 0 -54.0910 384.7603 173.1818 -165.3145 14.1597 37.4511 100.0000 stroke10
movl 0 -53.1271 385.0120 173.2513 -165.6278 14.0464 36.4058 100.0000 stroke10
movl 0 -51.8262 385.3712 173.3690 -165.9873 13.8440 34.9698 100.0000 stroke10
movl 0 -51.5890 385.6592 173.4003 -166.3957 13.5485 33.9684 100.0000 stroke10
movl 0 -50.8090 384.3941 173.8814 -165.7725 13.4776 34.3299 100.0000 stroke10
movl 0 -51.6616 385.0868 173.6879 -166.4940 13.3922 34.3642 100.0000 stroke10
movl 0 -52.2378 384.1469 173.9613 -166.0297 13.1384 35.0306 100.0000 stroke10
movl 0 -50.9575 380.9286 185.0612 -162.8541 12.8434 37.1990 100.0000 stroke10
movl 0 -19.1431 399.2988 203.9220 -150.9549 10.3324 45.4999 100.0000 stroke11
movl 0 -16.0658 400.6581 178.4237 -153.9297 10.6621 42.6741 100.0000 stroke11
movl 0 -21.0452 399.6276 173.4179 -156.3613 10.3877 41.9328 100.0000 stroke11
movl 0 -21.8392 400.3786 172.6947 -156.7922 10.6147 41.7445 100.0000 stroke11
movl 0 -25.6684 401.5136 171.7892 -158.0066 10.2862 42.0414 100.0000 stroke11
movl 0 -30.4976 402.9212 171.5132 -160.3694 9.6292 39.8650 100.0000 stroke11
movl 0 -31.0950 403.9381 171.3377 -161.1886 9.6500 38.1296 100.0000 stroke11
movl 0 -27.2349 406.0547 171.2260 -161.9268 10.3184 34.8540 100.0000 stroke11
movl 0 -22.8001 408.1169 170.9410 -162.2701 11.4274 32.8211 100.0000 stroke11
movl 0 -18.1487 407.6733 171.5244 -161.2741 12.7711 32.8979 100.0000 stroke11
movl 0 -20.0012 411.6960 170.3149 -164.0385 13.6938 30.9619 100.0000 stroke11
movl 0 -19.9016 413.9500 169.8918 -165.3393 14.5706 29.9366 100.0000 stroke11
movl 0 -19.6083 414.9882 170.0917 -166.6327 15.8529 28.9846 100.0000 stroke11
movl 0 -20.4488 416.6817 170.6071 -169.4290 17.4506 26.9861 100.0000 stroke11
movl 0 -21.8245 417.7673 170.9417 -171.9676 18.6752 25.1545 100.0000 stroke11
movl 0 -23.6405 417.8912 171.3562 -173.7792 19.4353 24.1370 100.0000 stroke11
movl 0 -25.7680 417.1299 171.7984 -174.7566 19.9787 24.3927 100.0000 stroke11
movl 0 -28.0873 415.6436 172.2953 -174.5521 20.1371 26.0176 100.0000 stroke11
movl 0 -29.4508 414.3672 172.7123 -174.1145 20.2466 27.3552 100.0000 stroke11
movl 0 -29.5970 412.4413 173.5247 -172.8129 20.6874 29.2544 100.0000 stroke11
movl 0 -22.6376 404.3050 181.9223 -165.0450 21.5685 34.3302 100.0000 stroke11
movl 0 -36.9427 372.3182 232.8654 -147.9084 5.1544 52.3028 100.0000 stroke11
movl 0 -47.3424 367.0425 237.2084 -153.6001 -8.2094 71.1318 100.0000 stroke12
movl 0 -47.5635 367.8370 185.0880 -158.4084 -5.6006 64.5069 100.0000 stroke12
movl 0 -50.6468 369.7513 182.8830 -159.1038 -5.7415 62.9373 100.0000 stroke12
movl 0 -54.7666 371.9138 178.3393 -160.3720 -6.0924 62.8672 100.0000 stroke12
movl 0 -55.8959 374.4000 176.6584 -160.9287 -5.6865 62.5541 100.0000 stroke12
movl 0 -61.4034 375.1063 175.7233 -162.9472 -6.2513 61.6053 100.0000 stroke12
movl 0 -66.0974 374.5064 175.2529 -164.5606 -7.4139 60.2929 100.0000 stroke12
movl 0 -64.4102 376.7175 175.6427 -165.0543 -6.4084 58.8935 100.0000 stroke12
movl 0 -63.5207 377.6085 176.4446 -165.4687 -5.6099 58.1355 100.0000 stroke12
movl 0 -62.1136 379.1218 177.3837 -166.4021 -4.2616 56.6594 100.0000 stroke12
movl 0 -63.3690 382.1948 178.3535 -168.9762 -2.9748 54.3586 100.0000 stroke12
movl 0 -67.4340 385.8384 178.7978 -172.4678 -2.0902 50.8342 100.0000 stroke12
movl 0 -71.3573 389.2893 178.6341 -175.5016 -1.7636 46.1346 100.0000 stroke12
movl 0 -75.2801 392.4711 177.9986 -178.2943 -1.9849 42.3668 100.0000 stroke12
movl 0 -78.3886 395.2392 177.2813 179.3193 -2.5095 38.7375 100.0000 stroke12
movl 0 -80.9155 394.8944 176.9966 178.7530 -3.4411 37.6710 100.0000 stroke12
movl 0 -79.6570 396.0611 177.0344 178.7356 -3.1743 36.8772 100.0000 stroke12
movl 0 -77.8776 396.9904 177.2102 178.7268 -2.9558 36.0385 100.0000 stroke12
movl 0 -75.3870 397.8471 177.5814 178.9027 -2.4382 35.7585 100.0000 stroke12
movl 0 -73.7454 397.8775 178.0623 179.1115 -2.0102 35.8148 100.0000 stroke12
movl 0 -71.7369 397.8852 178.5608 179.3324 -1.6122 35.6473 100.0000 stroke12
movl 0 -70.5383 398.1083 178.6887 179.2405 -1.3608 35.3274 100.0000 stroke12
movl 0 -69.7204 398.3709 178.7857 179.2944 -1.2104 35.0479 100.0000 stroke12
movl 0 -68.1306 399.3240 178.8039 179.2808 -0.8767 34.5967 100.0000 stroke12
movl 0 -67.1739 399.3464 179.0324 179.3788 -0.6936 34.4816 100.0000 stroke12
movl 0 -66.3290 398.7996 179.2190 179.4748 -0.6989 34.3961 100.0000 stroke12
movl 0 -65.0304 398.5927 179.4015 179.5572 -0.6034 34.3015 100.0000 stroke12
movl 0 -63.5854 398.2958 179.7326 179.7449 -0.5044 34.1085 100.0000 stroke12
movl 0 -61.8146 397.9623 180.0802 179.8671 -0.3221 33.8760 100.0000 stroke12
movl 0 -60.3184 397.6560 180.5069 -179.9198 -0.1389 33.7624 100.0000 stroke12
movl 0 -58.7909 397.1659 180.9395 -179.7366 -0.0345 33.5816 100.0000 stroke12
movl 0 -57.4461 396.9861 181.4563 -179.5903 0.1027 33.2140 100.0000 stroke12
movl 0 -56.7260 396.4892 182.0115 -179.3900 0.1354 33.1571 100.0000 stroke12
movl 0 -55.3763 396.2650 182.5425 -179.2110 0.3231 33.0395 100.0000 stroke12
movl 0 -52.7397 394.1277 184.8734 -178.2499 0.5353 33.2194 100.0000 stroke12
movl 0 -31.9814 382.1792 202.3156 -171.2473 3.7760 34.6114 100.0000 stroke12
movl 0 -16.4247 365.9985 243.8391 -162.1683 4.9449 39.4510 100.0000 stroke12
movl 0 -38.5501 359.1477 214.4318 -151.8697 -6.1054 69.9538 100.0000 stroke13
movl 0 -48.8004 355.4138 183.4566 -156.8290 -5.7431 69.0181 100.0000 stroke13
movl 0 -54.0535 353.0545 180.3170 -158.8366 -6.0077 68.9811 100.0000 stroke13
movl 0 -57.2588 351.9769 179.4395 -159.9253 -5.8103 68.9095 100.0000 stroke13
movl 0 -60.0495 353.9291 178.7158 -161.4105 -4.7240 68.6348 100.0000 stroke13
movl 0 -64.5218 355.7357 177.4951 -163.0549 -4.7396 67.7737 100.0000 stroke13
movl 0 -68.0004 357.3728 177.0471 -165.0368 -4.2668 66.2463 100.0000 stroke13
movl 0 -70.4960 357.4680 177.1867 -166.1730 -4.2561 65.1970 100.0000 stroke13
movl 0 -71.2324 358.3172 177.1148 -166.7096 -4.1857 63.7119 100.0000 stroke13
movl 0 -70.6633 360.5313 177.3374 -167.7141 -3.8438 60.6484 100.0000 stroke13
movl 0 -69.9121 363.0811 177.3321 -168.6222 -3.3710 57.7756 100.0000 stroke13
movl 0 -69.2264 364.6830 177.3288 -169.3293 -3.3943 55.5608 100.0000 stroke13
movl 0 -68.3972 366.5117 177.1425 -169.9354 -3.2792 53.8150 100.0000 stroke13
movl 0 -67.3743 365.2756 177.7086 -169.3151 -3.3280 53.6968 100.0000 stroke13
movl 0 -65.1184 363.7164 178.3498 -168.0649 -3.2841 53.6110 100.0000 stroke13
movl 0 -64.4246 362.7881 178.8175 -167.5775 -3.4183 53.2690 100.0000 stroke13
movl 0 -64.0252 362.5309 179.0454 -167.4156 -3.3845 53.0782 100.0000 stroke13
movl 0 -63.2680 362.0691 179.3507 -167.0865 -3.3004 52.9102 100.0000 stroke13
movl 0 -63.8166 362.9485 179.3725 -167.8653 -2.6452 52.2833 100.0000 stroke13
movl 0 -64.6848 364.8144 179.4079 -169.2084 -1.4912 51.1097 100.0000 stroke13
movl 0 -64.1273 365.6205 179.1336 -169.2119 -0.8358 51.1453 100.0000 stroke13
movl 0 -53.4617 360.6504 182.8017 -162.0393 -0.7030 55.9184 100.0000 stroke13
movl 0 -43.1668 340.0581 236.5270 -148.9853 -9.4501 59.9668 100.0000 stroke13
movl 0 -25.3524 391.5979 231.8308 -152.6704 9.2775 71.8732 100.0000 stroke14
movl 0 -25.9326 376.8818 180.9143 -151.8228 2.7630 70.3751 100.0000 stroke14
movl 0 -30.1941 370.2234 173.4243 -153.3975 -1.3480 69.1861 100.0000 stroke14
movl 0 -34.9279 367.8906 173.1535 -154.9953 -2.7604 68.7513 100.0000 stroke14
movl 0 -35.7201 370.7904 172.1281 -156.0641 -2.0044 67.6251 100.0000 stroke14
movl 0 -36.4940 372.6018 171.1852 -156.1919 -1.0684 67.3723 100.0000 stroke14
movl 0 -39.4974 377.5254 170.3000 -158.6204 1.0192 65.7432 100.0000 stroke14
movl 0 -40.2968 380.8773 169.9123 -160.4863 2.8054 63.4246 100.0000 stroke14
movl 0 -39.5374 383.0209 169.6391 -160.8389 4.7857 62.6721 100.0000 stroke14
movl 0 -40.0759 385.3016 170.6896 -162.4377 7.8289 60.9652 100.0000 stroke14
movl 0 -41.0244 387.0918 171.2942 -164.3479 10.4550 58.8972 100.0000 stroke14
movl 0 -41.7184 389.3664 171.4131 -166.2676 13.0204 56.7382 100.0000 stroke14
movl 0 -42.8216 390.9913 171.3206 -168.0549 14.7956 55.1174 100.0000 stroke14
movl 0 -42.8339 390.0796 172.0963 -168.2368 14.6957 54.2608 100.0000 stroke14
movl 0 -43.3901 389.6914 172.0539 -168.7766 15.1268 54.0404 100.0000 stroke14
movl 0 -44.6620 388.5197 172.5256 -168.8092 14.3681 53.8823 100.0000 stroke14
movl 0 -43.7903 374.1844 177.4928 -162.6206 7.7477 56.8033 100.0000 stroke14
movl 0 -49.2928 345.9247 213.2652 -153.6591 -9.3413 65.7227 100.0000 stroke14
movl 0 -50.5453 337.5693 196.1852 -156.9678 -12.4409 80.4092 100.0000 stroke15
movl 0 -52.8461 336.2067 178.2072 -159.1108 -10.0357 77.0014 100.0000 stroke15
movl 0 -61.3329 333.2477 178.3746 -160.7808 -10.3241 77.1751 100.0000 stroke15
movl 0 -69.7871 329.3080 177.4627 -161.9625 -11.4542 78.3799 100.0000 stroke15
movl 0 -71.6473 329.7466 176.4626 -162.5682 -11.5333 78.3114 100.0000 stroke15
movl 0 -76.0328 330.9128 175.3778 -164.3747 -11.2963 77.9233 100.0000 stroke15
movl 0 -78.5875 333.0016 175.1211 -165.9420 -10.2166 76.7104 100.0000 stroke15
movl 0 -80.4379 334.8792 175.2253 -167.2264 -8.8479 75.1445 100.0000 stroke15
movl 0 -82.6267 333.8069 175.0601 -167.8269 -9.4541 74.3864 100.0000 stroke15
movl 0 -82.1528 335.0342 175.2862 -168.3854 -9.3446 72.3298 100.0000 stroke15
movl 0 -81.6214 337.3170 175.6009 -169.4312 -8.9730 69.4555 100.0000 stroke15
movl 0 -81.2187 339.9230 175.8564 -170.7539 -8.6440 66.4241 100.0000 stroke15
movl 0 -80.0217 343.2700 175.9231 -171.9034 -8.0854 63.1890 100.0000 stroke15
movl 0 -79.4872 346.3446 175.9019 -173.1947 -7.7965 60.0140 100.0000 stroke15
movl 0 -79.7519 348.6395 175.7099 -174.4195 -7.9565 57.3834 100.0000 stroke15
movl 0 -78.7782 350.6317 175.6249 -174.9838 -7.6601 55.8029 100.0000 stroke15
movl 0 -78.4700 352.2144 175.3511 -175.5933 -7.4909 53.8694 100.0000 stroke15
movl 0 -78.0158 350.1702 176.2377 -174.7752 -7.6619 53.8709 100.0000 stroke15
movl 0 -74.4908 347.2969 177.6383 -172.6005 -7.9961 53.9623 100.0000 stroke15
movl 0 -73.3441 346.2052 178.3496 -171.8391 -8.2680 53.6799 100.0000 stroke15
movl 0 -72.5636 345.9031 178.6941 -171.6490 -8.2280 53.4272 100.0000 stroke15
movl 0 -72.7588 346.1617 178.6564 -171.8451 -8.0212 53.3647 100.0000 stroke15
movl 0 -73.6326 347.5682 178.8915 -172.9762 -7.0722 52.5999 100.0000 stroke15
movl 0 -73.6915 348.8742 179.1516 -173.7494 -6.1134 51.4366 100.0000 stroke15
movl 0 -73.6335 349.0967 179.5304 -174.1430 -5.6099 50.4021 100.0000 stroke15
movl 0 -73.2656 348.8212 179.7541 -174.1892 -5.2848 49.9554 100.0000 stroke15
movl 0 -73.0226 348.6004 179.8046 -173.9226 -5.2443 49.9160 100.0000 stroke15
movl 0 -70.5381 345.9981 180.6838 -171.8311 -5.3739 50.8542 100.0000 stroke15
movl 0 -63.9356 336.8803 185.3579 -166.5411 -7.2644 52.9804 100.0000 stroke15
movl 0 -57.5069 320.7157 220.9497 -159.5808 -11.5791 54.1490 100.0000 stroke15
