movl 0 -39.4058 410.0862 164.2059 -155.2149 -8.3380 88.5718 100.0000 stroke1
movl 0 -39.4260 410.2579 164.1004 -155.1813 -8.2166 88.4690 100.0000 stroke1
movl 0 -39.3757 410.3515 164.0525 -155.1773 -8.1455 88.3329 100.0000 stroke1
movl 0 -39.5531 410.8839 163.9197 -155.0673 -7.4823 87.9708 100.0000 stroke1
movl 0 -39.8300 410.9697 164.0064 -154.9488 -6.7382 87.3898 100.0000 stroke1
movl 0 -40.3801 410.8102 164.0638 -154.7006 -5.8663 86.7662 100.0000 stroke1
movl 0 -41.0917 410.4310 164.2661 -154.4739 -5.0517 86.3918 100.0000 stroke1
movl 0 -42.3644 409.5837 164.8074 -154.1906 -4.3800 86.3610 100.0000 stroke1
movl 0 -43.6978 408.9035 165.1710 -154.0460 -3.9287 86.4288 100.0000 stroke1
movl 0 -44.9090 407.8914 165.5359 -153.8819 -3.8658 86.6648 100.0000 stroke1
movl 0 -46.2212 406.7547 165.9414 -153.6960 -3.9059 86.8089 100.0000 stroke1
movl 0 -46.1645 404.1547 167.1120 -151.9741 -4.5960 86.8991 100.0000 stroke1
movl 0 -40.1155 390.6059 179.0932 -144.9739 -9.8273 84.6020 100.0000 stroke1
movl 0 -41.4400 368.2927 235.1678 -139.4748 -17.8307 84.3899 100.0000 stroke1
movl 0 -26.4613 400.9832 224.6283 -140.8214 -0.5826 82.7863 100.0000 stroke2
movl 0 -23.9425 396.0294 180.0669 -145.8965 1.1125 76.8496 100.0000 stroke2
movl 0 -26.3706 395.8876 169.9996 -149.0525 1.1361 75.2495 100.0000 stroke2
movl 0 -31.8122 394.2554 169.7880 -150.6583 -0.0927 74.9244 100.0000 stroke2
movl 0 -31.6788 396.4438 168.0269 -150.8843 -0.2763 74.2411 100.0000 stroke2
movl 0 -31.8024 399.4596 166.1192 -151.1122 0.3883 73.8753 100.0000 stroke2
movl 0 -35.9968 402.6251 165.3529 -154.0112 2.0012 72.5965 100.0000 stroke2
movl 0 -37.4476 404.1462 165.0107 -155.0695 2.9503 71.6430 100.0000 stroke2
movl 0 -39.1696 403.8551 165.0467 -155.1958 3.6824 71.9503 100.0000 stroke2
movl 0 -40.8343 402.8736 165.4479 -155.1659 4.5804 72.4436 100.0000 stroke2
movl 0 -43.2392 401.4728 165.8225 -155.1865 5.4263 73.0595 100.0000 stroke2
movl 0 -45.9270 400.4008 165.9364 -155.1428 6.1308 73.9589 100.0000 stroke2
movl 0 -49.1656 398.6679 166.1997 -154.9306 6.4572 75.1061 100.0000 stroke2
movl 0 -52.8673 397.1485 166.4305 -154.7715 6.5901 75.9465 100.0000 stroke2
movl 0 -55.5843 395.5181 166.8846 -154.0603 6.4934 76.5261 100.0000 stroke2
movl 0 -54.6359 389.6583 171.6420 -149.9990 4.1739 78.1964 100.0000 stroke2
movl 0 -51.7125 374.4807 210.7017 -142.2904 -3.4363 80.8154 100.0000 stroke2
movl 0 -20.5654 400.0523 204.7776 -141.4425 6.1357 73.3012 100.0000 stroke3
movl 0 -19.0270 390.3976 170.1276 -144.7382 6.7806 70.8489 100.0000 stroke3
movl 0 -21.6069 387.2261 169.1497 -147.7002 5.8250 68.8599 100.0000 stroke3
movl 0 -27.6400 387.0123 167.0462 -150.0410 5.3591 68.9123 100.0000 stroke3
movl 0 -30.9868 385.8141 166.4806 -150.5741 4.4438 69.0184 100.0000 stroke3
movl 0 -32.6884 386.6428 165.4213 -150.7339 4.1651 69.3959 100.0000 stroke3
movl 0 -36.2550 389.6046 164.8127 -153.3059 6.4559 67.6939 100.0000 stroke3
movl 0 -37.7855 391.6854 164.8018 -155.0683 8.6021 65.6528 100.0000 stroke3
movl 0 -38.6394 393.1206 164.8140 -156.4086 10.5696 63.7622 100.0000 stroke3
movl 0 -39.9716 394.1925 164.9239 -158.0209 12.6406 61.7831 100.0000 stroke3
movl 0 -41.4949 395.3427 164.9808 -160.0782 15.2543 58.9816 100.0000 stroke3
movl 0 -43.2198 396.6072 164.8073 -162.9385 18.0214 54.4441 100.0000 stroke3
movl 0 -45.1813 397.1106 164.5139 -165.5873 20.0617 50.4453 100.0000 stroke3
movl 0 -47.4861 396.8550 164.3471 -167.4967 21.3324 48.1145 100.0000 stroke3
movl 0 -46.1162 395.6591 164.9849 -167.1398 21.3148 46.6146 100.0000 stroke3
movl 0 -43.9855 395.3780 165.1942 -167.1671 21.5532 45.3960 100.0000 stroke3
movl 0 -44.7915 395.2373 165.3141 -168.2976 21.9726 44.0918 100.0000 stroke3
movl 0 -44.8766 394.3536 165.5778 -168.5992 22.0700 43.6146 100.0000 stroke3
movl 0 -44.0845 391.9045 166.5493 -167.3197 21.1085 43.3519 100.0000 stroke3
movl 0 -32.8960 373.6868 177.7621 -153.8053 13.0402 46.6840 100.0000 stroke3
movl 0 -23.5511 350.7659 249.4389 -141.9715 -1.0693 53.3741 100.0000 stroke3
movl 0 -8.9907 408.3588 180.5191 -149.3980 15.4209 46.6040 100.0000 stroke4
movl 0 -6.8864 405.0170 166.7041 -150.6629 16.5667 43.0306 100.0000 stroke4
movl 0 -11.6943 404.4358 164.4280 -152.8481 16.0352 39.8102 100.0000 stroke4
movl 0 -14.6519 403.8700 164.4139 -153.2416 15.7740 38.3485 100.0000 stroke4
movl 0 -17.6619 408.1922 163.3433 -156.5909 16.2842 36.3799 100.0000 stroke4
movl 0 -20.7111 412.7705 163.5423 -161.4112 18.1971 33.3645 100.0000 stroke4
movl 0 -23.1477 414.9295 163.5325 -164.5763 19.2731 31.7427 100.0000 stroke4
movl 0 -21.7106 413.1150 164.3957 -163.0903 18.7810 31.7746 100.0000 stroke4
movl 0 -20.6161 413.2731 164.7220 -163.7914 19.2301 30.8868 100.0000 stroke4
movl 0 -21.3212 412.7061 164.9733 -163.9892 19.0501 30.6448 100.0000 stroke4
movl 0 -17.9969 404.9281 166.2837 -157.9526 16.6904 33.0393 100.0000 stroke4
movl 0 -10.2371 388.3238 192.7811 -145.1656 6.2938 44.3149 100.0000 stroke4
movl 0 5.7628 412.5857 192.7674 -144.2598 7.5300 58.9037 100.0000 stroke5
movl 0 4.9418 409.7979 171.2134 -146.7615 5.2519 58.0698 100.0000 stroke5
movl 0 1.4336 410.0301 167.6822 -149.2918 4.6789 56.7072 100.0000 stroke5
movl 0 -1.1700 411.8859 164.7144 -150.7009 5.2056 56.2927 100.0000 stroke5
movl 0 -5.0912 414.3755 163.8102 -152.8575 5.2544 55.5609 100.0000 stroke5
movl 0 -6.6150 417.1171 163.5697 -155.1493 6.6415 53.4610 100.0000 stroke5
movl 0 -4.7028 419.3203 163.2094 -156.1508 8.2860 51.7007 100.0000 stroke5
movl 0 -4.8449 420.6055 163.1500 -156.8131 9.8069 50.7261 100.0000 stroke5
movl 0 -4.8958 421.1610 163.8283 -157.5325 11.7402 49.4829 100.0000 stroke5
movl 0 -5.1820 421.6196 164.2200 -158.4484 13.8145 48.1867 100.0000 stroke5
movl 0 -6.2748 420.9897 164.8058 -159.1046 15.0254 47.6864 100.0000 stroke5
movl 0 -7.0251 420.1321 165.3008 -159.2082 15.8340 47.9822 100.0000 stroke5
movl 0 -7.9491 418.2461 166.1729 -158.6115 16.1167 49.2955 100.0000 stroke5
movl 0 -7.7611 402.5748 185.8764 -150.5080 13.4413 56.0765 100.0000 stroke5
movl 0 -9.5679 394.1307 202.8754 -144.4305 7.5626 67.8431 100.0000 stroke6
movl 0 -10.0825 393.4488 174.2389 -148.7474 6.1973 64.1631 100.0000 stroke6
movl 0 -19.5387 392.6830 172.9524 -151.8554 4.0447 64.3920 100.0000 stroke6
movl 0 -27.4565 391.8095 171.0155 -153.9106 2.1025 65.8541 100.0000 stroke6
movl 0 -28.3288 392.8600 169.9157 -154.1271 2.3367 65.7692 100.0000 stroke6
movl 0 -30.9986 393.6956 169.7248 -155.6044 2.3294 64.6839 100.0000 stroke6
movl 0 -33.4803 393.4715 170.0643 -157.0929 1.9675 63.3165 100.0000 stroke6
movl 0 -36.0044 392.4883 170.3188 -158.0206 1.3477 62.3082 100.0000 stroke6
movl 0 -36.7999 392.5028 170.4260 -158.8636 1.0920 60.6538 100.0000 stroke6
movl 0 -37.5244 392.6262 170.8048 -159.8946 0.7990 58.2318 100.0000 stroke6
movl 0 -37.4593 393.0769 171.0361 -160.7697 0.5978 55.6935 100.0000 stroke6
movl 0 -36.2913 394.0197 171.1049 -161.5878 0.3904 53.0163 100.0000 stroke6
movl 0 -34.4454 394.5533 171.1285 -161.6064 0.5821 51.6047 100.0000 stroke6
movl 0 -31.4687 391.8508 171.9384 -159.7907 0.5465 52.0161 100.0000 stroke6
movl 0 -30.2280 390.6449 172.4457 -159.2014 0.3495 51.9593 100.0000 stroke6
movl 0 -30.4189 390.8886 172.4884 -159.5320 0.5199 52.1235 100.0000 stroke6
movl 0 -30.9915 392.5038 172.5497 -160.9296 1.7585 51.7632 100.0000 stroke6
movl 0 -27.9374 390.6258 172.6213 -157.3874 3.0548 55.5667 100.0000 stroke6
movl 0 -16.4613 377.7604 188.6157 -144.5921 -0.6006 61.2607 100.0000 stroke6
movl 0 -11.9360 382.6623 209.6091 -148.0546 15.3917 46.1237 100.0000 stroke7
movl 0 -11.9524 376.0313 172.7581 -152.5463 16.1726 39.8619 100.0000 stroke7
movl 0 -18.1857 374.6434 172.2886 -154.0129 14.4687 39.4433 100.0000 stroke7
movl 0 -22.3425 375.7535 169.1660 -154.9757 14.1475 38.9369 100.0000 stroke7
movl 0 -27.5912 378.2915 167.9747 -157.3448 13.3292 38.1817 100.0000 stroke7
movl 0 -31.1731 380.0341 167.3131 -159.2910 13.5812 37.5023 100.0000 stroke7
movl 0 -32.0661 381.1279 167.1355 -160.4051 14.0554 36.9418 100.0000 stroke7
movl 0 -33.9534 381.0596 167.2102 -161.3160 14.0093 36.5359 100.0000 stroke7
movl 0 -34.9055 380.4911 167.4568 -161.3586 13.7005 36.0608 100.0000 stroke7
movl 0 -33.9643 380.7688 167.6896 -161.2523 13.4524 34.6494 100.0000 stroke7
movl 0 -31.8601 381.3255 167.5733 -161.2256 13.4833 33.1284 100.0000 stroke7
movl 0 -28.9512 382.1813 167.5598 -161.2761 13.8768 31.7437 100.0000 stroke7
movl 0 -25.0611 382.3849 167.9526 -161.0251 14.3924 30.5140 100.0000 stroke7
movl 0 -14.7829 380.2130 172.6827 -158.6790 15.0271 30.1392 100.0000 stroke7
movl 0 -10.0291 366.4508 210.4007 -151.5823 11.8345 35.1131 100.0000 stroke7
movl 0 -4.8827 390.8985 232.4578 -147.2804 8.6463 55.8091 100.0000 stroke8
movl 0 -5.2745 386.0614 188.0043 -152.0578 9.4666 49.7253 100.0000 stroke8
movl 0 -5.4382 386.5265 174.7249 -154.8032 10.2970 47.1727 100.0000 stroke8
movl 0 -7.6671 386.7472 172.3779 -155.4380 10.2973 46.5785 100.0000 stroke8
movl 0 -8.2733 388.6217 170.7384 -156.0419 10.5617 45.7643 100.0000 stroke8
movl 0 -11.1589 392.8484 169.1762 -158.4696 11.3737 44.7256 100.0000 stroke8
movl 0 -11.0664 398.0621 168.0355 -161.6570 13.5003 42.0979 100.0000 stroke8
movl 0 -9.2371 400.9172 167.0118 -162.3992 15.1727 41.0970 100.0000 stroke8
movl 0 -10.5945 401.6280 166.9579 -163.4593 16.6009 40.9175 100.0000 stroke8
movl 0 -13.3645 400.8068 167.4444 -164.3879 17.7002 41.0475 100.0000 stroke8
movl 0 -17.4861 398.8371 168.0106 -164.8798 18.3916 41.7910 100.0000 stroke8
movl 0 -21.2633 396.1489 168.7454 -164.2422 18.4724 43.2842 100.0000 stroke8
movl 0 -23.7722 389.3789 173.9011 -160.4096 18.3925 45.5273 100.0000 stroke8
movl 0 -29.5628 366.9967 208.0397 -148.5571 12.6304 51.4073 100.0000 stroke8
movl 0 -33.5298 358.8040 218.3167 -151.0800 20.3307 33.6128 100.0000 stroke9
movl 0 -32.0306 357.0189 180.6577 -156.3693 18.2140 26.9462 100.0000 stroke9
movl 0 -33.6264 357.7731 173.0354 -158.6271 16.5887 25.0725 100.0000 stroke9
movl 0 -37.7161 358.3010 172.5443 -160.0412 15.8170 24.8037 100.0000 stroke9
movl 0 -39.2365 359.6432 171.4317 -160.3269 15.3942 25.7026 100.0000 stroke9
movl 0 -44.7130 359.9638 170.4973 -161.4991 13.2166 25.6770 100.0000 stroke9
movl 0 -49.0313 359.1930 170.6616 -162.9324 11.8944 24.5235 100.0000 stroke9
movl 0 -51.4057 358.0334 170.7703 -163.0330 10.9062 24.1171 100.0000 stroke9
movl 0 -51.2028 358.6791 170.8979 -163.4233 10.1631 22.1714 100.0000 stroke9
movl 0 -50.5241 359.1584 171.2364 -163.9658 9.9575 20.7628 100.0000 stroke9
movl 0 -49.8723 359.6336 171.5636 -164.4585 10.0025 20.1011 100.0000 stroke9
movl 0 -48.9839 359.7907 172.1678 -164.9878 10.0472 19.6272 100.0000 stroke9
movl 0 -48.3583 360.5218 172.6581 -165.6530 10.0426 19.0967 100.0000 stroke9
movl 0 -48.2918 361.9753 173.2800 -166.9179 9.8434 17.9200 100.0000 stroke9
movl 0 -49.0736 363.5901 174.2459 -168.5964 9.2389 16.5444 100.0000 stroke9
movl 0 -50.0536 365.3571 174.8462 -170.2300 8.4822 14.6352 100.0000 stroke9
movl 0 -52.0013 367.5749 175.3657 -172.1826 7.4451 12.6722 100.0000 stroke9
movl 0 -55.1267 369.7423 175.7272 -174.0688 5.7706 11.0545 100.0000 stroke9
movl 0 -58.7962 371.6711 175.6694 -175.7482 3.8756 8.4200 100.0000 stroke9
movl 0 -62.4701 373.2365 175.3601 -176.8167 1.8580 6.1264 100.0000 stroke9
movl 0 -65.1878 374.5458 175.0326 -177.7298 0.3961 4.3150 100.0000 stroke9
movl 0 -66.2778 375.7637 174.9695 -178.4552 -0.3702 2.3041 100.0000 stroke9
movl 0 -66.6003 376.2256 175.2056 -178.8501 -0.6438 1.2780 100.0000 stroke9
movl 0 -66.2666 376.0181 175.6113 -178.8625 -0.2552 -0.2011 100.0000 stroke9
movl 0 -64.9836 376.3589 175.9979 -178.4825 -0.0470 -2.7998 100.0000 stroke9
movl 0 -64.4284 376.9263 175.9589 -178.9403 0.0576 -3.3138 100.0000 stroke9
movl 0 -63.9988 376.4513 176.4284 -179.0406 -0.0292 -3.4912 100.0000 stroke9
movl 0 -61.4576 377.9070 176.5645 -179.0970 -0.0195 -4.6808 100.0000 stroke9
movl 0 -60.6013 377.6271 176.8966 -179.1702 0.0239 -4.9606 100.0000 stroke9
movl 0 -58.6975 378.1300 177.1858 -179.1245 0.0204 -5.6258 100.0000 stroke9
movl 0 -56.9295 378.2478 177.5277 -179.1579 0.1470 -6.1241 100.0000 stroke9
movl 0 -55.4216 378.2715 177.8244 -179.2688 0.3752 -6.4056 100.0000 stroke9
movl 0 -53.6439 378.3669 178.2111 -179.3068 0.6302 -6.7692 100.0000 stroke9
movl 0 -51.4058 378.7455 178.6572 -179.4117 0.9055 -7.1891 100.0000 stroke9
movl 0 -50.1443 378.6536 179.0718 -179.4299 1.1372 -7.3645 100.0000 stroke9
movl 0 -48.8064 378.2755 179.5427 -179.4193 1.4019 -7.4447 100.0000 stroke9
movl 0 -46.8869 378.3873 180.0534 -179.4556 1.7354 -7.7409 100.0000 stroke9
movl 0 -45.0693 378.3624 180.6954 -179.4455 2.1262 -7.9804 100.0000 stroke9
movl 0 -44.0245 377.5655 181.3463 -179.2519 2.4649 -8.0363 100.0000 stroke9
movl 0 -44.1698 377.1847 181.5279 -179.0281 2.8421 -7.7403 100.0000 stroke9
movl 0 -39.2877 374.8353 183.4127 -178.2042 5.9865 -5.4496 100.0000 stroke9
movl 0 -18.2242 367.3528 196.2070 -173.3447 15.1599 -0.4866 100.0000 stroke9
