movl 0 -7.6118 413.1589 164.3541 -150.7440 -25.3985 106.7109 100.0000 stroke1
movl 0 -5.7786 414.7514 168.5992 -148.5520 -24.0682 104.4148 100.0000 stroke1
movl 0 -3.6789 418.8912 179.1538 -145.0402 -25.3580 103.4810 100.0000 stroke1
movl 0 -8.7104 421.0996 175.7853 -143.6084 -22.9332 102.1398 100.0000 stroke1
movl 0 -14.5689 415.8068 170.4867 -147.9920 -21.7841 102.9997 100.0000 stroke1
movl 0 -20.8080 417.9599 168.8581 -149.8763 -17.8457 103.8001 100.0000 stroke1
movl 0 -28.5679 416.7548 169.7614 -152.9899 -16.8898 105.0567 100.0000 stroke1
movl 0 -31.8167 416.4941 169.3108 -154.2563 -16.7146 105.3530 100.0000 stroke1
movl 0 -35.0270 415.7551 168.3608 -155.3208 -17.1806 106.1001 100.0000 stroke1
movl 0 -38.0557 417.2493 167.6126 -155.9051 -15.3872 105.4598 100.0000 stroke1
movl 0 -41.1564 419.3452 167.8077 -156.2515 -11.6449 102.5027 100.0000 stroke1
movl 0 -42.6146 421.6074 167.7944 -156.4372 -8.7354 99.8257 100.0000 stroke1
movl 0 -42.6787 423.3377 167.8632 -156.3885 -6.9131 97.9092 100.0000 stroke1
movl 0 -43.2841 424.1668 168.2458 -156.4387 -5.0867 96.3711 100.0000 stroke1
movl 0 -43.6572 425.6440 168.8230 -156.4720 -2.4800 94.4234 100.0000 stroke1
movl 0 -43.6905 427.1875 169.3118 -156.4489 0.3542 92.1436 100.0000 stroke1
movl 0 -44.1277 428.8798 169.6652 -156.7869 3.4636 89.7132 100.0000 stroke1
movl 0 -44.6563 430.9105 169.8245 -157.2964 6.7598 87.3741 100.0000 stroke1
movl 0 -45.4509 432.6434 169.8141 -158.0140 9.5121 85.5805 100.0000 stroke1
movl 0 -46.2136 434.3142 169.4623 -158.6224 11.8799 84.3307 100.0000 stroke1
movl 0 -43.6784 433.2941 170.1832 -157.9011 10.9447 83.7404 100.0000 stroke1
movl 0 -44.4125 433.8846 169.9377 -158.2288 11.7999 83.7483 100.0000 stroke1
movl 0 -45.6033 433.6162 170.0900 -158.7044 12.0480 83.6608 100.0000 stroke1
movl 0 -45.8692 434.3447 169.7797 -158.7921 12.9192 83.7638 100.0000 stroke1
movl 0 -46.2265 435.1187 169.5126 -159.0687 13.3467 83.4606 100.0000 stroke1
movl 0 -39.7336 428.9286 172.3931 -156.1961 8.2314 84.0356 100.0000 stroke1
movl 0 -25.9733 419.7177 192.6386 -149.0538 -5.1901 89.6470 100.0000 stroke1
movl 0 -21.1704 419.5225 219.0720 -161.6896 -29.3253 128.9806 100.0000 stroke2
movl 0 -25.4692 414.6592 180.5681 -161.5559 -25.3442 125.0404 100.0000 stroke2
movl 0 -39.3255 411.7033 175.9367 -165.4985 -21.0836 124.5554 100.0000 stroke2
movl 0 -43.1092 410.5771 174.5879 -166.5804 -20.4709 124.0507 100.0000 stroke2
movl 0 -44.4123 411.4867 173.5250 -167.4931 -20.5205 125.1372 100.0000 stroke2
movl 0 -46.9386 413.0985 172.8038 -168.1808 -19.1566 125.6632 100.0000 stroke2
movl 0 -49.2185 413.0200 172.9599 -169.2341 -18.1588 125.2118 100.0000 stroke2
movl 0 -48.9931 413.4931 172.9914 -169.4473 -17.9202 124.4384 100.0000 stroke2
movl 0 -46.3100 415.1862 173.0985 -168.9976 -17.5264 122.2947 100.0000 stroke2
movl 0 -42.3479 417.5361 172.8934 -168.6223 -17.0499 119.3684 100.0000 stroke2
movl 0 -38.2436 416.0034 173.5396 -167.5326 -18.2528 118.3581 100.0000 stroke2
movl 0 -36.5605 418.6531 172.6418 -166.2990 -17.6062 117.5775 100.0000 stroke2
movl 0 -37.2180 424.2755 172.0573 -165.2275 -13.8256 115.4531 100.0000 stroke2
movl 0 -34.3957 429.1739 171.1420 -162.8852 -11.3588 112.9228 100.0000 stroke2
movl 0 -34.1778 430.5650 171.0326 -161.4656 -9.7985 111.9362 100.0000 stroke2
movl 0 -34.6518 432.0295 171.3375 -160.4773 -7.3443 109.8677 100.0000 stroke2
movl 0 -34.8497 433.4753 171.6133 -159.7681 -5.0195 108.3947 100.0000 stroke2
movl 0 -35.5736 435.0725 171.9086 -159.2435 -2.2572 106.5328 100.0000 stroke2
movl 0 -36.6489 436.8200 172.0934 -159.1496 0.5240 104.8631 100.0000 stroke2
movl 0 -37.6098 438.4341 171.9251 -159.0056 2.9352 103.4516 100.0000 stroke2
movl 0 -38.8165 439.7835 171.7979 -159.1311 5.1590 102.0744 100.0000 stroke2
movl 0 -40.1286 441.0366 171.4778 -159.4191 7.3014 100.6828 100.0000 stroke2
movl 0 -41.4174 441.9332 171.1841 -159.6879 9.0916 99.7880 100.0000 stroke2
movl 0 -41.8180 442.9587 171.2438 -160.1140 9.8179 99.0172 100.0000 stroke2
movl 0 -42.3137 442.0692 171.4664 -160.0607 10.1370 99.1639 100.0000 stroke2
movl 0 -41.7575 441.7155 172.0612 -160.2077 9.4892 98.8121 100.0000 stroke2
movl 0 -42.4873 441.1778 171.8570 -160.1712 10.0415 99.2535 100.0000 stroke2
movl 0 -42.8734 441.4983 172.0158 -160.4190 9.8189 99.0246 100.0000 stroke2
movl 0 -37.0252 432.5136 176.6756 -159.0815 3.2430 99.4832 100.0000 stroke2
movl 0 -24.5832 409.1491 226.2917 -155.9166 -16.6725 103.4665 100.0000 stroke2
movl 0 -35.5891 403.4793 220.6853 -163.5227 -23.9150 122.4026 100.0000 stroke3
movl 0 -37.3506 406.6201 185.7080 -162.7667 -20.8693 119.2784 100.0000 stroke3
movl 0 -39.8731 409.0724 179.7166 -163.4929 -18.1345 117.9059 100.0000 stroke3
movl 0 -44.5698 408.0712 178.1975 -164.4695 -17.1852 118.5745 100.0000 stroke3
movl 0 -46.1254 410.0722 176.9161 -164.4630 -16.2458 119.1302 100.0000 stroke3
movl 0 -48.1218 411.1675 176.0915 -164.5943 -15.5113 119.3699 100.0000 stroke3
movl 0 -50.7116 411.9630 176.0021 -165.4879 -14.1393 118.2617 100.0000 stroke3
movl 0 -52.2694 411.8638 176.1138 -166.2706 -13.6784 117.5111 100.0000 stroke3
movl 0 -52.1379 412.2463 176.0843 -166.5380 -13.4788 116.9837 100.0000 stroke3
movl 0 -51.5099 412.8868 176.0941 -166.7135 -13.1834 116.1305 100.0000 stroke3
movl 0 -50.6753 413.5028 176.0878 -166.9120 -12.9294 115.2391 100.0000 stroke3
movl 0 -49.4710 414.4434 176.0117 -166.9235 -12.6828 114.1948 100.0000 stroke3
movl 0 -48.3824 413.3231 176.4160 -166.6246 -13.3077 114.2600 100.0000 stroke3
movl 0 -48.5201 413.0888 176.5364 -166.6628 -13.2945 114.2902 100.0000 stroke3
movl 0 -48.5859 413.6383 176.6959 -166.5748 -12.5057 113.9272 100.0000 stroke3
movl 0 -36.6578 402.0743 196.8033 -159.8999 -20.8149 114.1440 100.0000 stroke3
movl 0 -45.5729 389.9421 222.1564 -158.3826 -18.8992 109.6412 100.0000 stroke4
movl 0 -42.9942 401.0285 182.8346 -158.8957 -14.2045 105.4684 100.0000 stroke4
movl 0 -45.3164 403.3032 177.9331 -160.3093 -12.0232 104.4462 100.0000 stroke4
movl 0 -46.9700 404.0883 177.2833 -160.9858 -11.1269 103.8241 100.0000 stroke4
movl 0 -49.6473 404.9461 176.3527 -161.4418 -10.5893 104.4840 100.0000 stroke4
movl 0 -52.6262 405.2412 175.9086 -162.8639 -9.8248 103.8779 100.0000 stroke4
movl 0 -53.6760 405.5434 175.9970 -163.6649 -9.4492 103.0903 100.0000 stroke4
movl 0 -52.4485 406.4295 176.0062 -163.8991 -9.1374 101.7012 100.0000 stroke4
movl 0 -51.1010 407.2222 176.0759 -164.3167 -8.8446 100.0715 100.0000 stroke4
movl 0 -50.3864 407.3173 176.2135 -164.4266 -8.8866 99.4271 100.0000 stroke4
movl 0 -48.7672 405.3401 176.9257 -163.7114 -9.8073 99.7245 100.0000 stroke4
movl 0 -48.1179 404.7726 177.1230 -163.4000 -10.2372 99.8446 100.0000 stroke4
movl 0 -48.2285 404.6899 177.1852 -163.5199 -10.1615 99.7645 100.0000 stroke4
movl 0 -49.1232 405.4345 177.1045 -163.8975 -9.2256 99.5941 100.0000 stroke4
movl 0 -48.4339 403.8069 177.6887 -163.1861 -9.9310 100.3109 100.0000 stroke4
movl 0 -34.4536 386.2644 222.3221 -154.5705 -20.7895 102.5333 100.0000 stroke4
movl 0 -32.6937 390.2280 216.4007 -151.4141 -16.1727 98.4708 100.0000 stroke5
movl 0 -30.9446 398.6312 177.0457 -152.5729 -7.8213 90.6826 100.0000 stroke5
movl 0 -40.2134 396.6116 177.9035 -156.7421 -6.7669 89.6719 100.0000 stroke5
movl 0 -41.1978 399.8957 177.2887 -157.1593 -4.5421 88.8096 100.0000 stroke5
movl 0 -43.2070 400.8829 176.0411 -156.9394 -4.3798 89.9454 100.0000 stroke5
movl 0 -46.4150 400.1794 175.5651 -157.8357 -4.7200 90.5953 100.0000 stroke5
movl 0 -49.1772 401.0010 175.4445 -159.4388 -4.1002 89.7809 100.0000 stroke5
movl 0 -50.3224 400.7828 175.4125 -160.2015 -4.2539 89.1457 100.0000 stroke5
movl 0 -49.3325 401.6064 175.3879 -160.5812 -3.9325 87.9582 100.0000 stroke5
movl 0 -47.3674 402.7529 175.5374 -161.0537 -3.6176 86.0393 100.0000 stroke5
movl 0 -46.5312 403.0091 175.6963 -161.5085 -3.5257 84.7645 100.0000 stroke5
movl 0 -44.4976 400.2879 176.6408 -160.0710 -4.7327 85.3229 100.0000 stroke5
movl 0 -47.8159 403.0439 176.0217 -161.9653 -2.8375 84.9936 100.0000 stroke5
movl 0 -46.4937 400.3523 176.5280 -160.5163 -4.2060 86.4614 100.0000 stroke5
movl 0 -36.9207 394.9065 183.0914 -154.1836 -10.8831 90.9671 100.0000 stroke5
movl 0 -42.0383 381.4697 237.9070 -147.0205 -9.5764 90.2933 100.0000 stroke6
movl 0 -43.8312 384.8044 188.1218 -151.3979 -4.1553 87.3797 100.0000 stroke6
movl 0 -46.2583 387.3626 176.1879 -153.9326 -2.7216 86.0803 100.0000 stroke6
movl 0 -50.2979 388.4278 174.5003 -154.4163 -2.9987 86.5523 100.0000 stroke6
movl 0 -53.3538 390.8643 173.2205 -153.7332 -2.1707 87.4236 100.0000 stroke6
movl 0 -56.9985 390.7750 172.9909 -155.3405 -1.8529 86.8369 100.0000 stroke6
movl 0 -60.5435 390.5672 173.1665 -157.3707 -1.4491 85.7201 100.0000 stroke6
movl 0 -62.2846 390.5705 173.3958 -158.6186 -1.0991 85.0892 100.0000 stroke6
movl 0 -63.7717 390.5811 173.7994 -159.8022 -0.5066 84.3481 100.0000 stroke6
movl 0 -65.5161 389.6364 174.2160 -160.3893 -1.0796 83.8095 100.0000 stroke6
movl 0 -64.8238 390.2818 174.2892 -160.6222 -0.9636 82.8050 100.0000 stroke6
movl 0 -63.9718 390.6055 174.4982 -160.7958 -0.8779 82.1171 100.0000 stroke6
movl 0 -62.5880 391.1892 174.7198 -160.8913 -0.7931 81.3894 100.0000 stroke6
movl 0 -60.8758 391.6925 174.9918 -160.9855 -0.6967 80.6173 100.0000 stroke6
movl 0 -59.0535 392.2884 175.2411 -161.0995 -0.5102 79.9060 100.0000 stroke6
movl 0 -56.1057 393.4443 175.4139 -161.1201 -0.2622 78.9465 100.0000 stroke6
movl 0 -53.2578 394.4842 175.5674 -161.2526 -0.0910 77.9926 100.0000 stroke6
movl 0 -50.3695 395.6900 175.6526 -161.4507 0.0428 76.9724 100.0000 stroke6
movl 0 -46.4511 397.5915 175.5351 -161.6485 0.3844 75.6248 100.0000 stroke6
movl 0 -43.8059 398.7903 175.3997 -161.8104 0.6066 74.6867 100.0000 stroke6
movl 0 -45.8773 397.3981 175.6402 -162.3196 0.0125 74.7390 100.0000 stroke6
movl 0 -44.1060 394.4247 178.0438 -160.7054 -0.9463 75.6263 100.0000 stroke6
movl 0 -44.5796 374.3972 238.6649 -154.2927 -10.8206 78.5770 100.0000 stroke6
movl 0 -19.5813 379.1812 223.4063 -148.3524 -8.8724 85.4539 100.0000 stroke7
movl 0 -25.7190 374.6447 182.8821 -151.6050 -7.2557 85.9812 100.0000 stroke7
movl 0 -30.4789 374.8813 177.7535 -153.7149 -7.9435 86.7476 100.0000 stroke7
movl 0 -37.4902 375.2337 175.2371 -156.1843 -8.5554 87.2768 100.0000 stroke7
movl 0 -37.4546 377.1497 174.4606 -156.4274 -8.4314 87.0846 100.0000 stroke7
movl 0 -40.3769 380.8189 173.3054 -157.6707 -6.4232 87.0660 100.0000 stroke7
movl 0 -40.7047 385.0548 172.8877 -158.7417 -3.4017 85.3966 100.0000 stroke7
movl 0 -39.4737 387.4450 172.4938 -158.6789 -2.0684 84.4213 100.0000 stroke7
movl 0 -39.7933 387.6667 172.8908 -158.8104 -0.8597 83.8594 100.0000 stroke7
movl 0 -40.2547 388.5805 173.3804 -159.1364 1.2376 82.5513 100.0000 stroke7
movl 0 -40.6058 389.6928 173.5966 -159.4706 3.5239 81.1802 100.0000 stroke7
movl 0 -41.3133 390.3056 173.7077 -159.8696 5.1330 80.7085 100.0000 stroke7
movl 0 -42.9480 390.4396 173.7169 -160.2439 6.4211 81.4105 100.0000 stroke7
movl 0 -41.4471 388.6805 174.2648 -159.4508 5.1003 81.6165 100.0000 stroke7
movl 0 -40.2473 388.9185 174.0605 -159.2627 5.3840 81.6928 100.0000 stroke7
movl 0 -41.7361 388.1364 174.2350 -159.6805 5.2815 82.1792 100.0000 stroke7
movl 0 -37.2113 379.5888 176.4001 -157.5024 0.0528 81.6387 100.0000 stroke7
movl 0 -38.5441 378.7124 175.8212 -157.6540 -1.0205 82.0580 100.0000 stroke7
movl 0 -42.2945 380.7110 174.7000 -158.7208 1.0677 83.7989 100.0000 stroke7
movl 0 -42.2854 380.2760 174.3727 -158.1943 0.6284 84.7231 100.0000 stroke7
movl 0 -40.5322 379.0367 174.3790 -157.0569 -0.5229 85.1048 100.0000 stroke7
movl 0 -24.2971 365.0100 186.5392 -149.7263 -10.6032 86.9446 100.0000 stroke7
movl 0 -23.4622 387.2433 190.6512 -149.0192 -7.9190 92.4280 100.0000 stroke8
movl 0 -28.8144 387.6126 174.1168 -151.4412 -4.8663 92.3449 100.0000 stroke8
movl 0 -29.4554 389.0856 173.1282 -152.7254 -3.4692 90.9426 100.0000 stroke8
movl 0 -35.5051 383.3298 174.1446 -154.1454 -4.9832 91.2578 100.0000 stroke8
movl 0 -37.8338 382.4860 173.9123 -154.8622 -5.3263 91.3504 100.0000 stroke8
movl 0 -40.1380 381.1050 173.6970 -155.6592 -6.1440 91.3499 100.0000 stroke8
movl 0 -41.6031 381.0351 173.1256 -156.2475 -6.4578 91.1613 100.0000 stroke8
movl 0 -44.0497 383.9401 172.2445 -156.8474 -3.7571 91.8914 100.0000 stroke8
movl 0 -48.0069 384.8856 171.5188 -157.4191 -1.8630 94.2385 100.0000 stroke8
movl 0 -45.9371 383.8289 171.9780 -156.8255 -2.9548 94.1788 100.0000 stroke8
movl 0 -45.4519 383.1823 171.9993 -156.7445 -3.3121 93.9656 100.0000 stroke8
movl 0 -47.3395 383.3218 171.9172 -157.6179 -2.1737 93.9734 100.0000 stroke8
movl 0 -47.9295 382.1055 172.2897 -158.1333 -3.1966 92.9827 100.0000 stroke8
movl 0 -37.1515 374.9786 178.0934 -155.2109 -8.7209 89.7926 100.0000 stroke8
movl 0 -21.5032 354.5947 237.9466 -152.0370 -32.2127 95.7795 100.0000 stroke8
movl 0 -8.6552 396.1200 220.9375 -148.8490 -9.0280 89.6002 100.0000 stroke9
movl 0 -11.7795 394.0772 176.7428 -151.8572 0.0374 83.8891 100.0000 stroke9
movl 0 -15.9603 393.4155 177.3588 -154.5984 0.7082 82.4526 100.0000 stroke9
movl 0 -20.1187 393.0803 176.7175 -155.2979 0.7252 83.0129 100.0000 stroke9
movl 0 -23.5806 392.0645 175.3560 -155.1915 -0.6627 84.1323 100.0000 stroke9
movl 0 -25.1015 392.7698 174.6946 -155.8349 -0.2945 83.7686 100.0000 stroke9
movl 0 -31.4549 396.2968 174.0803 -159.1822 3.7207 82.1889 100.0000 stroke9
movl 0 -32.7875 395.8047 174.2558 -159.7036 4.1102 81.0525 100.0000 stroke9
movl 0 -31.7755 396.1622 174.3111 -160.0517 4.3359 79.5552 100.0000 stroke9
movl 0 -30.9853 395.7264 174.6631 -160.1951 4.8235 79.1144 100.0000 stroke9
movl 0 -27.8376 394.3158 175.6536 -159.2617 4.7073 79.1760 100.0000 stroke9
movl 0 7.8362 379.1122 202.3325 -146.4075 -5.6212 79.6902 100.0000 stroke9
movl 0 21.0284 429.8438 210.3460 -146.8796 -2.3933 78.8217 100.0000 stroke10
movl 0 6.1624 426.6768 178.6485 -150.1628 -2.9448 80.5275 100.0000 stroke10
movl 0 -1.9065 426.0388 173.1551 -152.8602 -3.3884 81.1071 100.0000 stroke10
movl 0 -4.0983 424.2988 172.6337 -153.3523 -4.6362 80.9474 100.0000 stroke10
movl 0 -8.4808 428.6234 171.6306 -156.1499 -2.3775 80.1404 100.0000 stroke10
movl 0 -9.1719 432.3875 170.9940 -157.5875 -0.2221 79.0022 100.0000 stroke10
movl 0 -9.7125 433.2358 170.6002 -157.7570 0.3345 79.0533 100.0000 stroke10
movl 0 -9.4919 432.5372 170.5223 -157.3516 0.8616 79.6921 100.0000 stroke10
movl 0 -9.9324 431.4445 170.7118 -157.0789 1.3271 80.4362 100.0000 stroke10
movl 0 -10.6067 429.4587 171.0385 -156.7917 1.5492 81.1889 100.0000 stroke10
movl 0 -11.6398 427.5706 171.2218 -156.5004 1.7457 81.9581 100.0000 stroke10
movl 0 -13.9911 425.3328 171.4654 -156.3315 1.8293 82.8392 100.0000 stroke10
movl 0 -16.8381 422.2125 172.3826 -155.6597 1.6304 84.1489 100.0000 stroke10
movl 0 -21.5280 411.1423 183.2616 -152.0394 -1.1176 86.9668 100.0000 stroke10
movl 0 -31.5725 388.9214 239.5149 -146.8227 -14.0886 92.7809 100.0000 stroke10
movl 0 17.0139 423.3120 184.8729 -149.8811 -4.8635 90.4863 100.0000 stroke11
movl 0 11.4322 421.2274 176.9482 -152.5512 -4.6679 89.8283 100.0000 stroke11
movl 0 5.6369 422.3267 173.9112 -154.2718 -5.2057 90.3383 100.0000 stroke11
movl 0 3.1271 421.2055 172.8930 -155.1053 -6.6566 91.0968 100.0000 stroke11
movl 0 -0.0174 422.3479 171.7747 -156.1779 -6.4532 91.6094 100.0000 stroke11
movl 0 -3.0442 425.6663 171.0458 -157.8224 -3.8774 91.0357 100.0000 stroke11
movl 0 -4.2226 426.7249 170.8554 -157.9929 -3.1679 91.2931 100.0000 stroke11
movl 0 -4.6345 426.3497 170.8265 -157.5224 -2.6242 92.5125 100.0000 stroke11
movl 0 -6.6555 424.2737 171.1783 -157.3125 -2.5530 93.9038 100.0000 stroke11
movl 0 -8.5594 421.9706 171.5226 -156.9557 -2.4823 95.0117 100.0000 stroke11
movl 0 -10.7905 419.8962 171.8379 -156.7147 -2.5474 95.7842 100.0000 stroke11
movl 0 -13.0229 418.2408 172.4557 -156.4609 -2.6948 96.2007 100.0000 stroke11
movl 0 -15.7518 410.5340 182.6785 -154.4496 -5.3613 96.6524 100.0000 stroke11
movl 0 -29.5146 387.0193 244.6272 -150.4739 -14.7971 96.7460 100.0000 stroke11
movl 0 -10.2154 407.4036 206.8731 -151.5624 -11.8921 94.2052 100.0000 stroke12
movl 0 -4.0580 411.9809 173.8705 -151.0161 -2.4170 86.1172 100.0000 stroke12
movl 0 -14.3866 407.4407 176.1467 -154.3681 -2.7710 85.8424 100.0000 stroke12
movl 0 -16.0729 408.3174 175.6574 -155.4177 -1.7976 85.2889 100.0000 stroke12
movl 0 -17.9014 408.3172 174.9859 -155.5847 -1.9807 85.0459 100.0000 stroke12
movl 0 -23.3490 411.2465 174.0694 -158.5810 -0.2069 83.0007 100.0000 stroke12
movl 0 -29.0631 410.1646 174.1815 -161.3210 0.1320 80.5944 100.0000 stroke12
movl 0 -28.2042 411.2896 174.2537 -161.8438 1.1622 79.0886 100.0000 stroke12
movl 0 -26.3557 410.8921 174.9988 -161.9018 1.8387 78.1279 100.0000 stroke12
movl 0 -23.8463 410.1973 175.6592 -161.4544 2.0541 77.6777 100.0000 stroke12
movl 0 -21.0410 409.5080 176.1741 -160.9386 2.2951 77.5356 100.0000 stroke12
movl 0 -1.8821 404.4213 181.9909 -155.0463 1.8903 78.4076 100.0000 stroke12
movl 0 28.6499 394.7843 236.5488 -144.8027 -7.1121 79.4366 100.0000 stroke12
movl 0 17.7726 422.2712 185.3596 -150.9851 -1.5329 83.7787 100.0000 stroke13
movl 0 12.8559 419.1551 178.9276 -153.1388 -1.2218 82.6697 100.0000 stroke13
movl 0 8.7736 420.0793 175.7925 -155.0258 -0.6308 82.0705 100.0000 stroke13
movl 0 6.9509 421.9773 174.6800 -155.3890 -0.4433 81.6555 100.0000 stroke13
movl 0 3.3546 424.3118 173.2440 -156.9332 0.4380 81.1238 100.0000 stroke13
movl 0 0.2569 426.8465 172.4699 -158.2573 2.8474 81.2768 100.0000 stroke13
movl 0 -1.0593 425.0531 172.4336 -157.8016 3.2874 82.5863 100.0000 stroke13
movl 0 -4.8549 421.4762 172.6421 -157.4589 3.4726 84.4140 100.0000 stroke13
movl 0 -10.4944 417.5579 172.8262 -157.3402 3.3177 86.5649 100.0000 stroke13
movl 0 -13.7606 415.3800 173.1616 -157.2175 3.2965 87.7987 100.0000 stroke13
movl 0 -15.3368 412.6195 174.3751 -156.5304 2.6136 88.9645 100.0000 stroke13
movl 0 -17.5911 401.6118 190.2510 -153.9202 -2.6330 91.1385 100.0000 stroke13
movl 0 -16.1650 393.2284 218.0175 -163.6900 -19.9754 121.1093 100.0000 stroke14
movl 0 -18.3292 393.3971 193.7330 -163.2099 -15.6718 116.2447 100.0000 stroke14
movl 0 -23.3904 395.1848 181.3169 -163.9206 -13.0489 114.9165 100.0000 stroke14
movl 0 -28.8908 393.9106 180.2207 -165.8267 -12.5306 115.3472 100.0000 stroke14
movl 0 -30.1154 394.1277 179.3518 -165.4829 -12.4637 115.5411 100.0000 stroke14
movl 0 -36.0700 394.9799 178.5789 -167.4546 -10.9257 114.6895 100.0000 stroke14
movl 0 -39.2885 395.5897 178.6383 -168.5337 -9.1145 112.8812 100.0000 stroke14
movl 0 -41.3370 394.8798 178.7187 -168.9461 -8.7797 112.4362 100.0000 stroke14
movl 0 -41.2018 395.2919 178.7198 -169.1327 -8.8228 111.4099 100.0000 stroke14
movl 0 -39.6568 396.3259 178.8483 -169.0405 -8.5783 110.0536 100.0000 stroke14
movl 0 -38.5175 396.6053 179.1372 -168.7126 -8.3677 109.3767 100.0000 stroke14
movl 0 -39.0350 396.3853 179.1286 -168.8312 -8.3584 109.3394 100.0000 stroke14
movl 0 -36.1932 397.8113 179.4289 -168.6333 -8.0747 107.5226 100.0000 stroke14
movl 0 -34.0178 398.3516 179.7648 -168.3923 -7.9233 106.5073 100.0000 stroke14
movl 0 -32.1509 398.9573 180.0398 -168.1614 -7.8250 105.8144 100.0000 stroke14
movl 0 -30.5732 399.3487 180.3302 -167.9642 -7.7640 105.2394 100.0000 stroke14
movl 0 -29.3193 399.5193 180.6182 -167.8060 -7.8044 104.8882 100.0000 stroke14
movl 0 -28.5107 399.5730 180.8518 -167.7328 -7.8224 104.6638 100.0000 stroke14
movl 0 -22.3178 398.6691 183.3169 -166.8602 -8.5197 103.7929 100.0000 stroke14
movl 0 -0.9489 391.0533 207.6632 -161.8769 -13.3363 102.4835 100.0000 stroke14
movl 0 12.4572 405.7798 199.5323 -157.6669 -13.0328 103.9245 100.0000 stroke15
movl 0 5.4907 405.9242 184.2032 -158.4676 -11.2946 104.1686 100.0000 stroke15
movl 0 0.4494 405.9082 179.3341 -159.9864 -10.1718 104.7727 100.0000 stroke15
movl 0 -2.3969 406.6667 178.4234 -160.2651 -9.4982 105.1768 100.0000 stroke15
movl 0 -5.0094 407.7701 177.7263 -161.2867 -9.0365 104.6869 100.0000 stroke15
movl 0 -8.4092 411.7254 176.4925 -162.2623 -6.6164 104.2205 100.0000 stroke15
movl 0 -9.6168 414.9361 175.6760 -162.6338 -4.6516 103.8917 100.0000 stroke15
movl 0 -9.2534 416.2501 175.3048 -162.8028 -3.8115 103.3401 100.0000 stroke15
movl 0 -9.5267 417.2990 174.9204 -162.7124 -3.3591 103.4416 100.0000 stroke15
movl 0 -9.4246 417.0366 174.7246 -162.2268 -3.2356 104.1056 100.0000 stroke15
movl 0 -9.9499 416.2981 174.8764 -162.0579 -3.1447 104.7098 100.0000 stroke15
movl 0 -10.6929 415.0626 175.2373 -161.8938 -3.2617 105.6340 100.0000 stroke15
movl 0 -10.7891 413.9018 175.6351 -161.6599 -3.5154 106.2691 100.0000 stroke15
movl 0 -11.0191 413.0445 175.9454 -161.5923 -3.7153 106.6992 100.0000 stroke15
movl 0 -11.0720 412.1036 176.3036 -161.5212 -4.0142 107.0024 100.0000 stroke15
movl 0 -11.0967 411.3875 176.5836 -161.4750 -4.2371 107.1050 100.0000 stroke15
movl 0 -10.8054 411.0264 176.7920 -161.3108 -4.4095 107.2727 100.0000 stroke15
movl 0 -6.5065 404.2629 180.7605 -159.9085 -7.4672 108.5304 100.0000 stroke15
movl 0 -5.1094 359.7627 235.8285 -160.8903 -31.2144 117.3834 100.0000 stroke15
movl 0 6.1789 384.2043 234.7216 160.3934 -38.3610 -178.0257 100.0000 stroke16
movl 0 4.1165 397.8081 186.3655 -170.1862 -28.8972 152.9876 100.0000 stroke16
movl 0 -3.7402 391.8475 179.6032 -170.1214 -23.2971 144.8846 100.0000 stroke16
movl 0 -12.7400 387.2591 179.2717 -173.5620 -21.3165 145.0002 100.0000 stroke16
movl 0 -14.0691 390.0393 178.5648 -173.1044 -19.5167 143.6724 100.0000 stroke16
movl 0 -15.2336 391.9329 178.0102 -172.4860 -18.4087 142.7732 100.0000 stroke16
movl 0 -17.3470 394.3375 176.9436 -172.2163 -17.2364 142.3533 100.0000 stroke16
movl 0 -18.0864 397.6937 176.2219 -170.9061 -15.3567 140.6589 100.0000 stroke16
movl 0 -17.6634 399.6311 175.9280 -169.9776 -14.5223 139.4306 100.0000 stroke16
movl 0 -17.9345 400.0161 176.0206 -169.3135 -13.8835 138.6522 100.0000 stroke16
movl 0 -18.3057 400.1979 176.1925 -168.5845 -13.0977 137.7768 100.0000 stroke16
movl 0 -18.8453 400.3868 176.2472 -167.8367 -12.2167 136.9551 100.0000 stroke16
movl 0 -19.3028 400.8132 176.2034 -167.0291 -11.3883 136.2760 100.0000 stroke16
movl 0 -20.4117 400.8073 176.1412 -166.5008 -10.5176 135.9871 100.0000 stroke16
movl 0 -21.7135 400.7687 176.0934 -165.9460 -9.9217 136.4111 100.0000 stroke16
movl 0 -22.6967 399.2073 176.3368 -166.1598 -10.3273 137.2723 100.0000 stroke16
movl 0 -20.2350 398.4113 176.7813 -166.2650 -11.0698 136.5971 100.0000 stroke16
movl 0 -20.0638 398.5876 176.7282 -166.2435 -10.9550 136.4144 100.0000 stroke16
movl 0 -20.4414 398.8759 176.6016 -166.0676 -10.6133 136.5198 100.0000 stroke16
movl 0 -20.5808 397.9123 176.8880 -166.3461 -10.9375 136.7883 100.0000 stroke16
movl 0 -16.5242 390.4085 179.1468 -168.7951 -14.9337 136.8241 100.0000 stroke16
movl 0 -16.9903 389.2173 179.1226 -169.7787 -15.5623 137.0962 100.0000 stroke16
movl 0 -18.9637 391.0010 178.1758 -169.3222 -14.4946 137.4277 100.0000 stroke16
movl 0 -21.9319 391.9073 177.2476 -169.0886 -13.7521 139.3595 100.0000 stroke16
movl 0 -22.6405 391.7314 177.0054 -169.2378 -14.0002 140.8057 100.0000 stroke16
movl 0 -22.2368 391.5177 177.0043 -169.2821 -14.3952 141.3184 100.0000 stroke16
movl 0 -22.2921 391.2271 177.2112 -169.4162 -14.6777 141.5195 100.0000 stroke16
movl 0 -22.1141 391.3127 177.2237 -169.3395 -14.8263 141.5087 100.0000 stroke16
movl 0 -21.6797 391.4061 177.2160 -169.1899 -15.0835 141.4893 100.0000 stroke16
movl 0 -19.4183 389.6824 178.1056 -169.4332 -16.3858 141.3442 100.0000 stroke16
movl 0 -8.8207 373.7300 200.4616 -175.1050 -27.2918 143.4479 100.0000 stroke16
movl 0 -2.4765 390.5954 244.8038 -175.6628 -31.9909 149.1089 100.0000 stroke17
movl 0 -0.2030 397.9398 185.7763 -167.6311 -26.2072 143.4265 100.0000 stroke17
movl 0 -6.6245 398.8072 176.0681 -167.6077 -22.8838 142.7316 100.0000 stroke17
movl 0 -14.4524 394.4641 176.6323 -169.8406 -20.9683 143.1631 100.0000 stroke17
movl 0 -16.9976 393.6807 176.8068 -169.7819 -19.7745 142.5872 100.0000 stroke17
movl 0 -19.6328 393.6101 176.7011 -169.9691 -18.6704 142.1591 100.0000 stroke17
movl 0 -21.4011 394.7261 176.2606 -169.8772 -17.6674 141.3656 100.0000 stroke17
movl 0 -23.2423 397.5725 175.6167 -168.6205 -15.8002 140.3119 100.0000 stroke17
movl 0 -25.2961 399.6715 175.0190 -167.6124 -14.2104 140.0799 100.0000 stroke17
movl 0 -27.7701 401.1671 174.3966 -166.4914 -12.8122 140.6330 100.0000 stroke17
movl 0 -27.2000 400.6449 174.6324 -166.5267 -13.1990 140.6378 100.0000 stroke17
movl 0 -25.6876 400.3137 174.9349 -166.5807 -13.4604 139.8683 100.0000 stroke17
movl 0 -25.7314 400.4703 174.9630 -166.4888 -13.1689 139.5462 100.0000 stroke17
movl 0 -25.6398 400.6949 175.0332 -166.1660 -12.7565 139.3147 100.0000 stroke17
movl 0 -25.9369 400.4928 175.0939 -166.1334 -12.5349 139.3648 100.0000 stroke17
movl 0 -25.2196 399.7987 175.2973 -166.6324 -13.2681 139.3366 100.0000 stroke17
movl 0 -24.8959 399.5925 175.4060 -167.0294 -13.7023 139.1976 100.0000 stroke17
movl 0 -23.9684 399.4512 175.6206 -167.2015 -14.1397 138.8720 100.0000 stroke17
movl 0 -23.1629 399.3717 175.7658 -167.2904 -14.4048 138.5825 100.0000 stroke17
movl 0 -20.1203 397.9002 176.9887 -167.3249 -15.9050 138.0901 100.0000 stroke17
movl 0 -11.0352 394.1272 209.0064 -170.0099 -22.0390 138.5339 100.0000 stroke17
movl 0 11.2649 395.8579 231.7326 -165.8490 -25.7027 134.0527 100.0000 stroke18
movl 0 8.9302 399.9349 190.2090 -163.3858 -20.7289 130.2691 100.0000 stroke18
movl 0 4.1259 403.4030 179.4707 -161.9166 -16.0469 126.1188 100.0000 stroke18
movl 0 -0.2936 402.4114 179.0277 -162.3493 -14.7113 124.1256 100.0000 stroke18
movl 0 -0.7168 404.6702 178.1437 -162.1392 -13.4132 122.6045 100.0000 stroke18
movl 0 -1.4106 406.4492 177.4568 -161.3189 -12.0479 121.6949 100.0000 stroke18
movl 0 -3.0940 407.7219 176.7361 -161.4704 -11.1799 121.2496 100.0000 stroke18
movl 0 -7.2903 410.1639 176.3154 -162.7370 -8.4223 119.9158 100.0000 stroke18
movl 0 -10.7690 413.3454 175.6046 -163.6961 -5.4879 118.3348 100.0000 stroke18
movl 0 -13.6726 417.5349 174.6712 -164.5654 -1.8142 116.1239 100.0000 stroke18
movl 0 -14.6089 420.2583 174.0933 -164.8285 0.2284 114.2367 100.0000 stroke18
movl 0 -12.3492 421.4838 173.9963 -164.4355 0.4006 112.7844 100.0000 stroke18
movl 0 -12.1029 422.7163 173.5978 -164.2479 1.2976 112.1085 100.0000 stroke18
movl 0 -13.1101 421.5974 174.0233 -164.1714 2.5486 112.2521 100.0000 stroke18
movl 0 -10.5086 416.8851 175.9829 -164.1508 -0.3962 112.1844 100.0000 stroke18
movl 0 -10.6837 417.1890 175.7933 -164.2356 0.1553 112.1539 100.0000 stroke18
movl 0 -10.8178 417.3396 175.8644 -163.9710 1.4557 112.3763 100.0000 stroke18
movl 0 -8.2014 414.8503 176.9516 -163.6974 -0.4238 112.1754 100.0000 stroke18
movl 0 -8.9151 415.2598 176.5235 -163.5929 0.4336 112.5482 100.0000 stroke18
movl 0 -7.7872 413.5052 177.2539 -163.2480 -0.9128 112.7273 100.0000 stroke18
movl 0 -2.9636 408.7084 180.0494 -161.5658 -4.8772 113.3059 100.0000 stroke18
movl 0 0.7525 386.8186 225.9463 -163.2414 -24.1257 122.4842 100.0000 stroke18
movl 0 -7.1815 371.1300 249.2163 -169.3973 -33.6824 139.4220 100.0000 stroke19
movl 0 -19.4951 366.5979 190.3464 -165.6362 -26.1151 136.9483 100.0000 stroke19
movl 0 -31.9776 365.0219 179.0881 -166.5952 -23.2336 137.6383 100.0000 stroke19
movl 0 -40.4523 361.5517 176.8881 -168.6971 -21.8669 138.5868 100.0000 stroke19
movl 0 -44.1960 360.6222 176.3610 -169.6145 -20.1972 137.8219 100.0000 stroke19
movl 0 -50.4116 360.6311 175.6435 -170.0610 -17.5503 137.5895 100.0000 stroke19
movl 0 -55.3697 361.2747 175.1268 -169.5295 -14.5943 137.7955 100.0000 stroke19
movl 0 -55.9607 359.8169 175.4120 -169.9831 -14.9464 137.7669 100.0000 stroke19
movl 0 -56.4997 358.8973 175.4870 -170.6312 -14.6839 137.0098 100.0000 stroke19
movl 0 -59.6008 358.2680 175.5300 -171.1136 -13.0493 136.4963 100.0000 stroke19
movl 0 -61.5640 356.0221 175.8086 -172.2205 -13.2679 136.5215 100.0000 stroke19
movl 0 -62.6741 354.1186 176.2131 -173.6658 -14.3383 135.7762 100.0000 stroke19
movl 0 -61.8158 353.9132 176.4412 -173.5916 -14.7047 135.5861 100.0000 stroke19
movl 0 -63.4511 352.3294 176.4650 -174.0726 -14.5752 136.1305 100.0000 stroke19
movl 0 -62.0401 354.1826 176.3744 -174.0766 -14.7296 134.4206 100.0000 stroke19
movl 0 -61.5134 354.9232 176.3828 -174.1019 -14.8100 133.6609 100.0000 stroke19
movl 0 -60.2781 355.5401 176.5776 -173.9514 -14.9973 133.0709 100.0000 stroke19
movl 0 -58.9872 356.0954 176.8417 -173.7161 -15.1849 132.5982 100.0000 stroke19
movl 0 -57.3758 356.1781 177.2870 -173.4860 -15.5416 131.9867 100.0000 stroke19
movl 0 -48.1872 354.1791 181.8905 -172.4108 -18.9132 131.7093 100.0000 stroke19
movl 0 -32.5166 345.1724 229.4013 -177.4364 -30.3537 136.1387 100.0000 stroke19
movl 0 -14.8637 359.6396 206.8915 -170.9230 -25.4411 134.9173 100.0000 stroke20
movl 0 -24.2920 359.0916 182.3779 -169.3678 -22.8282 134.4266 100.0000 stroke20
movl 0 -32.2731 359.2948 178.9932 -170.8978 -20.4926 135.3065 100.0000 stroke20
movl 0 -33.8179 359.4706 176.9131 -170.9535 -20.6237 136.0529 100.0000 stroke20
movl 0 -36.1401 361.8928 175.3349 -170.5822 -19.5010 136.0489 100.0000 stroke20
movl 0 -39.6390 364.9264 174.9123 -170.0353 -16.1315 134.7559 100.0000 stroke20
movl 0 -40.3420 366.4206 175.4993 -169.6164 -14.4083 133.4588 100.0000 stroke20
movl 0 -40.0644 367.2674 175.9937 -169.3233 -13.3750 132.8034 100.0000 stroke20
movl 0 -39.7567 367.7760 176.3377 -169.2227 -12.4133 132.1952 100.0000 stroke20
movl 0 -38.9907 368.5812 176.6727 -169.1017 -11.2392 131.3097 100.0000 stroke20
movl 0 -38.9856 369.2280 176.9729 -169.4325 -10.0240 130.5609 100.0000 stroke20
movl 0 -39.0314 370.3488 177.1552 -169.8980 -8.7350 129.7272 100.0000 stroke20
movl 0 -38.8988 371.2146 177.3281 -170.5691 -7.6745 129.1476 100.0000 stroke20
movl 0 -37.8006 372.3747 177.4226 -171.0329 -6.6726 128.1316 100.0000 stroke20
movl 0 -36.5106 373.7865 177.4706 -171.7097 -5.6569 127.1881 100.0000 stroke20
movl 0 -35.1087 375.7926 177.4145 -172.4956 -4.6562 125.9830 100.0000 stroke20
movl 0 -33.2782 377.7866 177.1977 -172.9190 -3.9255 124.3256 100.0000 stroke20
movl 0 -31.7082 379.8288 177.0176 -173.0432 -3.5104 122.8507 100.0000 stroke20
movl 0 -31.5619 377.9771 177.7900 -172.8786 -4.1664 123.6611 100.0000 stroke20
movl 0 -30.1066 377.8151 178.0606 -172.4393 -4.2521 123.6289 100.0000 stroke20
movl 0 -28.9535 376.6611 178.7729 -172.1797 -4.4904 123.6665 100.0000 stroke20
movl 0 -27.3410 376.9429 179.0211 -171.8640 -4.2579 123.2443 100.0000 stroke20
movl 0 -26.4610 377.2985 179.2290 -171.7626 -4.1703 123.1345 100.0000 stroke20
movl 0 -24.2217 377.2165 179.5483 -171.2874 -4.5589 123.1091 100.0000 stroke20
movl 0 -23.5576 376.7569 179.9641 -171.2607 -4.6435 122.9709 100.0000 stroke20
movl 0 -22.6275 377.0328 180.0944 -171.1979 -4.6209 122.7129 100.0000 stroke20
movl 0 -21.4804 377.1658 180.2829 -171.0868 -4.6568 122.5295 100.0000 stroke20
movl 0 -20.3235 377.4911 180.1023 -170.9177 -4.8296 122.6585 100.0000 stroke20
movl 0 -13.7438 374.6310 181.0053 -168.9841 -8.2536 125.1401 100.0000 stroke20
movl 0 -4.6700 373.2519 179.2637 -166.2248 -13.6875 130.8608 100.0000 stroke20
movl 0 -7.0778 375.3561 177.3066 -166.4168 -13.0264 132.2177 100.0000 stroke20
movl 0 -14.3622 377.4816 175.9312 -169.2147 -9.4807 131.8659 100.0000 stroke20
movl 0 -20.2454 377.3862 175.4000 -171.2764 -8.0341 131.2441 100.0000 stroke20
movl 0 -21.7051 376.9676 175.6072 -172.0540 -8.7421 131.0833 100.0000 stroke20
movl 0 -22.8212 377.3346 175.8698 -172.4053 -9.5408 131.1543 100.0000 stroke20
movl 0 -24.5257 379.0532 176.2259 -172.7269 -9.9299 131.3711 100.0000 stroke20
movl 0 -23.3085 376.6183 176.7452 -172.7059 -10.1760 131.8735 100.0000 stroke20
movl 0 -23.8826 375.8776 177.1525 -173.0074 -10.8495 132.2985 100.0000 stroke20
movl 0 -24.4114 375.9103 177.3578 -173.3460 -11.5032 132.6276 100.0000 stroke20
movl 0 -24.9473 376.1068 177.5927 -173.5814 -11.9275 132.9007 100.0000 stroke20
movl 0 -25.2773 376.0677 177.8246 -173.6664 -12.2363 133.3216 100.0000 stroke20
movl 0 -24.5821 375.2636 178.0875 -173.7000 -12.8991 133.7896 100.0000 stroke20
movl 0 -24.8190 374.8346 178.3639 -173.8346 -13.3305 134.2754 100.0000 stroke20
movl 0 -21.8735 370.8227 180.3819 -173.8843 -15.5085 135.6220 100.0000 stroke20
movl 0 -24.2151 344.4812 210.7301 177.6602 -29.6638 147.4556 100.0000 stroke20
movl 0 -19.3849 346.7222 208.3177 177.6595 -31.0867 147.0185 100.0000 stroke21
movl 0 -18.4692 349.8059 178.8409 -177.6116 -24.5914 139.5045 100.0000 stroke21
movl 0 -18.8917 353.1551 180.7835 -174.5542 -21.6261 135.7492 100.0000 stroke21
movl 0 -28.0969 349.4793 179.1247 -177.1720 -20.1264 137.4446 100.0000 stroke21
movl 0 -29.6116 348.8064 178.0556 -178.1840 -20.5164 138.8296 100.0000 stroke21
movl 0 -33.4573 348.2430 176.9333 -178.9024 -20.1571 140.0881 100.0000 stroke21
movl 0 -39.9558 345.8159 176.4282 179.2583 -18.1428 140.0354 100.0000 stroke21
movl 0 -41.7163 345.5078 176.5493 179.1643 -17.0719 139.4566 100.0000 stroke21
movl 0 -43.7342 344.7871 176.5918 178.9541 -15.9189 139.0646 100.0000 stroke21
movl 0 -47.5579 341.1335 176.3327 177.0703 -15.9009 139.9407 100.0000 stroke21
movl 0 -49.8694 339.3461 175.8710 175.3285 -16.2360 139.9628 100.0000 stroke21
movl 0 -50.7644 337.4962 175.8854 175.1811 -16.0996 140.7728 100.0000 stroke21
movl 0 -52.0021 337.2955 175.5933 174.3276 -16.0928 140.2335 100.0000 stroke21
movl 0 -50.6886 338.2886 175.7511 174.2887 -16.4624 139.2629 100.0000 stroke21
movl 0 -49.4516 338.7515 176.0724 174.3554 -16.7266 138.7269 100.0000 stroke21
movl 0 -47.2538 338.4060 176.8975 174.4020 -17.4367 138.1625 100.0000 stroke21
movl 0 -36.5795 329.7911 191.9846 172.8467 -23.4889 139.4062 100.0000 stroke21
movl 0 -3.2521 379.6897 207.5069 -161.5660 -15.3780 113.6535 100.0000 stroke22
movl 0 -4.5419 380.5928 181.3444 -161.4413 -11.2637 112.4681 100.0000 stroke22
movl 0 -12.7367 378.9336 182.7694 -164.6247 -9.0602 111.8624 100.0000 stroke22
movl 0 -12.7427 380.9280 182.7156 -164.8332 -8.2768 109.3651 100.0000 stroke22
movl 0 -16.9340 380.8310 182.0022 -166.0905 -7.7551 108.8021 100.0000 stroke22
movl 0 -20.1810 383.5317 181.4437 -167.8260 -5.6285 106.5146 100.0000 stroke22
movl 0 -25.0509 386.9968 180.8046 -170.1542 -2.7926 102.9707 100.0000 stroke22
movl 0 -28.4341 391.1114 179.8327 -172.0877 -0.1865 99.4249 100.0000 stroke22
movl 0 -30.0429 394.9017 178.9646 -173.3785 2.0575 95.9906 100.0000 stroke22
movl 0 -28.3553 395.8498 179.3990 -172.9941 2.3472 93.7719 100.0000 stroke22
movl 0 -27.3687 397.9936 178.8916 -173.1102 3.4519 92.1195 100.0000 stroke22
movl 0 -28.6805 395.9986 179.5450 -173.5021 4.1074 91.6934 100.0000 stroke22
movl 0 -25.5667 393.4174 181.0208 -172.4622 2.0871 91.6624 100.0000 stroke22
movl 0 -26.5117 394.1768 180.4028 -173.0721 3.2545 91.3691 100.0000 stroke22
movl 0 -27.0596 393.7670 180.5059 -173.5392 3.8876 90.9497 100.0000 stroke22
movl 0 -24.5235 390.6005 181.8699 -172.4478 2.1095 91.1249 100.0000 stroke22
movl 0 -24.5424 390.8492 181.6914 -172.7104 2.6398 90.6314 100.0000 stroke22
movl 0 -24.1155 389.8346 182.0884 -172.6735 2.7280 90.3492 100.0000 stroke22
movl 0 -22.3535 388.6045 182.7623 -172.0831 1.9919 90.0804 100.0000 stroke22
movl 0 -22.5405 388.6870 182.6471 -172.3254 2.5130 89.8357 100.0000 stroke22
movl 0 -22.6632 388.4062 182.6714 -172.3955 2.8120 89.7276 100.0000 stroke22
movl 0 -22.9937 388.1429 182.5814 -172.3615 2.7710 89.7196 100.0000 stroke22
movl 0 -22.4272 387.8980 182.7916 -171.8762 2.4722 89.9214 100.0000 stroke22
movl 0 -21.3907 387.9419 183.3012 -171.1212 2.0863 90.3321 100.0000 stroke22
movl 0 -15.0924 376.8551 190.5694 -167.7290 -4.4882 94.3027 100.0000 stroke22
