movl 0 -10.7089 410.9894 196.5722 143.5625 2.5233 -113.7492 100.0000 stroke1
movl 0 -6.5198 403.5372 166.8870 145.4175 4.3222 -114.0037 100.0000 stroke1
movl 0 -8.1709 405.4465 166.2511 146.1665 4.1498 -113.3058 100.0000 stroke1
movl 0 -10.1518 404.0326 166.4975 146.7590 4.7242 -113.1354 100.0000 stroke1
movl 0 -6.4501 407.6023 165.8355 146.2439 2.6556 -113.7259 100.0000 stroke1
movl 0 -7.7113 407.8652 167.3692 146.7598 2.0338 -115.7055 100.0000 stroke1
movl 0 -9.9870 408.9662 166.8974 146.8279 1.5642 -117.9914 100.0000 stroke1
movl 0 -9.1645 411.4212 166.2760 147.7968 0.2855 -117.8359 100.0000 stroke1
movl 0 -12.2373 411.3156 166.2645 148.6236 0.8619 -116.4275 100.0000 stroke1
movl 0 -11.6307 413.3285 165.6909 148.7412 0.5120 -115.5916 100.0000 stroke1
movl 0 -13.2469 415.0711 165.7551 149.7446 -0.0846 -115.3775 100.0000 stroke1
movl 0 -17.1429 419.2293 165.3503 152.5210 -2.3809 -116.1022 100.0000 stroke1
movl 0 -19.2739 422.1761 165.3521 154.9748 -4.4420 -118.3985 100.0000 stroke1
movl 0 -18.5515 425.2633 164.8850 156.5373 -6.7399 -121.1256 100.0000 stroke1
movl 0 -18.7874 425.7900 164.7743 156.6726 -7.8912 -122.0890 100.0000 stroke1
movl 0 -18.2506 426.1265 164.8040 157.2802 -9.6998 -123.7866 100.0000 stroke1
movl 0 -18.6736 425.8571 165.1966 158.1460 -11.3288 -125.4903 100.0000 stroke1
movl 0 -19.0148 425.5222 165.5521 159.0880 -12.8877 -127.2067 100.0000 stroke1
movl 0 -19.5262 425.3195 165.6874 159.7505 -13.9620 -127.7594 100.0000 stroke1
movl 0 -20.2963 424.1507 165.9160 160.2695 -14.6974 -128.0245 100.0000 stroke1
movl 0 -21.3511 422.9377 166.1037 160.7452 -15.2232 -128.0639 100.0000 stroke1
movl 0 -22.5156 421.4026 166.3221 161.0966 -15.5863 -127.9833 100.0000 stroke1
movl 0 -23.6813 419.9649 166.4306 161.3664 -15.9562 -127.5707 100.0000 stroke1
movl 0 -24.8140 418.5576 166.6282 161.5150 -16.2298 -127.2714 100.0000 stroke1
movl 0 -25.9923 417.2843 166.8834 161.5903 -16.5249 -126.8025 100.0000 stroke1
movl 0 -27.6828 416.1132 167.0943 161.6229 -16.7081 -126.1136 100.0000 stroke1
movl 0 -29.4525 415.1544 167.3112 161.6440 -16.8725 -125.5199 100.0000 stroke1
movl 0 -31.0803 414.5512 167.6247 161.6853 -17.0373 -125.0424 100.0000 stroke1
movl 0 -32.7511 413.6132 167.9832 161.6382 -17.1089 -124.6449 100.0000 stroke1
movl 0 -33.9177 413.0250 168.4980 161.4149 -17.1620 -124.2698 100.0000 stroke1
movl 0 -34.5919 412.6338 169.2109 161.1659 -17.2011 -124.1590 100.0000 stroke1
movl 0 -35.3274 412.8816 169.2897 161.1880 -17.3260 -124.0647 100.0000 stroke1
movl 0 -36.5195 413.8969 169.9332 161.5427 -17.4983 -123.9522 100.0000 stroke1
movl 0 -35.0638 411.8905 172.3314 158.2612 -17.7160 -122.6933 100.0000 stroke1
movl 0 -44.3272 404.7261 213.2227 151.0414 -12.7492 -117.4330 100.0000 stroke1
movl 0 -20.2447 402.9885 191.2819 149.1604 6.1973 -99.0060 100.0000 stroke2
movl 0 -21.3063 394.4575 174.3752 150.5968 6.8026 -101.0623 100.0000 stroke2
movl 0 -33.1681 391.6763 171.7241 153.2942 9.7533 -98.4030 100.0000 stroke2
movl 0 -43.8330 389.1287 171.0672 154.7019 11.2436 -96.2119 100.0000 stroke2
movl 0 -48.4546 388.1678 169.3618 155.7052 12.0300 -94.1674 100.0000 stroke2
movl 0 -52.1270 388.0260 169.0994 157.8272 12.1718 -94.6004 100.0000 stroke2
movl 0 -55.9381 387.2593 169.3339 159.8294 12.0150 -95.5554 100.0000 stroke2
movl 0 -57.1756 386.9464 170.1648 160.4700 11.7674 -96.3272 100.0000 stroke2
movl 0 -57.4948 387.0393 170.2589 161.0297 12.0676 -96.9997 100.0000 stroke2
movl 0 -56.1842 387.6108 170.3283 161.7150 12.0202 -98.5848 100.0000 stroke2
movl 0 -54.0863 388.4639 170.6393 162.0907 11.7454 -100.4035 100.0000 stroke2
movl 0 -51.8564 389.6087 171.0658 162.6022 11.3746 -102.5640 100.0000 stroke2
movl 0 -49.8256 390.9429 171.4418 163.5790 11.1826 -105.1681 100.0000 stroke2
movl 0 -47.6770 392.0881 171.8382 164.5574 11.0124 -107.8963 100.0000 stroke2
movl 0 -44.8041 394.0624 171.9544 165.5419 10.7620 -110.7139 100.0000 stroke2
movl 0 -42.3367 395.5109 172.1235 166.3782 10.6855 -113.2331 100.0000 stroke2
movl 0 -39.4686 397.7628 172.0253 167.2249 10.9124 -115.8104 100.0000 stroke2
movl 0 -36.7017 400.1595 171.5020 167.9185 10.5525 -117.9065 100.0000 stroke2
movl 0 -36.1540 398.1481 172.1352 167.0091 10.8318 -117.5681 100.0000 stroke2
movl 0 -32.4023 395.2060 173.3002 164.8183 11.3093 -117.6199 100.0000 stroke2
movl 0 -31.2583 393.9529 173.8193 164.0432 11.7640 -117.9135 100.0000 stroke2
movl 0 -30.5704 393.7586 173.9371 163.7665 11.8749 -118.1839 100.0000 stroke2
movl 0 -30.4484 394.0730 173.6987 164.0081 11.6270 -118.2121 100.0000 stroke2
movl 0 -30.2740 395.4273 173.9334 164.9230 10.0761 -118.5535 100.0000 stroke2
movl 0 -29.1135 396.3449 173.8237 165.2638 8.8249 -119.0652 100.0000 stroke2
movl 0 -28.1308 396.8243 173.5955 165.2255 7.9940 -119.3150 100.0000 stroke2
movl 0 -26.9904 396.1607 173.5349 163.5990 7.3962 -118.5419 100.0000 stroke2
movl 0 -22.9812 394.7387 174.0375 160.8628 6.8100 -117.9040 100.0000 stroke2
movl 0 -5.0511 387.4548 191.3067 151.6463 5.8455 -117.2778 100.0000 stroke2
movl 0 -9.8202 379.1613 184.0731 146.0542 3.4431 -107.5011 100.0000 stroke3
movl 0 -11.1262 376.9987 166.1148 148.1692 3.9402 -108.5011 100.0000 stroke3
movl 0 -13.5458 376.8744 166.1836 148.4169 5.0920 -108.7435 100.0000 stroke3
movl 0 -15.0372 378.4090 164.7448 148.8701 5.0843 -108.7830 100.0000 stroke3
movl 0 -17.6096 381.2345 164.1357 150.3198 3.5307 -108.8344 100.0000 stroke3
movl 0 -18.0179 383.7794 164.5943 151.4380 0.9748 -110.0077 100.0000 stroke3
movl 0 -19.2448 385.9899 164.9949 152.8894 -1.8732 -111.2540 100.0000 stroke3
movl 0 -20.1324 388.2175 165.2901 154.4104 -5.0363 -113.2549 100.0000 stroke3
movl 0 -21.5886 390.3155 165.3430 156.2008 -8.0014 -115.3074 100.0000 stroke3
movl 0 -22.0023 389.3618 165.7449 156.3646 -8.3880 -115.8993 100.0000 stroke3
movl 0 -19.3793 387.5995 166.3499 155.1696 -7.2865 -116.4180 100.0000 stroke3
movl 0 -19.8902 387.9508 166.4029 155.9584 -8.1329 -116.2864 100.0000 stroke3
movl 0 -21.1063 385.5293 166.9684 155.6087 -6.3222 -116.2253 100.0000 stroke3
movl 0 -17.9699 374.1018 184.4502 148.6764 7.9223 -113.1381 100.0000 stroke3
movl 0 -3.6422 370.1588 190.1921 149.7382 18.1081 -97.0300 100.0000 stroke4
movl 0 -13.9862 366.5299 172.9692 153.2008 15.6086 -95.3433 100.0000 stroke4
movl 0 -22.1294 366.4356 171.2520 156.5680 16.4555 -93.4986 100.0000 stroke4
movl 0 -25.6862 364.4269 170.7748 156.8269 17.4666 -90.6796 100.0000 stroke4
movl 0 -28.7459 365.5151 169.4618 158.5340 18.0695 -88.3270 100.0000 stroke4
movl 0 -31.3405 365.5217 169.4283 160.4923 18.2623 -87.7516 100.0000 stroke4
movl 0 -35.3902 364.2721 169.5988 162.6750 18.6190 -87.5556 100.0000 stroke4
movl 0 -35.0305 365.4600 169.3770 163.1391 18.3874 -88.2285 100.0000 stroke4
movl 0 -33.0162 366.9181 169.4580 163.3400 17.7945 -89.8844 100.0000 stroke4
movl 0 -29.1701 369.2234 169.6872 163.3835 17.0185 -92.4816 100.0000 stroke4
movl 0 -24.3633 372.3220 169.7497 163.4518 16.0508 -95.7277 100.0000 stroke4
movl 0 -17.9377 374.7046 169.8818 161.3487 14.6942 -97.6904 100.0000 stroke4
movl 0 -7.3319 383.5768 168.1001 158.1599 10.1583 -100.7220 100.0000 stroke4
movl 0 2.4092 394.4852 165.1571 156.1792 4.0072 -103.4696 100.0000 stroke4
movl 0 7.5809 401.1499 163.2142 154.8260 -0.0785 -104.9790 100.0000 stroke4
movl 0 8.1198 403.9171 163.4617 155.3812 -3.8943 -106.4850 100.0000 stroke4
movl 0 7.8184 407.0300 163.5880 156.5749 -7.9042 -108.3860 100.0000 stroke4
movl 0 6.8315 409.4439 163.3291 157.7805 -10.8019 -109.2849 100.0000 stroke4
movl 0 5.6232 410.7765 162.9316 158.3510 -12.6917 -109.2677 100.0000 stroke4
movl 0 5.1488 409.5533 163.4845 157.8544 -12.3795 -108.5833 100.0000 stroke4
movl 0 7.6656 406.3414 164.6557 156.9763 -10.2793 -108.8000 100.0000 stroke4
movl 0 7.2626 405.9739 164.8029 157.1323 -10.2857 -108.5120 100.0000 stroke4
movl 0 7.2537 406.3386 164.6647 157.2799 -10.8561 -108.1046 100.0000 stroke4
movl 0 6.7013 405.6404 164.9824 157.3331 -10.4091 -107.7410 100.0000 stroke4
movl 0 10.6957 396.7425 166.9896 154.0340 -4.7999 -106.5873 100.0000 stroke4
movl 0 12.5270 393.2531 167.2362 152.9003 -2.0752 -105.7998 100.0000 stroke4
movl 0 10.6271 395.4772 166.2058 153.4076 -2.6640 -104.8057 100.0000 stroke4
movl 0 7.5079 399.3443 165.0354 154.3418 -5.0338 -103.3162 100.0000 stroke4
movl 0 6.9222 399.8097 164.7489 154.1984 -5.3794 -102.5864 100.0000 stroke4
movl 0 7.3655 399.5358 164.7330 153.6918 -5.2495 -102.2868 100.0000 stroke4
movl 0 11.6789 392.7160 165.9064 150.0412 -1.2470 -102.6169 100.0000 stroke4
movl 0 16.7295 375.4422 177.9204 144.5821 14.8976 -101.7280 100.0000 stroke4
movl 0 -7.4249 395.3649 188.4177 150.7151 16.5790 -80.3568 100.0000 stroke5
movl 0 -4.7454 382.8508 169.5582 154.9874 17.5490 -82.6130 100.0000 stroke5
movl 0 -10.3405 379.6139 169.3380 159.1202 19.7427 -81.6484 100.0000 stroke5
movl 0 -9.0299 384.2097 167.1557 157.8510 19.2908 -81.1442 100.0000 stroke5
movl 0 -12.0142 386.9526 165.6890 158.2024 18.1873 -80.9733 100.0000 stroke5
movl 0 -12.9669 390.5752 165.3168 158.4347 14.3708 -84.1012 100.0000 stroke5
movl 0 -13.2301 392.9399 165.3018 157.5769 11.3297 -86.8128 100.0000 stroke5
movl 0 -13.0026 393.7059 165.8720 156.8365 9.0730 -89.0831 100.0000 stroke5
movl 0 -13.0283 394.2600 166.3375 156.5144 6.6139 -91.4381 100.0000 stroke5
movl 0 -12.2804 395.1594 166.6514 156.1608 4.0083 -93.8950 100.0000 stroke5
movl 0 -12.3696 396.0197 166.8606 156.2141 1.5708 -96.0084 100.0000 stroke5
movl 0 -12.7928 396.9036 167.1826 156.5939 -0.7097 -97.8839 100.0000 stroke5
movl 0 -13.1789 397.7860 167.2869 156.9349 -2.7810 -99.5456 100.0000 stroke5
movl 0 -13.9040 398.6261 167.4253 157.7335 -5.0622 -101.6032 100.0000 stroke5
movl 0 -14.5246 399.3906 167.4802 158.5418 -7.0701 -103.4118 100.0000 stroke5
movl 0 -15.5261 400.1624 167.4454 159.5645 -9.0251 -105.1738 100.0000 stroke5
movl 0 -16.5431 400.5371 167.3870 160.6083 -10.6169 -106.5632 100.0000 stroke5
movl 0 -17.6204 400.7541 167.3104 161.7114 -12.0754 -108.0883 100.0000 stroke5
movl 0 -18.4415 401.0356 167.2292 162.6685 -13.2470 -109.4582 100.0000 stroke5
movl 0 -19.4282 401.5717 166.9300 163.5621 -14.3850 -110.3145 100.0000 stroke5
movl 0 -20.7072 401.5842 166.8655 164.2275 -15.0686 -110.5161 100.0000 stroke5
movl 0 -21.9102 401.6344 166.7440 164.9922 -15.8434 -110.8119 100.0000 stroke5
movl 0 -23.4593 400.6000 167.0384 165.5842 -16.0061 -110.8935 100.0000 stroke5
movl 0 -24.2476 399.6697 167.2305 165.7548 -16.1360 -110.7422 100.0000 stroke5
movl 0 -22.0036 397.9602 168.4703 164.9579 -15.2170 -111.3246 100.0000 stroke5
movl 0 -19.7757 397.5038 168.9326 164.5878 -14.9674 -111.8780 100.0000 stroke5
movl 0 -20.6188 397.7266 168.6962 164.9648 -15.4251 -111.7211 100.0000 stroke5
movl 0 -22.4905 397.0806 168.8023 165.5484 -15.7071 -111.4712 100.0000 stroke5
movl 0 -18.4868 395.0342 170.3504 163.9565 -14.5410 -112.0456 100.0000 stroke5
movl 0 -16.1075 394.5930 170.7947 163.3387 -14.1606 -112.5048 100.0000 stroke5
movl 0 -16.6836 395.1701 170.3660 163.6771 -14.7258 -112.2948 100.0000 stroke5
movl 0 -18.9536 395.2115 170.2165 164.4125 -15.3088 -111.9004 100.0000 stroke5
movl 0 -14.6582 394.9152 170.8912 163.0612 -14.9497 -112.3005 100.0000 stroke5
movl 0 -18.2376 395.3306 170.0389 164.1362 -15.5390 -111.8519 100.0000 stroke5
movl 0 -15.9499 395.4076 170.2000 163.3606 -15.3539 -112.0380 100.0000 stroke5
movl 0 -5.9276 392.3784 178.7634 158.7775 -12.4173 -112.9599 100.0000 stroke5
