movl 0 -8.9892 405.6555 162.5626 160.4298 -28.3067 -163.6242 100.0000 stroke1
movl 0 -8.3482 405.0748 161.9244 157.4054 -26.5038 -158.9212 100.0000 stroke1
movl 0 -8.3749 405.3703 161.4456 156.0070 -25.3201 -155.7204 100.0000 stroke1
movl 0 -9.7369 405.7814 161.3529 156.0940 -24.4969 -155.0066 100.0000 stroke1
movl 0 -12.2899 406.8583 161.4289 157.4689 -23.7932 -155.6942 100.0000 stroke1
movl 0 -14.8298 408.6351 161.5480 159.7728 -23.4312 -157.7799 100.0000 stroke1
movl 0 -14.3263 410.1041 160.9469 161.6321 -23.7520 -160.3390 100.0000 stroke1
movl 0 -11.9408 413.0774 160.2721 164.6780 -25.1438 -164.5981 100.0000 stroke1
movl 0 -11.7302 415.3150 159.6507 167.3586 -26.5703 -167.7727 100.0000 stroke1
movl 0 -13.2489 415.8951 159.8923 169.8867 -27.0518 -171.5363 100.0000 stroke1
movl 0 -14.0550 416.9646 160.4389 173.3486 -27.3058 -177.2217 100.0000 stroke1
movl 0 -15.3762 417.0618 161.3542 176.0545 -27.5982 178.6234 100.0000 stroke1
movl 0 -15.5580 416.9514 161.8873 178.3647 -27.6251 174.7050 100.0000 stroke1
movl 0 -15.9357 417.4333 162.3086 -179.4163 -27.6184 171.2420 100.0000 stroke1
movl 0 -16.8432 418.5462 162.9741 -177.4789 -27.5416 168.8977 100.0000 stroke1
movl 0 -17.2143 418.6852 163.2512 -175.9445 -27.0953 166.7703 100.0000 stroke1
movl 0 -17.3885 418.9794 163.4870 -174.5647 -26.7118 165.1277 100.0000 stroke1
movl 0 -17.7602 419.1815 163.6696 -173.3484 -26.2651 163.6238 100.0000 stroke1
movl 0 -18.1196 419.4460 163.7990 -171.7671 -25.7460 161.5202 100.0000 stroke1
movl 0 -18.5672 419.7094 163.9402 -170.1029 -25.0665 159.2334 100.0000 stroke1
movl 0 -18.9529 419.8520 164.1395 -168.5350 -24.2838 157.0286 100.0000 stroke1
movl 0 -19.4490 419.8572 164.2724 -167.3561 -23.6299 155.6721 100.0000 stroke1
movl 0 -20.0379 420.1760 164.4139 -166.0085 -22.6241 154.0144 100.0000 stroke1
movl 0 -20.5816 420.4616 164.5177 -164.6657 -21.7950 152.3338 100.0000 stroke1
movl 0 -21.2418 420.4916 164.6771 -163.2121 -20.7426 150.3848 100.0000 stroke1
movl 0 -22.0576 420.6762 164.7933 -161.8047 -19.5490 148.5483 100.0000 stroke1
movl 0 -23.0383 420.6400 164.8887 -160.6784 -18.2771 146.9439 100.0000 stroke1
movl 0 -24.1265 420.9714 164.9324 -159.6665 -16.9612 145.6452 100.0000 stroke1
movl 0 -25.3136 421.4056 164.8708 -158.5619 -15.5171 144.3270 100.0000 stroke1
movl 0 -26.6781 421.6789 164.7015 -157.6226 -14.1746 143.3589 100.0000 stroke1
movl 0 -27.8698 421.9262 164.5054 -156.7131 -12.8624 142.3270 100.0000 stroke1
movl 0 -29.2079 422.1095 164.1908 -155.8115 -11.5575 141.5743 100.0000 stroke1
movl 0 -30.7112 422.2124 163.8787 -155.0012 -10.0539 140.6579 100.0000 stroke1
movl 0 -31.5721 422.3764 163.5400 -154.2041 -8.9701 139.7914 100.0000 stroke1
movl 0 -32.1974 422.5166 163.2800 -153.7104 -8.4753 139.7523 100.0000 stroke1
movl 0 -32.0860 422.4418 163.2686 -153.6938 -8.8447 140.4277 100.0000 stroke1
movl 0 -30.0293 422.2576 163.5442 -153.9458 -10.2227 141.5325 100.0000 stroke1
movl 0 -28.7318 421.5221 164.1460 -154.5242 -10.9552 141.8595 100.0000 stroke1
movl 0 -28.1742 421.3148 164.2945 -154.6215 -10.9355 141.5319 100.0000 stroke1
movl 0 -28.8222 421.1530 164.3365 -154.6198 -10.3596 141.0002 100.0000 stroke1
movl 0 -29.7372 421.4379 164.0000 -154.0802 -9.8918 141.1953 100.0000 stroke1
movl 0 -28.7650 420.5268 164.5714 -154.4804 -10.7011 141.4381 100.0000 stroke1
movl 0 -26.8481 419.9885 164.9684 -154.9185 -11.4842 141.5825 100.0000 stroke1
movl 0 -26.9326 419.8587 165.0157 -154.7124 -11.0433 141.2578 100.0000 stroke1
movl 0 -27.0370 419.2537 165.2603 -154.5505 -10.7860 141.2021 100.0000 stroke1
movl 0 -27.1638 418.9583 165.4508 -154.9073 -10.9097 141.1892 100.0000 stroke1
movl 0 -26.2035 417.2625 166.2451 -155.8026 -12.1720 141.5969 100.0000 stroke1
movl 0 -25.6200 415.7997 167.0696 -156.5104 -13.0975 141.7769 100.0000 stroke1
movl 0 -19.6427 404.6448 173.8317 -160.9542 -19.3300 143.0551 100.0000 stroke1
movl 0 -25.0258 378.9896 230.5280 -178.6109 -32.5754 151.2914 100.0000 stroke1
movl 0 -27.1795 396.4015 217.0052 177.6101 -36.9325 167.1510 100.0000 stroke2
movl 0 -25.7240 393.1059 178.0938 -179.8541 -33.9926 165.2925 100.0000 stroke2
movl 0 -31.2720 389.0228 176.3717 178.7824 -30.1511 165.1336 100.0000 stroke2
movl 0 -34.7107 391.2669 174.5420 179.9182 -28.0461 164.6674 100.0000 stroke2
movl 0 -38.7333 392.1689 172.5082 179.5169 -27.7394 166.6975 100.0000 stroke2
movl 0 -46.0595 393.5290 171.7790 179.5576 -26.8015 168.6046 100.0000 stroke2
movl 0 -49.2905 394.1050 171.0340 179.4827 -26.1010 169.3275 100.0000 stroke2
movl 0 -49.8968 395.2203 170.3820 179.8736 -25.7852 169.2674 100.0000 stroke2
movl 0 -52.6346 396.0290 169.8854 -179.6119 -23.9296 168.4044 100.0000 stroke2
movl 0 -54.8468 398.0461 170.7206 -177.8693 -22.6814 166.8408 100.0000 stroke2
movl 0 -56.4276 397.7416 170.8029 -177.8730 -22.0891 166.3062 100.0000 stroke2
movl 0 -56.9187 397.8296 170.7563 -178.2911 -21.7005 166.1382 100.0000 stroke2
movl 0 -56.0189 398.0917 170.7546 -178.4779 -21.6020 165.6400 100.0000 stroke2
movl 0 -54.2134 399.0846 170.7649 -178.2879 -21.6218 165.0592 100.0000 stroke2
movl 0 -52.1204 400.2933 170.7751 -177.9996 -21.5496 164.3494 100.0000 stroke2
movl 0 -49.3140 401.0098 170.8137 -178.0306 -21.7518 164.0281 100.0000 stroke2
movl 0 -46.2229 401.8296 171.0636 -177.7795 -21.8314 163.2366 100.0000 stroke2
movl 0 -43.0084 401.5135 171.0524 -177.7949 -21.9310 162.4186 100.0000 stroke2
movl 0 -40.7626 401.6955 171.4682 -177.6424 -22.0774 161.8366 100.0000 stroke2
movl 0 -39.2325 401.8536 171.8546 -177.5841 -22.1835 161.5019 100.0000 stroke2
movl 0 -37.4785 401.7525 172.2928 -177.5213 -22.4428 161.2323 100.0000 stroke2
movl 0 -29.6879 396.5046 179.8442 -179.3604 -25.6239 162.5282 100.0000 stroke2
movl 0 -23.6649 383.5797 230.3048 173.5237 -31.5518 169.0515 100.0000 stroke2
movl 0 -25.8123 403.5212 219.9778 168.5755 -32.5322 -169.8510 100.0000 stroke3
movl 0 -30.8481 393.8801 182.4396 169.7539 -27.6623 -173.8495 100.0000 stroke3
movl 0 -34.3772 388.7170 180.6582 168.7985 -24.1010 -174.9760 100.0000 stroke3
movl 0 -38.1962 391.3847 177.5025 169.8175 -21.9479 -175.4802 100.0000 stroke3
movl 0 -39.0687 394.9354 175.9548 170.7227 -21.5775 -175.9996 100.0000 stroke3
movl 0 -40.5066 396.4122 174.6066 171.1766 -21.5376 -176.1900 100.0000 stroke3
movl 0 -41.4478 398.7255 173.7633 172.2270 -21.1491 -176.8861 100.0000 stroke3
movl 0 -43.6399 402.4620 173.5439 174.8509 -20.2765 -178.1935 100.0000 stroke3
movl 0 -43.2412 404.8037 173.3022 176.6562 -20.0966 -179.7289 100.0000 stroke3
movl 0 -42.7575 406.8680 172.3074 177.8222 -20.2412 179.2038 100.0000 stroke3
movl 0 -43.2163 409.1022 172.3682 179.2988 -20.6304 178.2421 100.0000 stroke3
movl 0 -44.1440 410.1990 172.2999 -179.7445 -20.6939 177.0833 100.0000 stroke3
movl 0 -44.9244 410.5652 172.3144 -178.9590 -20.6181 176.0588 100.0000 stroke3
movl 0 -45.1016 410.5447 172.4175 -177.8017 -20.5174 174.8174 100.0000 stroke3
movl 0 -46.0996 410.0016 172.6679 -176.8134 -20.3418 173.8599 100.0000 stroke3
movl 0 -47.1244 409.0318 173.2047 -176.2266 -20.2489 173.5266 100.0000 stroke3
movl 0 -48.6692 408.1966 173.4454 -175.4544 -20.0960 173.2947 100.0000 stroke3
movl 0 -50.5826 407.3334 173.6199 -174.7317 -19.9158 173.2420 100.0000 stroke3
movl 0 -52.4627 406.4229 173.8279 -174.2007 -19.7832 173.4327 100.0000 stroke3
movl 0 -54.6060 405.6268 173.9553 -173.6523 -19.7267 173.7502 100.0000 stroke3
movl 0 -57.0679 404.5061 174.2945 -173.4260 -19.7380 174.2688 100.0000 stroke3
movl 0 -59.4659 403.1591 174.7769 -173.4226 -19.8495 174.7977 100.0000 stroke3
movl 0 -60.7992 402.4320 175.1325 -173.4291 -20.0624 175.1180 100.0000 stroke3
movl 0 -61.5793 401.7448 175.6828 -173.4816 -20.3391 175.2799 100.0000 stroke3
movl 0 -61.4923 399.8127 177.2815 -173.9001 -21.3527 175.5486 100.0000 stroke3
movl 0 -58.4437 383.0091 197.7298 -178.7092 -28.0185 175.3399 100.0000 stroke3
movl 0 9.4789 417.8259 220.3424 -179.4489 -35.2784 170.1528 100.0000 stroke4
movl 0 11.3993 417.1622 174.2667 -175.7038 -31.2777 164.7342 100.0000 stroke4
movl 0 7.1442 415.8934 174.8314 -177.8987 -29.2884 166.3108 100.0000 stroke4
movl 0 6.0623 417.6342 172.5225 -178.2930 -28.4120 166.6017 100.0000 stroke4
movl 0 5.1824 420.0803 171.0099 -178.0344 -27.9774 167.2407 100.0000 stroke4
movl 0 3.5949 422.8812 169.7406 -176.9206 -27.0498 166.8871 100.0000 stroke4
movl 0 0.1239 426.6698 168.5352 -174.5285 -24.5647 165.4003 100.0000 stroke4
movl 0 0.7639 429.4855 167.6840 -172.5700 -23.5290 163.2600 100.0000 stroke4
movl 0 1.4374 430.9711 166.6392 -171.3693 -23.2059 162.0605 100.0000 stroke4
movl 0 0.2232 431.8902 166.5624 -170.3025 -23.3732 162.1935 100.0000 stroke4
movl 0 -1.9935 430.9610 166.8482 -169.5839 -23.6030 163.2935 100.0000 stroke4
movl 0 -5.1424 429.1304 167.2870 -169.3021 -23.8693 164.5184 100.0000 stroke4
movl 0 -7.9907 427.7668 167.6051 -169.1337 -24.0587 165.4989 100.0000 stroke4
movl 0 -10.4171 426.2359 168.2691 -169.1936 -24.0605 165.8907 100.0000 stroke4
movl 0 -11.7213 425.3601 168.6931 -169.1755 -24.3025 166.1982 100.0000 stroke4
movl 0 -13.4183 423.7604 169.5702 -169.5814 -24.8350 166.7389 100.0000 stroke4
movl 0 -19.1262 413.0981 178.9935 -174.3740 -28.9248 170.3844 100.0000 stroke4
movl 0 -44.9485 386.1247 230.3465 164.6849 -28.4750 -171.1399 100.0000 stroke4
movl 0 -49.3300 379.7681 206.9587 165.2353 -15.0631 -160.6245 100.0000 stroke5
movl 0 -50.0886 376.0937 184.4122 165.8783 -13.7242 -162.9693 100.0000 stroke5
movl 0 -53.9360 374.8602 182.2572 164.8079 -11.4151 -163.3738 100.0000 stroke5
movl 0 -55.3171 374.9735 181.2015 164.9217 -11.0531 -163.2281 100.0000 stroke5
movl 0 -56.6042 375.3327 180.6420 164.3722 -10.6037 -163.3035 100.0000 stroke5
movl 0 -58.1835 376.5161 179.6530 164.8389 -10.0362 -163.4625 100.0000 stroke5
movl 0 -59.5963 377.9856 178.8979 165.7527 -9.7176 -163.3474 100.0000 stroke5
movl 0 -62.1485 377.0159 178.7170 165.7811 -9.0854 -162.9619 100.0000 stroke5
movl 0 -60.9581 378.8107 178.6855 166.4109 -8.6848 -163.7759 100.0000 stroke5
movl 0 -60.3066 379.3433 178.8739 166.7112 -8.6496 -164.1090 100.0000 stroke5
movl 0 -60.6916 379.6543 179.0453 167.2910 -8.4193 -164.3029 100.0000 stroke5
movl 0 -60.8152 380.0005 179.1873 167.8485 -8.2474 -164.6574 100.0000 stroke5
movl 0 -60.9797 380.5756 179.3517 168.4311 -8.1143 -165.0269 100.0000 stroke5
movl 0 -61.0858 380.7100 179.4599 168.7513 -7.9816 -165.2347 100.0000 stroke5
movl 0 -61.3522 381.2131 179.6403 169.3657 -7.7519 -165.6349 100.0000 stroke5
movl 0 -62.1199 382.2401 179.8500 170.3814 -7.4435 -166.1970 100.0000 stroke5
movl 0 -62.8438 383.1731 180.0231 171.1090 -6.9482 -165.6712 100.0000 stroke5
movl 0 -63.9967 384.2532 180.1413 172.3005 -6.4637 -167.3075 100.0000 stroke5
movl 0 -66.0061 385.9494 180.3809 173.7359 -5.7185 -167.8476 100.0000 stroke5
movl 0 -68.6032 387.7316 180.4145 175.5838 -4.7147 -170.8199 100.0000 stroke5
movl 0 -71.5743 389.4777 180.0574 177.3290 -3.4052 -174.4363 100.0000 stroke5
movl 0 -75.3052 390.8353 179.5963 178.6392 -1.6382 -178.1835 100.0000 stroke5
movl 0 -78.7926 392.3447 178.9660 179.8497 0.2474 176.8673 100.0000 stroke5
movl 0 -82.2870 393.2926 178.1925 -179.6801 2.0450 171.6121 100.0000 stroke5
movl 0 -85.8290 394.4364 177.4649 -179.4599 4.1674 166.8300 100.0000 stroke5
movl 0 -87.8662 395.7141 176.8724 -179.1752 5.6031 162.6707 100.0000 stroke5
movl 0 -90.1893 397.1622 176.0948 -179.1195 7.2907 159.1217 100.0000 stroke5
movl 0 -91.9949 398.4876 175.2860 -179.3431 8.7294 155.4876 100.0000 stroke5
movl 0 -94.1248 400.0950 174.2785 -179.8139 10.4648 151.0069 100.0000 stroke5
movl 0 -95.9029 401.2442 173.3755 179.4808 11.7244 146.6430 100.0000 stroke5
movl 0 -97.1876 400.6606 173.4790 178.3553 11.7633 142.8962 100.0000 stroke5
movl 0 -95.8834 400.8130 174.1773 177.8074 11.0018 139.1121 100.0000 stroke5
movl 0 -92.3962 403.4334 174.6083 177.9051 10.5994 137.2577 100.0000 stroke5
movl 0 -91.2821 403.4460 174.8742 177.9477 10.3915 137.1242 100.0000 stroke5
movl 0 -93.0164 399.0155 175.6855 178.1042 10.0683 139.2063 100.0000 stroke5
movl 0 -92.6428 400.1210 175.1395 177.9244 10.4694 139.6175 100.0000 stroke5
movl 0 -90.2477 402.6928 174.8854 178.0590 10.6092 139.1882 100.0000 stroke5
movl 0 -90.0564 402.0321 175.1048 178.1266 10.5737 140.0343 100.0000 stroke5
movl 0 -88.7865 402.1346 175.3108 178.5178 10.5778 140.9296 100.0000 stroke5
movl 0 -87.6438 402.5254 175.4384 178.5311 10.5795 140.7451 100.0000 stroke5
movl 0 -86.3767 403.3357 175.4773 178.6578 10.5423 140.4937 100.0000 stroke5
movl 0 -85.0386 403.3852 175.6510 178.9080 10.4949 140.9031 100.0000 stroke5
movl 0 -83.3897 403.8362 176.0010 179.2812 10.3329 141.3413 100.0000 stroke5
movl 0 -82.6135 404.1150 176.0177 179.4067 10.4288 141.2551 100.0000 stroke5
movl 0 -81.3207 404.0224 176.5143 179.5904 10.2469 141.1677 100.0000 stroke5
movl 0 -79.5713 404.1589 177.0245 179.8192 10.0556 140.9897 100.0000 stroke5
movl 0 -78.1695 404.0983 177.5096 179.9720 9.9072 140.8077 100.0000 stroke5
movl 0 -76.5286 404.3574 178.0120 -179.7890 9.7019 140.6259 100.0000 stroke5
movl 0 -74.5317 404.4290 178.7044 -179.4342 9.3609 140.3559 100.0000 stroke5
movl 0 -72.9109 404.4555 179.4102 -179.2246 9.0812 140.0894 100.0000 stroke5
movl 0 -71.7880 404.6809 179.7926 -179.1841 9.0073 139.5214 100.0000 stroke5
movl 0 -70.7899 404.7063 180.1920 -179.0320 8.8393 139.3010 100.0000 stroke5
movl 0 -70.0504 404.7403 180.5297 -178.9556 8.7541 138.9632 100.0000 stroke5
movl 0 -68.9901 404.8122 181.0571 -178.9052 8.6826 138.2065 100.0000 stroke5
movl 0 -67.8992 404.7317 181.5390 -178.7730 8.5124 137.8785 100.0000 stroke5
movl 0 -66.8193 404.7046 182.0654 -178.7565 8.3327 137.4985 100.0000 stroke5
movl 0 -66.2988 404.3944 182.5100 -178.6912 8.1677 137.2272 100.0000 stroke5
movl 0 -65.7148 404.1555 182.8290 -178.6149 8.0187 136.7292 100.0000 stroke5
movl 0 -64.5937 404.1405 183.2618 -178.5337 7.8055 136.0593 100.0000 stroke5
movl 0 -63.7746 404.1209 183.5748 -178.4760 7.6741 135.6577 100.0000 stroke5
movl 0 -62.7429 404.0565 184.0464 -178.4368 7.4637 135.1993 100.0000 stroke5
movl 0 -61.9298 403.9506 184.4463 -178.3684 7.2898 134.7293 100.0000 stroke5
movl 0 -61.0224 403.7860 184.9012 -178.2978 7.0893 133.8644 100.0000 stroke5
movl 0 -59.8552 403.6149 185.3349 -178.3112 6.7223 132.9239 100.0000 stroke5
movl 0 -58.5556 403.2714 185.9781 -178.2493 6.2071 132.0393 100.0000 stroke5
movl 0 -57.5013 403.5003 186.4272 -178.0759 5.9510 131.2706 100.0000 stroke5
movl 0 -56.7561 403.3609 186.6268 -178.0120 5.8163 130.9928 100.0000 stroke5
movl 0 -58.4842 402.8097 186.1616 -178.0549 5.6898 130.9446 100.0000 stroke5
movl 0 -57.6711 402.3870 186.8607 -177.7951 5.1353 130.5709 100.0000 stroke5
movl 0 -54.8751 401.3209 189.0579 -176.9242 3.8818 130.7276 100.0000 stroke5
movl 0 -43.9623 394.2223 220.9943 -173.4155 -2.7922 131.9325 100.0000 stroke5
