movl 0 -10.1817 393.7941 168.3797 -156.9644 27.6292 15.8834 100.0000 stroke1
movl 0 -17.2836 395.4025 176.7406 -154.3463 24.2677 20.2833 100.0000 stroke1
movl 0 -24.0189 406.9023 181.8156 -157.7192 23.5826 20.4509 100.0000 stroke1
movl 0 -14.9542 407.5102 172.0290 -158.5532 26.3809 17.8682 100.0000 stroke1
movl 0 -15.6093 400.8069 172.7192 -157.4081 24.9598 16.8091 100.0000 stroke1
movl 0 -25.5213 395.9713 173.0422 -158.0503 22.1112 17.2498 100.0000 stroke1
movl 0 -33.1613 394.7383 172.7465 -158.5252 20.2829 18.1925 100.0000 stroke1
movl 0 -34.5449 395.8216 171.8338 -159.0822 19.8793 18.4608 100.0000 stroke1
movl 0 -36.1810 395.4706 171.0786 -158.4519 18.4844 20.5173 100.0000 stroke1
movl 0 -37.4998 395.9722 170.0691 -158.4410 17.7040 21.3984 100.0000 stroke1
movl 0 -39.0610 396.4440 169.4809 -158.8230 17.1014 21.4641 100.0000 stroke1
movl 0 -40.9486 396.2993 169.4329 -159.3403 15.9226 21.4528 100.0000 stroke1
movl 0 -42.6495 396.3680 169.4176 -159.7873 14.9917 21.3445 100.0000 stroke1
movl 0 -43.8015 396.3034 169.6297 -160.4282 14.2815 21.2194 100.0000 stroke1
movl 0 -46.5284 394.6053 170.1736 -160.4030 12.9421 21.4831 100.0000 stroke1
movl 0 -50.1191 393.4080 170.3652 -160.1642 11.4918 21.4692 100.0000 stroke1
movl 0 -50.6950 393.4918 170.3522 -160.2454 10.9924 21.1789 100.0000 stroke1
movl 0 -50.8752 393.3286 170.5676 -160.4472 10.5102 20.7659 100.0000 stroke1
movl 0 -50.7840 393.2436 170.6770 -160.4477 10.1446 20.2391 100.0000 stroke1
movl 0 -50.9299 393.2735 170.8021 -160.6577 9.6783 19.1600 100.0000 stroke1
movl 0 -51.4875 393.2222 170.9851 -160.8311 8.9337 18.1709 100.0000 stroke1
movl 0 -51.2218 393.3443 171.1323 -161.0592 8.4678 16.9453 100.0000 stroke1
movl 0 -50.4986 394.0439 171.2345 -161.4233 7.9269 15.2694 100.0000 stroke1
movl 0 -49.4453 394.9906 171.2354 -161.8462 7.3760 13.2256 100.0000 stroke1
movl 0 -48.4736 395.9793 171.1078 -162.2239 6.5469 11.0216 100.0000 stroke1
movl 0 -47.7716 397.1944 170.7878 -162.4523 6.2866 9.6339 100.0000 stroke1
movl 0 -46.5319 394.3539 171.5780 -161.1290 7.2030 10.4468 100.0000 stroke1
movl 0 -44.7647 392.8380 172.0788 -160.0375 7.8306 10.7221 100.0000 stroke1
movl 0 -44.3415 391.9387 172.3995 -159.5031 7.9091 10.7919 100.0000 stroke1
movl 0 -43.3160 391.5913 172.6255 -159.1805 8.0998 10.6781 100.0000 stroke1
movl 0 -43.4638 392.1349 172.6105 -160.0958 8.1085 10.3620 100.0000 stroke1
movl 0 -43.5822 392.9718 172.9935 -161.9826 8.1805 9.4950 100.0000 stroke1
movl 0 -42.7532 393.3738 172.9393 -162.5883 8.8019 9.3569 100.0000 stroke1
movl 0 -42.1839 393.2278 172.7941 -162.5826 10.1053 10.2840 100.0000 stroke1
movl 0 -41.8006 393.8359 172.6022 -162.7192 10.6406 10.3304 100.0000 stroke1
movl 0 -41.1615 393.6865 172.6354 -162.4632 11.3988 10.7161 100.0000 stroke1
movl 0 -31.8851 392.3735 175.1452 -160.8155 15.6497 11.7700 100.0000 stroke1
movl 0 -24.6228 384.7865 199.5024 -152.4987 20.2055 18.5346 100.0000 stroke1
movl 0 -16.8454 409.9581 230.2341 -157.5617 32.6794 20.0373 100.0000 stroke2
movl 0 -7.0630 402.1599 174.9399 -164.6443 31.5142 11.2985 100.0000 stroke2
movl 0 -6.5465 398.7780 168.4841 -165.1340 29.9927 10.1268 100.0000 stroke2
movl 0 -10.9630 399.9352 166.4310 -165.5680 28.4537 10.6810 100.0000 stroke2
movl 0 -12.7528 400.3215 165.6168 -164.8523 27.6937 11.2184 100.0000 stroke2
movl 0 -14.9508 401.8908 164.7956 -165.3996 27.2157 10.7745 100.0000 stroke2
movl 0 -18.7273 406.1119 164.3560 -170.2931 26.0470 7.4065 100.0000 stroke2
movl 0 -18.6575 407.3419 164.6578 -172.5070 25.9330 4.6606 100.0000 stroke2
movl 0 -18.8915 407.8823 164.9987 -174.5398 26.1151 2.4984 100.0000 stroke2
movl 0 -19.8559 408.3330 165.4597 -177.5485 26.0806 -0.6466 100.0000 stroke2
movl 0 -21.7221 409.5549 165.7171 177.9950 25.4356 -4.9135 100.0000 stroke2
movl 0 -24.3665 409.9420 165.9259 174.2506 24.2998 -8.5467 100.0000 stroke2
movl 0 -25.8803 408.8975 166.1908 173.2577 24.1680 -9.2043 100.0000 stroke2
movl 0 -25.9996 407.6501 166.5003 173.0365 24.4907 -9.3928 100.0000 stroke2
movl 0 -26.1707 406.5049 166.9545 173.0839 24.8470 -9.3042 100.0000 stroke2
movl 0 -26.2357 405.3247 167.4503 173.3134 25.3753 -9.0355 100.0000 stroke2
movl 0 -26.0010 404.6040 167.6880 173.3748 25.9098 -9.1893 100.0000 stroke2
movl 0 -24.7091 403.1203 168.5208 173.5223 26.9489 -10.2693 100.0000 stroke2
movl 0 -15.3512 397.9498 176.4651 175.7374 32.6346 -13.9163 100.0000 stroke2
movl 0 -8.5937 389.9018 213.0462 -167.6866 40.1402 -2.3019 100.0000 stroke2
movl 0 15.5362 417.1662 233.1580 175.0132 44.3747 -26.7440 100.0000 stroke3
movl 0 23.3054 412.5565 170.0615 162.7344 38.4842 -39.5476 100.0000 stroke3
movl 0 17.5274 408.3198 165.0419 162.5708 34.2242 -41.8853 100.0000 stroke3
movl 0 11.5528 409.4863 162.4617 163.8700 31.7903 -42.0553 100.0000 stroke3
movl 0 9.6026 410.4313 162.0732 163.9733 30.8929 -42.2678 100.0000 stroke3
movl 0 8.4107 412.4811 160.9684 163.5072 30.6619 -42.8317 100.0000 stroke3
movl 0 2.8340 414.2393 161.3170 164.1396 27.0565 -44.5874 100.0000 stroke3
movl 0 1.7033 415.7144 161.7585 162.7875 24.9751 -46.5316 100.0000 stroke3
movl 0 0.7111 415.8802 162.6887 160.4684 22.5288 -49.4406 100.0000 stroke3
movl 0 -1.8244 417.1148 163.8371 157.6315 17.3675 -52.3620 100.0000 stroke3
movl 0 -4.8178 414.9568 165.1255 156.2051 14.0758 -55.3834 100.0000 stroke3
movl 0 -6.1464 406.1395 168.7692 159.0453 17.1617 -54.9874 100.0000 stroke3
movl 0 -13.4033 400.3173 170.9336 162.5677 16.9691 -54.1463 100.0000 stroke3
movl 0 -19.2703 397.3638 172.4025 164.6997 15.2347 -54.7790 100.0000 stroke3
movl 0 -26.2976 393.2272 173.8040 167.8122 14.6954 -55.1840 100.0000 stroke3
movl 0 -27.0972 393.1776 174.0435 169.0196 13.4887 -58.2481 100.0000 stroke3
movl 0 -24.6074 394.7315 174.0469 169.5394 12.2381 -61.7776 100.0000 stroke3
movl 0 -21.9550 395.9026 173.8466 169.2198 11.7215 -63.2288 100.0000 stroke3
movl 0 -16.8952 391.6247 175.5481 168.2083 14.6962 -61.8818 100.0000 stroke3
movl 0 -14.7364 392.0034 175.6782 167.8749 14.7497 -62.0762 100.0000 stroke3
movl 0 -15.7246 394.0789 175.5079 167.3128 12.3871 -62.4972 100.0000 stroke3
movl 0 -15.4956 394.6075 174.7577 166.1162 12.7564 -61.4991 100.0000 stroke3
movl 0 -11.1550 391.3668 174.8554 163.2794 18.2590 -58.6395 100.0000 stroke3
movl 0 -1.2784 379.8332 184.2543 169.1443 37.8810 -47.9470 100.0000 stroke3
movl 0 -4.5444 402.9439 181.1032 160.1152 37.8557 -49.1969 100.0000 stroke4
movl 0 -4.8638 397.8902 157.6431 156.6809 33.7993 -53.7600 100.0000 stroke4
movl 0 -16.7008 395.5194 158.5343 162.0337 33.4146 -50.4211 100.0000 stroke4
movl 0 -19.1004 397.6477 157.7019 161.9621 33.0093 -50.2560 100.0000 stroke4
movl 0 -19.5338 400.4810 156.2092 160.8798 33.2664 -50.1882 100.0000 stroke4
movl 0 -24.4184 403.4175 154.4255 160.8785 31.1191 -50.2748 100.0000 stroke4
movl 0 -28.1952 405.5912 155.0043 160.1418 26.3684 -53.9649 100.0000 stroke4
movl 0 -27.9103 407.5994 155.9312 158.5416 23.1925 -58.2525 100.0000 stroke4
movl 0 -27.7925 408.4696 157.5665 156.6705 20.3253 -61.1670 100.0000 stroke4
movl 0 -26.5995 410.8360 158.8345 153.9806 15.1134 -64.5487 100.0000 stroke4
movl 0 -27.1375 412.5372 159.9972 152.3853 9.6694 -69.3096 100.0000 stroke4
movl 0 -28.9537 413.5472 160.7802 151.7665 4.7229 -72.4848 100.0000 stroke4
movl 0 -30.7180 413.1802 161.3337 151.8364 1.0649 -74.1327 100.0000 stroke4
movl 0 -32.3139 411.9123 161.6309 151.8103 -1.1255 -74.5054 100.0000 stroke4
movl 0 -31.2587 408.3758 162.6486 151.6339 0.5770 -74.7419 100.0000 stroke4
movl 0 -27.8466 404.8265 164.0110 151.4007 3.7456 -75.2010 100.0000 stroke4
movl 0 -28.1877 403.7641 164.2750 151.7791 4.0426 -75.3623 100.0000 stroke4
movl 0 -29.8266 403.8381 164.1638 152.0920 2.5469 -75.1382 100.0000 stroke4
movl 0 -30.0289 402.7442 164.4267 152.3335 3.3786 -75.2180 100.0000 stroke4
movl 0 -29.4783 401.3161 164.7487 152.4886 5.0699 -75.0898 100.0000 stroke4
movl 0 -29.5757 401.3919 165.0560 152.6408 5.9117 -75.0303 100.0000 stroke4
movl 0 -25.3182 395.4848 170.3700 151.7541 11.1527 -75.2534 100.0000 stroke4
movl 0 -27.2672 379.3119 227.0362 156.1740 27.6699 -71.0453 100.0000 stroke4
movl 0 -20.0114 358.6157 195.0067 161.6481 29.3634 -64.5920 100.0000 stroke5
movl 0 -30.2885 352.1672 173.8678 163.4394 25.7121 -63.6578 100.0000 stroke5
movl 0 -38.2855 350.1840 172.9006 166.0266 25.4583 -62.8105 100.0000 stroke5
movl 0 -40.5059 351.8089 171.5342 166.3672 24.9364 -61.4894 100.0000 stroke5
movl 0 -44.0132 353.3017 170.2663 167.4726 24.8374 -59.1888 100.0000 stroke5
movl 0 -47.6469 354.0966 170.2706 169.0184 22.9196 -59.5360 100.0000 stroke5
movl 0 -50.6776 353.2837 170.8693 170.2073 21.5916 -59.8802 100.0000 stroke5
movl 0 -52.0675 352.7008 170.7254 171.1037 21.5276 -60.2775 100.0000 stroke5
movl 0 -51.1860 353.2394 170.9551 171.4043 20.9354 -61.3636 100.0000 stroke5
movl 0 -48.9637 354.1613 171.3525 171.2342 20.3407 -62.9470 100.0000 stroke5
movl 0 -46.7061 354.8529 171.6847 171.1770 19.8684 -64.1993 100.0000 stroke5
movl 0 -45.1650 355.5919 172.0210 171.4508 19.2415 -65.4817 100.0000 stroke5
movl 0 -43.2140 356.4018 172.4506 171.5577 18.6957 -67.4935 100.0000 stroke5
movl 0 -41.3261 357.3866 172.6954 171.9162 17.9228 -69.5536 100.0000 stroke5
movl 0 -39.1052 358.6584 172.9552 172.2596 17.0169 -71.9862 100.0000 stroke5
movl 0 -37.0791 359.8036 172.9298 172.8741 16.3285 -74.3591 100.0000 stroke5
movl 0 -35.5345 360.8700 173.1565 173.6429 15.4250 -76.8185 100.0000 stroke5
movl 0 -35.2197 361.6686 173.3823 174.6832 14.6184 -79.4320 100.0000 stroke5
movl 0 -36.5643 362.9539 173.2228 176.1667 13.7455 -82.6649 100.0000 stroke5
movl 0 -38.1047 363.1069 173.1046 176.7726 13.4423 -84.2852 100.0000 stroke5
movl 0 -34.3821 359.8928 174.5275 174.9299 15.2735 -83.4332 100.0000 stroke5
movl 0 -32.4842 358.7264 175.3112 174.4197 16.0923 -83.5550 100.0000 stroke5
movl 0 -30.9877 357.9815 175.8505 174.1021 16.5446 -83.8726 100.0000 stroke5
movl 0 -30.0852 357.8713 176.1218 173.7931 16.6210 -84.1633 100.0000 stroke5
movl 0 -30.5221 358.5096 176.2758 173.7098 15.5581 -84.3136 100.0000 stroke5
movl 0 -30.9124 359.9589 176.3928 173.6498 14.1454 -85.0121 100.0000 stroke5
movl 0 -31.0382 361.1266 176.5966 173.4734 12.8984 -85.7548 100.0000 stroke5
movl 0 -30.5994 361.4216 177.0597 173.2982 12.4765 -85.8969 100.0000 stroke5
movl 0 -30.1977 361.8148 177.1515 173.0373 11.9885 -86.1809 100.0000 stroke5
movl 0 -29.9109 361.5549 177.3291 172.7937 11.7532 -86.2777 100.0000 stroke5
movl 0 -29.0250 359.7808 177.4455 172.0148 13.3272 -84.8400 100.0000 stroke5
movl 0 -27.0715 357.7527 177.2748 171.0133 15.3713 -82.5315 100.0000 stroke5
movl 0 -26.4974 357.2762 177.4870 170.6441 15.8225 -82.1558 100.0000 stroke5
movl 0 -26.1690 356.3100 177.8386 170.3329 16.3246 -81.6535 100.0000 stroke5
movl 0 -23.5839 351.3916 180.3395 169.2731 18.6405 -79.4078 100.0000 stroke5
movl 0 -17.9739 347.1351 188.4959 166.9364 21.5222 -77.7847 100.0000 stroke5
movl 0 -24.3079 335.0243 232.6570 167.6181 28.3097 -73.1152 100.0000 stroke5
