movl 0 -45.3882 386.7856 167.9688 151.9838 9.6218 -117.2297 100.0000 stroke1
movl 0 -46.8353 386.2766 167.3024 152.4288 10.2857 -115.8947 100.0000 stroke1
movl 0 -50.1203 386.4134 167.2528 154.1150 10.6268 -115.7175 100.0000 stroke1
movl 0 -55.5839 385.7078 167.5070 156.5378 11.6593 -116.3240 100.0000 stroke1
movl 0 -60.7483 385.3707 167.8769 158.8172 12.2176 -117.4998 100.0000 stroke1
movl 0 -64.3941 385.3540 168.1785 160.6061 12.6319 -118.9030 100.0000 stroke1
movl 0 -66.9457 386.3320 168.2045 162.2796 12.5862 -120.6991 100.0000 stroke1
movl 0 -66.9840 386.8107 168.2063 162.4236 12.2124 -121.9178 100.0000 stroke1
movl 0 -64.0831 384.5039 168.6088 160.5426 12.7211 -121.9052 100.0000 stroke1
movl 0 -62.9281 383.3109 168.9254 159.8663 13.1228 -122.1064 100.0000 stroke1
movl 0 -61.4559 382.6973 169.3184 159.3187 13.1039 -122.4879 100.0000 stroke1
movl 0 -60.4199 382.3610 169.4695 158.9192 13.0893 -122.5778 100.0000 stroke1
movl 0 -60.0201 384.5848 169.9611 159.6838 10.9705 -122.8929 100.0000 stroke1
movl 0 -59.6936 385.7100 170.5075 159.9544 9.6941 -123.2177 100.0000 stroke1
movl 0 -53.2740 380.4567 171.4365 155.3323 12.1883 -121.3106 100.0000 stroke1
movl 0 -51.9298 370.9255 210.7363 149.7278 17.1208 -116.6812 100.0000 stroke1
movl 0 -24.9265 391.9822 218.8101 144.4413 5.1492 -113.2557 100.0000 stroke2
movl 0 -28.7697 383.0397 176.0365 148.1800 4.2279 -115.8059 100.0000 stroke2
movl 0 -31.7599 382.0498 175.3782 150.7335 4.1826 -118.6402 100.0000 stroke2
movl 0 -39.3490 382.5239 172.4499 151.6725 4.0514 -117.4238 100.0000 stroke2
movl 0 -44.4842 384.2897 169.3742 152.1499 3.9943 -115.8018 100.0000 stroke2
movl 0 -45.5169 385.4846 167.9550 152.6220 4.1412 -115.7299 100.0000 stroke2
movl 0 -47.0096 385.7317 167.7636 153.7509 4.5190 -116.5596 100.0000 stroke2
movl 0 -48.5764 385.5348 168.1847 154.8996 4.7890 -117.2690 100.0000 stroke2
movl 0 -48.8965 385.0061 168.3353 155.2913 5.2755 -117.7884 100.0000 stroke2
movl 0 -46.1316 386.0275 168.6943 155.5661 4.9338 -119.3972 100.0000 stroke2
movl 0 -40.2633 388.0147 169.1719 155.6676 4.1691 -122.1357 100.0000 stroke2
movl 0 -36.1469 390.0268 169.3513 156.4802 3.7119 -125.5470 100.0000 stroke2
movl 0 -33.7033 390.9825 169.3431 156.5987 3.2673 -127.2353 100.0000 stroke2
movl 0 -31.3909 388.6249 169.8161 155.1125 3.7122 -127.3525 100.0000 stroke2
movl 0 -31.4638 389.4697 169.8478 155.5824 3.1506 -127.3373 100.0000 stroke2
movl 0 -31.6061 391.2521 170.0575 156.7387 2.0470 -127.8756 100.0000 stroke2
movl 0 -26.6640 388.3266 169.9584 150.7704 1.4292 -121.5718 100.0000 stroke2
movl 0 -21.3066 369.7598 206.2471 138.7749 9.7208 -116.2656 100.0000 stroke2
movl 0 -47.3318 377.6700 196.8547 149.4347 -5.6533 -130.5672 100.0000 stroke3
movl 0 -50.5698 370.1352 176.3415 151.7791 -1.8993 -131.0229 100.0000 stroke3
movl 0 -49.3239 369.9304 173.1207 151.6140 -0.8414 -131.1458 100.0000 stroke3
movl 0 -51.5341 371.5965 171.8582 152.5073 -0.8208 -131.4042 100.0000 stroke3
movl 0 -55.7150 374.0914 170.9137 154.5808 -1.2117 -132.0980 100.0000 stroke3
movl 0 -56.4004 375.9655 171.3271 156.1676 -3.1914 -133.5106 100.0000 stroke3
movl 0 -56.9294 376.3937 172.1598 157.4534 -5.0317 -135.2337 100.0000 stroke3
movl 0 -57.7172 375.1688 172.8926 158.6235 -6.3984 -136.8431 100.0000 stroke3
movl 0 -58.7658 372.8088 173.2462 159.8997 -7.8715 -138.4418 100.0000 stroke3
movl 0 -59.8576 369.3587 173.5357 160.8837 -8.8564 -139.4470 100.0000 stroke3
movl 0 -61.5387 365.1087 173.7950 161.7826 -9.5285 -140.1517 100.0000 stroke3
movl 0 -63.2838 360.8452 174.1011 162.3845 -9.8860 -140.4147 100.0000 stroke3
movl 0 -65.1397 356.7196 174.3805 162.6882 -9.8865 -140.3043 100.0000 stroke3
movl 0 -66.1813 353.9143 174.5916 162.8384 -10.0386 -140.0899 100.0000 stroke3
movl 0 -66.9003 351.7540 174.8984 162.8631 -10.1804 -139.8853 100.0000 stroke3
movl 0 -67.3082 350.2006 175.1312 162.8282 -10.3164 -139.7701 100.0000 stroke3
movl 0 -67.6324 348.7642 175.3678 162.6969 -10.4280 -139.5050 100.0000 stroke3
movl 0 -68.0996 347.2945 175.5863 162.5911 -10.5163 -139.4026 100.0000 stroke3
movl 0 -68.6457 345.9847 175.7717 162.5188 -10.5992 -139.1764 100.0000 stroke3
movl 0 -68.8824 345.1993 175.9669 162.4431 -10.6917 -139.0628 100.0000 stroke3
movl 0 -69.5089 344.2186 176.1215 162.3776 -10.6697 -138.8495 100.0000 stroke3
movl 0 -69.4788 343.3983 176.4793 162.1053 -10.8026 -138.5730 100.0000 stroke3
movl 0 -70.8826 335.5986 195.4420 157.9094 -14.9546 -132.6761 100.0000 stroke3
movl 0 -6.1026 401.1884 195.2654 143.2814 6.9091 -101.6175 100.0000 stroke4
movl 0 -7.5023 399.9248 173.4765 146.5618 -2.7771 -108.9691 100.0000 stroke4
movl 0 -20.6204 388.9096 174.5799 150.9871 -3.5603 -115.6950 100.0000 stroke4
movl 0 -34.1367 381.7461 175.8037 153.7463 -1.7200 -116.7352 100.0000 stroke4
movl 0 -42.1984 379.3797 173.9269 154.8407 1.3572 -113.2738 100.0000 stroke4
movl 0 -42.4741 380.8479 172.8398 155.2228 1.7516 -111.9961 100.0000 stroke4
movl 0 -44.7992 381.2506 172.4175 156.6992 2.4785 -111.8805 100.0000 stroke4
movl 0 -46.3568 382.4574 172.5073 157.8946 1.8026 -113.0340 100.0000 stroke4
movl 0 -46.5169 382.6986 172.5650 158.4087 1.8505 -114.4484 100.0000 stroke4
movl 0 -45.1129 383.7141 172.7703 158.9545 1.5045 -116.5787 100.0000 stroke4
movl 0 -42.4511 385.5972 173.0431 159.7356 0.9292 -119.4794 100.0000 stroke4
movl 0 -39.4186 387.5432 173.3006 160.5824 0.5408 -122.9250 100.0000 stroke4
movl 0 -35.6862 389.9009 173.3774 161.5795 0.2397 -126.7886 100.0000 stroke4
movl 0 -34.0460 388.1785 173.7743 160.4252 0.1051 -126.9164 100.0000 stroke4
movl 0 -31.1755 387.1414 174.2142 159.3579 -0.1292 -127.0381 100.0000 stroke4
movl 0 -31.3466 387.4473 174.3487 159.8093 -0.4625 -127.5315 100.0000 stroke4
movl 0 -32.3759 388.9316 174.1408 160.7141 -1.4946 -128.2783 100.0000 stroke4
movl 0 -33.2882 388.7143 174.1973 160.6187 -1.9475 -128.2331 100.0000 stroke4
movl 0 -30.3254 379.2977 180.2984 155.2837 -1.3433 -126.4533 100.0000 stroke4
movl 0 -27.9090 383.7230 212.4369 146.2101 -11.9717 -136.2828 100.0000 stroke5
movl 0 -23.9762 380.2881 181.6408 148.2079 -12.8087 -138.8890 100.0000 stroke5
movl 0 -30.0661 379.1443 171.6212 150.7868 -9.6722 -139.3531 100.0000 stroke5
movl 0 -32.0368 381.1063 171.2318 152.5731 -9.4423 -140.4022 100.0000 stroke5
movl 0 -34.3800 382.6343 170.6359 153.7852 -9.5642 -140.7162 100.0000 stroke5
movl 0 -35.7433 384.7932 169.7311 154.8272 -10.0647 -140.9722 100.0000 stroke5
movl 0 -38.1584 388.5999 169.8976 158.2627 -11.4444 -143.2671 100.0000 stroke5
movl 0 -38.0871 390.8760 170.3021 160.3794 -12.6563 -145.5307 100.0000 stroke5
movl 0 -37.8785 392.5449 170.7844 162.3559 -14.1856 -147.5403 100.0000 stroke5
movl 0 -37.7993 394.6366 171.4360 165.2041 -16.1064 -150.6707 100.0000 stroke5
movl 0 -38.3756 396.4800 171.8565 167.8857 -17.3473 -153.1889 100.0000 stroke5
movl 0 -39.0212 397.7314 172.1182 170.0529 -18.2157 -154.9435 100.0000 stroke5
movl 0 -38.4648 396.3945 172.7958 169.6021 -18.2527 -155.5566 100.0000 stroke5
movl 0 -36.0470 394.0688 173.2394 167.7415 -18.0871 -155.5235 100.0000 stroke5
movl 0 -36.9082 395.6742 173.0892 169.4009 -18.5449 -156.3082 100.0000 stroke5
movl 0 -38.1324 395.2713 173.0954 169.2809 -18.1046 -156.4483 100.0000 stroke5
movl 0 -38.1141 394.6781 173.1067 168.6907 -17.8460 -156.2893 100.0000 stroke5
movl 0 -37.8360 394.5699 173.1091 168.4481 -17.8463 -156.2060 100.0000 stroke5
movl 0 -37.5599 393.8654 173.3844 168.0077 -17.7392 -156.1408 100.0000 stroke5
movl 0 -34.2296 389.8470 175.1168 164.4923 -17.4569 -155.1358 100.0000 stroke5
movl 0 -29.8993 378.3210 210.2546 154.2863 -14.7714 -149.2471 100.0000 stroke5
movl 0 -16.1898 393.4158 195.8722 153.7929 -18.6254 -152.3395 100.0000 stroke6
movl 0 -16.2024 388.9653 174.9288 156.3798 -17.6518 -155.5323 100.0000 stroke6
movl 0 -20.3545 391.8359 171.6783 157.5997 -16.4460 -155.1754 100.0000 stroke6
movl 0 -19.4037 393.5434 170.7373 157.9591 -17.1612 -154.7848 100.0000 stroke6
movl 0 -22.2360 395.4783 169.6826 159.0828 -16.8285 -154.9827 100.0000 stroke6
movl 0 -23.5621 399.2722 169.2481 162.7259 -17.2334 -158.6772 100.0000 stroke6
movl 0 -23.9447 402.7707 169.8575 166.8742 -18.8673 -162.0849 100.0000 stroke6
movl 0 -24.2332 406.9286 170.8049 172.7015 -20.8004 -167.3309 100.0000 stroke6
movl 0 -25.2647 410.3004 171.1278 177.6016 -21.3690 -171.8564 100.0000 stroke6
movl 0 -24.9914 410.0543 171.8594 178.7754 -21.5332 -173.8038 100.0000 stroke6
movl 0 -24.4961 410.1910 171.9284 179.4429 -21.7698 -174.3899 100.0000 stroke6
movl 0 -24.3362 408.0814 172.8070 178.0817 -21.8071 -173.8961 100.0000 stroke6
movl 0 -18.2635 390.2805 189.4951 163.7980 -24.0125 -164.9678 100.0000 stroke6
movl 0 -34.0048 366.4360 231.0951 154.6127 -16.7257 -150.4122 100.0000 stroke7
movl 0 -26.5739 369.5877 192.3824 160.2267 -18.5721 -156.9646 100.0000 stroke7
movl 0 -27.6289 367.5325 178.2489 161.7116 -18.4085 -158.7392 100.0000 stroke7
movl 0 -32.3358 367.7777 175.6142 161.4400 -17.3217 -158.0307 100.0000 stroke7
movl 0 -34.9584 367.6919 174.3996 161.0167 -16.1286 -157.9803 100.0000 stroke7
movl 0 -35.9104 369.2072 173.6393 161.6719 -16.0635 -158.1837 100.0000 stroke7
movl 0 -37.3021 370.1671 173.1763 162.2991 -15.6341 -158.8369 100.0000 stroke7
movl 0 -37.9466 370.5777 173.2935 162.9226 -14.9589 -160.2970 100.0000 stroke7
movl 0 -36.9260 371.4221 173.4066 163.5564 -14.8673 -161.9879 100.0000 stroke7
movl 0 -37.2635 371.7021 173.3944 164.0949 -14.2238 -163.8226 100.0000 stroke7
movl 0 -36.8404 372.6869 173.2053 164.8229 -13.5559 -166.3385 100.0000 stroke7
movl 0 -35.9241 371.7267 173.5718 164.3474 -13.9505 -166.3423 100.0000 stroke7
movl 0 -36.9303 373.1039 173.3823 165.4130 -13.6771 -167.0303 100.0000 stroke7
movl 0 -34.8541 370.6163 174.7616 163.8663 -15.3603 -165.4445 100.0000 stroke7
movl 0 -33.1817 351.5286 223.4605 152.4381 -17.0359 -157.9062 100.0000 stroke7
movl 0 -38.5593 368.0552 215.4982 157.6295 -18.9958 -154.2468 100.0000 stroke8
movl 0 -32.6064 369.9232 179.7505 160.2650 -19.4342 -156.5769 100.0000 stroke8
movl 0 -32.6142 369.1320 173.1426 159.9676 -18.3033 -155.8941 100.0000 stroke8
movl 0 -34.1961 369.9569 172.1685 160.2173 -17.7042 -155.6821 100.0000 stroke8
movl 0 -36.2458 372.3609 171.0725 161.5379 -17.6015 -156.1274 100.0000 stroke8
movl 0 -39.2244 375.3039 170.3575 164.1569 -17.0926 -158.0393 100.0000 stroke8
movl 0 -39.3617 376.9923 170.3834 165.8348 -17.6316 -159.6831 100.0000 stroke8
movl 0 -39.3110 377.8031 170.8267 167.4172 -18.5750 -160.6296 100.0000 stroke8
movl 0 -38.8325 377.7497 171.3887 168.2024 -19.2677 -160.9710 100.0000 stroke8
movl 0 -38.1888 376.9721 172.0217 168.2251 -19.8792 -160.5034 100.0000 stroke8
movl 0 -35.4601 369.9314 177.7208 165.7207 -20.6994 -158.6569 100.0000 stroke8
movl 0 -42.4075 328.9689 246.6091 150.1135 -18.6741 -147.4677 100.0000 stroke8
movl 0 -43.3266 358.4123 230.6099 153.8558 -10.7701 -139.9729 100.0000 stroke9
movl 0 -44.1853 360.3460 187.4725 158.6978 -11.6904 -145.4801 100.0000 stroke9
movl 0 -49.5830 358.6414 179.2799 159.7621 -10.6202 -145.3337 100.0000 stroke9
movl 0 -50.1009 358.9271 177.2735 159.7441 -10.3669 -145.1229 100.0000 stroke9
movl 0 -50.8688 360.8369 176.2340 160.5482 -10.2860 -145.8131 100.0000 stroke9
movl 0 -53.7368 362.5730 175.9314 162.4437 -9.8667 -147.1058 100.0000 stroke9
movl 0 -56.8471 361.2736 176.2204 162.9808 -8.7747 -147.8962 100.0000 stroke9
movl 0 -56.9322 362.3392 176.0895 163.4989 -8.5206 -149.0707 100.0000 stroke9
movl 0 -55.9237 363.1031 176.2550 163.8155 -8.3412 -150.3109 100.0000 stroke9
movl 0 -54.5105 363.9346 176.3769 164.1057 -8.0108 -151.3584 100.0000 stroke9
movl 0 -52.1157 365.5982 176.2890 164.5863 -7.5731 -152.7020 100.0000 stroke9
movl 0 -47.8229 367.9574 176.0571 165.0984 -7.0789 -154.7233 100.0000 stroke9
movl 0 -45.2005 370.2394 175.5759 165.5969 -6.9958 -156.1318 100.0000 stroke9
movl 0 -41.4506 367.8128 176.4203 163.8849 -8.1389 -155.3690 100.0000 stroke9
movl 0 -39.5402 367.3417 176.6882 163.4229 -8.6140 -155.4578 100.0000 stroke9
movl 0 -40.3930 367.9401 176.6951 164.2197 -8.4374 -155.6364 100.0000 stroke9
movl 0 -41.5883 369.1729 176.8781 165.4593 -8.9048 -155.8709 100.0000 stroke9
movl 0 -40.7938 360.0536 198.4011 160.8738 -14.8570 -151.2480 100.0000 stroke9
movl 0 -35.0059 380.9642 200.4189 168.8919 -21.5172 -159.5312 100.0000 stroke10
movl 0 -23.8095 376.2604 184.8277 167.2621 -20.2660 -160.7680 100.0000 stroke10
movl 0 -26.4121 372.3784 178.5082 166.9753 -18.2742 -160.8064 100.0000 stroke10
movl 0 -29.5489 371.2855 177.7920 166.1915 -17.1544 -159.9822 100.0000 stroke10
movl 0 -32.0086 372.0798 176.8085 166.4988 -16.4147 -159.6366 100.0000 stroke10
movl 0 -36.7767 374.7305 175.6409 168.7122 -15.0435 -159.9223 100.0000 stroke10
movl 0 -36.9973 375.9001 175.5451 169.7035 -15.2728 -160.4454 100.0000 stroke10
movl 0 -37.9967 375.4073 175.8668 170.6967 -15.7288 -160.6638 100.0000 stroke10
movl 0 -40.9613 373.2242 176.0878 171.9416 -15.8776 -160.5189 100.0000 stroke10
movl 0 -44.7499 369.7530 176.0584 172.5432 -16.0398 -159.5177 100.0000 stroke10
movl 0 -49.0288 366.1879 176.2379 172.6067 -15.8977 -158.5304 100.0000 stroke10
movl 0 -50.8728 364.4133 176.4886 172.4310 -15.9810 -158.1554 100.0000 stroke10
movl 0 -52.6521 362.5870 176.8813 172.0710 -16.2348 -157.7975 100.0000 stroke10
movl 0 -54.2978 361.6158 177.2144 171.7699 -16.5238 -157.6749 100.0000 stroke10
movl 0 -56.0861 360.5393 178.8686 170.9494 -17.2925 -157.2712 100.0000 stroke10
movl 0 -65.9918 351.7751 209.1951 164.2055 -18.4415 -153.4333 100.0000 stroke10
movl 0 -48.9323 362.6410 197.9865 162.3971 -15.6039 -153.5481 100.0000 stroke11
movl 0 -45.8642 358.2193 181.9008 163.4137 -13.8809 -154.6000 100.0000 stroke11
movl 0 -48.5237 356.4351 179.5155 163.0581 -12.5955 -154.0141 100.0000 stroke11
movl 0 -50.0657 357.8445 178.4747 163.7895 -12.3668 -154.2282 100.0000 stroke11
movl 0 -57.1507 358.3960 177.8377 165.6050 -9.8079 -155.5703 100.0000 stroke11
movl 0 -56.7711 360.3055 178.0405 166.8341 -9.9471 -157.1274 100.0000 stroke11
movl 0 -57.8602 360.7766 178.4852 167.9718 -9.5539 -158.3781 100.0000 stroke11
movl 0 -58.0987 361.2763 179.0269 169.3261 -9.4538 -159.9891 100.0000 stroke11
movl 0 -59.7975 361.8558 179.1957 171.1111 -8.6753 -162.4636 100.0000 stroke11
movl 0 -62.9241 362.8122 179.1372 173.4972 -7.3821 -166.1722 100.0000 stroke11
movl 0 -66.0014 364.0819 178.9898 175.5747 -5.8575 -170.1015 100.0000 stroke11
movl 0 -69.3232 366.0233 178.7042 177.3224 -4.2548 -173.9160 100.0000 stroke11
movl 0 -72.7156 367.8897 178.3117 178.8458 -2.5129 -177.2402 100.0000 stroke11
movl 0 -76.0191 369.7253 177.9122 -179.9604 -0.6471 179.8113 100.0000 stroke11
movl 0 -78.2395 371.7153 177.5976 -178.8403 0.8779 176.8455 100.0000 stroke11
movl 0 -79.5810 372.1974 177.5766 -178.6099 1.6634 174.8268 100.0000 stroke11
movl 0 -77.7303 372.7108 178.0249 -178.5174 1.3435 173.2469 100.0000 stroke11
movl 0 -76.0184 373.7032 178.2609 -178.2717 1.2136 171.6559 100.0000 stroke11
movl 0 -74.0241 374.6803 178.4472 -177.9498 0.8254 171.1420 100.0000 stroke11
movl 0 -72.2952 375.2097 178.6653 -177.6721 0.4737 170.9532 100.0000 stroke11
movl 0 -70.1156 375.6160 179.0350 -177.5531 0.1255 170.5046 100.0000 stroke11
movl 0 -68.7836 375.8831 179.1920 -177.4394 -0.0632 170.4375 100.0000 stroke11
movl 0 -67.8793 376.0247 179.1896 -177.3233 -0.0677 170.4554 100.0000 stroke11
movl 0 -66.2614 376.8795 179.1323 -176.9836 -0.2787 170.4619 100.0000 stroke11
movl 0 -64.8909 377.1301 179.3256 -176.9542 -0.4888 170.4749 100.0000 stroke11
movl 0 -63.3891 377.3180 179.4943 -176.8755 -0.7433 170.5006 100.0000 stroke11
movl 0 -62.1032 377.3331 179.7444 -176.8843 -0.9748 170.6260 100.0000 stroke11
movl 0 -61.0964 377.2547 179.9371 -176.8920 -1.0974 170.4498 100.0000 stroke11
movl 0 -60.2166 377.1560 180.0388 -176.8778 -1.1668 170.3379 100.0000 stroke11
movl 0 -59.1793 377.1653 180.1988 -176.8340 -1.3083 170.2301 100.0000 stroke11
movl 0 -58.3738 377.1411 180.4170 -176.8070 -1.4821 170.2136 100.0000 stroke11
movl 0 -57.5663 377.1558 180.5203 -176.7548 -1.5996 170.1112 100.0000 stroke11
movl 0 -56.3268 377.0137 180.7157 -176.7549 -1.7467 169.9259 100.0000 stroke11
movl 0 -54.8360 376.9512 180.9772 -176.7146 -1.9662 169.6718 100.0000 stroke11
movl 0 -54.3699 376.7581 181.2131 -176.7839 -2.0686 169.5274 100.0000 stroke11
movl 0 -52.7010 376.8420 181.6241 -176.6886 -2.4249 169.1405 100.0000 stroke11
movl 0 -52.0286 376.6037 181.9716 -176.6971 -2.4807 168.7552 100.0000 stroke11
movl 0 -51.4522 376.6118 182.1929 -176.6210 -2.5730 168.3811 100.0000 stroke11
movl 0 -50.4055 376.6358 182.4803 -176.5360 -2.8158 168.1674 100.0000 stroke11
movl 0 -48.8643 376.6477 182.8683 -176.4577 -3.1202 167.8407 100.0000 stroke11
movl 0 -48.0582 375.9417 183.4314 -176.6418 -3.3355 167.6150 100.0000 stroke11
movl 0 -46.5875 375.4184 184.0394 -176.7481 -3.7443 167.4031 100.0000 stroke11
movl 0 -45.7453 374.8561 184.5104 -176.9494 -4.0504 167.4076 100.0000 stroke11
movl 0 -45.5248 373.9711 184.9573 -177.2469 -4.2907 167.6444 100.0000 stroke11
movl 0 -43.0267 374.1824 185.4240 -177.0995 -4.7970 167.3961 100.0000 stroke11
movl 0 -43.7830 374.1639 185.2885 -177.1508 -4.6772 167.6006 100.0000 stroke11
movl 0 -43.1650 374.0169 185.4663 -177.1568 -4.9961 167.6395 100.0000 stroke11
movl 0 -39.4143 370.0050 187.6780 -178.6260 -7.2098 169.4665 100.0000 stroke11
movl 0 -27.3838 364.5742 203.7663 178.7652 -11.8563 171.7566 100.0000 stroke11
