movl 0 -28.5020 394.6038 176.2932 174.5866 29.8889 -41.1462 100.0000 stroke1
movl 0 -28.6063 395.9233 175.2978 173.7442 29.2127 -42.0984 100.0000 stroke1
movl 0 -29.7432 397.1611 174.1948 173.7094 28.6218 -42.0280 100.0000 stroke1
movl 0 -31.0036 398.0938 173.1364 173.8320 28.0557 -41.6845 100.0000 stroke1
movl 0 -31.6829 399.4135 171.9612 173.7378 27.3502 -41.6543 100.0000 stroke1
movl 0 -32.7904 400.5750 170.5106 173.8679 26.4158 -41.4052 100.0000 stroke1
movl 0 -32.6589 402.7081 169.2087 173.0193 25.1438 -42.2873 100.0000 stroke1
movl 0 -32.3784 404.7376 168.4960 171.7454 23.5607 -44.1189 100.0000 stroke1
movl 0 -31.4703 406.6487 167.8745 170.6517 22.3125 -46.0359 100.0000 stroke1
movl 0 -30.0924 408.1117 167.4539 169.6717 21.7615 -47.2198 100.0000 stroke1
movl 0 -30.9169 408.4317 167.8960 169.4058 21.7037 -47.1907 100.0000 stroke1
movl 0 -31.2907 408.5984 168.1356 169.2465 21.7782 -47.1196 100.0000 stroke1
movl 0 -31.6304 408.9923 168.1507 169.0624 21.6674 -47.2584 100.0000 stroke1
movl 0 -32.2824 409.1190 168.1239 168.8849 21.5895 -47.2601 100.0000 stroke1
movl 0 -32.7907 408.8228 168.0806 168.7698 21.5488 -47.3748 100.0000 stroke1
movl 0 -33.3523 408.5122 168.1425 168.6384 21.4907 -47.6073 100.0000 stroke1
movl 0 -33.6812 408.3931 168.0969 168.3711 21.3205 -47.9242 100.0000 stroke1
movl 0 -33.7475 408.3040 168.0134 168.0090 21.1775 -48.4142 100.0000 stroke1
movl 0 -34.2423 408.0641 168.1353 167.6306 20.9629 -48.7785 100.0000 stroke1
movl 0 -34.5001 407.8955 168.1328 167.3964 20.7225 -49.1624 100.0000 stroke1
movl 0 -34.4391 408.0656 167.9906 167.1320 20.4269 -49.7481 100.0000 stroke1
movl 0 -32.8096 408.7431 167.8329 166.5714 20.0384 -51.2419 100.0000 stroke1
movl 0 -33.1072 408.7664 167.6825 166.1494 19.7959 -51.6975 100.0000 stroke1
movl 0 -34.1330 408.3985 167.8993 165.6295 19.4693 -52.2548 100.0000 stroke1
movl 0 -34.5098 408.1098 167.9536 165.1368 19.1796 -52.8520 100.0000 stroke1
movl 0 -35.0894 407.8359 168.1402 164.6746 18.8267 -53.5373 100.0000 stroke1
movl 0 -35.5807 407.4160 168.4244 164.2284 18.4937 -53.8353 100.0000 stroke1
movl 0 -36.3050 406.9478 168.6896 163.6228 17.9690 -54.6844 100.0000 stroke1
movl 0 -36.9755 406.6470 168.7991 162.7072 17.4045 -55.8438 100.0000 stroke1
movl 0 -38.2778 405.9825 168.9496 162.4607 17.0500 -55.9028 100.0000 stroke1
movl 0 -39.6885 405.2852 169.1247 162.1477 16.7084 -55.8180 100.0000 stroke1
movl 0 -41.3691 404.4891 169.2223 161.8774 16.4339 -55.6382 100.0000 stroke1
movl 0 -43.2042 403.6101 169.3742 162.0583 16.4115 -53.9780 100.0000 stroke1
movl 0 -45.3656 402.7123 169.4971 162.0718 16.2622 -53.4193 100.0000 stroke1
movl 0 -46.8573 402.1433 169.5275 162.0136 16.1973 -53.0447 100.0000 stroke1
movl 0 -48.0712 401.4200 169.7217 162.1492 16.2999 -52.2558 100.0000 stroke1
movl 0 -49.3328 400.7598 170.0682 162.1345 16.3846 -51.8725 100.0000 stroke1
movl 0 -50.4895 400.2439 170.5519 162.0944 16.5861 -51.6124 100.0000 stroke1
movl 0 -51.6758 399.7469 170.9826 162.1265 16.7491 -51.3160 100.0000 stroke1
movl 0 -52.4251 399.4189 171.3414 162.1484 16.9389 -51.1037 100.0000 stroke1
movl 0 -52.9770 399.0399 171.7669 162.1917 17.1385 -50.9811 100.0000 stroke1
movl 0 -53.3855 398.8409 172.0376 162.2333 17.2398 -50.9262 100.0000 stroke1
movl 0 -53.4682 398.8021 172.2658 162.2309 17.3462 -50.8787 100.0000 stroke1
movl 0 -54.0120 398.5942 172.3795 162.2809 17.3785 -50.7714 100.0000 stroke1
movl 0 -54.3621 398.5371 172.4844 162.2597 17.4175 -50.6740 100.0000 stroke1
movl 0 -53.5294 396.4686 174.2095 162.5110 18.7973 -50.0690 100.0000 stroke1
movl 0 -43.9061 383.3979 192.0525 164.8089 27.0244 -48.4426 100.0000 stroke1
movl 0 -49.1076 370.6312 233.8252 -178.3903 34.7416 -34.5381 100.0000 stroke1
movl 0 -12.8051 370.0270 216.9454 -165.0794 45.6843 -16.7252 100.0000 stroke2
movl 0 -8.6928 372.7481 180.7708 167.4837 37.6676 -49.2846 100.0000 stroke2
movl 0 -7.2421 374.6440 179.7662 161.9073 33.4229 -57.3026 100.0000 stroke2
movl 0 -15.6603 377.0150 171.8532 160.8089 27.0379 -61.5097 100.0000 stroke2
movl 0 -21.2213 377.1998 171.0416 160.8945 25.5756 -63.1000 100.0000 stroke2
movl 0 -22.6772 378.7143 169.2131 160.5525 25.5965 -62.9958 100.0000 stroke2
movl 0 -24.0450 380.2436 167.8016 160.4002 25.3609 -63.1495 100.0000 stroke2
movl 0 -27.4648 381.5745 167.3325 160.8785 23.4048 -63.9819 100.0000 stroke2
movl 0 -28.6455 382.9474 166.8126 160.9617 21.7445 -64.8178 100.0000 stroke2
movl 0 -28.6745 384.4773 165.9819 160.7388 20.3865 -65.8185 100.0000 stroke2
movl 0 -28.6652 384.9793 165.7925 160.4941 19.4036 -67.0099 100.0000 stroke2
movl 0 -28.9169 385.2844 165.6608 160.4206 18.9499 -67.7731 100.0000 stroke2
movl 0 -30.0545 385.1071 165.6691 159.6441 17.8567 -69.7886 100.0000 stroke2
movl 0 -31.7112 384.1538 166.0453 159.8337 17.2651 -70.8066 100.0000 stroke2
movl 0 -31.4106 384.4162 166.0822 159.5224 16.7217 -71.8033 100.0000 stroke2
movl 0 -32.4230 383.8944 166.5519 159.3364 16.1918 -72.6769 100.0000 stroke2
movl 0 -32.3533 384.0782 166.5525 159.0824 15.6134 -73.5289 100.0000 stroke2
movl 0 -33.0998 383.8010 166.8132 158.9324 14.9302 -74.3518 100.0000 stroke2
movl 0 -33.2354 383.9535 166.8423 158.6500 14.2623 -75.1341 100.0000 stroke2
movl 0 -33.5619 384.0196 167.0631 158.5025 13.4193 -75.2993 100.0000 stroke2
movl 0 -34.0803 384.0002 167.4864 158.2631 12.3137 -76.3579 100.0000 stroke2
movl 0 -34.3998 384.1137 167.6966 158.0624 11.2426 -77.4016 100.0000 stroke2
movl 0 -34.9599 384.4071 167.8505 157.8987 10.0576 -78.3452 100.0000 stroke2
movl 0 -35.4423 384.6268 168.1085 157.6775 8.7170 -79.4538 100.0000 stroke2
movl 0 -35.9973 384.9994 168.3418 157.5274 7.2326 -80.5663 100.0000 stroke2
movl 0 -36.5974 385.6347 168.6206 157.4226 5.4206 -81.7807 100.0000 stroke2
movl 0 -37.1509 386.1935 168.6693 157.3358 3.8199 -83.0016 100.0000 stroke2
movl 0 -37.8596 386.8387 168.7925 157.2872 2.2246 -83.8372 100.0000 stroke2
movl 0 -38.9625 387.3746 168.8922 157.5140 0.5021 -84.8030 100.0000 stroke2
movl 0 -39.8382 387.8000 168.9049 157.8484 -0.9157 -85.5406 100.0000 stroke2
movl 0 -40.9191 388.1242 168.8702 158.1787 -2.1663 -86.1267 100.0000 stroke2
movl 0 -42.0444 388.1992 168.8562 158.4255 -3.3135 -86.6737 100.0000 stroke2
movl 0 -42.9533 388.1084 168.9334 158.6545 -4.0637 -86.8846 100.0000 stroke2
movl 0 -43.8234 388.4566 168.7642 158.8227 -4.8927 -86.9830 100.0000 stroke2
movl 0 -44.7840 388.5656 168.6061 159.0256 -5.4967 -86.8559 100.0000 stroke2
movl 0 -45.7449 388.4990 168.5025 159.1757 -5.8420 -86.5430 100.0000 stroke2
movl 0 -46.7032 388.3475 168.4182 159.3319 -6.0118 -86.0197 100.0000 stroke2
movl 0 -47.3924 388.2807 168.4753 159.3692 -6.3919 -85.6595 100.0000 stroke2
movl 0 -48.2815 387.8333 168.5610 159.4102 -6.5712 -85.1481 100.0000 stroke2
movl 0 -48.8795 387.2924 168.7501 159.3537 -6.4941 -84.5538 100.0000 stroke2
movl 0 -47.2376 386.4596 169.7482 159.1655 -5.7079 -84.7804 100.0000 stroke2
movl 0 -45.7178 385.9624 170.4487 159.0084 -5.1927 -85.1651 100.0000 stroke2
movl 0 -45.2346 385.8242 170.6015 158.9615 -5.2517 -85.4564 100.0000 stroke2
movl 0 -45.6954 385.5707 170.7193 159.0229 -5.9950 -85.5300 100.0000 stroke2
movl 0 -45.0443 384.5714 171.5478 158.8881 -5.4586 -85.7977 100.0000 stroke2
movl 0 -42.4856 383.1418 172.8385 158.4310 -4.1101 -86.4066 100.0000 stroke2
movl 0 -41.4810 382.2130 173.2798 158.1910 -3.4928 -86.5742 100.0000 stroke2
movl 0 -42.3979 382.4748 172.9567 158.3774 -4.3733 -86.5496 100.0000 stroke2
movl 0 -42.7085 382.2841 172.9650 158.3707 -4.4946 -86.4774 100.0000 stroke2
movl 0 -40.7046 381.3145 173.8366 158.0077 -3.5040 -87.0366 100.0000 stroke2
movl 0 -42.3545 381.2670 173.3389 158.4466 -4.3756 -86.9640 100.0000 stroke2
movl 0 -41.7988 380.8027 173.7318 158.4565 -4.1719 -87.4747 100.0000 stroke2
movl 0 -41.3590 380.0064 174.2024 158.4255 -3.1112 -87.9955 100.0000 stroke2
movl 0 -41.2612 379.2164 174.5589 158.4933 -2.1432 -88.1877 100.0000 stroke2
movl 0 -41.3395 378.7126 174.8920 158.6172 -1.5316 -88.2388 100.0000 stroke2
movl 0 -38.0468 375.8556 180.8166 157.8104 1.2853 -89.4277 100.0000 stroke2
movl 0 -34.2634 368.9168 214.0238 155.3439 9.6084 -91.3445 100.0000 stroke2
movl 0 -3.4353 385.1676 240.6270 153.3294 27.1221 -94.7068 100.0000 stroke3
movl 0 -2.5365 382.9668 204.1880 152.9403 22.8265 -94.1289 100.0000 stroke3
movl 0 -9.3669 384.1858 184.3989 154.7991 18.2220 -93.7752 100.0000 stroke3
movl 0 -11.9280 385.3714 178.6519 154.9491 16.7918 -92.6612 100.0000 stroke3
movl 0 -16.0790 384.5776 176.4358 156.9182 17.2423 -89.7627 100.0000 stroke3
movl 0 -18.6451 384.4938 174.6688 160.0983 19.7402 -83.4061 100.0000 stroke3
movl 0 -22.4786 384.4797 173.3455 163.0996 21.2187 -77.5092 100.0000 stroke3
movl 0 -23.5911 385.0965 172.9029 163.6317 21.0601 -76.7949 100.0000 stroke3
movl 0 -24.9115 385.9292 172.5974 164.2336 20.1331 -77.5271 100.0000 stroke3
movl 0 -27.5175 385.8812 172.6225 165.5030 19.5372 -78.0680 100.0000 stroke3
movl 0 -28.9827 386.4779 172.7758 166.3522 18.5805 -78.5811 100.0000 stroke3
movl 0 -30.3573 385.9490 172.9227 166.8867 18.7808 -78.7327 100.0000 stroke3
movl 0 -32.0433 385.5680 172.9064 167.5721 18.7590 -79.3218 100.0000 stroke3
movl 0 -33.0902 385.2557 173.0108 168.2499 18.8179 -79.5561 100.0000 stroke3
movl 0 -32.9694 385.3166 173.1674 168.5220 18.7667 -79.9370 100.0000 stroke3
movl 0 -32.5789 385.6176 173.3620 168.7460 18.5803 -80.5502 100.0000 stroke3
movl 0 -32.4889 385.8569 173.5645 169.1434 18.3743 -81.4155 100.0000 stroke3
movl 0 -31.9120 386.3789 173.7182 169.5493 18.1137 -82.5964 100.0000 stroke3
movl 0 -30.6848 387.2853 173.8324 169.8849 17.7514 -84.3144 100.0000 stroke3
movl 0 -28.9661 388.6900 173.8391 170.1575 17.2423 -86.4390 100.0000 stroke3
movl 0 -26.9631 390.9330 173.4396 170.3473 16.4545 -89.4534 100.0000 stroke3
movl 0 -26.5150 390.4606 173.7327 169.9088 16.4992 -90.1018 100.0000 stroke3
movl 0 -24.1325 388.4872 174.8255 168.6181 17.5449 -90.0654 100.0000 stroke3
movl 0 -24.0136 387.8841 175.4235 168.3599 17.8003 -90.5106 100.0000 stroke3
movl 0 -23.8753 387.6354 175.6241 168.2603 17.9319 -90.7494 100.0000 stroke3
movl 0 -23.8273 388.0577 175.4151 168.3616 17.5739 -90.9072 100.0000 stroke3
movl 0 -23.9403 389.4963 174.8578 168.5645 15.9441 -91.7041 100.0000 stroke3
movl 0 -23.2331 389.9105 174.6788 168.0434 15.2981 -91.9141 100.0000 stroke3
movl 0 -23.6483 389.2111 174.9049 167.5259 15.8168 -91.0088 100.0000 stroke3
movl 0 -22.8608 389.3281 174.7704 167.0773 15.9970 -90.5725 100.0000 stroke3
movl 0 -23.2227 389.4069 174.7813 166.9897 16.0491 -90.3122 100.0000 stroke3
movl 0 -23.8688 389.2740 174.8227 167.0545 16.1047 -90.1373 100.0000 stroke3
movl 0 -23.9235 388.2617 175.3782 166.6298 16.3878 -90.0057 100.0000 stroke3
movl 0 -24.1251 382.9804 181.9273 165.3091 18.4318 -89.3982 100.0000 stroke3
movl 0 -32.0584 374.4197 216.5146 163.2136 20.9553 -88.1896 100.0000 stroke3
movl 0 -8.6671 376.0525 238.2198 158.1942 27.9437 -79.5575 100.0000 stroke4
movl 0 -3.8785 377.4464 192.7216 157.2764 21.6911 -81.8127 100.0000 stroke4
movl 0 -10.5363 376.2472 179.5522 158.2507 18.9750 -81.7695 100.0000 stroke4
movl 0 -21.0270 375.3485 177.5354 160.5141 18.0375 -80.6143 100.0000 stroke4
movl 0 -25.0106 376.2941 176.0063 160.9453 17.1638 -80.4605 100.0000 stroke4
movl 0 -27.6164 377.4206 174.4842 160.8456 16.2548 -80.3133 100.0000 stroke4
movl 0 -28.9413 378.6729 173.5714 161.0280 15.6517 -80.6240 100.0000 stroke4
movl 0 -32.0813 379.3233 173.2341 163.1119 14.6548 -81.5224 100.0000 stroke4
movl 0 -35.8086 378.7728 173.4383 164.8150 13.9635 -82.2830 100.0000 stroke4
movl 0 -37.2156 377.9213 174.1978 165.8719 13.5963 -82.9784 100.0000 stroke4
movl 0 -38.7072 377.6456 174.4466 166.4303 13.7918 -83.3719 100.0000 stroke4
movl 0 -38.2162 378.0032 174.5727 166.9332 13.9441 -83.7011 100.0000 stroke4
movl 0 -35.1496 378.7584 174.7101 166.9758 13.9886 -83.9773 100.0000 stroke4
movl 0 -33.3985 379.0843 174.9119 167.3079 13.9983 -84.6991 100.0000 stroke4
movl 0 -31.5654 379.9094 175.0550 167.6383 13.7992 -85.7136 100.0000 stroke4
movl 0 -29.5486 380.5247 175.0763 167.9095 13.7021 -86.6644 100.0000 stroke4
movl 0 -27.2552 381.1724 175.0536 167.9662 13.5469 -87.6501 100.0000 stroke4
movl 0 -25.8008 381.9571 175.0261 168.4225 13.2632 -89.0962 100.0000 stroke4
movl 0 -25.0202 382.7154 174.9734 169.0548 12.9370 -90.7439 100.0000 stroke4
movl 0 -23.8802 383.7384 174.7393 169.5963 12.5708 -92.4547 100.0000 stroke4
movl 0 -22.6025 384.6763 174.5066 170.0517 12.3032 -94.1770 100.0000 stroke4
movl 0 -21.8250 382.0239 175.7832 169.1388 13.3269 -94.0894 100.0000 stroke4
movl 0 -20.4554 380.5474 176.6465 168.3364 14.1039 -94.0517 100.0000 stroke4
movl 0 -19.6973 380.0195 177.2251 168.1328 14.3893 -94.4061 100.0000 stroke4
movl 0 -19.5802 380.0200 177.1109 168.2322 14.4776 -94.4804 100.0000 stroke4
movl 0 -19.8590 379.6275 177.2322 168.3563 14.5153 -94.5219 100.0000 stroke4
movl 0 -18.5309 379.9557 177.2768 168.1523 14.0976 -94.7017 100.0000 stroke4
movl 0 -18.4045 381.0418 176.8945 168.3236 12.5304 -94.9982 100.0000 stroke4
movl 0 -17.4783 381.3442 176.6647 168.2305 11.8190 -95.1739 100.0000 stroke4
movl 0 -18.2801 380.3068 176.6304 168.0882 11.9678 -94.4518 100.0000 stroke4
movl 0 -20.6636 379.4978 176.6235 167.4564 12.5978 -92.6538 100.0000 stroke4
movl 0 -20.3790 379.6218 176.4954 166.9382 12.9578 -91.8222 100.0000 stroke4
movl 0 -20.1338 378.4315 177.1077 166.2231 13.5652 -90.8477 100.0000 stroke4
movl 0 -15.8602 373.9685 184.6437 163.3404 16.6698 -88.0213 100.0000 stroke4
movl 0 -16.3346 373.8566 216.3666 161.8025 22.2450 -77.5837 100.0000 stroke4
movl 0 3.2895 396.2699 213.7800 171.4894 33.6170 -37.9126 100.0000 stroke5
movl 0 1.5065 389.1514 186.1462 177.8703 31.6692 -33.9337 100.0000 stroke5
movl 0 0.9548 388.0335 176.0167 178.1260 29.3034 -35.5688 100.0000 stroke5
movl 0 -1.2138 389.6422 172.3826 178.5936 28.0948 -34.9075 100.0000 stroke5
movl 0 -1.1212 391.7767 170.7053 178.9019 27.5792 -33.5697 100.0000 stroke5
movl 0 -1.9301 393.3026 169.9323 178.2177 27.0356 -33.7986 100.0000 stroke5
movl 0 -4.1775 395.2628 169.0739 177.5790 25.3592 -35.0850 100.0000 stroke5
movl 0 -5.1049 396.1924 169.0976 177.1132 24.3172 -36.1203 100.0000 stroke5
movl 0 -3.8756 398.0144 168.7981 176.0823 23.1395 -38.8170 100.0000 stroke5
movl 0 -4.1525 399.7162 168.5592 174.1567 22.4085 -40.4269 100.0000 stroke5
movl 0 -5.3765 400.5924 168.7067 172.4294 21.2708 -43.4117 100.0000 stroke5
movl 0 -6.6660 400.9388 168.9832 171.2466 20.2899 -45.8003 100.0000 stroke5
movl 0 -7.3025 401.4269 169.0833 170.1932 19.4351 -47.9722 100.0000 stroke5
movl 0 -7.8847 401.2863 169.3850 168.8697 18.5816 -51.0497 100.0000 stroke5
movl 0 -8.2038 401.4042 169.8513 168.0771 17.7010 -52.6964 100.0000 stroke5
movl 0 -8.5563 401.7145 170.1279 166.9525 16.4647 -55.2550 100.0000 stroke5
movl 0 -9.0004 401.7982 170.6035 165.9953 15.3080 -57.2362 100.0000 stroke5
movl 0 -9.4355 402.0324 170.8444 165.2951 14.2794 -58.8791 100.0000 stroke5
movl 0 -9.7101 402.2798 171.1955 164.5402 13.0849 -60.4498 100.0000 stroke5
movl 0 -10.0047 402.8417 171.4060 163.6822 11.7066 -62.0045 100.0000 stroke5
movl 0 -10.4396 403.4657 171.6027 163.1985 10.3589 -62.5080 100.0000 stroke5
movl 0 -10.4721 404.3684 171.5655 162.2028 8.4798 -64.4149 100.0000 stroke5
movl 0 -10.9116 404.7573 171.5601 161.6987 7.0897 -66.1205 100.0000 stroke5
movl 0 -11.3015 405.4761 171.7249 160.9204 5.0032 -67.9040 100.0000 stroke5
movl 0 -11.2675 404.5377 172.4123 160.9528 5.0113 -69.1252 100.0000 stroke5
movl 0 -10.5477 402.9592 173.0741 161.2861 5.9184 -69.7828 100.0000 stroke5
movl 0 -12.2019 402.8411 173.0441 161.2422 4.8642 -70.4349 100.0000 stroke5
movl 0 -11.8746 402.2498 173.5368 161.1917 4.9273 -71.0806 100.0000 stroke5
movl 0 -12.5649 402.0621 173.5548 161.2635 4.1468 -71.9736 100.0000 stroke5
movl 0 -11.5837 402.4211 173.4222 161.0088 3.8294 -72.7237 100.0000 stroke5
movl 0 -13.1544 400.7827 174.2360 161.6227 4.0800 -73.1105 100.0000 stroke5
movl 0 -12.4688 400.4328 174.4659 161.4017 4.0014 -73.5454 100.0000 stroke5
movl 0 -12.5077 399.5338 175.1499 161.5456 4.7190 -74.1173 100.0000 stroke5
movl 0 -12.7055 398.2206 175.6129 162.1498 5.9967 -74.1930 100.0000 stroke5
movl 0 -13.1052 397.4485 176.0437 162.5458 6.5144 -73.9991 100.0000 stroke5
movl 0 -13.7030 394.7036 177.9024 163.2707 7.6020 -74.4788 100.0000 stroke5
movl 0 -14.8632 386.4380 194.2632 163.6251 11.5852 -78.2779 100.0000 stroke5
movl 0 -6.8801 366.0203 207.1184 160.0335 21.8089 -69.5889 100.0000 stroke6
movl 0 -9.9922 363.4171 182.9573 160.9543 19.8746 -70.8239 100.0000 stroke6
movl 0 -16.1047 361.2304 180.4925 163.9707 19.7127 -70.2617 100.0000 stroke6
movl 0 -20.5182 361.4457 178.1221 166.1268 20.1366 -65.7659 100.0000 stroke6
movl 0 -24.0579 362.8286 177.0139 166.6907 19.4998 -65.2801 100.0000 stroke6
movl 0 -25.2835 363.7571 176.4427 166.3122 18.9575 -65.7732 100.0000 stroke6
movl 0 -26.7013 364.6266 176.0321 166.0644 18.2395 -66.5240 100.0000 stroke6
movl 0 -30.6434 365.2036 175.5527 167.5400 16.9772 -66.4188 100.0000 stroke6
movl 0 -33.4485 365.6409 175.2996 168.6387 15.8154 -67.4608 100.0000 stroke6
movl 0 -34.9608 366.2106 175.2543 169.2566 14.5408 -67.7553 100.0000 stroke6
movl 0 -36.6363 365.9465 175.6025 169.9131 14.5656 -68.1167 100.0000 stroke6
movl 0 -36.8403 366.3458 175.4873 170.4000 14.4606 -68.5589 100.0000 stroke6
movl 0 -35.2198 366.7944 175.6224 170.5390 14.4208 -68.8896 100.0000 stroke6
movl 0 -33.7524 367.0267 175.8788 170.6922 14.3549 -69.8098 100.0000 stroke6
movl 0 -33.2593 367.1567 176.1451 171.2631 14.2135 -70.2885 100.0000 stroke6
movl 0 -32.8304 367.4884 176.2506 171.5414 13.9254 -71.4195 100.0000 stroke6
movl 0 -32.2458 367.7180 176.2960 171.8720 13.6755 -72.6747 100.0000 stroke6
movl 0 -32.1982 367.7743 176.4704 172.4191 13.4048 -74.2973 100.0000 stroke6
movl 0 -33.3654 367.5791 176.6625 173.3142 13.0988 -75.6544 100.0000 stroke6
movl 0 -34.4889 367.6077 176.7339 174.1946 12.7901 -76.9234 100.0000 stroke6
movl 0 -35.6595 367.5535 176.7320 175.1793 12.5248 -78.6544 100.0000 stroke6
movl 0 -37.2741 367.5127 176.6378 176.2054 12.3177 -80.3901 100.0000 stroke6
movl 0 -38.5017 367.8146 176.4847 177.0559 12.0737 -82.3303 100.0000 stroke6
movl 0 -39.6106 368.0284 176.3412 177.8219 11.9570 -84.1155 100.0000 stroke6
movl 0 -41.1679 368.0712 176.0525 178.7282 11.8609 -85.7627 100.0000 stroke6
movl 0 -41.8320 368.3674 175.7077 179.5369 11.8244 -87.6406 100.0000 stroke6
movl 0 -40.8060 367.3923 176.5036 178.8570 12.1978 -88.0666 100.0000 stroke6
movl 0 -38.3332 365.2192 177.9428 177.6773 13.4183 -88.0364 100.0000 stroke6
movl 0 -38.2252 364.4489 178.4878 177.5519 13.8103 -88.2109 100.0000 stroke6
movl 0 -36.7548 364.5105 178.9597 177.2442 13.8970 -88.6176 100.0000 stroke6
movl 0 -36.7874 364.7790 179.0401 177.2396 13.2527 -88.6298 100.0000 stroke6
movl 0 -36.9301 365.9923 178.9828 177.2293 11.9181 -89.5400 100.0000 stroke6
movl 0 -36.7091 366.4748 179.0848 177.1719 11.1931 -90.3566 100.0000 stroke6
movl 0 -36.2161 366.7704 179.1074 176.9824 10.6488 -90.9659 100.0000 stroke6
movl 0 -35.2796 366.5319 179.4048 176.7758 10.5521 -91.2165 100.0000 stroke6
movl 0 -34.7310 366.0781 179.6785 176.6441 10.5224 -91.2126 100.0000 stroke6
movl 0 -33.9569 365.4202 180.1961 176.4558 10.6419 -91.2011 100.0000 stroke6
movl 0 -32.6801 364.5989 180.7405 176.1854 10.6297 -91.3892 100.0000 stroke6
movl 0 -31.2496 364.4425 181.0948 175.4316 10.7718 -90.9266 100.0000 stroke6
movl 0 -30.6544 363.3586 181.6702 174.5732 11.6387 -89.6578 100.0000 stroke6
movl 0 -30.3385 362.4152 182.0666 174.0556 12.6275 -88.3783 100.0000 stroke6
movl 0 -30.7157 361.8023 182.2434 173.9976 13.2121 -87.3608 100.0000 stroke6
movl 0 -31.1380 360.9393 182.3915 174.0983 14.0334 -86.0572 100.0000 stroke6
movl 0 -31.3826 360.3889 182.5075 174.1342 14.5800 -84.9176 100.0000 stroke6
movl 0 -31.3468 360.2914 182.5609 173.8109 14.6548 -84.3214 100.0000 stroke6
movl 0 -31.2965 360.1289 182.7741 173.4528 14.6112 -84.0854 100.0000 stroke6
movl 0 -30.4456 359.7005 183.2537 173.1599 14.6446 -84.0878 100.0000 stroke6
movl 0 -28.8320 358.6627 184.4021 172.9293 15.0809 -83.7417 100.0000 stroke6
movl 0 -26.0603 356.5031 188.6887 172.4248 16.1035 -83.3342 100.0000 stroke6
movl 0 -29.7748 346.1670 220.1924 171.9002 19.3393 -82.2616 100.0000 stroke6
