movl 0 -28.2305 423.4735 164.5107 -174.3918 27.2936 -6.1176 100.0000 stroke1
movl 0 -28.5282 424.4940 164.1809 -175.2705 26.8420 -7.2406 100.0000 stroke1
movl 0 -27.9777 425.2415 164.0325 -175.9457 26.8467 -8.0241 100.0000 stroke1
movl 0 -27.8445 425.9344 164.1151 -176.7355 26.4957 -9.1591 100.0000 stroke1
movl 0 -27.3032 426.8881 164.0298 -177.8977 26.1614 -10.7878 100.0000 stroke1
movl 0 -28.1414 427.2231 164.4251 -179.3841 26.1255 -12.4942 100.0000 stroke1
movl 0 -28.2455 427.8895 164.4768 178.8808 25.7829 -14.8816 100.0000 stroke1
movl 0 -27.6615 428.3788 164.5752 177.1204 25.6837 -17.2010 100.0000 stroke1
movl 0 -27.0442 428.4469 164.7868 174.3033 26.0371 -22.3592 100.0000 stroke1
movl 0 -26.4700 428.7031 164.9899 172.2124 25.6271 -25.6308 100.0000 stroke1
movl 0 -26.3880 429.1526 165.1695 170.4160 24.8368 -28.1531 100.0000 stroke1
movl 0 -26.2029 430.0477 165.2981 168.0705 23.9511 -31.5866 100.0000 stroke1
movl 0 -26.7171 431.0574 165.4654 166.2553 22.5689 -33.7869 100.0000 stroke1
movl 0 -27.1913 432.1663 165.4771 164.5724 21.1241 -35.0954 100.0000 stroke1
movl 0 -27.0936 431.1633 165.9739 164.3941 21.0133 -36.1022 100.0000 stroke1
movl 0 -27.5507 430.7004 165.9974 164.4844 20.8858 -36.2525 100.0000 stroke1
movl 0 -27.1636 428.2770 166.6032 166.0739 22.1865 -35.7252 100.0000 stroke1
movl 0 -25.4802 423.7692 167.9704 168.5257 24.5228 -34.6803 100.0000 stroke1
movl 0 -18.5312 407.2430 180.5061 -178.6424 34.9776 -25.6340 100.0000 stroke1
movl 0 -16.0733 392.7630 241.2897 -155.0349 41.1960 -3.8903 100.0000 stroke1
movl 0 -20.2088 414.2888 181.0616 -174.8635 38.6318 -6.2893 100.0000 stroke2
movl 0 -26.2394 410.4558 167.5540 -174.1860 35.1570 -5.7361 100.0000 stroke2
movl 0 -31.9457 409.9159 165.9415 -174.0959 31.9380 -7.4196 100.0000 stroke2
movl 0 -36.4113 408.3071 165.6404 -172.7022 30.6018 -6.3135 100.0000 stroke2
movl 0 -39.3972 412.3364 163.8876 -174.7836 29.2571 -7.4093 100.0000 stroke2
movl 0 -40.7393 416.7586 163.9270 -179.9009 26.6582 -14.0064 100.0000 stroke2
movl 0 -41.2830 417.7705 164.1620 178.1217 25.8510 -16.8355 100.0000 stroke2
movl 0 -40.9310 419.0633 164.6279 174.1857 25.0261 -21.1337 100.0000 stroke2
movl 0 -41.3011 419.3514 164.8650 172.0366 24.3639 -23.3813 100.0000 stroke2
movl 0 -41.1836 418.9773 165.1577 171.3669 24.4663 -23.9253 100.0000 stroke2
movl 0 -40.7159 418.3689 165.5057 171.1187 24.7640 -24.3049 100.0000 stroke2
movl 0 -37.8084 413.2987 168.4271 172.2226 26.7822 -24.3756 100.0000 stroke2
movl 0 -28.4972 405.7582 179.0199 175.5623 34.3894 -22.6514 100.0000 stroke2
movl 0 -18.2390 403.7141 221.0789 -176.3322 46.3057 -13.7379 100.0000 stroke2
movl 0 -24.0987 382.6269 212.8403 170.0988 39.7195 -41.3682 100.0000 stroke3
movl 0 -28.2315 384.6077 174.2307 166.2758 32.5591 -47.3628 100.0000 stroke3
movl 0 -38.9141 384.3776 170.6948 169.5701 29.4565 -46.1721 100.0000 stroke3
movl 0 -44.3326 386.6699 168.7925 169.8009 28.7418 -45.2861 100.0000 stroke3
movl 0 -47.2534 389.0030 167.5054 169.7096 27.7678 -45.3194 100.0000 stroke3
movl 0 -52.1675 387.4101 167.4257 172.8651 26.3143 -44.1312 100.0000 stroke3
movl 0 -55.6887 386.1084 167.9969 174.2056 24.7694 -44.2523 100.0000 stroke3
movl 0 -59.0925 383.8208 168.4034 176.2269 24.5377 -43.2910 100.0000 stroke3
movl 0 -59.2716 384.3214 168.3281 176.7755 24.1130 -43.9250 100.0000 stroke3
movl 0 -58.3452 384.9738 168.4789 176.9428 23.7522 -44.8946 100.0000 stroke3
movl 0 -55.7047 385.7580 168.7440 177.1255 23.5292 -45.2890 100.0000 stroke3
movl 0 -51.8798 387.1147 168.9587 176.9447 23.3045 -46.7193 100.0000 stroke3
movl 0 -47.5444 388.7875 169.1150 176.6953 22.9992 -48.2495 100.0000 stroke3
movl 0 -43.2128 389.9359 169.2898 176.6205 22.7310 -49.7657 100.0000 stroke3
movl 0 -38.1805 391.6361 168.9578 176.2910 22.5187 -51.9537 100.0000 stroke3
movl 0 -37.0140 390.5307 169.4654 176.1118 23.1556 -51.8370 100.0000 stroke3
movl 0 -34.6899 391.6802 169.2505 175.2968 23.1226 -52.2736 100.0000 stroke3
movl 0 -35.2628 390.9291 169.3862 175.1438 23.5078 -51.6951 100.0000 stroke3
movl 0 -34.4629 391.4090 169.2462 174.9641 23.5765 -51.0899 100.0000 stroke3
movl 0 -33.9761 391.8385 169.2086 174.6072 23.7755 -51.4086 100.0000 stroke3
movl 0 -33.8599 392.0719 169.1966 174.5272 23.9751 -51.6035 100.0000 stroke3
movl 0 -31.9540 391.1246 169.7211 174.2969 25.0655 -51.0227 100.0000 stroke3
movl 0 -11.8653 382.7682 186.1417 176.5788 36.3704 -44.9789 100.0000 stroke3
movl 0 17.9402 412.7008 196.8413 -177.8572 44.3212 -21.8969 100.0000 stroke4
movl 0 10.3588 405.2259 163.8363 179.8677 38.3336 -25.9595 100.0000 stroke4
movl 0 3.3595 406.2422 164.7059 179.2067 35.2667 -27.8383 100.0000 stroke4
movl 0 -2.9160 408.0403 163.9786 178.1688 32.4960 -29.5317 100.0000 stroke4
movl 0 -6.8470 411.2681 163.1922 176.3945 30.5346 -32.1985 100.0000 stroke4
movl 0 -8.6240 415.7741 162.7819 173.2606 27.5316 -37.1753 100.0000 stroke4
movl 0 -4.1896 420.3797 161.3489 170.2276 26.1174 -40.1705 100.0000 stroke4
movl 0 -3.9987 422.1283 161.1666 167.1554 24.9887 -45.1955 100.0000 stroke4
movl 0 -3.4194 422.9326 161.2009 164.1353 23.3372 -50.9398 100.0000 stroke4
movl 0 -2.3212 423.4874 161.0968 162.3185 22.2194 -55.3128 100.0000 stroke4
movl 0 -2.0858 424.2475 160.5590 159.9472 20.6213 -61.0155 100.0000 stroke4
movl 0 -1.9793 424.8208 160.2856 158.1671 17.8392 -65.0226 100.0000 stroke4
movl 0 -2.8476 424.8183 160.5296 156.5076 16.2784 -71.2401 100.0000 stroke4
movl 0 -2.0425 424.8802 159.9855 155.8830 15.1441 -70.9876 100.0000 stroke4
movl 0 -2.5508 425.0469 160.2310 155.3942 14.1405 -71.4242 100.0000 stroke4
movl 0 -2.6625 425.1795 160.4952 154.6955 13.0025 -71.9772 100.0000 stroke4
movl 0 -2.9157 425.4729 160.5567 154.0852 11.7889 -72.5480 100.0000 stroke4
movl 0 -3.4156 425.7556 160.5489 153.3846 10.4316 -73.0098 100.0000 stroke4
movl 0 -4.1765 424.7922 160.8508 153.0233 10.2992 -73.0655 100.0000 stroke4
movl 0 -2.1041 423.5608 161.2746 152.8913 11.4275 -74.0818 100.0000 stroke4
movl 0 -1.2849 423.8496 161.0677 152.7608 10.8791 -74.3790 100.0000 stroke4
movl 0 -3.2046 423.8585 161.1091 153.0712 10.0926 -74.1445 100.0000 stroke4
movl 0 -2.3796 421.2594 161.5609 153.0949 11.9947 -74.7724 100.0000 stroke4
movl 0 2.1042 412.8053 163.6061 151.9775 18.8892 -76.1261 100.0000 stroke4
movl 0 4.8686 400.6393 203.0207 166.3167 41.7457 -55.6341 100.0000 stroke4
movl 0 -30.0619 394.6616 212.2691 156.6455 33.3859 -57.6803 100.0000 stroke5
movl 0 -26.2618 382.7061 163.6012 154.3359 27.9374 -62.9203 100.0000 stroke5
movl 0 -28.3113 375.5776 164.4559 158.9595 28.3114 -63.3745 100.0000 stroke5
movl 0 -30.1948 377.7743 163.6560 159.4398 27.6280 -63.6653 100.0000 stroke5
movl 0 -32.1020 379.7030 162.6679 161.0009 27.8908 -60.5182 100.0000 stroke5
movl 0 -35.0697 384.0418 160.7810 160.8368 25.9636 -59.3433 100.0000 stroke5
movl 0 -35.1579 387.2784 160.7319 159.4050 22.7735 -63.9485 100.0000 stroke5
movl 0 -35.7209 387.7221 161.2919 158.9987 21.0582 -65.0308 100.0000 stroke5
movl 0 -35.0289 389.2204 161.6298 157.3158 18.0438 -66.7754 100.0000 stroke5
movl 0 -34.5765 391.3973 161.8374 154.5571 13.5628 -71.7595 100.0000 stroke5
movl 0 -35.4815 393.2145 161.8637 153.0872 8.8104 -74.1493 100.0000 stroke5
movl 0 -37.8200 393.8247 161.8115 152.5083 5.1032 -75.6083 100.0000 stroke5
movl 0 -41.7172 391.4559 161.7655 152.6392 3.5693 -74.9772 100.0000 stroke5
movl 0 -45.2361 387.9544 161.9718 152.7539 3.6732 -73.7408 100.0000 stroke5
movl 0 -45.3052 386.6642 162.2000 152.9663 4.7101 -73.0926 100.0000 stroke5
movl 0 -44.3126 383.0122 163.0255 153.5110 8.3128 -71.2441 100.0000 stroke5
movl 0 -42.7487 381.1546 162.9952 153.5003 11.5798 -68.2485 100.0000 stroke5
movl 0 -41.8604 380.2427 162.8456 153.7369 13.2750 -64.9761 100.0000 stroke5
movl 0 -41.8321 380.0482 162.8327 153.8620 14.0462 -64.4478 100.0000 stroke5
movl 0 -42.2938 379.8336 163.3815 154.0175 14.8976 -65.3263 100.0000 stroke5
movl 0 -42.1519 379.9678 163.3090 153.9163 15.3665 -65.0506 100.0000 stroke5
movl 0 -41.3278 379.7224 163.3263 153.8076 15.9425 -64.9189 100.0000 stroke5
movl 0 -34.4164 374.2956 167.5767 152.9229 22.9019 -64.8638 100.0000 stroke5
movl 0 -22.1036 357.4364 207.5126 167.2094 47.1176 -48.8065 100.0000 stroke5
movl 0 4.8077 393.3157 185.6679 171.0050 43.9934 -31.1156 100.0000 stroke6
movl 0 -2.9761 390.6218 164.9992 169.5385 38.2376 -33.5362 100.0000 stroke6
movl 0 -18.5689 383.5642 166.0488 174.8106 33.7268 -30.3527 100.0000 stroke6
movl 0 -27.4544 379.7330 166.0200 177.5025 32.9871 -27.1591 100.0000 stroke6
movl 0 -31.2470 379.5067 164.6226 -179.4933 33.1331 -21.1438 100.0000 stroke6
movl 0 -32.7959 379.8799 163.8634 -178.2188 32.3904 -18.8219 100.0000 stroke6
movl 0 -35.6415 378.8610 164.6352 -177.8877 30.0047 -20.1575 100.0000 stroke6
movl 0 -36.8018 378.6515 165.1929 -177.0272 28.4702 -19.4318 100.0000 stroke6
movl 0 -32.6837 380.5379 165.4644 -178.1727 28.7462 -22.3261 100.0000 stroke6
movl 0 -26.5917 382.8786 165.6245 -178.7433 28.5578 -24.8583 100.0000 stroke6
movl 0 -20.7313 385.5857 165.5210 -179.2667 28.1206 -27.5510 100.0000 stroke6
movl 0 -15.7755 383.3894 167.0606 -179.0150 30.1610 -28.3468 100.0000 stroke6
movl 0 -13.5523 384.2980 167.3681 -179.9284 31.3494 -29.5024 100.0000 stroke6
movl 0 -13.7736 386.3544 166.4356 177.7999 30.9644 -32.5700 100.0000 stroke6
movl 0 -15.8842 390.4609 165.9504 173.5748 27.5889 -39.2867 100.0000 stroke6
movl 0 -14.3056 395.2229 164.9332 168.8729 24.9482 -46.4098 100.0000 stroke6
movl 0 -13.2464 397.2082 164.7640 165.6604 23.7411 -50.6402 100.0000 stroke6
movl 0 -12.4115 398.9440 165.2215 162.3767 21.0510 -55.0709 100.0000 stroke6
movl 0 -11.1953 402.0424 165.4045 158.9342 16.8274 -59.3015 100.0000 stroke6
movl 0 -11.4451 405.9138 165.6581 156.3610 11.7447 -62.6305 100.0000 stroke6
movl 0 -13.5665 410.4675 166.0795 155.4185 5.3528 -65.5552 100.0000 stroke6
movl 0 -16.6348 415.0393 166.3675 155.7878 -0.5054 -69.4308 100.0000 stroke6
movl 0 -20.4467 419.5293 166.5019 157.4212 -6.3236 -72.5064 100.0000 stroke6
movl 0 -24.3319 422.6248 166.6423 159.8189 -10.4449 -74.6487 100.0000 stroke6
movl 0 -26.4655 425.0580 166.2988 162.3637 -13.8474 -77.0234 100.0000 stroke6
movl 0 -27.8354 426.5253 166.0844 164.6000 -15.9325 -78.7809 100.0000 stroke6
movl 0 -28.7867 426.4145 166.4752 165.6641 -16.5878 -79.2713 100.0000 stroke6
movl 0 -27.0634 424.2709 167.9401 164.8001 -15.3698 -78.6605 100.0000 stroke6
movl 0 -25.8586 423.3355 168.4522 164.4910 -15.1172 -78.4379 100.0000 stroke6
movl 0 -24.7459 422.4834 169.1377 164.1946 -14.9554 -78.4212 100.0000 stroke6
movl 0 -23.9434 421.9995 169.6023 164.0366 -14.9168 -78.6392 100.0000 stroke6
movl 0 -23.4367 421.5110 169.9838 164.0449 -14.8073 -78.8256 100.0000 stroke6
movl 0 -23.1494 421.6229 169.8758 164.2014 -15.0699 -79.1211 100.0000 stroke6
movl 0 -21.1122 418.6581 171.5691 163.1026 -13.2309 -78.2271 100.0000 stroke6
movl 0 -13.6164 409.3923 175.4282 159.2433 -6.0569 -74.5207 100.0000 stroke6
movl 0 -19.8892 408.8400 174.2115 161.7575 -6.6943 -74.0562 100.0000 stroke6
movl 0 -29.3078 406.3649 174.0858 165.6815 -7.9055 -74.8616 100.0000 stroke6
movl 0 -32.5859 404.9347 174.2134 167.5405 -7.2413 -76.6456 100.0000 stroke6
movl 0 -31.5169 405.8989 173.6784 168.0378 -6.4464 -77.8809 100.0000 stroke6
movl 0 -28.9879 406.4174 174.2484 167.5850 -6.0343 -78.6603 100.0000 stroke6
movl 0 -28.6925 404.8212 174.7950 167.4248 -5.7315 -78.3827 100.0000 stroke6
movl 0 -25.2242 406.9039 175.1920 166.9103 -5.4483 -79.9518 100.0000 stroke6
movl 0 -22.3125 407.4453 175.8204 166.4059 -4.9681 -80.9617 100.0000 stroke6
movl 0 -16.4429 403.2707 179.8779 164.9755 -2.2363 -81.5040 100.0000 stroke6
movl 0 -1.3574 377.5893 213.8789 161.2605 16.6075 -79.8416 100.0000 stroke6
movl 0 -12.9279 367.5028 183.3571 165.3986 38.7403 -48.4291 100.0000 stroke7
movl 0 -28.8053 347.5741 168.1590 174.7223 34.1107 -44.6978 100.0000 stroke7
movl 0 -39.8251 342.3327 169.0344 178.8478 32.1580 -43.1299 100.0000 stroke7
movl 0 -43.7355 342.4428 167.5878 -177.5055 32.5653 -37.8655 100.0000 stroke7
movl 0 -41.3015 345.0829 166.4126 -176.0910 32.6269 -32.8979 100.0000 stroke7
movl 0 -43.3294 346.5583 165.8972 -176.2964 32.1333 -31.4933 100.0000 stroke7
movl 0 -44.1332 347.9868 165.5937 -176.8034 31.5239 -31.8228 100.0000 stroke7
movl 0 -45.8459 346.5363 164.9025 -175.3692 30.4143 -31.3417 100.0000 stroke7
movl 0 -47.2956 346.1124 164.9446 -174.6711 29.5647 -31.3827 100.0000 stroke7
movl 0 -48.4695 345.9221 164.9834 -174.1658 28.9535 -31.3341 100.0000 stroke7
movl 0 -48.7209 346.3220 164.8843 -173.9254 28.5007 -31.7933 100.0000 stroke7
movl 0 -47.8605 347.6433 164.8022 -174.1998 27.8933 -33.7742 100.0000 stroke7
movl 0 -46.8441 349.3738 164.5734 -174.4307 27.3933 -35.1642 100.0000 stroke7
movl 0 -45.7016 348.4825 164.9995 -174.4349 28.2396 -35.1784 100.0000 stroke7
movl 0 -44.3191 347.7896 165.3504 -174.4469 29.0054 -35.2137 100.0000 stroke7
movl 0 -44.6967 348.6563 165.2701 -174.9489 28.4741 -35.3655 100.0000 stroke7
movl 0 -44.4263 349.8000 165.4308 -175.9188 27.4625 -36.1213 100.0000 stroke7
movl 0 -42.2522 350.8245 165.4261 -177.7804 28.1755 -35.8417 100.0000 stroke7
movl 0 -23.9287 345.4420 174.9325 -176.7146 39.1327 -34.6969 100.0000 stroke7
movl 0 -10.8787 338.6781 242.9221 -167.8269 49.2025 -27.1512 100.0000 stroke7
movl 0 -14.8660 368.8120 190.6686 163.9202 37.4347 -45.5808 100.0000 stroke8
movl 0 -22.5757 363.8796 167.2947 165.0546 31.5378 -47.9580 100.0000 stroke8
movl 0 -32.4113 356.4343 168.7852 169.9953 30.2996 -45.2595 100.0000 stroke8
movl 0 -34.7302 356.8314 168.1556 171.1413 29.5994 -44.9536 100.0000 stroke8
movl 0 -35.6702 357.5390 167.2689 171.5842 29.3372 -44.3105 100.0000 stroke8
movl 0 -38.2020 359.8632 166.7655 170.5504 27.1122 -45.9930 100.0000 stroke8
movl 0 -39.5160 362.8833 166.8909 168.2964 24.3023 -50.2318 100.0000 stroke8
movl 0 -40.2025 364.1522 167.2664 166.5298 22.7539 -54.0327 100.0000 stroke8
movl 0 -40.2766 365.6753 167.7894 165.0263 20.4623 -56.1073 100.0000 stroke8
movl 0 -39.1695 364.7765 168.5822 164.2646 19.5378 -56.9275 100.0000 stroke8
movl 0 -38.3251 365.5748 168.5318 163.0132 18.4168 -58.5847 100.0000 stroke8
movl 0 -38.1236 361.6984 169.4513 164.4300 21.4303 -59.6073 100.0000 stroke8
movl 0 -36.9274 355.5446 169.7627 167.6773 26.4837 -55.9665 100.0000 stroke8
movl 0 -37.1516 353.9258 170.9093 169.0042 27.3933 -53.6319 100.0000 stroke8
movl 0 -33.3437 350.8717 181.4481 170.8573 30.5037 -53.3817 100.0000 stroke8
movl 0 -4.2074 356.0875 247.8952 168.5751 38.6385 -48.7635 100.0000 stroke9
movl 0 -10.0680 365.9400 186.4329 162.1618 30.1432 -52.8671 100.0000 stroke9
movl 0 -20.4793 362.5580 170.9078 164.3794 27.2970 -51.0731 100.0000 stroke9
movl 0 -27.8609 361.9071 169.8002 167.3233 26.9814 -49.0208 100.0000 stroke9
movl 0 -30.7918 362.4647 169.1943 168.3957 27.2586 -47.6184 100.0000 stroke9
movl 0 -31.2570 363.2638 168.5714 168.3824 26.9704 -47.5296 100.0000 stroke9
movl 0 -31.6869 363.4348 168.4287 168.0318 26.7587 -47.5436 100.0000 stroke9
movl 0 -32.7493 363.6575 168.2848 168.5389 26.1912 -47.6723 100.0000 stroke9
movl 0 -36.3633 362.3372 168.6350 169.8916 25.3212 -48.4788 100.0000 stroke9
movl 0 -37.7264 361.7201 168.8706 170.7426 24.9714 -48.6119 100.0000 stroke9
movl 0 -36.8362 361.9765 168.8565 171.1003 24.7866 -49.1306 100.0000 stroke9
movl 0 -34.9436 362.5561 168.7869 171.2196 24.5892 -49.8720 100.0000 stroke9
movl 0 -32.8143 363.8382 168.5835 171.2473 24.2033 -50.8414 100.0000 stroke9
movl 0 -29.6276 365.9265 168.3735 170.3702 24.1511 -53.7698 100.0000 stroke9
movl 0 -25.1624 368.3408 168.3310 168.0686 24.3928 -55.1376 100.0000 stroke9
movl 0 -18.1609 377.4929 165.7882 163.8275 21.9123 -57.9546 100.0000 stroke9
movl 0 -16.5461 381.8857 164.3392 161.7082 20.3551 -58.8359 100.0000 stroke9
movl 0 -15.0660 385.3042 163.0297 159.9116 19.2100 -59.4598 100.0000 stroke9
movl 0 -14.9755 385.7942 162.7739 159.3784 18.4194 -58.6009 100.0000 stroke9
movl 0 -15.0577 385.7730 162.7262 158.6873 17.5745 -58.3985 100.0000 stroke9
movl 0 -15.0715 385.6791 162.7341 157.6058 16.9764 -58.8817 100.0000 stroke9
movl 0 -14.1027 384.6209 163.4450 157.7892 17.3329 -58.9420 100.0000 stroke9
movl 0 -13.8956 385.0601 163.1859 157.3066 16.7075 -59.3784 100.0000 stroke9
movl 0 -15.0488 384.5058 163.4108 157.0179 16.1960 -59.2056 100.0000 stroke9
movl 0 -14.5962 384.2111 163.6383 156.9475 16.3147 -59.6827 100.0000 stroke9
movl 0 -13.2412 378.5373 166.3598 157.3481 18.7583 -63.7709 100.0000 stroke9
movl 0 -5.9743 358.6761 184.4433 162.3629 34.2995 -61.7748 100.0000 stroke9
movl 0 -17.0120 354.2498 187.7170 151.9396 22.1169 -79.1395 100.0000 stroke10
movl 0 -29.8975 346.0096 172.9927 154.4876 19.0929 -84.9011 100.0000 stroke10
movl 0 -37.4750 347.7768 172.3579 156.4831 16.5774 -85.5165 100.0000 stroke10
movl 0 -40.9454 348.4698 171.4961 157.5454 15.7044 -86.2550 100.0000 stroke10
movl 0 -42.8191 349.0783 170.5266 158.3699 15.7942 -85.3715 100.0000 stroke10
movl 0 -44.3761 349.3733 170.2670 159.8316 15.9724 -84.1377 100.0000 stroke10
movl 0 -47.0094 348.1961 170.6971 162.1482 16.3777 -82.4080 100.0000 stroke10
movl 0 -49.0858 347.1777 170.8565 163.4687 16.8880 -81.3664 100.0000 stroke10
movl 0 -49.3263 347.4497 170.8312 163.9908 16.7007 -81.9003 100.0000 stroke10
movl 0 -48.8406 347.8004 171.0113 164.4375 16.5149 -82.4886 100.0000 stroke10
movl 0 -48.1310 348.3004 171.0720 164.4285 16.3125 -84.4269 100.0000 stroke10
movl 0 -47.8671 348.5399 171.1648 164.8754 16.1259 -84.7678 100.0000 stroke10
movl 0 -47.4992 348.8630 171.4682 165.3375 15.9163 -84.1867 100.0000 stroke10
movl 0 -47.1832 349.2923 171.6054 165.6379 15.5682 -85.1069 100.0000 stroke10
movl 0 -46.6968 350.3397 171.4846 165.7135 15.0234 -86.2782 100.0000 stroke10
movl 0 -45.5417 350.3461 171.8287 165.1539 15.1049 -86.6297 100.0000 stroke10
movl 0 -43.5868 349.7912 171.9560 164.7743 15.5456 -86.2437 100.0000 stroke10
movl 0 -43.8548 350.1414 171.8950 164.6086 15.2012 -87.2883 100.0000 stroke10
movl 0 -43.9524 351.0156 172.4195 164.6197 13.8957 -87.4323 100.0000 stroke10
movl 0 -43.4099 351.6121 172.2599 164.2951 13.3911 -86.8582 100.0000 stroke10
movl 0 -41.8360 351.6993 171.9073 162.9820 13.6811 -85.5615 100.0000 stroke10
movl 0 -38.7443 351.1454 171.9336 161.2708 14.8336 -85.3365 100.0000 stroke10
movl 0 -25.4141 349.5571 173.3625 157.7567 22.2931 -82.7940 100.0000 stroke10
movl 0 -16.7757 354.1226 213.1880 162.6159 33.8182 -72.1345 100.0000 stroke10
movl 0 -9.3760 391.8803 236.7050 149.6370 28.1891 -65.0802 100.0000 stroke11
movl 0 -17.0870 376.6006 184.5567 154.3134 23.2889 -64.9463 100.0000 stroke11
movl 0 -21.5022 368.5603 169.1003 158.2336 22.8954 -65.5570 100.0000 stroke11
movl 0 -28.1220 362.4766 170.5920 162.0728 24.8961 -64.4886 100.0000 stroke11
movl 0 -28.0833 364.3490 169.4479 162.6976 25.0623 -63.2169 100.0000 stroke11
movl 0 -29.8443 364.7382 168.5169 163.9224 25.5715 -61.3479 100.0000 stroke11
movl 0 -33.0704 368.6144 167.5589 164.1948 23.0967 -61.0103 100.0000 stroke11
movl 0 -34.1259 371.8756 167.4287 163.7756 19.9729 -62.2456 100.0000 stroke11
movl 0 -34.1316 372.5207 167.4583 164.2994 19.1893 -61.3934 100.0000 stroke11
movl 0 -34.0832 373.2954 167.6837 163.4216 17.7546 -62.2188 100.0000 stroke11
movl 0 -33.5498 373.9409 168.1753 162.1504 16.0787 -63.8241 100.0000 stroke11
movl 0 -32.6631 374.4731 168.7260 161.0880 14.2900 -64.2019 100.0000 stroke11
movl 0 -32.3501 374.8344 169.0439 160.2270 13.0130 -64.8474 100.0000 stroke11
movl 0 -32.4820 374.8868 169.3674 159.7163 12.0297 -65.2363 100.0000 stroke11
movl 0 -32.6318 374.0682 169.7738 159.5125 11.8423 -65.1332 100.0000 stroke11
movl 0 -31.4754 371.4434 170.9345 158.9976 12.6443 -64.3089 100.0000 stroke11
movl 0 -24.4445 358.8560 182.3878 156.5848 18.7976 -64.8529 100.0000 stroke11
movl 0 -26.3915 357.2806 193.3293 160.6925 24.9389 -58.0656 100.0000 stroke12
movl 0 -32.7633 347.7188 177.2052 164.2733 24.8443 -56.5645 100.0000 stroke12
movl 0 -42.6051 341.8923 175.0901 169.3155 23.8838 -53.6855 100.0000 stroke12
movl 0 -49.1248 340.9473 173.6229 171.2583 23.1544 -52.3099 100.0000 stroke12
movl 0 -51.7408 341.7746 172.5623 171.8534 22.5192 -51.2990 100.0000 stroke12
movl 0 -56.2761 343.3651 172.4294 172.7890 19.7187 -51.8010 100.0000 stroke12
movl 0 -58.3823 343.5358 172.6025 172.9007 18.9364 -52.6016 100.0000 stroke12
movl 0 -59.2522 343.2321 172.7557 173.3293 19.0750 -53.8197 100.0000 stroke12
movl 0 -58.6493 343.9061 172.6482 173.3911 18.9771 -54.8519 100.0000 stroke12
movl 0 -58.0529 344.4503 172.6843 173.3192 18.8259 -55.6142 100.0000 stroke12
movl 0 -58.5185 343.1517 173.1215 172.8309 19.0198 -55.0110 100.0000 stroke12
movl 0 -58.3483 343.9739 172.9257 172.9305 18.7798 -56.0016 100.0000 stroke12
movl 0 -57.2553 344.9573 172.9424 172.8750 18.2225 -57.4407 100.0000 stroke12
movl 0 -55.2341 345.6524 173.1009 172.4909 18.1038 -58.1810 100.0000 stroke12
movl 0 -56.4920 344.3564 173.4385 172.3671 18.5750 -56.9707 100.0000 stroke12
movl 0 -54.8908 346.0503 173.1109 172.2427 18.0101 -58.5023 100.0000 stroke12
movl 0 -53.8266 346.4649 173.2686 172.2227 17.8337 -59.1117 100.0000 stroke12
movl 0 -52.7839 346.6184 173.4715 172.0853 17.8274 -59.4415 100.0000 stroke12
movl 0 -53.0633 346.7628 173.4717 172.0768 17.5890 -59.5458 100.0000 stroke12
movl 0 -52.0721 347.3497 173.6229 171.9860 17.3726 -60.4076 100.0000 stroke12
movl 0 -50.8773 347.3840 173.9491 171.8199 17.3542 -60.8313 100.0000 stroke12
movl 0 -49.7471 347.2056 174.3106 171.6721 17.4180 -61.2171 100.0000 stroke12
movl 0 -48.9122 346.8258 174.6651 171.5828 17.5573 -61.2804 100.0000 stroke12
movl 0 -48.2429 346.9188 174.8688 171.3998 17.5550 -61.5609 100.0000 stroke12
movl 0 -48.1911 346.4620 175.2007 171.0655 17.7335 -61.7822 100.0000 stroke12
movl 0 -37.8974 343.3480 184.3502 167.7599 21.0277 -64.2476 100.0000 stroke12
movl 0 0.2219 383.4492 233.6229 142.2510 4.5205 -88.9366 100.0000 stroke13
movl 0 -4.0619 381.3450 183.2483 147.0385 1.2146 -92.0123 100.0000 stroke13
movl 0 -7.0106 378.5391 171.7071 149.5645 1.4436 -93.4700 100.0000 stroke13
movl 0 -10.5788 379.0566 170.1859 150.7341 1.1265 -93.3324 100.0000 stroke13
movl 0 -14.3755 378.9608 169.9534 152.2458 1.2910 -93.0915 100.0000 stroke13
movl 0 -15.4765 381.2979 169.1610 152.9698 0.1798 -93.4085 100.0000 stroke13
movl 0 -18.7306 384.2613 168.2679 154.6683 -1.2468 -93.7551 100.0000 stroke13
movl 0 -19.8751 386.7080 167.7307 155.7530 -2.7484 -94.5769 100.0000 stroke13
movl 0 -20.4141 388.4600 167.3990 156.6332 -3.9626 -95.7180 100.0000 stroke13
movl 0 -21.7695 389.5775 167.4034 157.7237 -4.9760 -96.9638 100.0000 stroke13
movl 0 -22.3429 389.5004 167.8275 158.6680 -5.3567 -98.3646 100.0000 stroke13
movl 0 -23.5638 389.8584 167.9312 159.3174 -5.9702 -98.8317 100.0000 stroke13
movl 0 -24.5166 390.0358 167.9726 159.7291 -7.1650 -98.7287 100.0000 stroke13
movl 0 -22.7502 387.2774 169.2299 159.0087 -5.5645 -99.2826 100.0000 stroke13
movl 0 -22.9264 388.0477 168.8353 159.2879 -5.9808 -99.3370 100.0000 stroke13
movl 0 -24.5287 388.3967 168.4688 159.6513 -7.0664 -98.5660 100.0000 stroke13
movl 0 -22.8292 385.6154 169.8214 159.1028 -5.3409 -99.0830 100.0000 stroke13
movl 0 -22.4417 385.9158 169.6053 159.1622 -5.5146 -99.2849 100.0000 stroke13
movl 0 -23.8669 386.5888 169.2252 159.5518 -6.7676 -98.5777 100.0000 stroke13
movl 0 -23.9570 386.5451 169.1750 159.5155 -6.7321 -98.4997 100.0000 stroke13
movl 0 -23.8095 385.5162 169.5827 159.3106 -5.8911 -98.5623 100.0000 stroke13
movl 0 -23.9492 385.1668 169.6713 159.3221 -5.6687 -98.5104 100.0000 stroke13
movl 0 -24.2036 384.8040 169.7791 159.3213 -5.4797 -98.5299 100.0000 stroke13
movl 0 -24.6961 382.8975 170.4379 159.2025 -4.7118 -98.4711 100.0000 stroke13
movl 0 -19.8251 377.6035 181.0824 156.9461 -0.7538 -98.4081 100.0000 stroke13
