movl 0 13.6679 431.1348 195.1308 139.0626 13.7410 -85.1751 100.0000 stroke1
movl 0 3.7837 420.4669 173.8488 143.9921 15.1594 -86.8107 100.0000 stroke1
movl 0 -4.1935 417.0886 171.2069 148.0383 14.3580 -89.0638 100.0000 stroke1
movl 0 -11.3192 417.8873 169.7526 150.0284 13.6852 -89.0357 100.0000 stroke1
movl 0 -15.0026 419.3504 169.0452 150.7559 11.5067 -90.2243 100.0000 stroke1
movl 0 -15.9791 420.2196 168.0619 151.1040 11.2729 -90.3025 100.0000 stroke1
movl 0 -18.0800 424.7303 166.9715 152.1254 7.1615 -92.0215 100.0000 stroke1
movl 0 -19.8109 427.5578 166.5951 153.2627 4.3547 -93.9398 100.0000 stroke1
movl 0 -20.8300 429.8473 166.2416 154.0651 1.9543 -96.1683 100.0000 stroke1
movl 0 -19.8875 431.1971 165.9338 154.3848 -0.2224 -98.7875 100.0000 stroke1
movl 0 -22.1384 430.7588 166.3543 154.7605 -1.3526 -100.2811 100.0000 stroke1
movl 0 -22.3253 431.1801 166.1638 154.8493 -2.5384 -101.5467 100.0000 stroke1
movl 0 -23.2898 430.5974 166.4095 155.1095 -3.2863 -102.5314 100.0000 stroke1
movl 0 -23.8590 429.7137 166.6531 155.2466 -4.0464 -103.5964 100.0000 stroke1
movl 0 -24.6676 428.9549 166.8832 155.5209 -4.6689 -104.3104 100.0000 stroke1
movl 0 -25.3523 428.2026 166.9633 155.6322 -5.2890 -104.7761 100.0000 stroke1
movl 0 -26.1460 426.9442 167.2289 155.7177 -5.8310 -105.1657 100.0000 stroke1
movl 0 -27.1265 425.9057 167.2893 155.8369 -6.3039 -105.4281 100.0000 stroke1
movl 0 -28.1595 424.8298 167.4879 156.0381 -6.7044 -105.9649 100.0000 stroke1
movl 0 -29.5140 423.4383 167.6716 156.2439 -7.2649 -106.1655 100.0000 stroke1
movl 0 -30.7273 422.4211 167.8101 156.3913 -7.7988 -106.3663 100.0000 stroke1
movl 0 -32.2412 421.2014 168.1024 156.5478 -8.1694 -106.3737 100.0000 stroke1
movl 0 -33.8252 419.9979 168.3604 156.5618 -8.3969 -106.1380 100.0000 stroke1
movl 0 -35.5796 418.6834 168.6700 156.6245 -8.6763 -105.8834 100.0000 stroke1
movl 0 -37.5437 417.8736 169.0786 156.7294 -8.8802 -105.3190 100.0000 stroke1
movl 0 -39.5057 417.1383 169.2024 156.9193 -9.1892 -104.9043 100.0000 stroke1
movl 0 -40.8342 416.5056 169.5200 156.8243 -9.4166 -104.4933 100.0000 stroke1
movl 0 -42.5229 415.7319 169.9027 156.7567 -9.5484 -104.0576 100.0000 stroke1
movl 0 -44.3817 414.8613 170.2295 156.7649 -9.6075 -103.5299 100.0000 stroke1
movl 0 -46.1923 414.1918 170.6105 156.6602 -9.6309 -103.0221 100.0000 stroke1
movl 0 -48.3052 413.2858 171.0219 156.6615 -9.5466 -102.5015 100.0000 stroke1
movl 0 -49.9880 413.0570 171.0314 156.6796 -9.5696 -102.1040 100.0000 stroke1
movl 0 -51.4078 412.7772 171.2368 156.5803 -9.5183 -101.7690 100.0000 stroke1
movl 0 -52.7857 412.4222 171.6987 156.5171 -9.4734 -101.5105 100.0000 stroke1
movl 0 -53.8946 412.3196 171.8549 156.4309 -9.3934 -101.3657 100.0000 stroke1
movl 0 -54.8203 412.1001 172.1717 156.2963 -9.2523 -101.1764 100.0000 stroke1
movl 0 -55.0184 411.7701 172.8162 155.6734 -9.1213 -101.0166 100.0000 stroke1
movl 0 -52.4912 402.6401 185.7291 150.6222 -2.7032 -99.9657 100.0000 stroke1
movl 0 2.5723 409.4430 193.3687 147.0116 17.1868 -77.6496 100.0000 stroke2
movl 0 -3.9057 392.1482 176.8968 151.7517 21.6206 -77.1693 100.0000 stroke2
movl 0 -19.7030 398.2298 177.4767 158.6459 17.8341 -78.6665 100.0000 stroke2
movl 0 -33.6491 391.0880 178.3379 163.6359 19.4911 -78.4317 100.0000 stroke2
movl 0 -42.9119 394.4534 175.8386 165.3704 19.9356 -74.5858 100.0000 stroke2
movl 0 -41.6476 396.7592 174.8757 165.1974 19.0664 -74.1902 100.0000 stroke2
movl 0 -45.5145 396.6316 174.5678 166.7264 18.0609 -74.2931 100.0000 stroke2
movl 0 -45.1837 398.1743 174.9168 167.2908 16.8767 -75.9200 100.0000 stroke2
movl 0 -45.5027 398.6793 175.0640 167.4291 16.2144 -76.3692 100.0000 stroke2
movl 0 -45.5385 398.6586 175.7571 167.5658 15.4709 -77.0405 100.0000 stroke2
movl 0 -45.5216 399.2374 176.7980 167.7354 14.2673 -77.7012 100.0000 stroke2
movl 0 -45.6157 400.1755 177.5329 168.2213 12.8760 -78.1582 100.0000 stroke2
movl 0 -46.1348 401.8192 178.2496 168.7737 10.8679 -79.3880 100.0000 stroke2
movl 0 -47.3645 403.6351 179.0466 169.9903 8.7300 -80.6645 100.0000 stroke2
movl 0 -50.3628 405.6177 179.6829 171.9106 6.4232 -82.0124 100.0000 stroke2
movl 0 -54.2642 408.3078 179.9260 174.4090 3.7753 -84.1367 100.0000 stroke2
movl 0 -59.2094 411.7411 179.4839 177.5153 0.8924 -86.7526 100.0000 stroke2
movl 0 -62.3849 414.1016 178.9480 179.7304 -0.8196 -89.5675 100.0000 stroke2
movl 0 -65.6039 415.7007 178.3979 -178.1856 -1.8578 -92.0308 100.0000 stroke2
movl 0 -67.2909 417.8181 177.6430 -176.6769 -2.8575 -93.6420 100.0000 stroke2
movl 0 -68.3109 419.2088 177.2294 -175.6769 -3.5545 -94.9189 100.0000 stroke2
movl 0 -71.5381 419.3504 176.5785 -174.0956 -3.5739 -97.7640 100.0000 stroke2
movl 0 -71.7569 419.5970 177.1252 -173.6247 -2.5700 -100.6461 100.0000 stroke2
movl 0 -67.5811 421.7869 177.5336 -174.3380 -2.7737 -102.2382 100.0000 stroke2
movl 0 -68.1007 420.3916 177.7689 -174.5001 -3.0401 -101.4168 100.0000 stroke2
movl 0 -64.6959 420.2056 178.4828 -175.2026 -2.9283 -101.8248 100.0000 stroke2
movl 0 -61.7200 420.8604 178.7123 -175.4338 -3.0627 -102.2649 100.0000 stroke2
movl 0 -59.8163 420.6889 178.9572 -175.6420 -3.1931 -102.0735 100.0000 stroke2
movl 0 -58.5249 420.1533 179.4569 -175.5835 -2.9231 -101.9631 100.0000 stroke2
movl 0 -55.9809 420.1290 179.8175 -175.8930 -3.1050 -102.0794 100.0000 stroke2
movl 0 -53.5565 420.0690 180.3545 -176.1128 -3.1044 -102.2994 100.0000 stroke2
movl 0 -51.0440 420.0045 180.8784 -176.3244 -3.1278 -102.4685 100.0000 stroke2
movl 0 -49.5052 419.6281 181.4628 -176.4422 -3.0496 -102.7788 100.0000 stroke2
movl 0 -47.7855 419.2148 182.0697 -176.6102 -2.9738 -103.1567 100.0000 stroke2
movl 0 -46.7488 418.7291 182.5064 -176.7187 -2.8048 -103.3044 100.0000 stroke2
movl 0 -45.8369 418.0814 183.1345 -176.8802 -2.5880 -103.3927 100.0000 stroke2
movl 0 -44.2821 417.9830 183.7028 -177.0194 -2.5618 -103.7322 100.0000 stroke2
movl 0 -41.7649 417.9268 184.7669 -177.6154 -2.6826 -104.0272 100.0000 stroke2
movl 0 -40.8454 417.2674 185.4968 -177.8321 -2.4992 -104.1760 100.0000 stroke2
movl 0 -36.5995 416.1781 187.1262 -179.4377 -2.3831 -104.2856 100.0000 stroke2
movl 0 4.9499 403.8375 214.1988 162.2853 0.8266 -104.1865 100.0000 stroke2
movl 0 -9.8018 404.2139 193.0376 148.1403 -25.8450 -139.5960 100.0000 stroke3
movl 0 -13.1434 398.3902 169.9025 160.2388 -30.8732 -156.4370 100.0000 stroke3
movl 0 -18.0584 393.6808 172.5178 164.6871 -27.5214 -165.0193 100.0000 stroke3
movl 0 -22.0027 397.0893 171.0528 168.4195 -26.4719 -168.8023 100.0000 stroke3
movl 0 -20.8131 400.3671 169.7747 172.3286 -27.9822 -175.1962 100.0000 stroke3
movl 0 -20.8092 402.1124 168.6364 176.8748 -29.7255 177.6142 100.0000 stroke3
movl 0 -23.1225 402.9083 168.1112 177.4371 -28.4933 176.5299 100.0000 stroke3
movl 0 -25.7218 402.4864 169.0959 177.8318 -26.4565 175.0746 100.0000 stroke3
movl 0 -27.0007 402.0077 169.8242 178.1647 -25.2487 173.9632 100.0000 stroke3
movl 0 -28.6642 401.2752 170.1177 177.7401 -24.5091 173.7317 100.0000 stroke3
movl 0 -28.9179 401.1153 170.0588 177.0360 -24.1511 174.0081 100.0000 stroke3
movl 0 -28.4203 400.7429 170.3308 176.6280 -23.9091 173.9260 100.0000 stroke3
movl 0 -26.7952 400.8472 170.6384 176.4153 -23.6407 173.3899 100.0000 stroke3
movl 0 -24.4161 401.7595 170.6299 176.5809 -23.4444 172.3935 100.0000 stroke3
movl 0 -22.1388 402.4180 170.6693 176.6651 -23.1613 171.0170 100.0000 stroke3
movl 0 -21.2680 400.8490 171.2885 176.0834 -23.8498 171.5012 100.0000 stroke3
movl 0 -20.6051 400.2517 171.7355 175.7459 -24.0621 171.6572 100.0000 stroke3
movl 0 -21.1233 400.5900 171.9407 176.6046 -23.4690 170.9943 100.0000 stroke3
movl 0 -20.1575 400.4639 171.5109 176.9992 -24.5906 171.8657 100.0000 stroke3
movl 0 -17.1652 389.4752 176.7522 168.7081 -29.6166 178.9670 100.0000 stroke3
movl 0 -16.3538 382.1794 216.8576 154.4170 -30.4527 -168.1927 100.0000 stroke3
movl 0 -6.1431 393.2652 199.1738 149.7443 -31.4885 -151.2843 100.0000 stroke4
movl 0 -5.2709 389.7883 168.0509 156.3096 -31.7877 -155.8287 100.0000 stroke4
movl 0 -7.0816 388.3168 170.6830 162.0203 -30.6750 -163.7066 100.0000 stroke4
movl 0 -15.9651 388.1072 171.4452 165.2353 -28.4902 -166.4872 100.0000 stroke4
movl 0 -23.0160 388.0823 169.4482 164.1994 -27.0015 -163.2623 100.0000 stroke4
movl 0 -25.3127 389.9677 168.3573 165.0338 -26.9327 -162.5433 100.0000 stroke4
movl 0 -29.9689 391.8591 167.6158 168.1782 -25.5409 -165.5249 100.0000 stroke4
movl 0 -31.1552 394.6702 167.5208 171.7921 -25.0993 -169.7476 100.0000 stroke4
movl 0 -31.3764 395.6671 167.6827 173.9937 -25.0068 -172.7330 100.0000 stroke4
movl 0 -31.2382 396.4799 168.0827 176.3356 -25.0570 -175.8958 100.0000 stroke4
movl 0 -31.4653 397.6970 168.5050 179.1735 -24.7660 -179.1253 100.0000 stroke4
movl 0 -32.1326 398.3331 168.8234 -178.2208 -24.3231 178.0484 100.0000 stroke4
movl 0 -33.0411 398.1330 169.2490 -176.1646 -23.8608 175.8023 100.0000 stroke4
movl 0 -30.4275 395.9310 170.3709 -177.5267 -24.7316 175.1025 100.0000 stroke4
movl 0 -30.7701 396.3149 169.9791 -176.0532 -24.3544 174.3723 100.0000 stroke4
movl 0 -30.2298 394.9821 170.4630 -177.2745 -24.6808 174.3751 100.0000 stroke4
movl 0 -27.2491 390.0940 171.5613 176.6935 -26.7511 177.5100 100.0000 stroke4
movl 0 -31.8324 378.0849 217.1834 156.8835 -26.6935 -170.1634 100.0000 stroke4
movl 0 -5.5432 386.8897 192.0534 158.0242 -30.2334 -163.1742 100.0000 stroke5
movl 0 -8.1181 379.4256 174.7412 160.8836 -28.2533 -166.8306 100.0000 stroke5
movl 0 -16.5635 382.3095 174.8246 165.9379 -26.9805 -170.6887 100.0000 stroke5
movl 0 -25.8563 381.2242 174.2265 165.9033 -25.7354 -169.5685 100.0000 stroke5
movl 0 -29.5773 381.8485 173.7570 167.6039 -25.0172 -170.7298 100.0000 stroke5
movl 0 -30.8183 382.5689 173.0709 167.8917 -25.0125 -170.6047 100.0000 stroke5
movl 0 -34.8051 382.5118 172.3244 168.4446 -23.3670 -171.1761 100.0000 stroke5
movl 0 -38.1027 382.2695 172.6255 168.9575 -21.5182 -172.2891 100.0000 stroke5
movl 0 -37.3588 382.8387 172.6379 169.4196 -21.3165 -173.7637 100.0000 stroke5
movl 0 -35.2392 384.4302 172.6222 170.2062 -21.1644 -175.7485 100.0000 stroke5
movl 0 -32.3424 386.6603 172.4673 171.2180 -21.1519 -178.2525 100.0000 stroke5
movl 0 -29.6833 386.4571 172.8321 171.3082 -22.1815 -179.0762 100.0000 stroke5
movl 0 -29.1520 388.6772 172.2610 172.9919 -22.4652 178.9482 100.0000 stroke5
movl 0 -28.7240 391.7367 171.5646 176.4572 -22.0499 174.1995 100.0000 stroke5
movl 0 -30.7040 392.9218 171.6276 178.4665 -21.7388 171.4742 100.0000 stroke5
movl 0 -31.0117 394.5603 171.4256 -178.1333 -21.7493 168.3499 100.0000 stroke5
movl 0 -31.2429 394.6028 171.4934 -174.8858 -21.6539 165.4419 100.0000 stroke5
movl 0 -30.0984 393.0750 172.2263 -174.8157 -22.1889 164.4757 100.0000 stroke5
movl 0 -29.6225 392.6932 172.1207 -174.6157 -22.3704 163.8357 100.0000 stroke5
movl 0 -25.7155 386.9618 174.7405 -178.5864 -24.9606 163.8788 100.0000 stroke5
movl 0 -20.7976 376.7428 204.7546 167.6657 -29.5249 174.1926 100.0000 stroke5
movl 0 -8.8827 383.3771 203.0430 160.6230 -31.4834 -169.6534 100.0000 stroke6
movl 0 -7.8073 379.5758 175.6520 167.6060 -31.8624 -177.3508 100.0000 stroke6
movl 0 -18.4617 376.0109 176.6780 171.5994 -28.1754 177.2600 100.0000 stroke6
movl 0 -25.8452 375.1054 176.6214 173.5462 -26.2393 175.3881 100.0000 stroke6
movl 0 -33.7760 371.7554 176.1936 173.1250 -25.0312 177.0991 100.0000 stroke6
movl 0 -34.8758 373.3262 174.9651 173.4808 -24.8696 177.2152 100.0000 stroke6
movl 0 -39.5398 372.5406 174.6045 173.2264 -22.9876 176.7353 100.0000 stroke6
movl 0 -44.2284 370.6983 174.7340 172.8671 -20.7393 175.8512 100.0000 stroke6
movl 0 -45.8627 370.2999 174.8014 172.7025 -19.9052 175.4954 100.0000 stroke6
movl 0 -45.5199 370.7732 174.8505 172.8905 -19.4889 174.5123 100.0000 stroke6
movl 0 -44.1275 371.2443 175.0021 173.1927 -19.2650 173.2833 100.0000 stroke6
movl 0 -43.2631 372.0507 174.9679 173.5480 -18.6709 171.8566 100.0000 stroke6
movl 0 -41.8047 372.8007 175.0460 173.8447 -18.8050 171.0118 100.0000 stroke6
movl 0 -39.9036 372.1879 175.5680 173.5545 -19.7503 171.2201 100.0000 stroke6
movl 0 -39.6767 373.2101 175.5508 174.9312 -19.3274 170.3056 100.0000 stroke6
movl 0 -39.4970 373.8633 175.3044 175.3609 -19.7610 170.5859 100.0000 stroke6
movl 0 -30.6117 370.2239 179.4550 169.2525 -26.3291 176.9837 100.0000 stroke6
movl 0 -25.5660 365.3992 242.7202 151.2816 -28.7171 -170.3366 100.0000 stroke6
movl 0 -0.0061 378.2980 199.6949 158.2797 -28.8261 -164.4933 100.0000 stroke7
movl 0 -2.4809 372.0493 173.3071 161.9477 -27.8128 -169.0003 100.0000 stroke7
movl 0 -6.5018 371.5661 175.3972 163.4321 -25.2580 -173.4075 100.0000 stroke7
movl 0 -14.0760 371.8457 174.7580 165.0246 -24.5095 -174.2206 100.0000 stroke7
movl 0 -19.0358 371.8300 173.9777 165.6626 -23.4343 -174.9143 100.0000 stroke7
movl 0 -19.3561 373.2521 173.2804 166.3839 -23.4862 -175.6435 100.0000 stroke7
movl 0 -22.8059 374.1360 172.7000 167.3359 -22.0541 -176.7597 100.0000 stroke7
movl 0 -25.4152 373.7598 172.7329 167.5852 -20.6272 -178.4537 100.0000 stroke7
movl 0 -23.4650 374.7562 172.5902 167.9403 -20.4936 179.7367 100.0000 stroke7
movl 0 -18.0577 378.2015 172.2979 169.1560 -20.5016 175.8041 100.0000 stroke7
movl 0 -15.3610 379.4263 172.1765 170.1134 -21.6281 174.4099 100.0000 stroke7
movl 0 -12.7104 383.0823 171.4223 173.3364 -22.2148 170.4473 100.0000 stroke7
movl 0 -9.4298 386.7700 170.4937 176.7899 -22.5037 166.3468 100.0000 stroke7
movl 0 -9.3706 389.5264 169.9383 179.3059 -22.8128 164.6653 100.0000 stroke7
movl 0 -7.6179 391.5879 170.0761 -177.7373 -22.5596 161.9579 100.0000 stroke7
movl 0 -7.5943 394.2233 170.5060 -173.5888 -21.4405 157.9968 100.0000 stroke7
movl 0 -7.9764 396.1566 170.4098 -170.6760 -20.6228 156.0550 100.0000 stroke7
movl 0 -8.9143 396.9607 170.3495 -168.8811 -20.2003 155.9319 100.0000 stroke7
movl 0 -6.9643 393.5400 171.3888 -171.0995 -21.5726 157.1923 100.0000 stroke7
movl 0 -5.4670 391.7022 171.8709 -172.2149 -22.1281 157.9428 100.0000 stroke7
movl 0 -6.6399 392.3469 171.6706 -171.4640 -21.5668 158.2091 100.0000 stroke7
movl 0 -4.0924 386.2150 173.1917 -176.0306 -24.0419 161.8853 100.0000 stroke7
movl 0 -2.2278 380.5918 173.8092 179.1433 -25.4114 165.2140 100.0000 stroke7
movl 0 -3.3300 382.5977 172.3902 179.8976 -25.0704 165.6666 100.0000 stroke7
movl 0 -5.3192 387.2141 170.9182 -176.8501 -24.2106 164.9449 100.0000 stroke7
movl 0 -5.9908 388.2093 170.4733 -175.9277 -24.1462 165.0656 100.0000 stroke7
movl 0 -6.0667 387.8772 170.4234 -175.8876 -24.4365 165.4891 100.0000 stroke7
movl 0 -3.9007 385.0775 170.8183 -177.8856 -26.4482 167.0864 100.0000 stroke7
movl 0 5.0193 366.2942 180.4100 162.0978 -31.3260 -179.5622 100.0000 stroke7
movl 0 -2.0955 355.9090 241.1100 138.4886 -23.8997 -159.7745 100.0000 stroke7
movl 0 -3.6478 410.7689 197.4490 173.9130 -33.3533 -172.6324 100.0000 stroke8
movl 0 1.0004 387.0646 169.1450 170.8030 -31.4137 -173.8156 100.0000 stroke8
movl 0 -2.4542 384.7185 172.4096 172.8107 -28.7516 -179.3612 100.0000 stroke8
movl 0 -6.9264 382.9109 172.9991 172.1541 -26.9287 179.3404 100.0000 stroke8
movl 0 -8.5620 385.5803 170.9031 171.5189 -28.0545 -179.9314 100.0000 stroke8
movl 0 -9.2348 386.6801 169.8083 172.4709 -27.8694 178.9628 100.0000 stroke8
movl 0 -13.8240 390.0202 168.8973 175.0904 -26.0050 176.3232 100.0000 stroke8
movl 0 -15.7801 389.8698 169.4845 177.4640 -24.7014 171.8972 100.0000 stroke8
movl 0 -15.6445 391.0873 169.5799 179.5976 -24.2537 168.4863 100.0000 stroke8
movl 0 -17.5345 390.5765 170.1482 -178.9015 -23.8957 166.8361 100.0000 stroke8
movl 0 -20.0055 389.0357 171.0097 -178.1016 -23.0352 164.5561 100.0000 stroke8
movl 0 -21.8010 388.0933 171.6571 -177.1141 -22.2030 162.4792 100.0000 stroke8
movl 0 -22.5488 387.6750 172.0696 -176.1059 -21.7562 160.6981 100.0000 stroke8
movl 0 -23.1983 387.5094 172.5361 -174.9833 -21.1968 159.2613 100.0000 stroke8
movl 0 -24.1341 387.3163 172.8225 -174.0596 -20.6297 158.1579 100.0000 stroke8
movl 0 -25.1700 387.4339 172.9391 -172.9692 -19.9854 156.9497 100.0000 stroke8
movl 0 -26.0118 387.3632 173.0257 -171.8831 -19.3297 155.5184 100.0000 stroke8
movl 0 -26.7548 387.1602 173.1476 -170.7746 -18.6928 154.0873 100.0000 stroke8
movl 0 -27.4402 386.9915 173.3193 -169.5900 -17.7543 152.1915 100.0000 stroke8
movl 0 -28.3189 387.1670 173.4210 -168.3482 -16.7211 150.6637 100.0000 stroke8
movl 0 -29.1161 386.8899 173.3968 -167.2489 -15.7975 149.0955 100.0000 stroke8
movl 0 -30.1256 386.6273 173.2378 -166.1246 -14.4103 147.4756 100.0000 stroke8
movl 0 -31.1805 386.9123 173.0939 -165.0900 -13.2558 145.9441 100.0000 stroke8
movl 0 -32.5249 386.5164 172.9623 -164.3713 -12.1633 144.9121 100.0000 stroke8
movl 0 -33.7083 386.7426 172.8238 -163.6870 -11.1092 144.4531 100.0000 stroke8
movl 0 -34.8934 386.7701 172.6395 -163.0185 -10.1839 143.7614 100.0000 stroke8
movl 0 -36.0326 386.6613 172.6919 -162.6759 -9.5382 143.8699 100.0000 stroke8
movl 0 -37.1576 386.0315 172.7723 -162.5691 -9.1861 144.1492 100.0000 stroke8
movl 0 -35.3512 384.0771 174.0262 -163.3799 -10.1736 143.7411 100.0000 stroke8
movl 0 -34.7752 383.7255 174.2495 -163.4156 -10.0910 143.4897 100.0000 stroke8
movl 0 -36.2822 383.1025 174.1051 -163.0689 -9.5253 144.0210 100.0000 stroke8
movl 0 -33.8056 381.6993 175.2908 -163.6742 -10.5341 143.3265 100.0000 stroke8
movl 0 -31.7519 380.9853 175.7952 -163.7384 -11.2008 143.0043 100.0000 stroke8
movl 0 -33.2841 380.5080 175.5350 -163.3689 -10.5163 143.3455 100.0000 stroke8
movl 0 -30.6236 379.8323 176.3856 -163.3896 -11.4618 142.7500 100.0000 stroke8
movl 0 -31.7997 379.3291 176.1486 -163.3815 -11.1565 142.8470 100.0000 stroke8
movl 0 -28.6409 377.9877 177.5332 -164.2073 -13.0159 141.8504 100.0000 stroke8
movl 0 -20.9224 376.4284 186.7723 -166.5478 -18.6838 140.8386 100.0000 stroke8
