movl 0 -28.6709 402.0232 161.1156 -151.9852 -7.6329 82.2367 100.0000 stroke1
movl 0 -28.4156 402.1241 161.1358 -151.7322 -7.4758 81.8634 100.0000 stroke1
movl 0 -28.0470 402.1558 161.1699 -151.7784 -7.4188 81.0299 100.0000 stroke1
movl 0 -28.2292 402.5261 161.0578 -151.9012 -6.7843 80.4686 100.0000 stroke1
movl 0 -28.4867 402.9385 160.9753 -151.8189 -6.1724 80.1769 100.0000 stroke1
movl 0 -28.7519 403.1471 160.9007 -151.7130 -5.8744 80.0010 100.0000 stroke1
movl 0 -28.3273 403.2407 160.8647 -151.8860 -5.8008 79.1637 100.0000 stroke1
movl 0 -28.6103 403.6110 160.9432 -152.4552 -4.8951 78.1894 100.0000 stroke1
movl 0 -28.2660 403.4727 160.9430 -152.3556 -4.4386 77.9069 100.0000 stroke1
movl 0 -28.7055 403.1997 161.0639 -152.0702 -4.3959 78.1410 100.0000 stroke1
movl 0 -29.0755 402.6390 161.2254 -151.7817 -4.4959 78.5362 100.0000 stroke1
movl 0 -29.4788 402.1131 161.4292 -151.5518 -4.4960 78.9342 100.0000 stroke1
movl 0 -29.3798 401.7816 161.5646 -151.2457 -4.4103 79.1749 100.0000 stroke1
movl 0 -29.1737 401.2772 161.7119 -150.8196 -4.4440 79.4044 100.0000 stroke1
movl 0 -26.6799 398.0193 163.1011 -148.9632 -5.3199 79.3317 100.0000 stroke1
movl 0 -27.6980 376.8852 197.9542 -142.3433 -11.9443 79.1861 100.0000 stroke1
movl 0 -32.6506 374.5278 220.4361 -140.6993 -8.5440 70.2539 100.0000 stroke2
movl 0 -27.7244 380.6739 167.0577 -145.3478 4.2521 60.2645 100.0000 stroke2
movl 0 -29.0469 380.9136 169.2927 -147.8685 6.1840 55.0045 100.0000 stroke2
movl 0 -28.6228 384.3044 166.4295 -149.3923 7.9908 53.6092 100.0000 stroke2
movl 0 -30.0625 385.8918 165.7575 -149.8929 8.7794 53.8276 100.0000 stroke2
movl 0 -35.2283 386.6868 165.0087 -151.7213 8.5425 54.0291 100.0000 stroke2
movl 0 -36.7690 387.8610 165.0114 -153.4222 9.2658 52.7619 100.0000 stroke2
movl 0 -37.7247 388.2784 165.3788 -154.6775 9.9885 51.4079 100.0000 stroke2
movl 0 -38.6553 388.6178 165.8783 -156.0004 10.9372 49.7900 100.0000 stroke2
movl 0 -40.0204 387.4209 166.2074 -155.8170 10.1171 49.1114 100.0000 stroke2
movl 0 -40.9482 386.9041 166.1605 -155.7830 9.3759 48.3829 100.0000 stroke2
movl 0 -41.2311 386.7248 166.0226 -155.7389 8.9114 47.9926 100.0000 stroke2
movl 0 -41.7274 385.7296 166.2453 -155.5767 8.8172 48.5894 100.0000 stroke2
movl 0 -42.3515 385.3010 166.2078 -155.5946 8.2006 48.2996 100.0000 stroke2
movl 0 -42.7104 385.0231 166.1529 -155.7201 7.4069 46.9732 100.0000 stroke2
movl 0 -42.1255 383.8748 166.6569 -155.2982 7.6306 48.1233 100.0000 stroke2
movl 0 -42.7776 383.9404 166.5476 -155.4712 7.2783 47.9831 100.0000 stroke2
movl 0 -41.2686 384.7959 166.4975 -155.5247 7.1325 46.1548 100.0000 stroke2
movl 0 -39.5553 385.6009 166.5901 -155.3755 7.1279 45.1591 100.0000 stroke2
movl 0 -37.8549 386.4019 166.6610 -155.2278 7.3306 44.3835 100.0000 stroke2
movl 0 -35.3740 386.7021 167.0910 -154.7794 7.3974 43.4199 100.0000 stroke2
movl 0 -24.5092 383.4717 173.1475 -150.0588 6.5837 42.4593 100.0000 stroke2
movl 0 -10.6965 377.1572 214.0461 -139.8733 -2.2302 46.8806 100.0000 stroke2
movl 0 -8.0982 392.8549 210.0201 -139.3332 4.7315 48.1693 100.0000 stroke3
movl 0 -12.7468 389.2942 168.3324 -144.0573 11.5897 44.2814 100.0000 stroke3
movl 0 -17.4257 387.5669 165.1179 -146.4819 10.6933 42.3666 100.0000 stroke3
movl 0 -19.6539 387.4441 163.6505 -147.1834 8.5907 40.9658 100.0000 stroke3
movl 0 -20.6229 388.6565 162.4673 -147.1346 7.4390 41.3105 100.0000 stroke3
movl 0 -22.3124 389.8649 161.3858 -147.4269 6.5214 41.7517 100.0000 stroke3
movl 0 -23.0079 393.8391 161.3775 -150.5379 8.5113 39.1153 100.0000 stroke3
movl 0 -23.6817 395.5972 161.5271 -151.9987 10.1792 37.7440 100.0000 stroke3
movl 0 -23.1202 396.4128 162.3086 -153.3579 12.2126 36.1287 100.0000 stroke3
movl 0 -22.0738 397.5165 163.3597 -155.3875 14.9490 33.4939 100.0000 stroke3
movl 0 -21.3533 399.6468 164.4705 -158.6894 18.1232 29.4185 100.0000 stroke3
movl 0 -21.5363 402.2411 165.5314 -163.0334 20.7538 24.6532 100.0000 stroke3
movl 0 -22.4179 404.5930 166.2230 -167.4945 22.4126 19.9829 100.0000 stroke3
movl 0 -21.2260 402.1979 167.0735 -165.5721 21.9652 20.4956 100.0000 stroke3
movl 0 -21.8513 402.6168 167.3550 -167.3040 22.2480 19.3685 100.0000 stroke3
movl 0 -22.4594 402.2626 167.5220 -167.3625 21.9647 19.1778 100.0000 stroke3
movl 0 -22.0373 400.4705 167.8509 -165.8583 21.5722 20.0251 100.0000 stroke3
movl 0 -23.5360 399.8377 168.0449 -165.6197 21.0254 20.4649 100.0000 stroke3
movl 0 -32.9897 372.2920 176.3157 -146.1341 7.1751 35.7712 100.0000 stroke3
movl 0 -12.8514 375.2490 235.8436 -136.2073 1.6819 42.7178 100.0000 stroke4
movl 0 -11.3960 382.8629 172.5342 -142.4660 6.8261 39.0278 100.0000 stroke4
movl 0 -24.2823 379.4298 170.6987 -146.9664 6.5856 34.8780 100.0000 stroke4
movl 0 -27.7076 382.2586 167.7682 -148.7734 6.7261 34.2136 100.0000 stroke4
movl 0 -29.0241 384.0523 166.9759 -149.5458 6.8720 34.8985 100.0000 stroke4
movl 0 -29.7604 385.8494 166.3014 -150.4220 7.0564 35.2037 100.0000 stroke4
movl 0 -31.9187 386.9028 166.2671 -151.9617 6.4668 34.3270 100.0000 stroke4
movl 0 -32.8031 386.6915 166.3294 -152.3190 5.8008 33.8612 100.0000 stroke4
movl 0 -33.5895 386.5386 166.2903 -152.5141 5.2778 33.3208 100.0000 stroke4
movl 0 -32.7799 386.7363 166.4710 -152.7504 5.1060 32.0168 100.0000 stroke4
movl 0 -31.5390 387.9627 166.5017 -153.3523 5.0418 29.7764 100.0000 stroke4
movl 0 -29.9374 389.8968 166.2810 -154.1149 5.0631 27.1281 100.0000 stroke4
movl 0 -29.6979 390.1141 166.2036 -154.2148 5.0400 26.5771 100.0000 stroke4
movl 0 -29.1099 389.8359 166.3032 -154.0046 5.2208 26.6968 100.0000 stroke4
movl 0 -27.6717 388.4056 166.7435 -152.9582 5.5154 27.0355 100.0000 stroke4
movl 0 -27.0389 388.1795 166.8431 -152.6571 5.6774 27.0349 100.0000 stroke4
movl 0 -26.2959 388.0201 166.8875 -152.5024 5.8664 27.1328 100.0000 stroke4
movl 0 -26.5396 389.0240 166.9801 -153.7821 6.1728 26.7817 100.0000 stroke4
movl 0 -25.7913 389.9920 166.9080 -154.3422 6.5666 26.4446 100.0000 stroke4
movl 0 -26.4100 389.8030 166.8962 -154.3030 6.6989 27.3186 100.0000 stroke4
movl 0 -26.4112 389.4540 167.1941 -154.0822 6.9128 28.0391 100.0000 stroke4
movl 0 -25.7980 385.4208 170.5601 -151.6874 6.5801 30.6651 100.0000 stroke4
movl 0 -35.2264 362.3248 227.9966 -140.8733 -4.2823 42.4081 100.0000 stroke4
movl 0 -22.4770 376.2822 187.4300 -146.0759 -3.2505 56.0009 100.0000 stroke5
movl 0 -25.5382 381.4440 171.8795 -150.8973 -0.6190 52.1097 100.0000 stroke5
movl 0 -29.7335 383.2353 170.4610 -151.9259 -1.0488 51.9581 100.0000 stroke5
movl 0 -29.3491 384.9863 169.3435 -151.8338 -0.4529 51.8551 100.0000 stroke5
movl 0 -29.6809 386.2501 168.7424 -152.1799 -0.1340 51.7141 100.0000 stroke5
movl 0 -31.4355 387.2851 168.4375 -153.4785 -0.2895 50.9310 100.0000 stroke5
movl 0 -32.2419 387.1295 168.6111 -154.0335 -0.3735 50.2149 100.0000 stroke5
movl 0 -33.0583 386.8129 168.6419 -154.3458 -1.0597 49.5740 100.0000 stroke5
movl 0 -30.2574 387.8992 168.8820 -154.6948 -0.7155 47.1059 100.0000 stroke5
movl 0 -27.1690 389.7882 168.9323 -155.4308 -0.3144 43.9902 100.0000 stroke5
movl 0 -26.4230 390.3983 168.7578 -155.5291 -0.1992 43.2473 100.0000 stroke5
movl 0 -24.4309 387.8543 169.4180 -153.8596 -0.5162 43.7284 100.0000 stroke5
movl 0 -25.1675 388.9105 169.4094 -154.7421 -0.1599 43.7472 100.0000 stroke5
movl 0 -24.5771 390.1386 169.5728 -155.5839 0.5046 43.4646 100.0000 stroke5
movl 0 -22.0984 381.3285 176.1527 -148.8590 -0.1242 50.2986 100.0000 stroke5
movl 0 -19.1626 373.6686 189.6182 -146.9591 -3.2365 58.4951 100.0000 stroke6
movl 0 -20.9728 379.2978 172.6554 -150.9923 -0.7682 53.5106 100.0000 stroke6
movl 0 -25.1803 378.1482 172.2702 -152.3929 -0.1402 52.3418 100.0000 stroke6
movl 0 -27.2973 377.6850 171.4174 -151.9186 0.0500 52.0160 100.0000 stroke6
movl 0 -29.1860 378.0010 170.5858 -152.0907 -0.0634 51.9596 100.0000 stroke6
movl 0 -30.6535 379.7728 169.5952 -152.7393 -0.0089 51.6177 100.0000 stroke6
movl 0 -31.9161 380.0996 169.2373 -153.3115 -0.3663 51.0078 100.0000 stroke6
movl 0 -33.5655 380.4029 169.3714 -154.5542 -0.4118 50.1292 100.0000 stroke6
movl 0 -34.2919 380.1677 169.4177 -154.6918 -0.7621 49.6511 100.0000 stroke6
movl 0 -31.3867 381.1312 169.6212 -154.9146 -0.5233 47.5040 100.0000 stroke6
movl 0 -27.6101 383.0417 169.6507 -155.4687 -0.0973 44.5543 100.0000 stroke6
movl 0 -25.7412 384.7655 169.4215 -156.1273 0.1241 42.6453 100.0000 stroke6
movl 0 -23.6683 382.6348 170.2238 -154.6916 0.0875 42.7856 100.0000 stroke6
movl 0 -24.0028 384.0668 170.0812 -155.8651 0.5491 42.6812 100.0000 stroke6
movl 0 -25.0436 383.8486 170.0724 -155.8505 0.7267 43.8011 100.0000 stroke6
movl 0 -21.9077 376.7124 175.5043 -150.3385 1.5105 46.9126 100.0000 stroke6
movl 0 -13.9389 372.1990 193.1061 -146.9413 2.2396 54.3122 100.0000 stroke7
movl 0 -21.9715 374.2375 172.9389 -151.1918 2.7851 50.3239 100.0000 stroke7
movl 0 -28.1821 374.9614 171.4243 -153.1543 1.9478 50.0666 100.0000 stroke7
movl 0 -29.1615 375.8957 170.5634 -153.0354 2.3134 49.9225 100.0000 stroke7
movl 0 -29.0954 376.8733 169.9762 -153.2254 2.8089 49.8036 100.0000 stroke7
movl 0 -31.9565 377.9135 169.8360 -155.3962 2.2120 48.3344 100.0000 stroke7
movl 0 -33.3082 377.3261 170.0100 -155.8252 1.5372 47.3442 100.0000 stroke7
movl 0 -29.7706 378.4806 170.2190 -156.1044 2.0310 44.9771 100.0000 stroke7
movl 0 -23.9308 380.5306 170.3500 -156.7045 2.6031 41.1857 100.0000 stroke7
movl 0 -17.0623 383.2726 170.1196 -157.3699 3.4477 37.7809 100.0000 stroke7
movl 0 -12.4098 381.9994 170.5129 -155.6096 4.6378 37.9013 100.0000 stroke7
movl 0 -7.5176 388.0570 168.9612 -157.2132 7.8059 36.8611 100.0000 stroke7
movl 0 -1.5967 393.5702 167.8725 -159.2578 11.1847 34.0988 100.0000 stroke7
movl 0 2.1635 397.9804 166.7317 -160.3149 14.2781 33.2298 100.0000 stroke7
movl 0 2.9239 400.8087 167.3734 -162.6247 16.7848 31.9179 100.0000 stroke7
movl 0 2.9259 403.3688 167.5483 -164.9789 19.0723 30.9799 100.0000 stroke7
movl 0 1.9820 405.4040 167.4767 -166.8393 20.7076 31.0331 100.0000 stroke7
movl 0 0.3042 406.3962 167.2030 -167.7475 21.4945 31.9965 100.0000 stroke7
movl 0 -2.4895 405.4851 167.5963 -167.5200 21.3763 33.9812 100.0000 stroke7
movl 0 -1.9652 404.0000 167.9911 -166.3329 20.7853 34.9651 100.0000 stroke7
movl 0 -1.0044 401.2848 168.7174 -164.2920 19.2360 37.0874 100.0000 stroke7
movl 0 -0.1383 398.8567 169.1298 -162.5531 17.7764 38.7210 100.0000 stroke7
movl 0 0.6830 397.9621 169.2142 -161.7869 17.2181 39.4081 100.0000 stroke7
movl 0 0.9640 397.4265 169.3075 -161.4916 17.0011 39.5281 100.0000 stroke7
movl 0 0.6826 397.4019 169.2540 -161.4882 16.9874 39.8794 100.0000 stroke7
movl 0 -0.5726 394.3990 170.2233 -160.6548 15.9017 40.9799 100.0000 stroke7
movl 0 -2.7438 382.4330 173.5882 -157.3490 10.6908 40.5601 100.0000 stroke7
movl 0 -8.3300 382.0123 173.0558 -158.5375 9.3826 40.3209 100.0000 stroke7
movl 0 -11.7292 384.2816 172.2294 -159.8536 10.5197 42.6714 100.0000 stroke7
movl 0 -13.6330 384.1464 171.7045 -159.7282 10.3549 45.0623 100.0000 stroke7
movl 0 -14.0805 383.7275 171.3698 -159.1158 9.8157 47.1784 100.0000 stroke7
movl 0 -14.0196 383.1048 171.3770 -158.3829 9.3160 48.3118 100.0000 stroke7
movl 0 -12.4803 381.6880 171.5358 -156.8290 8.8066 49.4286 100.0000 stroke7
movl 0 2.0742 359.8563 183.5457 -144.4739 3.9692 49.7555 100.0000 stroke7
movl 0 -3.9425 313.9826 247.6176 -126.5001 -24.3948 54.3425 100.0000 stroke7
movl 0 -4.3265 405.5385 195.7076 -141.5020 -15.2877 80.5346 100.0000 stroke8
movl 0 -1.8205 409.9233 167.9652 -144.5976 -7.5614 74.9140 100.0000 stroke8
movl 0 -6.5188 413.4481 169.8640 -148.8616 -3.6407 73.4333 100.0000 stroke8
movl 0 -4.4304 412.5184 169.2313 -148.1878 -3.9041 72.7759 100.0000 stroke8
movl 0 -5.3518 413.5135 169.7619 -149.3280 -1.5436 71.0440 100.0000 stroke8
movl 0 -4.1585 415.0926 170.8263 -150.4161 2.3025 67.2053 100.0000 stroke8
movl 0 -4.3331 414.0081 170.3491 -150.0443 1.2506 67.3288 100.0000 stroke8
movl 0 -6.3597 410.9636 168.6230 -149.3082 -2.7610 69.4251 100.0000 stroke8
movl 0 -6.8348 411.6385 168.4270 -149.9193 -2.5392 69.9219 100.0000 stroke8
movl 0 -9.9637 413.5135 168.1265 -151.2316 -1.7566 70.4186 100.0000 stroke8
movl 0 -10.8081 413.8168 167.2425 -151.5015 -2.2159 70.1585 100.0000 stroke8
movl 0 -15.6849 415.6445 166.5971 -154.0725 -1.2320 68.8026 100.0000 stroke8
movl 0 -13.2617 417.6106 166.2945 -154.3493 1.1487 66.3635 100.0000 stroke8
movl 0 -14.1733 418.4573 166.6338 -154.8105 2.6704 65.2825 100.0000 stroke8
movl 0 -15.0561 418.6644 167.0135 -155.3082 3.8287 64.5557 100.0000 stroke8
movl 0 -14.9905 419.2361 167.4061 -155.7091 5.1669 63.6803 100.0000 stroke8
movl 0 -15.5645 419.8871 167.9274 -156.6171 6.8467 62.3209 100.0000 stroke8
movl 0 -15.9734 420.7901 168.3903 -157.7118 9.1228 60.3602 100.0000 stroke8
movl 0 -16.6375 422.0874 168.8130 -159.1874 11.4462 58.2127 100.0000 stroke8
movl 0 -17.6159 423.2448 169.0535 -160.7660 13.2840 56.4646 100.0000 stroke8
movl 0 -19.0101 424.0703 169.2509 -162.1993 14.7537 55.6031 100.0000 stroke8
movl 0 -16.2853 419.8610 170.5129 -160.1638 13.1839 54.5982 100.0000 stroke8
movl 0 -16.4046 419.4570 170.5172 -160.1818 13.3082 54.6450 100.0000 stroke8
movl 0 -18.0486 418.3037 170.9779 -160.4972 12.7359 54.3125 100.0000 stroke8
movl 0 -12.1963 403.5233 177.3994 -150.4259 4.1778 56.9596 100.0000 stroke8
movl 0 -15.2996 383.3042 191.8896 -144.4788 7.3523 57.4231 100.0000 stroke9
movl 0 -18.1377 383.3823 173.2446 -149.4333 10.6734 53.5492 100.0000 stroke9
movl 0 -25.0557 381.2203 172.5902 -152.5716 9.4251 51.9543 100.0000 stroke9
movl 0 -27.6222 380.5807 172.0231 -153.1482 8.8938 51.4701 100.0000 stroke9
movl 0 -29.9905 380.7592 171.1733 -153.5944 8.2756 51.0268 100.0000 stroke9
movl 0 -32.8061 381.8369 170.2888 -154.9746 8.4094 50.4582 100.0000 stroke9
movl 0 -35.1094 383.9401 169.9284 -157.1639 9.9983 49.9190 100.0000 stroke9
movl 0 -36.8597 385.3419 169.7327 -158.7798 11.1360 49.6154 100.0000 stroke9
movl 0 -38.2591 385.8332 169.6658 -159.7391 11.7486 50.1058 100.0000 stroke9
movl 0 -36.4593 384.0279 170.4120 -158.4098 10.7400 50.0367 100.0000 stroke9
movl 0 -36.6266 384.2473 170.1759 -158.5444 10.7837 50.4797 100.0000 stroke9
movl 0 -37.7731 383.7236 170.2766 -158.6554 10.2934 50.4302 100.0000 stroke9
movl 0 -37.7175 382.5671 170.4185 -157.9327 9.2835 49.9421 100.0000 stroke9
movl 0 -37.3686 382.4483 170.3808 -157.4694 8.7755 49.7562 100.0000 stroke9
movl 0 -37.4525 382.1096 170.3866 -157.2349 8.2286 49.6543 100.0000 stroke9
movl 0 -36.6875 381.9569 170.4535 -156.8670 8.0110 49.5544 100.0000 stroke9
movl 0 -34.9608 382.0428 170.4191 -156.1424 7.6447 49.8713 100.0000 stroke9
movl 0 -26.2234 377.6166 173.5520 -152.0323 6.5370 51.5135 100.0000 stroke9
movl 0 -22.1369 362.7533 215.8799 -142.2832 -5.6898 58.9643 100.0000 stroke9
movl 0 -26.2602 376.7482 229.0862 -146.8043 -5.1345 66.0961 100.0000 stroke10
movl 0 -28.6995 377.0595 183.7705 -151.5896 1.9008 60.6083 100.0000 stroke10
movl 0 -29.2098 377.8964 175.5099 -153.1768 2.6644 58.4799 100.0000 stroke10
movl 0 -31.9900 377.2029 173.9417 -153.9068 1.3983 57.7827 100.0000 stroke10
movl 0 -34.4883 378.2298 172.8006 -154.7908 1.1886 57.6402 100.0000 stroke10
movl 0 -37.5956 383.0452 172.3660 -158.3387 3.9004 55.5372 100.0000 stroke10
movl 0 -38.4408 384.0635 172.3245 -159.5010 5.0528 54.7862 100.0000 stroke10
movl 0 -37.1374 383.9123 172.7740 -159.0820 5.0379 53.7752 100.0000 stroke10
movl 0 -38.3585 383.3460 172.6072 -159.9681 5.6412 53.8569 100.0000 stroke10
movl 0 -38.3034 383.3238 172.6699 -159.6176 5.0187 53.4984 100.0000 stroke10
movl 0 -37.1850 383.9353 172.5727 -159.0950 4.3930 52.5379 100.0000 stroke10
movl 0 -35.9614 383.8746 172.7024 -158.6262 4.2468 52.1798 100.0000 stroke10
movl 0 -34.1215 383.9165 172.8969 -158.0641 4.3849 51.8529 100.0000 stroke10
movl 0 -27.7507 381.6665 174.4955 -155.5133 4.7174 52.0727 100.0000 stroke10
movl 0 -18.7514 373.4532 195.8984 -149.7378 4.0617 53.1006 100.0000 stroke10
movl 0 -14.1615 377.2057 188.6347 -151.3455 3.7525 55.2413 100.0000 stroke11
movl 0 -13.9180 376.1111 179.5362 -152.2782 4.4536 53.3724 100.0000 stroke11
movl 0 -19.1616 375.8206 176.3155 -154.0182 3.2513 52.7816 100.0000 stroke11
movl 0 -21.4694 377.0622 174.5295 -154.0242 3.3076 52.7734 100.0000 stroke11
movl 0 -23.7171 378.4528 173.1713 -154.4590 3.1664 52.9414 100.0000 stroke11
movl 0 -27.2228 379.9347 171.9413 -155.8907 2.7673 52.5065 100.0000 stroke11
movl 0 -29.2948 382.2025 171.8474 -157.9830 3.7508 52.2925 100.0000 stroke11
movl 0 -30.4782 382.7473 171.8649 -158.8521 3.8646 52.2090 100.0000 stroke11
movl 0 -31.0049 382.5792 172.0337 -159.4569 4.2040 52.5412 100.0000 stroke11
movl 0 -30.0432 382.4817 172.1748 -158.8946 3.4953 52.1788 100.0000 stroke11
movl 0 -29.9602 382.1171 172.1006 -159.0403 3.7618 52.1687 100.0000 stroke11
movl 0 -30.4599 382.5454 172.0402 -158.9437 3.0414 51.5895 100.0000 stroke11
movl 0 -28.7286 382.7086 172.1305 -158.5087 2.7804 50.6468 100.0000 stroke11
movl 0 -27.2463 382.6587 172.1997 -157.9368 2.7110 50.4187 100.0000 stroke11
movl 0 -17.8795 380.6039 174.9340 -154.6105 3.8686 50.5091 100.0000 stroke11
movl 0 -14.4270 368.4752 222.3135 -147.8107 0.1902 50.9179 100.0000 stroke11
movl 0 -9.5111 390.9785 221.4312 -154.2927 8.7392 43.3481 100.0000 stroke12
movl 0 -4.4633 391.9689 181.5879 -156.6373 13.5079 41.3559 100.0000 stroke12
movl 0 -6.0752 393.2333 176.1206 -156.7962 13.4344 41.0509 100.0000 stroke12
movl 0 -7.6335 394.9546 174.0362 -157.1390 13.2664 41.6936 100.0000 stroke12
movl 0 -11.4281 398.0234 172.7249 -159.2389 12.8425 41.2513 100.0000 stroke12
movl 0 -16.0748 400.6809 172.3439 -162.2678 12.0544 39.5743 100.0000 stroke12
movl 0 -17.1790 402.7006 171.9535 -163.6983 12.2062 38.7395 100.0000 stroke12
movl 0 -15.3687 403.2587 171.9437 -163.3225 12.2799 38.3288 100.0000 stroke12
movl 0 -15.8375 402.9924 171.9414 -163.3652 12.0062 38.3720 100.0000 stroke12
movl 0 -16.2623 403.0815 172.0019 -164.1313 12.4570 38.6705 100.0000 stroke12
movl 0 -17.1232 402.0364 172.3226 -164.4666 12.3528 39.1510 100.0000 stroke12
movl 0 -15.2558 398.9257 173.1472 -162.2057 11.4307 39.6303 100.0000 stroke12
movl 0 -15.4851 397.9993 173.2762 -161.8622 10.8653 39.8607 100.0000 stroke12
movl 0 -16.5556 398.7146 173.4978 -163.3594 11.4980 39.6939 100.0000 stroke12
movl 0 -17.3848 398.2312 173.6791 -163.6895 11.4398 39.7211 100.0000 stroke12
movl 0 -17.4728 397.1917 173.7258 -163.0275 11.1706 40.0934 100.0000 stroke12
movl 0 -17.1785 396.0173 174.0330 -162.1268 10.9538 40.5177 100.0000 stroke12
movl 0 -19.2227 388.9215 180.6732 -156.4877 7.0336 43.4988 100.0000 stroke12
movl 0 -28.1599 363.4867 249.2134 -140.5850 -8.4902 50.8504 100.0000 stroke12
movl 0 -33.3938 358.3692 228.1800 -148.4126 1.1721 54.1958 100.0000 stroke13
movl 0 -30.4866 353.0007 190.6467 -150.3438 5.3253 53.3276 100.0000 stroke13
movl 0 -33.1830 354.2905 174.1144 -151.5761 5.6234 52.7575 100.0000 stroke13
movl 0 -38.7707 354.1792 172.5024 -152.2129 3.5589 52.9071 100.0000 stroke13
movl 0 -42.1138 352.3497 171.7848 -152.5077 2.2178 53.4228 100.0000 stroke13
movl 0 -44.1765 353.3313 171.0511 -153.3460 2.2047 53.2756 100.0000 stroke13
movl 0 -46.2022 354.4619 170.6191 -154.5799 2.9669 52.6992 100.0000 stroke13
movl 0 -48.0290 356.2810 170.6511 -156.2667 4.8150 51.8214 100.0000 stroke13
movl 0 -49.4974 357.3258 170.7783 -157.7555 6.3944 50.9605 100.0000 stroke13
movl 0 -51.0035 358.5495 170.4418 -159.0675 7.7305 50.6720 100.0000 stroke13
movl 0 -52.8230 359.2582 170.1695 -160.2936 8.6885 51.1092 100.0000 stroke13
movl 0 -53.3120 357.7093 170.2480 -160.2743 8.7804 51.4849 100.0000 stroke13
movl 0 -50.5293 356.6509 171.0833 -158.7586 8.3541 51.2227 100.0000 stroke13
movl 0 -46.5970 355.9981 171.4232 -156.4130 7.4746 51.2300 100.0000 stroke13
movl 0 -47.2267 356.5675 171.2908 -157.0542 7.6534 50.9535 100.0000 stroke13
movl 0 -48.0813 357.2774 171.2818 -158.1913 8.4346 50.5470 100.0000 stroke13
movl 0 -49.0894 357.0980 171.5562 -159.4010 8.9510 49.9883 100.0000 stroke13
movl 0 -49.8799 356.1164 171.8941 -158.9264 8.3969 49.5622 100.0000 stroke13
movl 0 -49.0654 352.5013 173.0448 -156.3305 6.2445 48.4368 100.0000 stroke13
movl 0 -45.1078 336.8710 217.8112 -144.1496 -7.5353 50.7793 100.0000 stroke13
movl 0 -19.5955 364.2726 216.3047 -146.9976 5.9784 50.9507 100.0000 stroke14
movl 0 -21.4293 362.6405 178.4777 -151.9823 11.1371 47.7978 100.0000 stroke14
movl 0 -28.9296 360.4508 171.1007 -153.5168 9.9230 47.5182 100.0000 stroke14
movl 0 -28.4322 360.3845 170.5961 -152.5918 9.5605 47.5579 100.0000 stroke14
movl 0 -31.8685 361.0664 169.8790 -154.2305 9.1427 46.6826 100.0000 stroke14
movl 0 -35.5811 363.3318 170.3829 -158.1062 10.2375 44.5355 100.0000 stroke14
movl 0 -36.5569 364.4081 171.1072 -160.1897 10.8639 43.2359 100.0000 stroke14
movl 0 -37.3950 364.3008 171.3443 -160.8782 10.6311 42.7706 100.0000 stroke14
movl 0 -36.8483 364.5890 171.7145 -161.6824 10.8175 42.3307 100.0000 stroke14
movl 0 -35.6430 364.6721 171.9634 -162.4576 10.9318 41.9474 100.0000 stroke14
movl 0 -33.3620 364.8497 172.1727 -163.1520 10.9421 41.1829 100.0000 stroke14
movl 0 -31.0914 365.2667 172.3812 -163.9199 10.8587 40.5644 100.0000 stroke14
movl 0 -28.6776 366.0603 172.5140 -164.6837 10.5871 39.7543 100.0000 stroke14
movl 0 -26.4596 366.7550 172.6347 -165.6227 10.1608 39.0021 100.0000 stroke14
movl 0 -24.1128 367.5840 172.6996 -166.5142 9.6225 37.9992 100.0000 stroke14
movl 0 -21.5441 368.6304 172.7044 -167.2860 9.1101 37.0702 100.0000 stroke14
movl 0 -17.8806 370.1329 172.6146 -167.7977 8.4249 35.7882 100.0000 stroke14
movl 0 -13.9707 372.1161 172.6021 -168.0945 7.9634 34.4622 100.0000 stroke14
movl 0 -12.3868 370.4155 173.4253 -166.9843 8.6009 35.8142 100.0000 stroke14
movl 0 -9.2463 370.0277 173.6714 -166.6493 9.4652 36.1610 100.0000 stroke14
movl 0 -8.2966 370.7092 173.8679 -166.5602 9.5400 35.7306 100.0000 stroke14
movl 0 -4.6209 369.4881 174.6025 -165.4208 11.1601 37.0318 100.0000 stroke14
movl 0 -3.9211 370.8786 174.2424 -166.1107 11.2517 36.3128 100.0000 stroke14
movl 0 -2.8989 370.7660 174.5995 -166.2311 11.4601 36.0061 100.0000 stroke14
movl 0 -2.0058 370.7989 174.8085 -166.3108 11.5135 35.7060 100.0000 stroke14
movl 0 -0.9863 371.3011 174.8363 -166.3486 11.5411 35.2881 100.0000 stroke14
movl 0 0.3296 370.1755 175.2785 -165.2918 11.5632 36.4204 100.0000 stroke14
movl 0 11.5767 369.8576 173.0708 -158.7420 14.4382 43.9826 100.0000 stroke14
movl 0 7.4519 374.5676 171.1892 -161.3536 14.2709 44.3312 100.0000 stroke14
movl 0 1.7873 374.9471 171.0207 -163.2299 12.0881 42.7287 100.0000 stroke14
movl 0 -1.5130 373.9392 171.1388 -162.8750 10.4717 42.7728 100.0000 stroke14
movl 0 -4.0364 371.9686 171.3042 -162.2143 9.1684 43.4012 100.0000 stroke14
movl 0 -6.5826 370.4955 171.5184 -161.5419 7.8808 43.7039 100.0000 stroke14
movl 0 -8.8610 370.5047 171.7286 -160.9955 6.9951 43.8774 100.0000 stroke14
movl 0 -8.0210 368.7751 172.0639 -160.5222 6.9113 44.2870 100.0000 stroke14
movl 0 -9.3506 367.4976 172.2206 -160.1615 6.3141 44.8306 100.0000 stroke14
movl 0 -11.6440 367.9210 172.2545 -159.8220 5.5181 44.7220 100.0000 stroke14
movl 0 -13.7904 367.2122 172.6929 -159.6030 4.8658 45.1500 100.0000 stroke14
movl 0 -14.7147 364.0964 173.2729 -159.3324 4.1811 46.0407 100.0000 stroke14
movl 0 -16.1318 364.8809 173.3466 -159.2502 3.7271 46.0766 100.0000 stroke14
movl 0 -16.6963 365.7706 173.5001 -159.0109 3.6388 45.8141 100.0000 stroke14
movl 0 -16.9414 364.9459 173.6639 -158.8097 3.3822 46.0775 100.0000 stroke14
movl 0 -17.5273 363.9815 173.7835 -158.5297 2.8023 46.4165 100.0000 stroke14
movl 0 -17.9708 362.7145 173.9138 -158.0991 2.3575 47.1086 100.0000 stroke14
movl 0 -17.9873 361.6924 174.0241 -157.7012 1.7204 47.2938 100.0000 stroke14
movl 0 -18.2443 360.7239 174.0605 -157.4069 1.2747 47.8701 100.0000 stroke14
movl 0 -18.4224 360.1253 174.0390 -157.1979 0.9753 48.2406 100.0000 stroke14
movl 0 -18.2308 359.5644 173.9876 -156.8670 0.6872 48.6169 100.0000 stroke14
movl 0 -18.2114 359.1299 174.0245 -156.7103 0.5565 48.8541 100.0000 stroke14
movl 0 -18.5616 358.2493 174.0620 -156.5432 0.2268 49.0777 100.0000 stroke14
movl 0 -18.0163 357.8674 174.1535 -156.2422 0.1797 49.2273 100.0000 stroke14
movl 0 -16.8146 350.4636 176.7491 -154.0977 -0.5084 50.0461 100.0000 stroke14
movl 0 -31.9965 313.2188 225.6326 -142.6443 -11.1648 56.3586 100.0000 stroke14
movl 0 -11.8449 345.6197 195.1385 -143.3529 2.0465 43.4433 100.0000 stroke15
movl 0 -13.2481 345.0117 171.0278 -149.5922 7.1286 38.8705 100.0000 stroke15
movl 0 -17.5088 344.8087 172.3257 -151.8785 6.8312 37.4399 100.0000 stroke15
movl 0 -20.2774 343.4381 171.3211 -151.0840 6.1315 38.0135 100.0000 stroke15
movl 0 -25.2471 343.6510 169.5255 -151.6911 4.7112 38.4076 100.0000 stroke15
movl 0 -29.1717 346.5797 169.4883 -155.3364 5.3940 36.9574 100.0000 stroke15
movl 0 -30.9845 347.8356 169.7695 -157.5481 6.1689 36.2063 100.0000 stroke15
movl 0 -31.3924 346.4654 169.8780 -157.3585 6.0790 36.7302 100.0000 stroke15
movl 0 -30.9002 345.7077 170.0625 -156.7886 5.4375 36.6118 100.0000 stroke15
movl 0 -32.5672 344.7312 170.1940 -157.5477 4.5974 36.1446 100.0000 stroke15
movl 0 -33.8155 343.9633 170.4648 -158.4030 4.1775 35.6757 100.0000 stroke15
movl 0 -34.6587 342.5849 170.6933 -158.5915 3.7868 35.4869 100.0000 stroke15
movl 0 -39.5402 338.5122 170.7339 -157.7614 1.4678 35.4236 100.0000 stroke15
movl 0 -42.8406 335.6482 170.2006 -156.2265 -0.6400 34.8881 100.0000 stroke15
movl 0 -44.7236 332.4588 170.1874 -155.7952 -1.6339 34.8754 100.0000 stroke15
movl 0 -52.7335 322.5471 169.2553 -155.2880 -5.0696 36.1661 100.0000 stroke15
movl 0 -58.1818 319.9800 167.4305 -154.8689 -7.9530 35.2039 100.0000 stroke15
movl 0 -56.1033 322.9173 167.5151 -154.6794 -7.4897 34.1037 100.0000 stroke15
movl 0 -55.4772 321.5608 167.9514 -154.7031 -6.9418 35.2042 100.0000 stroke15
movl 0 -54.5862 324.2951 167.7979 -154.8015 -6.7348 34.4360 100.0000 stroke15
movl 0 -53.8442 325.1695 167.7497 -154.5613 -6.7360 33.8059 100.0000 stroke15
movl 0 -53.2055 325.5447 167.8069 -154.3837 -6.6796 33.6645 100.0000 stroke15
movl 0 -52.6379 325.5707 167.9708 -154.1904 -6.6140 33.4877 100.0000 stroke15
movl 0 -52.2549 325.4107 168.1355 -153.9911 -6.6035 33.3949 100.0000 stroke15
movl 0 -51.7140 325.1620 168.3009 -153.7643 -6.4986 33.5025 100.0000 stroke15
movl 0 -50.4698 324.4704 168.8252 -153.2634 -6.2311 33.6768 100.0000 stroke15
movl 0 -40.0073 316.3848 188.5704 -147.1497 -5.1932 33.1201 100.0000 stroke15
movl 0 -22.3871 352.9114 238.8793 -152.2743 -0.4253 43.7625 100.0000 stroke16
movl 0 -15.3735 354.2432 195.9769 -155.3932 2.6635 40.4564 100.0000 stroke16
movl 0 -14.3626 358.1985 181.4018 -157.1505 3.7157 39.9995 100.0000 stroke16
movl 0 -17.3943 358.8150 180.4944 -157.1657 2.7356 40.6170 100.0000 stroke16
movl 0 -20.7754 359.0879 179.1498 -157.5525 1.9142 40.8014 100.0000 stroke16
movl 0 -26.0111 360.0924 178.0431 -159.2388 0.8593 40.4335 100.0000 stroke16
movl 0 -29.3721 361.8689 177.7537 -161.2617 0.3683 38.7674 100.0000 stroke16
movl 0 -32.4262 364.4050 177.4555 -163.4165 0.0721 36.6527 100.0000 stroke16
movl 0 -33.0594 368.5028 177.1166 -165.5712 0.7715 34.4229 100.0000 stroke16
movl 0 -31.8275 375.4026 176.4084 -168.3240 2.1818 31.7613 100.0000 stroke16
movl 0 -26.6588 381.3751 176.1617 -169.3676 4.4822 30.3320 100.0000 stroke16
movl 0 -22.8213 386.6510 175.5582 -170.2639 5.9681 28.8824 100.0000 stroke16
movl 0 -22.7059 388.8907 175.6482 -172.2436 7.1426 28.5397 100.0000 stroke16
movl 0 -22.3047 386.9887 176.4579 -171.7517 7.1665 29.0290 100.0000 stroke16
movl 0 -21.7895 384.9708 176.9419 -170.3437 6.4696 29.2122 100.0000 stroke16
movl 0 -22.8498 385.9955 176.8697 -172.0274 6.7145 28.5524 100.0000 stroke16
movl 0 -22.5693 384.0843 177.7371 -171.8590 6.4851 28.3945 100.0000 stroke16
movl 0 -22.4768 381.1363 178.3500 -170.2383 5.6950 28.9044 100.0000 stroke16
movl 0 -22.5284 381.3597 178.5207 -171.1965 5.9262 28.2395 100.0000 stroke16
movl 0 -21.8181 380.0888 178.9250 -170.9454 5.9555 28.1255 100.0000 stroke16
movl 0 -21.4548 378.8378 179.2308 -170.8704 5.8948 27.9741 100.0000 stroke16
movl 0 -21.8949 378.2472 179.2116 -170.9802 5.7911 27.9093 100.0000 stroke16
movl 0 -21.2805 377.6786 179.5571 -170.4924 5.9913 28.0697 100.0000 stroke16
movl 0 -20.6757 378.0134 179.7624 -170.0871 6.3482 28.2474 100.0000 stroke16
movl 0 -18.9271 375.1361 180.5554 -168.1431 6.6371 29.2386 100.0000 stroke16
movl 0 -17.7701 363.1236 206.1371 -160.8085 3.9371 31.7699 100.0000 stroke16
