movl 0 -60.1466 383.0607 182.3689 154.9714 13.5065 -102.8175 100.0000 stroke1
movl 0 -62.5364 380.7075 178.2210 157.4624 15.6520 -101.4228 100.0000 stroke1
movl 0 -58.3994 383.5420 174.8359 158.3954 14.8228 -100.1060 100.0000 stroke1
movl 0 -60.4048 381.9064 174.9534 158.5124 15.1687 -98.3877 100.0000 stroke1
movl 0 -61.3756 383.7164 174.9461 158.2686 14.3421 -97.9664 100.0000 stroke1
movl 0 -63.6959 384.8363 174.4164 159.0919 13.1963 -98.1842 100.0000 stroke1
movl 0 -65.8918 386.1926 173.2616 160.6563 12.2132 -98.7835 100.0000 stroke1
movl 0 -66.9900 387.0271 172.9310 161.6557 11.2982 -99.2045 100.0000 stroke1
movl 0 -67.2688 387.3807 172.8158 161.8834 11.5549 -99.3174 100.0000 stroke1
movl 0 -67.0955 387.9630 172.5994 162.1440 11.6002 -99.4249 100.0000 stroke1
movl 0 -66.7845 388.0629 172.7515 162.2930 11.7671 -99.6703 100.0000 stroke1
movl 0 -66.4534 388.5232 172.6673 162.4907 11.7876 -99.8010 100.0000 stroke1
movl 0 -65.7657 388.6345 172.8742 162.4888 11.8361 -100.0070 100.0000 stroke1
movl 0 -65.1291 388.8986 173.0326 162.5177 11.8657 -100.2161 100.0000 stroke1
movl 0 -64.4045 389.1263 173.2159 162.5673 11.8668 -100.4299 100.0000 stroke1
movl 0 -63.7316 389.4292 173.2865 162.5655 11.8520 -100.6092 100.0000 stroke1
movl 0 -62.6190 389.7640 173.4736 162.5007 11.8613 -100.9800 100.0000 stroke1
movl 0 -63.1412 389.1218 173.8698 162.4741 11.9991 -100.6762 100.0000 stroke1
movl 0 -63.0520 389.3747 173.9299 162.5697 11.9997 -100.7059 100.0000 stroke1
movl 0 -60.7893 390.1461 173.9573 162.4678 11.8916 -101.6281 100.0000 stroke1
movl 0 -61.0199 389.5863 174.3557 162.4375 12.0238 -101.5617 100.0000 stroke1
movl 0 -59.3782 390.2298 174.4823 162.3437 11.9274 -102.1008 100.0000 stroke1
movl 0 -58.3912 390.2648 174.8381 162.2420 12.0033 -102.3782 100.0000 stroke1
movl 0 -57.9455 390.1659 175.0829 162.2338 12.0660 -102.4434 100.0000 stroke1
movl 0 -56.7262 389.3455 175.9569 161.9819 12.4826 -102.6148 100.0000 stroke1
movl 0 -51.9522 380.1105 184.2233 158.8276 15.7793 -103.2123 100.0000 stroke1
movl 0 -54.3244 368.1319 214.3455 157.2464 23.7428 -101.1957 100.0000 stroke1
movl 0 -45.7261 387.1192 243.1176 152.4139 20.8166 -93.7411 100.0000 stroke2
movl 0 -33.9993 387.7871 190.5441 152.2689 13.7840 -97.6148 100.0000 stroke2
movl 0 -35.4770 387.9572 178.4043 154.6401 12.4588 -100.3671 100.0000 stroke2
movl 0 -40.7970 387.7078 176.3473 156.9402 13.9607 -99.2772 100.0000 stroke2
movl 0 -40.3168 390.2589 173.8058 157.6310 13.1966 -98.7774 100.0000 stroke2
movl 0 -40.6084 391.1100 173.0711 157.3571 13.0025 -99.1359 100.0000 stroke2
movl 0 -41.6720 393.5799 171.4172 157.7715 11.8134 -99.5101 100.0000 stroke2
movl 0 -42.6904 396.9991 170.0621 158.8632 9.2947 -100.2303 100.0000 stroke2
movl 0 -41.5581 399.4068 169.2306 158.9290 7.5322 -101.7686 100.0000 stroke2
movl 0 -41.9324 399.5349 169.2660 158.7591 6.8870 -101.7891 100.0000 stroke2
movl 0 -42.4930 398.8785 169.9250 158.5827 5.9832 -101.7210 100.0000 stroke2
movl 0 -43.1790 397.8679 170.6242 158.5337 5.2139 -101.6473 100.0000 stroke2
movl 0 -44.4543 395.8778 171.6305 158.4476 5.0804 -101.3438 100.0000 stroke2
movl 0 -44.9499 394.1711 172.8328 158.0637 5.0014 -101.2960 100.0000 stroke2
movl 0 -45.1174 390.0253 176.1638 156.7204 5.7488 -101.1746 100.0000 stroke2
movl 0 -44.8298 381.0881 190.3432 152.4826 9.5653 -103.0951 100.0000 stroke2
movl 0 -51.1304 368.4325 248.2742 144.2866 22.3891 -103.6107 100.0000 stroke2
movl 0 -36.3359 397.8556 220.8604 147.5011 -14.0286 -135.5512 100.0000 stroke3
movl 0 -27.9598 398.3457 180.8784 156.8636 -20.3471 -147.3809 100.0000 stroke3
movl 0 -30.8827 397.9791 178.1233 158.3891 -18.7440 -149.6532 100.0000 stroke3
movl 0 -31.5969 399.9225 175.2241 159.7111 -19.4515 -150.7118 100.0000 stroke3
movl 0 -32.2868 403.0792 172.7752 160.9710 -20.5291 -151.2973 100.0000 stroke3
movl 0 -32.8411 404.5323 171.8487 160.9553 -20.9471 -151.3450 100.0000 stroke3
movl 0 -33.7427 406.2776 170.4059 161.3441 -21.7226 -151.4992 100.0000 stroke3
movl 0 -34.7954 408.5045 169.0150 163.1785 -21.7448 -153.0621 100.0000 stroke3
movl 0 -35.5752 408.4836 168.5537 164.5159 -21.2980 -154.9354 100.0000 stroke3
movl 0 -35.9286 409.7295 168.2598 166.4041 -21.1237 -156.9936 100.0000 stroke3
movl 0 -35.5188 411.3931 167.2977 168.2717 -21.0971 -158.5254 100.0000 stroke3
movl 0 -33.5093 410.3617 168.0246 167.4534 -21.0915 -158.8407 100.0000 stroke3
movl 0 -34.2066 411.0681 167.9553 168.6696 -21.3924 -158.5177 100.0000 stroke3
movl 0 -33.5731 408.9145 169.0564 167.6310 -21.1007 -158.0319 100.0000 stroke3
movl 0 -34.5452 408.5342 169.1455 167.6863 -20.8536 -157.1254 100.0000 stroke3
movl 0 -31.6849 403.3612 170.8079 162.5624 -20.1925 -153.3603 100.0000 stroke3
movl 0 -29.1663 396.1626 180.6634 154.4051 -17.9376 -145.8441 100.0000 stroke3
movl 0 -38.1965 386.7431 229.7591 144.3561 -8.4378 -136.3765 100.0000 stroke3
movl 0 -33.8876 372.9713 207.7738 142.9392 2.0209 -119.0024 100.0000 stroke4
movl 0 -37.6154 365.4845 183.4917 146.9264 -3.0060 -126.5392 100.0000 stroke4
movl 0 -41.5786 363.9517 184.2345 150.2796 -3.0408 -128.6653 100.0000 stroke4
movl 0 -45.0106 367.3415 180.0511 152.4479 -3.7771 -127.8366 100.0000 stroke4
movl 0 -48.2978 371.2216 176.6443 152.9498 -4.3618 -125.7675 100.0000 stroke4
movl 0 -55.1501 372.8950 174.3441 153.7427 -3.1707 -121.8755 100.0000 stroke4
movl 0 -56.7938 373.9276 172.8925 154.0133 -2.9817 -120.8745 100.0000 stroke4
movl 0 -60.3422 375.1399 171.9735 154.1564 -2.9058 -119.3475 100.0000 stroke4
movl 0 -62.2944 377.3812 170.3200 155.7087 -3.2006 -119.7121 100.0000 stroke4
movl 0 -64.1588 378.2909 170.2565 157.5132 -3.0424 -120.1408 100.0000 stroke4
movl 0 -64.6371 378.5599 170.6848 158.4015 -2.7160 -120.3739 100.0000 stroke4
movl 0 -65.0220 377.9327 170.7234 158.2154 -1.6412 -119.9190 100.0000 stroke4
movl 0 -63.5873 378.1338 170.6631 158.1005 -1.3497 -119.9331 100.0000 stroke4
movl 0 -62.2556 377.8201 171.0328 157.9956 -0.9967 -120.2574 100.0000 stroke4
movl 0 -60.3827 377.6335 171.3758 157.8387 -0.8844 -120.8468 100.0000 stroke4
movl 0 -58.5662 377.8436 171.5780 157.8222 -0.9179 -121.6268 100.0000 stroke4
movl 0 -56.7072 377.7471 171.9604 157.7368 -0.8273 -122.4794 100.0000 stroke4
movl 0 -54.9562 378.0730 172.1451 157.7622 -0.8572 -123.4397 100.0000 stroke4
movl 0 -53.3068 378.2128 172.3835 157.8120 -0.8211 -124.4136 100.0000 stroke4
movl 0 -51.0678 378.6936 172.4816 157.8237 -0.9380 -125.6431 100.0000 stroke4
movl 0 -48.8139 379.1111 172.5910 157.8743 -0.9534 -127.1198 100.0000 stroke4
movl 0 -45.8856 378.9027 172.8974 157.7448 -0.9135 -128.8546 100.0000 stroke4
movl 0 -44.1136 378.9085 173.1314 157.6673 -0.9381 -129.8535 100.0000 stroke4
movl 0 -44.3423 378.6817 173.2263 157.6971 -0.9752 -129.7731 100.0000 stroke4
movl 0 -43.9494 378.5274 173.3328 157.5634 -1.0731 -129.7502 100.0000 stroke4
movl 0 -43.6106 377.6974 173.7552 157.1776 -1.1319 -129.5592 100.0000 stroke4
movl 0 -39.3704 369.8852 180.9055 153.2225 -0.2019 -128.6744 100.0000 stroke4
movl 0 -42.3860 354.0095 222.0549 146.1995 8.3838 -124.0259 100.0000 stroke4
movl 0 -30.6075 364.7909 210.1097 147.1377 18.1991 -99.2062 100.0000 stroke5
movl 0 -25.8898 365.9558 175.4975 149.4362 14.0835 -103.3329 100.0000 stroke5
movl 0 -30.0967 365.8297 172.7158 152.9681 13.2801 -103.2537 100.0000 stroke5
movl 0 -28.1870 367.8961 170.0503 153.2469 12.6213 -103.3885 100.0000 stroke5
movl 0 -28.5836 369.1972 168.9554 153.6459 12.4005 -103.4409 100.0000 stroke5
movl 0 -29.6516 371.9560 167.4440 154.0464 11.6241 -103.2475 100.0000 stroke5
movl 0 -30.1359 375.5798 166.2300 155.3537 8.6934 -103.9606 100.0000 stroke5
movl 0 -27.7539 378.3286 165.0928 155.2086 6.5383 -105.5893 100.0000 stroke5
movl 0 -27.4087 379.5928 164.5270 154.9506 5.2569 -105.7260 100.0000 stroke5
movl 0 -27.0276 379.8412 164.7951 154.6080 4.0241 -106.0392 100.0000 stroke5
movl 0 -26.9793 379.4948 165.5321 154.3912 2.8519 -106.2585 100.0000 stroke5
movl 0 -27.0826 378.5163 166.5055 154.1068 1.9911 -106.2850 100.0000 stroke5
movl 0 -27.2338 377.3469 167.5517 153.5246 1.6050 -106.0979 100.0000 stroke5
movl 0 -24.6209 370.6014 172.9179 150.0308 3.3469 -106.2412 100.0000 stroke5
movl 0 -27.4415 358.9797 192.2319 143.6503 12.1404 -106.8925 100.0000 stroke5
movl 0 -28.9680 369.3659 187.2693 145.1520 0.9826 -111.3219 100.0000 stroke6
movl 0 -22.6978 364.1536 176.0757 146.2714 1.3457 -113.6151 100.0000 stroke6
movl 0 -27.1248 367.9257 172.0804 149.1182 2.0512 -112.6286 100.0000 stroke6
movl 0 -27.5014 370.7312 169.7852 149.8714 2.3415 -112.0025 100.0000 stroke6
movl 0 -29.0547 373.0205 168.4225 150.4661 2.1630 -111.4444 100.0000 stroke6
movl 0 -30.9163 375.4389 167.0097 151.2555 1.3752 -110.9281 100.0000 stroke6
movl 0 -32.3706 378.5769 165.9412 153.0573 -0.9485 -112.0381 100.0000 stroke6
movl 0 -30.7374 379.8308 165.4355 153.7299 -3.1886 -114.0235 100.0000 stroke6
movl 0 -30.9052 380.0785 165.8667 154.0786 -4.3075 -115.6368 100.0000 stroke6
movl 0 -30.7397 380.5446 166.0947 154.5811 -5.7646 -117.3676 100.0000 stroke6
movl 0 -30.8067 380.7161 166.6854 155.4520 -7.5734 -119.4485 100.0000 stroke6
movl 0 -30.4720 381.3032 167.1457 156.4442 -9.8207 -121.6613 100.0000 stroke6
movl 0 -30.5580 382.0053 167.6283 157.7451 -11.9465 -123.9738 100.0000 stroke6
movl 0 -30.6040 383.5014 168.0658 159.5073 -14.6638 -126.5513 100.0000 stroke6
movl 0 -31.7004 385.4199 168.0183 162.0927 -17.3114 -129.3000 100.0000 stroke6
movl 0 -33.7013 387.9472 167.6009 165.2436 -19.7830 -131.7504 100.0000 stroke6
movl 0 -35.3997 389.4163 167.2668 167.5863 -21.4897 -133.3822 100.0000 stroke6
movl 0 -38.3679 390.1492 166.8840 169.0484 -22.7344 -132.8884 100.0000 stroke6
movl 0 -38.3104 388.6612 167.6462 168.1274 -22.3225 -132.1128 100.0000 stroke6
movl 0 -34.4522 385.4000 169.1455 165.9817 -21.2785 -132.2390 100.0000 stroke6
movl 0 -33.8734 385.3388 168.8305 166.3195 -21.5762 -132.6294 100.0000 stroke6
movl 0 -34.9478 385.5234 168.5783 166.9358 -21.8259 -132.5289 100.0000 stroke6
movl 0 -32.7116 380.4597 170.9277 163.9684 -19.7438 -132.1705 100.0000 stroke6
movl 0 -30.4447 373.4125 173.3446 160.5693 -16.6537 -132.3721 100.0000 stroke6
movl 0 -32.9293 376.2434 171.6408 162.1709 -17.1496 -132.3440 100.0000 stroke6
movl 0 -35.7152 379.2165 169.6395 163.5473 -18.5051 -130.9872 100.0000 stroke6
movl 0 -37.3160 379.8398 169.0893 163.8722 -19.0234 -129.9831 100.0000 stroke6
movl 0 -38.2711 380.3762 168.5965 163.7425 -19.3736 -128.9435 100.0000 stroke6
movl 0 -38.7504 380.0610 168.8505 163.3615 -19.3311 -128.4610 100.0000 stroke6
movl 0 -39.0960 379.6521 169.1230 162.6651 -19.3121 -127.7599 100.0000 stroke6
movl 0 -38.7803 379.2538 169.5156 162.0512 -19.2028 -127.6950 100.0000 stroke6
movl 0 -38.1934 378.8098 169.8593 161.6098 -19.1661 -127.7337 100.0000 stroke6
movl 0 -37.8569 378.5058 170.1474 161.2583 -19.0796 -127.8861 100.0000 stroke6
movl 0 -33.0763 374.3177 172.5744 158.5107 -18.2048 -128.4066 100.0000 stroke6
movl 0 -24.1367 363.3620 179.2172 150.6217 -14.5671 -128.4629 100.0000 stroke6
movl 0 -26.7492 355.8748 207.2083 141.7112 -5.2646 -126.0566 100.0000 stroke6
movl 0 -46.1138 395.6045 233.5863 145.2532 -6.9428 -118.5412 100.0000 stroke7
movl 0 -39.6746 389.5425 184.2897 150.1646 -10.4088 -122.0320 100.0000 stroke7
movl 0 -35.9981 385.2577 177.8771 151.9779 -9.1828 -123.8515 100.0000 stroke7
movl 0 -36.5400 387.8971 174.1580 155.0602 -9.6905 -125.6717 100.0000 stroke7
movl 0 -36.5777 387.3428 172.7228 155.1401 -8.4291 -125.8178 100.0000 stroke7
movl 0 -37.2368 389.0314 171.2213 155.4299 -8.3846 -125.2326 100.0000 stroke7
movl 0 -38.9480 392.1115 169.7029 157.1265 -9.5181 -125.7088 100.0000 stroke7
movl 0 -39.5146 394.6066 169.3225 159.4007 -11.3879 -127.9737 100.0000 stroke7
movl 0 -40.4364 395.4739 169.2367 160.3104 -12.4830 -129.0639 100.0000 stroke7
movl 0 -40.9279 395.7210 169.5097 161.1172 -13.9462 -130.1756 100.0000 stroke7
movl 0 -42.4779 395.9207 169.8573 162.3440 -15.6022 -131.0282 100.0000 stroke7
movl 0 -44.8802 395.6693 170.2119 163.3846 -16.9528 -130.8440 100.0000 stroke7
movl 0 -47.1609 394.7001 170.8231 164.0190 -18.1502 -130.4254 100.0000 stroke7
movl 0 -49.4065 393.7668 171.2736 164.1239 -18.9557 -129.5424 100.0000 stroke7
movl 0 -50.4557 392.9208 171.6974 163.5187 -19.5323 -128.5507 100.0000 stroke7
movl 0 -43.4540 387.9000 176.7460 156.8735 -20.5210 -128.0985 100.0000 stroke7
movl 0 -41.6242 382.9400 206.1204 147.2447 -18.0271 -128.6710 100.0000 stroke7
movl 0 3.1763 412.1000 200.3442 145.9526 -19.8720 -132.9945 100.0000 stroke8
movl 0 9.8827 404.2883 168.8252 147.4313 -19.9775 -137.4739 100.0000 stroke8
movl 0 0.8723 400.3557 165.4381 148.5270 -15.8817 -137.2203 100.0000 stroke8
movl 0 -0.8733 402.7753 163.3888 149.6638 -15.4879 -137.4969 100.0000 stroke8
movl 0 -0.8937 403.7982 162.3498 149.9843 -15.2145 -137.4842 100.0000 stroke8
movl 0 -4.4668 408.0297 160.8475 152.6027 -15.4293 -137.4899 100.0000 stroke8
movl 0 -6.3216 411.6821 160.4327 155.9413 -16.4477 -139.7151 100.0000 stroke8
movl 0 -4.1576 413.5115 160.0747 157.6701 -17.9800 -142.1990 100.0000 stroke8
movl 0 -4.3226 414.0415 160.0119 158.1110 -18.6057 -142.5407 100.0000 stroke8
movl 0 -4.4517 415.0700 160.7948 159.5535 -19.8223 -143.4397 100.0000 stroke8
movl 0 -4.1149 414.1704 160.9263 160.2000 -21.0415 -144.2088 100.0000 stroke8
movl 0 -4.4263 414.4443 161.7092 161.0474 -22.0156 -144.3247 100.0000 stroke8
movl 0 -4.2253 412.3814 162.1662 160.6926 -22.5252 -143.9994 100.0000 stroke8
movl 0 -0.8413 408.4994 164.8139 157.5860 -23.8865 -141.3382 100.0000 stroke8
movl 0 5.2669 391.7247 186.5613 144.5229 -18.9400 -136.5359 100.0000 stroke8
movl 0 -6.9860 393.7277 197.0888 152.2481 18.4443 -81.6618 100.0000 stroke9
movl 0 -12.9901 385.3064 177.2873 156.8568 19.2471 -83.4884 100.0000 stroke9
movl 0 -22.0751 382.8097 176.3746 161.3245 19.1208 -82.7077 100.0000 stroke9
movl 0 -25.8891 383.7485 174.4668 163.3941 19.3397 -80.4901 100.0000 stroke9
movl 0 -25.5989 385.7464 172.5038 163.2574 18.3225 -81.6501 100.0000 stroke9
movl 0 -25.6364 386.1237 171.9686 162.7497 18.1336 -81.4256 100.0000 stroke9
movl 0 -28.2862 387.1462 171.1983 163.9415 17.3819 -81.3236 100.0000 stroke9
movl 0 -30.6392 387.2999 171.2478 165.3690 16.9297 -81.5115 100.0000 stroke9
movl 0 -31.3044 387.3550 171.2484 165.8596 16.9349 -81.6218 100.0000 stroke9
movl 0 -31.0674 387.8918 171.1626 166.3195 16.8889 -82.2612 100.0000 stroke9
movl 0 -30.2322 389.1088 170.9616 166.9218 16.6045 -83.3961 100.0000 stroke9
movl 0 -28.5519 390.8092 170.7496 167.5625 16.2404 -85.1546 100.0000 stroke9
movl 0 -26.4959 392.9067 170.4040 167.8703 15.8018 -87.0982 100.0000 stroke9
movl 0 -25.4528 392.1197 170.6081 167.1447 16.1853 -86.9528 100.0000 stroke9
movl 0 -22.7676 390.6911 171.1506 165.9747 17.2125 -87.3201 100.0000 stroke9
movl 0 -22.1497 390.0241 171.5305 165.6457 17.6493 -87.3848 100.0000 stroke9
movl 0 -21.5345 389.8347 171.6256 165.4244 17.7820 -87.5848 100.0000 stroke9
movl 0 -21.7882 390.4983 171.5196 165.4823 16.9532 -87.5916 100.0000 stroke9
movl 0 -21.3291 391.3165 171.6092 165.7473 15.4284 -88.1480 100.0000 stroke9
movl 0 -20.9165 391.8153 171.3947 165.6046 14.6635 -88.3918 100.0000 stroke9
movl 0 -20.7320 391.1916 171.4173 164.2444 14.8085 -87.4088 100.0000 stroke9
movl 0 -14.8953 384.7450 180.0151 159.1352 19.9785 -86.5714 100.0000 stroke9
movl 0 -13.8997 370.8176 224.2857 150.1948 33.2001 -89.0185 100.0000 stroke9
movl 0 6.4206 414.6974 210.4645 143.2386 -10.5228 -116.0495 100.0000 stroke10
movl 0 12.8747 404.6029 171.1205 147.4307 -12.8299 -121.9198 100.0000 stroke10
movl 0 14.4619 401.2131 172.5384 148.5175 -10.0323 -123.7969 100.0000 stroke10
movl 0 12.3986 401.1271 169.3833 149.3742 -10.2226 -123.5409 100.0000 stroke10
movl 0 6.2552 404.4303 168.1569 151.5280 -9.9974 -122.6055 100.0000 stroke10
movl 0 6.4745 405.4886 167.6134 151.9090 -10.0171 -123.0052 100.0000 stroke10
movl 0 5.4982 405.8724 167.2495 152.0535 -9.8008 -123.1814 100.0000 stroke10
movl 0 3.6725 409.1914 166.2230 153.6452 -10.5634 -123.2922 100.0000 stroke10
movl 0 3.6276 412.1866 165.5315 155.8546 -12.5917 -124.6863 100.0000 stroke10
movl 0 3.5398 413.1428 165.2543 156.2097 -13.4875 -125.0083 100.0000 stroke10
movl 0 3.0158 413.9790 165.3163 156.9567 -14.8312 -125.0883 100.0000 stroke10
movl 0 1.4939 414.7430 165.4139 157.7908 -16.2171 -124.8983 100.0000 stroke10
movl 0 -0.1401 415.0551 165.5879 158.4246 -17.2447 -124.4833 100.0000 stroke10
movl 0 -2.1574 414.7516 165.7552 158.6523 -17.8941 -123.5418 100.0000 stroke10
movl 0 -4.0826 414.1547 165.9936 158.4936 -17.9397 -122.6098 100.0000 stroke10
movl 0 -5.8169 413.9444 166.0031 158.2949 -18.1359 -121.8504 100.0000 stroke10
movl 0 -6.9105 413.2255 166.2040 157.4772 -18.1903 -120.9629 100.0000 stroke10
movl 0 -2.4524 410.4909 170.7542 151.5474 -17.6623 -118.9356 100.0000 stroke10
movl 0 -3.7594 395.1061 206.9578 138.8505 -7.7625 -118.5870 100.0000 stroke10
movl 0 -29.1315 374.1018 206.4775 156.9978 18.8041 -88.1444 100.0000 stroke11
movl 0 -32.3271 369.3197 182.7369 160.3845 18.5800 -89.6126 100.0000 stroke11
movl 0 -33.4256 372.4619 179.3239 162.5857 16.6252 -90.5934 100.0000 stroke11
movl 0 -33.3223 375.7798 177.0265 162.7236 15.4821 -89.9896 100.0000 stroke11
movl 0 -34.1605 378.0761 175.7759 162.7304 15.3755 -87.9917 100.0000 stroke11
movl 0 -35.8285 379.0982 175.2404 163.1120 15.1658 -87.5818 100.0000 stroke11
movl 0 -39.6699 380.6628 174.9629 165.2343 14.0244 -88.1450 100.0000 stroke11
movl 0 -39.4710 382.1334 174.7597 165.9024 13.1841 -89.6609 100.0000 stroke11
movl 0 -40.0093 382.4211 174.8877 166.2224 12.7071 -89.8717 100.0000 stroke11
movl 0 -39.5596 383.0359 175.3389 166.6259 11.7502 -90.5614 100.0000 stroke11
movl 0 -39.5391 384.2671 175.9532 167.2682 10.2358 -91.3275 100.0000 stroke11
movl 0 -40.3516 385.1160 176.8960 168.5393 9.0241 -92.0958 100.0000 stroke11
movl 0 -42.0871 386.3801 177.2342 170.0812 7.7674 -93.0105 100.0000 stroke11
movl 0 -44.3433 387.5988 177.7098 172.0911 6.6161 -93.8798 100.0000 stroke11
movl 0 -46.7798 389.0013 177.9471 174.0145 5.6363 -95.1033 100.0000 stroke11
movl 0 -48.8015 390.6915 177.8260 175.8081 4.5156 -96.4196 100.0000 stroke11
movl 0 -50.6409 392.9092 177.4152 177.6156 3.3249 -97.7691 100.0000 stroke11
movl 0 -51.8684 392.4547 177.7846 178.0191 3.5567 -98.3391 100.0000 stroke11
movl 0 -49.7169 392.9689 177.7879 177.7088 3.4579 -99.2118 100.0000 stroke11
movl 0 -47.6672 393.3571 177.9494 177.4363 3.3364 -99.9137 100.0000 stroke11
movl 0 -46.2469 393.3623 178.1928 177.3526 3.3053 -100.3323 100.0000 stroke11
movl 0 -45.1139 393.5497 178.3542 177.3302 3.2362 -100.7073 100.0000 stroke11
movl 0 -43.1405 393.1702 178.8131 177.1238 3.3661 -101.1733 100.0000 stroke11
movl 0 -41.9978 393.1144 178.9830 177.0316 3.2262 -101.3283 100.0000 stroke11
movl 0 -39.7485 392.8133 179.3995 176.8973 3.3074 -101.8424 100.0000 stroke11
movl 0 -38.1572 392.6742 179.6643 176.7317 3.2165 -102.1980 100.0000 stroke11
movl 0 -36.7101 392.1762 180.0636 176.5993 3.3370 -102.4142 100.0000 stroke11
movl 0 -35.1435 391.3271 180.6007 176.4267 3.5118 -102.6839 100.0000 stroke11
movl 0 -33.7769 390.8770 181.0510 176.2014 3.5969 -102.8251 100.0000 stroke11
movl 0 -32.0585 390.2560 181.5878 175.8775 3.7197 -103.1006 100.0000 stroke11
movl 0 -30.8854 389.3409 182.3731 175.5220 3.9928 -103.2105 100.0000 stroke11
movl 0 -24.5956 383.3435 186.7123 173.4166 5.5051 -103.8370 100.0000 stroke11
movl 0 -29.4265 374.5886 188.1430 166.4905 9.0549 -98.6585 100.0000 stroke11
movl 0 -45.4444 378.7355 185.5742 167.2757 8.4379 -94.4644 100.0000 stroke11
movl 0 -38.3763 377.0555 186.0186 165.7535 8.7353 -96.2807 100.0000 stroke11
movl 0 -30.6540 372.2998 189.0675 162.5461 10.7645 -98.4669 100.0000 stroke11
movl 0 -28.0295 370.2993 199.1094 160.6420 11.8218 -99.5397 100.0000 stroke11
movl 0 -27.4579 364.8461 246.8528 157.9593 17.6882 -99.3084 100.0000 stroke11
movl 0 -10.4006 342.3542 235.1088 154.9877 33.0729 -80.9729 100.0000 stroke12
movl 0 -11.8544 331.7079 184.7117 158.0008 28.0162 -81.5845 100.0000 stroke12
movl 0 -13.7126 331.3705 179.2003 160.9838 26.1489 -80.8836 100.0000 stroke12
movl 0 -27.1847 340.3346 177.2020 165.9677 23.9364 -76.9401 100.0000 stroke12
movl 0 -32.5657 343.7172 175.6247 167.5348 22.8768 -75.2452 100.0000 stroke12
movl 0 -36.7798 345.6318 174.3407 169.1905 22.7341 -73.2698 100.0000 stroke12
movl 0 -38.7203 346.7786 173.2902 170.1538 22.5033 -71.9235 100.0000 stroke12
movl 0 -41.4362 348.8001 172.2959 171.2698 21.2314 -71.6792 100.0000 stroke12
movl 0 -43.8409 350.8139 172.2085 172.0938 19.0492 -72.1085 100.0000 stroke12
movl 0 -45.6174 350.9584 172.2942 172.6795 18.7109 -71.9292 100.0000 stroke12
movl 0 -44.6916 351.0422 172.5564 173.0017 18.6685 -72.5366 100.0000 stroke12
movl 0 -42.3929 350.7453 172.9078 173.0409 18.8222 -73.7482 100.0000 stroke12
movl 0 -39.8311 350.8882 173.1171 172.7282 18.5348 -74.9606 100.0000 stroke12
movl 0 -37.5030 351.0287 173.2075 172.6413 18.3028 -76.4016 100.0000 stroke12
movl 0 -33.4957 351.7760 172.9664 172.3812 17.8581 -78.8141 100.0000 stroke12
movl 0 -32.1044 351.7644 173.0938 171.9956 17.8418 -79.3968 100.0000 stroke12
movl 0 -28.0151 350.1725 173.9411 170.4734 18.8162 -80.2159 100.0000 stroke12
movl 0 -25.6024 349.6484 174.1671 169.5329 19.1101 -80.9359 100.0000 stroke12
movl 0 -23.1798 353.1946 172.8699 168.0524 17.3440 -81.9716 100.0000 stroke12
movl 0 -15.7422 359.0262 170.5679 164.7994 13.9620 -84.7480 100.0000 stroke12
movl 0 -4.0013 364.4643 166.8146 160.3924 10.9452 -88.1265 100.0000 stroke12
movl 0 -1.3956 367.1917 165.6025 158.3435 9.0241 -89.0740 100.0000 stroke12
movl 0 -0.8818 367.4064 166.0817 157.8149 7.2789 -90.5144 100.0000 stroke12
movl 0 -1.0223 367.8652 166.7584 157.4248 5.1780 -92.2645 100.0000 stroke12
movl 0 -1.4613 368.7972 167.2054 157.2223 2.8478 -93.8548 100.0000 stroke12
movl 0 -1.6509 370.0692 167.2631 156.9674 0.3036 -95.6821 100.0000 stroke12
movl 0 -2.2082 371.9211 167.1481 156.8910 -2.4558 -97.1245 100.0000 stroke12
movl 0 -2.8508 373.9528 166.9638 156.8499 -5.0259 -98.1372 100.0000 stroke12
movl 0 -3.3769 375.4625 166.5856 156.8504 -7.1067 -98.7397 100.0000 stroke12
movl 0 -4.3592 376.7513 166.0126 156.7693 -8.7799 -98.5437 100.0000 stroke12
movl 0 -4.8153 376.0879 166.4353 156.5807 -8.4343 -98.1191 100.0000 stroke12
movl 0 -2.7220 372.9105 167.7329 156.3144 -6.8107 -98.8188 100.0000 stroke12
movl 0 -2.0232 372.2532 167.8735 156.3146 -6.6007 -99.0919 100.0000 stroke12
movl 0 -1.7834 372.1276 167.9391 156.3359 -6.9131 -99.2829 100.0000 stroke12
movl 0 -2.0989 372.4326 167.9203 156.4895 -7.8053 -99.2821 100.0000 stroke12
movl 0 0.1086 369.2777 169.1110 155.7720 -6.1498 -100.2392 100.0000 stroke12
movl 0 -0.8335 369.9762 168.7842 156.0839 -6.9986 -99.8940 100.0000 stroke12
movl 0 -0.9486 369.3448 169.1526 156.0999 -6.4739 -100.3516 100.0000 stroke12
movl 0 -0.2473 367.6128 169.4809 155.6247 -5.5126 -101.0225 100.0000 stroke12
movl 0 2.7196 362.4017 172.2700 153.8574 -3.2661 -102.1969 100.0000 stroke12
movl 0 2.4456 351.2113 190.2226 149.6240 3.8296 -107.0939 100.0000 stroke12
movl 0 -5.1084 335.7286 249.7589 141.3085 17.0978 -115.6480 100.0000 stroke12
movl 0 -19.4453 312.5743 219.5544 139.6292 18.3720 -121.9894 100.0000 stroke13
movl 0 -22.1706 296.4254 179.1697 144.8486 14.3487 -123.5815 100.0000 stroke13
movl 0 -25.9333 292.1259 169.6331 148.4290 13.5358 -124.2932 100.0000 stroke13
movl 0 -27.3933 296.9051 167.2386 150.1658 12.1062 -125.7253 100.0000 stroke13
movl 0 -26.0534 298.9343 166.4103 150.6565 11.1988 -126.5262 100.0000 stroke13
movl 0 -25.4480 299.7895 166.0514 150.8546 10.7080 -126.9392 100.0000 stroke13
movl 0 -25.2670 301.3026 165.4226 151.2621 10.3294 -127.0769 100.0000 stroke13
movl 0 -25.3786 302.5875 164.7876 151.6317 9.9595 -126.9492 100.0000 stroke13
movl 0 -26.5261 304.4548 164.0413 152.3388 9.0744 -126.4844 100.0000 stroke13
movl 0 -26.6170 305.3333 163.7420 152.5808 8.3953 -126.5103 100.0000 stroke13
movl 0 -26.8010 306.2585 163.4371 152.8093 7.5299 -126.4850 100.0000 stroke13
movl 0 -26.0237 305.5262 163.7040 152.4836 7.5233 -126.8149 100.0000 stroke13
movl 0 -24.7712 306.5157 163.4346 152.5884 6.6284 -127.2150 100.0000 stroke13
movl 0 -25.8655 306.8759 163.1705 152.7256 6.0982 -126.5172 100.0000 stroke13
movl 0 -25.7822 306.9398 162.9744 152.3820 6.1052 -126.0443 100.0000 stroke13
movl 0 -25.6741 306.9249 162.9001 152.0765 6.0855 -125.6846 100.0000 stroke13
movl 0 -25.7039 306.9791 162.8850 151.8254 6.0605 -125.5648 100.0000 stroke13
movl 0 -25.2467 306.8339 162.9266 151.3900 6.0697 -125.5260 100.0000 stroke13
movl 0 -24.9954 306.7022 162.9236 150.9812 6.1877 -125.5267 100.0000 stroke13
movl 0 -22.4939 304.0568 163.6472 148.9171 7.1695 -126.0085 100.0000 stroke13
movl 0 -17.4065 298.7017 167.2205 144.5781 10.6941 -125.9355 100.0000 stroke13
movl 0 -19.7680 301.9325 205.0543 139.3901 21.8148 -120.1947 100.0000 stroke13
movl 0 6.1181 386.8680 191.1683 145.4639 -5.3546 -113.7667 100.0000 stroke14
movl 0 10.6115 378.0781 169.6656 147.0629 -6.7029 -117.8672 100.0000 stroke14
movl 0 9.4386 375.3525 165.1173 147.5129 -6.3345 -118.5739 100.0000 stroke14
movl 0 7.8465 375.2706 164.4195 148.5059 -5.8258 -118.9915 100.0000 stroke14
movl 0 7.7854 376.9184 163.5173 148.6608 -6.0517 -119.2625 100.0000 stroke14
movl 0 5.1327 379.5192 162.6582 149.8997 -6.5105 -119.4037 100.0000 stroke14
movl 0 3.3177 381.6675 162.3575 152.0108 -8.0534 -121.0704 100.0000 stroke14
movl 0 4.6065 383.4428 162.0074 153.0419 -9.6296 -123.1013 100.0000 stroke14
movl 0 2.7007 383.5296 162.1002 153.5351 -10.3337 -123.6352 100.0000 stroke14
movl 0 2.3787 383.6442 162.1240 154.1046 -11.5767 -124.7619 100.0000 stroke14
movl 0 2.2991 383.4998 162.2490 154.5766 -12.8030 -125.7265 100.0000 stroke14
movl 0 1.9985 382.5693 162.1776 154.8127 -13.8853 -126.5047 100.0000 stroke14
movl 0 1.4412 382.1621 162.3741 155.3447 -14.8451 -127.1641 100.0000 stroke14
movl 0 1.1064 381.5741 162.6624 155.7656 -15.6592 -127.8555 100.0000 stroke14
movl 0 0.3874 380.8858 162.8579 156.1609 -16.3964 -128.1708 100.0000 stroke14
movl 0 -0.6555 380.6906 163.0270 156.5941 -16.8240 -128.2257 100.0000 stroke14
movl 0 -1.5087 380.3261 163.1196 157.0073 -17.2676 -128.3987 100.0000 stroke14
movl 0 -2.4973 380.0811 163.1786 157.4385 -17.7868 -128.5272 100.0000 stroke14
movl 0 -4.1908 379.6448 163.3123 157.9554 -18.0626 -128.4619 100.0000 stroke14
movl 0 -5.5374 379.2043 163.4438 158.2984 -18.3505 -128.4035 100.0000 stroke14
movl 0 -7.2238 378.6296 163.7018 158.5774 -18.4529 -128.1072 100.0000 stroke14
movl 0 -8.2834 378.2881 163.8416 158.7406 -18.6264 -127.9060 100.0000 stroke14
movl 0 -9.5757 377.7497 164.0619 158.7639 -18.6946 -127.4513 100.0000 stroke14
movl 0 -10.2625 377.2595 164.2754 158.6795 -18.8281 -127.1930 100.0000 stroke14
movl 0 -10.5526 377.0628 164.3476 158.4607 -19.0232 -126.8919 100.0000 stroke14
movl 0 -11.2445 376.6635 164.4763 158.4214 -19.0963 -126.7701 100.0000 stroke14
movl 0 -11.6740 376.4551 164.6045 158.3693 -19.1519 -126.6445 100.0000 stroke14
movl 0 -12.1007 375.9508 164.8168 158.1775 -19.1662 -126.4549 100.0000 stroke14
movl 0 -12.4622 375.5290 165.0370 157.9823 -19.2401 -126.3323 100.0000 stroke14
movl 0 -12.7877 374.9077 165.4163 157.8217 -19.1148 -126.3302 100.0000 stroke14
movl 0 -12.8207 374.8942 165.5066 157.7511 -19.2221 -126.4449 100.0000 stroke14
movl 0 -12.8098 374.6067 165.6616 157.6160 -19.3002 -126.5112 100.0000 stroke14
movl 0 -13.2858 374.2554 165.8630 157.4619 -19.3234 -126.5561 100.0000 stroke14
movl 0 -13.2136 373.9116 166.0730 157.3085 -19.3728 -126.6452 100.0000 stroke14
movl 0 -13.5403 373.2982 166.4009 157.1309 -19.3104 -126.7335 100.0000 stroke14
movl 0 -12.7836 372.6222 166.8572 156.7166 -19.4891 -127.0020 100.0000 stroke14
movl 0 -11.8117 371.0327 168.0040 155.7566 -19.5302 -127.1556 100.0000 stroke14
movl 0 -4.8362 370.2109 171.2324 153.8537 -19.8991 -127.6352 100.0000 stroke14
movl 0 3.4258 369.9951 173.4223 152.3604 -20.5479 -129.0538 100.0000 stroke14
movl 0 4.1408 370.2820 183.7066 150.9631 -20.1461 -129.6091 100.0000 stroke14
