movl 0 -10.6687 423.1516 164.2789 -152.8950 -23.5989 112.6451 100.0000 stroke1
movl 0 -8.6618 423.7972 161.9882 -150.9553 -22.3770 108.9824 100.0000 stroke1
movl 0 -8.6058 425.9542 162.1720 -150.7919 -21.4315 109.2455 100.0000 stroke1
movl 0 -8.7248 427.1791 161.9275 -151.1216 -21.4435 110.3811 100.0000 stroke1
movl 0 -11.8461 426.8483 162.0962 -152.4175 -21.2439 111.3258 100.0000 stroke1
movl 0 -12.7146 427.1661 161.9548 -153.1086 -21.1609 112.2041 100.0000 stroke1
movl 0 -13.0960 428.0578 161.2546 -153.1386 -21.0795 112.8939 100.0000 stroke1
movl 0 -15.2235 429.5009 160.8199 -153.7209 -20.1666 113.5843 100.0000 stroke1
movl 0 -18.3492 430.8479 161.2673 -155.0223 -18.2780 113.5734 100.0000 stroke1
movl 0 -19.8381 432.0156 161.6455 -155.6397 -16.5775 112.4760 100.0000 stroke1
movl 0 -19.2448 433.0352 161.6762 -155.4660 -14.9022 110.4107 100.0000 stroke1
movl 0 -19.3801 434.4226 161.3055 -154.5619 -13.7521 109.9897 100.0000 stroke1
movl 0 -19.5390 434.5797 161.5548 -153.8677 -13.1065 109.8150 100.0000 stroke1
movl 0 -19.5497 434.3515 161.8094 -153.3473 -12.9618 110.0150 100.0000 stroke1
movl 0 -18.2695 433.3053 162.4414 -152.2989 -13.3282 110.0998 100.0000 stroke1
movl 0 -11.6551 422.1700 170.8254 -149.0482 -18.5333 108.5515 100.0000 stroke1
movl 0 -10.6449 401.3581 235.3862 -144.7156 -30.5427 108.8630 100.0000 stroke1
movl 0 -24.7575 420.8445 219.7826 -152.9508 -27.2221 118.4098 100.0000 stroke2
movl 0 -14.8472 419.6218 175.0373 -150.0953 -20.1512 111.3363 100.0000 stroke2
movl 0 -13.2681 424.7812 164.4510 -149.2530 -14.9996 108.0491 100.0000 stroke2
movl 0 -14.1506 428.0639 162.7322 -148.3701 -14.3241 109.0957 100.0000 stroke2
movl 0 -16.5747 431.0828 160.8046 -148.5239 -13.4960 109.7257 100.0000 stroke2
movl 0 -22.5135 432.8191 160.7443 -150.6593 -11.2090 109.2714 100.0000 stroke2
movl 0 -26.5931 432.9379 161.6294 -152.5964 -9.1470 107.4238 100.0000 stroke2
movl 0 -26.5486 434.1103 161.9059 -153.1998 -7.2769 104.9526 100.0000 stroke2
movl 0 -27.9698 434.4922 162.2219 -153.2766 -5.5492 103.3827 100.0000 stroke2
movl 0 -28.0573 434.6574 162.9785 -153.0108 -3.4609 101.3138 100.0000 stroke2
movl 0 -28.2651 435.4580 163.4809 -152.8967 -0.9672 99.0519 100.0000 stroke2
movl 0 -28.0409 435.9790 163.8845 -152.8271 0.5770 97.7209 100.0000 stroke2
movl 0 -27.5894 436.3282 164.2680 -152.7496 1.8691 96.5543 100.0000 stroke2
movl 0 -27.0843 436.3438 164.7123 -152.6567 2.8313 95.5727 100.0000 stroke2
movl 0 -26.3040 436.3342 165.1428 -152.4833 3.5944 94.9388 100.0000 stroke2
movl 0 -17.6056 429.4187 170.7179 -150.0876 2.2060 94.0802 100.0000 stroke2
movl 0 -5.7071 409.5177 203.3672 -145.6985 -6.1230 92.3688 100.0000 stroke2
movl 0 -26.1957 392.1166 234.7460 -142.0623 -5.8427 82.2172 100.0000 stroke3
movl 0 -31.7073 392.2738 181.2442 -148.1688 -0.7563 78.0480 100.0000 stroke3
movl 0 -32.7230 393.1818 174.1647 -151.9469 0.8215 75.0764 100.0000 stroke3
movl 0 -32.4833 395.9540 171.8181 -152.6125 1.6290 74.9509 100.0000 stroke3
movl 0 -33.5267 398.5823 170.2614 -153.1431 2.4922 75.7586 100.0000 stroke3
movl 0 -36.5876 400.9861 169.6261 -155.1648 3.8396 75.3674 100.0000 stroke3
movl 0 -38.9892 400.5104 169.8713 -156.4996 4.1259 74.7463 100.0000 stroke3
movl 0 -40.5645 400.8607 170.3139 -157.8129 4.9097 73.9069 100.0000 stroke3
movl 0 -43.6338 400.6373 170.8071 -159.3744 5.1297 72.8902 100.0000 stroke3
movl 0 -45.9243 397.4763 171.4573 -159.6470 3.0019 72.3081 100.0000 stroke3
movl 0 -46.8429 396.2456 171.4992 -159.8098 1.5422 71.5333 100.0000 stroke3
movl 0 -47.1740 395.3557 171.5834 -159.9565 0.4325 70.3874 100.0000 stroke3
movl 0 -46.0947 394.9653 171.6751 -159.6405 -0.0267 70.0276 100.0000 stroke3
movl 0 -44.0461 395.1211 171.8627 -159.1565 -0.1709 69.3642 100.0000 stroke3
movl 0 -42.3270 395.1065 172.0194 -158.7049 -0.2680 68.6763 100.0000 stroke3
movl 0 -39.7658 394.4932 172.3663 -157.9377 -0.7515 67.8646 100.0000 stroke3
movl 0 -30.8583 387.7127 175.4597 -154.0147 -4.8715 68.3684 100.0000 stroke3
movl 0 -25.6960 366.6100 206.1859 -149.6569 -18.3480 74.0173 100.0000 stroke3
movl 0 -8.6429 402.4104 229.6920 -150.3533 -24.9730 93.2836 100.0000 stroke4
movl 0 -10.6535 393.4185 181.3133 -151.6085 -22.2722 92.1877 100.0000 stroke4
movl 0 -9.8990 393.1688 169.2802 -151.8266 -20.8072 90.6712 100.0000 stroke4
movl 0 -17.9600 393.0167 165.6903 -154.8691 -20.9102 92.7425 100.0000 stroke4
movl 0 -16.9138 394.3808 164.6764 -155.1855 -21.3358 92.9763 100.0000 stroke4
movl 0 -16.6799 397.4410 163.1178 -155.1745 -20.3995 92.5320 100.0000 stroke4
movl 0 -15.8742 403.9356 162.2462 -154.4765 -15.2435 89.5471 100.0000 stroke4
movl 0 -14.5799 406.7538 162.3139 -153.3641 -12.1380 87.3457 100.0000 stroke4
movl 0 -14.3970 408.0776 163.0233 -152.9422 -9.5029 85.5519 100.0000 stroke4
movl 0 -14.4291 409.6251 163.8301 -152.7225 -6.3212 83.2820 100.0000 stroke4
movl 0 -14.2970 411.8646 164.5475 -152.7303 -1.9094 80.1822 100.0000 stroke4
movl 0 -14.8286 414.6659 165.1938 -153.4688 2.4505 77.4173 100.0000 stroke4
movl 0 -16.3229 417.6574 165.6101 -154.9646 6.5864 74.7074 100.0000 stroke4
movl 0 -17.1444 420.7253 165.6535 -156.4592 10.3361 72.3771 100.0000 stroke4
movl 0 -18.2685 423.2568 165.4435 -157.9482 13.2282 70.4810 100.0000 stroke4
movl 0 -17.4060 422.0087 166.1338 -157.4746 12.8982 70.3759 100.0000 stroke4
movl 0 -14.1544 418.7741 166.9631 -155.9606 10.9044 69.8237 100.0000 stroke4
movl 0 -14.0670 418.7718 166.9452 -156.1047 11.0063 69.4209 100.0000 stroke4
movl 0 -14.5366 419.5091 166.9310 -156.6815 11.9556 69.1859 100.0000 stroke4
movl 0 -15.0221 420.4231 166.9328 -157.3450 13.0025 69.0697 100.0000 stroke4
movl 0 -16.0037 419.8738 167.1340 -157.6213 12.6586 68.9148 100.0000 stroke4
movl 0 -14.6824 410.8866 169.6267 -154.5088 7.0099 70.3935 100.0000 stroke4
movl 0 -15.8909 389.3824 191.5240 -149.1744 -13.3761 79.3147 100.0000 stroke4
movl 0 -8.2811 393.3239 240.5739 -147.8523 -27.5887 90.3485 100.0000 stroke5
movl 0 -12.4954 390.6007 181.0959 -151.0983 -19.5476 86.0536 100.0000 stroke5
movl 0 -12.6232 394.5828 170.8672 -152.7016 -17.0378 83.8553 100.0000 stroke5
movl 0 -13.4959 397.8238 167.7841 -153.2776 -16.0418 84.7438 100.0000 stroke5
movl 0 -11.5705 399.9966 166.6728 -152.4665 -15.0508 84.7098 100.0000 stroke5
movl 0 -13.2568 401.9170 166.2105 -153.3702 -14.3655 85.0395 100.0000 stroke5
movl 0 -16.0145 402.5473 166.4167 -155.2469 -13.8740 84.8066 100.0000 stroke5
movl 0 -17.9572 401.4106 166.6256 -156.2967 -14.4998 84.7038 100.0000 stroke5
movl 0 -17.0598 401.7020 166.6311 -156.5125 -14.3471 83.6717 100.0000 stroke5
movl 0 -15.5012 402.5318 166.6529 -156.8798 -13.7884 81.6983 100.0000 stroke5
movl 0 -13.2726 404.2946 166.2817 -157.2362 -12.9158 79.1899 100.0000 stroke5
movl 0 -9.9690 404.0141 166.3202 -155.7665 -12.8454 78.6687 100.0000 stroke5
movl 0 -7.3589 404.0414 166.1484 -154.6534 -12.7342 78.2873 100.0000 stroke5
movl 0 -7.4675 406.2127 166.1124 -155.2213 -10.7711 77.5183 100.0000 stroke5
movl 0 -5.4343 407.0001 166.0388 -153.1769 -10.2022 79.4764 100.0000 stroke5
movl 0 2.7738 389.9214 198.6916 -142.2552 -19.4534 82.1265 100.0000 stroke5
movl 0 3.8471 392.3031 190.4091 -144.5028 -11.6078 78.9878 100.0000 stroke6
movl 0 2.4948 394.3637 171.6856 -147.9369 -7.8567 76.5721 100.0000 stroke6
movl 0 -1.5997 396.0659 168.6385 -148.9714 -6.7236 76.0073 100.0000 stroke6
movl 0 -4.4576 399.2303 166.0787 -149.2859 -5.7740 76.3169 100.0000 stroke6
movl 0 -4.0251 400.7328 165.0023 -149.2390 -5.5480 76.4976 100.0000 stroke6
movl 0 -5.6590 401.5152 164.1022 -150.1616 -5.8245 76.6872 100.0000 stroke6
movl 0 -8.9386 401.1226 164.8277 -152.2901 -6.1182 76.1018 100.0000 stroke6
movl 0 -9.1821 400.9809 164.8938 -152.7211 -6.3247 75.7971 100.0000 stroke6
movl 0 -6.6309 401.0977 165.1154 -152.8848 -5.9436 74.1711 100.0000 stroke6
movl 0 -1.4767 402.5653 164.8832 -153.2094 -5.0931 71.3165 100.0000 stroke6
movl 0 2.4059 404.2868 164.5957 -153.3082 -3.9942 69.3145 100.0000 stroke6
movl 0 8.3525 405.9395 163.5922 -151.2185 -2.5463 68.8129 100.0000 stroke6
movl 0 12.3136 411.6569 161.5638 -151.4235 1.2673 67.1650 100.0000 stroke6
movl 0 15.4679 416.6613 159.8215 -151.1591 4.8876 66.4671 100.0000 stroke6
movl 0 15.0306 419.3771 159.9736 -151.7686 8.0215 66.0763 100.0000 stroke6
movl 0 14.7169 420.8627 159.9789 -151.9318 10.0898 66.5147 100.0000 stroke6
movl 0 14.2680 421.2250 160.0657 -151.9035 11.0586 66.9116 100.0000 stroke6
movl 0 17.2794 413.1616 163.4998 -148.8701 7.5187 67.3879 100.0000 stroke6
movl 0 18.0851 378.0406 210.5330 -141.4559 -21.1105 76.2942 100.0000 stroke6
movl 0 -7.2826 370.5391 232.5341 -168.4944 -40.8188 119.0467 100.0000 stroke7
movl 0 -11.9897 374.6837 179.4550 -164.7684 -29.9870 110.3507 100.0000 stroke7
movl 0 -12.7140 373.4350 175.6909 -161.6905 -23.9196 101.9896 100.0000 stroke7
movl 0 -22.8732 374.0448 173.5783 -163.8372 -22.2621 102.3523 100.0000 stroke7
movl 0 -24.1792 375.5096 171.4777 -162.9717 -21.8261 103.7190 100.0000 stroke7
movl 0 -24.8100 377.6340 170.0360 -162.8284 -21.1436 103.9833 100.0000 stroke7
movl 0 -27.5681 378.5421 169.2990 -164.2454 -20.0448 102.8477 100.0000 stroke7
movl 0 -30.9178 377.9501 169.4065 -165.7292 -19.4856 102.2699 100.0000 stroke7
movl 0 -32.0538 377.6723 169.5435 -166.4186 -19.2769 101.4528 100.0000 stroke7
movl 0 -31.4097 378.4603 169.6871 -166.6797 -18.6853 99.5068 100.0000 stroke7
movl 0 -29.4926 379.6138 169.8907 -166.6850 -18.1027 97.2683 100.0000 stroke7
movl 0 -27.2770 381.0994 170.0276 -166.7348 -17.4707 94.9790 100.0000 stroke7
movl 0 -25.0112 383.1898 169.8854 -166.9494 -16.5999 92.3180 100.0000 stroke7
movl 0 -22.6126 381.0222 170.6621 -165.6644 -17.6245 92.5297 100.0000 stroke7
movl 0 -20.4226 381.0724 170.8414 -164.8862 -17.5937 92.1285 100.0000 stroke7
movl 0 -20.1019 383.3459 170.8781 -164.8441 -15.8255 91.6632 100.0000 stroke7
movl 0 -9.8905 374.4685 172.0206 -156.9014 -21.5972 99.9897 100.0000 stroke7
movl 0 -0.0024 359.5894 246.8929 -156.2849 -42.0056 106.5345 100.0000 stroke7
movl 0 8.8873 411.4392 210.7306 -144.2799 -9.7883 90.9081 100.0000 stroke8
movl 0 16.7212 409.2587 172.7065 -145.1079 -4.5178 85.7197 100.0000 stroke8
movl 0 14.5865 406.3070 167.6772 -147.8371 -3.9825 83.5389 100.0000 stroke8
movl 0 16.8019 409.0206 166.8163 -148.3336 -1.5861 81.7952 100.0000 stroke8
movl 0 13.0166 409.6722 165.5282 -148.8649 -2.2372 82.9311 100.0000 stroke8
movl 0 10.1248 410.5874 164.9300 -149.5273 -2.2961 83.8492 100.0000 stroke8
movl 0 6.1606 413.0186 164.6022 -151.8091 -0.6258 83.3294 100.0000 stroke8
movl 0 3.5644 414.4989 164.4665 -153.8815 0.8406 81.7170 100.0000 stroke8
movl 0 4.5341 415.7694 164.0595 -154.1708 2.1594 80.5106 100.0000 stroke8
movl 0 4.4552 416.6308 164.1722 -154.2370 3.6315 80.5808 100.0000 stroke8
movl 0 4.2659 416.2785 164.6986 -154.1287 4.3618 80.8205 100.0000 stroke8
movl 0 5.9076 411.1643 167.1410 -152.2457 2.3656 82.9591 100.0000 stroke8
movl 0 2.9768 377.2956 208.7075 -147.5711 -19.0232 93.1393 100.0000 stroke8
movl 0 -19.6004 373.6570 219.1371 -173.3300 -27.0895 136.3404 100.0000 stroke9
movl 0 -19.0867 369.1436 183.6537 -175.3584 -25.8598 134.1103 100.0000 stroke9
movl 0 -27.5611 362.7391 180.6763 -177.2106 -24.5219 133.3874 100.0000 stroke9
movl 0 -36.3204 362.5329 177.5759 -178.8764 -23.0416 134.8363 100.0000 stroke9
movl 0 -36.4309 365.4560 174.8765 -178.4863 -23.0980 134.8609 100.0000 stroke9
movl 0 -38.1612 366.6369 173.4923 -178.9497 -22.6720 134.8895 100.0000 stroke9
movl 0 -41.7001 367.9259 173.4370 -179.2410 -20.6664 133.2581 100.0000 stroke9
movl 0 -44.3268 367.0607 173.3513 179.6270 -20.1400 132.8777 100.0000 stroke9
movl 0 -43.1489 368.0084 173.5195 179.7406 -19.7279 131.1150 100.0000 stroke9
movl 0 -41.6541 369.1753 173.8684 179.7831 -19.2541 129.2446 100.0000 stroke9
movl 0 -39.3416 370.7889 174.1086 179.9788 -18.7138 127.3805 100.0000 stroke9
movl 0 -36.9961 373.3108 174.2976 -179.7475 -17.8240 124.8679 100.0000 stroke9
movl 0 -35.0260 375.6706 174.5298 -179.6858 -16.7597 121.7646 100.0000 stroke9
movl 0 -34.2794 377.9426 174.2354 -179.8174 -15.6793 119.4358 100.0000 stroke9
movl 0 -31.1206 375.1756 175.1060 -178.8853 -17.5207 119.5826 100.0000 stroke9
movl 0 -27.5665 374.3501 175.4490 -178.0212 -18.6501 119.1375 100.0000 stroke9
movl 0 -27.8235 377.2504 175.6450 -177.1318 -16.3567 118.2916 100.0000 stroke9
movl 0 -25.4730 377.7540 175.7120 -175.2822 -16.8581 119.4449 100.0000 stroke9
movl 0 -19.2495 362.9336 206.8914 -172.7746 -30.2989 129.2095 100.0000 stroke9
movl 0 -21.0361 393.2506 241.4355 -163.8729 -33.4234 128.6718 100.0000 stroke10
movl 0 -21.9150 389.5143 190.6235 -162.1629 -27.5856 126.3614 100.0000 stroke10
movl 0 -26.9908 385.6064 178.8549 -161.2590 -21.9304 123.1797 100.0000 stroke10
movl 0 -36.1408 380.6106 176.0193 -161.3813 -19.0706 122.8015 100.0000 stroke10
movl 0 -47.9141 373.1248 175.7805 -164.2534 -19.8020 125.1857 100.0000 stroke10
movl 0 -52.9781 369.9673 174.6907 -166.3892 -20.5253 126.9582 100.0000 stroke10
movl 0 -57.5116 368.5990 174.4726 -168.1602 -19.7083 127.2835 100.0000 stroke10
movl 0 -61.8735 369.3457 174.1744 -169.7223 -17.6229 127.1671 100.0000 stroke10
movl 0 -65.2485 370.4007 174.2522 -170.7871 -15.7335 126.0257 100.0000 stroke10
movl 0 -67.8415 370.0573 174.5866 -171.6421 -14.9453 125.6431 100.0000 stroke10
movl 0 -68.1965 369.3286 174.7310 -172.4834 -15.1411 125.4712 100.0000 stroke10
movl 0 -66.5485 369.6625 174.9266 -172.4439 -15.2479 125.4402 100.0000 stroke10
movl 0 -64.5197 369.9323 175.0982 -172.5465 -15.2178 124.9816 100.0000 stroke10
movl 0 -61.2490 370.9675 175.2648 -172.5208 -15.0469 124.1105 100.0000 stroke10
movl 0 -58.3186 371.9154 175.3171 -172.5911 -14.9101 123.3122 100.0000 stroke10
movl 0 -55.5456 372.5396 175.5007 -172.7326 -14.7697 122.6026 100.0000 stroke10
movl 0 -52.6030 373.3246 175.5480 -173.0251 -14.5039 121.7554 100.0000 stroke10
movl 0 -49.3185 373.9592 175.5811 -173.3149 -14.2599 120.9256 100.0000 stroke10
movl 0 -45.9319 374.3456 175.5785 -173.6463 -14.0394 120.1758 100.0000 stroke10
movl 0 -42.0413 374.9021 175.5602 -173.9874 -13.9976 119.0305 100.0000 stroke10
movl 0 -39.4987 375.3896 175.4376 -174.4879 -13.5680 118.1318 100.0000 stroke10
movl 0 -37.7605 375.6730 175.4023 -175.2085 -13.0867 117.0543 100.0000 stroke10
movl 0 -34.8277 376.1936 175.3480 -175.8391 -12.6266 115.6604 100.0000 stroke10
movl 0 -32.1980 376.9067 175.1417 -176.3390 -12.0708 114.3379 100.0000 stroke10
movl 0 -30.6982 377.6396 174.8118 -176.9659 -11.5275 112.6660 100.0000 stroke10
movl 0 -29.1979 375.8864 175.5095 -176.4991 -12.2999 112.7977 100.0000 stroke10
movl 0 -24.8469 372.9282 176.4552 -175.6885 -14.1303 112.8159 100.0000 stroke10
movl 0 -23.1673 372.1628 176.9071 -175.4119 -14.6641 112.4352 100.0000 stroke10
movl 0 -22.4207 371.6733 177.1751 -175.3648 -14.8957 112.2609 100.0000 stroke10
movl 0 -22.4215 372.8237 177.3359 -174.9904 -14.0354 112.4126 100.0000 stroke10
movl 0 -22.5299 375.4027 177.8397 -174.3275 -12.0821 112.1106 100.0000 stroke10
movl 0 -22.5008 377.9331 178.0657 -173.6883 -10.4662 111.3824 100.0000 stroke10
movl 0 -21.0472 378.1334 177.7290 -172.4845 -11.0481 112.8716 100.0000 stroke10
movl 0 -9.4924 365.6378 180.4154 -171.3393 -25.2183 124.6857 100.0000 stroke10
movl 0 -12.9024 387.3404 211.9919 174.5010 -31.9166 174.6829 100.0000 stroke11
movl 0 -9.1549 369.4363 176.4127 165.7485 -27.9345 -178.1706 100.0000 stroke11
movl 0 -11.8935 365.6686 169.8748 162.7572 -24.2142 -174.4406 100.0000 stroke11
movl 0 -13.5390 365.4434 169.6097 162.3770 -22.8999 -172.1448 100.0000 stroke11
movl 0 -13.1098 365.8662 167.4683 161.7239 -21.9780 -170.7049 100.0000 stroke11
movl 0 -14.7918 368.3634 165.7411 162.3585 -21.1613 -169.8194 100.0000 stroke11
movl 0 -17.9783 373.9444 166.7750 165.4327 -20.8513 -171.1423 100.0000 stroke11
movl 0 -16.8916 378.4114 166.7962 169.1107 -21.8409 -174.6231 100.0000 stroke11
movl 0 -17.2419 380.0609 167.1753 172.1362 -22.5630 -178.1421 100.0000 stroke11
movl 0 -17.2042 381.1091 167.3789 174.2922 -22.8732 178.7060 100.0000 stroke11
movl 0 -17.5129 382.3249 167.8454 177.1238 -22.8939 174.6249 100.0000 stroke11
movl 0 -17.7512 383.2999 168.1195 179.5476 -22.8304 171.4027 100.0000 stroke11
movl 0 -18.3304 384.4183 168.4838 -178.1541 -22.6435 168.6550 100.0000 stroke11
movl 0 -18.8345 385.8137 168.7047 -175.6727 -22.0953 165.7058 100.0000 stroke11
movl 0 -19.3569 387.0354 168.9388 -173.3272 -21.2242 162.7511 100.0000 stroke11
movl 0 -20.2707 388.4721 168.9998 -170.8663 -20.0609 159.4579 100.0000 stroke11
movl 0 -21.0855 389.8608 168.9263 -168.8249 -19.0814 157.2892 100.0000 stroke11
movl 0 -21.7894 390.9586 168.8454 -167.2732 -18.2629 155.8533 100.0000 stroke11
movl 0 -22.7087 391.6733 168.8239 -166.2080 -17.5727 155.1580 100.0000 stroke11
movl 0 -24.2309 392.4553 168.7612 -165.1263 -16.8166 154.8974 100.0000 stroke11
movl 0 -23.4838 390.7408 169.6462 -165.7207 -17.3259 155.0179 100.0000 stroke11
movl 0 -19.9921 388.0470 170.9398 -167.1115 -18.2992 154.3863 100.0000 stroke11
movl 0 -19.8396 387.9588 171.1632 -166.8647 -18.1493 154.2668 100.0000 stroke11
movl 0 -19.9669 387.9330 171.5370 -166.2379 -17.8598 154.2099 100.0000 stroke11
movl 0 -17.5908 385.9358 172.5614 -167.0295 -18.7301 153.6608 100.0000 stroke11
movl 0 -19.3884 386.9299 172.2854 -166.3372 -17.9210 154.1369 100.0000 stroke11
movl 0 -19.9935 385.4224 172.7772 -167.2123 -18.1483 154.5464 100.0000 stroke11
movl 0 -16.8292 371.2500 175.3103 -175.1635 -22.7308 157.5080 100.0000 stroke11
movl 0 -21.1050 367.2615 175.4071 -178.0585 -22.2073 159.3004 100.0000 stroke11
movl 0 -25.4023 371.8495 174.1524 -175.5150 -20.4185 159.7622 100.0000 stroke11
movl 0 -27.8689 373.6343 173.2224 -174.2669 -19.6243 160.9829 100.0000 stroke11
movl 0 -28.5106 373.6575 173.0449 -174.3432 -19.7197 162.4348 100.0000 stroke11
movl 0 -28.1559 373.1314 173.2143 -174.6433 -20.2819 163.1281 100.0000 stroke11
movl 0 -27.4488 372.4410 173.3939 -175.0285 -20.9065 163.4538 100.0000 stroke11
movl 0 -26.8174 372.0815 173.4490 -175.3034 -21.3847 163.6798 100.0000 stroke11
movl 0 -25.8004 371.4564 173.5086 -175.6763 -22.0556 163.9790 100.0000 stroke11
movl 0 -18.8037 365.9843 174.4671 -178.3149 -25.4505 164.5846 100.0000 stroke11
movl 0 -10.9835 348.9988 180.4085 166.9204 -31.7107 173.5205 100.0000 stroke11
movl 0 -21.3466 329.4403 241.9245 150.2948 -31.2608 -175.1179 100.0000 stroke11
movl 0 -26.8578 381.6859 188.7284 178.8390 -27.3336 173.8279 100.0000 stroke12
movl 0 -23.8676 374.3689 179.3218 177.8540 -26.0801 173.3537 100.0000 stroke12
movl 0 -30.4858 371.8259 175.9093 176.2524 -24.6078 174.8004 100.0000 stroke12
movl 0 -33.9820 369.5529 176.1724 175.1091 -23.4860 175.5936 100.0000 stroke12
movl 0 -35.6995 368.4394 175.9658 174.1745 -22.8456 176.0551 100.0000 stroke12
movl 0 -36.7329 368.5298 175.4400 173.7605 -22.3415 176.6306 100.0000 stroke12
movl 0 -37.6901 368.6342 175.0371 173.4982 -21.8004 176.7230 100.0000 stroke12
movl 0 -41.3346 369.4575 174.1678 174.0941 -20.8145 177.4694 100.0000 stroke12
movl 0 -44.1884 371.3250 173.3076 175.7117 -20.2930 178.2540 100.0000 stroke12
movl 0 -46.7015 373.1893 172.4208 177.0130 -20.1431 179.8378 100.0000 stroke12
movl 0 -48.9727 373.6083 171.6461 177.1723 -19.9884 -177.5415 100.0000 stroke12
movl 0 -47.8064 371.9318 172.4107 175.9741 -20.2691 -176.2685 100.0000 stroke12
movl 0 -43.9056 366.1589 174.2750 172.4861 -21.1829 -175.4644 100.0000 stroke12
movl 0 -43.7876 366.2140 174.5673 172.3474 -21.4240 -175.3467 100.0000 stroke12
movl 0 -45.4938 367.1168 174.2105 173.3388 -20.3759 -176.1813 100.0000 stroke12
movl 0 -47.5916 370.1777 174.3015 176.0720 -19.4269 -176.9343 100.0000 stroke12
movl 0 -48.5136 369.4068 174.3098 175.3914 -18.8951 -177.2157 100.0000 stroke12
movl 0 -42.7606 365.7270 176.0350 172.7528 -19.6667 179.8176 100.0000 stroke12
movl 0 -27.2918 350.3813 200.1540 162.9340 -25.7589 -177.2620 100.0000 stroke12
movl 0 -14.5142 382.2135 201.7418 -176.3964 -25.2021 159.4035 100.0000 stroke13
movl 0 -4.9947 382.1366 179.2297 -173.4433 -24.0380 152.9662 100.0000 stroke13
movl 0 -5.3479 386.6187 178.9606 -171.1682 -21.4026 149.2219 100.0000 stroke13
movl 0 -8.5728 386.8501 178.3609 -171.5503 -20.4090 149.3412 100.0000 stroke13
movl 0 -11.7406 388.9153 177.6111 -171.1519 -18.6582 148.3164 100.0000 stroke13
movl 0 -17.0069 393.2793 176.8915 -170.1044 -14.8042 145.4846 100.0000 stroke13
movl 0 -21.1704 399.1277 175.5420 -168.8230 -10.5696 142.0819 100.0000 stroke13
movl 0 -21.6600 407.8140 172.8851 -166.4904 -6.5836 138.2608 100.0000 stroke13
movl 0 -18.6600 413.9132 171.2023 -164.4105 -4.3061 135.4180 100.0000 stroke13
movl 0 -16.1414 414.4628 171.3763 -164.3464 -4.3338 133.8550 100.0000 stroke13
movl 0 -17.2983 415.5728 171.4040 -163.0437 -2.6807 133.9711 100.0000 stroke13
movl 0 -17.1870 410.9820 173.6585 -164.4250 -4.3460 134.2721 100.0000 stroke13
movl 0 -15.6935 408.5881 174.4879 -165.1976 -5.5091 134.1906 100.0000 stroke13
movl 0 -17.6295 409.3804 174.5407 -164.0185 -3.9498 134.9722 100.0000 stroke13
movl 0 -14.0033 403.2725 177.0349 -165.7179 -7.1685 134.5148 100.0000 stroke13
movl 0 -15.8892 405.6116 176.3986 -164.3373 -5.0984 134.9071 100.0000 stroke13
movl 0 -15.9820 404.5232 176.4866 -164.7792 -5.9372 135.0829 100.0000 stroke13
movl 0 -15.2323 402.9032 176.8975 -165.1538 -7.1196 135.6950 100.0000 stroke13
movl 0 -15.0905 400.8679 177.5495 -165.8507 -8.2128 136.3924 100.0000 stroke13
movl 0 -12.3205 394.0084 179.8085 -168.0084 -12.1722 137.9815 100.0000 stroke13
movl 0 -6.3286 385.0276 194.5488 -172.9921 -19.8047 142.1659 100.0000 stroke13
