movl 0 -24.9996 399.8213 166.8834 169.1446 -30.2007 174.7675 100.0000 stroke1
movl 0 -25.3563 399.3186 167.3854 167.9866 -29.8030 176.5768 100.0000 stroke1
movl 0 -23.4074 399.6165 168.5201 166.3831 -29.9684 -179.8890 100.0000 stroke1
movl 0 -25.7337 399.6717 168.8534 163.0558 -27.6508 -173.0877 100.0000 stroke1
movl 0 -27.8184 400.1234 168.5377 162.5620 -26.8086 -170.5244 100.0000 stroke1
movl 0 -28.0859 400.7094 168.0273 163.9211 -25.2430 -172.4742 100.0000 stroke1
movl 0 -31.9082 397.6913 168.2339 162.6785 -23.7017 -171.2496 100.0000 stroke1
movl 0 -33.2844 395.3498 168.2305 161.5283 -23.0770 -170.3916 100.0000 stroke1
movl 0 -36.2396 394.1523 168.2424 161.3140 -22.2585 -169.9112 100.0000 stroke1
movl 0 -36.8838 393.8352 167.2562 160.3162 -21.8768 -169.2177 100.0000 stroke1
movl 0 -38.6642 394.3679 166.4985 160.4539 -21.3987 -169.1593 100.0000 stroke1
movl 0 -40.9655 397.0469 166.2138 163.2811 -21.1787 -171.4877 100.0000 stroke1
movl 0 -42.7096 399.5028 166.0373 165.9546 -21.0213 -173.7900 100.0000 stroke1
movl 0 -42.1916 402.1560 165.5226 168.1611 -21.5367 -176.0073 100.0000 stroke1
movl 0 -41.4194 403.0923 165.3953 169.3924 -22.2618 -177.1195 100.0000 stroke1
movl 0 -41.2225 403.6749 165.7783 171.0229 -22.7476 -178.9580 100.0000 stroke1
movl 0 -41.1792 403.9212 166.2561 172.6574 -23.2490 179.4310 100.0000 stroke1
movl 0 -41.6947 403.5239 166.8204 173.8562 -23.5370 178.2028 100.0000 stroke1
movl 0 -42.4078 403.0862 167.1958 174.9431 -23.7955 177.2630 100.0000 stroke1
movl 0 -43.0266 402.8285 167.5230 175.9238 -23.9112 176.3769 100.0000 stroke1
movl 0 -43.2669 402.1766 167.7341 176.2663 -24.2774 176.2839 100.0000 stroke1
movl 0 -43.1780 401.9674 167.8670 176.7744 -24.6654 175.8817 100.0000 stroke1
movl 0 -42.6746 401.2757 168.2386 177.0270 -25.2787 175.5605 100.0000 stroke1
movl 0 -40.7355 396.6315 171.3043 175.7455 -27.1820 175.7717 100.0000 stroke1
movl 0 -40.1017 378.8254 196.0041 166.3894 -32.9080 179.1418 100.0000 stroke1
movl 0 -40.9057 391.1148 213.1923 168.4305 -35.0700 178.5631 100.0000 stroke2
movl 0 -30.5761 397.6346 178.3650 -179.0879 -34.5722 162.7532 100.0000 stroke2
movl 0 -34.6956 399.5974 170.2578 -176.4385 -30.9943 158.2520 100.0000 stroke2
movl 0 -37.2419 398.5790 171.3039 -174.7884 -29.1013 154.2154 100.0000 stroke2
movl 0 -36.6507 402.2601 170.3295 -171.0399 -27.6764 149.7179 100.0000 stroke2
movl 0 -37.4986 406.0417 168.2726 -167.9140 -26.4473 146.8250 100.0000 stroke2
movl 0 -40.8020 408.6127 167.2213 -166.7239 -24.2753 145.0674 100.0000 stroke2
movl 0 -45.1800 409.6601 167.9018 -166.8530 -20.7512 141.9003 100.0000 stroke2
movl 0 -47.7289 410.7124 167.9055 -167.2776 -18.8297 140.3498 100.0000 stroke2
movl 0 -48.1562 412.0764 167.8004 -166.8961 -17.6411 139.3011 100.0000 stroke2
movl 0 -48.7911 412.0988 168.3487 -166.6038 -16.7187 138.6891 100.0000 stroke2
movl 0 -48.7689 411.8859 168.9905 -166.3584 -16.1033 138.1006 100.0000 stroke2
movl 0 -48.4750 411.6275 169.4677 -166.1514 -15.7730 137.6387 100.0000 stroke2
movl 0 -48.2976 411.4228 170.0824 -165.8875 -15.3071 136.9980 100.0000 stroke2
movl 0 -48.0663 411.1985 170.4894 -165.6471 -15.0741 136.6380 100.0000 stroke2
movl 0 -47.9534 411.0327 170.8396 -165.4037 -14.8734 136.3772 100.0000 stroke2
movl 0 -46.3111 408.9840 171.7216 -165.8230 -16.6546 137.4131 100.0000 stroke2
movl 0 -39.9224 393.2519 186.4392 -175.0004 -26.9294 147.3438 100.0000 stroke2
movl 0 -29.8323 388.6439 197.6254 159.7188 -22.5808 -169.2628 100.0000 stroke3
movl 0 -30.1083 388.6179 178.6593 161.5250 -20.6064 -172.7625 100.0000 stroke3
movl 0 -30.6486 389.1631 175.9271 161.9109 -20.3317 -173.7381 100.0000 stroke3
movl 0 -32.5069 391.7728 173.4271 162.6893 -20.4981 -173.2076 100.0000 stroke3
movl 0 -35.0114 393.7404 171.9202 163.7607 -20.4192 -173.4788 100.0000 stroke3
movl 0 -36.4490 396.3373 170.6770 165.1009 -20.2877 -174.2754 100.0000 stroke3
movl 0 -38.4067 401.5142 169.9697 169.9032 -20.2266 -178.8298 100.0000 stroke3
movl 0 -37.9698 405.3154 169.1903 173.0854 -20.7058 177.9022 100.0000 stroke3
movl 0 -38.4810 406.4016 168.9224 174.6829 -20.8448 176.2591 100.0000 stroke3
movl 0 -39.0248 406.7208 169.1630 176.3751 -20.9852 174.4147 100.0000 stroke3
movl 0 -40.2351 406.0435 169.4998 177.6585 -21.0850 173.3117 100.0000 stroke3
movl 0 -42.1815 404.6599 169.9775 178.8319 -21.0870 172.5894 100.0000 stroke3
movl 0 -43.7830 403.2917 170.4953 -179.7390 -21.2319 171.6037 100.0000 stroke3
movl 0 -45.6997 402.0399 170.9069 -178.6183 -21.3056 171.2326 100.0000 stroke3
movl 0 -47.6171 400.8125 171.1984 -177.8508 -21.3711 171.2286 100.0000 stroke3
movl 0 -48.9014 400.0729 171.2909 -177.2584 -21.5780 171.3087 100.0000 stroke3
movl 0 -49.9889 399.3154 171.4344 -176.9037 -21.8451 171.3969 100.0000 stroke3
movl 0 -50.8046 398.1898 171.8928 -176.7564 -22.3721 171.5391 100.0000 stroke3
movl 0 -52.6655 391.5782 179.4895 -177.6859 -25.7782 171.5748 100.0000 stroke3
movl 0 -58.1150 369.2275 241.6386 170.7445 -35.7018 177.5178 100.0000 stroke3
movl 0 -35.1928 384.7291 197.5534 -169.5457 -31.3182 145.1216 100.0000 stroke4
movl 0 -35.9916 383.2753 176.7379 -168.2774 -26.8692 140.3029 100.0000 stroke4
movl 0 -41.0311 383.1561 176.0218 -167.5499 -24.2416 138.0675 100.0000 stroke4
movl 0 -46.4502 383.9740 173.2841 -167.0742 -23.3579 139.1737 100.0000 stroke4
movl 0 -50.2030 383.0093 172.0970 -167.9140 -23.2063 140.2538 100.0000 stroke4
movl 0 -54.7745 382.1413 171.6117 -169.1048 -21.5966 139.8103 100.0000 stroke4
movl 0 -58.9235 381.8524 172.2394 -169.1953 -18.7910 136.8324 100.0000 stroke4
movl 0 -61.8822 381.8249 172.6506 -168.8679 -16.8539 134.8061 100.0000 stroke4
movl 0 -63.4921 379.7923 172.7828 -169.8774 -17.1622 133.9562 100.0000 stroke4
movl 0 -63.2082 379.7324 172.7738 -170.2393 -17.1604 132.5363 100.0000 stroke4
movl 0 -61.7852 380.1294 172.8738 -170.3600 -17.1329 131.3133 100.0000 stroke4
movl 0 -59.4063 381.2681 173.1066 -170.0602 -16.9567 129.7853 100.0000 stroke4
movl 0 -56.1143 382.8638 173.3482 -169.6194 -16.8028 128.1138 100.0000 stroke4
movl 0 -52.6184 384.9816 173.4499 -169.0555 -16.5863 126.6734 100.0000 stroke4
movl 0 -44.7373 385.9991 175.0725 -167.9933 -17.6733 124.6467 100.0000 stroke4
movl 0 -23.9347 383.4043 191.2652 -166.7663 -23.9808 124.8508 100.0000 stroke4
movl 0 -30.3361 382.5117 212.0301 165.8715 -28.7809 178.4387 100.0000 stroke5
movl 0 -27.3581 381.5694 182.9571 175.7812 -28.8484 166.9610 100.0000 stroke5
movl 0 -29.8106 380.5594 178.9858 177.2286 -26.5340 162.0110 100.0000 stroke5
movl 0 -33.2958 382.4960 176.2708 178.3502 -25.3096 160.6601 100.0000 stroke5
movl 0 -34.3650 384.0894 174.8016 178.7190 -24.9764 160.1228 100.0000 stroke5
movl 0 -36.1507 387.0302 173.3593 179.5381 -24.2836 159.6825 100.0000 stroke5
movl 0 -38.2463 391.5199 172.3911 -177.3381 -22.0463 156.4309 100.0000 stroke5
movl 0 -39.1714 394.8994 171.8230 -175.0622 -20.4183 154.0298 100.0000 stroke5
movl 0 -38.4759 398.5392 171.3209 -172.7123 -18.9615 151.4763 100.0000 stroke5
movl 0 -36.9327 400.5783 170.7493 -171.7535 -18.7095 150.2375 100.0000 stroke5
movl 0 -37.5814 400.8419 171.3447 -170.0648 -18.0008 149.1167 100.0000 stroke5
movl 0 -36.4242 400.1976 171.8295 -169.5735 -18.2397 147.9604 100.0000 stroke5
movl 0 -37.4362 399.8884 171.9197 -169.2727 -17.9812 147.5961 100.0000 stroke5
movl 0 -34.5567 395.8225 173.2035 -170.8341 -20.5701 147.9276 100.0000 stroke5
movl 0 -30.3029 383.8602 193.8025 -179.8599 -28.4857 156.4525 100.0000 stroke5
movl 0 -33.9152 378.3445 204.6176 176.4016 -29.8000 173.3875 100.0000 stroke6
movl 0 -29.5014 377.1963 174.2660 176.6829 -27.5205 171.3736 100.0000 stroke6
movl 0 -31.0530 377.5243 173.3307 176.0048 -26.9035 172.1319 100.0000 stroke6
movl 0 -33.0125 379.4061 171.7709 176.4317 -26.3581 172.3765 100.0000 stroke6
movl 0 -35.1470 382.0365 170.6156 177.5887 -25.7614 172.2685 100.0000 stroke6
movl 0 -37.8184 385.8971 169.6604 -179.1460 -24.1029 169.3157 100.0000 stroke6
movl 0 -37.6241 388.5392 169.2853 -176.3428 -23.3228 165.7900 100.0000 stroke6
movl 0 -38.4302 389.7985 169.3755 -174.2694 -22.5040 163.1477 100.0000 stroke6
movl 0 -39.3682 391.0559 169.7302 -171.4022 -21.1491 159.2527 100.0000 stroke6
movl 0 -40.6258 392.6359 169.9590 -168.7680 -19.6171 156.3182 100.0000 stroke6
movl 0 -42.0489 394.3445 169.8644 -166.4384 -17.9786 153.9672 100.0000 stroke6
movl 0 -43.8767 396.2402 169.4480 -164.4236 -16.2800 152.5536 100.0000 stroke6
movl 0 -45.6792 397.9698 169.0864 -162.6207 -14.6048 151.3743 100.0000 stroke6
movl 0 -48.1586 398.7399 168.9186 -161.3012 -13.0378 150.9699 100.0000 stroke6
movl 0 -50.0776 398.5095 168.8150 -160.6851 -12.7761 152.0405 100.0000 stroke6
movl 0 -48.0219 395.9749 170.1533 -161.9331 -13.9573 151.7099 100.0000 stroke6
movl 0 -47.4486 394.8735 170.7918 -162.0520 -14.0217 151.3501 100.0000 stroke6
movl 0 -48.2620 392.7807 171.5717 -162.8418 -14.1799 151.3913 100.0000 stroke6
movl 0 -42.1414 380.3195 175.9820 -168.0630 -19.2745 151.2390 100.0000 stroke6
movl 0 -42.8737 377.2182 176.3559 -169.7550 -19.5863 150.7401 100.0000 stroke6
movl 0 -45.9010 380.1605 174.4067 -168.8864 -18.5549 151.4632 100.0000 stroke6
movl 0 -49.9095 382.9524 172.6196 -167.2672 -17.1609 152.8554 100.0000 stroke6
movl 0 -50.4507 383.4480 172.0726 -166.7780 -17.3130 153.7735 100.0000 stroke6
movl 0 -48.7662 382.8323 171.9297 -166.8143 -18.6598 154.4958 100.0000 stroke6
movl 0 -36.0685 372.2777 175.4935 -171.6340 -27.0025 155.2014 100.0000 stroke6
movl 0 -26.4201 365.4978 199.4919 176.5780 -34.9090 163.4714 100.0000 stroke6
movl 0 -34.2585 398.3103 210.0964 -172.6471 -30.3396 160.2665 100.0000 stroke7
movl 0 -33.5624 390.4809 183.1118 -170.6961 -28.9488 157.3085 100.0000 stroke7
movl 0 -37.5823 389.4142 174.9978 -169.3826 -26.0848 154.3334 100.0000 stroke7
movl 0 -41.1031 385.5334 175.5414 -171.1197 -24.6559 153.5523 100.0000 stroke7
movl 0 -43.3637 385.1296 174.8434 -171.4418 -24.4366 154.2552 100.0000 stroke7
movl 0 -45.5870 385.2728 174.2325 -171.6094 -23.9931 155.0891 100.0000 stroke7
movl 0 -47.5793 385.4990 173.6869 -171.7737 -23.0954 154.8882 100.0000 stroke7
movl 0 -50.0977 386.9165 172.9900 -170.8137 -21.6123 154.1670 100.0000 stroke7
movl 0 -52.7069 389.1980 172.2641 -168.8323 -19.9973 153.3837 100.0000 stroke7
movl 0 -55.7970 390.7730 171.4395 -167.2837 -18.7868 153.5821 100.0000 stroke7
movl 0 -58.6515 392.0908 170.3826 -166.0917 -18.2387 155.0933 100.0000 stroke7
movl 0 -58.6192 390.9390 170.5354 -166.4724 -18.9037 156.2378 100.0000 stroke7
movl 0 -54.3066 388.5939 171.5180 -167.9600 -21.0065 157.2223 100.0000 stroke7
movl 0 -53.9339 388.4859 171.5456 -168.3157 -21.1289 157.3646 100.0000 stroke7
movl 0 -53.6843 388.2628 171.6150 -168.4908 -21.2920 157.4802 100.0000 stroke7
movl 0 -53.0002 387.6974 171.8137 -168.7059 -21.7107 157.6988 100.0000 stroke7
movl 0 -54.1029 388.7440 171.5673 -168.2491 -20.9687 157.6471 100.0000 stroke7
movl 0 -56.0864 390.4319 171.3975 -167.3065 -19.5704 157.4904 100.0000 stroke7
movl 0 -57.0278 390.1786 171.3296 -167.8390 -19.4686 157.9926 100.0000 stroke7
movl 0 -49.9145 377.5163 175.8038 -179.2250 -25.8770 165.1037 100.0000 stroke7
movl 0 -43.6481 352.3174 221.0365 145.7699 -22.7657 -165.1590 100.0000 stroke7
movl 0 -28.5079 395.2163 207.2270 176.0350 -26.5344 176.0023 100.0000 stroke8
movl 0 -27.5259 390.5637 177.3979 -179.1479 -25.6451 168.8689 100.0000 stroke8
movl 0 -27.2203 392.8788 175.4481 -176.9580 -25.0999 166.3973 100.0000 stroke8
movl 0 -27.6072 393.5264 174.9318 -176.5502 -25.0612 166.7859 100.0000 stroke8
movl 0 -29.6586 395.2288 173.7267 -176.1336 -24.3711 166.9286 100.0000 stroke8
movl 0 -33.0534 398.4834 172.5360 -174.3517 -22.4726 165.7249 100.0000 stroke8
movl 0 -36.6252 402.9997 171.6839 -171.2054 -19.4422 162.4816 100.0000 stroke8
movl 0 -39.0615 406.2330 170.8961 -169.0921 -17.0433 159.8296 100.0000 stroke8
movl 0 -38.9209 407.1932 170.8745 -168.4183 -16.2886 158.3449 100.0000 stroke8
movl 0 -38.2508 408.0435 170.8029 -167.7437 -15.9745 157.3033 100.0000 stroke8
movl 0 -39.3800 406.0798 171.8413 -167.4812 -15.7902 157.1701 100.0000 stroke8
movl 0 -36.8938 406.5518 171.8382 -166.8164 -16.2034 156.2365 100.0000 stroke8
movl 0 -37.1695 404.7318 172.2589 -167.7606 -16.8502 156.3638 100.0000 stroke8
movl 0 -27.9700 390.6295 178.0056 -178.8005 -25.9958 161.0028 100.0000 stroke8
movl 0 -25.4358 374.6024 246.2835 155.6976 -29.4193 -178.2711 100.0000 stroke8
movl 0 -8.5495 397.4783 235.8681 157.4872 -26.4994 -168.8458 100.0000 stroke9
movl 0 -8.7128 396.3964 183.8713 166.6275 -27.1862 179.7343 100.0000 stroke9
movl 0 -11.1704 396.0017 173.7757 168.8828 -25.9698 177.5999 100.0000 stroke9
movl 0 -18.6980 391.7791 172.1570 165.7578 -23.6355 -178.6577 100.0000 stroke9
movl 0 -20.1664 392.7587 170.6622 165.2806 -23.2132 -176.2623 100.0000 stroke9
movl 0 -23.0792 394.1222 170.1814 166.1650 -21.9485 -176.7008 100.0000 stroke9
movl 0 -27.4708 393.7488 170.7535 167.1879 -19.8686 -179.4298 100.0000 stroke9
movl 0 -30.0338 393.2380 171.0927 167.4212 -18.7701 179.1431 100.0000 stroke9
movl 0 -30.9508 392.8549 171.0247 167.2053 -18.1943 178.1104 100.0000 stroke9
movl 0 -30.6058 393.6504 171.1774 167.7230 -17.7657 175.9215 100.0000 stroke9
movl 0 -29.5543 394.8973 171.4724 168.4527 -17.3639 173.1733 100.0000 stroke9
movl 0 -27.5544 396.6979 171.7082 169.2822 -16.8746 169.5554 100.0000 stroke9
movl 0 -25.6192 399.1285 171.5448 170.3128 -16.4428 166.0385 100.0000 stroke9
movl 0 -23.1895 397.5226 171.9875 169.9060 -17.9323 166.5509 100.0000 stroke9
movl 0 -20.2990 396.3316 172.3918 169.5057 -19.1626 166.7188 100.0000 stroke9
movl 0 -18.8296 396.0433 172.5819 169.4636 -19.7425 166.6411 100.0000 stroke9
movl 0 -18.8338 396.4594 172.5937 169.7634 -19.5645 166.4986 100.0000 stroke9
movl 0 -19.4402 399.4540 172.7850 172.3022 -18.6192 164.2543 100.0000 stroke9
movl 0 -18.2703 400.8196 172.4026 173.3950 -19.3173 164.1925 100.0000 stroke9
movl 0 -13.0778 398.0366 172.1626 172.6472 -23.7571 168.0411 100.0000 stroke9
movl 0 -5.5549 395.0619 186.5582 168.4131 -29.3363 172.3350 100.0000 stroke9
movl 0 -3.4340 414.5711 213.9359 167.1877 -30.2008 178.9994 100.0000 stroke10
movl 0 2.3982 417.2300 180.3743 170.5203 -30.4152 175.1650 100.0000 stroke10
movl 0 4.4550 421.5591 167.8244 171.6377 -29.9280 174.0355 100.0000 stroke10
movl 0 5.4328 421.1131 167.9907 171.9965 -29.7203 173.5252 100.0000 stroke10
movl 0 4.8137 423.2872 166.5536 172.8496 -29.4613 172.9888 100.0000 stroke10
movl 0 3.2755 425.8839 164.4032 173.6095 -29.2708 172.8999 100.0000 stroke10
movl 0 0.8818 430.1967 164.2217 178.4656 -27.0523 167.4582 100.0000 stroke10
movl 0 0.4018 433.1342 163.8729 -178.3505 -26.0108 163.9695 100.0000 stroke10
movl 0 -0.5039 434.9948 164.2188 -174.5896 -25.1317 160.1326 100.0000 stroke10
movl 0 -1.6326 436.9871 164.8154 -170.6771 -23.3750 156.0150 100.0000 stroke10
movl 0 -2.4601 438.7597 165.3039 -167.3634 -21.5281 152.2491 100.0000 stroke10
movl 0 -3.2143 440.4434 165.5379 -164.4651 -19.7936 148.9549 100.0000 stroke10
movl 0 -4.4975 441.7886 165.7443 -162.2568 -17.9173 147.2617 100.0000 stroke10
movl 0 -2.3198 440.3180 166.5125 -162.6960 -18.6802 146.5895 100.0000 stroke10
movl 0 -4.3465 441.2051 166.4717 -161.9232 -17.5444 146.6107 100.0000 stroke10
movl 0 -5.0958 441.1119 166.5249 -161.8580 -17.2153 146.5980 100.0000 stroke10
movl 0 -5.6133 439.3014 167.4007 -163.1100 -17.5647 146.8676 100.0000 stroke10
movl 0 -5.4696 430.7003 170.6643 -167.8233 -20.6805 149.2151 100.0000 stroke10
movl 0 -12.6213 412.7073 193.4307 -179.8218 -25.6402 159.1892 100.0000 stroke10
movl 0 -19.5968 383.5341 234.4994 163.3942 -25.2244 -179.6409 100.0000 stroke11
movl 0 -13.0052 387.8108 187.1904 170.6339 -25.9685 173.4351 100.0000 stroke11
movl 0 -19.2658 388.6890 176.3126 172.0533 -23.5442 171.3932 100.0000 stroke11
movl 0 -22.3024 386.7396 175.0422 171.0191 -23.1109 171.7492 100.0000 stroke11
movl 0 -24.7707 388.3895 173.3697 171.3754 -22.6321 171.7395 100.0000 stroke11
movl 0 -25.2556 389.0154 172.1301 170.8201 -22.6661 172.9998 100.0000 stroke11
movl 0 -27.6564 389.0035 171.4369 170.5151 -21.7763 173.2965 100.0000 stroke11
movl 0 -31.3985 388.7226 172.0501 171.2353 -19.7828 171.1373 100.0000 stroke11
movl 0 -33.0045 388.2178 172.3161 171.2239 -19.1029 170.1298 100.0000 stroke11
movl 0 -33.8684 387.9641 172.4711 171.1093 -18.4145 168.7258 100.0000 stroke11
movl 0 -32.9816 388.8619 172.8736 171.5123 -17.7720 165.9427 100.0000 stroke11
movl 0 -31.6640 389.8042 173.2602 171.8696 -17.1324 163.1660 100.0000 stroke11
movl 0 -31.1340 391.4469 173.3700 172.3455 -16.1579 159.6234 100.0000 stroke11
movl 0 -31.0060 392.1531 173.3387 172.4508 -15.6530 157.9169 100.0000 stroke11
movl 0 -28.3951 389.2839 174.1951 171.4549 -17.2316 158.7804 100.0000 stroke11
movl 0 -26.6294 388.1875 174.6725 171.0985 -17.9548 158.7873 100.0000 stroke11
movl 0 -26.0993 388.2312 174.6897 171.2302 -18.0558 158.9108 100.0000 stroke11
movl 0 -25.8847 391.0959 175.0514 173.6835 -17.0656 157.7798 100.0000 stroke11
movl 0 -24.3412 391.7564 174.3751 174.3389 -18.4415 160.0314 100.0000 stroke11
movl 0 -14.3498 387.5553 174.9903 171.7038 -24.5301 165.9616 100.0000 stroke11
movl 0 -11.8835 372.5804 220.2068 157.6659 -30.2270 -177.6126 100.0000 stroke11
movl 0 -6.4373 404.2686 230.2619 173.2943 -32.0986 178.7292 100.0000 stroke12
movl 0 -1.2852 403.2910 179.5753 177.5116 -31.5033 174.1445 100.0000 stroke12
movl 0 -3.8757 401.0812 171.6047 177.6397 -29.7480 172.7529 100.0000 stroke12
movl 0 -9.5109 399.1360 170.9234 176.3709 -27.7408 173.6231 100.0000 stroke12
movl 0 -11.3681 399.3697 170.1036 176.0131 -27.1996 173.8729 100.0000 stroke12
movl 0 -13.0548 399.9744 169.3414 176.1349 -26.8514 174.0516 100.0000 stroke12
movl 0 -16.1747 402.5916 168.6676 178.5765 -25.3321 171.7562 100.0000 stroke12
movl 0 -17.6573 405.5653 168.7510 -177.9566 -23.7828 167.7424 100.0000 stroke12
movl 0 -18.8852 408.1446 168.9725 -174.5950 -22.3449 164.2505 100.0000 stroke12
movl 0 -19.9135 410.9148 168.8990 -171.0249 -20.7729 160.4115 100.0000 stroke12
movl 0 -20.0414 410.9511 169.4892 -169.4655 -20.1097 158.1611 100.0000 stroke12
movl 0 -18.5324 410.2047 169.8772 -169.2718 -20.3877 157.1412 100.0000 stroke12
movl 0 -17.6708 405.1754 171.6029 -172.0243 -21.8871 157.4695 100.0000 stroke12
movl 0 -16.0896 383.7616 213.0104 168.0491 -28.6080 171.6083 100.0000 stroke12
movl 0 2.2680 394.5672 219.5645 169.6974 -28.2952 177.1636 100.0000 stroke13
movl 0 0.8011 397.7254 180.0887 176.1730 -27.8128 171.1970 100.0000 stroke13
movl 0 -9.6894 393.6705 175.6748 176.5175 -25.5741 170.1525 100.0000 stroke13
movl 0 -12.1989 393.7428 174.0111 176.3941 -25.1429 169.9381 100.0000 stroke13
movl 0 -15.3958 393.6657 173.2578 175.9957 -24.2037 170.4834 100.0000 stroke13
movl 0 -16.4439 394.4238 172.6244 176.3349 -24.0696 170.7549 100.0000 stroke13
movl 0 -18.3019 395.4326 172.4368 177.0846 -22.9063 169.6264 100.0000 stroke13
movl 0 -20.8025 395.0414 172.8571 177.0058 -21.3864 167.7875 100.0000 stroke13
movl 0 -20.8280 394.8879 173.0918 177.0031 -20.8338 166.5030 100.0000 stroke13
movl 0 -18.1527 395.8837 173.5475 177.4653 -20.4558 164.3997 100.0000 stroke13
movl 0 -14.0451 397.6378 173.8485 178.3476 -20.0550 161.2584 100.0000 stroke13
movl 0 -8.8946 399.6304 173.9641 179.2242 -19.7700 158.2612 100.0000 stroke13
movl 0 -4.0579 401.8732 173.7014 -179.8678 -19.4744 155.4771 100.0000 stroke13
movl 0 -0.1406 401.3452 173.9961 -179.5246 -20.6744 154.9121 100.0000 stroke13
movl 0 3.4360 406.4955 172.5066 -176.2996 -20.1452 152.4036 100.0000 stroke13
movl 0 7.3913 413.2624 170.4524 -171.9847 -19.1911 149.2486 100.0000 stroke13
movl 0 10.8186 417.4982 168.4575 -168.9275 -19.6920 148.5731 100.0000 stroke13
movl 0 11.0846 420.2740 167.6049 -166.5843 -19.3341 148.6905 100.0000 stroke13
movl 0 10.3066 422.0138 167.1518 -164.6144 -18.8945 148.9544 100.0000 stroke13
movl 0 10.8625 421.1291 167.5122 -164.7271 -19.2943 149.1060 100.0000 stroke13
movl 0 10.2246 420.7544 167.7010 -164.7207 -19.2166 148.9704 100.0000 stroke13
movl 0 9.4411 418.8356 168.5233 -165.8165 -19.5451 149.3603 100.0000 stroke13
movl 0 12.0014 406.8512 172.6632 -172.8650 -24.9784 152.5726 100.0000 stroke13
movl 0 11.4950 378.0329 229.6647 165.7771 -32.6262 168.7539 100.0000 stroke13
movl 0 -2.2524 383.9363 234.1717 163.5887 -30.6918 -179.3602 100.0000 stroke14
movl 0 -5.2000 392.9469 186.1792 174.7997 -29.6490 171.8854 100.0000 stroke14
movl 0 -6.7548 397.1205 173.3305 179.4203 -27.5433 167.6668 100.0000 stroke14
movl 0 -8.5346 396.0513 173.6343 178.9355 -26.4321 167.3198 100.0000 stroke14
movl 0 -7.9273 398.5275 173.2719 -179.4026 -25.1362 164.8226 100.0000 stroke14
movl 0 -8.2157 399.7481 172.5420 -178.8912 -25.0141 164.5220 100.0000 stroke14
movl 0 -10.2336 402.2016 171.3836 -178.0819 -23.9665 163.6968 100.0000 stroke14
movl 0 -10.4241 405.9637 170.3673 -175.6138 -22.5162 160.6707 100.0000 stroke14
movl 0 -10.8244 407.1831 170.3678 -173.9542 -21.8362 159.3327 100.0000 stroke14
movl 0 -11.2660 408.1448 170.7285 -172.2836 -21.0644 158.1534 100.0000 stroke14
movl 0 -11.6639 408.6619 170.8077 -171.3112 -20.6681 157.6567 100.0000 stroke14
movl 0 -10.6694 406.1239 171.9552 -172.5299 -21.4795 157.6688 100.0000 stroke14
movl 0 -2.8549 395.1106 201.8078 175.6403 -28.6900 165.7407 100.0000 stroke14
movl 0 3.3177 406.3979 207.7874 179.7010 -29.3899 166.6627 100.0000 stroke15
movl 0 3.6129 405.3745 177.0212 -177.1575 -28.1320 163.6839 100.0000 stroke15
movl 0 3.0510 405.6495 171.7929 -176.4917 -27.5144 162.6080 100.0000 stroke15
movl 0 0.9093 406.7628 171.8441 -175.5861 -25.8399 161.2153 100.0000 stroke15
movl 0 0.8302 408.6920 171.1075 -174.4521 -24.8288 158.9290 100.0000 stroke15
movl 0 -1.9900 410.5651 170.9194 -173.4981 -22.5553 156.6406 100.0000 stroke15
movl 0 -2.2475 413.0270 170.2821 -172.1477 -21.0756 154.5980 100.0000 stroke15
movl 0 -2.9730 415.0392 170.0034 -170.1661 -20.1979 153.6427 100.0000 stroke15
movl 0 -4.0085 416.3883 170.1624 -168.0418 -19.2459 152.9663 100.0000 stroke15
movl 0 -2.5383 414.4800 170.9430 -168.3828 -20.3220 153.5117 100.0000 stroke15
movl 0 -1.7194 404.3230 178.3396 -174.4171 -24.9255 158.0031 100.0000 stroke15
movl 0 -17.6077 380.2406 239.7911 174.3211 -28.4236 168.1071 100.0000 stroke15
movl 0 -21.5764 367.3017 241.5991 162.0168 -22.9495 -173.3180 100.0000 stroke16
movl 0 -16.0867 379.1555 191.4532 169.3075 -23.8996 -179.0162 100.0000 stroke16
movl 0 -22.4046 378.8159 181.0671 170.7693 -22.2397 178.9429 100.0000 stroke16
movl 0 -32.1170 378.2844 178.3368 171.3190 -18.8437 177.7168 100.0000 stroke16
movl 0 -35.6200 377.6300 177.4411 171.2918 -18.0587 177.2419 100.0000 stroke16
movl 0 -39.2747 378.3926 176.5512 171.6803 -16.5535 176.2400 100.0000 stroke16
movl 0 -42.7757 378.8745 176.5984 172.6249 -14.9513 173.5768 100.0000 stroke16
movl 0 -43.9860 378.4878 176.5494 172.3790 -14.4016 172.1068 100.0000 stroke16
movl 0 -43.7655 379.0345 176.6926 172.5953 -13.9331 170.4397 100.0000 stroke16
movl 0 -42.7618 379.5828 177.2103 172.8807 -13.4800 168.2915 100.0000 stroke16
movl 0 -41.4690 380.6161 177.6922 173.3786 -12.9404 165.6467 100.0000 stroke16
movl 0 -39.6699 382.0599 178.0909 173.8792 -12.2938 162.6071 100.0000 stroke16
movl 0 -38.1658 383.8517 178.3056 174.3567 -11.3735 159.5459 100.0000 stroke16
movl 0 -36.7122 385.3731 178.4735 174.5807 -10.4070 156.5582 100.0000 stroke16
movl 0 -36.3485 387.1768 178.2920 175.0173 -9.4242 153.7259 100.0000 stroke16
movl 0 -34.7417 386.5098 178.4940 174.9123 -10.0591 153.4697 100.0000 stroke16
movl 0 -30.2527 383.1059 179.5646 173.8878 -12.6707 154.3725 100.0000 stroke16
movl 0 -30.7609 385.1877 179.4312 175.1755 -11.6278 153.7160 100.0000 stroke16
movl 0 -30.3573 387.1147 179.3256 176.6732 -11.5244 154.2436 100.0000 stroke16
movl 0 -16.3417 381.0206 180.6704 172.8617 -20.4572 164.7012 100.0000 stroke16
movl 0 -6.8136 359.3903 221.1152 144.6309 -21.8302 -162.7409 100.0000 stroke16
movl 0 -10.0297 380.1785 235.6081 165.4264 -29.5757 -169.7475 100.0000 stroke17
movl 0 6.5600 384.1920 179.7519 171.2245 -31.5784 -175.6490 100.0000 stroke17
movl 0 2.7588 380.4768 171.6581 172.6203 -29.0716 -178.1468 100.0000 stroke17
movl 0 -6.9222 372.4685 174.2791 170.7227 -25.3817 -178.5672 100.0000 stroke17
movl 0 -8.0993 371.9010 174.4464 170.8193 -24.6068 -179.2945 100.0000 stroke17
movl 0 -10.2262 372.5894 173.4262 170.8480 -24.0920 -179.5796 100.0000 stroke17
movl 0 -11.5087 373.6281 171.8110 170.2856 -24.1018 -178.4483 100.0000 stroke17
movl 0 -11.5003 374.7564 170.9405 170.3666 -24.1857 -178.2378 100.0000 stroke17
movl 0 -13.7866 378.1319 170.1943 173.0253 -23.2072 179.7884 100.0000 stroke17
movl 0 -14.3653 380.4963 170.4420 176.1867 -22.9197 176.5383 100.0000 stroke17
movl 0 -15.3465 382.7794 170.7806 179.7513 -22.3929 172.9309 100.0000 stroke17
movl 0 -15.9817 384.7275 171.1459 -176.8990 -21.7033 169.3626 100.0000 stroke17
movl 0 -17.0950 386.5578 171.2446 -173.9441 -20.7279 166.0928 100.0000 stroke17
movl 0 -18.3578 387.6123 171.2072 -172.0706 -19.8510 164.1480 100.0000 stroke17
movl 0 -19.4785 388.6212 171.1416 -170.2263 -19.1186 162.4309 100.0000 stroke17
movl 0 -20.0401 388.4679 171.3556 -169.7180 -18.8598 161.8661 100.0000 stroke17
movl 0 -17.3097 387.1016 171.9916 -170.3195 -19.6649 161.2112 100.0000 stroke17
movl 0 -20.1308 387.8102 171.7501 -169.4090 -18.6286 161.4408 100.0000 stroke17
movl 0 -16.8052 381.8466 173.6688 -173.6610 -20.6989 162.2312 100.0000 stroke17
movl 0 -15.6586 364.7241 192.6877 168.2545 -23.8414 174.0946 100.0000 stroke17
movl 0 1.8981 366.8558 244.2837 156.1634 -24.9715 -168.1354 100.0000 stroke18
movl 0 0.8347 373.0596 184.6447 164.5802 -25.2447 -173.9823 100.0000 stroke18
movl 0 -7.2856 370.2147 176.0590 165.5897 -22.5993 -175.2210 100.0000 stroke18
movl 0 -10.7796 369.8700 174.7356 166.5149 -21.4057 -176.6784 100.0000 stroke18
movl 0 -13.1149 370.4538 174.0107 167.1354 -21.5424 -175.3174 100.0000 stroke18
movl 0 -14.1136 372.1794 173.3398 168.4367 -21.4327 -175.5747 100.0000 stroke18
movl 0 -14.6657 372.8907 173.2702 169.1396 -21.2164 -175.9127 100.0000 stroke18
movl 0 -17.2967 373.7584 173.5055 170.1241 -19.8522 -177.1773 100.0000 stroke18
movl 0 -17.8463 373.7159 173.7902 170.2951 -19.1463 -178.7635 100.0000 stroke18
movl 0 -16.3679 375.1018 173.9411 171.1196 -18.6641 178.4607 100.0000 stroke18
movl 0 -13.3474 376.9522 173.8223 172.0323 -18.7955 175.9646 100.0000 stroke18
movl 0 -9.4518 378.4527 173.5570 172.7310 -20.0949 175.3353 100.0000 stroke18
movl 0 -7.5333 383.3034 172.5651 175.9013 -20.0482 172.5215 100.0000 stroke18
movl 0 -3.8282 389.0138 171.1928 179.5841 -20.3535 169.2394 100.0000 stroke18
movl 0 -1.5822 393.0485 170.2188 -177.3973 -20.9140 167.7956 100.0000 stroke18
movl 0 -1.3948 395.1997 170.3385 -174.6790 -20.6270 165.8538 100.0000 stroke18
movl 0 -1.8321 397.2339 170.5516 -171.8810 -19.7924 163.5160 100.0000 stroke18
movl 0 -2.6703 399.5076 170.4552 -169.1305 -18.7496 161.0862 100.0000 stroke18
movl 0 -3.6374 401.9723 170.1097 -166.5410 -17.4757 158.9322 100.0000 stroke18
movl 0 -4.8835 403.8653 169.6796 -164.6819 -16.3280 157.7665 100.0000 stroke18
movl 0 -5.6991 404.2733 169.7077 -163.7693 -15.7653 157.1856 100.0000 stroke18
movl 0 -4.0403 400.2895 171.5112 -166.1805 -16.9353 157.1916 100.0000 stroke18
movl 0 -5.7119 401.0843 171.2596 -165.2884 -16.1873 157.2599 100.0000 stroke18
movl 0 -8.4782 401.6216 171.2114 -164.6831 -15.0619 157.6427 100.0000 stroke18
movl 0 -9.7790 397.8751 172.7941 -166.8221 -15.5446 158.2683 100.0000 stroke18
movl 0 -6.6333 372.7645 179.5556 175.6587 -23.6281 168.7082 100.0000 stroke18
movl 0 -18.4759 340.5645 237.5771 150.6556 -22.4258 -171.2337 100.0000 stroke18
movl 0 -9.0113 364.5719 194.2985 167.7484 -26.4050 -179.8302 100.0000 stroke19
movl 0 -12.8881 362.9073 179.8767 170.7933 -23.8772 176.4892 100.0000 stroke19
movl 0 -22.9307 359.4351 179.5168 171.0472 -20.2798 173.8238 100.0000 stroke19
movl 0 -23.2251 360.2656 178.9510 171.8628 -20.0123 172.7266 100.0000 stroke19
movl 0 -25.6294 360.3223 177.2956 170.9468 -19.9400 174.1319 100.0000 stroke19
movl 0 -26.2579 360.9705 176.4610 170.6438 -19.7660 174.9641 100.0000 stroke19
movl 0 -27.6552 361.8807 175.9968 170.9969 -19.1512 174.7001 100.0000 stroke19
movl 0 -29.7722 362.1484 175.8137 171.0493 -18.0570 174.2204 100.0000 stroke19
movl 0 -29.9624 362.5800 175.6981 171.1645 -17.6831 173.7483 100.0000 stroke19
movl 0 -29.5708 363.0822 175.6826 171.3484 -17.3553 172.9034 100.0000 stroke19
movl 0 -29.0485 363.9321 175.6099 171.6468 -16.9157 171.7558 100.0000 stroke19
movl 0 -28.5808 365.1856 175.4845 172.1360 -16.3651 170.2620 100.0000 stroke19
movl 0 -27.3708 363.5940 175.9809 171.4617 -17.0672 170.5935 100.0000 stroke19
movl 0 -26.2995 362.8093 176.2191 171.1123 -17.5225 170.8040 100.0000 stroke19
movl 0 -26.9657 364.7641 176.4482 172.7203 -16.7960 170.2425 100.0000 stroke19
movl 0 -25.4745 364.2030 176.6721 172.4965 -18.0460 172.2221 100.0000 stroke19
movl 0 -15.0077 355.0354 193.9909 163.9148 -24.6492 -177.6029 100.0000 stroke19
movl 0 -13.1886 357.6514 190.0504 171.1024 -25.2833 179.4843 100.0000 stroke20
movl 0 -13.0935 356.1424 180.6154 170.9291 -24.2259 177.2739 100.0000 stroke20
movl 0 -17.7404 357.5704 177.1166 171.5774 -21.9488 176.0850 100.0000 stroke20
movl 0 -20.7133 359.2285 176.2397 172.4208 -20.9336 175.2322 100.0000 stroke20
movl 0 -21.9337 359.3462 175.8301 172.4436 -20.6763 174.8838 100.0000 stroke20
movl 0 -25.6233 359.8287 175.7128 173.0291 -19.0161 173.9229 100.0000 stroke20
movl 0 -26.7048 359.6597 175.7989 172.9735 -18.3070 172.8771 100.0000 stroke20
movl 0 -26.5012 360.1312 175.7659 173.0736 -17.7201 171.3158 100.0000 stroke20
movl 0 -26.0848 360.9864 175.5077 173.2433 -17.0372 169.4107 100.0000 stroke20
movl 0 -25.4611 361.4535 175.3942 173.3981 -16.9734 168.6686 100.0000 stroke20
movl 0 -23.9484 360.0077 175.9237 172.8001 -17.7664 169.3115 100.0000 stroke20
movl 0 -24.7922 361.9930 175.9473 174.2736 -17.2465 169.1220 100.0000 stroke20
movl 0 -23.1722 361.0136 176.2506 173.7134 -18.3778 170.1402 100.0000 stroke20
movl 0 -19.2700 357.2041 200.6328 170.7614 -24.2763 175.0315 100.0000 stroke20
movl 0 -17.8790 352.2790 239.2301 165.1520 -26.6408 -175.6106 100.0000 stroke21
movl 0 -17.8879 356.0049 192.7624 172.7286 -24.5412 178.3591 100.0000 stroke21
movl 0 -16.8211 358.2559 178.9138 174.9006 -24.0310 176.6656 100.0000 stroke21
movl 0 -22.1298 357.8292 176.5105 174.5172 -22.9670 177.2642 100.0000 stroke21
movl 0 -23.3641 357.9496 175.6086 174.6779 -23.0590 177.4397 100.0000 stroke21
movl 0 -26.9460 357.7539 174.9933 174.6969 -21.9045 177.1240 100.0000 stroke21
movl 0 -31.5957 358.0841 175.0973 175.7078 -19.5581 174.8498 100.0000 stroke21
movl 0 -33.5222 357.9979 175.4928 176.0984 -18.6246 173.5391 100.0000 stroke21
movl 0 -34.0657 357.7096 175.7848 175.9303 -17.9227 172.0379 100.0000 stroke21
movl 0 -32.4951 358.6640 176.1814 176.4099 -17.3217 169.2750 100.0000 stroke21
movl 0 -29.3100 360.4543 176.5217 177.3269 -17.1004 166.5705 100.0000 stroke21
movl 0 -27.8197 362.1067 176.7222 177.9180 -16.1272 163.5931 100.0000 stroke21
movl 0 -26.6758 363.6042 176.8422 178.1466 -14.9310 160.6422 100.0000 stroke21
movl 0 -26.3429 363.8912 176.8764 178.1345 -14.6692 159.3289 100.0000 stroke21
movl 0 -27.1090 363.4973 177.1272 178.0643 -14.6737 160.4005 100.0000 stroke21
movl 0 -15.8317 361.1963 194.6810 177.5211 -22.2993 165.2750 100.0000 stroke21
movl 0 -2.4518 371.5117 229.0568 -176.9563 -29.4714 167.6316 100.0000 stroke22
movl 0 -1.9739 370.9668 181.6410 -173.3505 -26.6383 162.9883 100.0000 stroke22
movl 0 -4.4415 367.4139 178.0116 -176.0113 -25.4734 163.2259 100.0000 stroke22
movl 0 -8.4587 367.9178 175.8998 -176.0716 -23.8971 162.6232 100.0000 stroke22
movl 0 -10.9061 368.4812 175.3138 -176.0795 -23.0162 162.4604 100.0000 stroke22
movl 0 -12.4051 370.0887 174.2713 -175.6856 -22.5364 162.3622 100.0000 stroke22
movl 0 -14.1467 373.8412 172.6971 -173.7137 -21.0496 161.4025 100.0000 stroke22
movl 0 -14.2273 377.8718 171.6882 -171.0244 -19.5493 159.3286 100.0000 stroke22
movl 0 -13.2458 381.6600 170.2910 -168.9576 -18.8626 157.7363 100.0000 stroke22
movl 0 -13.6595 382.0271 170.0816 -168.2631 -19.0404 158.2096 100.0000 stroke22
movl 0 -14.2458 381.7946 170.1600 -167.6950 -19.4267 158.9930 100.0000 stroke22
movl 0 -13.8432 380.8377 170.5221 -167.5992 -20.1401 159.4699 100.0000 stroke22
movl 0 -12.7236 379.0716 171.1752 -167.6790 -21.3642 159.7093 100.0000 stroke22
movl 0 -9.0715 374.5831 175.3857 -167.7094 -24.9625 157.3315 100.0000 stroke22
movl 0 -8.4046 361.5932 231.6313 -176.7046 -37.0411 157.2123 100.0000 stroke22
movl 0 -5.9273 393.5354 244.2372 -166.1510 -22.7712 149.9919 100.0000 stroke23
movl 0 1.2074 387.9051 186.5856 -163.6418 -18.5997 144.6403 100.0000 stroke23
movl 0 -0.0647 383.3382 180.0198 -165.1300 -17.9212 143.6849 100.0000 stroke23
movl 0 -5.4119 379.9292 179.3340 -167.6483 -17.3956 144.8292 100.0000 stroke23
movl 0 -6.8588 380.5320 178.2646 -167.8364 -17.3871 145.5165 100.0000 stroke23
movl 0 -8.0365 381.2931 177.7091 -167.5391 -17.0328 145.6273 100.0000 stroke23
movl 0 -9.1592 381.9255 177.2876 -167.3510 -16.5630 145.4533 100.0000 stroke23
movl 0 -8.8709 381.9921 177.3147 -167.0135 -16.5697 145.1749 100.0000 stroke23
movl 0 -9.8202 382.3449 176.9888 -167.0323 -16.2402 145.1122 100.0000 stroke23
movl 0 -13.2263 383.7660 176.6936 -167.0341 -14.0315 143.9626 100.0000 stroke23
movl 0 -15.0508 385.4444 176.3758 -166.6881 -12.2629 142.5040 100.0000 stroke23
movl 0 -16.2535 387.5942 175.9662 -166.1985 -10.4150 140.9435 100.0000 stroke23
movl 0 -17.7973 390.4940 175.3429 -165.6926 -7.9468 139.0856 100.0000 stroke23
movl 0 -19.6004 394.1266 174.3589 -165.3215 -5.1645 137.4316 100.0000 stroke23
movl 0 -20.6839 398.6789 172.7905 -164.5852 -2.1614 135.4822 100.0000 stroke23
movl 0 -18.6299 399.6060 172.8750 -164.4268 -1.8592 133.8802 100.0000 stroke23
movl 0 -19.6365 400.3209 173.2405 -163.1663 -0.4347 133.9076 100.0000 stroke23
movl 0 -18.2041 398.0418 174.1621 -163.5173 -1.6605 133.9401 100.0000 stroke23
movl 0 -15.8661 396.7113 174.8371 -163.8207 -2.5181 132.9820 100.0000 stroke23
movl 0 -17.0770 398.3374 174.6449 -162.5509 -0.8391 133.3645 100.0000 stroke23
movl 0 -15.1101 396.1803 175.8234 -162.8786 -2.1819 133.0993 100.0000 stroke23
movl 0 -12.6210 394.7204 175.9903 -162.9913 -3.2230 132.6208 100.0000 stroke23
movl 0 -14.4987 395.7707 175.8017 -162.1404 -1.8388 132.9225 100.0000 stroke23
movl 0 -14.6763 395.7078 175.7793 -162.2009 -1.8620 132.7830 100.0000 stroke23
movl 0 -13.3472 394.4813 176.3428 -162.3959 -3.0067 132.7125 100.0000 stroke23
movl 0 -10.4804 392.4796 177.1897 -162.6910 -4.8941 132.5543 100.0000 stroke23
movl 0 -4.1772 387.1699 192.7912 -164.6531 -10.3780 133.2294 100.0000 stroke23
