movl 0 62.8843 397.9406 211.0742 -112.1399 -10.4603 27.0212 100.0000 stroke1
movl 0 -18.6678 396.1653 188.2175 -144.4391 18.2231 45.2288 100.0000 stroke2
movl 0 -31.4135 387.4505 172.2226 -148.1685 17.4799 37.4722 100.0000 stroke2
movl 0 -34.2089 388.2604 168.3780 -149.8137 16.7923 34.6953 100.0000 stroke2
movl 0 -30.1523 391.7741 166.9008 -148.4284 15.8188 38.0291 100.0000 stroke2
movl 0 -31.4281 393.7025 167.5708 -147.3503 11.7270 43.6286 100.0000 stroke2
movl 0 -29.8475 395.5234 166.6649 -146.7293 10.0004 45.1268 100.0000 stroke2
movl 0 -28.5122 396.0847 164.8568 -145.6167 7.9754 47.7512 100.0000 stroke2
movl 0 -28.7432 395.6532 164.3864 -145.5735 7.5023 48.2184 100.0000 stroke2
movl 0 -31.3157 394.4246 164.6978 -146.5815 7.6870 47.8605 100.0000 stroke2
movl 0 -30.8358 394.4176 164.3726 -146.4061 7.5502 48.1515 100.0000 stroke2
movl 0 -30.8842 394.6943 163.6603 -146.1680 6.8933 49.3955 100.0000 stroke2
movl 0 -32.3187 395.8729 162.1166 -146.2328 5.7061 50.6962 100.0000 stroke2
movl 0 -34.7223 397.2102 160.2319 -146.6106 4.2734 52.1333 100.0000 stroke2
movl 0 -38.8883 400.3829 159.9934 -150.1312 6.0313 50.5427 100.0000 stroke2
movl 0 -40.1899 402.3348 160.3367 -152.1736 7.7854 48.4903 100.0000 stroke2
movl 0 -40.1336 403.6628 160.3540 -153.4310 8.8541 47.1019 100.0000 stroke2
movl 0 -39.5490 404.5516 160.2212 -153.6265 9.6948 47.0768 100.0000 stroke2
movl 0 -38.9837 404.5154 160.5856 -154.0230 10.6922 46.7850 100.0000 stroke2
movl 0 -38.8115 404.6203 160.9409 -154.3792 11.5798 46.6326 100.0000 stroke2
movl 0 -38.8160 404.4203 161.3333 -154.8463 12.5416 46.4766 100.0000 stroke2
movl 0 -38.9866 403.8650 161.6617 -155.3368 13.4180 46.6791 100.0000 stroke2
movl 0 -38.5589 403.3295 161.9487 -155.5530 14.2921 46.9658 100.0000 stroke2
movl 0 -38.4436 402.2885 162.4408 -155.5372 14.8360 47.4878 100.0000 stroke2
movl 0 -35.8948 399.6085 164.6057 -153.7863 15.8279 48.8988 100.0000 stroke2
movl 0 -34.9309 395.1296 173.0112 -151.0089 14.9624 51.7343 100.0000 stroke2
movl 0 -28.8847 384.7299 208.4159 -140.7076 7.7978 56.8716 100.0000 stroke2
movl 0 -23.5265 398.0489 206.0568 -142.0561 -5.4269 71.9750 100.0000 stroke3
movl 0 -32.8423 393.4853 176.4365 -148.3735 1.9848 63.5706 100.0000 stroke3
movl 0 -43.4282 392.3131 173.3261 -152.9647 3.0072 60.5920 100.0000 stroke3
movl 0 -47.5155 393.4540 171.2227 -154.2057 3.9031 59.7983 100.0000 stroke3
movl 0 -49.0059 394.3144 169.7944 -154.1846 4.7696 60.5342 100.0000 stroke3
movl 0 -49.6213 395.4875 169.4899 -155.5554 5.3673 58.7814 100.0000 stroke3
movl 0 -50.5487 397.9547 170.2106 -158.2458 7.5919 55.2007 100.0000 stroke3
movl 0 -52.1039 400.5767 171.1922 -161.7813 10.0144 50.4744 100.0000 stroke3
movl 0 -53.8342 404.6590 171.8091 -166.2292 12.3710 45.1392 100.0000 stroke3
movl 0 -55.5871 408.0156 171.9059 -170.1642 13.8275 40.5770 100.0000 stroke3
movl 0 -56.7045 410.1681 171.8926 -173.2295 14.7296 36.6448 100.0000 stroke3
movl 0 -57.0022 410.8418 172.1505 -175.2102 15.4259 33.8337 100.0000 stroke3
movl 0 -56.5479 410.4397 172.4079 -175.6028 15.5720 32.9765 100.0000 stroke3
movl 0 -57.0333 409.5812 172.6670 -176.0341 15.5269 32.5228 100.0000 stroke3
movl 0 -55.3177 408.6042 173.4254 -175.2866 15.6375 32.3544 100.0000 stroke3
movl 0 -54.6491 407.9720 173.7186 -175.7304 16.0787 32.5110 100.0000 stroke3
movl 0 -53.5774 407.7768 173.9676 -175.3858 16.2585 32.4955 100.0000 stroke3
movl 0 -53.0800 407.4439 174.0446 -174.5772 16.2908 33.1271 100.0000 stroke3
movl 0 -39.6341 404.1902 179.5595 -165.8606 17.6579 37.1737 100.0000 stroke3
movl 0 -26.0734 404.8321 237.6441 -148.5465 8.4813 49.6694 100.0000 stroke3
movl 0 -32.2480 445.6122 244.9808 -141.4171 2.8732 83.0415 100.0000 stroke4
movl 0 -27.7612 430.1209 182.4913 -146.4266 6.1611 76.7944 100.0000 stroke4
movl 0 -38.0394 409.5444 180.1864 -151.9099 -0.1704 74.0171 100.0000 stroke4
movl 0 -40.2237 412.5573 176.1179 -154.7989 1.5954 72.4677 100.0000 stroke4
movl 0 -40.3503 413.0179 175.0812 -155.3292 1.6999 72.2787 100.0000 stroke4
movl 0 -40.4731 413.3244 174.4834 -155.4473 1.3358 72.0258 100.0000 stroke4
movl 0 -42.4046 414.8749 173.1405 -156.1287 1.2494 72.0644 100.0000 stroke4
movl 0 -45.9622 418.2182 172.1494 -158.5627 3.2924 71.8200 100.0000 stroke4
movl 0 -47.2761 420.0496 171.8220 -159.5823 4.6758 71.3359 100.0000 stroke4
movl 0 -48.8036 419.7560 171.8443 -159.9976 5.1900 71.2523 100.0000 stroke4
movl 0 -49.6142 419.3199 171.9827 -160.2254 5.8709 71.0650 100.0000 stroke4
movl 0 -50.8481 418.6873 172.1644 -160.5187 6.5053 71.1827 100.0000 stroke4
movl 0 -52.4022 417.6937 172.2768 -160.8336 7.0378 71.6756 100.0000 stroke4
movl 0 -54.6516 415.5744 172.5099 -161.1550 7.3004 72.4645 100.0000 stroke4
movl 0 -56.3358 414.6538 172.6189 -161.3824 7.8325 73.1086 100.0000 stroke4
movl 0 -58.9677 412.7578 172.7181 -161.5959 8.0416 74.2075 100.0000 stroke4
movl 0 -61.8041 411.2151 172.7173 -161.9111 8.2545 75.0201 100.0000 stroke4
movl 0 -64.0343 409.7603 172.7622 -161.9900 8.5919 75.7456 100.0000 stroke4
movl 0 -65.9180 408.4411 172.9818 -161.9236 8.9063 76.3320 100.0000 stroke4
movl 0 -67.6537 407.6955 173.2773 -161.8722 9.0744 76.8516 100.0000 stroke4
movl 0 -69.1687 407.1947 173.5733 -161.7319 9.1976 77.3836 100.0000 stroke4
movl 0 -70.4843 406.7924 173.7853 -161.6015 9.2970 77.8355 100.0000 stroke4
movl 0 -71.7277 406.3593 174.0255 -161.3670 9.3561 78.3924 100.0000 stroke4
movl 0 -72.5364 406.1392 174.0563 -161.1324 9.4134 78.9291 100.0000 stroke4
movl 0 -73.3090 405.9487 174.1652 -160.8681 9.4485 79.2656 100.0000 stroke4
movl 0 -73.6783 405.4042 174.4684 -160.5163 9.2950 79.5386 100.0000 stroke4
movl 0 -73.6707 405.1985 174.4654 -160.3060 9.2290 79.6903 100.0000 stroke4
movl 0 -73.4892 405.2054 174.3685 -159.9105 9.1276 80.1619 100.0000 stroke4
movl 0 -73.2657 405.1637 174.2329 -159.4761 9.1650 80.5008 100.0000 stroke4
movl 0 -67.9154 404.3803 174.8363 -155.6562 8.8724 81.7453 100.0000 stroke4
movl 0 -43.8634 395.8196 194.1564 -141.2518 -1.7813 80.5746 100.0000 stroke4
movl 0 -33.4538 418.3020 198.4371 -148.7952 -16.8446 100.5359 100.0000 stroke5
movl 0 -42.5049 411.9583 175.4459 -152.0763 -12.1424 98.0183 100.0000 stroke5
movl 0 -56.8755 406.1307 173.9628 -156.6405 -10.9351 96.7216 100.0000 stroke5
movl 0 -61.6558 405.1638 173.9017 -156.9748 -10.0881 97.0182 100.0000 stroke5
movl 0 -64.8473 406.7097 172.6763 -156.5179 -9.3302 98.8836 100.0000 stroke5
movl 0 -69.1755 406.5765 171.8056 -156.4584 -9.1446 100.4202 100.0000 stroke5
movl 0 -72.9786 408.3375 170.0689 -157.7936 -8.1359 100.3462 100.0000 stroke5
movl 0 -74.8109 410.0227 169.7930 -158.5336 -5.3917 99.0040 100.0000 stroke5
movl 0 -75.7169 409.3738 170.1376 -158.9387 -5.8725 98.5604 100.0000 stroke5
movl 0 -76.2648 408.7673 170.1080 -159.7311 -6.4655 97.5845 100.0000 stroke5
movl 0 -75.2953 408.7545 170.3910 -160.0626 -6.4504 96.6125 100.0000 stroke5
movl 0 -72.8398 409.3411 170.7629 -160.0939 -6.1894 95.4676 100.0000 stroke5
movl 0 -70.2159 410.0773 171.0694 -160.1466 -5.9479 94.1059 100.0000 stroke5
movl 0 -67.0349 410.9610 171.4153 -159.9968 -5.5610 92.6296 100.0000 stroke5
movl 0 -64.6475 411.4878 171.7529 -159.9964 -5.4003 91.4866 100.0000 stroke5
movl 0 -62.4861 412.3168 172.0218 -160.1583 -5.1149 90.3971 100.0000 stroke5
movl 0 -58.9597 413.3993 172.3131 -160.1874 -4.8988 89.3197 100.0000 stroke5
movl 0 -55.3280 414.3205 172.6666 -160.0976 -4.6909 88.3810 100.0000 stroke5
movl 0 -52.4079 414.7282 173.0983 -160.0474 -4.6128 87.5922 100.0000 stroke5
movl 0 -41.7643 412.9628 177.1247 -158.9231 -5.4971 85.5572 100.0000 stroke5
movl 0 -8.0356 403.2193 202.1794 -151.8107 -10.4711 81.5532 100.0000 stroke5
movl 0 -3.9416 398.5611 187.4034 -151.5140 -18.7865 91.1971 100.0000 stroke6
movl 0 -17.7290 391.8126 173.1133 -155.9682 -19.0055 92.1168 100.0000 stroke6
movl 0 -25.4463 390.4317 170.1809 -158.9213 -19.4136 94.3001 100.0000 stroke6
movl 0 -25.6538 391.6638 168.9356 -158.9266 -20.1382 95.4926 100.0000 stroke6
movl 0 -28.1204 393.3569 167.5951 -159.7937 -19.8691 96.3341 100.0000 stroke6
movl 0 -30.9138 395.0422 167.5061 -161.6029 -18.1556 96.0205 100.0000 stroke6
movl 0 -32.5647 395.1750 167.7115 -162.5811 -17.6258 95.3464 100.0000 stroke6
movl 0 -29.9889 396.7040 168.0773 -162.4229 -16.8458 93.4924 100.0000 stroke6
movl 0 -23.8989 399.6928 168.3573 -162.4257 -15.8214 90.0422 100.0000 stroke6
movl 0 -16.1067 403.6528 168.0786 -161.9790 -14.6465 86.9844 100.0000 stroke6
movl 0 -8.5903 405.4135 168.1179 -158.4262 -13.7936 86.2390 100.0000 stroke6
movl 0 -0.6456 415.9190 165.3050 -156.0748 -8.9423 84.4895 100.0000 stroke6
movl 0 7.3716 423.4639 163.1502 -153.9567 -4.2208 82.0720 100.0000 stroke6
movl 0 7.9865 427.1536 162.3062 -153.2801 -1.4134 81.7264 100.0000 stroke6
movl 0 7.2477 428.5551 162.6232 -153.0681 1.6569 81.7490 100.0000 stroke6
movl 0 6.4433 428.9220 162.9672 -152.9621 3.6187 82.1743 100.0000 stroke6
movl 0 6.9206 428.2492 163.3695 -152.6529 3.5981 82.0374 100.0000 stroke6
movl 0 6.2100 426.4356 164.0680 -152.8472 2.7330 81.6299 100.0000 stroke6
movl 0 6.6950 416.7376 168.9403 -151.6675 -2.1135 79.3328 100.0000 stroke6
movl 0 5.3501 396.3485 211.9806 -148.6192 -20.9052 80.5655 100.0000 stroke6
movl 0 -6.0994 386.9256 185.6348 -152.9326 -18.2787 90.5945 100.0000 stroke7
movl 0 -13.7204 378.7514 178.5260 -156.1225 -19.2633 90.8610 100.0000 stroke7
movl 0 -24.9101 379.9665 172.6054 -159.7676 -18.6650 93.5761 100.0000 stroke7
movl 0 -29.0179 381.5061 170.7767 -160.8909 -18.7360 95.1553 100.0000 stroke7
movl 0 -30.0525 382.6045 170.0215 -160.8866 -18.4943 95.5170 100.0000 stroke7
movl 0 -33.2659 383.0996 169.7010 -162.7057 -17.9619 95.0148 100.0000 stroke7
movl 0 -37.1169 381.9715 170.2222 -164.1925 -17.5123 93.9680 100.0000 stroke7
movl 0 -38.0327 382.2922 170.4114 -164.9088 -17.1800 92.7174 100.0000 stroke7
movl 0 -36.2603 383.8456 170.7229 -165.3024 -16.2767 90.6533 100.0000 stroke7
movl 0 -33.1166 385.7087 171.0309 -165.7268 -15.4588 87.9782 100.0000 stroke7
movl 0 -30.4914 387.6346 171.0104 -166.1609 -14.7096 85.8093 100.0000 stroke7
movl 0 -28.2051 385.5645 171.9048 -164.9268 -15.5780 85.7095 100.0000 stroke7
movl 0 -27.5715 386.8607 171.9503 -165.0847 -14.8616 85.9517 100.0000 stroke7
movl 0 -26.9348 387.2370 171.6620 -164.9813 -14.4510 86.8666 100.0000 stroke7
movl 0 -20.6215 382.9439 171.8903 -160.8250 -19.8758 94.4278 100.0000 stroke7
movl 0 -14.5671 375.2176 195.4602 -171.5030 -42.9516 120.8339 100.0000 stroke7
movl 0 -22.3522 399.8889 218.9234 -157.5515 -25.6363 108.3540 100.0000 stroke8
movl 0 -22.9558 391.5992 179.7482 -160.2935 -24.7207 108.4787 100.0000 stroke8
movl 0 -27.5579 395.1953 173.9274 -162.7847 -22.5723 108.4906 100.0000 stroke8
movl 0 -26.4199 398.9731 170.9386 -162.4900 -20.7022 107.8957 100.0000 stroke8
movl 0 -26.9666 401.7262 170.0536 -162.3180 -19.5690 107.4645 100.0000 stroke8
movl 0 -27.9727 407.3512 169.6364 -161.7730 -14.9915 105.3109 100.0000 stroke8
movl 0 -27.6364 410.0226 169.6080 -161.1708 -13.0069 103.6063 100.0000 stroke8
movl 0 -28.0692 410.5378 169.8322 -160.7900 -12.3300 103.0227 100.0000 stroke8
movl 0 -27.8135 411.1591 170.0137 -160.3677 -11.2492 101.4707 100.0000 stroke8
movl 0 -28.3561 410.9804 170.3913 -160.2369 -10.3238 100.5275 100.0000 stroke8
movl 0 -29.2415 411.1048 170.9287 -160.1614 -8.9383 99.5002 100.0000 stroke8
movl 0 -29.7338 411.2090 171.3648 -159.9001 -7.4761 98.3688 100.0000 stroke8
movl 0 -30.4885 411.1041 171.7795 -159.7150 -5.8391 97.1314 100.0000 stroke8
movl 0 -31.3155 410.4719 172.2766 -159.6472 -4.2670 95.8274 100.0000 stroke8
movl 0 -32.0785 410.0953 172.5316 -159.5884 -2.9778 95.0955 100.0000 stroke8
movl 0 -32.8561 409.0963 172.8254 -159.5249 -1.9464 94.5861 100.0000 stroke8
movl 0 -33.7051 408.1288 173.0682 -159.4108 -0.7457 94.1699 100.0000 stroke8
movl 0 -35.1473 406.5228 173.3134 -159.3696 0.1535 94.2853 100.0000 stroke8
movl 0 -36.4693 404.7997 173.5884 -159.2714 0.6379 94.6480 100.0000 stroke8
movl 0 -38.3886 403.6086 173.6982 -159.1917 1.2874 95.4491 100.0000 stroke8
movl 0 -41.0490 402.0589 173.7605 -159.1207 1.7646 96.5263 100.0000 stroke8
movl 0 -42.9445 401.0607 173.8373 -158.9261 2.0855 97.4639 100.0000 stroke8
movl 0 -45.2911 400.0398 173.9639 -158.7263 2.2571 98.3807 100.0000 stroke8
movl 0 -47.4610 399.2379 174.0565 -158.5877 2.2250 99.1412 100.0000 stroke8
movl 0 -48.9611 398.8983 174.1777 -158.3513 2.2098 99.5966 100.0000 stroke8
movl 0 -50.1460 398.7451 174.1692 -158.1578 2.0352 100.1080 100.0000 stroke8
movl 0 -49.4922 399.2122 174.4902 -156.8367 1.7405 100.9895 100.0000 stroke8
movl 0 -39.2978 397.2597 185.4874 -149.4430 -5.5406 102.1409 100.0000 stroke8
movl 0 16.6874 413.9083 191.7513 -147.2171 -20.2837 114.3722 100.0000 stroke9
movl 0 12.7863 398.0645 172.5708 -151.9372 -22.1117 111.3829 100.0000 stroke9
movl 0 3.2867 395.3584 170.5253 -155.2444 -20.7518 111.0395 100.0000 stroke9
movl 0 -1.8399 393.1886 169.9384 -157.3584 -19.8880 110.2896 100.0000 stroke9
movl 0 -6.1014 393.3275 168.4912 -157.9999 -19.5704 110.4576 100.0000 stroke9
movl 0 -9.7867 397.4715 166.8680 -158.1685 -15.3041 111.0274 100.0000 stroke9
movl 0 -10.0136 400.5069 167.0772 -157.1734 -11.8609 107.9662 100.0000 stroke9
movl 0 -10.7883 403.5880 167.2126 -156.3133 -7.8382 105.9701 100.0000 stroke9
movl 0 -12.3990 406.7470 167.0932 -155.5972 -3.1811 104.4042 100.0000 stroke9
movl 0 -14.6481 408.4312 167.1269 -155.6541 0.5005 103.4074 100.0000 stroke9
movl 0 -12.9203 406.6246 168.0739 -155.1859 0.2119 101.8482 100.0000 stroke9
movl 0 -13.2977 406.1269 168.0802 -155.2895 1.0293 101.6410 100.0000 stroke9
movl 0 -13.7029 405.7776 168.2563 -155.4860 1.1902 101.1650 100.0000 stroke9
movl 0 -13.7194 404.9930 168.6555 -155.7015 0.8503 100.1339 100.0000 stroke9
movl 0 -10.5574 400.9472 169.9331 -155.5921 -3.4595 98.2044 100.0000 stroke9
movl 0 2.2020 384.6413 183.5177 -154.2046 -21.2609 100.5590 100.0000 stroke9
movl 0 18.2791 381.9252 243.0695 -162.7397 -38.7964 119.1241 100.0000 stroke10
movl 0 7.9990 375.4473 178.7164 -161.8805 -31.5603 117.6819 100.0000 stroke10
movl 0 -7.2295 372.4000 174.8240 -166.4337 -28.6587 119.0386 100.0000 stroke10
movl 0 -14.2936 371.3185 171.5695 -169.6509 -27.1844 121.7537 100.0000 stroke10
movl 0 -13.9331 373.9545 170.3762 -169.0421 -26.4323 121.1234 100.0000 stroke10
movl 0 -17.0503 374.3860 169.4293 -169.0548 -25.9721 121.4206 100.0000 stroke10
movl 0 -20.1894 375.9658 169.6960 -169.9282 -23.3535 120.2779 100.0000 stroke10
movl 0 -23.4863 375.4860 170.2172 -170.8984 -22.2339 118.3198 100.0000 stroke10
movl 0 -22.3275 376.9192 170.5610 -171.0288 -20.9034 116.5726 100.0000 stroke10
movl 0 -18.5242 379.5399 170.7053 -170.2891 -20.1481 112.5359 100.0000 stroke10
movl 0 -15.4919 381.3528 170.8250 -169.5683 -19.4747 110.0270 100.0000 stroke10
movl 0 -14.3525 381.5310 171.2618 -168.7079 -19.3632 108.8398 100.0000 stroke10
movl 0 -13.3819 385.5561 170.9388 -167.2513 -16.6822 106.1198 100.0000 stroke10
movl 0 -6.2061 393.3986 169.5271 -163.6687 -13.1757 102.7527 100.0000 stroke10
movl 0 -1.7406 399.7491 168.4593 -160.3301 -10.2466 101.1781 100.0000 stroke10
movl 0 -0.5775 401.1373 168.2969 -159.3031 -8.6414 99.4704 100.0000 stroke10
movl 0 -0.7751 401.4446 168.7380 -158.9341 -7.1879 98.1360 100.0000 stroke10
movl 0 -1.4125 401.7834 169.2368 -158.7288 -5.5801 96.8651 100.0000 stroke10
movl 0 -2.1481 402.3064 169.5475 -158.5865 -3.7935 95.6324 100.0000 stroke10
movl 0 -3.2730 402.7673 169.8345 -158.7069 -2.1264 94.5440 100.0000 stroke10
movl 0 -4.1203 403.4075 170.0431 -158.7339 -0.3151 93.1602 100.0000 stroke10
movl 0 -4.9870 404.2310 170.1669 -158.8449 1.8775 91.5949 100.0000 stroke10
movl 0 -5.9831 404.8715 170.1882 -159.2043 3.9182 89.8532 100.0000 stroke10
movl 0 -6.8807 405.7941 170.1659 -159.6736 6.0024 88.3304 100.0000 stroke10
movl 0 -7.3653 405.6283 170.1138 -159.9566 7.3227 87.0324 100.0000 stroke10
movl 0 -8.6140 405.7214 170.1893 -160.4089 8.5625 86.7972 100.0000 stroke10
movl 0 -6.3495 403.5181 171.6667 -159.7492 7.2732 85.9192 100.0000 stroke10
movl 0 -2.5046 400.8731 172.8074 -158.6749 4.9680 85.1945 100.0000 stroke10
movl 0 -3.1813 400.7049 172.8078 -158.9581 5.0431 85.1861 100.0000 stroke10
movl 0 -4.8727 402.0589 172.2849 -159.6000 6.7557 85.6119 100.0000 stroke10
movl 0 -4.3119 400.3491 173.1885 -159.4312 5.9363 85.3044 100.0000 stroke10
movl 0 -1.5589 397.3773 174.3323 -158.6326 3.5663 84.6798 100.0000 stroke10
movl 0 -2.1845 398.6407 173.6623 -158.9887 4.2455 84.7590 100.0000 stroke10
movl 0 -5.2804 400.9152 172.5500 -159.8871 6.6587 85.5983 100.0000 stroke10
movl 0 -6.4823 401.0597 172.4816 -160.1075 7.2862 85.9888 100.0000 stroke10
movl 0 -2.8073 398.2804 173.6625 -158.4435 4.5605 85.8182 100.0000 stroke10
movl 0 7.0610 384.0133 189.2831 -153.1468 -11.7595 87.8197 100.0000 stroke10
movl 0 6.0074 382.2329 187.0255 -151.2216 -14.4269 91.4616 100.0000 stroke11
movl 0 1.7384 383.0117 179.0147 -153.3508 -12.2702 90.6464 100.0000 stroke11
movl 0 -3.2759 383.4393 175.1979 -154.9508 -10.6421 91.0247 100.0000 stroke11
movl 0 -7.6498 382.7329 173.9969 -155.0798 -11.1343 93.0254 100.0000 stroke11
movl 0 -10.1153 383.7528 172.3307 -155.6969 -11.3977 93.7766 100.0000 stroke11
movl 0 -11.2838 384.2896 171.0193 -156.6499 -12.3729 96.6554 100.0000 stroke11
movl 0 -11.8569 384.8766 170.8227 -157.1894 -12.0727 96.3440 100.0000 stroke11
movl 0 -14.2318 384.7509 171.0097 -158.4748 -11.5203 95.8306 100.0000 stroke11
movl 0 -14.4218 384.8872 171.1019 -158.9425 -11.2787 95.0926 100.0000 stroke11
movl 0 -13.5111 385.7775 171.0669 -159.4161 -10.8218 94.0346 100.0000 stroke11
movl 0 -12.5715 386.5210 171.0235 -159.7919 -10.4619 92.9481 100.0000 stroke11
movl 0 -11.9445 386.4016 171.1906 -159.5451 -10.4691 92.5412 100.0000 stroke11
movl 0 -11.3798 385.9728 171.5067 -159.3148 -10.6098 92.0525 100.0000 stroke11
movl 0 -11.7079 386.3900 171.3945 -159.5179 -10.0160 92.2370 100.0000 stroke11
movl 0 -11.9073 387.0652 171.2226 -159.3974 -9.5680 92.4524 100.0000 stroke11
movl 0 -12.1478 376.1091 175.1132 -157.0287 -14.3136 94.4818 100.0000 stroke11
movl 0 -8.0606 363.1195 237.0173 -156.1547 -31.1620 97.7084 100.0000 stroke11
movl 0 -0.6739 392.7724 205.7616 -148.9965 -13.5932 95.7395 100.0000 stroke12
movl 0 14.0392 386.3544 172.3315 -147.1266 -9.5270 90.7093 100.0000 stroke12
movl 0 0.2227 379.4529 170.4611 -152.9842 -9.6040 90.3959 100.0000 stroke12
movl 0 -9.9552 373.0386 172.1465 -155.5478 -10.1899 89.6859 100.0000 stroke12
movl 0 -11.5784 371.8591 171.7321 -155.6203 -10.4839 89.7809 100.0000 stroke12
movl 0 -12.8670 372.3318 171.0486 -155.7941 -10.3014 89.7729 100.0000 stroke12
movl 0 -14.3306 373.3722 170.4139 -156.7397 -9.5721 89.0391 100.0000 stroke12
movl 0 -16.6836 372.2886 170.7453 -157.9030 -9.7828 88.6233 100.0000 stroke12
movl 0 -16.7445 372.6403 170.8915 -158.4226 -9.4974 87.7365 100.0000 stroke12
movl 0 -15.9300 373.1549 170.8073 -158.8800 -9.1700 86.7533 100.0000 stroke12
movl 0 -14.6710 373.3609 170.7846 -159.4282 -8.9950 85.4586 100.0000 stroke12
movl 0 -13.7327 373.6359 170.7711 -159.3888 -8.8791 84.8801 100.0000 stroke12
movl 0 -12.3813 372.1356 171.6523 -158.6754 -9.7855 84.9387 100.0000 stroke12
movl 0 -12.5196 373.0510 171.5133 -159.1126 -8.5393 85.0140 100.0000 stroke12
movl 0 -12.0434 373.3525 171.6979 -158.5797 -8.2991 85.1313 100.0000 stroke12
movl 0 -2.6576 372.7663 185.8482 -152.1801 -12.6905 88.1340 100.0000 stroke12
movl 0 2.7167 376.4720 201.0872 -149.5385 -12.3494 93.7293 100.0000 stroke13
movl 0 -9.2706 366.0420 173.7151 -154.5494 -10.9144 93.3732 100.0000 stroke13
movl 0 -12.5832 366.1167 173.8625 -155.7517 -9.9518 92.4504 100.0000 stroke13
movl 0 -18.3868 363.7401 173.7299 -156.5277 -10.4543 92.9406 100.0000 stroke13
movl 0 -20.7241 364.5539 172.5747 -157.1354 -10.3891 92.8466 100.0000 stroke13
movl 0 -24.9899 364.2390 172.5755 -159.3689 -9.6995 91.9293 100.0000 stroke13
movl 0 -27.7091 363.1995 172.8325 -160.3815 -9.8006 91.7556 100.0000 stroke13
movl 0 -28.5743 362.9836 172.7893 -160.9746 -9.8749 91.3398 100.0000 stroke13
movl 0 -27.3678 363.0333 173.0718 -161.4197 -9.7475 90.0976 100.0000 stroke13
movl 0 -25.7708 362.9850 173.4030 -161.8044 -9.6107 89.1777 100.0000 stroke13
movl 0 -24.3020 363.6204 173.5745 -162.1912 -9.2509 88.0497 100.0000 stroke13
movl 0 -21.7948 364.7158 173.8057 -162.7449 -8.7331 86.1654 100.0000 stroke13
movl 0 -19.1553 365.1272 174.0255 -162.4799 -8.6210 85.3722 100.0000 stroke13
movl 0 -18.6416 363.8229 174.6865 -161.8395 -9.2105 85.5963 100.0000 stroke13
movl 0 -18.8501 364.5954 174.2643 -162.4183 -8.2272 85.7613 100.0000 stroke13
movl 0 -20.0148 364.1159 174.3339 -161.8907 -8.3507 86.5204 100.0000 stroke13
movl 0 -19.3977 363.7960 174.5425 -161.3630 -8.4527 86.7475 100.0000 stroke13
movl 0 -18.0412 363.2123 175.0643 -160.4370 -8.6900 86.8513 100.0000 stroke13
movl 0 -12.1964 362.6713 177.2587 -157.9179 -10.5804 87.6814 100.0000 stroke13
movl 0 1.0361 363.7908 204.5177 -154.2251 -16.5896 89.0461 100.0000 stroke13
