movl 0 -36.4605 375.3559 173.5836 175.3593 29.3152 -49.7402 100.0000 stroke1
movl 0 -37.9766 376.0811 172.2521 175.5621 28.8874 -49.4772 100.0000 stroke1
movl 0 -38.5261 376.6979 171.0295 175.8258 28.8674 -48.6138 100.0000 stroke1
movl 0 -40.7724 374.9260 170.1208 177.5650 29.1379 -45.3856 100.0000 stroke1
movl 0 -45.8100 373.7114 169.1538 178.9527 28.0679 -43.0941 100.0000 stroke1
movl 0 -48.3399 373.6728 168.7918 179.6043 27.2218 -42.6409 100.0000 stroke1
movl 0 -50.2481 374.0043 168.5333 -179.8837 26.3719 -42.2618 100.0000 stroke1
movl 0 -51.8581 374.2904 168.5936 -179.4387 25.4840 -42.3466 100.0000 stroke1
movl 0 -53.7936 374.5194 168.8575 -179.0552 24.4412 -42.8742 100.0000 stroke1
movl 0 -56.3043 374.7867 169.2677 -178.9892 22.8479 -44.1024 100.0000 stroke1
movl 0 -58.7409 373.6543 169.5685 -178.0344 22.3628 -44.6226 100.0000 stroke1
movl 0 -60.1594 372.6669 169.6157 -176.9559 22.2141 -44.8172 100.0000 stroke1
movl 0 -61.2452 372.4564 169.8874 -176.2037 21.7030 -45.7917 100.0000 stroke1
movl 0 -61.9558 372.6713 170.0477 -175.5633 21.1436 -47.0410 100.0000 stroke1
movl 0 -62.8206 373.1338 170.2981 -174.8549 20.4163 -48.7462 100.0000 stroke1
movl 0 -62.9253 374.5710 170.5186 -174.4280 19.6463 -51.3452 100.0000 stroke1
movl 0 -63.3267 376.0996 170.5443 -173.6575 18.8197 -53.8609 100.0000 stroke1
movl 0 -62.2122 378.9887 170.3313 -173.5357 18.0075 -56.8367 100.0000 stroke1
movl 0 -60.4869 381.9220 169.9138 -173.6829 17.3202 -59.7483 100.0000 stroke1
movl 0 -58.7355 380.2455 170.4264 -173.9767 18.5494 -59.2384 100.0000 stroke1
movl 0 -56.1856 377.3119 170.9310 -173.8519 20.6554 -57.6032 100.0000 stroke1
movl 0 -54.5096 375.9824 171.4310 -174.0625 21.6031 -57.4218 100.0000 stroke1
movl 0 -54.4040 376.2454 171.4122 -174.1167 21.4616 -57.3972 100.0000 stroke1
movl 0 -54.8629 377.8782 171.9825 -174.8779 19.9902 -58.4580 100.0000 stroke1
movl 0 -54.9887 380.2446 172.4950 -176.0492 18.1328 -60.4128 100.0000 stroke1
movl 0 -54.0391 380.9133 172.3803 -176.8743 18.1090 -60.0404 100.0000 stroke1
movl 0 -50.3472 381.2151 172.4389 -179.0897 19.1516 -58.7016 100.0000 stroke1
movl 0 -49.6270 375.2495 173.5847 -178.8225 22.3935 -54.9851 100.0000 stroke1
movl 0 -51.9876 362.2906 193.6113 -176.1329 28.7557 -45.8357 100.0000 stroke1
movl 0 -16.0947 423.1244 229.0405 173.6144 31.7144 -38.5383 100.0000 stroke2
movl 0 -6.1081 423.2408 183.5396 170.8175 30.2768 -40.2594 100.0000 stroke2
movl 0 -5.6478 423.7724 173.0218 170.9208 30.8395 -39.7236 100.0000 stroke2
movl 0 -10.8905 425.1510 167.6501 171.0157 29.0878 -39.0921 100.0000 stroke2
movl 0 -13.1965 427.6610 166.4846 170.4004 27.6678 -39.0195 100.0000 stroke2
movl 0 -14.8438 430.3725 165.4321 169.7124 26.2923 -39.1807 100.0000 stroke2
movl 0 -16.3541 432.6743 165.1889 169.2473 24.1287 -41.4400 100.0000 stroke2
movl 0 -18.6406 434.7705 165.6830 166.9568 21.4988 -44.7752 100.0000 stroke2
movl 0 -19.7326 435.6218 166.3186 164.7818 19.3102 -48.4284 100.0000 stroke2
movl 0 -20.4394 435.2017 166.9156 163.1375 17.4116 -51.7217 100.0000 stroke2
movl 0 -21.9108 434.4690 167.5806 161.7844 15.3645 -54.8041 100.0000 stroke2
movl 0 -23.3080 432.9939 168.3757 160.6950 13.3757 -57.7760 100.0000 stroke2
movl 0 -25.1173 431.3407 169.0000 159.9364 11.4137 -60.0211 100.0000 stroke2
movl 0 -27.2924 429.2407 169.6014 159.5328 9.8480 -61.4558 100.0000 stroke2
movl 0 -29.6894 427.3778 170.1488 159.0593 8.0746 -63.0536 100.0000 stroke2
movl 0 -32.0852 425.7479 170.4232 158.7877 6.6900 -63.8781 100.0000 stroke2
movl 0 -35.1388 423.9174 170.9282 158.7468 5.0345 -64.6739 100.0000 stroke2
movl 0 -38.4536 421.6397 171.1571 158.6602 4.1339 -64.3867 100.0000 stroke2
movl 0 -42.2806 419.3254 171.3593 158.6767 3.5312 -63.6524 100.0000 stroke2
movl 0 -45.6231 417.2578 171.6233 158.4932 3.3478 -62.8075 100.0000 stroke2
movl 0 -48.7160 415.2482 172.1158 158.2742 3.3974 -62.0836 100.0000 stroke2
movl 0 -51.2548 413.5246 172.7867 158.0900 3.6287 -61.5331 100.0000 stroke2
movl 0 -52.2973 412.6449 173.5154 157.7166 4.0210 -61.3315 100.0000 stroke2
movl 0 -51.5685 411.8152 175.8947 156.2965 5.6083 -61.1077 100.0000 stroke2
movl 0 -50.9357 405.9833 195.7666 154.2113 11.4277 -60.1854 100.0000 stroke2
movl 0 -27.4861 392.8066 196.9053 168.2027 25.0334 -55.9426 100.0000 stroke3
movl 0 -31.6693 388.8363 179.6095 170.1055 23.9182 -57.8861 100.0000 stroke3
movl 0 -37.0207 390.8854 178.5276 170.2406 20.3779 -59.0612 100.0000 stroke3
movl 0 -41.1535 391.5683 176.9074 170.4624 18.9127 -59.8939 100.0000 stroke3
movl 0 -43.1414 392.6048 175.7014 171.0958 18.2964 -60.4254 100.0000 stroke3
movl 0 -46.0758 393.9590 175.6635 172.2997 16.4889 -61.6183 100.0000 stroke3
movl 0 -48.0469 395.3977 176.0883 172.4844 14.6014 -62.7202 100.0000 stroke3
movl 0 -48.6700 396.5064 176.7340 172.3586 12.9319 -63.9614 100.0000 stroke3
movl 0 -49.9511 397.4990 177.3504 172.6069 10.9569 -65.3270 100.0000 stroke3
movl 0 -51.5907 398.3803 177.9377 173.1928 8.6558 -67.0273 100.0000 stroke3
movl 0 -54.9711 399.5143 178.0575 174.5102 5.5652 -69.3598 100.0000 stroke3
movl 0 -59.3295 400.7131 177.6662 176.4027 2.5728 -72.1745 100.0000 stroke3
movl 0 -64.1563 401.7406 176.7780 178.5637 0.2432 -75.0794 100.0000 stroke3
movl 0 -68.6858 402.9087 175.7709 -179.1300 -1.7288 -78.2836 100.0000 stroke3
movl 0 -72.1310 403.6708 174.7547 -176.9939 -3.1209 -81.0125 100.0000 stroke3
movl 0 -75.0327 403.3825 173.9722 -175.0758 -3.5742 -83.9236 100.0000 stroke3
movl 0 -77.3365 402.6627 173.9794 -173.9666 -3.1836 -87.7736 100.0000 stroke3
movl 0 -77.3556 402.6779 174.2743 -173.7511 -2.5942 -91.8440 100.0000 stroke3
movl 0 -76.0938 403.7827 174.4611 -173.8354 -2.6309 -94.2063 100.0000 stroke3
movl 0 -75.6149 404.5444 174.6335 -173.6530 -2.8242 -95.2559 100.0000 stroke3
movl 0 -74.7773 405.0295 174.9181 -173.5864 -2.9811 -95.2921 100.0000 stroke3
movl 0 -72.8380 405.4256 175.3527 -174.0875 -3.2654 -94.4355 100.0000 stroke3
movl 0 -71.1470 405.3373 175.7932 -174.4550 -3.3276 -93.9369 100.0000 stroke3
movl 0 -69.0209 404.9592 176.1763 -174.8581 -3.3259 -93.1810 100.0000 stroke3
movl 0 -66.9270 404.5324 176.5968 -175.2227 -3.2650 -92.1514 100.0000 stroke3
movl 0 -64.0228 404.4403 177.1814 -175.7677 -3.3028 -91.4023 100.0000 stroke3
movl 0 -61.1418 403.9285 177.7503 -176.1779 -3.2441 -91.0927 100.0000 stroke3
movl 0 -58.0039 403.5889 178.3800 -176.6412 -3.1883 -90.8287 100.0000 stroke3
movl 0 -54.9447 403.1216 179.0276 -177.0627 -3.0724 -90.6199 100.0000 stroke3
movl 0 -52.5481 402.4284 179.7035 -177.5146 -2.9058 -90.4022 100.0000 stroke3
movl 0 -49.9348 401.6305 180.4006 -177.9610 -2.7272 -90.3282 100.0000 stroke3
movl 0 -47.3371 401.0574 181.0553 -178.4469 -2.5547 -90.3567 100.0000 stroke3
movl 0 -45.8151 400.6415 181.6663 -178.8622 -2.3239 -90.3227 100.0000 stroke3
movl 0 -43.9864 400.3100 182.2039 -179.2624 -2.1712 -90.3976 100.0000 stroke3
movl 0 -41.5807 400.0837 182.9157 -179.8457 -1.9934 -90.6532 100.0000 stroke3
movl 0 -40.5549 399.6709 183.2902 179.9174 -1.8799 -90.7305 100.0000 stroke3
movl 0 -39.2836 399.2993 183.6274 179.6277 -1.7902 -90.8500 100.0000 stroke3
movl 0 -38.0637 399.1372 184.0169 179.3361 -1.6732 -91.0419 100.0000 stroke3
movl 0 -37.2500 398.8853 184.4319 179.1020 -1.5439 -91.0752 100.0000 stroke3
movl 0 -35.6575 398.5301 185.1151 178.8137 -1.4290 -91.2647 100.0000 stroke3
movl 0 11.7253 392.8825 215.3834 167.1145 -0.0009 -94.0395 100.0000 stroke3
movl 0 6.2907 384.4476 205.6528 157.8364 20.9179 -69.1041 100.0000 stroke4
movl 0 -16.8571 376.1248 182.8318 167.1134 23.3843 -54.7121 100.0000 stroke4
movl 0 -31.8934 368.2043 181.9925 173.3646 23.2306 -46.4758 100.0000 stroke4
movl 0 -41.6512 363.6927 179.9959 177.4814 22.2381 -42.2868 100.0000 stroke4
movl 0 -46.2999 362.3712 178.8043 179.0521 21.4096 -40.5562 100.0000 stroke4
movl 0 -51.4689 360.5128 177.2168 -179.1991 20.7936 -38.8102 100.0000 stroke4
movl 0 -53.9801 359.6359 176.2888 -178.4486 20.4157 -37.7411 100.0000 stroke4
movl 0 -57.3993 359.5464 175.9849 -177.7304 18.7969 -37.9751 100.0000 stroke4
movl 0 -60.8447 358.9819 175.9565 -176.9585 17.3808 -38.7064 100.0000 stroke4
movl 0 -64.2121 357.2699 175.8337 -175.7542 16.7724 -39.1523 100.0000 stroke4
movl 0 -66.3127 356.4045 175.5620 -174.8624 16.5096 -40.0965 100.0000 stroke4
movl 0 -67.9006 356.5692 175.3360 -174.3326 15.9206 -41.2947 100.0000 stroke4
movl 0 -69.4978 356.9190 175.1967 -173.6001 15.1866 -42.8244 100.0000 stroke4
movl 0 -70.3031 358.0241 175.2132 -173.1659 14.3676 -44.7067 100.0000 stroke4
movl 0 -71.0493 359.7346 174.9919 -172.7639 13.3982 -46.8079 100.0000 stroke4
movl 0 -71.0597 362.4676 174.5929 -172.5178 12.4638 -49.2753 100.0000 stroke4
movl 0 -70.4550 363.2431 174.6666 -172.6595 12.4112 -50.5421 100.0000 stroke4
movl 0 -66.0579 361.1198 176.2633 -173.7848 14.4911 -51.0514 100.0000 stroke4
movl 0 -63.3852 360.8742 177.1800 -174.6233 15.3604 -52.2136 100.0000 stroke4
movl 0 -62.7801 361.8365 177.2748 -175.2687 15.0528 -52.9974 100.0000 stroke4
movl 0 -62.5846 364.8888 177.8143 -177.1478 13.1299 -55.8584 100.0000 stroke4
movl 0 -61.9868 366.8411 177.8196 -178.5895 12.2963 -57.6002 100.0000 stroke4
movl 0 -57.4314 366.9124 178.2069 179.1765 13.6100 -57.7968 100.0000 stroke4
movl 0 -52.2166 356.5286 185.8146 176.7830 20.4977 -58.7774 100.0000 stroke4
movl 0 -23.8655 389.2669 198.2446 152.2919 -5.5260 -110.5869 100.0000 stroke5
movl 0 -23.5124 387.3146 178.3476 152.6797 -3.6898 -112.7557 100.0000 stroke5
movl 0 -18.6374 390.1687 174.1859 152.6131 -3.2957 -112.1901 100.0000 stroke5
movl 0 -17.9263 395.3436 171.1528 153.6826 -4.6836 -112.5165 100.0000 stroke5
movl 0 -15.9444 398.4797 169.7483 153.5761 -5.5682 -112.3609 100.0000 stroke5
movl 0 -18.4293 400.3201 168.8453 154.6711 -5.8452 -112.4755 100.0000 stroke5
movl 0 -22.1604 402.0474 168.9525 157.4588 -6.9020 -114.3119 100.0000 stroke5
movl 0 -25.0925 404.3067 168.8679 160.2323 -7.9549 -116.7926 100.0000 stroke5
movl 0 -25.8238 404.6967 168.8735 160.6299 -9.2091 -116.8208 100.0000 stroke5
movl 0 -27.6954 403.1527 169.7241 161.2900 -9.3762 -117.1788 100.0000 stroke5
movl 0 -29.6500 401.3488 170.5733 161.8250 -9.2803 -117.9257 100.0000 stroke5
movl 0 -30.7457 400.8563 170.9365 162.5139 -9.8512 -119.0019 100.0000 stroke5
movl 0 -31.6123 400.0943 171.1662 162.9911 -10.2126 -119.7343 100.0000 stroke5
movl 0 -32.5160 398.9366 171.3686 163.4416 -10.5413 -120.2141 100.0000 stroke5
movl 0 -33.3615 397.3704 171.6103 163.9208 -10.9402 -120.7368 100.0000 stroke5
movl 0 -34.6464 395.5243 171.8496 164.4160 -11.1089 -121.1264 100.0000 stroke5
movl 0 -35.6015 393.6037 172.0061 164.9444 -11.4412 -121.6454 100.0000 stroke5
movl 0 -36.4925 391.7723 172.0846 165.4160 -11.7063 -122.0985 100.0000 stroke5
movl 0 -37.5964 389.9849 172.1546 166.0971 -12.1080 -122.7770 100.0000 stroke5
movl 0 -38.9840 387.7862 172.1957 166.8127 -12.3965 -123.4006 100.0000 stroke5
movl 0 -40.2566 385.6518 172.1853 167.4794 -12.7026 -123.9850 100.0000 stroke5
movl 0 -41.4462 383.3440 172.2026 168.0652 -13.0189 -124.3420 100.0000 stroke5
movl 0 -42.4286 380.8577 172.2773 168.4400 -13.2417 -124.3628 100.0000 stroke5
movl 0 -43.5838 378.5953 172.3261 168.6854 -13.2253 -124.1846 100.0000 stroke5
movl 0 -42.1657 377.5448 172.9840 167.9693 -12.8282 -124.0583 100.0000 stroke5
movl 0 -41.9601 376.6110 173.4313 167.7822 -12.4839 -123.9119 100.0000 stroke5
movl 0 -42.3109 376.3509 173.6810 168.0580 -12.6173 -123.8626 100.0000 stroke5
movl 0 -42.5242 376.1111 173.9432 168.3951 -12.9035 -123.6559 100.0000 stroke5
movl 0 -41.9670 375.0071 174.5163 168.0973 -12.6798 -123.5159 100.0000 stroke5
movl 0 -41.5645 374.4660 174.8882 167.9529 -12.6287 -123.3497 100.0000 stroke5
movl 0 -41.4823 374.2394 175.1308 168.0583 -12.8307 -123.4046 100.0000 stroke5
movl 0 -41.1445 373.7284 175.3758 167.9756 -12.9181 -123.4299 100.0000 stroke5
movl 0 -40.7979 373.4341 175.5903 167.9146 -12.9367 -123.4881 100.0000 stroke5
movl 0 -40.4788 373.1461 175.8969 167.9084 -13.0241 -123.6138 100.0000 stroke5
movl 0 -40.4538 372.9653 175.9938 167.8909 -13.0522 -123.6062 100.0000 stroke5
movl 0 -39.4099 372.2549 176.4581 167.4647 -13.0695 -123.5823 100.0000 stroke5
movl 0 -38.4419 371.6842 176.9403 167.1465 -13.0332 -123.7172 100.0000 stroke5
movl 0 -38.6404 371.7903 176.8643 167.2141 -12.9875 -123.7527 100.0000 stroke5
movl 0 -38.0574 371.4807 177.0437 166.8587 -12.8066 -123.7655 100.0000 stroke5
movl 0 -36.2743 370.5832 177.5979 165.7862 -12.3082 -123.5005 100.0000 stroke5
movl 0 -24.5434 369.9339 188.2750 161.3483 -10.3870 -122.8480 100.0000 stroke5
