movl 0 2.1295 391.9153 171.1455 -172.0553 42.0614 -10.8946 100.0000 stroke1
movl 0 -4.6163 403.3435 189.4126 -177.5225 41.1113 -14.3901 100.0000 stroke1
movl 0 -17.9229 408.9604 179.6279 -178.9235 38.5900 -14.4530 100.0000 stroke1
movl 0 -13.9116 405.0531 166.4459 178.8095 36.6214 -20.2864 100.0000 stroke1
movl 0 -12.5252 403.3662 164.9632 177.8906 35.6274 -23.4499 100.0000 stroke1
movl 0 -15.7451 401.8212 164.9563 177.8144 34.3413 -24.7736 100.0000 stroke1
movl 0 -17.7011 401.7122 165.3507 177.9687 33.4359 -25.2237 100.0000 stroke1
movl 0 -21.6619 400.5286 165.8673 179.2044 32.4946 -24.0781 100.0000 stroke1
movl 0 -23.7986 400.7148 166.0379 179.0664 32.0715 -24.1344 100.0000 stroke1
movl 0 -27.2575 399.9107 165.8853 -179.8865 31.4353 -22.5120 100.0000 stroke1
movl 0 -28.5255 400.2121 165.3159 179.4343 31.1903 -22.3208 100.0000 stroke1
movl 0 -31.6388 400.4714 165.0108 179.9598 29.7902 -21.9900 100.0000 stroke1
movl 0 -33.9435 400.6616 164.7423 -179.1540 28.6514 -20.8384 100.0000 stroke1
movl 0 -35.2153 400.6966 164.6049 -178.4630 27.9055 -19.9775 100.0000 stroke1
movl 0 -34.7015 399.9055 164.9657 -176.9449 28.0663 -17.8380 100.0000 stroke1
movl 0 -34.5857 399.9402 165.0891 -176.4795 28.3410 -17.0453 100.0000 stroke1
movl 0 -34.0549 398.6375 165.4906 -175.6282 29.0256 -16.1423 100.0000 stroke1
movl 0 -36.6667 399.8936 165.1411 -176.2250 27.4560 -16.1741 100.0000 stroke1
movl 0 -39.0545 399.0630 165.5493 -175.5920 25.7801 -15.7941 100.0000 stroke1
movl 0 -41.3091 397.1715 166.0633 -174.3263 25.2688 -14.4808 100.0000 stroke1
movl 0 -43.7675 396.9115 166.3247 -173.2610 24.3211 -13.1660 100.0000 stroke1
movl 0 -43.6039 397.0322 166.2953 -172.6773 23.9822 -12.5341 100.0000 stroke1
movl 0 -42.6461 396.9693 166.4358 -172.4935 23.7728 -12.2284 100.0000 stroke1
movl 0 -40.8938 397.0656 166.5962 -172.2451 23.7596 -12.2830 100.0000 stroke1
movl 0 -39.9380 397.1226 166.8153 -172.1702 23.5890 -12.5043 100.0000 stroke1
movl 0 -38.9917 397.2251 166.8670 -172.0101 23.4106 -12.6528 100.0000 stroke1
movl 0 -38.1904 397.3603 167.0182 -171.9783 23.0471 -13.0790 100.0000 stroke1
movl 0 -37.3171 396.9987 167.0616 -171.7732 22.5879 -13.5905 100.0000 stroke1
movl 0 -36.4251 397.0113 167.3113 -171.6519 22.1600 -14.2357 100.0000 stroke1
movl 0 -36.3699 397.0259 167.4950 -171.5223 21.5922 -14.7961 100.0000 stroke1
movl 0 -35.3635 397.4167 167.6998 -171.4600 21.0509 -15.4216 100.0000 stroke1
movl 0 -33.7899 397.9568 167.8150 -171.5837 20.6644 -16.3410 100.0000 stroke1
movl 0 -32.5776 398.4539 167.9560 -171.6113 20.2711 -17.4227 100.0000 stroke1
movl 0 -31.1326 399.1787 168.1592 -171.6720 19.6162 -18.9689 100.0000 stroke1
movl 0 -29.5848 400.0793 168.3464 -171.8052 19.0727 -20.5760 100.0000 stroke1
movl 0 -27.8770 401.0471 168.3383 -171.9188 18.5997 -22.0326 100.0000 stroke1
movl 0 -26.7812 401.5329 168.3229 -171.9060 18.0815 -23.4769 100.0000 stroke1
movl 0 -26.9479 401.6202 168.2652 -171.7234 17.7118 -23.9748 100.0000 stroke1
movl 0 -24.6468 399.3825 168.9596 -171.1095 19.3015 -23.3095 100.0000 stroke1
movl 0 -23.3353 398.1436 169.4315 -170.6294 20.1077 -23.1922 100.0000 stroke1
movl 0 -22.5080 397.2011 169.9049 -170.1075 20.4230 -23.0065 100.0000 stroke1
movl 0 -21.7997 396.6193 170.3067 -169.9320 20.7137 -22.9521 100.0000 stroke1
movl 0 -22.1102 397.1956 170.2281 -170.6757 20.4678 -23.2995 100.0000 stroke1
movl 0 -22.5130 397.9462 170.6539 -171.9904 19.6249 -23.8707 100.0000 stroke1
movl 0 -22.0994 398.5442 171.0576 -173.0238 19.0966 -24.3768 100.0000 stroke1
movl 0 -21.1101 398.5005 171.0523 -173.3388 19.1444 -24.4881 100.0000 stroke1
movl 0 -20.2609 398.3350 170.8763 -173.7590 20.1849 -23.6786 100.0000 stroke1
movl 0 -19.9906 398.6208 170.6426 -174.1700 20.8535 -23.2830 100.0000 stroke1
movl 0 -20.0339 398.8044 170.4776 -174.4045 21.3245 -22.8823 100.0000 stroke1
movl 0 -19.8179 398.3649 170.6323 -174.3790 21.7752 -22.3897 100.0000 stroke1
movl 0 -16.9682 395.3518 172.1988 -173.1874 24.9243 -19.8475 100.0000 stroke1
movl 0 -11.2822 389.0455 179.1408 -165.3105 29.7765 -7.0401 100.0000 stroke1
movl 0 -15.7740 382.5089 200.2516 -144.8558 26.9273 18.4954 100.0000 stroke1
movl 0 -28.5998 376.5980 238.3834 -127.5399 16.9401 32.2166 100.0000 stroke1
movl 0 -20.8985 427.0961 223.8072 -158.3221 30.4616 21.9318 100.0000 stroke2
movl 0 -12.2878 416.1385 185.7636 -160.9890 32.9993 18.3920 100.0000 stroke2
movl 0 -8.6374 405.5864 169.4412 -163.5158 32.7404 13.7491 100.0000 stroke2
movl 0 -7.8411 403.6688 169.9347 -169.9265 33.4079 3.0631 100.0000 stroke2
movl 0 -14.3074 403.4937 176.0876 -171.2200 32.4297 -0.6054 100.0000 stroke2
movl 0 -18.1788 400.9367 175.2421 -172.9893 32.4262 -5.6961 100.0000 stroke2
movl 0 -15.9389 396.5003 171.0702 -178.9745 33.4805 -14.9489 100.0000 stroke2
movl 0 -16.4808 394.5898 169.9960 -179.6419 33.5439 -17.3161 100.0000 stroke2
movl 0 -18.1680 396.9813 167.3720 -177.2935 33.2042 -13.8092 100.0000 stroke2
movl 0 -20.5600 397.8794 165.9733 -176.1771 32.6537 -10.9546 100.0000 stroke2
movl 0 -23.7826 396.2205 164.9307 -175.9611 32.4709 -12.2586 100.0000 stroke2
movl 0 -24.0498 396.9673 162.7045 -174.8402 32.2208 -10.0646 100.0000 stroke2
movl 0 -24.5442 397.2040 161.8353 -174.4285 32.3681 -9.2594 100.0000 stroke2
movl 0 -27.9122 399.4685 161.0641 -176.0072 30.8122 -10.0788 100.0000 stroke2
movl 0 -28.0745 401.5158 161.0717 -179.2557 29.4179 -14.1295 100.0000 stroke2
movl 0 -28.5621 402.1508 161.4638 178.3555 28.5524 -16.8240 100.0000 stroke2
movl 0 -28.3668 402.7494 162.0378 175.3165 28.0046 -20.2979 100.0000 stroke2
movl 0 -28.2775 403.2612 162.5527 172.2761 27.1408 -23.7521 100.0000 stroke2
movl 0 -28.2454 403.4167 162.8606 169.0585 25.8610 -27.7255 100.0000 stroke2
movl 0 -29.0424 404.2720 163.1586 165.3113 23.9046 -32.7032 100.0000 stroke2
movl 0 -30.0579 404.5537 163.3121 162.2395 21.3245 -36.6653 100.0000 stroke2
movl 0 -31.3016 404.4032 163.4734 159.2390 18.0788 -41.1844 100.0000 stroke2
movl 0 -32.6282 403.1889 163.7283 156.9812 14.6210 -45.5202 100.0000 stroke2
movl 0 -33.6406 402.1089 163.7210 155.1658 11.3169 -49.1962 100.0000 stroke2
movl 0 -34.6148 401.0698 163.7477 154.0516 8.7013 -51.3964 100.0000 stroke2
movl 0 -36.0895 399.6336 163.7389 153.4124 6.9241 -52.5161 100.0000 stroke2
movl 0 -37.8997 398.7280 163.6451 153.1513 6.1538 -51.9543 100.0000 stroke2
movl 0 -38.6646 397.6735 163.8423 153.2907 6.1737 -51.6754 100.0000 stroke2
movl 0 -36.4144 396.7383 164.6383 153.3531 7.2525 -52.0610 100.0000 stroke2
movl 0 -34.8036 396.1072 165.0895 153.5197 8.0119 -52.4923 100.0000 stroke2
movl 0 -35.5483 396.0434 164.9457 153.4631 7.5638 -52.2612 100.0000 stroke2
movl 0 -36.7856 396.0521 164.7296 153.3220 7.0192 -51.6835 100.0000 stroke2
movl 0 -38.0679 395.8143 164.5352 153.2786 6.5357 -51.0405 100.0000 stroke2
movl 0 -37.2290 394.2797 165.1886 153.5485 7.2848 -51.4079 100.0000 stroke2
movl 0 -33.6028 393.2526 166.2379 153.7547 8.7945 -52.4800 100.0000 stroke2
movl 0 -36.0827 393.0479 166.0075 153.8640 7.5971 -51.8287 100.0000 stroke2
movl 0 -35.0722 390.7342 167.3189 155.2036 9.8958 -52.8217 100.0000 stroke2
movl 0 -26.9061 387.2306 175.0028 157.0311 17.2037 -53.0616 100.0000 stroke2
movl 0 -22.2293 373.2124 230.3879 170.2209 34.1348 -43.8667 100.0000 stroke2
movl 0 -26.0349 358.4324 243.3187 -173.2132 35.1027 -24.0859 100.0000 stroke3
movl 0 -21.5139 362.4334 206.1817 -179.9645 32.3650 -29.2368 100.0000 stroke3
movl 0 -20.3285 369.1761 193.8460 176.7158 30.6688 -31.7813 100.0000 stroke3
movl 0 -19.1531 383.3561 187.3946 175.1883 29.7632 -32.8971 100.0000 stroke3
movl 0 -12.4662 391.4523 174.5244 173.3530 30.5859 -35.1867 100.0000 stroke3
movl 0 -14.0333 393.3065 171.0485 174.5722 30.7946 -32.6106 100.0000 stroke3
movl 0 -15.9768 397.8815 168.6531 173.5343 29.9092 -32.3201 100.0000 stroke3
movl 0 -16.4327 399.6861 167.6222 173.2782 29.7798 -32.1687 100.0000 stroke3
movl 0 -19.1937 401.1065 166.7644 173.1474 28.6734 -32.6424 100.0000 stroke3
movl 0 -21.2915 403.0987 166.4555 172.4347 26.4069 -33.5182 100.0000 stroke3
movl 0 -22.0314 403.6966 166.7843 171.5580 25.1021 -35.0464 100.0000 stroke3
movl 0 -22.9250 403.9345 167.2243 170.1399 24.0396 -36.9367 100.0000 stroke3
movl 0 -22.8784 403.8652 167.5821 168.8144 23.2263 -38.9199 100.0000 stroke3
movl 0 -23.0218 403.4778 168.1210 167.6198 22.3670 -40.3585 100.0000 stroke3
movl 0 -22.9765 402.0621 168.5956 168.0416 22.8020 -41.7050 100.0000 stroke3
movl 0 -22.0592 400.0681 169.3869 170.1880 24.7231 -41.1971 100.0000 stroke3
movl 0 -22.0501 399.0488 169.4188 171.2861 25.7160 -40.1753 100.0000 stroke3
movl 0 -21.9239 398.6545 169.2429 171.7243 26.0855 -39.1687 100.0000 stroke3
movl 0 -24.1387 399.0796 169.0706 172.2959 24.9117 -39.3386 100.0000 stroke3
movl 0 -25.2911 398.7506 169.0479 172.8219 24.2584 -39.6715 100.0000 stroke3
movl 0 -24.6182 398.9792 169.1165 172.9041 24.0486 -40.1278 100.0000 stroke3
movl 0 -22.2140 399.7393 169.0861 172.7418 23.7625 -41.0761 100.0000 stroke3
movl 0 -18.6676 400.4324 169.1499 172.3761 23.7782 -42.2289 100.0000 stroke3
movl 0 -15.2087 401.2243 169.1145 172.2965 23.4561 -43.4194 100.0000 stroke3
movl 0 -11.1463 402.4926 168.9889 171.9522 23.0271 -45.5284 100.0000 stroke3
movl 0 -10.1043 401.8097 169.4008 170.6012 23.6747 -46.7122 100.0000 stroke3
movl 0 -6.5758 405.6258 168.4806 168.1558 21.7775 -49.9860 100.0000 stroke3
movl 0 -6.7321 407.4564 167.8916 166.5756 20.6710 -51.9485 100.0000 stroke3
movl 0 -6.5899 408.0555 167.8650 164.6295 19.7020 -53.3189 100.0000 stroke3
movl 0 -6.6860 406.4866 168.5832 163.3420 19.2136 -53.9823 100.0000 stroke3
movl 0 -6.8475 405.1090 168.9640 163.1311 19.6495 -54.1552 100.0000 stroke3
movl 0 -6.7538 404.3803 169.3724 163.1707 20.0101 -54.3505 100.0000 stroke3
movl 0 -4.5571 400.6722 171.2845 163.9407 22.3157 -54.0090 100.0000 stroke3
movl 0 2.8779 386.8904 190.2998 172.7794 35.7878 -41.4995 100.0000 stroke3
movl 0 2.9664 371.7694 249.8660 -169.4962 47.4197 -21.1862 100.0000 stroke3
movl 0 -0.5973 397.0015 212.3628 173.0875 40.1056 -37.1928 100.0000 stroke4
movl 0 -7.1584 397.6909 171.6900 162.5144 29.4266 -51.8997 100.0000 stroke4
movl 0 -11.9520 398.4236 170.8501 160.3161 24.1261 -58.5831 100.0000 stroke4
movl 0 -17.4010 398.3153 169.6932 161.9841 22.2548 -57.7852 100.0000 stroke4
movl 0 -19.7806 398.4644 169.2908 162.2240 21.3576 -57.0852 100.0000 stroke4
movl 0 -20.4827 399.1966 168.9319 162.2093 21.0321 -56.8973 100.0000 stroke4
movl 0 -23.4924 398.3934 169.2398 163.6339 19.7769 -56.9303 100.0000 stroke4
movl 0 -23.7958 398.1548 169.4579 164.2023 19.4970 -56.9858 100.0000 stroke4
movl 0 -22.1640 398.5956 169.5210 164.3336 19.3122 -57.4527 100.0000 stroke4
movl 0 -19.5427 398.9961 169.6896 164.3420 19.2636 -58.2740 100.0000 stroke4
movl 0 -17.1266 399.2369 169.9472 164.7649 18.8514 -59.1893 100.0000 stroke4
movl 0 -13.7318 399.8363 170.0236 164.9570 18.2004 -60.5851 100.0000 stroke4
movl 0 -11.7754 400.1935 169.6335 164.9840 18.0639 -61.3598 100.0000 stroke4
movl 0 -10.2236 398.5206 170.1830 165.0275 19.2793 -61.2917 100.0000 stroke4
movl 0 -10.3710 398.5868 170.2214 165.0485 18.5379 -60.9973 100.0000 stroke4
movl 0 -11.4340 398.8695 169.8005 164.5843 18.7018 -59.8827 100.0000 stroke4
movl 0 -6.9341 394.6431 171.5989 164.7665 25.7405 -54.7602 100.0000 stroke4
movl 0 -3.4148 388.3032 201.3279 179.2720 39.4862 -35.4729 100.0000 stroke4
movl 0 7.3255 423.4569 180.8087 158.7800 33.1691 -42.2980 100.0000 stroke5
movl 0 5.4320 416.5834 164.7130 159.7682 30.8653 -44.2208 100.0000 stroke5
movl 0 1.5058 413.8263 165.6157 162.3713 29.2698 -44.2051 100.0000 stroke5
movl 0 -0.4198 413.8313 166.2216 163.3007 28.0390 -44.5994 100.0000 stroke5
movl 0 -0.6710 415.1669 165.7713 163.4877 27.7973 -44.1567 100.0000 stroke5
movl 0 -1.0879 416.4840 164.9763 163.4888 27.8158 -43.4160 100.0000 stroke5
movl 0 -2.1577 417.6086 164.3958 163.5384 27.2397 -43.1532 100.0000 stroke5
movl 0 -2.9294 418.6642 163.9581 163.4886 26.8532 -43.2195 100.0000 stroke5
movl 0 -5.2763 420.3642 163.5759 163.8070 24.9590 -43.1036 100.0000 stroke5
movl 0 -4.9033 421.8237 163.1136 163.0116 23.6683 -44.6378 100.0000 stroke5
movl 0 -5.4436 422.0551 163.2740 162.0046 22.9148 -45.3311 100.0000 stroke5
movl 0 -5.1574 422.9553 163.5817 160.1915 21.4806 -47.0729 100.0000 stroke5
movl 0 -5.7249 424.0422 163.8833 158.1718 19.0129 -49.3511 100.0000 stroke5
movl 0 -6.6998 425.2309 164.0742 156.5268 16.3673 -51.4769 100.0000 stroke5
movl 0 -6.4422 424.9179 164.4389 155.5527 15.1110 -53.4574 100.0000 stroke5
movl 0 -6.4056 424.1808 164.7907 155.4446 14.9362 -54.2627 100.0000 stroke5
movl 0 -6.2663 421.6932 165.5365 156.1452 15.9851 -55.1419 100.0000 stroke5
movl 0 -4.7468 417.9389 167.4865 156.9640 18.5030 -55.2101 100.0000 stroke5
movl 0 0.1818 405.5113 197.9822 161.8317 30.6357 -52.6066 100.0000 stroke5
movl 0 -12.9723 384.9807 229.5622 166.6600 35.3148 -46.7538 100.0000 stroke6
movl 0 -6.5834 381.2594 178.2572 162.1236 29.6948 -51.6629 100.0000 stroke6
movl 0 -13.7126 378.3813 172.0397 164.7449 27.9169 -51.1022 100.0000 stroke6
movl 0 -23.0345 381.7150 170.1958 166.4780 25.6456 -50.4745 100.0000 stroke6
movl 0 -29.4101 382.2489 169.7936 167.6697 24.7714 -49.6323 100.0000 stroke6
movl 0 -30.7138 382.4128 169.4639 167.4522 24.8033 -49.1407 100.0000 stroke6
movl 0 -33.0207 383.4385 168.9871 168.0580 23.4281 -49.1782 100.0000 stroke6
movl 0 -35.0223 383.4492 169.6335 168.7617 21.6105 -49.0413 100.0000 stroke6
movl 0 -35.6269 382.9506 169.5657 169.5146 21.7367 -48.9009 100.0000 stroke6
movl 0 -34.0054 383.4308 169.6227 169.6804 21.3752 -49.8865 100.0000 stroke6
movl 0 -32.1359 383.5577 169.8033 169.8005 21.6366 -50.7734 100.0000 stroke6
movl 0 -29.8411 384.0752 169.9553 169.7835 21.4277 -51.5384 100.0000 stroke6
movl 0 -27.1813 384.1544 170.1905 169.8266 21.2576 -52.3648 100.0000 stroke6
movl 0 -24.3039 384.6936 170.2357 169.9213 20.9883 -53.4034 100.0000 stroke6
movl 0 -20.9030 385.7423 170.3040 170.0027 20.4021 -54.7553 100.0000 stroke6
movl 0 -16.6916 386.2955 170.5259 170.3177 19.8119 -56.3569 100.0000 stroke6
movl 0 -13.6484 387.0049 170.6699 170.6479 19.0583 -58.1449 100.0000 stroke6
movl 0 -12.2979 387.5461 170.7834 171.4747 18.1485 -59.6625 100.0000 stroke6
movl 0 -10.2660 387.4844 170.5432 171.7523 17.5888 -60.9543 100.0000 stroke6
movl 0 -8.3241 384.5302 171.9121 171.3054 19.9807 -60.2013 100.0000 stroke6
movl 0 -5.5724 384.5348 172.0521 170.6579 20.3484 -60.6562 100.0000 stroke6
movl 0 -5.8331 385.1482 172.3121 170.5340 19.0191 -60.7635 100.0000 stroke6
movl 0 -5.5270 385.9088 171.9344 169.4459 18.5732 -60.0477 100.0000 stroke6
movl 0 0.5946 381.0450 172.3699 168.4044 28.0332 -52.4098 100.0000 stroke6
movl 0 3.8415 375.3143 187.4309 -174.7646 42.0240 -28.1421 100.0000 stroke6
movl 0 -12.0700 359.6831 241.4378 -129.6347 31.2161 19.8188 100.0000 stroke6
movl 0 -8.3921 400.3314 202.6633 176.9555 43.0530 -21.7519 100.0000 stroke7
movl 0 -8.3302 383.9523 168.4906 170.1278 35.8730 -31.8951 100.0000 stroke7
movl 0 -8.6684 376.7541 168.4487 172.0645 32.4538 -33.8961 100.0000 stroke7
movl 0 -8.2029 375.5968 167.9475 173.2604 30.6117 -34.3668 100.0000 stroke7
movl 0 -9.7872 375.9695 167.1972 173.6765 29.8182 -34.0430 100.0000 stroke7
movl 0 -9.7315 377.6219 166.6320 173.1475 29.5291 -34.2069 100.0000 stroke7
movl 0 -12.8810 380.2379 165.8629 171.9561 27.9957 -34.6721 100.0000 stroke7
movl 0 -13.4047 382.8610 165.7047 169.7175 26.3670 -37.5411 100.0000 stroke7
movl 0 -14.0057 383.7979 166.3615 167.8749 24.6648 -39.0775 100.0000 stroke7
movl 0 -14.5553 385.3170 166.8015 165.2934 22.4995 -42.0903 100.0000 stroke7
movl 0 -15.4716 387.1873 167.1820 162.5607 19.6794 -45.4983 100.0000 stroke7
movl 0 -16.7627 389.7069 167.1988 159.8555 16.0491 -48.8813 100.0000 stroke7
movl 0 -18.2965 391.2589 167.1435 158.0432 12.8687 -51.4887 100.0000 stroke7
movl 0 -15.7749 389.6034 167.8029 158.0792 14.1809 -53.1819 100.0000 stroke7
movl 0 -17.4533 390.1655 167.5901 157.6953 12.3955 -53.5661 100.0000 stroke7
movl 0 -15.2996 386.4851 168.5502 159.1798 15.7902 -53.3723 100.0000 stroke7
movl 0 -12.8713 381.6148 171.6692 161.9645 21.5536 -51.4644 100.0000 stroke7
movl 0 -14.3871 376.5996 204.8654 175.5210 34.9163 -39.9459 100.0000 stroke7
movl 0 -13.5519 383.3302 201.8152 179.4971 36.4089 -28.3168 100.0000 stroke8
movl 0 -15.1979 371.5342 172.2511 176.7409 31.9292 -32.2762 100.0000 stroke8
movl 0 -16.1292 370.7539 171.9645 177.5702 29.0740 -32.9800 100.0000 stroke8
movl 0 -14.7746 372.2330 170.8519 175.6493 27.8125 -34.7563 100.0000 stroke8
movl 0 -16.9783 371.9932 170.6046 175.9390 27.7851 -34.1642 100.0000 stroke8
movl 0 -17.8335 372.7064 170.0435 176.0829 27.4212 -33.5398 100.0000 stroke8
movl 0 -20.5828 373.3264 170.2242 176.4175 26.0733 -33.5285 100.0000 stroke8
movl 0 -21.9758 373.1985 170.4907 176.9757 25.3477 -33.8158 100.0000 stroke8
movl 0 -20.2506 374.0365 170.4158 176.9375 24.8015 -35.2712 100.0000 stroke8
movl 0 -16.3239 375.7035 170.2665 176.3566 24.2927 -37.9512 100.0000 stroke8
movl 0 -14.0718 376.2844 170.3592 175.5777 24.2689 -39.6306 100.0000 stroke8
movl 0 -11.4573 378.1251 169.8418 174.2498 24.4853 -41.0263 100.0000 stroke8
movl 0 -8.2898 382.8216 168.7533 170.6189 22.1969 -44.9170 100.0000 stroke8
movl 0 -6.6773 386.8112 167.6898 167.6177 20.8777 -47.4819 100.0000 stroke8
movl 0 -5.8503 388.5006 167.7215 165.5749 19.7092 -49.2693 100.0000 stroke8
movl 0 -5.9440 389.3799 168.2508 163.8515 18.1510 -51.2976 100.0000 stroke8
movl 0 -6.0035 390.6062 168.5751 162.1724 16.1879 -53.4014 100.0000 stroke8
movl 0 -6.4771 391.9971 168.8723 160.6557 13.9746 -55.6857 100.0000 stroke8
movl 0 -7.0097 393.8787 169.0046 159.4572 11.6361 -57.1705 100.0000 stroke8
movl 0 -7.8683 395.1511 168.9617 158.4607 9.0707 -58.2976 100.0000 stroke8
movl 0 -8.6775 396.8024 168.9547 157.6926 7.4435 -58.9377 100.0000 stroke8
movl 0 -9.1284 396.4543 169.3267 157.5894 6.9689 -59.1132 100.0000 stroke8
movl 0 -6.9460 394.5724 169.8125 157.8085 8.3379 -59.1658 100.0000 stroke8
movl 0 -9.0676 394.5749 169.6874 157.9732 7.4440 -58.7663 100.0000 stroke8
movl 0 -9.1013 393.8502 170.0408 158.2530 7.9460 -58.6043 100.0000 stroke8
movl 0 -8.3261 391.4136 171.5607 159.3182 10.5599 -58.0108 100.0000 stroke8
movl 0 -4.9797 384.0643 179.8497 161.6832 17.0429 -56.3204 100.0000 stroke8
movl 0 -12.4392 374.6450 223.4505 166.5666 26.4814 -54.8117 100.0000 stroke8
movl 0 -21.7799 373.6974 241.6282 179.5698 35.0596 -30.2539 100.0000 stroke9
movl 0 -18.2832 372.2570 186.4556 174.0576 29.8504 -35.7582 100.0000 stroke9
movl 0 -15.5509 368.9998 174.5832 173.6989 27.9238 -36.4784 100.0000 stroke9
movl 0 -15.5829 369.1381 172.2825 173.7580 26.9793 -36.2675 100.0000 stroke9
movl 0 -17.9289 368.8676 171.9695 174.5224 26.2920 -35.6742 100.0000 stroke9
movl 0 -19.0236 369.8125 171.6523 173.9585 25.8451 -35.8320 100.0000 stroke9
movl 0 -21.9049 371.2104 171.3372 173.7784 24.8500 -36.2192 100.0000 stroke9
movl 0 -23.8281 370.3047 171.5311 174.1521 23.7159 -36.8156 100.0000 stroke9
movl 0 -24.0209 370.6355 171.4730 174.2816 23.4182 -37.3252 100.0000 stroke9
movl 0 -22.4916 371.4318 171.1592 174.2847 23.0405 -38.5613 100.0000 stroke9
movl 0 -20.3901 372.7404 170.9555 173.8960 22.4320 -40.7103 100.0000 stroke9
movl 0 -19.5641 372.8563 171.0288 173.7866 22.3383 -41.4774 100.0000 stroke9
movl 0 -17.9973 371.8490 171.4053 173.7085 23.2835 -41.7270 100.0000 stroke9
movl 0 -18.7937 372.5569 171.4008 173.2270 22.2034 -41.9716 100.0000 stroke9
movl 0 -19.0524 372.5161 171.7105 172.4429 22.4830 -41.0377 100.0000 stroke9
movl 0 -7.8286 368.8226 181.7139 170.5845 30.8746 -40.9184 100.0000 stroke9
movl 0 -4.5126 354.4807 246.6911 179.4836 43.4635 -33.3624 100.0000 stroke9
movl 0 -5.4618 380.5908 183.1508 158.4636 27.7623 -50.7602 100.0000 stroke10
movl 0 -2.6218 372.6326 170.6313 159.6588 25.7423 -54.1061 100.0000 stroke10
movl 0 -11.0636 366.0669 172.2720 165.5831 24.8443 -52.0595 100.0000 stroke10
movl 0 -12.6943 366.6317 171.7626 165.7515 24.0480 -51.6943 100.0000 stroke10
movl 0 -16.8759 366.5979 171.7310 165.9072 22.8670 -51.2534 100.0000 stroke10
movl 0 -17.5459 367.7142 171.0723 165.7278 22.6409 -51.3846 100.0000 stroke10
movl 0 -19.0050 368.4142 170.5871 165.8339 22.1945 -51.2251 100.0000 stroke10
movl 0 -22.0489 368.3030 170.9253 166.6604 20.5005 -51.9930 100.0000 stroke10
movl 0 -23.2083 368.1618 171.1502 167.2135 20.1349 -52.5901 100.0000 stroke10
movl 0 -21.2061 368.5155 171.0146 167.3068 19.7950 -53.8528 100.0000 stroke10
movl 0 -18.8635 368.5755 170.9198 167.4516 19.5787 -55.0835 100.0000 stroke10
movl 0 -17.6949 369.3403 170.7043 167.3973 18.9272 -56.7523 100.0000 stroke10
movl 0 -16.3049 366.9093 171.6899 167.7083 20.3496 -56.2373 100.0000 stroke10
movl 0 -16.9120 367.3913 171.7944 167.5534 19.7197 -56.2466 100.0000 stroke10
movl 0 -17.4155 367.9070 171.7812 167.3396 18.7651 -56.4795 100.0000 stroke10
movl 0 -9.5272 353.1706 188.0260 166.2287 35.9342 -55.0552 100.0000 stroke10
movl 0 -6.5755 365.8004 198.3048 151.5749 25.5866 -71.8240 100.0000 stroke11
movl 0 -2.9823 358.0566 169.4262 153.5608 21.2537 -72.7351 100.0000 stroke11
movl 0 -10.3825 355.4129 171.9892 157.0382 18.1793 -72.7710 100.0000 stroke11
movl 0 -14.0400 353.1239 172.5895 158.1131 17.7446 -72.2217 100.0000 stroke11
movl 0 -15.7484 354.2749 171.7381 158.6130 17.6594 -71.9868 100.0000 stroke11
movl 0 -18.1448 355.5748 170.8488 158.8120 17.6027 -71.5171 100.0000 stroke11
movl 0 -22.1015 355.6244 170.3351 160.5736 16.8370 -71.6280 100.0000 stroke11
movl 0 -23.9936 354.6088 170.5866 161.7707 16.3407 -71.8547 100.0000 stroke11
movl 0 -23.5624 354.8041 170.5365 162.1729 16.2232 -72.3931 100.0000 stroke11
movl 0 -19.5582 355.9352 170.4913 162.2334 15.5724 -74.5527 100.0000 stroke11
movl 0 -15.7795 357.4583 170.2057 162.3764 14.7599 -77.1122 100.0000 stroke11
movl 0 -15.7038 356.6111 170.5131 162.4866 14.8995 -77.3875 100.0000 stroke11
movl 0 -16.0768 356.8665 170.5064 162.2664 14.7165 -76.6857 100.0000 stroke11
movl 0 -15.2746 355.3316 173.5134 159.8881 16.9018 -74.2836 100.0000 stroke11
movl 0 -19.2804 351.1541 228.8575 158.3140 26.7355 -70.7947 100.0000 stroke11
movl 0 -6.2467 380.9577 209.4919 150.2542 20.5786 -69.4463 100.0000 stroke12
movl 0 -1.5695 369.9930 179.7255 152.0149 16.5200 -71.4169 100.0000 stroke12
movl 0 0.1727 366.3628 171.4487 152.9241 15.5161 -72.1795 100.0000 stroke12
movl 0 -2.1231 365.1765 170.7988 154.3005 15.4114 -72.2420 100.0000 stroke12
movl 0 -4.8797 366.0094 169.8151 155.2811 15.3170 -71.4375 100.0000 stroke12
movl 0 -6.0340 366.3840 169.3825 155.6441 15.4305 -71.2567 100.0000 stroke12
movl 0 -10.0614 369.1620 168.4537 156.7040 13.4959 -70.7238 100.0000 stroke12
movl 0 -10.5295 371.0061 167.8651 156.9293 11.5426 -71.4086 100.0000 stroke12
movl 0 -11.5068 372.0396 167.5769 156.7653 10.6303 -71.4570 100.0000 stroke12
movl 0 -12.0604 372.4482 167.4237 156.2933 9.8913 -71.0117 100.0000 stroke12
movl 0 -12.9578 372.1947 167.5403 155.8876 9.3420 -70.4383 100.0000 stroke12
movl 0 -14.3009 371.5504 167.7304 155.7186 9.3296 -69.4874 100.0000 stroke12
movl 0 -15.7050 370.9562 167.8059 155.4060 9.5603 -68.3865 100.0000 stroke12
movl 0 -16.1597 369.0924 168.7753 154.4273 10.8023 -67.7278 100.0000 stroke12
movl 0 -13.9697 365.2716 190.3718 152.0541 21.3886 -68.1619 100.0000 stroke12
movl 0 -11.6797 398.9521 228.7703 156.2128 19.2839 -55.1670 100.0000 stroke13
movl 0 0.4850 391.2971 175.9693 153.9876 13.9513 -60.6583 100.0000 stroke13
movl 0 -0.8388 383.9550 176.3943 156.7849 13.9090 -61.5821 100.0000 stroke13
movl 0 -6.0286 383.0667 175.1973 158.1766 12.6741 -60.8558 100.0000 stroke13
movl 0 -6.5444 383.9130 174.6528 158.0422 11.8510 -61.4158 100.0000 stroke13
movl 0 -11.8607 385.6282 174.0703 159.0983 9.9285 -61.6142 100.0000 stroke13
movl 0 -17.3278 387.3476 173.7138 161.2469 6.3707 -63.9084 100.0000 stroke13
movl 0 -21.6200 390.4091 173.5796 163.1962 2.7231 -66.7252 100.0000 stroke13
movl 0 -21.2636 391.2976 173.7840 163.6288 1.8234 -68.1039 100.0000 stroke13
movl 0 -21.7202 390.1748 174.5113 163.6476 1.0189 -67.3547 100.0000 stroke13
movl 0 -18.7526 389.0729 175.1444 163.0955 2.2648 -67.2958 100.0000 stroke13
movl 0 -17.0495 387.8552 175.5043 162.7876 2.6998 -66.6489 100.0000 stroke13
movl 0 -17.5320 387.7490 175.5378 162.7250 2.9070 -65.9146 100.0000 stroke13
movl 0 -15.4387 385.2420 176.0209 162.2783 5.0399 -64.9966 100.0000 stroke13
movl 0 -9.3744 382.4292 178.8721 159.9356 10.6411 -63.2369 100.0000 stroke13
movl 0 -10.5258 372.4942 223.0993 161.3611 24.6386 -60.6941 100.0000 stroke13
movl 0 -36.6242 330.9292 236.3445 -177.8371 33.4117 -31.9116 100.0000 stroke14
movl 0 -37.9766 318.1566 193.3849 -178.1232 28.8159 -33.5434 100.0000 stroke14
movl 0 -41.0542 317.6767 180.7411 -177.5993 26.6108 -33.7285 100.0000 stroke14
movl 0 -44.9442 318.9983 177.7908 -177.1663 24.4787 -32.9017 100.0000 stroke14
movl 0 -46.7554 319.5636 177.1757 -178.0333 24.4251 -33.6281 100.0000 stroke14
movl 0 -49.1809 320.6883 176.2183 -178.5109 23.7628 -34.2283 100.0000 stroke14
movl 0 -51.4778 322.1886 175.6190 -178.4533 22.6391 -35.0587 100.0000 stroke14
movl 0 -55.5656 322.4120 175.3133 -177.7801 20.5849 -35.3929 100.0000 stroke14
movl 0 -56.9643 322.5813 175.5892 -177.7794 19.4979 -36.4596 100.0000 stroke14
movl 0 -59.3042 321.6423 175.5761 -176.8695 19.1851 -36.2292 100.0000 stroke14
movl 0 -58.7945 322.8893 175.5284 -177.0736 18.7164 -37.6114 100.0000 stroke14
movl 0 -57.9159 323.9658 175.4205 -177.0734 18.2023 -38.9712 100.0000 stroke14
movl 0 -56.2604 325.0978 175.7240 -177.2788 17.6911 -40.3995 100.0000 stroke14
movl 0 -55.1559 325.8406 175.9924 -177.2280 17.1282 -41.7611 100.0000 stroke14
movl 0 -53.7022 326.8366 176.1431 -177.2357 16.2947 -43.7181 100.0000 stroke14
movl 0 -53.0014 328.0544 176.4253 -177.1071 15.3704 -45.5549 100.0000 stroke14
movl 0 -54.0996 328.7209 176.5210 -176.3565 14.3750 -46.9946 100.0000 stroke14
movl 0 -54.4614 329.9980 176.7453 -176.1286 13.3524 -48.8086 100.0000 stroke14
movl 0 -55.1256 331.2551 176.8176 -175.6857 12.6279 -50.3261 100.0000 stroke14
movl 0 -55.7428 332.1401 177.0575 -175.1189 11.7165 -52.1940 100.0000 stroke14
movl 0 -57.0703 333.1522 177.0222 -174.2536 10.8077 -54.2873 100.0000 stroke14
movl 0 -58.6459 335.0927 176.7104 -173.5708 9.6380 -57.1275 100.0000 stroke14
movl 0 -59.9900 336.4179 176.3454 -172.8045 8.9849 -59.2490 100.0000 stroke14
movl 0 -61.0659 337.8627 175.9627 -172.2473 8.3260 -61.2229 100.0000 stroke14
movl 0 -61.3403 339.0370 175.6410 -171.8990 7.6485 -62.6291 100.0000 stroke14
movl 0 -62.8914 336.0132 176.3206 -171.5549 8.4263 -61.6047 100.0000 stroke14
movl 0 -60.0878 333.5329 177.6431 -172.4766 10.1852 -61.1178 100.0000 stroke14
movl 0 -57.4898 332.0585 178.5945 -173.0794 11.4143 -60.9052 100.0000 stroke14
movl 0 -55.8085 331.4730 179.1568 -173.4223 12.1073 -60.9246 100.0000 stroke14
movl 0 -54.5157 330.9443 179.5824 -173.6285 12.5194 -61.0630 100.0000 stroke14
movl 0 -53.1759 330.1092 180.0065 -173.8333 13.0204 -61.1851 100.0000 stroke14
movl 0 -52.5226 330.0056 180.1440 -174.0575 13.2354 -61.3092 100.0000 stroke14
movl 0 -52.3867 331.8634 179.9807 -174.7217 12.1581 -61.7531 100.0000 stroke14
movl 0 -52.7256 334.4916 179.9760 -175.6366 10.5177 -62.9374 100.0000 stroke14
movl 0 -52.5652 335.6181 179.9969 -176.1656 9.6616 -63.6232 100.0000 stroke14
movl 0 -52.3542 336.1295 180.0702 -176.5321 9.2428 -64.1412 100.0000 stroke14
movl 0 -52.2268 336.1474 180.0870 -176.7805 8.9485 -64.4683 100.0000 stroke14
movl 0 -50.9301 334.5542 180.3118 -177.1140 10.2304 -63.8141 100.0000 stroke14
movl 0 -48.7919 332.8295 180.5588 -177.6907 12.0511 -62.7153 100.0000 stroke14
movl 0 -47.9029 331.9791 180.6213 -178.0663 13.0894 -62.0327 100.0000 stroke14
movl 0 -47.2241 330.7264 180.8135 -178.0892 14.0734 -61.3411 100.0000 stroke14
movl 0 -47.4553 329.4305 181.0174 -177.8139 14.6031 -60.7638 100.0000 stroke14
movl 0 -41.6131 321.4800 186.3280 -178.5866 18.7246 -57.9398 100.0000 stroke14
