movl 0 -5.2146 411.1125 166.7183 149.0208 21.5681 -81.9064 100.0000 stroke1
movl 0 -5.3575 409.8451 166.9971 148.1314 19.4186 -85.7961 100.0000 stroke1
movl 0 -2.7764 411.4416 167.1275 146.7202 17.0055 -89.2200 100.0000 stroke1
movl 0 -3.4203 411.4497 168.9444 147.1330 16.0638 -90.5813 100.0000 stroke1
movl 0 -4.8195 412.1958 170.4333 148.0130 16.3765 -91.1716 100.0000 stroke1
movl 0 -14.0060 411.0364 173.7162 151.1444 17.9462 -91.1866 100.0000 stroke1
movl 0 -24.4015 409.5753 174.5866 154.2466 17.9028 -89.6895 100.0000 stroke1
movl 0 -27.6680 406.3862 174.6314 155.5412 18.9967 -88.7480 100.0000 stroke1
movl 0 -30.8500 405.4021 173.8192 156.5146 19.2397 -87.6724 100.0000 stroke1
movl 0 -34.0091 405.7175 172.9594 157.4639 19.2839 -87.0363 100.0000 stroke1
movl 0 -36.5750 406.8318 172.2806 157.8966 18.4515 -87.7695 100.0000 stroke1
movl 0 -40.8813 407.0011 171.9570 159.5555 17.5354 -87.6942 100.0000 stroke1
movl 0 -43.1393 407.3029 171.9335 160.6286 17.1240 -88.5299 100.0000 stroke1
movl 0 -44.7237 407.6189 172.0022 161.4773 16.6238 -88.9862 100.0000 stroke1
movl 0 -45.6296 407.8351 172.3068 162.0440 15.9334 -89.6265 100.0000 stroke1
movl 0 -46.8670 407.4892 172.3445 162.6016 16.1001 -89.7385 100.0000 stroke1
movl 0 -47.1323 407.5164 172.3241 163.0791 16.1921 -89.9332 100.0000 stroke1
movl 0 -46.9150 407.7585 172.2313 163.4011 16.0521 -90.5898 100.0000 stroke1
movl 0 -45.8350 408.2135 172.2665 163.4901 15.9500 -91.2017 100.0000 stroke1
movl 0 -44.3400 408.7100 172.3547 163.4745 15.8807 -91.6416 100.0000 stroke1
movl 0 -43.5503 409.3643 172.3819 163.6219 15.6923 -92.1799 100.0000 stroke1
movl 0 -42.2854 409.8415 172.4526 163.6368 15.5947 -92.7385 100.0000 stroke1
movl 0 -40.9700 410.7325 172.4608 163.8024 15.4003 -93.6453 100.0000 stroke1
movl 0 -39.3316 412.2500 172.3479 164.1315 15.0512 -95.1723 100.0000 stroke1
movl 0 -38.1373 413.4513 172.2543 163.8853 14.6647 -95.7867 100.0000 stroke1
movl 0 -36.1037 411.5875 172.8502 162.8712 15.5499 -95.5592 100.0000 stroke1
movl 0 -35.5394 411.0380 173.0967 162.6408 15.8254 -95.5815 100.0000 stroke1
movl 0 -35.8841 411.3352 173.0741 162.8375 15.5247 -95.5502 100.0000 stroke1
movl 0 -36.2295 411.7216 173.1100 163.1787 15.0618 -95.4685 100.0000 stroke1
movl 0 -36.0265 412.5026 172.8608 163.3438 14.5568 -95.4152 100.0000 stroke1
movl 0 -35.9615 412.7977 172.7002 163.0164 14.2372 -95.0243 100.0000 stroke1
movl 0 -35.5745 412.8712 172.5683 162.4759 14.1292 -94.5551 100.0000 stroke1
movl 0 -35.7022 412.9295 172.5429 162.2150 14.0538 -94.2020 100.0000 stroke1
movl 0 -32.2517 410.1647 173.7004 159.7791 15.0334 -92.4188 100.0000 stroke1
movl 0 -14.7514 386.8510 199.2540 149.7897 27.1603 -87.2091 100.0000 stroke1
movl 0 -4.7442 421.9711 218.8174 143.4690 14.9514 -83.2976 100.0000 stroke2
movl 0 -7.8671 417.2042 174.7795 149.4371 13.0165 -87.6690 100.0000 stroke2
movl 0 -18.5646 408.4577 177.5418 156.0089 17.0910 -88.3288 100.0000 stroke2
movl 0 -20.9158 412.7584 175.7466 156.8085 14.8135 -89.4960 100.0000 stroke2
movl 0 -23.7536 412.8300 175.5970 157.7676 14.5665 -89.5961 100.0000 stroke2
movl 0 -24.7681 414.4081 174.8671 158.1750 13.7772 -90.0792 100.0000 stroke2
movl 0 -28.5190 418.0724 174.0297 159.3786 11.1627 -91.1888 100.0000 stroke2
movl 0 -29.6248 421.6824 173.6854 159.9890 8.3793 -93.2142 100.0000 stroke2
movl 0 -28.3934 424.6998 172.8649 160.0076 6.3399 -95.2928 100.0000 stroke2
movl 0 -26.8587 426.3708 172.0833 159.4290 4.8342 -96.5685 100.0000 stroke2
movl 0 -26.5487 426.3752 172.3306 159.1957 3.8419 -97.3308 100.0000 stroke2
movl 0 -26.5973 425.9886 172.7286 159.0357 3.0249 -97.7762 100.0000 stroke2
movl 0 -26.7381 425.5398 173.3029 158.8977 2.1565 -98.1746 100.0000 stroke2
movl 0 -27.4361 423.9730 174.1151 158.6438 1.7544 -97.9741 100.0000 stroke2
movl 0 -27.0493 422.1340 174.9586 158.2665 2.0029 -98.4246 100.0000 stroke2
movl 0 -28.5392 420.4568 175.3355 158.4325 2.2791 -98.5156 100.0000 stroke2
movl 0 -26.7236 419.1175 177.1241 157.7226 2.7159 -101.0482 100.0000 stroke2
movl 0 -13.6810 398.9831 193.0280 149.0058 16.4914 -101.4136 100.0000 stroke2
movl 0 -11.5393 387.4574 246.0732 137.8293 10.9508 -114.1196 100.0000 stroke3
movl 0 -8.5904 396.7401 182.6308 142.5471 -2.8902 -122.2197 100.0000 stroke3
movl 0 -18.2667 394.5497 178.1270 148.7183 -4.1942 -127.1527 100.0000 stroke3
movl 0 -24.2102 396.4905 175.8662 151.2758 -4.3594 -129.2039 100.0000 stroke3
movl 0 -27.5706 401.3441 173.7588 152.2113 -5.7146 -129.4517 100.0000 stroke3
movl 0 -29.6624 404.0942 172.6876 152.9418 -6.4768 -130.3803 100.0000 stroke3
movl 0 -31.7037 405.5053 172.2049 154.2886 -7.1190 -132.1842 100.0000 stroke3
movl 0 -36.4883 405.0171 172.4315 156.0388 -6.1593 -134.2512 100.0000 stroke3
movl 0 -38.2441 405.0709 172.6432 157.0485 -5.6803 -135.1764 100.0000 stroke3
movl 0 -39.8181 405.4361 172.8890 158.2327 -5.5012 -135.8120 100.0000 stroke3
movl 0 -41.6561 404.0633 173.0007 158.2058 -4.5916 -135.7704 100.0000 stroke3
movl 0 -42.7317 403.4961 172.9868 158.3533 -4.0399 -136.0444 100.0000 stroke3
movl 0 -43.0902 403.0638 173.0950 158.4839 -3.6436 -136.5669 100.0000 stroke3
movl 0 -42.2641 403.4318 173.2276 158.6753 -3.6788 -137.4266 100.0000 stroke3
movl 0 -40.9414 403.9590 173.2853 158.8818 -3.6711 -138.8936 100.0000 stroke3
movl 0 -39.3535 404.2440 173.3325 158.6507 -3.9780 -139.2268 100.0000 stroke3
movl 0 -37.9483 402.6060 173.8626 157.6130 -3.9109 -139.0383 100.0000 stroke3
movl 0 -38.5148 403.0436 173.7927 158.3174 -4.0726 -139.1067 100.0000 stroke3
movl 0 -38.1342 404.2030 173.3400 158.3111 -4.5413 -138.4049 100.0000 stroke3
movl 0 -24.5607 395.4455 177.5384 148.0411 -4.6136 -131.8012 100.0000 stroke3
movl 0 3.7949 381.7136 218.1197 128.8294 2.4746 -129.6795 100.0000 stroke3
movl 0 -5.3977 404.6335 231.4675 149.2313 -24.4578 -152.8210 100.0000 stroke4
movl 0 -15.4919 395.3135 189.6997 152.8934 -22.8213 -155.9756 100.0000 stroke4
movl 0 -26.9306 391.9343 180.3045 158.3584 -21.0675 -161.1808 100.0000 stroke4
movl 0 -39.4299 393.1624 179.3163 161.4658 -18.3974 -162.2853 100.0000 stroke4
movl 0 -44.3920 394.4128 177.1480 162.0536 -17.7593 -162.3849 100.0000 stroke4
movl 0 -48.7446 394.2576 175.4431 161.8120 -16.9453 -162.2166 100.0000 stroke4
movl 0 -51.5113 394.9736 174.6472 162.4522 -16.1678 -162.8548 100.0000 stroke4
movl 0 -55.8454 394.1847 174.5025 163.3660 -14.4022 -164.6474 100.0000 stroke4
movl 0 -58.1979 394.1335 174.4393 164.2667 -13.2424 -166.4387 100.0000 stroke4
movl 0 -58.8450 393.9177 174.2750 164.7088 -12.3323 -166.9491 100.0000 stroke4
movl 0 -60.3803 394.0525 174.2636 165.3079 -11.7475 -167.6312 100.0000 stroke4
movl 0 -61.5269 394.1551 174.4082 165.9495 -11.2586 -169.1168 100.0000 stroke4
movl 0 -62.5416 393.9313 174.5465 166.3212 -10.7433 -170.0417 100.0000 stroke4
movl 0 -63.9954 393.1337 174.7710 166.1900 -10.1671 -170.5129 100.0000 stroke4
movl 0 -63.5335 393.3766 174.8163 166.0522 -10.1002 -170.9815 100.0000 stroke4
movl 0 -61.6577 394.1701 175.0120 166.2554 -10.2817 -171.9473 100.0000 stroke4
movl 0 -59.9434 394.7298 175.2828 166.4628 -10.4610 -172.8487 100.0000 stroke4
movl 0 -57.7792 395.4381 175.5750 166.6892 -10.6772 -173.5487 100.0000 stroke4
movl 0 -55.7666 396.0747 175.7347 166.8364 -10.7657 -174.0752 100.0000 stroke4
movl 0 -53.4961 396.7756 175.8481 167.0882 -10.8380 -174.9302 100.0000 stroke4
movl 0 -50.9951 397.3887 176.0398 167.1405 -10.8670 -175.6160 100.0000 stroke4
movl 0 -49.2364 398.1370 176.1265 167.3194 -10.7825 -176.3351 100.0000 stroke4
movl 0 -48.2375 398.8347 176.2925 167.4743 -10.4378 -177.4008 100.0000 stroke4
movl 0 -47.7454 399.5893 176.3519 167.6639 -9.9661 -178.1377 100.0000 stroke4
movl 0 -48.5682 399.5506 176.4984 167.6792 -9.3370 -178.8388 100.0000 stroke4
movl 0 -47.9011 400.1631 176.5174 167.8853 -9.1059 -179.4546 100.0000 stroke4
movl 0 -48.3393 400.1266 176.5602 167.8627 -8.7752 -179.7967 100.0000 stroke4
movl 0 -48.3007 400.5405 176.5846 167.9856 -8.2438 179.4582 100.0000 stroke4
movl 0 -48.5037 400.5183 176.6134 167.9021 -7.7471 178.8237 100.0000 stroke4
movl 0 -48.7355 401.0338 176.5298 168.0472 -7.2201 178.0068 100.0000 stroke4
movl 0 -48.2182 401.7993 176.2679 168.1924 -6.7950 177.1579 100.0000 stroke4
movl 0 -48.1905 402.6494 175.8071 168.3208 -6.0637 175.9740 100.0000 stroke4
movl 0 -45.3663 404.5091 175.4996 168.7228 -5.9096 174.9179 100.0000 stroke4
movl 0 -45.3539 403.1869 175.7968 168.3186 -6.2903 175.5944 100.0000 stroke4
movl 0 -40.6638 402.5527 176.7276 168.0886 -8.1889 176.0216 100.0000 stroke4
movl 0 -38.7894 400.9036 177.5220 167.2611 -8.9770 176.2844 100.0000 stroke4
movl 0 -37.7157 400.1778 177.9302 166.8613 -9.3283 176.2441 100.0000 stroke4
movl 0 -38.3596 400.3734 177.7619 167.1204 -8.9770 176.2068 100.0000 stroke4
movl 0 -38.9518 401.9111 177.6702 168.5056 -8.5248 175.4166 100.0000 stroke4
movl 0 -38.9179 402.8111 177.9601 169.7084 -8.3397 174.6024 100.0000 stroke4
movl 0 -38.3621 402.9996 178.3937 170.5218 -8.3119 173.8866 100.0000 stroke4
movl 0 -36.8316 401.6154 178.4395 169.9122 -9.5202 175.4788 100.0000 stroke4
movl 0 -27.9551 391.4023 181.6343 162.5317 -17.4807 -171.9908 100.0000 stroke4
movl 0 -30.9008 364.5438 231.7499 138.8472 -10.1255 -144.0999 100.0000 stroke4
movl 0 -18.7273 396.6483 227.6625 144.6302 -17.2208 -134.6251 100.0000 stroke5
movl 0 -25.8596 390.6163 185.1760 152.7482 -16.2327 -142.1161 100.0000 stroke5
movl 0 -37.2340 385.8402 177.8064 156.3569 -13.1587 -144.2999 100.0000 stroke5
movl 0 -42.2009 385.1464 177.0103 157.2402 -11.3990 -145.6124 100.0000 stroke5
movl 0 -43.4531 384.1346 175.8774 156.4632 -10.2769 -145.4600 100.0000 stroke5
movl 0 -46.0258 385.9434 174.8235 157.3102 -9.6231 -145.9175 100.0000 stroke5
movl 0 -49.6852 388.8770 174.1279 160.2560 -9.6070 -147.7363 100.0000 stroke5
movl 0 -52.7056 390.6724 174.2912 162.5028 -9.4563 -149.7926 100.0000 stroke5
movl 0 -53.4738 392.6210 174.3609 164.3433 -9.5888 -152.4975 100.0000 stroke5
movl 0 -53.7899 393.2216 174.3811 164.8137 -9.7141 -153.4903 100.0000 stroke5
movl 0 -53.7685 393.2176 174.9092 166.0594 -10.4632 -154.8132 100.0000 stroke5
movl 0 -53.5145 391.1817 175.9329 165.9509 -10.6140 -155.8907 100.0000 stroke5
movl 0 -53.2665 390.8583 176.0425 166.2048 -10.7899 -155.9968 100.0000 stroke5
movl 0 -51.9062 388.1217 176.2684 163.7908 -10.8243 -155.4300 100.0000 stroke5
movl 0 -50.0182 373.5917 189.0001 153.7052 -7.3775 -152.6208 100.0000 stroke5
movl 0 -22.1966 388.5436 241.9719 149.2492 -14.4413 -145.8480 100.0000 stroke6
movl 0 -16.2560 386.4301 189.9603 153.9603 -18.1259 -149.4208 100.0000 stroke6
movl 0 -17.4520 387.4200 181.8263 155.6988 -17.7043 -151.4616 100.0000 stroke6
movl 0 -22.3558 388.5848 178.2240 157.6738 -16.3292 -152.9828 100.0000 stroke6
movl 0 -26.1152 388.8760 176.4553 158.3185 -14.9525 -153.7075 100.0000 stroke6
movl 0 -28.4753 390.7746 175.1737 158.6807 -14.0960 -154.3883 100.0000 stroke6
movl 0 -31.2977 393.5435 174.3845 159.9262 -13.5837 -155.0721 100.0000 stroke6
movl 0 -35.5219 397.2305 174.0813 162.6199 -12.9821 -156.3311 100.0000 stroke6
movl 0 -35.8830 399.7853 173.3700 164.3801 -12.9691 -157.8620 100.0000 stroke6
movl 0 -35.3502 401.4649 173.1806 165.8619 -13.3376 -159.4533 100.0000 stroke6
movl 0 -35.2603 402.5034 172.9182 166.6441 -13.7094 -160.0316 100.0000 stroke6
movl 0 -35.5046 402.1825 172.9074 167.0134 -14.1569 -159.7189 100.0000 stroke6
movl 0 -35.7919 401.0333 173.1790 167.0550 -14.5414 -158.9902 100.0000 stroke6
movl 0 -36.0062 400.1154 173.4842 167.0459 -14.8309 -158.2390 100.0000 stroke6
movl 0 -35.5579 398.8060 174.0224 166.5886 -15.3722 -157.3320 100.0000 stroke6
movl 0 -30.3141 391.0446 178.5592 161.2150 -17.1263 -152.7491 100.0000 stroke6
movl 0 -33.8449 373.0499 218.2956 144.9849 -12.2260 -135.2429 100.0000 stroke6
movl 0 -27.8207 382.9130 249.9598 142.1950 -5.1976 -123.6765 100.0000 stroke7
movl 0 -19.2382 388.6976 187.9874 149.3429 -10.8739 -131.0193 100.0000 stroke7
movl 0 -27.2657 384.8150 180.1141 154.0319 -11.2498 -136.9904 100.0000 stroke7
movl 0 -37.3850 384.1380 177.7369 155.8310 -10.9741 -137.5293 100.0000 stroke7
movl 0 -48.8220 384.8528 177.0030 157.5892 -10.6770 -135.8855 100.0000 stroke7
movl 0 -53.4909 386.2139 174.3323 158.2424 -10.7399 -135.6733 100.0000 stroke7
movl 0 -54.9873 386.8739 173.3332 158.9161 -10.6036 -136.0492 100.0000 stroke7
movl 0 -58.3590 386.0074 173.4946 160.1035 -9.4842 -137.2893 100.0000 stroke7
movl 0 -60.8265 385.2338 173.9154 161.2157 -8.6134 -138.6440 100.0000 stroke7
movl 0 -61.8683 384.7184 174.0704 161.9245 -8.1329 -139.2066 100.0000 stroke7
movl 0 -64.2700 382.4687 174.5519 161.9044 -7.1749 -139.7390 100.0000 stroke7
movl 0 -63.8516 382.6767 174.7493 162.1706 -6.8955 -141.0533 100.0000 stroke7
movl 0 -62.4128 383.3104 175.0273 162.5365 -6.8593 -142.5771 100.0000 stroke7
movl 0 -60.4345 384.1249 175.3403 162.8238 -6.9238 -143.9268 100.0000 stroke7
movl 0 -57.9951 385.0780 175.6616 163.1991 -6.8354 -145.3910 100.0000 stroke7
movl 0 -56.1920 386.0422 175.5937 163.6002 -6.7348 -146.5428 100.0000 stroke7
movl 0 -55.1047 386.2943 175.5775 163.8450 -6.4884 -147.3269 100.0000 stroke7
movl 0 -55.0587 386.2392 175.6975 163.9530 -6.3875 -147.8053 100.0000 stroke7
movl 0 -52.6860 386.7322 175.8705 164.0279 -6.3653 -148.6226 100.0000 stroke7
movl 0 -49.8847 387.5940 176.0074 164.3280 -6.1081 -150.1964 100.0000 stroke7
movl 0 -47.6360 389.2435 175.7451 164.8973 -5.9118 -151.8317 100.0000 stroke7
movl 0 -45.6203 387.4202 176.8447 163.6275 -6.5182 -151.4228 100.0000 stroke7
movl 0 -44.5749 387.0599 177.2907 163.4035 -6.6757 -151.6266 100.0000 stroke7
movl 0 -44.5089 386.6715 177.4967 163.3725 -6.6506 -151.6471 100.0000 stroke7
movl 0 -44.9639 387.2444 177.2319 164.3646 -6.7372 -152.0285 100.0000 stroke7
movl 0 -45.7325 386.2375 176.8565 163.6137 -7.5300 -150.0544 100.0000 stroke7
movl 0 -43.6456 376.6348 184.2300 156.0103 -8.6119 -145.5916 100.0000 stroke7
movl 0 -47.0099 364.2776 231.9393 145.2145 -1.4719 -139.8645 100.0000 stroke7
movl 0 -29.6924 390.3052 224.5164 149.8184 -12.0305 -136.9651 100.0000 stroke8
movl 0 -29.5369 389.8657 180.9652 151.9140 -11.8384 -137.5211 100.0000 stroke8
movl 0 -31.9920 389.1939 179.0209 153.0622 -9.2940 -138.5970 100.0000 stroke8
movl 0 -34.6754 390.5785 177.4004 155.1177 -8.7335 -140.3244 100.0000 stroke8
movl 0 -37.3636 392.1212 175.9140 156.2376 -8.3634 -141.2255 100.0000 stroke8
movl 0 -38.4490 393.5508 175.0154 156.7444 -8.4955 -141.4816 100.0000 stroke8
movl 0 -41.6064 396.0706 173.8295 158.4044 -8.5011 -142.0239 100.0000 stroke8
movl 0 -43.4205 399.2442 173.6172 161.3328 -9.3952 -144.5696 100.0000 stroke8
movl 0 -43.6425 401.1602 173.5486 162.7744 -10.1040 -146.1439 100.0000 stroke8
movl 0 -44.4096 400.7032 174.1025 163.6505 -10.5600 -147.1383 100.0000 stroke8
movl 0 -44.3761 400.8090 174.6020 164.7373 -11.4585 -148.7475 100.0000 stroke8
movl 0 -44.2995 401.0243 174.9535 165.6228 -12.1558 -149.6574 100.0000 stroke8
movl 0 -44.4405 401.2185 175.2284 166.5589 -12.6928 -150.5158 100.0000 stroke8
movl 0 -44.9810 401.2920 175.5421 167.4997 -13.0358 -151.3745 100.0000 stroke8
movl 0 -45.8033 401.5192 175.7939 168.6384 -13.3453 -152.3710 100.0000 stroke8
movl 0 -46.3145 401.8697 176.0250 169.6532 -13.7247 -153.1892 100.0000 stroke8
movl 0 -47.0921 401.9823 176.2353 170.8348 -14.0553 -154.1495 100.0000 stroke8
movl 0 -47.9091 402.3601 176.3255 172.0202 -14.3933 -155.1733 100.0000 stroke8
movl 0 -48.9135 402.7035 176.3654 173.2120 -14.5296 -156.2872 100.0000 stroke8
movl 0 -49.8945 403.0543 176.4764 174.1386 -14.5943 -156.7799 100.0000 stroke8
movl 0 -50.8287 402.7128 176.5489 174.6880 -14.5690 -156.9041 100.0000 stroke8
movl 0 -51.1641 402.6922 176.6022 175.0590 -14.6797 -156.7205 100.0000 stroke8
movl 0 -51.6774 401.6059 176.7444 174.8198 -14.5436 -156.1390 100.0000 stroke8
movl 0 -48.7991 400.2447 177.3749 172.9236 -14.5565 -155.5864 100.0000 stroke8
movl 0 -48.0337 399.9708 177.4329 172.4067 -14.4572 -155.4367 100.0000 stroke8
movl 0 -48.4103 400.4413 177.3579 172.9810 -14.6290 -155.4471 100.0000 stroke8
movl 0 -49.3677 400.6253 177.2447 173.6564 -14.8522 -155.1616 100.0000 stroke8
movl 0 -49.2753 399.7218 177.4093 173.1897 -14.7106 -154.8210 100.0000 stroke8
movl 0 -46.2192 395.6984 178.5321 170.1024 -14.3592 -153.6394 100.0000 stroke8
movl 0 -46.9056 396.7844 178.1408 170.8002 -14.4529 -153.5172 100.0000 stroke8
movl 0 -49.3997 398.7562 177.6778 172.8698 -14.5800 -153.6902 100.0000 stroke8
movl 0 -48.3002 396.1137 178.2830 171.0427 -14.1401 -153.0561 100.0000 stroke8
movl 0 -46.3825 392.9117 178.4022 168.3662 -13.5271 -151.8216 100.0000 stroke8
movl 0 -44.3146 390.2659 178.8203 166.1950 -14.1158 -149.9184 100.0000 stroke8
movl 0 -38.7737 376.3250 181.1775 154.7033 -10.4420 -146.5143 100.0000 stroke8
movl 0 -37.0980 370.2986 201.3540 146.4297 -5.2859 -141.9735 100.0000 stroke8
movl 0 -38.1842 395.3467 227.1128 158.5346 -18.4902 -146.4600 100.0000 stroke9
movl 0 -40.9167 394.7773 182.0656 164.4261 -15.8761 -150.6982 100.0000 stroke9
movl 0 -40.5462 391.5341 180.5381 163.6888 -13.6536 -151.4385 100.0000 stroke9
movl 0 -44.0713 393.3743 180.0377 165.2724 -13.2127 -152.6226 100.0000 stroke9
movl 0 -45.6122 394.4033 179.3985 165.7804 -12.9696 -152.6676 100.0000 stroke9
movl 0 -46.2746 395.3860 178.7528 166.3575 -12.8598 -152.9800 100.0000 stroke9
movl 0 -47.3267 396.9357 177.8823 167.1993 -12.7320 -153.4558 100.0000 stroke9
movl 0 -49.3711 397.2394 177.2704 168.2361 -12.8851 -153.0462 100.0000 stroke9
movl 0 -50.5546 396.5627 177.2193 168.4249 -13.1084 -152.1282 100.0000 stroke9
movl 0 -52.5932 395.4024 177.2351 168.5989 -13.1996 -151.0708 100.0000 stroke9
movl 0 -53.8739 394.4526 177.2613 168.6208 -13.5540 -150.1488 100.0000 stroke9
movl 0 -54.8600 393.5400 177.3436 168.5245 -14.1702 -149.3110 100.0000 stroke9
movl 0 -54.1395 390.8188 178.5650 166.7334 -15.5442 -147.5744 100.0000 stroke9
movl 0 -49.8292 371.9185 204.3873 149.5530 -12.9766 -137.4704 100.0000 stroke9
movl 0 -31.8454 388.6821 210.7050 146.2647 -4.5500 -122.4082 100.0000 stroke10
movl 0 -22.8890 396.8026 176.5301 154.5280 -16.1933 -133.9999 100.0000 stroke10
movl 0 -26.5019 398.7856 178.0903 158.7080 -16.0520 -138.5504 100.0000 stroke10
movl 0 -32.4144 393.0473 180.1330 162.0303 -14.1670 -144.7429 100.0000 stroke10
movl 0 -33.3302 393.2156 180.1236 163.5766 -14.4165 -147.0142 100.0000 stroke10
movl 0 -34.4451 395.5010 179.2022 165.0988 -14.6041 -147.9437 100.0000 stroke10
movl 0 -35.7712 396.4944 178.4959 165.4550 -14.2111 -148.4915 100.0000 stroke10
movl 0 -36.2149 396.8941 177.3027 164.7749 -14.1488 -148.1297 100.0000 stroke10
movl 0 -40.3643 399.1276 176.6978 167.2204 -13.2693 -149.6632 100.0000 stroke10
movl 0 -44.9408 403.5678 176.2923 172.0898 -12.3346 -153.7919 100.0000 stroke10
movl 0 -44.0589 404.1901 176.4744 172.4408 -12.2139 -155.5121 100.0000 stroke10
movl 0 -44.9486 402.3555 177.2046 173.4170 -12.4323 -155.6208 100.0000 stroke10
movl 0 -43.7572 402.4366 177.4457 172.9909 -12.6421 -155.4001 100.0000 stroke10
movl 0 -42.4188 399.5510 177.8954 170.4406 -12.5276 -153.6027 100.0000 stroke10
movl 0 -37.5257 379.6747 188.5599 158.0292 -8.3586 -142.9490 100.0000 stroke10
movl 0 -32.2552 356.4844 247.6585 143.8966 7.3831 -129.6056 100.0000 stroke10
movl 0 -2.6388 393.6072 196.3145 150.0508 -9.5698 -133.1628 100.0000 stroke11
movl 0 -10.3408 397.5054 179.6600 155.5266 -10.1971 -136.7965 100.0000 stroke11
movl 0 -16.2782 398.6712 177.7916 157.3234 -7.8773 -137.3849 100.0000 stroke11
movl 0 -15.2129 399.1948 176.8637 156.8860 -8.3155 -137.7724 100.0000 stroke11
movl 0 -16.3222 400.2018 175.8538 157.2212 -7.7406 -138.0387 100.0000 stroke11
movl 0 -20.0554 403.3554 174.5511 159.3932 -7.6073 -138.3612 100.0000 stroke11
movl 0 -20.5164 407.0732 174.0924 161.6010 -8.7893 -140.2163 100.0000 stroke11
movl 0 -21.1888 407.9941 173.7498 162.2794 -9.4260 -140.3950 100.0000 stroke11
movl 0 -21.6429 406.9370 174.1124 162.6945 -10.1627 -140.1491 100.0000 stroke11
movl 0 -21.8286 404.2859 174.9552 162.1516 -11.0244 -138.5764 100.0000 stroke11
movl 0 -19.4484 394.3013 181.1561 157.3363 -10.9481 -135.8287 100.0000 stroke11
movl 0 -21.0232 377.6171 215.4528 146.0739 -3.5782 -127.3940 100.0000 stroke11
movl 0 -10.5715 392.5373 215.6467 146.5094 -7.1205 -124.4664 100.0000 stroke12
movl 0 -17.1218 391.3126 179.9827 152.5896 -6.9071 -128.7854 100.0000 stroke12
movl 0 -19.6273 394.4296 179.2866 157.0667 -8.9041 -135.2876 100.0000 stroke12
movl 0 -21.1425 395.8113 177.4908 159.2420 -9.3360 -138.7239 100.0000 stroke12
movl 0 -23.2937 396.8279 176.6448 159.9120 -9.6176 -138.8820 100.0000 stroke12
movl 0 -25.6337 396.2736 176.6559 160.5748 -9.1576 -139.3427 100.0000 stroke12
movl 0 -30.1846 396.8265 176.1815 162.6147 -8.7603 -140.7656 100.0000 stroke12
movl 0 -32.8160 395.5337 176.2904 163.0080 -8.2711 -141.6810 100.0000 stroke12
movl 0 -31.6995 396.6519 176.1322 163.5907 -8.2416 -143.5430 100.0000 stroke12
movl 0 -30.9556 397.2709 176.3009 164.3111 -8.4945 -144.7714 100.0000 stroke12
movl 0 -29.8106 396.9187 176.5602 164.3647 -8.7822 -145.1727 100.0000 stroke12
movl 0 -28.5506 396.4707 176.9342 164.3204 -9.0685 -145.3396 100.0000 stroke12
movl 0 -23.9316 392.2482 179.4134 162.5047 -9.7364 -144.9237 100.0000 stroke12
movl 0 -11.8229 376.8253 200.9962 153.8341 -8.4726 -141.8254 100.0000 stroke12
movl 0 -1.8817 390.4050 248.1321 149.5647 -11.3944 -137.0235 100.0000 stroke13
movl 0 -1.2522 393.9306 183.3777 155.2326 -12.8197 -141.4650 100.0000 stroke13
movl 0 -5.8712 386.4571 182.2922 154.6817 -8.7492 -142.2993 100.0000 stroke13
movl 0 -8.4152 389.1272 178.2380 156.3193 -8.4056 -143.9103 100.0000 stroke13
movl 0 -12.3489 391.0613 176.6478 157.3733 -7.6897 -144.3188 100.0000 stroke13
movl 0 -13.0788 391.9898 175.9371 157.6076 -7.5530 -144.4903 100.0000 stroke13
movl 0 -15.8237 396.1247 174.2617 159.7265 -7.5413 -144.8375 100.0000 stroke13
movl 0 -16.7139 401.1168 173.9322 162.4721 -9.0929 -145.8842 100.0000 stroke13
movl 0 -16.9026 400.8314 173.8466 162.6808 -9.8287 -145.1389 100.0000 stroke13
movl 0 -17.0627 398.2397 173.8354 162.2335 -10.3913 -143.8422 100.0000 stroke13
movl 0 -19.1689 395.7502 174.1777 162.3314 -10.8828 -142.4213 100.0000 stroke13
movl 0 -20.9688 393.9175 174.3520 162.2688 -11.1149 -141.2905 100.0000 stroke13
movl 0 -22.7757 391.6067 174.8749 161.9348 -11.3955 -139.8455 100.0000 stroke13
movl 0 -20.8656 383.8334 180.7667 158.1092 -10.9373 -137.4220 100.0000 stroke13
movl 0 -23.0019 355.0528 214.8030 143.9816 3.5307 -123.1557 100.0000 stroke13
movl 0 -26.0118 383.0371 208.9183 154.5401 11.2572 -97.1913 100.0000 stroke14
movl 0 -23.7296 382.6199 179.7542 155.1221 5.2249 -107.9967 100.0000 stroke14
movl 0 -34.8921 378.5726 182.2857 159.5358 6.0570 -115.0032 100.0000 stroke14
movl 0 -36.5318 379.9028 181.8532 160.9400 4.1632 -116.9745 100.0000 stroke14
movl 0 -38.4933 381.1762 180.8744 161.3473 3.4070 -117.0600 100.0000 stroke14
movl 0 -40.5003 381.5018 179.5431 161.1788 3.4284 -116.7594 100.0000 stroke14
movl 0 -46.0024 381.9552 178.5730 163.4478 3.5300 -118.2168 100.0000 stroke14
movl 0 -48.8612 381.8278 178.3128 165.1621 2.8783 -120.7631 100.0000 stroke14
movl 0 -50.0008 381.3459 178.5291 165.2981 2.9479 -122.0710 100.0000 stroke14
movl 0 -49.4636 382.1599 178.5490 165.4365 3.0632 -123.6659 100.0000 stroke14
movl 0 -47.3361 383.6588 178.8000 165.5464 2.7449 -125.1811 100.0000 stroke14
movl 0 -45.1601 384.7173 179.0565 165.5044 2.5189 -126.3260 100.0000 stroke14
movl 0 -42.2826 385.8346 179.6228 165.3597 2.0904 -127.4354 100.0000 stroke14
movl 0 -39.8440 386.1748 180.1670 165.0506 1.9295 -128.2995 100.0000 stroke14
movl 0 -29.2971 381.8941 182.7009 161.3346 1.8991 -128.9661 100.0000 stroke14
movl 0 -12.6804 376.2064 196.9738 154.5653 2.6722 -126.8062 100.0000 stroke14
movl 0 -8.1041 401.0655 212.0075 153.2459 -4.5654 -121.3262 100.0000 stroke15
movl 0 -14.4312 395.3234 185.0699 156.7594 -7.3694 -126.7244 100.0000 stroke15
movl 0 -14.5200 392.8493 182.0803 157.8341 -6.9461 -130.2406 100.0000 stroke15
movl 0 -17.7063 392.2284 182.1400 158.9587 -6.1142 -131.5452 100.0000 stroke15
movl 0 -20.0261 394.9106 182.2840 160.8345 -6.6139 -132.6391 100.0000 stroke15
movl 0 -19.2126 394.7862 181.4721 160.5811 -6.7362 -133.0596 100.0000 stroke15
movl 0 -22.6222 397.8797 181.1543 162.6056 -6.6859 -134.1082 100.0000 stroke15
movl 0 -22.3099 398.6644 180.8475 162.7244 -6.9267 -134.5389 100.0000 stroke15
movl 0 -21.7335 398.5056 180.5849 162.2215 -7.0203 -134.4555 100.0000 stroke15
movl 0 -23.8064 400.4406 179.8978 163.6359 -7.1200 -135.2360 100.0000 stroke15
movl 0 -26.1237 402.7597 179.5511 165.5632 -7.2508 -136.6277 100.0000 stroke15
movl 0 -28.2332 404.6753 179.0925 167.2042 -7.2235 -137.9718 100.0000 stroke15
movl 0 -30.4216 406.3561 178.8849 169.0884 -6.8978 -139.6738 100.0000 stroke15
movl 0 -30.0183 407.3788 178.7185 169.5571 -6.7774 -141.0439 100.0000 stroke15
movl 0 -31.1460 407.1143 179.0859 170.6834 -7.2213 -140.8265 100.0000 stroke15
movl 0 -28.9222 405.1282 180.0645 169.6309 -7.2429 -140.9324 100.0000 stroke15
movl 0 -28.8667 404.3803 180.4486 170.0574 -7.3861 -140.6433 100.0000 stroke15
movl 0 -25.9153 400.3149 181.3092 166.3988 -7.0594 -137.9413 100.0000 stroke15
movl 0 -15.3289 379.2670 195.5016 150.9177 3.0236 -125.8704 100.0000 stroke15
movl 0 -14.6489 376.2958 219.7918 149.6344 2.5886 -116.8632 100.0000 stroke16
movl 0 -22.0379 371.0909 190.9757 153.0106 -0.2399 -119.9417 100.0000 stroke16
movl 0 -29.4822 371.0689 181.4746 156.3088 -0.1826 -122.0297 100.0000 stroke16
movl 0 -32.1738 369.7698 181.5347 157.2856 0.3001 -122.9896 100.0000 stroke16
movl 0 -34.4707 370.7648 180.8684 158.4662 0.6487 -123.9371 100.0000 stroke16
movl 0 -35.7344 372.4799 180.0469 159.0891 0.6555 -124.6128 100.0000 stroke16
movl 0 -36.7532 373.5427 179.4903 159.5120 0.5954 -125.3365 100.0000 stroke16
movl 0 -39.4891 375.8602 179.3744 161.1358 0.0241 -125.8591 100.0000 stroke16
movl 0 -40.9356 378.4310 178.9627 162.6905 -1.5419 -126.7382 100.0000 stroke16
movl 0 -41.6954 381.2194 178.2654 164.0596 -3.4063 -126.7500 100.0000 stroke16
movl 0 -42.1284 382.2420 177.8961 164.5933 -4.4083 -125.8499 100.0000 stroke16
movl 0 -39.5517 380.2105 178.7528 163.0542 -3.8799 -125.7257 100.0000 stroke16
movl 0 -39.1180 379.8994 178.8552 163.0309 -3.5703 -126.2148 100.0000 stroke16
movl 0 -41.0343 380.8223 178.5268 164.2709 -3.9653 -126.8075 100.0000 stroke16
movl 0 -40.9377 380.4069 178.6278 164.0356 -3.8246 -127.2285 100.0000 stroke16
movl 0 -35.0842 368.4036 181.9497 157.0828 0.5461 -125.1550 100.0000 stroke16
movl 0 -37.0007 339.1426 237.4616 148.1366 16.2363 -118.3158 100.0000 stroke16
movl 0 -13.0801 372.2854 246.6846 149.3427 2.2103 -122.0366 100.0000 stroke17
movl 0 -11.1334 376.8355 189.8946 153.9790 -3.2950 -125.6292 100.0000 stroke17
movl 0 -13.6666 378.6271 181.9913 156.4128 -4.0038 -127.3359 100.0000 stroke17
movl 0 -18.5608 377.7601 180.5148 157.5084 -3.3616 -128.3463 100.0000 stroke17
movl 0 -20.3869 379.5542 178.8251 157.6281 -3.9639 -127.3415 100.0000 stroke17
movl 0 -21.3022 380.8800 178.1299 158.1930 -4.2695 -127.1989 100.0000 stroke17
movl 0 -23.1839 381.6003 177.5692 158.8073 -4.1178 -127.3161 100.0000 stroke17
movl 0 -25.4521 384.0356 176.7920 160.3867 -4.4706 -127.8420 100.0000 stroke17
movl 0 -27.9937 387.5305 176.7099 162.7336 -5.3854 -129.0304 100.0000 stroke17
movl 0 -30.2383 390.2471 176.4892 164.9611 -6.0802 -130.4461 100.0000 stroke17
movl 0 -30.1974 392.3292 176.2747 166.2403 -6.7343 -131.9039 100.0000 stroke17
movl 0 -29.4541 392.6056 176.4584 166.2009 -7.1088 -132.4458 100.0000 stroke17
movl 0 -29.4148 390.5465 177.0998 166.2190 -7.3987 -132.7119 100.0000 stroke17
movl 0 -29.1730 390.7262 177.1549 166.3053 -7.7101 -133.0728 100.0000 stroke17
movl 0 -26.2158 388.8252 178.1518 164.3011 -7.6307 -133.4911 100.0000 stroke17
movl 0 -14.8634 374.3247 205.4496 152.2324 -2.1070 -131.8166 100.0000 stroke17
movl 0 -5.9388 398.0072 201.4510 155.9240 -15.6340 -135.1122 100.0000 stroke18
movl 0 -7.7705 397.6309 180.3245 164.0891 -19.0107 -148.7196 100.0000 stroke18
movl 0 -15.7036 390.2356 182.0021 165.3281 -14.5145 -153.9350 100.0000 stroke18
movl 0 -18.0596 389.8491 182.3456 166.8514 -13.9443 -156.5463 100.0000 stroke18
movl 0 -20.1776 391.4396 181.6041 168.0674 -13.6037 -157.8355 100.0000 stroke18
movl 0 -21.3017 392.5484 180.9280 168.4072 -13.3116 -158.5219 100.0000 stroke18
movl 0 -25.1037 395.4182 180.1770 170.3522 -12.5089 -159.9901 100.0000 stroke18
movl 0 -28.9415 398.4142 179.3062 172.8069 -11.3071 -161.9880 100.0000 stroke18
movl 0 -30.6654 401.2586 178.6702 174.9283 -10.6434 -163.8733 100.0000 stroke18
movl 0 -30.8163 403.1904 178.3528 176.1057 -10.3684 -165.3776 100.0000 stroke18
movl 0 -28.6178 405.0952 178.2094 176.7702 -10.7757 -166.5131 100.0000 stroke18
movl 0 -28.7695 406.1791 177.9808 177.4114 -10.7796 -167.0881 100.0000 stroke18
movl 0 -29.3384 405.3878 178.4201 178.3698 -11.0110 -167.0217 100.0000 stroke18
movl 0 -25.8946 403.3545 179.3133 176.8911 -11.6371 -167.0279 100.0000 stroke18
movl 0 -26.7081 403.1246 179.3404 177.7653 -11.5855 -166.9762 100.0000 stroke18
movl 0 -24.2759 401.9420 179.4963 176.3302 -12.5714 -166.1497 100.0000 stroke18
movl 0 -17.0739 394.9353 180.8232 171.0360 -14.6497 -163.0120 100.0000 stroke18
movl 0 -7.5129 376.6407 217.9328 151.9970 -12.0164 -149.2248 100.0000 stroke18
movl 0 -28.4917 361.2604 200.6378 158.3457 -13.7253 -158.6728 100.0000 stroke19
movl 0 -42.4716 362.0075 188.3108 162.1420 -13.4915 -159.5189 100.0000 stroke19
movl 0 -59.3660 361.8667 182.4654 164.3271 -13.0781 -157.5439 100.0000 stroke19
movl 0 -63.4341 360.4017 181.1624 163.7158 -13.2233 -156.0480 100.0000 stroke19
movl 0 -65.1191 361.9160 179.7312 164.5915 -13.1284 -156.0140 100.0000 stroke19
movl 0 -66.1347 363.7755 178.8431 165.5205 -13.3030 -156.1535 100.0000 stroke19
movl 0 -68.6758 365.0431 177.8599 166.5322 -12.7095 -156.9859 100.0000 stroke19
movl 0 -71.9731 365.0924 177.3938 167.5695 -11.4253 -158.5553 100.0000 stroke19
movl 0 -74.2011 365.8862 177.4058 169.1101 -10.5964 -160.4641 100.0000 stroke19
movl 0 -76.1670 365.3874 177.7924 170.1783 -10.0310 -162.1076 100.0000 stroke19
movl 0 -77.8975 364.5043 178.0859 169.9396 -9.4908 -163.1332 100.0000 stroke19
movl 0 -76.8600 365.0491 178.1643 170.0876 -9.3263 -164.4824 100.0000 stroke19
movl 0 -74.7715 365.5815 178.6038 170.3244 -9.3493 -165.5937 100.0000 stroke19
movl 0 -72.0669 366.1433 178.9648 170.5714 -9.4087 -166.6814 100.0000 stroke19
movl 0 -70.2606 366.6898 179.2883 170.8199 -9.2041 -167.9809 100.0000 stroke19
movl 0 -68.3194 367.1051 179.4659 171.0225 -8.9480 -169.1073 100.0000 stroke19
movl 0 -66.7468 367.5531 179.5956 171.2919 -8.5562 -170.3834 100.0000 stroke19
movl 0 -64.6052 367.7448 179.6473 171.4771 -8.2821 -171.3550 100.0000 stroke19
movl 0 -62.3256 368.2470 179.6837 171.7647 -7.8707 -172.5969 100.0000 stroke19
movl 0 -59.5980 368.6236 179.6738 171.8816 -7.5012 -173.7054 100.0000 stroke19
movl 0 -57.2866 369.4834 179.6725 172.2719 -7.0499 -175.1960 100.0000 stroke19
movl 0 -55.7136 370.1395 179.5610 172.6144 -6.3883 -176.7087 100.0000 stroke19
movl 0 -51.8748 371.1767 179.2340 172.8531 -5.6516 -178.4201 100.0000 stroke19
movl 0 -46.9119 372.0416 178.7769 173.0616 -4.7873 179.4883 100.0000 stroke19
movl 0 -44.0427 373.5346 178.2950 173.5331 -3.6032 177.2075 100.0000 stroke19
movl 0 -42.3893 374.9431 178.0189 174.0525 -3.0180 175.4196 100.0000 stroke19
movl 0 -40.4032 373.9825 178.6191 173.8338 -3.9033 175.2944 100.0000 stroke19
movl 0 -35.4103 371.4717 180.1641 172.6486 -5.4585 174.9871 100.0000 stroke19
movl 0 -35.3532 372.0280 180.1980 173.0897 -5.2402 174.4481 100.0000 stroke19
movl 0 -35.8232 373.2666 180.2895 174.3126 -4.9220 173.8032 100.0000 stroke19
movl 0 -35.5056 373.8580 180.5493 175.0176 -4.8670 173.5156 100.0000 stroke19
movl 0 -35.2088 374.3066 180.8221 175.6666 -4.8298 172.7537 100.0000 stroke19
movl 0 -35.1588 374.5798 181.4069 176.1553 -4.9960 172.2087 100.0000 stroke19
movl 0 -31.6166 373.2764 181.2671 175.6766 -6.9120 173.8952 100.0000 stroke19
movl 0 -26.7962 372.7525 181.1724 174.9497 -9.6835 176.1720 100.0000 stroke19
movl 0 -25.7825 371.1016 181.6278 173.7543 -10.9228 177.8077 100.0000 stroke19
movl 0 -25.8736 356.8693 194.0233 164.3068 -14.9453 -170.2350 100.0000 stroke19
movl 0 -29.3824 382.2814 228.7867 156.3438 -22.2339 -146.6714 100.0000 stroke20
movl 0 -28.7615 377.8024 187.3775 161.0845 -19.8504 -151.0119 100.0000 stroke20
movl 0 -30.5776 375.3144 180.1366 162.9485 -18.0959 -153.1974 100.0000 stroke20
movl 0 -34.1577 371.7648 178.2990 163.4139 -15.5253 -155.0445 100.0000 stroke20
movl 0 -35.6522 372.6273 177.0998 163.6621 -15.2691 -154.4360 100.0000 stroke20
movl 0 -37.4936 373.8925 176.6409 164.2104 -14.9765 -153.9043 100.0000 stroke20
movl 0 -40.8815 375.8398 176.0770 165.4252 -14.1596 -153.8817 100.0000 stroke20
movl 0 -42.6103 379.5758 175.5120 168.4030 -14.0207 -155.7549 100.0000 stroke20
movl 0 -42.7590 381.6512 175.4803 169.8463 -14.5100 -156.8908 100.0000 stroke20
movl 0 -43.3682 382.0306 175.5195 171.0544 -14.9747 -157.1385 100.0000 stroke20
movl 0 -44.4437 382.6550 175.5926 172.6147 -15.4021 -157.4123 100.0000 stroke20
movl 0 -46.5859 382.3557 175.8539 173.7584 -15.4437 -156.4064 100.0000 stroke20
movl 0 -49.2202 381.3239 175.5794 174.2200 -15.5217 -154.1534 100.0000 stroke20
movl 0 -51.8666 379.4361 175.4515 174.0228 -15.6883 -150.9860 100.0000 stroke20
movl 0 -50.8680 377.4341 176.0096 172.5664 -15.5153 -150.1007 100.0000 stroke20
movl 0 -48.9849 376.9883 176.2746 172.0695 -15.3482 -150.5300 100.0000 stroke20
movl 0 -50.2084 377.0492 176.1889 172.7502 -15.3426 -149.9963 100.0000 stroke20
movl 0 -49.6066 372.6900 177.0901 170.6975 -14.4882 -149.4721 100.0000 stroke20
movl 0 -45.6235 364.1556 178.0973 166.0714 -12.9094 -149.5673 100.0000 stroke20
movl 0 -47.4662 364.1338 177.9783 166.4117 -12.5967 -149.2265 100.0000 stroke20
movl 0 -49.7038 363.0756 177.3816 166.1786 -12.5811 -147.4152 100.0000 stroke20
movl 0 -36.1792 348.0299 179.3865 153.5603 -11.6331 -144.6940 100.0000 stroke20
movl 0 -33.9913 329.2027 197.1022 141.2415 2.7208 -133.2822 100.0000 stroke20
movl 0 4.0528 392.4232 202.9169 156.2132 -20.1009 -137.0261 100.0000 stroke21
movl 0 2.6220 385.9606 178.7939 160.5302 -18.8557 -144.6012 100.0000 stroke21
movl 0 -4.4217 385.3019 178.1539 160.6467 -16.5983 -143.5944 100.0000 stroke21
movl 0 -13.4096 383.9195 176.8222 161.7997 -14.2760 -142.3471 100.0000 stroke21
movl 0 -15.7356 384.7571 175.9455 162.1924 -13.9085 -142.0465 100.0000 stroke21
movl 0 -18.1738 385.5291 175.3725 162.9026 -13.5543 -142.1544 100.0000 stroke21
movl 0 -22.7882 386.9702 174.9891 164.9580 -12.6266 -143.5643 100.0000 stroke21
movl 0 -23.4760 389.1853 174.8958 167.6803 -12.7258 -147.1054 100.0000 stroke21
movl 0 -26.7123 390.9604 175.1224 169.6127 -13.4012 -147.7767 100.0000 stroke21
movl 0 -27.2258 391.2419 175.0324 170.6985 -13.8668 -148.5064 100.0000 stroke21
movl 0 -28.4911 391.3852 175.1529 171.8381 -14.1154 -149.3301 100.0000 stroke21
movl 0 -29.5595 391.7468 175.3376 173.1697 -14.4025 -150.1416 100.0000 stroke21
movl 0 -30.8509 392.6135 175.3978 174.8326 -14.6585 -151.2807 100.0000 stroke21
movl 0 -31.7202 392.9146 175.8267 176.3498 -14.9007 -152.5161 100.0000 stroke21
movl 0 -33.2524 393.3340 175.6150 177.9525 -15.1285 -153.3965 100.0000 stroke21
movl 0 -34.9598 393.2454 175.5540 179.5498 -15.1041 -154.2074 100.0000 stroke21
movl 0 -36.9230 393.6237 175.3363 -178.9137 -15.0500 -154.8597 100.0000 stroke21
movl 0 -38.9882 393.8523 175.0608 -177.3513 -14.9977 -155.4998 100.0000 stroke21
movl 0 -40.5929 393.5637 174.8594 -176.3640 -14.8148 -155.6825 100.0000 stroke21
movl 0 -42.0962 393.2620 174.6685 -175.7836 -14.7342 -155.1526 100.0000 stroke21
movl 0 -43.4127 392.6514 174.5932 -175.4868 -14.7710 -154.0618 100.0000 stroke21
movl 0 -44.6990 391.4697 174.5437 -175.2784 -14.7645 -153.0347 100.0000 stroke21
movl 0 -41.2418 389.7362 176.0681 -177.3014 -14.8741 -152.8292 100.0000 stroke21
movl 0 -38.9139 388.5293 176.7617 -178.7171 -14.8394 -152.3277 100.0000 stroke21
movl 0 -38.7841 388.7500 176.6223 -178.6963 -14.8850 -152.0328 100.0000 stroke21
movl 0 -39.4672 389.1684 176.3439 -178.0187 -14.9449 -152.2028 100.0000 stroke21
movl 0 -41.0965 388.9670 176.0814 -177.2059 -14.9653 -151.7060 100.0000 stroke21
movl 0 -38.9791 387.1052 177.4367 -178.7377 -14.7820 -151.8135 100.0000 stroke21
movl 0 -37.3511 386.3992 178.1092 -179.4736 -14.6321 -152.1154 100.0000 stroke21
movl 0 -38.8347 387.1004 177.5217 -178.3311 -14.8747 -151.6800 100.0000 stroke21
movl 0 -39.5977 385.8917 177.8334 -178.2905 -14.6825 -151.6772 100.0000 stroke21
movl 0 -35.1490 384.9566 179.3742 -179.9363 -14.8888 -152.4890 100.0000 stroke21
movl 0 -35.6890 384.9815 179.2397 -179.6900 -14.8687 -152.4439 100.0000 stroke21
movl 0 -38.2739 385.2227 178.4183 -178.3449 -15.0410 -151.5364 100.0000 stroke21
movl 0 -37.9171 385.4661 178.3008 -178.5362 -15.0885 -151.6084 100.0000 stroke21
movl 0 -31.7105 380.7051 181.4438 176.7819 -15.5156 -151.4909 100.0000 stroke21
movl 0 -11.5153 365.1183 191.0915 159.7417 -14.6139 -147.6576 100.0000 stroke21
