movl 0 -28.0168 391.2417 183.2166 150.1240 11.1262 -90.7061 100.0000 stroke1
movl 0 -29.3202 393.6133 177.6853 150.5391 10.7165 -90.2014 100.0000 stroke1
movl 0 -28.9655 393.8184 179.7908 150.9697 12.4555 -88.7755 100.0000 stroke1
movl 0 -27.6522 394.1164 185.1261 149.9839 14.7758 -88.4307 100.0000 stroke1
movl 0 -31.8358 395.3388 183.9280 151.4696 15.0093 -87.0524 100.0000 stroke1
movl 0 -33.7551 389.9587 187.1135 151.4438 18.0267 -88.5346 100.0000 stroke1
movl 0 -40.1812 389.6814 184.1734 151.7265 16.4609 -88.4499 100.0000 stroke1
movl 0 -37.0891 393.1035 177.1804 152.3675 15.6236 -86.1792 100.0000 stroke1
movl 0 -36.6612 394.5305 174.4184 152.9986 14.1679 -85.7934 100.0000 stroke1
movl 0 -40.0322 395.4863 173.3782 154.6114 13.4403 -83.8479 100.0000 stroke1
movl 0 -40.2104 396.8066 171.5757 155.6157 14.3873 -79.8651 100.0000 stroke1
movl 0 -40.9589 397.0528 170.8426 156.6603 14.8901 -76.3462 100.0000 stroke1
movl 0 -42.2566 397.7092 170.4370 157.0849 14.6378 -75.7083 100.0000 stroke1
movl 0 -44.4593 399.2325 169.3522 157.2126 13.3832 -76.1958 100.0000 stroke1
movl 0 -44.8448 400.6010 168.1504 156.9801 11.6156 -77.6636 100.0000 stroke1
movl 0 -45.0512 402.3351 167.5776 156.9726 9.6349 -79.9638 100.0000 stroke1
movl 0 -44.3536 404.0401 167.2514 156.6141 8.0037 -82.0154 100.0000 stroke1
movl 0 -45.3268 405.0276 167.1364 156.4493 6.5029 -83.5937 100.0000 stroke1
movl 0 -45.8107 405.4158 167.3562 156.4101 4.9217 -85.5610 100.0000 stroke1
movl 0 -46.4981 405.6430 168.0300 156.3821 2.8860 -88.1000 100.0000 stroke1
movl 0 -46.8152 406.2763 168.5575 156.4708 0.7099 -90.5610 100.0000 stroke1
movl 0 -47.4930 407.5117 168.9641 156.8283 -2.1151 -93.1024 100.0000 stroke1
movl 0 -48.7912 409.1082 168.8849 157.6961 -4.8267 -95.7583 100.0000 stroke1
movl 0 -50.4125 410.1242 169.0313 158.5885 -6.8821 -96.8868 100.0000 stroke1
movl 0 -52.3501 410.5881 169.0407 159.1998 -8.5378 -96.8574 100.0000 stroke1
movl 0 -52.1661 410.1197 169.2668 158.8331 -8.1848 -96.1778 100.0000 stroke1
movl 0 -48.6642 407.9225 170.6467 157.3223 -5.6849 -94.3977 100.0000 stroke1
movl 0 -48.5378 408.0058 170.7609 157.5071 -5.8108 -94.6769 100.0000 stroke1
movl 0 -49.0769 408.4079 170.8692 158.1344 -6.6646 -95.4936 100.0000 stroke1
movl 0 -49.2210 408.0557 171.1215 158.1553 -6.5096 -95.3029 100.0000 stroke1
movl 0 -49.0406 407.1346 171.3396 157.9147 -5.3272 -94.8765 100.0000 stroke1
movl 0 -48.6307 405.2195 172.1039 157.4503 -3.1710 -94.2665 100.0000 stroke1
movl 0 -41.5870 384.5990 190.6114 153.6147 10.0782 -91.8671 100.0000 stroke1
movl 0 -36.6209 361.8878 239.3725 156.7892 28.4714 -78.0406 100.0000 stroke2
movl 0 -42.2572 377.7227 190.6689 159.6070 22.5237 -76.4803 100.0000 stroke2
movl 0 -50.7868 382.1224 185.1802 161.7508 19.3231 -76.0289 100.0000 stroke2
movl 0 -52.3669 384.3529 180.7103 162.4756 18.6879 -74.3265 100.0000 stroke2
movl 0 -53.1674 386.5003 178.1711 163.5589 17.7672 -70.0949 100.0000 stroke2
movl 0 -54.6732 387.8215 176.1563 164.3153 17.7562 -68.7767 100.0000 stroke2
movl 0 -55.3819 388.8188 174.7742 164.7438 17.4333 -68.4782 100.0000 stroke2
movl 0 -57.2707 389.8408 174.0417 165.5776 16.1487 -69.2480 100.0000 stroke2
movl 0 -57.8803 390.6207 173.5390 165.9466 14.8527 -70.6419 100.0000 stroke2
movl 0 -58.7595 390.4716 173.6424 166.4732 14.8306 -70.9218 100.0000 stroke2
movl 0 -57.4776 390.6016 174.2448 166.7141 14.8758 -71.7331 100.0000 stroke2
movl 0 -54.1843 392.3028 174.7968 166.6427 14.3949 -73.4128 100.0000 stroke2
movl 0 -50.4470 394.2357 175.2132 166.4746 13.7676 -75.4661 100.0000 stroke2
movl 0 -46.2608 397.1059 174.9762 166.1290 13.0511 -77.8284 100.0000 stroke2
movl 0 -44.5479 396.8387 175.7186 165.4270 13.3376 -78.1751 100.0000 stroke2
movl 0 -41.6149 397.1490 176.3296 164.1714 13.5530 -78.7738 100.0000 stroke2
movl 0 -40.9201 399.5592 175.2376 163.6255 12.1146 -79.5182 100.0000 stroke2
movl 0 -38.0263 404.3666 174.0012 162.2764 9.0585 -81.6289 100.0000 stroke2
movl 0 -31.4158 411.2254 171.2155 159.9395 5.9313 -84.1064 100.0000 stroke2
movl 0 -25.6609 418.0903 168.0400 157.7831 2.7528 -85.9441 100.0000 stroke2
movl 0 -24.9884 420.8008 166.7969 156.7431 0.9014 -86.3980 100.0000 stroke2
movl 0 -25.2400 421.7838 166.5989 156.6545 -0.5324 -87.5021 100.0000 stroke2
movl 0 -26.0753 422.6270 166.7968 156.8806 -2.3098 -88.8244 100.0000 stroke2
movl 0 -26.7781 423.6266 167.0368 157.3276 -4.3209 -90.3679 100.0000 stroke2
movl 0 -27.7608 425.0000 167.1313 157.8389 -6.6328 -92.0046 100.0000 stroke2
movl 0 -28.9515 426.9882 167.0471 158.5831 -9.3178 -93.7472 100.0000 stroke2
movl 0 -30.3407 428.6753 166.7470 159.4636 -12.0443 -95.4626 100.0000 stroke2
movl 0 -31.7454 430.1387 166.0992 160.3955 -14.5109 -97.4473 100.0000 stroke2
movl 0 -33.0230 430.8533 165.7671 160.9444 -15.9241 -97.8940 100.0000 stroke2
movl 0 -34.4473 430.4007 165.9119 160.9287 -16.3461 -97.3897 100.0000 stroke2
movl 0 -32.8050 428.7558 167.3245 160.3223 -14.6639 -96.9142 100.0000 stroke2
movl 0 -31.1626 427.0387 169.0300 159.8788 -12.9957 -95.9801 100.0000 stroke2
movl 0 -31.5266 427.0946 169.0875 160.0718 -13.4439 -96.0522 100.0000 stroke2
movl 0 -32.2990 426.7127 169.2467 160.4239 -13.8990 -96.4862 100.0000 stroke2
movl 0 -32.6778 425.1937 170.0435 160.2684 -12.9507 -96.0043 100.0000 stroke2
movl 0 -32.3326 420.0648 172.1492 159.5267 -9.2718 -94.8299 100.0000 stroke2
movl 0 -32.2781 418.2937 172.7350 159.3270 -8.0839 -94.3892 100.0000 stroke2
movl 0 -31.1768 415.5326 174.0508 158.6584 -6.4305 -94.2185 100.0000 stroke2
movl 0 -29.7395 410.7720 176.2611 157.8562 -3.5794 -93.8286 100.0000 stroke2
movl 0 -30.9209 408.0064 176.6351 158.2009 -1.6646 -93.1625 100.0000 stroke2
movl 0 -30.9904 406.3996 177.0778 158.2558 -0.6672 -93.0929 100.0000 stroke2
movl 0 -31.0438 406.6903 176.3774 158.1617 -0.5334 -92.7390 100.0000 stroke2
movl 0 -32.5992 410.8032 173.7251 158.4693 -3.1531 -92.2388 100.0000 stroke2
movl 0 -33.5780 413.1669 172.3004 158.5710 -5.0681 -91.9413 100.0000 stroke2
movl 0 -33.1737 414.3506 171.5234 158.1288 -5.8653 -91.6428 100.0000 stroke2
movl 0 -33.6803 414.5195 171.0144 157.7828 -6.0611 -91.0262 100.0000 stroke2
movl 0 -33.8983 414.2513 171.0508 157.5064 -5.9987 -90.6588 100.0000 stroke2
movl 0 -34.3181 413.4808 171.3475 157.2171 -5.6437 -90.2671 100.0000 stroke2
movl 0 -34.4439 412.7279 171.8401 157.0263 -5.1791 -90.2047 100.0000 stroke2
movl 0 -33.1449 410.9800 173.1735 156.4241 -4.2791 -90.6658 100.0000 stroke2
movl 0 -26.0110 400.9113 180.2730 153.4229 1.3468 -91.9602 100.0000 stroke2
movl 0 -26.9408 384.6232 202.4542 151.2403 12.7723 -91.8773 100.0000 stroke2
movl 0 -32.3458 404.2341 218.7975 150.2952 10.3607 -88.3001 100.0000 stroke3
movl 0 -32.2760 406.2554 188.0523 150.6322 10.2164 -88.4957 100.0000 stroke3
movl 0 -36.5831 409.0788 182.4720 153.1143 9.8224 -88.2216 100.0000 stroke3
movl 0 -39.2554 411.2464 177.5792 154.5858 9.8157 -88.0889 100.0000 stroke3
movl 0 -41.7221 411.3796 175.9973 156.2510 10.2956 -87.5778 100.0000 stroke3
movl 0 -40.8314 413.5778 173.4584 157.1315 11.3987 -85.5357 100.0000 stroke3
movl 0 -39.4042 414.3234 172.0549 157.2116 12.1871 -84.2488 100.0000 stroke3
movl 0 -40.4534 417.8571 170.0717 157.8451 9.1664 -86.4142 100.0000 stroke3
movl 0 -39.7260 419.8333 169.2047 158.0912 6.7146 -89.0162 100.0000 stroke3
movl 0 -39.0198 421.0599 168.8744 157.9885 5.2526 -90.5917 100.0000 stroke3
movl 0 -40.6421 421.6215 168.6990 157.7684 3.7069 -91.5724 100.0000 stroke3
movl 0 -40.8146 422.3439 168.6951 157.7606 2.6208 -92.7097 100.0000 stroke3
movl 0 -41.2392 422.8651 168.9881 157.9310 1.0910 -94.2086 100.0000 stroke3
movl 0 -41.7737 423.5072 169.2293 158.0615 -0.6717 -95.7383 100.0000 stroke3
movl 0 -42.4145 423.9838 169.7357 158.3494 -2.3990 -97.1998 100.0000 stroke3
movl 0 -42.9529 424.4968 170.1458 158.6761 -3.9301 -98.4882 100.0000 stroke3
movl 0 -43.4180 424.7553 170.5735 159.0804 -5.4837 -99.8937 100.0000 stroke3
movl 0 -44.2207 425.0959 170.8994 159.6903 -6.9482 -101.1205 100.0000 stroke3
movl 0 -45.1127 425.6569 171.1485 160.5607 -8.8078 -102.8025 100.0000 stroke3
movl 0 -46.5557 425.6669 171.3214 161.4519 -10.2355 -104.0584 100.0000 stroke3
movl 0 -47.2163 426.0696 171.4864 162.5741 -12.3044 -107.3907 100.0000 stroke3
movl 0 -48.3074 426.5635 171.4420 163.6252 -13.6927 -108.7809 100.0000 stroke3
movl 0 -49.1319 426.8356 171.3585 164.4819 -14.8977 -109.7513 100.0000 stroke3
movl 0 -50.3275 427.0281 171.0900 165.4385 -15.7991 -110.4247 100.0000 stroke3
movl 0 -51.6548 426.7877 170.9047 166.3126 -16.7495 -111.3077 100.0000 stroke3
movl 0 -52.7962 427.0749 170.6503 167.2137 -17.8660 -111.9789 100.0000 stroke3
movl 0 -53.8549 427.2057 170.4384 168.2229 -18.8072 -112.9701 100.0000 stroke3
movl 0 -54.9254 427.3289 170.1982 169.0974 -19.6056 -113.5815 100.0000 stroke3
movl 0 -56.1059 427.5675 169.8462 170.2496 -20.5781 -114.5730 100.0000 stroke3
movl 0 -57.8761 427.5177 169.4819 171.2724 -21.3113 -114.9527 100.0000 stroke3
movl 0 -59.7758 427.6637 168.9803 172.3126 -22.0972 -115.1220 100.0000 stroke3
movl 0 -61.8587 427.3763 168.7707 173.2477 -22.6001 -115.2429 100.0000 stroke3
movl 0 -64.7999 427.2307 168.2010 174.4673 -23.3438 -114.8410 100.0000 stroke3
movl 0 -67.5765 426.3726 168.0115 175.1631 -23.5204 -114.2198 100.0000 stroke3
movl 0 -69.6531 425.3727 168.0032 175.4233 -23.6492 -113.3881 100.0000 stroke3
movl 0 -69.4452 424.4849 168.7962 174.8289 -23.2723 -112.6466 100.0000 stroke3
movl 0 -65.2427 424.8382 170.4727 173.9950 -22.4627 -112.9442 100.0000 stroke3
movl 0 -65.6631 424.4345 170.3889 174.1023 -22.4687 -112.8518 100.0000 stroke3
movl 0 -67.5854 423.6059 170.3744 174.5883 -22.7302 -111.7755 100.0000 stroke3
movl 0 -64.5860 422.3698 172.3167 173.2476 -21.9990 -112.0218 100.0000 stroke3
movl 0 -65.1366 422.1340 172.0805 173.5846 -22.2410 -111.8731 100.0000 stroke3
movl 0 -64.0971 421.4467 173.1440 173.0109 -21.3822 -112.4336 100.0000 stroke3
movl 0 -53.1558 412.0572 187.3991 165.5397 -15.3683 -111.9674 100.0000 stroke3
movl 0 -17.1802 389.7595 219.1226 158.9253 18.9306 -81.0407 100.0000 stroke4
movl 0 -25.5456 385.1489 189.4815 161.4665 16.5490 -82.6198 100.0000 stroke4
movl 0 -28.9310 390.0178 184.0742 163.0569 15.3160 -81.6927 100.0000 stroke4
movl 0 -27.2856 395.8778 178.7087 163.8383 15.0507 -79.4361 100.0000 stroke4
movl 0 -26.4373 396.9330 178.1715 163.5245 15.3762 -79.2349 100.0000 stroke4
movl 0 -27.6607 398.9222 177.0358 163.8154 14.7998 -78.1848 100.0000 stroke4
movl 0 -28.7953 400.4208 175.8144 164.3732 14.1393 -78.3870 100.0000 stroke4
movl 0 -30.6018 401.1420 174.9951 165.3333 13.5850 -78.7431 100.0000 stroke4
movl 0 -31.8385 401.4624 174.8431 166.1093 12.9046 -79.3886 100.0000 stroke4
movl 0 -32.8261 401.1523 175.0861 166.7226 12.9030 -79.7139 100.0000 stroke4
movl 0 -34.1669 400.9767 175.1902 167.4891 12.9404 -80.3994 100.0000 stroke4
movl 0 -33.2766 401.6106 175.3092 167.7998 12.6879 -81.7059 100.0000 stroke4
movl 0 -31.8312 402.5657 175.6728 168.1954 12.3807 -83.4582 100.0000 stroke4
movl 0 -29.1270 404.1320 175.7393 168.3097 11.9216 -85.3222 100.0000 stroke4
movl 0 -26.2443 406.4859 175.3088 168.4213 11.2969 -87.2497 100.0000 stroke4
movl 0 -25.1531 405.2790 175.9811 167.6456 11.8725 -87.1445 100.0000 stroke4
movl 0 -23.2836 404.4204 177.0205 166.8857 12.6246 -87.2390 100.0000 stroke4
movl 0 -22.7615 404.2998 177.3869 166.7069 12.6437 -87.4026 100.0000 stroke4
movl 0 -22.9478 404.7927 177.0449 166.6634 11.7275 -87.5945 100.0000 stroke4
movl 0 -21.8877 406.0708 176.7748 166.4430 10.2305 -88.4916 100.0000 stroke4
movl 0 -19.9039 405.4294 176.3812 163.4888 11.1555 -85.9150 100.0000 stroke4
movl 0 -10.6286 396.0691 189.9316 159.4150 19.5775 -82.1759 100.0000 stroke4
movl 0 -11.3794 413.4925 201.5079 164.3947 26.3934 -60.1943 100.0000 stroke5
movl 0 -10.5760 417.0822 184.2976 165.1687 24.4277 -60.6825 100.0000 stroke5
movl 0 -11.7604 419.2216 179.7685 167.9068 24.8746 -59.0501 100.0000 stroke5
movl 0 -10.2384 423.1125 176.3575 167.4694 23.7980 -57.7123 100.0000 stroke5
movl 0 -10.4727 425.3035 174.4624 167.1598 22.4192 -58.1046 100.0000 stroke5
movl 0 -10.9351 427.1732 172.6753 167.0656 21.4904 -58.5736 100.0000 stroke5
movl 0 -12.6129 430.8894 170.6602 166.8148 17.9207 -59.4245 100.0000 stroke5
movl 0 -11.5912 432.4985 169.1821 166.0015 16.1498 -61.8232 100.0000 stroke5
movl 0 -10.0708 434.9256 167.9112 164.7066 14.4458 -64.5264 100.0000 stroke5
movl 0 -9.7641 436.4099 167.6305 163.8076 13.0715 -66.4497 100.0000 stroke5
movl 0 -10.6434 436.9826 167.3807 162.7990 12.0130 -67.7971 100.0000 stroke5
movl 0 -10.6491 437.5424 167.3671 161.8576 10.9084 -69.8950 100.0000 stroke5
movl 0 -10.9146 438.2827 167.7153 161.0546 9.2615 -71.8668 100.0000 stroke5
movl 0 -10.8432 439.1864 168.2378 160.2233 7.4020 -74.0569 100.0000 stroke5
movl 0 -10.9186 440.2847 168.8536 159.5521 5.1210 -76.2646 100.0000 stroke5
movl 0 -11.1165 441.1530 169.3081 159.0816 3.0476 -78.1923 100.0000 stroke5
movl 0 -11.3616 442.3871 169.9452 158.6462 0.3941 -80.5206 100.0000 stroke5
movl 0 -12.2249 443.7884 170.1810 158.6768 -2.4817 -83.0794 100.0000 stroke5
movl 0 -12.7795 445.2699 170.0202 158.6352 -5.1012 -85.2586 100.0000 stroke5
movl 0 -14.0121 446.4505 169.9567 159.1094 -7.3437 -87.2251 100.0000 stroke5
movl 0 -15.6321 447.1728 169.7032 159.8294 -9.3540 -88.6544 100.0000 stroke5
movl 0 -14.8639 447.3084 169.9236 159.8596 -9.8988 -89.6802 100.0000 stroke5
movl 0 -15.5327 447.4339 169.7208 160.3225 -11.0807 -90.8912 100.0000 stroke5
movl 0 -15.1998 447.5689 169.7810 160.5028 -11.5420 -91.6920 100.0000 stroke5
movl 0 -15.6036 447.4771 169.5911 160.7356 -11.5215 -91.9294 100.0000 stroke5
movl 0 -15.3852 447.1089 169.9130 160.6324 -11.7509 -92.3253 100.0000 stroke5
movl 0 -15.5895 446.7876 169.9953 160.7611 -11.7384 -92.4908 100.0000 stroke5
movl 0 -16.4330 446.3719 169.7545 160.9776 -11.7922 -92.4947 100.0000 stroke5
movl 0 -16.3670 444.7986 170.5686 161.0286 -10.7653 -92.9911 100.0000 stroke5
movl 0 -16.2902 442.9846 171.8053 161.1503 -9.8681 -93.7747 100.0000 stroke5
movl 0 -14.3281 433.6599 180.3395 159.8390 -3.7719 -92.7984 100.0000 stroke5
movl 0 -7.6571 403.0954 240.9466 155.8658 14.8269 -90.5587 100.0000 stroke5
movl 0 -17.4545 385.9628 207.0295 156.2854 14.0559 -92.6693 100.0000 stroke6
movl 0 -20.0392 390.8002 187.8717 158.2065 10.9402 -93.3083 100.0000 stroke6
movl 0 -23.4777 393.2949 183.6844 160.2713 10.3824 -90.7971 100.0000 stroke6
movl 0 -22.8644 397.0924 178.7144 160.3372 10.3118 -85.6555 100.0000 stroke6
movl 0 -23.6856 399.1801 177.3324 160.7856 10.4875 -83.5104 100.0000 stroke6
movl 0 -23.0006 400.0281 176.9454 160.7619 10.5029 -83.0025 100.0000 stroke6
movl 0 -24.0539 401.1113 176.2153 161.1422 10.3839 -82.1992 100.0000 stroke6
movl 0 -25.7203 402.5917 175.3787 162.2210 9.5782 -82.5707 100.0000 stroke6
movl 0 -26.5471 402.9059 175.1597 162.8401 9.1422 -82.9670 100.0000 stroke6
movl 0 -27.1860 402.5181 175.4767 163.2642 9.2221 -83.2993 100.0000 stroke6
movl 0 -27.8379 402.3166 175.7073 163.7117 9.2282 -83.9138 100.0000 stroke6
movl 0 -26.7682 402.7954 175.8066 164.0022 9.0470 -84.8338 100.0000 stroke6
movl 0 -24.5568 403.5592 175.9446 164.1543 8.7417 -86.1212 100.0000 stroke6
movl 0 -22.2797 404.6606 175.7575 164.4081 8.3954 -87.3724 100.0000 stroke6
movl 0 -20.0427 406.0821 175.4758 164.7573 7.9504 -88.8798 100.0000 stroke6
movl 0 -18.2517 407.3169 174.9768 165.0755 7.4353 -90.1374 100.0000 stroke6
movl 0 -17.9441 406.1724 175.7576 164.7231 7.9641 -89.9768 100.0000 stroke6
movl 0 -16.7298 404.9132 176.8113 164.2547 8.6560 -90.0214 100.0000 stroke6
movl 0 -16.7299 404.8334 176.9038 164.3009 8.4462 -89.9777 100.0000 stroke6
movl 0 -16.1410 405.3140 176.6831 164.1625 7.6848 -89.6114 100.0000 stroke6
movl 0 -16.7019 405.6172 176.2248 164.1473 7.5752 -89.2003 100.0000 stroke6
movl 0 -16.7859 404.6641 176.4642 163.3639 8.2788 -87.7491 100.0000 stroke6
movl 0 -17.1813 391.3530 199.1330 161.4187 17.6078 -78.6284 100.0000 stroke6
movl 0 -21.3949 386.9937 203.3567 163.2006 18.1405 -65.5715 100.0000 stroke7
movl 0 -24.0234 383.2111 184.5414 165.3036 18.6613 -67.0546 100.0000 stroke7
movl 0 -28.7258 381.3049 180.9606 166.8255 18.3649 -67.4975 100.0000 stroke7
movl 0 -29.5400 382.7372 177.9066 166.4310 17.8424 -67.7096 100.0000 stroke7
movl 0 -29.5537 384.2625 176.4237 166.4994 17.3825 -68.2312 100.0000 stroke7
movl 0 -28.6539 384.9800 175.4201 165.5667 17.1239 -68.6848 100.0000 stroke7
movl 0 -30.1822 386.2668 174.5414 165.8869 15.8055 -69.2957 100.0000 stroke7
movl 0 -31.4609 386.6975 174.4757 166.4044 13.9694 -70.4344 100.0000 stroke7
movl 0 -33.4782 386.1757 174.5976 167.0587 13.8705 -70.7785 100.0000 stroke7
movl 0 -34.7112 385.9699 174.7360 167.8147 13.9134 -71.2533 100.0000 stroke7
movl 0 -33.9848 386.7209 174.6969 168.4254 13.5001 -72.5080 100.0000 stroke7
movl 0 -31.1234 387.6640 174.9753 168.4206 13.0908 -74.0209 100.0000 stroke7
movl 0 -27.4368 388.9152 175.1493 168.4702 12.6000 -75.6850 100.0000 stroke7
movl 0 -25.1928 390.0767 175.4038 169.0871 12.3018 -77.8939 100.0000 stroke7
movl 0 -23.6921 391.6291 175.1661 170.0803 11.5986 -80.0249 100.0000 stroke7
movl 0 -22.3230 393.0996 175.1922 171.1250 10.9773 -82.4873 100.0000 stroke7
movl 0 -23.3301 393.6274 175.1687 173.1314 10.6727 -84.9343 100.0000 stroke7
movl 0 -24.0025 393.9359 175.1455 174.3357 10.4752 -86.9358 100.0000 stroke7
movl 0 -23.8598 394.7479 174.6921 174.9777 10.1727 -88.3148 100.0000 stroke7
movl 0 -23.9047 391.5172 176.2009 174.4644 11.5595 -87.2936 100.0000 stroke7
movl 0 -21.2203 390.3599 177.2977 173.3516 12.2485 -87.0295 100.0000 stroke7
movl 0 -20.5185 389.7899 177.8982 173.0431 12.4373 -87.2563 100.0000 stroke7
movl 0 -20.6918 390.6913 177.7129 173.0253 11.3841 -87.8470 100.0000 stroke7
movl 0 -20.3301 391.3560 177.7155 173.0523 10.6417 -88.5761 100.0000 stroke7
movl 0 -19.5513 391.2174 177.9848 173.0031 10.3806 -89.0055 100.0000 stroke7
movl 0 -18.6612 390.8166 178.4722 172.9215 10.2528 -89.3156 100.0000 stroke7
movl 0 -17.4570 389.5635 179.2695 172.7357 10.4384 -89.3341 100.0000 stroke7
movl 0 -16.6780 389.1188 179.3551 172.3859 10.5945 -88.8916 100.0000 stroke7
movl 0 -15.5907 388.0631 179.7116 170.7000 11.2294 -87.1837 100.0000 stroke7
movl 0 -14.8628 375.4600 194.5897 166.6217 18.6968 -79.1586 100.0000 stroke7
movl 0 -13.9982 371.6790 202.1872 177.9626 35.1210 -29.5290 100.0000 stroke8
movl 0 -11.8904 370.4003 182.5014 172.2951 30.8326 -40.7433 100.0000 stroke8
movl 0 -15.6699 370.0697 180.9992 171.0499 25.3235 -48.3011 100.0000 stroke8
movl 0 -16.4034 370.8584 179.1381 171.0732 23.8998 -49.9010 100.0000 stroke8
movl 0 -18.2045 371.8864 177.9997 172.8258 23.1220 -48.8552 100.0000 stroke8
movl 0 -17.7083 374.6364 176.3158 173.8314 22.5721 -47.5046 100.0000 stroke8
movl 0 -18.3894 375.4527 175.3686 173.2140 22.8726 -47.8333 100.0000 stroke8
movl 0 -20.2739 377.4609 174.3078 173.0745 21.8934 -47.3729 100.0000 stroke8
movl 0 -21.3514 380.4879 173.0554 171.7571 19.6955 -49.7548 100.0000 stroke8
movl 0 -20.2433 382.2128 172.3379 170.3194 18.4791 -51.9612 100.0000 stroke8
movl 0 -20.1192 382.9071 172.3862 168.7410 17.1441 -54.3045 100.0000 stroke8
movl 0 -20.2539 383.4058 172.6847 167.3451 15.6915 -56.7099 100.0000 stroke8
movl 0 -20.4900 383.7341 172.9776 166.1417 14.4720 -58.9670 100.0000 stroke8
movl 0 -20.6243 384.5711 173.1259 164.9843 12.8082 -61.0238 100.0000 stroke8
movl 0 -20.9366 385.7384 173.3651 163.7164 10.2755 -63.5690 100.0000 stroke8
movl 0 -21.5686 386.7164 173.4328 162.6975 8.1488 -65.9614 100.0000 stroke8
movl 0 -22.2885 387.6501 173.4382 161.8221 6.0797 -68.0106 100.0000 stroke8
movl 0 -23.0788 388.2422 173.2660 161.2504 4.4398 -69.4453 100.0000 stroke8
movl 0 -21.9290 386.4148 174.3999 161.3777 5.4546 -70.4957 100.0000 stroke8
movl 0 -22.0037 386.1803 174.4575 161.2550 4.8810 -70.7110 100.0000 stroke8
movl 0 -23.0061 385.7884 174.5961 161.4800 4.7891 -70.9140 100.0000 stroke8
movl 0 -22.9212 383.0773 175.7701 162.3462 6.6302 -71.2239 100.0000 stroke8
movl 0 -26.1768 361.2463 195.9196 168.9668 21.2151 -66.5552 100.0000 stroke8
movl 0 -2.2477 359.8953 240.1521 -155.8337 34.4685 -6.3883 100.0000 stroke9
movl 0 -6.6386 368.5263 195.2170 178.4323 30.7010 -35.3129 100.0000 stroke9
movl 0 -17.2955 372.1187 183.8590 174.3769 25.0835 -43.5344 100.0000 stroke9
movl 0 -24.3956 368.9138 182.2063 177.1681 23.5294 -43.7333 100.0000 stroke9
movl 0 -25.7930 369.3030 180.9154 178.0129 22.5881 -43.5007 100.0000 stroke9
movl 0 -25.8233 371.5064 180.2491 177.4713 21.1972 -44.2601 100.0000 stroke9
movl 0 -28.1321 372.9843 178.6033 177.7546 20.6852 -43.4359 100.0000 stroke9
movl 0 -28.0418 373.9964 178.1563 177.8006 20.5477 -42.9929 100.0000 stroke9
movl 0 -29.0499 374.5608 177.7521 177.6764 20.1040 -42.5945 100.0000 stroke9
movl 0 -30.5300 375.7373 177.2666 178.2721 18.5589 -43.4129 100.0000 stroke9
movl 0 -31.6018 375.4059 177.2918 178.5121 18.1154 -43.7276 100.0000 stroke9
movl 0 -30.1343 376.5144 177.0748 178.3262 17.8249 -44.9213 100.0000 stroke9
movl 0 -24.9553 378.9154 176.9343 177.5523 17.4554 -47.6541 100.0000 stroke9
movl 0 -22.3711 380.0222 176.8232 177.0277 17.3626 -49.1054 100.0000 stroke9
movl 0 -19.1993 380.3566 177.6293 175.9085 18.3375 -50.0787 100.0000 stroke9
movl 0 -15.4640 384.2584 175.8016 173.3074 17.2227 -51.8232 100.0000 stroke9
movl 0 -10.1102 389.1690 174.2319 170.1631 15.5349 -55.1781 100.0000 stroke9
movl 0 -5.0006 393.4734 172.4103 167.6580 14.1033 -57.6620 100.0000 stroke9
movl 0 -4.0761 396.7347 170.8753 165.0927 13.3935 -57.7206 100.0000 stroke9
movl 0 -2.6553 397.9143 170.3721 164.0837 12.8516 -58.3255 100.0000 stroke9
movl 0 -3.2981 398.5219 170.2778 163.7080 11.8610 -58.8709 100.0000 stroke9
movl 0 -3.8404 398.9619 170.4736 163.0991 10.6997 -59.6841 100.0000 stroke9
movl 0 -4.4368 399.8999 170.7043 162.4338 9.1546 -60.8859 100.0000 stroke9
movl 0 -5.3124 401.0867 170.8709 161.6464 7.1746 -62.4898 100.0000 stroke9
movl 0 -6.0316 402.4775 170.7487 160.8471 4.5771 -64.6281 100.0000 stroke9
movl 0 -6.8690 403.8563 170.5213 160.1775 2.2218 -66.9039 100.0000 stroke9
movl 0 -8.2347 404.5558 170.4735 160.1295 0.3858 -69.0494 100.0000 stroke9
movl 0 -9.1833 405.1046 170.2921 160.0604 -1.1034 -70.6070 100.0000 stroke9
movl 0 -9.9773 405.0705 170.1260 160.1120 -2.0290 -71.2905 100.0000 stroke9
movl 0 -11.2209 405.3600 169.8875 159.9855 -3.3486 -71.7229 100.0000 stroke9
movl 0 -10.9282 404.3496 170.7258 159.8666 -3.1339 -71.9263 100.0000 stroke9
movl 0 -8.2708 401.1725 173.0686 160.5555 -0.7579 -72.1452 100.0000 stroke9
movl 0 -8.5783 401.1039 173.0028 160.7200 -1.0142 -72.4018 100.0000 stroke9
movl 0 -9.3662 401.2164 172.8624 160.4724 -2.1761 -72.3954 100.0000 stroke9
movl 0 -7.1227 398.0403 174.9187 160.5735 -0.1016 -72.8110 100.0000 stroke9
movl 0 -8.3069 398.9343 174.1918 160.5354 -1.3249 -72.5058 100.0000 stroke9
movl 0 -9.0934 398.1070 174.6541 160.9008 -0.7068 -72.4946 100.0000 stroke9
movl 0 -8.7317 392.9361 177.4386 161.7360 3.3481 -71.0309 100.0000 stroke9
movl 0 -12.1291 361.3847 215.0296 170.3764 24.8094 -60.9329 100.0000 stroke9
movl 0 -15.8920 355.0428 240.5879 178.0925 31.3217 -40.4422 100.0000 stroke10
movl 0 -18.1192 357.9495 190.0337 177.0754 26.2494 -43.1306 100.0000 stroke10
movl 0 -23.4164 358.3930 185.6117 177.4230 24.2711 -42.9665 100.0000 stroke10
movl 0 -26.4626 362.7202 180.4503 176.9274 21.8447 -42.9360 100.0000 stroke10
movl 0 -27.6221 366.0205 178.6434 177.0359 21.0817 -42.9223 100.0000 stroke10
movl 0 -27.4833 367.5711 177.7700 176.6454 21.0001 -42.6589 100.0000 stroke10
movl 0 -27.7061 368.8175 177.2753 176.7577 20.3094 -41.0667 100.0000 stroke10
movl 0 -28.2458 370.4313 176.3082 176.3956 19.1760 -41.9689 100.0000 stroke10
movl 0 -28.7385 371.2225 176.0211 176.2193 18.3564 -42.8057 100.0000 stroke10
movl 0 -29.0669 371.3173 176.1571 176.3502 18.2172 -43.2032 100.0000 stroke10
movl 0 -27.7464 371.8876 176.1292 176.2935 17.9829 -44.0152 100.0000 stroke10
movl 0 -25.6396 373.1298 175.9868 176.0463 17.5974 -45.4020 100.0000 stroke10
movl 0 -23.0657 374.5442 175.5423 175.5993 17.1639 -46.9212 100.0000 stroke10
movl 0 -22.3685 373.9065 175.9765 175.5485 17.5509 -47.0507 100.0000 stroke10
movl 0 -20.9416 372.9837 176.5195 175.4427 18.1706 -47.1335 100.0000 stroke10
movl 0 -20.7885 372.9548 176.5575 175.3689 18.0628 -47.2236 100.0000 stroke10
movl 0 -21.6723 373.5641 176.7367 175.2838 17.5256 -47.6075 100.0000 stroke10
movl 0 -21.8316 373.4334 176.8795 174.8556 17.6913 -47.5229 100.0000 stroke10
movl 0 -19.9080 367.1868 182.8103 174.8074 21.4560 -45.9368 100.0000 stroke10
movl 0 -19.5080 346.6963 247.4726 176.2663 30.9370 -44.3942 100.0000 stroke10
movl 0 -8.0348 365.9064 190.3421 167.9880 22.9828 -49.6390 100.0000 stroke11
movl 0 -12.6002 364.8215 180.4974 169.5972 21.3536 -48.9555 100.0000 stroke11
movl 0 -14.4516 365.8540 178.2283 169.7456 20.9165 -48.9429 100.0000 stroke11
movl 0 -15.8434 366.4526 176.8812 169.5385 20.5484 -48.9778 100.0000 stroke11
movl 0 -18.5440 368.4831 175.8992 170.1118 19.8990 -48.9260 100.0000 stroke11
movl 0 -19.3655 369.7099 174.8696 170.3733 18.7390 -49.3457 100.0000 stroke11
movl 0 -21.1484 369.8202 174.6962 170.9505 17.9388 -49.7777 100.0000 stroke11
movl 0 -22.2245 369.9514 174.6771 171.2613 17.6618 -49.9942 100.0000 stroke11
movl 0 -21.2213 370.7028 174.4543 171.2156 17.3076 -50.7664 100.0000 stroke11
movl 0 -18.8411 371.4051 174.3826 171.1565 16.9360 -51.9864 100.0000 stroke11
movl 0 -15.2826 372.7646 173.9616 170.7405 16.4397 -53.9833 100.0000 stroke11
movl 0 -14.9593 372.4803 174.2985 170.6886 16.6059 -54.0854 100.0000 stroke11
movl 0 -12.8869 370.8455 175.0094 170.3764 17.5521 -53.9772 100.0000 stroke11
movl 0 -13.3854 371.1889 174.7131 170.3226 16.5205 -54.2912 100.0000 stroke11
movl 0 -13.3624 370.6407 175.0382 169.8764 16.9361 -53.7301 100.0000 stroke11
movl 0 -13.6392 356.8370 210.9208 171.1078 26.7769 -47.9306 100.0000 stroke11
movl 0 -12.6316 364.1539 202.3432 165.5539 23.9480 -45.6818 100.0000 stroke12
movl 0 -14.2240 358.9925 179.5162 166.9768 21.5926 -46.8423 100.0000 stroke12
movl 0 -19.1528 358.5529 178.3810 169.3524 20.8055 -46.3942 100.0000 stroke12
movl 0 -20.4640 361.6015 176.8369 168.4011 20.6935 -46.8242 100.0000 stroke12
movl 0 -24.1279 363.8159 175.0205 168.4926 19.6239 -46.6930 100.0000 stroke12
movl 0 -25.2584 364.8863 174.0694 169.0699 17.7065 -48.0442 100.0000 stroke12
movl 0 -26.0480 365.2635 173.5471 169.1676 16.6226 -48.9087 100.0000 stroke12
movl 0 -27.5448 365.0500 173.7919 169.5563 16.4006 -49.0793 100.0000 stroke12
movl 0 -26.0553 365.6405 173.6913 169.4535 16.2301 -49.8695 100.0000 stroke12
movl 0 -23.0239 366.1387 174.0123 169.3473 16.1461 -51.1243 100.0000 stroke12
movl 0 -18.3747 367.0680 174.2650 169.0155 15.8690 -53.0440 100.0000 stroke12
movl 0 -12.8941 368.8908 174.0697 168.6788 15.1880 -55.3219 100.0000 stroke12
movl 0 -8.2582 371.6335 173.3324 168.1573 14.4780 -57.5763 100.0000 stroke12
movl 0 -8.7247 369.9920 174.1967 168.2588 15.1206 -57.3368 100.0000 stroke12
movl 0 -9.0115 370.5687 173.8604 168.2778 14.6700 -57.5536 100.0000 stroke12
movl 0 -10.9051 369.9289 173.9755 168.0128 14.6765 -56.6588 100.0000 stroke12
movl 0 -11.2974 362.0381 186.8421 165.5516 19.5720 -53.6135 100.0000 stroke12
movl 0 -13.5695 368.8361 227.8842 163.3079 21.2405 -48.0267 100.0000 stroke13
movl 0 -11.7716 364.9899 188.7627 164.6837 19.1861 -51.1514 100.0000 stroke13
movl 0 -9.3487 362.5926 182.7416 165.3266 18.5364 -52.0737 100.0000 stroke13
movl 0 -9.8231 365.3982 178.9650 164.8171 17.6385 -52.5586 100.0000 stroke13
movl 0 -9.9952 366.8028 177.2886 164.3997 17.4530 -52.4269 100.0000 stroke13
movl 0 -10.9464 367.8132 176.1516 164.4039 17.3725 -52.0782 100.0000 stroke13
movl 0 -13.6678 369.9865 174.4735 164.9242 15.9679 -51.6440 100.0000 stroke13
movl 0 -14.2388 373.3528 172.9152 164.0021 14.0863 -52.6607 100.0000 stroke13
movl 0 -11.4696 377.6703 170.7249 162.2544 12.6466 -54.2787 100.0000 stroke13
movl 0 -8.7214 381.4111 169.0037 160.4113 12.0167 -54.7586 100.0000 stroke13
movl 0 -8.9591 382.1029 168.4931 159.4475 11.6757 -54.6919 100.0000 stroke13
movl 0 -10.1456 381.8391 168.5031 159.1892 11.4238 -54.6017 100.0000 stroke13
movl 0 -11.5092 380.9912 168.8364 158.9859 11.1846 -54.3694 100.0000 stroke13
movl 0 -12.7067 380.0671 169.3226 158.8054 11.1288 -54.1914 100.0000 stroke13
movl 0 -14.1732 378.8917 169.9315 158.6822 11.3938 -53.5994 100.0000 stroke13
movl 0 -14.6741 378.0760 170.5037 158.5033 11.6538 -53.5530 100.0000 stroke13
movl 0 -13.7186 376.1241 172.4738 158.0700 12.5932 -54.3602 100.0000 stroke13
movl 0 -11.2321 362.3443 198.9953 157.9140 19.8551 -60.3550 100.0000 stroke13
movl 0 0.7046 378.8571 228.2424 156.0037 14.5916 -62.1169 100.0000 stroke14
movl 0 7.3373 382.4541 184.0813 153.8471 7.0136 -70.1735 100.0000 stroke14
movl 0 2.2595 382.5350 181.3983 156.4793 5.2669 -73.5902 100.0000 stroke14
movl 0 2.9475 386.6970 177.1736 156.0584 3.6720 -74.8297 100.0000 stroke14
movl 0 0.0473 388.6730 175.8951 155.9587 3.1060 -75.0280 100.0000 stroke14
movl 0 -1.8938 390.4997 174.8121 156.8817 1.6585 -76.3266 100.0000 stroke14
movl 0 -5.2082 392.7897 174.1199 158.9801 -1.5828 -80.0962 100.0000 stroke14
movl 0 -7.7919 395.5511 173.5067 161.0010 -4.8719 -84.9260 100.0000 stroke14
movl 0 -9.4629 399.1310 172.1727 163.1653 -8.0369 -90.2853 100.0000 stroke14
movl 0 -10.0648 402.4519 170.7725 165.3089 -10.9017 -95.7362 100.0000 stroke14
movl 0 -9.8148 405.5320 169.5764 167.4807 -13.0752 -100.1879 100.0000 stroke14
movl 0 -8.7676 407.2444 169.4027 168.4159 -13.9407 -103.2090 100.0000 stroke14
movl 0 -9.9428 407.3471 169.5702 168.9223 -13.9576 -103.2456 100.0000 stroke14
movl 0 -11.4476 407.0576 169.6013 169.3334 -15.0068 -102.1244 100.0000 stroke14
movl 0 -11.3875 404.4222 171.5078 168.7112 -13.5004 -101.2367 100.0000 stroke14
movl 0 -10.5158 402.2034 172.9774 168.3387 -11.7861 -100.8144 100.0000 stroke14
movl 0 -11.1799 402.5018 172.7367 169.1482 -13.2437 -100.6387 100.0000 stroke14
movl 0 -11.1299 400.2229 173.8189 168.6998 -12.4754 -100.0518 100.0000 stroke14
movl 0 -9.3980 399.6467 174.4697 168.1701 -12.1143 -99.6704 100.0000 stroke14
movl 0 -8.8829 398.0108 175.4565 168.0218 -11.6736 -99.4788 100.0000 stroke14
movl 0 -8.5391 397.4550 175.6907 167.9918 -11.8138 -99.2355 100.0000 stroke14
movl 0 -8.3520 396.4940 176.0069 167.8457 -11.5160 -99.0720 100.0000 stroke14
movl 0 -9.0554 396.2479 175.8685 167.8788 -11.4063 -98.8554 100.0000 stroke14
movl 0 -7.4434 395.1741 176.3916 167.0614 -10.7284 -98.4315 100.0000 stroke14
movl 0 -8.3028 395.1049 176.1262 167.2607 -11.0308 -98.1585 100.0000 stroke14
movl 0 -8.5844 394.7996 176.0946 167.0850 -10.7820 -98.0730 100.0000 stroke14
movl 0 -8.3562 394.1038 176.5178 166.7244 -10.3340 -97.9365 100.0000 stroke14
movl 0 -8.6666 389.9044 181.7537 165.1217 -7.2799 -96.4889 100.0000 stroke14
