movl 0 -31.0540 389.6438 186.4177 -140.7248 -3.2387 62.9996 100.0000 stroke1
movl 0 -34.9380 381.6600 172.6993 -145.5336 0.4272 59.0241 100.0000 stroke1
movl 0 -35.8089 382.5565 167.5316 -146.1213 2.5423 56.9943 100.0000 stroke1
movl 0 -34.4133 381.4346 167.3735 -145.3317 2.7863 57.0409 100.0000 stroke1
movl 0 -31.9868 382.4723 166.4892 -144.9003 3.3385 57.2917 100.0000 stroke1
movl 0 -30.5970 382.9076 166.3374 -145.0399 3.5247 57.4632 100.0000 stroke1
movl 0 -29.6598 382.5634 167.4182 -145.2650 3.4260 57.5115 100.0000 stroke1
movl 0 -30.2546 384.9844 170.1527 -146.7175 2.2908 60.5010 100.0000 stroke1
movl 0 -28.4753 396.6973 177.0489 -146.5739 1.3073 70.8469 100.0000 stroke1
movl 0 -38.6813 390.8890 177.3641 -146.5304 -3.6484 73.4118 100.0000 stroke1
movl 0 -47.1430 385.1968 175.4228 -150.6584 -3.6460 67.3830 100.0000 stroke1
movl 0 -47.9846 385.8322 174.9508 -152.4515 -1.8005 64.6573 100.0000 stroke1
movl 0 -52.8146 384.2977 174.8615 -152.8468 -1.8134 64.4206 100.0000 stroke1
movl 0 -57.1777 384.4213 173.4955 -153.4422 -2.0054 65.4265 100.0000 stroke1
movl 0 -58.0624 385.4417 172.8650 -154.0954 -1.7019 66.0505 100.0000 stroke1
movl 0 -60.0407 386.5470 172.7673 -155.3789 -1.2229 65.4361 100.0000 stroke1
movl 0 -63.9407 386.3887 172.8332 -157.1627 -1.5568 64.6287 100.0000 stroke1
movl 0 -66.0050 386.8097 172.7775 -158.3300 -1.6859 64.1241 100.0000 stroke1
movl 0 -67.3318 387.2462 172.9838 -159.5219 -1.4897 63.4984 100.0000 stroke1
movl 0 -69.8853 386.0896 173.2720 -160.0469 -2.2591 63.3276 100.0000 stroke1
movl 0 -71.7578 385.5767 173.2965 -160.5496 -2.8679 62.6915 100.0000 stroke1
movl 0 -71.0523 385.9677 173.2784 -160.6359 -2.8965 61.7428 100.0000 stroke1
movl 0 -68.9802 386.4626 173.4968 -160.5693 -2.8619 60.5611 100.0000 stroke1
movl 0 -65.6498 387.3578 173.7086 -160.3555 -2.6278 59.3304 100.0000 stroke1
movl 0 -61.9322 388.5620 173.9711 -160.2497 -2.4037 57.8453 100.0000 stroke1
movl 0 -58.6507 389.4838 174.0092 -159.9296 -2.1785 56.9424 100.0000 stroke1
movl 0 -57.0811 387.4506 174.5892 -158.6278 -2.3600 57.4507 100.0000 stroke1
movl 0 -55.5118 387.9973 174.4601 -158.3524 -2.1119 57.4510 100.0000 stroke1
movl 0 -55.5118 388.6687 174.4265 -158.8997 -1.6496 57.4661 100.0000 stroke1
movl 0 -54.8600 389.4205 174.0401 -159.0786 -1.1589 57.5902 100.0000 stroke1
movl 0 -53.7333 389.1614 173.8422 -157.6607 -0.3141 60.0001 100.0000 stroke1
movl 0 -44.6218 385.4916 180.3087 -152.0203 -0.8268 62.5310 100.0000 stroke1
movl 0 -41.1964 373.9837 242.5912 -144.3717 -10.0783 70.4765 100.0000 stroke1
movl 0 -26.4186 385.1431 214.1185 -145.4275 -15.6816 80.7751 100.0000 stroke2
movl 0 -34.0905 379.5201 173.2326 -148.5209 -17.7372 81.6219 100.0000 stroke2
movl 0 -41.5646 378.2153 170.7229 -151.9261 -19.5825 82.5842 100.0000 stroke2
movl 0 -42.2386 381.6034 167.4105 -153.1742 -18.9536 81.7283 100.0000 stroke2
movl 0 -42.7468 384.3772 165.9303 -153.1582 -18.5715 81.1871 100.0000 stroke2
movl 0 -45.0321 387.4260 164.7695 -153.8003 -17.1234 80.3452 100.0000 stroke2
movl 0 -46.7608 391.4071 164.4485 -154.5956 -13.5704 77.8918 100.0000 stroke2
movl 0 -44.9872 395.1548 164.1997 -154.6639 -9.5600 74.3890 100.0000 stroke2
movl 0 -43.6599 397.9151 163.7533 -153.8994 -6.3557 72.3461 100.0000 stroke2
movl 0 -42.8462 398.8688 163.9623 -153.6375 -4.0380 70.3535 100.0000 stroke2
movl 0 -42.7599 399.1871 164.6443 -153.7759 -2.1363 68.8185 100.0000 stroke2
movl 0 -42.3378 399.7878 165.2357 -154.0552 -0.0036 67.2921 100.0000 stroke2
movl 0 -42.5166 400.2875 165.9359 -154.6606 1.6643 66.2943 100.0000 stroke2
movl 0 -42.4946 400.6518 166.4844 -155.1426 3.2466 65.3590 100.0000 stroke2
movl 0 -42.7658 400.7734 166.9180 -155.7057 4.6294 64.3619 100.0000 stroke2
movl 0 -42.8777 400.9766 167.4460 -156.3476 6.1545 63.3526 100.0000 stroke2
movl 0 -43.3185 400.9284 167.7189 -156.9172 7.0545 62.8877 100.0000 stroke2
movl 0 -43.5321 401.1179 168.1465 -157.4497 8.2321 62.1338 100.0000 stroke2
movl 0 -43.8147 401.2238 168.6260 -158.1189 9.4043 61.2480 100.0000 stroke2
movl 0 -44.4180 401.5413 168.9317 -158.7465 10.3017 60.6147 100.0000 stroke2
movl 0 -44.6423 401.7257 169.2692 -159.4262 11.3655 59.8083 100.0000 stroke2
movl 0 -45.1187 402.4309 169.5937 -160.6646 13.0189 58.3614 100.0000 stroke2
movl 0 -45.9573 403.4580 169.8297 -162.4890 14.8552 56.5971 100.0000 stroke2
movl 0 -47.1253 404.6631 169.9291 -164.5796 16.5643 54.6447 100.0000 stroke2
movl 0 -48.1414 405.9453 169.7849 -166.6038 18.1282 52.7990 100.0000 stroke2
movl 0 -49.0899 407.1124 169.5893 -168.5563 19.5552 51.1918 100.0000 stroke2
movl 0 -50.2070 408.3389 169.1980 -170.4038 20.6729 50.0260 100.0000 stroke2
movl 0 -51.7119 409.2080 168.7938 -171.8947 21.5970 49.6603 100.0000 stroke2
movl 0 -53.1360 408.0237 169.0594 -172.1494 21.6672 50.3733 100.0000 stroke2
movl 0 -48.2048 405.2099 170.2991 -168.9223 20.5491 52.2340 100.0000 stroke2
movl 0 -46.7992 404.4265 170.5879 -168.2846 20.2356 52.7529 100.0000 stroke2
movl 0 -47.3399 404.6400 170.5491 -168.9195 20.6286 52.9725 100.0000 stroke2
movl 0 -47.7753 403.7174 170.7982 -168.7520 20.2218 53.2360 100.0000 stroke2
movl 0 -43.1097 394.2668 173.9020 -163.2260 16.6808 55.9878 100.0000 stroke2
movl 0 -42.6901 383.0590 175.7868 -159.5927 11.4940 57.4474 100.0000 stroke2
movl 0 -44.3339 383.7199 174.9660 -160.0664 11.3925 57.5884 100.0000 stroke2
movl 0 -47.0011 387.2097 173.3260 -161.9338 12.9798 58.2514 100.0000 stroke2
movl 0 -50.0329 388.8466 172.3463 -163.0298 13.8800 59.6450 100.0000 stroke2
movl 0 -50.5952 388.9090 172.0460 -162.7842 14.0187 60.7706 100.0000 stroke2
movl 0 -51.0297 388.1819 172.2393 -162.2837 13.7169 61.7465 100.0000 stroke2
movl 0 -51.1351 387.2015 172.5602 -161.5761 13.2997 62.4255 100.0000 stroke2
movl 0 -49.6914 386.6014 172.9488 -160.6115 13.0579 62.7984 100.0000 stroke2
movl 0 -38.2381 377.3633 179.3475 -153.1913 8.8254 65.1470 100.0000 stroke2
movl 0 -31.2574 357.5125 210.2672 -140.4042 -7.7415 71.2307 100.0000 stroke2
movl 0 -28.5143 397.0640 218.5109 -144.8472 -17.5514 92.5301 100.0000 stroke3
movl 0 -30.6342 395.3576 179.4029 -144.6126 -13.6358 90.2671 100.0000 stroke3
movl 0 -36.7886 391.7771 173.9349 -147.7973 -14.9986 91.0162 100.0000 stroke3
movl 0 -39.6785 392.1661 174.3426 -150.0539 -11.9526 89.1014 100.0000 stroke3
movl 0 -41.6195 397.1943 176.4696 -151.9709 -3.1839 82.4091 100.0000 stroke3
movl 0 -48.8768 394.4605 177.9146 -154.1565 0.3210 79.1055 100.0000 stroke3
movl 0 -54.2688 394.7092 177.0193 -155.3811 2.3366 79.6052 100.0000 stroke3
movl 0 -57.0645 395.7373 176.0606 -156.3614 4.1994 80.7810 100.0000 stroke3
movl 0 -60.8713 397.3308 174.8463 -157.7244 5.1456 81.4323 100.0000 stroke3
movl 0 -66.0237 397.3012 174.9185 -160.2837 5.2342 80.3858 100.0000 stroke3
movl 0 -68.2439 397.8314 174.9901 -161.7667 5.7746 79.2537 100.0000 stroke3
movl 0 -69.2060 397.4711 175.1658 -162.3719 5.6040 78.8416 100.0000 stroke3
movl 0 -69.9738 396.6944 175.4911 -162.7440 4.8860 78.4839 100.0000 stroke3
movl 0 -68.5731 397.5945 175.5742 -162.8352 4.7184 77.5555 100.0000 stroke3
movl 0 -66.2018 398.9130 175.7457 -162.7524 4.7546 76.5895 100.0000 stroke3
movl 0 -62.7496 400.3881 176.0101 -162.5067 4.7171 75.4922 100.0000 stroke3
movl 0 -59.0688 401.7136 176.2879 -162.1595 4.7003 74.4830 100.0000 stroke3
movl 0 -55.6824 402.9642 176.4953 -161.8781 4.6535 73.6011 100.0000 stroke3
movl 0 -43.8468 402.5202 180.6468 -159.3549 3.5585 71.5385 100.0000 stroke3
movl 0 -22.6620 395.3335 205.1740 -152.7687 -0.6910 69.7832 100.0000 stroke3
movl 0 -20.8101 397.8278 194.6976 -153.1317 -19.5610 93.1603 100.0000 stroke4
movl 0 -30.2205 396.1445 178.7810 -156.8635 -17.3990 92.1126 100.0000 stroke4
movl 0 -33.1379 396.3687 176.2909 -158.3829 -16.3319 91.3958 100.0000 stroke4
movl 0 -33.7633 397.9584 175.3575 -158.2206 -14.9592 90.5411 100.0000 stroke4
movl 0 -35.7066 400.9089 174.2806 -158.6194 -12.8949 88.9859 100.0000 stroke4
movl 0 -38.8021 405.1451 173.8437 -159.6804 -9.1937 87.1401 100.0000 stroke4
movl 0 -40.1283 408.3729 173.9244 -160.2409 -6.1161 85.3786 100.0000 stroke4
movl 0 -40.8273 409.9404 174.1742 -160.5927 -4.0782 83.7676 100.0000 stroke4
movl 0 -41.2332 411.0191 174.4387 -160.9609 -2.4899 82.4736 100.0000 stroke4
movl 0 -41.2334 411.3209 174.8110 -161.0357 -1.5098 81.4574 100.0000 stroke4
movl 0 -39.9145 410.0532 175.0885 -160.5179 -2.3220 81.2860 100.0000 stroke4
movl 0 -41.6349 410.9202 175.2590 -161.3992 -1.1932 81.2098 100.0000 stroke4
movl 0 -42.2954 407.1187 175.6094 -160.9149 -3.8124 81.5281 100.0000 stroke4
movl 0 -38.0422 400.8945 178.4141 -158.4852 -9.3581 82.9052 100.0000 stroke4
movl 0 -15.5186 380.4020 233.5845 -149.5685 -28.8633 88.8545 100.0000 stroke4
movl 0 -5.9063 394.4103 193.9721 -157.5215 -27.5810 109.1866 100.0000 stroke5
movl 0 -17.9801 392.4950 179.8184 -160.7859 -23.8136 108.9097 100.0000 stroke5
movl 0 -23.9650 393.1031 177.9211 -163.0941 -22.2901 109.2376 100.0000 stroke5
movl 0 -30.8485 393.9969 176.1046 -164.7413 -21.4706 110.8304 100.0000 stroke5
movl 0 -33.9195 395.7608 174.7884 -165.5998 -21.1863 112.0087 100.0000 stroke5
movl 0 -35.0909 397.0450 173.9952 -165.7371 -20.7288 112.3433 100.0000 stroke5
movl 0 -37.0105 397.9581 173.7057 -166.5215 -19.6874 111.4764 100.0000 stroke5
movl 0 -36.5042 398.6338 173.7236 -166.6765 -19.2415 110.1404 100.0000 stroke5
movl 0 -34.2938 399.5150 173.9120 -166.3669 -18.7601 108.6300 100.0000 stroke5
movl 0 -30.4639 400.9393 174.0197 -165.9515 -18.3156 106.4461 100.0000 stroke5
movl 0 -26.1895 403.3093 173.7828 -165.5352 -17.3694 103.8699 100.0000 stroke5
movl 0 -21.8945 405.6921 173.4199 -164.7964 -16.2745 101.8597 100.0000 stroke5
movl 0 -20.4053 406.2272 173.4088 -164.3524 -15.7876 100.8906 100.0000 stroke5
movl 0 -16.8639 408.2177 172.9550 -163.2020 -14.6863 99.1610 100.0000 stroke5
movl 0 -12.4077 412.3088 171.8941 -161.5984 -12.2295 96.8182 100.0000 stroke5
movl 0 -7.7013 415.5736 170.9180 -160.2862 -9.9357 95.2488 100.0000 stroke5
movl 0 -5.9188 418.9401 169.8933 -158.8791 -7.8541 94.9452 100.0000 stroke5
movl 0 -5.1151 420.5890 169.9288 -157.6365 -6.0138 94.6116 100.0000 stroke5
movl 0 -4.8750 420.5421 170.1575 -156.8572 -5.1412 94.7355 100.0000 stroke5
movl 0 -5.1295 420.0781 170.5093 -156.4802 -4.8542 95.0447 100.0000 stroke5
movl 0 -5.0615 419.3939 170.7855 -156.1094 -4.9265 95.4688 100.0000 stroke5
movl 0 -1.7560 412.4183 173.9065 -154.5441 -8.0127 95.3635 100.0000 stroke5
movl 0 1.5361 398.6115 191.1087 -151.7094 -17.5083 95.9475 100.0000 stroke5
movl 0 -11.4712 400.0298 195.0068 -154.1998 -21.6346 100.5680 100.0000 stroke6
movl 0 -12.5443 403.5421 175.5165 -153.8122 -15.8949 96.5885 100.0000 stroke6
movl 0 -18.3995 402.1086 173.1090 -156.3044 -15.5709 97.3455 100.0000 stroke6
movl 0 -18.4339 403.1859 173.0721 -156.5700 -14.0858 96.5624 100.0000 stroke6
movl 0 -18.7309 404.9218 172.8449 -156.9287 -12.8909 95.7042 100.0000 stroke6
movl 0 -19.5089 406.1996 172.2020 -157.1484 -12.3795 95.3394 100.0000 stroke6
movl 0 -20.5183 409.3696 171.3241 -157.3260 -10.7046 95.0480 100.0000 stroke6
movl 0 -20.7278 411.1249 171.3040 -157.2659 -9.0649 94.5516 100.0000 stroke6
movl 0 -20.8812 412.5367 171.4527 -157.1607 -7.5624 93.8250 100.0000 stroke6
movl 0 -21.2702 413.8241 171.5945 -157.1271 -5.8542 93.4385 100.0000 stroke6
movl 0 -21.9693 413.9227 171.7417 -157.3781 -5.4782 93.2258 100.0000 stroke6
movl 0 -22.0526 411.5187 172.3045 -157.6624 -7.2634 93.7545 100.0000 stroke6
movl 0 -17.5724 401.8887 179.5839 -157.4415 -16.5640 96.9732 100.0000 stroke6
movl 0 -3.1969 396.3996 211.0253 -157.6904 -26.8680 109.3035 100.0000 stroke7
movl 0 -9.3759 395.2848 177.6258 -157.9653 -21.3602 104.5779 100.0000 stroke7
movl 0 -10.4882 396.6053 173.6744 -158.1040 -19.0312 102.1901 100.0000 stroke7
movl 0 -9.9850 399.8232 171.1678 -157.6550 -17.6588 100.8413 100.0000 stroke7
movl 0 -10.2205 402.5953 169.9522 -157.2155 -16.7380 100.4182 100.0000 stroke7
movl 0 -11.5602 404.3116 168.9505 -157.4917 -16.1223 100.0650 100.0000 stroke7
movl 0 -12.8800 407.5880 168.3557 -158.2814 -13.5972 98.6780 100.0000 stroke7
movl 0 -12.8365 409.6764 167.9249 -157.7724 -11.8269 98.0712 100.0000 stroke7
movl 0 -12.5021 410.8200 168.5468 -156.8993 -9.4549 97.6994 100.0000 stroke7
movl 0 -11.1696 408.7921 169.7728 -155.9314 -9.6220 98.0992 100.0000 stroke7
movl 0 -11.4322 392.6269 187.3014 -154.9491 -17.7676 100.6081 100.0000 stroke7
movl 0 -16.6098 387.9471 196.0330 -156.4745 -20.3438 104.8225 100.0000 stroke8
movl 0 -18.4846 392.5601 179.3140 -156.8229 -15.8319 98.3801 100.0000 stroke8
movl 0 -27.8493 391.9675 177.2215 -159.6749 -14.3814 98.6701 100.0000 stroke8
movl 0 -29.7695 394.2424 176.3040 -160.1799 -13.0105 98.2130 100.0000 stroke8
movl 0 -30.4358 395.3843 175.4868 -160.0045 -12.4040 98.1923 100.0000 stroke8
movl 0 -32.0189 396.5862 174.6314 -160.7527 -11.8497 97.5979 100.0000 stroke8
movl 0 -34.2256 396.0706 174.7750 -162.1355 -11.8722 96.5109 100.0000 stroke8
movl 0 -34.9319 396.4174 174.7935 -162.6796 -11.5400 95.5069 100.0000 stroke8
movl 0 -33.8440 396.8650 174.8444 -162.9861 -11.2763 93.8786 100.0000 stroke8
movl 0 -32.2852 397.5142 174.8671 -163.3410 -10.9537 91.8755 100.0000 stroke8
movl 0 -30.2915 398.6422 174.7560 -163.7229 -10.4547 89.7903 100.0000 stroke8
movl 0 -28.8998 398.4227 174.9434 -163.5097 -10.5026 89.0347 100.0000 stroke8
movl 0 -28.5401 397.8630 175.2137 -163.4153 -10.7217 89.0840 100.0000 stroke8
movl 0 -28.9656 398.4989 175.1234 -163.6945 -9.9613 89.0373 100.0000 stroke8
movl 0 -19.9964 393.7356 184.3533 -157.8131 -14.7003 93.7733 100.0000 stroke8
movl 0 -9.0088 383.1695 194.0740 -150.9539 -16.5128 93.2469 100.0000 stroke9
movl 0 -16.8531 381.6600 178.8187 -154.3243 -15.0161 93.1459 100.0000 stroke9
movl 0 -21.5272 384.1524 175.2048 -156.6456 -13.1241 93.0112 100.0000 stroke9
movl 0 -24.1540 385.9611 174.1388 -157.2951 -12.0414 92.9783 100.0000 stroke9
movl 0 -25.8836 387.2503 173.3203 -157.3505 -11.4261 93.2379 100.0000 stroke9
movl 0 -29.0119 387.8108 172.9907 -158.9295 -10.8039 92.7286 100.0000 stroke9
movl 0 -31.9709 387.5711 173.2129 -160.4374 -10.5246 92.0267 100.0000 stroke9
movl 0 -33.7579 387.3194 173.3634 -161.3407 -10.7029 91.0793 100.0000 stroke9
movl 0 -32.3777 388.0715 173.3831 -161.6252 -10.3524 89.1548 100.0000 stroke9
movl 0 -30.9269 389.0144 173.4380 -162.2168 -9.8744 86.9230 100.0000 stroke9
movl 0 -28.8021 390.5287 173.3070 -162.7493 -9.3212 84.5657 100.0000 stroke9
movl 0 -27.7083 389.0055 173.7941 -162.0415 -9.9138 84.7562 100.0000 stroke9
movl 0 -25.6722 387.9893 174.1108 -161.3175 -10.2194 84.9396 100.0000 stroke9
movl 0 -26.2543 389.2791 174.1173 -162.0000 -9.2736 84.3447 100.0000 stroke9
movl 0 -25.6113 389.6830 173.7748 -161.2189 -8.7882 86.1147 100.0000 stroke9
movl 0 -16.5830 381.5276 188.2663 -155.0081 -15.7285 92.1074 100.0000 stroke9
movl 0 -8.0457 395.9281 214.9898 -150.5349 -12.8626 98.3714 100.0000 stroke10
movl 0 -9.2216 396.9759 178.9392 -152.9904 -11.2110 95.8593 100.0000 stroke10
movl 0 -12.9936 397.3086 176.0977 -155.5950 -11.2244 95.2544 100.0000 stroke10
movl 0 -14.0375 401.0558 173.7971 -155.6775 -9.7847 94.9747 100.0000 stroke10
movl 0 -14.2022 403.9655 172.1952 -155.5504 -9.0408 94.8221 100.0000 stroke10
movl 0 -14.3033 405.5511 171.3486 -155.3455 -8.4990 94.9162 100.0000 stroke10
movl 0 -14.6992 407.1001 170.7179 -155.3714 -8.0079 94.9333 100.0000 stroke10
movl 0 -16.2373 409.5051 169.9566 -156.3418 -6.9821 94.5102 100.0000 stroke10
movl 0 -16.2279 412.0538 169.3420 -157.0218 -5.1193 93.1845 100.0000 stroke10
movl 0 -16.5358 414.5642 169.0589 -156.8643 -2.7610 92.6523 100.0000 stroke10
movl 0 -17.1804 416.3555 169.2221 -156.9112 -0.0483 92.2883 100.0000 stroke10
movl 0 -17.1281 417.2255 169.3283 -156.7922 1.4455 92.0786 100.0000 stroke10
movl 0 -17.1715 417.0412 169.5228 -156.6725 2.1712 92.2085 100.0000 stroke10
movl 0 -11.7433 407.3386 175.6345 -154.5553 -2.5852 93.4731 100.0000 stroke10
movl 0 -2.2902 362.9483 245.5571 -149.6541 -27.6474 96.6976 100.0000 stroke10
movl 0 -8.4506 370.5477 231.4891 -154.9932 -20.4678 103.5110 100.0000 stroke11
movl 0 -21.3530 375.7087 188.5213 -157.8589 -15.1971 98.8590 100.0000 stroke11
movl 0 -26.5274 378.1792 182.6039 -159.8554 -13.6403 97.8547 100.0000 stroke11
movl 0 -32.4581 381.0509 178.6331 -160.2161 -11.9656 98.5428 100.0000 stroke11
movl 0 -37.4667 382.5948 176.8977 -160.3134 -11.4858 99.4392 100.0000 stroke11
movl 0 -38.6180 383.8740 175.9073 -160.8139 -10.8729 98.7850 100.0000 stroke11
movl 0 -43.3952 384.8987 175.5145 -162.8525 -9.8465 97.8569 100.0000 stroke11
movl 0 -45.4019 385.9249 175.7963 -163.8344 -8.5868 96.5401 100.0000 stroke11
movl 0 -46.1931 385.3480 176.0844 -164.1919 -8.9232 95.7420 100.0000 stroke11
movl 0 -44.3385 386.0226 176.1635 -164.2819 -8.7088 94.3378 100.0000 stroke11
movl 0 -42.4434 386.3568 176.2979 -164.6060 -8.5321 93.0707 100.0000 stroke11
movl 0 -39.3643 387.0517 176.4678 -164.6797 -8.2602 91.6849 100.0000 stroke11
movl 0 -37.1098 388.0081 176.5998 -165.0309 -7.9353 90.2518 100.0000 stroke11
movl 0 -34.8791 389.0043 176.8755 -165.7767 -7.5045 88.0350 100.0000 stroke11
movl 0 -33.9496 389.1558 177.2519 -166.8854 -7.4280 85.6921 100.0000 stroke11
movl 0 -34.0812 389.8742 177.3606 -168.0480 -7.2657 83.5013 100.0000 stroke11
movl 0 -33.2023 391.0723 177.1910 -169.3438 -6.9230 81.1571 100.0000 stroke11
movl 0 -31.9186 390.4445 177.4882 -169.1013 -7.0654 80.7036 100.0000 stroke11
movl 0 -27.3021 388.2650 178.3906 -167.2286 -7.9682 80.4056 100.0000 stroke11
movl 0 -26.9391 388.8601 178.2530 -167.3576 -7.2383 80.5060 100.0000 stroke11
movl 0 -25.5541 390.1204 178.1443 -167.6037 -5.7613 80.3539 100.0000 stroke11
movl 0 -25.5011 389.7976 177.8180 -166.9396 -5.6495 81.6375 100.0000 stroke11
movl 0 -20.6786 383.8377 178.7617 -162.2981 -8.4493 85.8324 100.0000 stroke11
movl 0 -15.3726 376.4612 190.6555 -157.7364 -14.6077 89.9567 100.0000 stroke11
movl 0 -9.6136 381.2555 191.4423 -151.0608 -13.2271 95.0312 100.0000 stroke12
movl 0 -15.5951 376.5413 177.6546 -154.1359 -11.9314 94.1287 100.0000 stroke12
movl 0 -19.7267 377.1514 177.1743 -156.4741 -11.3407 93.0488 100.0000 stroke12
movl 0 -24.1067 377.1093 176.2999 -157.9865 -11.2274 92.6939 100.0000 stroke12
movl 0 -25.9223 378.6013 175.3397 -158.4883 -10.8388 92.3996 100.0000 stroke12
movl 0 -28.9271 382.3609 173.8768 -159.4393 -8.8122 92.0560 100.0000 stroke12
movl 0 -31.0222 385.5971 173.2157 -159.8882 -6.3790 91.7383 100.0000 stroke12
movl 0 -31.9931 387.1032 173.1424 -160.0532 -4.7803 91.4589 100.0000 stroke12
movl 0 -32.9155 387.1164 173.1761 -160.2951 -4.3042 91.3711 100.0000 stroke12
movl 0 -32.9424 386.7438 173.1986 -160.1785 -4.0893 91.5548 100.0000 stroke12
movl 0 -33.1118 386.4370 173.2605 -160.2533 -4.1483 91.5755 100.0000 stroke12
movl 0 -32.5988 385.6188 173.4951 -160.3061 -4.8100 91.2650 100.0000 stroke12
movl 0 -32.5399 384.7364 173.6659 -160.7463 -5.6239 90.5820 100.0000 stroke12
movl 0 -31.8873 384.4051 173.7248 -160.8263 -6.0403 89.9399 100.0000 stroke12
movl 0 -30.8479 384.6449 173.7521 -160.7295 -6.1877 89.5126 100.0000 stroke12
movl 0 -29.6397 384.7873 173.8855 -160.5523 -6.2437 89.1382 100.0000 stroke12
movl 0 -24.6856 381.3186 175.7314 -159.0303 -7.7620 88.5374 100.0000 stroke12
movl 0 -12.9810 368.5510 203.9655 -153.7811 -13.6622 89.6217 100.0000 stroke12
movl 0 -4.9658 385.1737 200.8274 -153.1717 -10.6174 91.4545 100.0000 stroke13
movl 0 -8.7905 386.6267 178.6683 -155.1380 -7.7094 90.2689 100.0000 stroke13
movl 0 -13.2174 387.3424 176.3393 -156.7199 -7.4068 89.9802 100.0000 stroke13
movl 0 -14.4458 388.8124 175.3048 -157.0896 -6.7281 89.6464 100.0000 stroke13
movl 0 -15.1125 389.9970 174.5127 -157.5084 -6.3690 89.1033 100.0000 stroke13
movl 0 -16.9933 392.4001 173.6823 -158.7904 -5.0858 88.3285 100.0000 stroke13
movl 0 -17.3810 394.8386 172.8936 -159.5999 -3.5945 87.5327 100.0000 stroke13
movl 0 -16.9859 397.0537 171.9422 -159.7606 -2.1718 87.2704 100.0000 stroke13
movl 0 -16.6560 398.2725 171.4570 -159.3514 -1.1353 87.7731 100.0000 stroke13
movl 0 -16.7724 398.0675 171.4806 -158.9735 -0.7745 88.5212 100.0000 stroke13
movl 0 -16.8796 397.4429 171.7434 -158.6148 -0.6944 89.2949 100.0000 stroke13
movl 0 -17.1324 396.5030 172.1340 -158.3586 -0.8710 89.9296 100.0000 stroke13
movl 0 -16.8389 395.3691 172.7054 -157.8679 -1.1824 90.5173 100.0000 stroke13
movl 0 -11.2012 390.2839 176.0233 -154.8112 -3.1130 91.6268 100.0000 stroke13
movl 0 -10.7793 376.5146 211.0851 -150.4055 -12.9640 94.7263 100.0000 stroke13
movl 0 -15.1604 367.5144 192.8627 -166.2495 -25.5741 129.9695 100.0000 stroke14
movl 0 -27.2297 361.2793 178.0279 -172.3206 -22.9029 128.1639 100.0000 stroke14
movl 0 -32.8041 361.0636 178.5591 -172.9609 -21.6084 127.7243 100.0000 stroke14
movl 0 -34.6031 361.7231 177.7638 -171.9398 -21.1142 128.0065 100.0000 stroke14
movl 0 -35.6336 363.5166 177.1075 -171.2746 -20.1950 127.5170 100.0000 stroke14
movl 0 -38.4968 364.4785 176.5262 -171.8684 -19.2621 126.8459 100.0000 stroke14
movl 0 -40.6916 365.0503 176.3945 -172.2562 -18.3481 125.4665 100.0000 stroke14
movl 0 -41.5938 365.2336 176.5683 -172.3576 -17.9979 124.7621 100.0000 stroke14
movl 0 -40.9352 365.9812 176.2595 -172.3962 -17.5548 123.4474 100.0000 stroke14
movl 0 -39.9405 366.9467 176.2031 -172.3770 -16.9419 121.7703 100.0000 stroke14
movl 0 -38.7037 367.7739 176.1725 -172.3911 -16.3176 120.0854 100.0000 stroke14
movl 0 -37.6735 368.6083 176.2185 -172.5638 -15.7553 118.4957 100.0000 stroke14
movl 0 -36.9515 369.4817 176.1676 -173.0523 -15.0180 116.8303 100.0000 stroke14
movl 0 -36.3810 368.9309 176.3258 -173.0152 -15.1579 116.5396 100.0000 stroke14
movl 0 -34.4944 366.1780 177.2351 -172.7463 -16.6404 116.6355 100.0000 stroke14
movl 0 -34.3302 366.7478 177.1654 -172.6505 -16.3843 116.4724 100.0000 stroke14
movl 0 -34.3891 367.2505 176.9347 -172.5349 -15.5887 116.3887 100.0000 stroke14
movl 0 -34.3658 367.0983 176.8928 -171.8349 -15.6993 117.2325 100.0000 stroke14
movl 0 -26.9834 358.5581 187.9705 -168.3417 -21.9636 120.7848 100.0000 stroke14
movl 0 -17.9884 364.4010 192.7857 -164.0672 -22.2408 123.2015 100.0000 stroke15
movl 0 -15.1380 362.3085 182.8196 -164.2466 -20.9471 120.4657 100.0000 stroke15
movl 0 -22.2332 362.1640 179.5254 -165.7020 -19.3982 120.1503 100.0000 stroke15
movl 0 -25.6553 361.4696 178.4325 -166.6762 -19.5957 120.2679 100.0000 stroke15
movl 0 -29.3384 363.4338 177.1355 -166.7131 -18.5472 120.4259 100.0000 stroke15
movl 0 -29.7624 364.4852 176.5457 -166.3523 -18.4299 120.3088 100.0000 stroke15
movl 0 -31.0515 364.8134 176.0916 -166.5073 -18.1639 120.3340 100.0000 stroke15
movl 0 -34.9242 365.0390 175.6789 -167.8750 -16.9613 119.7120 100.0000 stroke15
movl 0 -36.3690 364.8845 175.8566 -168.3253 -16.4236 119.1983 100.0000 stroke15
movl 0 -36.8569 365.2941 175.7913 -168.6461 -15.9007 118.1891 100.0000 stroke15
movl 0 -35.3191 365.8093 175.8921 -168.7447 -15.4415 116.5923 100.0000 stroke15
movl 0 -34.3958 366.4712 175.9829 -168.9211 -14.9473 115.1468 100.0000 stroke15
movl 0 -33.3697 367.1185 176.0059 -169.1461 -14.4492 113.5667 100.0000 stroke15
movl 0 -32.4405 368.0646 176.0084 -169.5393 -13.7702 111.6598 100.0000 stroke15
movl 0 -33.0510 368.1005 176.1093 -170.2521 -13.4051 110.3550 100.0000 stroke15
movl 0 -30.1198 366.5865 176.9879 -169.3725 -14.4933 110.3578 100.0000 stroke15
movl 0 -30.9658 367.7466 176.6928 -169.4610 -13.3405 110.4575 100.0000 stroke15
movl 0 -30.5896 366.3983 177.1897 -168.5867 -14.2314 112.0027 100.0000 stroke15
movl 0 -26.1629 358.7990 196.3042 -164.2948 -21.2922 113.9727 100.0000 stroke15
movl 0 -13.5128 353.9084 203.0539 -161.6600 -26.9639 114.1965 100.0000 stroke16
movl 0 -20.3410 352.8554 177.8616 -162.8038 -20.5675 111.3894 100.0000 stroke16
movl 0 -28.2058 353.8649 178.1940 -164.5146 -18.0430 111.1204 100.0000 stroke16
movl 0 -35.0655 353.0055 177.9585 -164.6205 -16.7807 112.5353 100.0000 stroke16
movl 0 -37.6011 354.0867 176.6829 -164.1924 -16.7466 113.4480 100.0000 stroke16
movl 0 -39.3807 354.9365 175.9590 -164.5979 -16.0800 113.2686 100.0000 stroke16
movl 0 -42.9465 356.0535 175.3491 -165.8684 -15.0497 112.5484 100.0000 stroke16
movl 0 -44.0606 356.5427 175.5112 -166.3240 -14.2340 111.5562 100.0000 stroke16
movl 0 -45.7414 355.9460 175.7061 -166.9394 -14.1590 111.0681 100.0000 stroke16
movl 0 -43.7359 356.6435 175.8355 -166.8332 -13.9023 109.3804 100.0000 stroke16
movl 0 -41.1233 357.3278 175.9074 -166.8166 -13.5385 107.0677 100.0000 stroke16
movl 0 -37.8145 358.1674 176.0537 -166.7660 -13.0473 105.1089 100.0000 stroke16
movl 0 -34.8877 359.0612 176.2407 -166.9647 -12.4901 103.0311 100.0000 stroke16
movl 0 -32.4705 360.1242 176.4895 -167.3732 -11.7101 100.8269 100.0000 stroke16
movl 0 -30.7564 361.2075 176.5911 -168.0790 -10.9520 98.7029 100.0000 stroke16
movl 0 -30.1494 362.6096 176.4305 -168.8206 -10.0704 96.6342 100.0000 stroke16
movl 0 -30.3984 360.5111 177.1320 -168.7736 -10.7454 96.8832 100.0000 stroke16
movl 0 -28.4775 359.0685 177.5869 -168.0768 -11.5931 96.8634 100.0000 stroke16
movl 0 -28.2535 358.9669 177.5922 -168.0395 -11.5591 96.8196 100.0000 stroke16
movl 0 -27.6399 358.4810 177.7189 -167.8902 -11.8026 96.5847 100.0000 stroke16
movl 0 -27.0448 358.3723 177.8133 -167.7032 -11.9262 96.4238 100.0000 stroke16
movl 0 -26.6493 358.0867 177.9614 -167.6638 -11.9586 96.2110 100.0000 stroke16
movl 0 -26.7674 358.2746 177.8058 -167.6849 -11.7326 96.0853 100.0000 stroke16
movl 0 -26.9219 358.8316 177.6450 -167.7475 -11.2779 95.9608 100.0000 stroke16
movl 0 -27.0001 358.9353 177.5690 -167.7967 -10.9299 95.9199 100.0000 stroke16
movl 0 -27.3710 359.1454 177.4274 -167.8595 -10.6132 95.9610 100.0000 stroke16
movl 0 -27.2639 359.6182 177.2972 -167.7192 -10.3636 96.0004 100.0000 stroke16
movl 0 -27.1104 358.4704 177.5511 -166.6490 -10.8615 97.3513 100.0000 stroke16
movl 0 -30.8576 348.3959 190.7040 -166.0194 -18.0695 103.1660 100.0000 stroke16
movl 0 -18.6999 377.7853 202.9819 -156.4538 -15.0540 115.0532 100.0000 stroke17
movl 0 -18.8947 365.0259 179.3832 -159.4391 -17.5319 111.5134 100.0000 stroke17
movl 0 -23.7994 365.1754 177.6996 -164.1972 -18.3655 112.5629 100.0000 stroke17
movl 0 -23.7553 366.9008 176.6526 -164.3040 -17.5755 112.1940 100.0000 stroke17
movl 0 -24.9713 368.3494 175.7277 -164.9993 -16.9816 112.4114 100.0000 stroke17
movl 0 -26.6166 369.6691 174.9752 -165.1445 -16.2554 112.9409 100.0000 stroke17
movl 0 -29.2717 372.5803 174.1045 -165.7897 -14.1869 110.5669 100.0000 stroke17
movl 0 -29.6688 373.6409 173.7366 -165.4851 -12.6586 109.0742 100.0000 stroke17
movl 0 -31.4588 373.5690 173.8992 -165.3244 -11.5659 108.9669 100.0000 stroke17
movl 0 -32.5242 372.8060 174.3264 -165.4358 -11.2044 108.1785 100.0000 stroke17
movl 0 -32.6914 372.9594 174.5098 -165.2068 -10.5868 107.4226 100.0000 stroke17
movl 0 -32.7498 373.0535 174.7415 -164.9324 -10.0063 106.8706 100.0000 stroke17
movl 0 -32.8666 373.1219 175.0321 -164.6178 -9.3403 106.2820 100.0000 stroke17
movl 0 -33.1480 372.9841 175.3586 -164.4024 -8.7742 105.9042 100.0000 stroke17
movl 0 -33.1313 373.1999 175.6576 -164.1223 -8.0120 105.4132 100.0000 stroke17
movl 0 -33.3151 373.0592 175.8345 -163.9785 -7.4422 105.0637 100.0000 stroke17
movl 0 -33.5589 373.1751 175.9548 -163.8408 -6.7636 104.6916 100.0000 stroke17
movl 0 -33.5129 373.6437 175.9998 -163.6046 -6.0001 104.0032 100.0000 stroke17
movl 0 -33.9568 373.7873 176.0383 -163.4844 -5.1875 103.5398 100.0000 stroke17
movl 0 -34.2469 373.9944 176.0949 -163.4067 -4.4080 102.8274 100.0000 stroke17
movl 0 -34.3400 374.6559 176.0264 -163.2218 -3.4744 101.9773 100.0000 stroke17
movl 0 -34.5918 374.9399 176.0137 -163.1090 -2.5150 101.0873 100.0000 stroke17
movl 0 -35.2159 375.0265 176.0559 -163.2127 -1.7827 100.5799 100.0000 stroke17
movl 0 -35.5781 375.7422 175.9396 -163.1541 -0.7151 99.8054 100.0000 stroke17
movl 0 -35.6871 376.2973 175.8983 -163.0703 0.1645 99.2742 100.0000 stroke17
movl 0 -36.0888 376.7887 175.8348 -163.1351 0.9099 98.8518 100.0000 stroke17
movl 0 -36.3201 377.1608 175.8121 -163.1731 1.5592 98.4598 100.0000 stroke17
movl 0 -36.4976 377.5257 175.7946 -163.2327 2.1959 98.0242 100.0000 stroke17
movl 0 -37.0573 377.7710 175.7606 -163.3481 2.8197 97.6636 100.0000 stroke17
movl 0 -37.5014 377.8826 175.7087 -163.3875 3.4135 97.6821 100.0000 stroke17
movl 0 -37.6890 378.3595 175.5844 -163.3250 4.0116 97.6822 100.0000 stroke17
movl 0 -37.8576 379.0968 175.3692 -163.2494 4.7529 97.6967 100.0000 stroke17
movl 0 -38.3290 379.2824 175.3105 -163.2569 5.2164 97.8171 100.0000 stroke17
movl 0 -37.6411 378.5668 175.7806 -163.2292 4.8194 97.4558 100.0000 stroke17
movl 0 -36.3654 377.7818 176.2517 -163.2164 4.2102 97.0466 100.0000 stroke17
movl 0 -36.6857 378.4105 175.9459 -163.2097 4.7649 97.1071 100.0000 stroke17
movl 0 -37.2856 378.6914 175.6393 -163.2129 5.3407 97.6306 100.0000 stroke17
movl 0 -35.4046 376.9123 176.6082 -163.0081 4.1289 97.3550 100.0000 stroke17
movl 0 -34.5922 376.0032 177.0396 -162.9404 3.4157 97.5892 100.0000 stroke17
movl 0 -35.7965 377.0147 176.2516 -163.0369 4.8156 97.8099 100.0000 stroke17
movl 0 -33.7782 375.7064 177.0795 -162.6197 3.8737 97.7482 100.0000 stroke17
movl 0 -32.7379 375.1792 177.2359 -162.3018 3.5496 97.8856 100.0000 stroke17
movl 0 -34.8656 375.7751 176.7655 -162.8218 4.9213 97.8766 100.0000 stroke17
movl 0 -34.0492 375.2976 177.1550 -162.6768 4.2492 97.8375 100.0000 stroke17
movl 0 -32.9408 374.2133 177.8693 -162.4914 3.2255 97.8021 100.0000 stroke17
movl 0 -29.2351 368.4916 182.0375 -161.7462 -1.5617 97.6708 100.0000 stroke17
movl 0 -19.1521 348.4436 230.7379 -162.3884 -20.8972 102.4174 100.0000 stroke17
