movl 0 -40.7555 388.4266 169.2725 144.9501 3.7869 -109.0184 100.0000 stroke1
movl 0 -41.8946 387.6735 167.2128 144.8300 2.3078 -110.9168 100.0000 stroke1
movl 0 -42.4417 388.3529 167.2148 145.2605 0.4455 -112.8704 100.0000 stroke1
movl 0 -45.1144 387.0859 169.1613 146.6263 -2.4827 -117.5997 100.0000 stroke1
movl 0 -46.8041 388.0184 170.8294 148.4901 -5.6983 -121.7445 100.0000 stroke1
movl 0 -47.7793 389.2779 171.8152 149.7852 -6.3419 -122.5046 100.0000 stroke1
movl 0 -47.8007 391.6284 171.6193 150.5023 -6.9006 -121.8427 100.0000 stroke1
movl 0 -48.8432 391.5877 171.4871 150.8757 -6.7093 -122.4035 100.0000 stroke1
movl 0 -49.2493 391.6130 170.9839 150.8681 -6.3001 -122.4900 100.0000 stroke1
movl 0 -49.9892 389.4424 170.4300 150.3403 -4.4577 -121.9121 100.0000 stroke1
movl 0 -52.6146 388.6570 170.7531 151.2365 -4.0370 -121.1772 100.0000 stroke1
movl 0 -55.3661 389.4172 170.2042 152.1756 -3.6887 -119.5304 100.0000 stroke1
movl 0 -56.8061 389.7865 169.6504 152.7799 -3.5872 -119.8202 100.0000 stroke1
movl 0 -59.8678 390.6985 168.7155 153.7554 -3.6200 -119.8369 100.0000 stroke1
movl 0 -62.2659 393.7466 168.5493 156.0044 -5.7455 -121.7978 100.0000 stroke1
movl 0 -63.4268 395.8305 168.7120 157.6497 -7.4828 -124.0252 100.0000 stroke1
movl 0 -63.6844 397.4490 168.7147 158.8665 -8.9687 -126.1528 100.0000 stroke1
movl 0 -63.7491 398.7071 168.9355 159.8687 -10.1604 -127.8448 100.0000 stroke1
movl 0 -64.4368 400.1413 169.3457 161.4027 -11.5408 -129.8212 100.0000 stroke1
movl 0 -65.0031 401.5185 169.7349 162.9734 -12.8403 -131.9160 100.0000 stroke1
movl 0 -65.5868 402.8093 170.0003 164.6354 -14.2383 -134.2334 100.0000 stroke1
movl 0 -66.4379 404.1592 170.3355 166.4980 -15.6262 -136.4664 100.0000 stroke1
movl 0 -67.2747 405.5347 170.5733 168.3883 -16.8666 -138.3703 100.0000 stroke1
movl 0 -68.6140 405.9673 170.4872 169.6646 -17.6292 -139.3576 100.0000 stroke1
movl 0 -65.8438 403.5292 171.5118 167.8644 -17.2548 -139.5232 100.0000 stroke1
movl 0 -63.2777 401.4621 172.1316 166.3900 -16.7912 -139.6344 100.0000 stroke1
movl 0 -66.3286 402.6495 171.8523 168.5288 -17.2934 -140.2905 100.0000 stroke1
movl 0 -65.3804 400.8145 172.2770 167.0994 -16.5110 -140.5718 100.0000 stroke1
movl 0 -64.2795 393.8752 172.9256 162.5625 -13.6138 -139.2106 100.0000 stroke1
movl 0 -61.4771 380.9158 177.6530 153.6888 -6.6959 -132.2878 100.0000 stroke1
movl 0 -63.3049 360.6970 234.9003 143.3658 11.0109 -120.8739 100.0000 stroke1
movl 0 -31.8884 395.2007 204.0348 143.7988 6.1418 -105.5248 100.0000 stroke2
movl 0 -32.2341 392.5041 173.5358 146.9971 2.8083 -109.9352 100.0000 stroke2
movl 0 -35.8985 391.5104 171.1737 149.3079 0.7753 -113.3085 100.0000 stroke2
movl 0 -41.4550 390.5388 171.6825 151.1501 -0.4925 -115.6693 100.0000 stroke2
movl 0 -42.8279 390.6602 171.4545 151.9046 -1.7725 -118.3572 100.0000 stroke2
movl 0 -46.6725 388.1882 172.4799 152.6198 -1.7391 -118.2535 100.0000 stroke2
movl 0 -49.1985 388.3585 172.1573 153.0324 -2.2205 -117.7509 100.0000 stroke2
movl 0 -52.1698 389.3987 171.0406 153.0408 -2.8484 -117.1746 100.0000 stroke2
movl 0 -53.3034 390.2610 170.5401 153.9320 -3.2701 -117.2817 100.0000 stroke2
movl 0 -58.1702 389.6355 170.6514 156.0170 -2.3360 -118.7478 100.0000 stroke2
movl 0 -60.4069 389.4512 170.4781 157.0632 -1.6748 -119.7560 100.0000 stroke2
movl 0 -59.0430 391.1048 170.3750 157.6792 -1.9022 -121.4887 100.0000 stroke2
movl 0 -57.1049 393.2271 170.2233 158.2185 -2.3010 -123.5674 100.0000 stroke2
movl 0 -52.5559 394.0197 170.4918 156.9890 -3.5191 -123.8960 100.0000 stroke2
movl 0 -47.7516 399.1076 169.7716 156.6780 -6.4488 -124.7632 100.0000 stroke2
movl 0 -45.5793 405.1041 168.8763 158.8938 -10.2883 -127.9560 100.0000 stroke2
movl 0 -42.3782 411.4599 167.2119 160.5274 -13.7141 -130.7360 100.0000 stroke2
movl 0 -39.7344 416.3457 165.8114 161.7800 -17.2661 -132.4138 100.0000 stroke2
movl 0 -40.9490 418.2742 166.1235 163.8059 -19.4688 -133.8131 100.0000 stroke2
movl 0 -42.3395 419.9934 166.1374 165.8042 -21.2492 -135.0460 100.0000 stroke2
movl 0 -43.5860 420.1170 166.3381 166.7747 -22.0139 -135.5460 100.0000 stroke2
movl 0 -41.9584 416.4240 168.1254 165.1062 -21.1977 -135.9296 100.0000 stroke2
movl 0 -30.4298 397.2909 190.2138 150.6191 -14.7653 -131.4028 100.0000 stroke2
movl 0 -29.3364 382.3971 215.2689 144.5191 -17.2658 -133.0483 100.0000 stroke3
movl 0 -31.3838 382.3961 175.6296 151.0703 -18.7705 -141.4436 100.0000 stroke3
movl 0 -44.3741 377.9608 177.5936 157.0630 -17.2299 -147.3168 100.0000 stroke3
movl 0 -54.4359 374.4197 177.1223 159.0301 -15.9075 -148.2175 100.0000 stroke3
movl 0 -61.2478 375.4554 174.5455 159.0574 -14.6905 -145.7589 100.0000 stroke3
movl 0 -64.5895 376.9630 173.4757 160.2795 -14.0626 -145.9152 100.0000 stroke3
movl 0 -70.0828 377.2361 173.4957 162.3071 -12.3134 -148.2290 100.0000 stroke3
movl 0 -71.7492 377.5295 173.5217 163.1103 -11.7392 -149.8416 100.0000 stroke3
movl 0 -72.0983 377.9303 173.7238 163.7537 -11.2661 -151.6686 100.0000 stroke3
movl 0 -71.3547 378.8904 173.9786 164.5998 -10.8999 -154.1097 100.0000 stroke3
movl 0 -70.9494 380.3000 173.9768 165.6551 -10.2902 -156.6825 100.0000 stroke3
movl 0 -68.3814 381.1311 174.1401 165.7328 -10.9311 -157.5606 100.0000 stroke3
movl 0 -63.3067 379.4526 175.1103 163.9048 -12.3420 -156.8439 100.0000 stroke3
movl 0 -64.1304 380.3470 174.9599 164.8018 -12.3083 -157.0998 100.0000 stroke3
movl 0 -64.6277 381.6709 174.9116 166.3248 -12.4944 -157.5272 100.0000 stroke3
movl 0 -64.2918 382.0957 174.3473 165.9226 -13.3568 -155.7437 100.0000 stroke3
movl 0 -53.7901 372.1258 178.6290 156.2864 -15.1707 -146.4235 100.0000 stroke3
movl 0 -40.5882 356.4088 237.0038 143.8528 -11.6445 -136.7428 100.0000 stroke3
movl 0 -13.3426 404.5456 219.8693 145.2241 -8.2455 -125.3686 100.0000 stroke4
movl 0 -16.4394 400.3457 179.5538 148.2831 -8.7232 -127.2940 100.0000 stroke4
movl 0 -25.5118 400.5049 172.8040 151.0239 -5.9170 -128.7271 100.0000 stroke4
movl 0 -26.3372 403.2618 171.3519 152.6792 -6.3452 -129.2508 100.0000 stroke4
movl 0 -26.9711 406.0795 169.9672 153.4320 -6.0313 -128.6000 100.0000 stroke4
movl 0 -28.3498 411.4963 168.7461 156.0682 -8.0840 -129.7187 100.0000 stroke4
movl 0 -26.2611 416.9500 167.6988 158.2342 -10.7602 -131.9969 100.0000 stroke4
movl 0 -23.0774 421.4703 166.4082 158.9755 -13.2848 -132.9825 100.0000 stroke4
movl 0 -22.8257 422.5905 166.5308 159.7621 -14.7311 -133.3172 100.0000 stroke4
movl 0 -23.6439 423.2569 167.0102 160.8438 -16.2419 -133.5101 100.0000 stroke4
movl 0 -24.8765 423.4718 167.3226 161.6309 -17.4409 -133.2609 100.0000 stroke4
movl 0 -26.3452 423.4671 167.5672 162.1978 -18.1890 -132.8230 100.0000 stroke4
movl 0 -27.6899 422.7370 167.8521 162.2011 -18.5751 -131.8350 100.0000 stroke4
movl 0 -28.2601 422.3593 167.9969 162.0823 -18.9779 -131.1589 100.0000 stroke4
movl 0 -28.5608 422.0799 168.1219 161.8827 -19.2755 -130.6629 100.0000 stroke4
movl 0 -27.1950 419.2395 169.1125 159.7918 -19.6843 -129.3363 100.0000 stroke4
movl 0 -30.3566 399.5038 200.1846 147.9899 -14.7768 -121.7896 100.0000 stroke4
movl 0 -28.9425 391.5697 205.4491 149.3169 3.9126 -105.6608 100.0000 stroke5
movl 0 -30.2240 383.5576 176.2353 151.5679 2.8557 -107.5959 100.0000 stroke5
movl 0 -32.9904 383.6235 171.9690 154.0660 1.8630 -110.0586 100.0000 stroke5
movl 0 -33.6830 383.2098 171.0390 154.0397 2.6588 -110.8408 100.0000 stroke5
movl 0 -35.2344 386.3700 169.7222 154.9190 1.6378 -111.4010 100.0000 stroke5
movl 0 -34.9258 390.8979 168.7913 156.3769 -2.3891 -115.1230 100.0000 stroke5
movl 0 -34.7444 393.5377 168.7628 157.3030 -5.7071 -117.8131 100.0000 stroke5
movl 0 -34.6530 395.2990 169.1271 158.4714 -8.4359 -119.9729 100.0000 stroke5
movl 0 -35.2924 397.2614 169.6820 160.2357 -11.2592 -122.5791 100.0000 stroke5
movl 0 -36.1113 399.1936 169.9737 162.0415 -13.6395 -124.8417 100.0000 stroke5
movl 0 -37.2469 401.4026 170.1046 164.2081 -15.8707 -127.3962 100.0000 stroke5
movl 0 -38.6373 403.5418 169.9617 166.4800 -17.8856 -129.8100 100.0000 stroke5
movl 0 -40.1934 405.8246 169.8651 169.3465 -19.9100 -132.8442 100.0000 stroke5
movl 0 -42.1240 407.4945 169.6421 172.0456 -21.2679 -135.4802 100.0000 stroke5
movl 0 -44.8692 408.4526 169.4562 174.6378 -22.0096 -137.7621 100.0000 stroke5
movl 0 -47.5424 409.9501 169.3712 177.3246 -22.6246 -139.4998 100.0000 stroke5
movl 0 -49.9598 410.9069 168.9110 179.3106 -23.0482 -140.1701 100.0000 stroke5
movl 0 -52.3141 411.0397 168.3980 -179.5228 -23.4849 -139.7987 100.0000 stroke5
movl 0 -51.9143 409.5114 169.3833 179.8470 -23.3134 -139.5318 100.0000 stroke5
movl 0 -47.2895 405.6005 171.5672 177.3262 -22.4691 -140.3759 100.0000 stroke5
movl 0 -47.4130 404.0646 172.0883 177.1753 -22.0471 -140.9054 100.0000 stroke5
movl 0 -49.1925 404.4360 171.6062 178.5320 -22.3119 -141.1421 100.0000 stroke5
movl 0 -49.7933 403.0066 172.0820 178.0868 -21.6621 -141.5692 100.0000 stroke5
movl 0 -46.1836 397.1042 174.1578 174.0839 -20.1398 -142.4371 100.0000 stroke5
movl 0 -37.7529 376.1258 188.7227 157.2512 -12.4822 -139.8046 100.0000 stroke5
movl 0 -12.1737 410.0018 223.4999 145.3286 -8.2563 -127.8404 100.0000 stroke6
movl 0 -6.6589 401.3749 176.8560 149.4367 -12.4862 -132.0387 100.0000 stroke6
movl 0 -10.1847 398.9617 171.1965 151.8778 -11.4297 -133.0062 100.0000 stroke6
movl 0 -15.1988 402.2276 168.8929 154.6693 -10.4547 -132.4218 100.0000 stroke6
movl 0 -20.4451 405.7030 168.4916 158.5156 -10.0422 -133.8171 100.0000 stroke6
movl 0 -18.4416 408.5692 168.1350 159.7548 -11.4138 -135.6953 100.0000 stroke6
movl 0 -15.6083 409.7324 167.8820 159.7423 -12.5338 -136.5444 100.0000 stroke6
movl 0 -12.0411 410.2442 168.0094 159.0829 -13.9143 -137.1756 100.0000 stroke6
movl 0 -13.0280 412.0541 167.6119 160.9107 -14.7168 -139.1630 100.0000 stroke6
movl 0 -15.0859 414.7109 167.3654 163.3130 -16.1580 -141.4203 100.0000 stroke6
movl 0 -16.9094 414.6941 167.4250 164.0272 -16.7953 -141.5567 100.0000 stroke6
movl 0 -17.4581 414.1070 167.6876 164.0703 -17.2121 -141.3245 100.0000 stroke6
movl 0 -17.8323 412.9222 168.1513 163.6826 -17.4153 -140.6940 100.0000 stroke6
movl 0 -18.0057 411.7400 168.6727 163.2398 -17.5111 -140.1648 100.0000 stroke6
movl 0 -17.4414 409.1999 169.7236 161.9392 -17.5877 -139.0704 100.0000 stroke6
movl 0 -13.5852 399.1373 174.8696 155.2792 -15.9357 -136.6454 100.0000 stroke6
movl 0 -25.2165 381.7310 229.5412 146.1351 -5.7162 -128.4854 100.0000 stroke6
movl 0 -9.6478 379.4180 188.3051 145.8434 9.9306 -108.3761 100.0000 stroke7
movl 0 -11.7518 376.7128 170.2950 148.3960 8.3420 -110.8367 100.0000 stroke7
movl 0 -16.8134 377.5560 172.9406 152.0916 2.1929 -117.1090 100.0000 stroke7
movl 0 -29.0335 371.8699 174.8095 154.4864 3.0308 -117.6345 100.0000 stroke7
movl 0 -38.0348 373.0931 173.0890 155.5944 2.7164 -116.0312 100.0000 stroke7
movl 0 -38.6731 375.8234 171.8286 156.0560 1.8259 -115.9976 100.0000 stroke7
movl 0 -42.2951 376.4116 171.5953 158.1460 1.8358 -117.8148 100.0000 stroke7
movl 0 -45.5634 375.8956 171.7642 159.3509 2.2842 -119.1101 100.0000 stroke7
movl 0 -46.9952 375.5687 171.7317 159.9477 2.6919 -120.2087 100.0000 stroke7
movl 0 -46.5557 376.5520 171.7783 160.6123 2.5386 -122.2126 100.0000 stroke7
movl 0 -45.9335 377.2589 172.1552 161.3368 2.6064 -124.6000 100.0000 stroke7
movl 0 -44.7284 378.5410 172.3541 162.0172 2.4400 -127.0496 100.0000 stroke7
movl 0 -43.6740 380.4553 172.4153 163.1774 2.6669 -130.1385 100.0000 stroke7
movl 0 -42.8299 381.3295 172.2346 163.7420 2.7989 -131.8882 100.0000 stroke7
movl 0 -38.1892 378.9409 173.1889 161.3875 2.1914 -131.3332 100.0000 stroke7
movl 0 -35.4670 378.9658 173.4580 160.7064 1.7928 -131.7344 100.0000 stroke7
movl 0 -34.6716 381.4439 173.1090 162.1144 0.3822 -132.3810 100.0000 stroke7
movl 0 -32.3034 382.7294 172.3385 160.8816 -1.5479 -129.6343 100.0000 stroke7
movl 0 -19.4622 375.8216 177.3983 151.9628 -1.3754 -123.1358 100.0000 stroke7
movl 0 -14.2787 358.0232 238.2512 142.0887 10.6156 -114.4615 100.0000 stroke7
movl 0 1.8174 407.6969 200.9737 146.4646 -17.6402 -109.7766 100.0000 stroke8
movl 0 2.6867 396.1273 169.9046 146.3387 -13.2827 -111.5151 100.0000 stroke8
movl 0 -1.2765 384.9323 168.7894 147.2795 -8.0346 -113.8421 100.0000 stroke8
movl 0 -8.1557 378.5198 171.4754 149.8596 -4.9343 -117.0524 100.0000 stroke8
movl 0 -16.4072 377.0012 173.7454 153.0516 -4.1724 -119.0090 100.0000 stroke8
movl 0 -18.9046 378.4622 173.9497 154.3068 -3.0823 -120.1358 100.0000 stroke8
movl 0 -17.6042 381.7283 171.3187 154.0740 -3.0852 -120.1035 100.0000 stroke8
movl 0 -17.9705 383.6755 169.7361 153.9775 -3.0289 -119.4348 100.0000 stroke8
movl 0 -19.5808 387.0524 168.0543 155.2990 -3.8843 -120.0795 100.0000 stroke8
movl 0 -17.3185 392.0425 166.7863 157.0828 -6.5403 -122.6815 100.0000 stroke8
movl 0 -18.1711 394.1401 166.7156 158.1970 -8.4146 -123.5437 100.0000 stroke8
movl 0 -17.9751 395.7275 167.3339 159.3033 -10.6250 -124.6667 100.0000 stroke8
movl 0 -18.1099 397.9236 168.0012 160.9299 -13.1524 -126.2138 100.0000 stroke8
movl 0 -19.0170 400.7660 168.4103 163.3614 -15.8157 -128.6620 100.0000 stroke8
movl 0 -20.1770 403.9446 168.3325 166.3691 -18.5169 -132.0223 100.0000 stroke8
movl 0 -21.7311 407.4255 167.6874 169.8874 -21.0962 -135.4607 100.0000 stroke8
movl 0 -22.0079 405.7506 168.8346 170.2303 -21.1179 -136.9247 100.0000 stroke8
movl 0 -20.1599 400.6107 170.6176 167.6656 -19.0552 -136.6608 100.0000 stroke8
movl 0 -21.6674 402.0886 170.1673 169.2196 -19.9434 -136.6682 100.0000 stroke8
movl 0 -23.3085 402.7741 169.9801 170.6181 -20.4456 -136.7403 100.0000 stroke8
movl 0 -21.6844 397.7116 171.8350 168.0494 -18.7377 -136.3027 100.0000 stroke8
movl 0 -24.5542 395.0221 172.7925 167.6265 -17.2832 -135.6812 100.0000 stroke8
movl 0 -25.2146 368.2017 180.3547 155.6327 -3.9177 -129.5496 100.0000 stroke8
movl 0 -26.0906 336.7614 214.4061 147.0139 16.5843 -118.6602 100.0000 stroke8
movl 0 -14.0836 365.0093 212.9896 147.6964 5.6697 -117.8712 100.0000 stroke9
movl 0 -17.3978 363.0340 176.2000 149.9286 1.7630 -119.3996 100.0000 stroke9
movl 0 -22.3062 360.8861 175.6272 152.0019 1.3290 -122.7617 100.0000 stroke9
movl 0 -31.8702 359.3587 175.8562 154.5313 1.4575 -124.2567 100.0000 stroke9
movl 0 -38.7053 360.9128 174.4373 155.7459 1.2997 -123.7779 100.0000 stroke9
movl 0 -40.9618 363.0060 173.4105 156.5998 0.4026 -124.8658 100.0000 stroke9
movl 0 -42.8219 364.0044 172.5091 157.1698 0.2076 -125.0693 100.0000 stroke9
movl 0 -46.1984 363.9897 171.9884 158.4954 0.9676 -125.6988 100.0000 stroke9
movl 0 -49.3059 363.2868 172.0523 159.7247 1.7244 -126.1620 100.0000 stroke9
movl 0 -50.8457 362.7805 172.0079 160.2184 2.5659 -126.9062 100.0000 stroke9
movl 0 -50.4887 363.6499 172.1169 160.9834 2.7817 -128.9555 100.0000 stroke9
movl 0 -49.9109 365.0187 172.0685 161.9178 3.1169 -131.2992 100.0000 stroke9
movl 0 -49.0006 367.1381 171.7991 162.9757 3.2246 -133.8215 100.0000 stroke9
movl 0 -47.2043 365.3040 172.3651 161.7516 3.1898 -133.6841 100.0000 stroke9
movl 0 -44.0985 363.4306 173.2131 160.1979 3.3400 -133.7204 100.0000 stroke9
movl 0 -43.7741 364.1696 173.3308 160.6525 2.8460 -133.7248 100.0000 stroke9
movl 0 -43.4068 365.3635 173.5309 161.7403 2.0576 -133.2103 100.0000 stroke9
movl 0 -41.4007 363.6705 173.4671 159.5297 1.3070 -128.3472 100.0000 stroke9
movl 0 -30.9905 349.7211 186.7843 150.0785 9.2332 -116.6739 100.0000 stroke9
movl 0 -12.4414 362.7355 187.9610 148.6982 11.0390 -98.0782 100.0000 stroke10
movl 0 -19.0133 354.4914 173.2860 153.1212 10.3898 -102.4205 100.0000 stroke10
movl 0 -30.8559 351.5247 173.6158 157.0346 11.0510 -102.7054 100.0000 stroke10
movl 0 -35.4872 352.1244 173.5024 157.7625 10.2245 -102.1264 100.0000 stroke10
movl 0 -37.1615 353.6307 172.8172 158.3649 9.3691 -102.6512 100.0000 stroke10
movl 0 -41.1923 354.2270 172.0664 159.5842 9.0556 -103.4707 100.0000 stroke10
movl 0 -46.4734 354.9642 171.9314 161.9984 8.3953 -105.3696 100.0000 stroke10
movl 0 -50.0679 353.7154 172.0711 162.9643 8.9388 -106.2897 100.0000 stroke10
movl 0 -49.3953 354.8943 172.2113 163.7110 8.6058 -108.9165 100.0000 stroke10
movl 0 -48.3326 356.7282 172.2553 164.6804 8.2130 -111.9486 100.0000 stroke10
movl 0 -47.5338 358.5909 171.9722 165.9504 8.0116 -114.8751 100.0000 stroke10
movl 0 -45.7213 357.1396 172.6967 164.7092 8.4214 -115.3098 100.0000 stroke10
movl 0 -42.6806 355.8820 173.4852 163.3614 8.9223 -115.8906 100.0000 stroke10
movl 0 -43.2356 356.3422 173.3434 163.8340 8.4656 -115.8284 100.0000 stroke10
movl 0 -43.6965 357.8721 173.1169 164.8845 7.0696 -115.7469 100.0000 stroke10
movl 0 -43.4072 358.2801 172.9588 164.4220 6.2435 -115.1065 100.0000 stroke10
movl 0 -42.5376 356.2484 173.3048 163.0682 6.2350 -114.2644 100.0000 stroke10
movl 0 -36.6641 347.7488 176.7037 158.4880 8.4622 -115.3313 100.0000 stroke10
movl 0 -30.6937 333.7306 209.8223 149.9725 13.4628 -115.5454 100.0000 stroke10
movl 0 -7.7631 354.9488 216.8326 144.5224 -4.9573 -120.9607 100.0000 stroke11
movl 0 -18.5175 351.6028 182.7608 151.7297 -7.1126 -126.2683 100.0000 stroke11
movl 0 -28.5912 349.0354 177.6290 155.2067 -6.7494 -130.1553 100.0000 stroke11
movl 0 -40.6555 347.1987 176.0174 157.2551 -4.7813 -130.1961 100.0000 stroke11
movl 0 -41.5587 349.6636 174.6580 158.0074 -5.5324 -130.6498 100.0000 stroke11
movl 0 -45.2174 351.4269 173.7701 159.6766 -5.1633 -131.8858 100.0000 stroke11
movl 0 -48.8186 352.5029 173.7450 162.0327 -5.0828 -134.4248 100.0000 stroke11
movl 0 -51.3875 351.3178 173.8716 162.3004 -4.0010 -135.2741 100.0000 stroke11
movl 0 -50.8485 351.6719 174.0302 162.9467 -3.4603 -137.3457 100.0000 stroke11
movl 0 -50.6104 352.2473 174.3913 163.8856 -2.7649 -140.0729 100.0000 stroke11
movl 0 -49.2510 352.9100 174.6225 164.7958 -2.1082 -143.0760 100.0000 stroke11
movl 0 -47.7251 354.2847 174.8059 165.8327 -1.5968 -146.4435 100.0000 stroke11
movl 0 -47.5208 355.7280 174.6936 167.0960 -0.6460 -149.9531 100.0000 stroke11
movl 0 -46.4480 358.1526 174.4716 168.3459 -0.1087 -153.4232 100.0000 stroke11
movl 0 -45.1408 359.6537 174.2490 168.9483 -0.1550 -155.2863 100.0000 stroke11
movl 0 -42.4607 356.4943 175.5920 166.9375 -0.9212 -154.0617 100.0000 stroke11
movl 0 -40.7045 354.4293 176.3265 165.6309 -0.9923 -153.5968 100.0000 stroke11
movl 0 -40.3913 353.6978 176.6476 165.0974 -0.8578 -153.4752 100.0000 stroke11
movl 0 -40.2029 353.3004 176.9585 164.9914 -0.6778 -153.4217 100.0000 stroke11
movl 0 -40.0775 353.5336 176.8129 165.0768 -0.6761 -153.1383 100.0000 stroke11
movl 0 -40.0146 355.2666 176.4364 166.2810 -1.1083 -153.3082 100.0000 stroke11
movl 0 -39.6829 356.9606 176.3030 167.5031 -1.5627 -153.6647 100.0000 stroke11
movl 0 -38.8914 357.6691 176.3573 168.2962 -1.8118 -153.4175 100.0000 stroke11
movl 0 -38.7402 357.1041 176.3914 168.0332 -1.9638 -152.7044 100.0000 stroke11
movl 0 -38.0680 355.6783 176.6786 166.9576 -2.4008 -151.3932 100.0000 stroke11
movl 0 -36.9086 353.9660 177.4493 165.9583 -2.6634 -150.8009 100.0000 stroke11
movl 0 -31.3963 350.0164 181.9132 163.2701 -3.3035 -149.1288 100.0000 stroke11
movl 0 -20.7800 342.8967 214.7634 156.6719 -2.6548 -143.1986 100.0000 stroke11
