movl 0 -9.5313 379.8340 157.3419 147.2480 -34.2955 -153.8281 100.0000 stroke1
movl 0 -9.4516 380.0403 156.3570 143.9344 -30.9684 -150.2768 100.0000 stroke1
movl 0 -7.6347 374.5192 177.6500 136.9578 -25.9813 -143.1073 100.0000 stroke1
movl 0 -13.4261 379.1974 203.9141 133.6314 -23.5356 -140.2641 100.0000 stroke1
movl 0 -17.7292 397.4318 184.7155 141.7159 -27.3936 -141.2614 100.0000 stroke1
movl 0 -18.4383 388.5828 157.9159 146.9841 -27.5769 -148.4190 100.0000 stroke1
movl 0 -25.1881 383.8902 162.6763 150.9765 -25.2501 -153.7214 100.0000 stroke1
movl 0 -30.3767 386.9250 163.3865 156.9486 -25.3824 -161.3147 100.0000 stroke1
movl 0 -34.9966 387.2700 165.0235 157.4347 -24.5552 -160.3317 100.0000 stroke1
movl 0 -36.5152 389.2284 163.2229 156.4731 -23.5460 -156.7536 100.0000 stroke1
movl 0 -37.4642 389.6356 162.5334 155.2978 -22.1100 -153.2760 100.0000 stroke1
movl 0 -39.6487 389.4270 162.2577 154.7830 -20.6721 -151.7892 100.0000 stroke1
movl 0 -40.5501 388.7456 162.5857 154.3596 -19.8260 -150.9668 100.0000 stroke1
movl 0 -39.4293 386.7374 165.6049 152.0461 -17.5833 -147.9387 100.0000 stroke1
movl 0 -38.9234 388.6305 167.8697 152.0215 -15.9069 -144.7537 100.0000 stroke1
movl 0 -37.4467 394.4048 165.6028 152.0936 -15.7333 -139.1550 100.0000 stroke1
movl 0 -37.2150 393.0164 164.7251 151.9453 -16.1737 -140.7544 100.0000 stroke1
movl 0 -37.6423 391.3950 165.4816 152.8580 -16.4273 -143.9796 100.0000 stroke1
movl 0 -39.2101 390.7882 165.8598 153.3439 -16.6286 -144.2557 100.0000 stroke1
movl 0 -43.7068 389.8248 165.6694 153.6621 -15.7075 -143.1956 100.0000 stroke1
movl 0 -44.7635 391.0792 165.0446 154.1157 -15.7638 -142.5190 100.0000 stroke1
movl 0 -45.0555 391.3361 164.5736 153.8861 -15.8663 -141.5651 100.0000 stroke1
movl 0 -44.9160 392.0559 163.9520 153.7974 -15.8073 -141.1692 100.0000 stroke1
movl 0 -46.2617 392.3380 163.5482 154.1081 -15.3287 -141.0455 100.0000 stroke1
movl 0 -47.3361 392.4190 163.3868 154.5523 -14.3929 -140.9318 100.0000 stroke1
movl 0 -48.0999 392.5971 163.5054 155.2216 -13.9949 -141.3268 100.0000 stroke1
movl 0 -48.9991 392.5151 163.7740 155.8368 -13.6088 -141.7482 100.0000 stroke1
movl 0 -51.1246 391.2437 164.3113 156.1175 -12.4090 -142.0602 100.0000 stroke1
movl 0 -52.3831 390.6909 164.5434 156.4594 -11.3854 -142.6819 100.0000 stroke1
movl 0 -52.6105 390.5173 164.9177 156.8538 -10.5182 -143.7202 100.0000 stroke1
movl 0 -52.5601 390.5062 165.2310 157.3062 -9.7987 -145.0637 100.0000 stroke1
movl 0 -52.1879 390.7918 165.4850 157.7730 -9.0449 -146.6411 100.0000 stroke1
movl 0 -51.7027 390.9629 165.5944 158.0443 -8.4103 -147.9765 100.0000 stroke1
movl 0 -51.8368 390.5357 165.7582 157.9889 -8.0047 -148.2559 100.0000 stroke1
movl 0 -51.7882 388.0333 166.3223 156.8056 -7.6369 -147.2963 100.0000 stroke1
movl 0 -51.0266 386.7700 166.6268 156.0306 -7.5207 -146.9489 100.0000 stroke1
movl 0 -50.3779 386.0568 166.8347 155.5927 -7.4292 -146.7839 100.0000 stroke1
movl 0 -50.7894 386.7217 167.0543 156.4259 -7.6017 -147.1619 100.0000 stroke1
movl 0 -51.0055 387.7973 167.8232 158.0703 -8.1945 -148.6510 100.0000 stroke1
movl 0 -50.7804 384.0312 169.5430 155.1931 -9.3960 -141.0448 100.0000 stroke1
movl 0 -29.6036 369.3372 178.6777 138.5700 0.2516 -124.4704 100.0000 stroke1
movl 0 -26.3513 347.0831 227.9416 129.3954 24.2400 -113.3490 100.0000 stroke1
movl 0 -26.5616 390.0718 184.5105 143.0656 -7.1663 -116.5978 100.0000 stroke2
movl 0 -25.8534 388.9646 167.7562 146.7301 -5.4471 -118.5892 100.0000 stroke2
movl 0 -34.1801 387.3833 168.1129 150.4707 -4.1352 -119.8393 100.0000 stroke2
movl 0 -34.2283 389.4708 167.6923 151.4241 -4.5221 -120.5284 100.0000 stroke2
movl 0 -35.4569 389.7417 167.3018 151.8197 -4.0600 -120.6802 100.0000 stroke2
movl 0 -38.2196 391.5440 166.3736 152.9018 -4.0333 -121.0012 100.0000 stroke2
movl 0 -41.1659 394.9647 165.4377 155.2443 -5.7434 -123.1374 100.0000 stroke2
movl 0 -42.4235 396.7616 165.2687 157.1026 -7.5599 -126.6289 100.0000 stroke2
movl 0 -43.9331 397.6138 165.3407 158.2669 -8.9003 -128.9210 100.0000 stroke2
movl 0 -44.1748 398.1730 165.7096 159.2244 -10.5132 -131.2980 100.0000 stroke2
movl 0 -44.6190 398.8678 166.3379 160.5173 -12.1304 -133.8268 100.0000 stroke2
movl 0 -44.6888 399.3573 166.7777 161.8396 -13.8212 -136.7423 100.0000 stroke2
movl 0 -44.9097 400.2809 167.1112 163.8237 -15.8777 -140.4405 100.0000 stroke2
movl 0 -45.6562 401.6691 167.3291 166.3612 -17.6892 -144.0691 100.0000 stroke2
movl 0 -46.3745 403.4966 167.4157 169.2191 -19.3406 -147.5170 100.0000 stroke2
movl 0 -47.4205 405.7746 167.4060 172.7423 -20.6792 -151.1476 100.0000 stroke2
movl 0 -48.5587 407.8452 167.3671 176.0464 -21.5860 -154.2704 100.0000 stroke2
movl 0 -47.5630 408.3032 167.4838 177.2703 -22.2651 -156.5609 100.0000 stroke2
movl 0 -47.3841 408.0847 167.8193 178.4065 -22.4929 -158.9851 100.0000 stroke2
movl 0 -48.7675 408.7597 167.6550 179.8860 -22.3115 -160.2322 100.0000 stroke2
movl 0 -47.6391 406.3175 168.7111 178.0191 -21.9615 -159.6565 100.0000 stroke2
movl 0 -45.7727 396.1589 173.4617 171.5700 -20.2185 -156.3376 100.0000 stroke2
movl 0 -34.5210 376.7327 201.3055 154.4566 -17.1941 -147.2446 100.0000 stroke2
movl 0 -35.1640 387.3957 195.6843 150.8994 -17.4812 -135.2835 100.0000 stroke3
movl 0 -38.5837 385.2537 174.8748 156.2106 -17.6625 -140.4530 100.0000 stroke3
movl 0 -45.0000 385.7044 173.2114 158.9261 -16.0988 -142.0650 100.0000 stroke3
movl 0 -49.4654 387.1854 171.8680 159.8021 -15.7932 -141.3722 100.0000 stroke3
movl 0 -53.8335 387.1439 170.7230 159.8314 -15.0276 -139.5956 100.0000 stroke3
movl 0 -57.1994 387.3486 170.2151 161.0819 -13.7816 -140.5320 100.0000 stroke3
movl 0 -62.3812 386.2872 170.7915 162.9144 -12.1031 -142.2591 100.0000 stroke3
movl 0 -64.3280 385.6434 170.9818 163.3096 -11.2298 -143.1472 100.0000 stroke3
movl 0 -64.2716 386.0241 171.0884 163.6668 -10.8715 -144.3271 100.0000 stroke3
movl 0 -61.5956 386.9304 171.4354 163.9805 -11.0587 -146.2234 100.0000 stroke3
movl 0 -57.6631 388.4588 171.6453 164.4772 -11.4462 -148.3479 100.0000 stroke3
movl 0 -54.3553 390.1669 171.5812 165.1138 -11.4474 -150.6650 100.0000 stroke3
movl 0 -53.2683 389.7279 171.7964 164.7827 -11.4452 -150.8047 100.0000 stroke3
movl 0 -50.5136 387.2696 172.7459 163.2196 -11.7861 -150.3624 100.0000 stroke3
movl 0 -51.3633 388.3622 172.7011 164.2879 -11.8660 -150.5423 100.0000 stroke3
movl 0 -51.0654 389.1184 172.4468 164.9609 -12.3876 -150.3681 100.0000 stroke3
movl 0 -47.5336 384.3285 173.2031 160.1048 -13.9678 -144.7566 100.0000 stroke3
movl 0 -21.8496 377.0918 207.5909 144.0712 -14.9441 -134.4520 100.0000 stroke3
movl 0 -34.6705 379.9667 195.2943 155.7887 -18.9907 -132.6748 100.0000 stroke4
movl 0 -41.4024 375.5145 177.3899 159.3814 -17.2279 -134.5935 100.0000 stroke4
movl 0 -51.1284 372.3753 174.6858 160.0792 -14.5684 -134.1087 100.0000 stroke4
movl 0 -57.2766 372.1023 173.6789 160.8911 -13.3491 -133.8868 100.0000 stroke4
movl 0 -60.7273 373.2158 172.7610 162.4640 -12.8475 -134.7818 100.0000 stroke4
movl 0 -67.2902 371.7759 173.1270 164.7715 -10.6239 -136.7800 100.0000 stroke4
movl 0 -69.5949 372.9455 173.2914 166.7387 -10.2208 -138.8550 100.0000 stroke4
movl 0 -71.1685 372.5250 173.7547 167.4950 -9.7854 -139.7973 100.0000 stroke4
movl 0 -72.2038 372.2484 173.8641 167.4624 -9.1449 -140.4772 100.0000 stroke4
movl 0 -70.6202 373.4326 173.9291 167.5111 -9.0407 -141.9192 100.0000 stroke4
movl 0 -70.8417 372.0104 174.5092 167.1943 -9.3074 -141.1488 100.0000 stroke4
movl 0 -70.9342 372.5936 174.3684 167.3623 -8.8680 -142.0633 100.0000 stroke4
movl 0 -67.8371 375.0025 174.3144 167.4637 -8.8962 -143.8015 100.0000 stroke4
movl 0 -66.7771 374.7798 174.6516 167.1972 -9.3135 -143.5550 100.0000 stroke4
movl 0 -66.5529 375.4161 174.5626 167.3516 -9.2737 -143.9505 100.0000 stroke4
movl 0 -64.4787 376.8052 174.6666 167.3372 -9.1632 -145.2874 100.0000 stroke4
movl 0 -62.9239 377.8312 174.7808 167.2885 -9.1540 -145.9880 100.0000 stroke4
movl 0 -61.5348 378.5677 174.8868 167.2048 -9.2159 -146.3997 100.0000 stroke4
movl 0 -59.9614 379.1683 175.1208 167.0515 -9.3067 -146.8034 100.0000 stroke4
movl 0 -58.8499 379.5976 175.2878 166.9130 -9.3550 -147.0532 100.0000 stroke4
movl 0 -57.3421 380.1997 175.4441 166.7683 -9.5081 -147.3296 100.0000 stroke4
movl 0 -55.7900 380.2120 175.9270 166.4241 -9.5596 -147.6039 100.0000 stroke4
movl 0 -42.2067 372.8660 186.9394 160.7805 -10.0187 -147.8895 100.0000 stroke4
movl 0 -6.5549 399.8488 189.2263 145.1331 -4.6952 -118.6604 100.0000 stroke5
movl 0 -18.4010 395.4063 171.5019 149.3552 -3.3277 -120.1107 100.0000 stroke5
movl 0 -24.6020 393.5717 170.7601 151.9274 -2.2475 -122.0434 100.0000 stroke5
movl 0 -29.3236 392.7764 170.4998 152.9321 -1.3508 -122.4401 100.0000 stroke5
movl 0 -30.2412 395.5168 169.0885 153.6451 -2.3046 -123.2827 100.0000 stroke5
movl 0 -34.0686 398.7246 168.0781 156.1310 -3.4354 -124.5764 100.0000 stroke5
movl 0 -34.0884 401.3445 167.9212 157.7338 -5.0409 -127.2319 100.0000 stroke5
movl 0 -34.4343 402.7315 168.1826 158.5528 -6.2408 -128.7660 100.0000 stroke5
movl 0 -33.9314 404.5152 168.9802 160.2059 -8.7338 -131.5005 100.0000 stroke5
movl 0 -34.2974 407.4346 169.8968 163.0628 -11.7090 -134.8217 100.0000 stroke5
movl 0 -35.4258 409.9082 170.4918 165.8255 -13.6539 -137.4254 100.0000 stroke5
movl 0 -36.5481 411.9314 170.8203 168.5751 -15.4013 -140.4048 100.0000 stroke5
movl 0 -34.0266 410.3219 171.5495 167.5213 -15.4987 -141.7902 100.0000 stroke5
movl 0 -36.1543 410.9190 171.4587 169.3217 -15.9751 -142.9571 100.0000 stroke5
movl 0 -36.5481 408.7396 172.1622 168.4251 -15.0715 -143.3897 100.0000 stroke5
movl 0 -31.8200 389.9485 177.6560 157.6628 -9.9272 -140.9296 100.0000 stroke5
movl 0 -30.4668 360.0012 230.7585 141.3222 3.8754 -136.1337 100.0000 stroke5
movl 0 -29.0860 368.3168 230.9896 146.6739 -1.0628 -134.4553 100.0000 stroke6
movl 0 -26.9652 378.7944 176.4135 151.4146 -5.9021 -142.9323 100.0000 stroke6
movl 0 -32.5616 381.1930 176.4651 154.2028 -5.9679 -144.4039 100.0000 stroke6
movl 0 -35.5654 383.6229 173.5985 155.3951 -7.0408 -143.1963 100.0000 stroke6
movl 0 -39.8505 385.6481 171.8281 156.4307 -6.3778 -141.8561 100.0000 stroke6
movl 0 -43.0830 387.2585 170.9315 157.8683 -5.8408 -142.0139 100.0000 stroke6
movl 0 -49.7974 387.3937 171.5896 160.7225 -3.9187 -143.5260 100.0000 stroke6
movl 0 -52.4772 385.9378 171.4995 160.7493 -2.3918 -143.8008 100.0000 stroke6
movl 0 -49.7472 387.3802 171.7025 160.9646 -2.4469 -144.9374 100.0000 stroke6
movl 0 -46.5080 388.9218 172.1067 161.2800 -2.5298 -146.2183 100.0000 stroke6
movl 0 -42.0279 391.3804 172.3632 161.7977 -2.8907 -148.0720 100.0000 stroke6
movl 0 -38.6444 393.8400 172.2720 162.4320 -3.0501 -149.9879 100.0000 stroke6
movl 0 -34.9632 396.1010 172.2341 163.0295 -3.4849 -151.9466 100.0000 stroke6
movl 0 -32.5036 396.4455 172.5523 162.8012 -4.2332 -152.2898 100.0000 stroke6
movl 0 -25.3604 397.1859 173.0063 161.7470 -6.4667 -152.1910 100.0000 stroke6
movl 0 -22.0322 397.9340 173.0435 161.3845 -7.5554 -152.4632 100.0000 stroke6
movl 0 -19.3143 403.1226 171.6218 162.9430 -9.3881 -153.3504 100.0000 stroke6
movl 0 -13.0186 412.7050 170.0579 167.1673 -13.1575 -156.1128 100.0000 stroke6
movl 0 -5.0636 420.9654 167.1223 169.3444 -17.1798 -157.4127 100.0000 stroke6
movl 0 -2.1602 425.5667 165.4976 171.2829 -19.6789 -158.1368 100.0000 stroke6
movl 0 -2.3482 428.6128 165.2927 174.0311 -21.3178 -159.1497 100.0000 stroke6
movl 0 -2.8779 431.0473 164.7434 176.6625 -22.7340 -160.1517 100.0000 stroke6
movl 0 -3.8896 433.2317 164.0739 179.1849 -23.8486 -161.3182 100.0000 stroke6
movl 0 -5.5949 433.1505 164.1850 -179.7228 -24.2787 -161.4963 100.0000 stroke6
movl 0 -6.4473 432.3777 164.6632 -179.8169 -24.3153 -160.7967 100.0000 stroke6
movl 0 -4.1406 428.8261 166.3757 177.6194 -23.3650 -160.5165 100.0000 stroke6
movl 0 -6.0217 429.1584 166.2202 178.3727 -23.2644 -159.8302 100.0000 stroke6
movl 0 -5.5617 426.3785 167.5685 176.7000 -22.5601 -159.3155 100.0000 stroke6
movl 0 -6.6034 426.1894 167.5743 176.8350 -22.4972 -158.8312 100.0000 stroke6
movl 0 -6.4734 424.3406 168.3429 175.6534 -21.9273 -158.4138 100.0000 stroke6
movl 0 -7.0773 422.7915 169.0093 174.9807 -21.4681 -157.9794 100.0000 stroke6
movl 0 -7.5420 420.6985 169.9940 174.0441 -21.0251 -157.3801 100.0000 stroke6
movl 0 -4.0344 400.6173 181.9804 160.8622 -17.3622 -149.8591 100.0000 stroke6
movl 0 -8.4060 369.8125 244.5018 145.7528 -9.4724 -141.3538 100.0000 stroke6
movl 0 -20.3248 380.3577 202.1284 150.0392 -6.8312 -130.9982 100.0000 stroke7
movl 0 -26.4625 384.4072 178.5805 154.8501 -6.6104 -134.8525 100.0000 stroke7
movl 0 -33.1637 385.9998 177.2237 158.1252 -6.9155 -136.3618 100.0000 stroke7
movl 0 -38.2737 385.8474 177.1251 160.0026 -6.2013 -137.1307 100.0000 stroke7
movl 0 -41.1409 386.5604 176.5861 160.8163 -5.9345 -137.5037 100.0000 stroke7
movl 0 -41.8927 387.4801 175.9963 161.1964 -6.1958 -138.4185 100.0000 stroke7
movl 0 -45.6358 388.2372 175.5020 162.7255 -5.3603 -139.9481 100.0000 stroke7
movl 0 -48.0677 387.7899 175.5137 163.3263 -4.6694 -140.5702 100.0000 stroke7
movl 0 -48.9712 387.9670 175.3793 163.7083 -4.3248 -141.4723 100.0000 stroke7
movl 0 -48.6768 388.5175 175.3584 164.0985 -4.1699 -142.4905 100.0000 stroke7
movl 0 -47.7828 388.9430 175.3733 164.4047 -3.9809 -143.5268 100.0000 stroke7
movl 0 -46.0597 389.8600 175.4517 164.7714 -4.0385 -144.9827 100.0000 stroke7
movl 0 -44.2908 391.4122 175.4941 165.3484 -3.8296 -146.8247 100.0000 stroke7
movl 0 -43.1977 392.7469 175.3597 165.8491 -3.7704 -148.2080 100.0000 stroke7
movl 0 -42.4387 391.9691 175.7849 165.4656 -3.7791 -148.3165 100.0000 stroke7
movl 0 -39.9184 390.0133 176.6067 164.1719 -4.0990 -148.2198 100.0000 stroke7
movl 0 -41.2864 391.6029 176.4682 165.5230 -4.2680 -148.4006 100.0000 stroke7
movl 0 -41.4596 392.5858 176.4369 166.2430 -4.4974 -148.5604 100.0000 stroke7
movl 0 -35.7682 382.6880 179.5942 158.7052 -6.0542 -141.6397 100.0000 stroke7
movl 0 -17.0959 360.4210 229.1027 140.4608 -4.3812 -136.5126 100.0000 stroke7
movl 0 -16.5951 374.6791 206.4293 154.9862 -20.1133 -148.3482 100.0000 stroke8
movl 0 -19.5182 379.4527 177.7314 160.9745 -19.8820 -154.7371 100.0000 stroke8
movl 0 -27.7864 377.8535 177.9669 163.1046 -17.3947 -157.1616 100.0000 stroke8
movl 0 -30.3163 378.4134 176.3855 163.8055 -16.4955 -158.3756 100.0000 stroke8
movl 0 -31.0807 379.7357 174.9162 163.6527 -16.8720 -158.2655 100.0000 stroke8
movl 0 -32.8570 381.2085 173.9096 164.3717 -16.5147 -158.8027 100.0000 stroke8
movl 0 -34.5561 382.2688 173.2326 165.0808 -15.9515 -159.6366 100.0000 stroke8
movl 0 -35.6717 383.2261 173.1146 166.3357 -15.7937 -160.5462 100.0000 stroke8
movl 0 -36.6224 382.5615 173.2066 166.3170 -15.5059 -161.2652 100.0000 stroke8
movl 0 -39.0783 381.6319 173.3964 166.6292 -14.2499 -162.8870 100.0000 stroke8
movl 0 -37.8526 382.4685 173.4967 167.1349 -14.1966 -164.3482 100.0000 stroke8
movl 0 -37.2449 382.9452 173.6393 167.5162 -13.6934 -165.7410 100.0000 stroke8
movl 0 -37.3761 382.8339 173.8368 167.7326 -12.9879 -166.7059 100.0000 stroke8
movl 0 -36.1286 383.7884 173.8498 168.2576 -12.5658 -168.1838 100.0000 stroke8
movl 0 -33.8450 385.2169 173.8189 168.8201 -12.3835 -169.5827 100.0000 stroke8
movl 0 -32.0064 386.0934 173.7258 169.1370 -12.0580 -170.7025 100.0000 stroke8
movl 0 -31.3743 387.2566 173.4674 169.7317 -11.6865 -171.8491 100.0000 stroke8
movl 0 -29.2996 384.7927 174.4305 168.2292 -12.1702 -171.5119 100.0000 stroke8
movl 0 -30.1781 386.3543 174.5354 169.7854 -11.9504 -172.0351 100.0000 stroke8
movl 0 -30.7087 386.7785 174.4948 170.1018 -12.3465 -171.0926 100.0000 stroke8
movl 0 -26.8696 375.7528 177.9029 160.8852 -15.7554 -158.0590 100.0000 stroke8
movl 0 -26.4436 359.8673 225.5923 144.1817 -8.8374 -137.5410 100.0000 stroke8
movl 0 -16.6310 380.4332 207.2152 143.9643 -0.1556 -117.9985 100.0000 stroke9
movl 0 -12.5598 385.3136 170.7160 148.1373 2.5210 -120.4211 100.0000 stroke9
movl 0 -15.1016 388.8089 169.5880 151.3735 1.0029 -121.2496 100.0000 stroke9
movl 0 -16.6014 393.0873 167.8693 153.1218 -0.9402 -121.2263 100.0000 stroke9
movl 0 -18.2278 394.3785 167.8865 153.8904 -1.4031 -121.5317 100.0000 stroke9
movl 0 -22.8935 396.9776 167.1334 156.0273 -1.8376 -123.0680 100.0000 stroke9
movl 0 -23.5633 400.9118 166.7327 158.8108 -4.5524 -127.6057 100.0000 stroke9
movl 0 -25.3045 402.0743 166.9393 159.9930 -6.4996 -129.4751 100.0000 stroke9
movl 0 -25.0475 403.5666 167.0594 161.0594 -8.4512 -131.7420 100.0000 stroke9
movl 0 -24.9851 404.1920 167.3910 161.8717 -9.8105 -133.2845 100.0000 stroke9
movl 0 -24.9863 404.8229 168.0007 163.0541 -11.3261 -135.1276 100.0000 stroke9
movl 0 -25.0009 406.2341 168.5788 164.8964 -13.2201 -137.8655 100.0000 stroke9
movl 0 -25.4257 407.8001 168.9007 166.9825 -14.8740 -140.4385 100.0000 stroke9
movl 0 -26.2521 409.6394 169.1170 169.4645 -16.3681 -143.1781 100.0000 stroke9
movl 0 -26.6465 411.5018 169.3259 172.0046 -17.8142 -146.0597 100.0000 stroke9
movl 0 -27.4441 414.0358 169.0100 174.8175 -19.0547 -148.7096 100.0000 stroke9
movl 0 -28.5832 416.4582 168.6733 177.6147 -19.7965 -150.9922 100.0000 stroke9
movl 0 -30.1400 418.7384 168.1851 -179.6714 -20.4203 -152.3815 100.0000 stroke9
movl 0 -31.0655 418.9665 168.1555 -178.6562 -20.5172 -153.0481 100.0000 stroke9
movl 0 -29.3353 418.1148 168.5959 -179.4818 -20.7224 -152.7224 100.0000 stroke9
movl 0 -29.9015 417.3899 169.0678 -179.6269 -20.4861 -152.1329 100.0000 stroke9
movl 0 -30.5511 417.4102 168.9058 -179.3215 -20.4893 -152.0191 100.0000 stroke9
movl 0 -25.2556 408.8315 173.0113 174.9256 -19.6392 -150.1165 100.0000 stroke9
movl 0 -0.8807 375.1812 208.5047 151.9434 -15.2736 -140.3413 100.0000 stroke9
movl 0 -14.2324 360.2741 181.6217 149.8188 -2.5009 -124.6287 100.0000 stroke10
movl 0 -21.8575 357.1537 182.4096 153.5276 -1.3912 -126.8245 100.0000 stroke10
movl 0 -33.4933 359.4673 179.1789 157.3468 -0.4479 -128.5340 100.0000 stroke10
movl 0 -39.2582 360.9202 178.0807 158.2651 -0.6400 -127.7371 100.0000 stroke10
movl 0 -40.4208 362.8694 176.9750 158.7540 -1.3589 -127.4706 100.0000 stroke10
movl 0 -42.3516 364.5066 175.9573 159.2416 -1.8436 -127.0238 100.0000 stroke10
movl 0 -43.7314 365.6344 174.9747 159.7104 -1.7586 -127.1859 100.0000 stroke10
movl 0 -45.8490 366.1984 174.2817 160.6127 -1.3431 -127.5828 100.0000 stroke10
movl 0 -47.7713 366.2261 174.2459 161.5690 -0.9563 -128.1944 100.0000 stroke10
movl 0 -48.8446 366.0642 174.2684 162.0097 -0.6015 -128.7817 100.0000 stroke10
movl 0 -48.4520 366.3204 174.3413 162.3315 -0.4061 -129.8376 100.0000 stroke10
movl 0 -47.0363 367.5531 174.5257 162.8945 -0.5734 -131.6460 100.0000 stroke10
movl 0 -45.5645 368.9345 174.7801 163.5990 -0.7992 -133.5708 100.0000 stroke10
movl 0 -44.8025 370.0370 174.8641 164.2857 -0.7540 -135.2982 100.0000 stroke10
movl 0 -43.5444 371.8647 174.8527 165.1864 -0.8444 -137.3612 100.0000 stroke10
movl 0 -42.2806 373.4417 174.8208 166.0177 -0.7904 -139.4957 100.0000 stroke10
movl 0 -42.5868 373.9646 174.7352 166.3756 -0.7433 -140.0215 100.0000 stroke10
movl 0 -39.9915 371.0172 175.9166 164.6738 -0.8417 -139.6690 100.0000 stroke10
movl 0 -38.7133 370.1598 176.4740 164.1242 -0.7780 -139.8666 100.0000 stroke10
movl 0 -38.3739 369.8214 176.6811 164.0241 -0.7373 -139.9264 100.0000 stroke10
movl 0 -39.0059 370.9407 176.7457 165.1394 -1.2507 -139.9510 100.0000 stroke10
movl 0 -38.8871 371.8804 176.7153 165.8081 -1.8883 -139.9054 100.0000 stroke10
movl 0 -38.3962 367.5530 177.2379 163.4783 -1.7933 -137.0484 100.0000 stroke10
movl 0 -31.3251 354.6953 183.2081 155.8843 1.0161 -130.5294 100.0000 stroke10
movl 0 -32.9840 328.5581 246.0349 147.5055 7.6079 -124.1932 100.0000 stroke10
movl 0 -24.5249 355.0710 197.7579 153.3905 -5.6335 -128.0222 100.0000 stroke11
movl 0 -35.7925 356.1180 180.8475 157.3674 -4.7441 -128.8237 100.0000 stroke11
movl 0 -44.3467 355.1206 179.0675 158.6755 -3.0678 -128.8280 100.0000 stroke11
movl 0 -47.6043 354.7518 178.3807 159.2816 -2.8783 -128.7727 100.0000 stroke11
movl 0 -52.7681 355.1074 177.3553 160.5042 -2.6607 -128.8675 100.0000 stroke11
movl 0 -54.1196 356.1299 176.5031 161.0445 -2.7371 -129.2511 100.0000 stroke11
movl 0 -56.8767 357.4170 175.7374 162.3496 -2.4659 -130.2644 100.0000 stroke11
movl 0 -59.2854 358.5303 175.3838 163.7927 -2.4254 -131.3446 100.0000 stroke11
movl 0 -59.5084 359.5390 175.5970 164.6857 -2.7055 -132.2121 100.0000 stroke11
movl 0 -60.1667 359.8286 175.5415 164.9525 -2.4882 -132.7791 100.0000 stroke11
movl 0 -58.7189 360.6808 175.7641 165.3117 -2.5274 -134.1239 100.0000 stroke11
movl 0 -57.3417 361.8162 176.2406 165.9978 -2.4947 -135.9697 100.0000 stroke11
movl 0 -56.2670 363.1504 176.5738 166.9283 -2.2962 -137.8996 100.0000 stroke11
movl 0 -55.5776 364.2575 177.0112 167.8225 -1.9251 -139.9944 100.0000 stroke11
movl 0 -55.5678 365.6290 177.2832 168.9255 -1.4251 -142.2415 100.0000 stroke11
movl 0 -56.1809 366.8056 177.4829 170.0438 -0.7683 -144.6119 100.0000 stroke11
movl 0 -56.2041 368.7490 177.4645 171.3127 -0.3142 -147.0301 100.0000 stroke11
movl 0 -55.8596 370.6325 177.3726 172.2428 0.0319 -149.5163 100.0000 stroke11
movl 0 -56.3423 372.0620 177.2344 173.2095 0.6691 -152.3080 100.0000 stroke11
movl 0 -56.5175 373.8571 176.9567 174.1899 1.1538 -155.0892 100.0000 stroke11
movl 0 -56.1518 374.9899 176.8530 174.7205 1.5183 -157.4568 100.0000 stroke11
movl 0 -54.6589 376.9601 176.3960 175.3763 1.6914 -159.6282 100.0000 stroke11
movl 0 -52.6711 374.7224 177.5959 174.3048 0.8446 -159.1868 100.0000 stroke11
movl 0 -48.1956 371.2790 179.1730 172.1975 -0.3202 -158.5259 100.0000 stroke11
movl 0 -46.2954 369.8738 180.0241 171.3465 -0.5881 -158.5752 100.0000 stroke11
movl 0 -45.6769 369.3659 180.3406 171.0729 -0.6447 -158.6950 100.0000 stroke11
movl 0 -44.9459 368.6281 180.7405 170.6763 -0.6571 -158.9035 100.0000 stroke11
movl 0 -45.6297 369.7244 180.3966 171.4430 -0.6960 -159.0280 100.0000 stroke11
movl 0 -46.2573 371.7544 180.3729 173.0183 -1.1842 -159.5209 100.0000 stroke11
movl 0 -47.0264 373.3084 180.5274 174.3808 -1.3849 -160.3217 100.0000 stroke11
movl 0 -47.0926 374.5655 180.4804 175.2911 -1.6698 -161.0315 100.0000 stroke11
movl 0 -46.8049 374.6314 180.7008 175.5045 -1.8190 -161.3271 100.0000 stroke11
movl 0 -46.3718 374.1210 180.9720 175.4439 -1.9209 -161.4296 100.0000 stroke11
movl 0 -45.9381 373.4825 181.1525 174.9622 -2.1019 -161.1415 100.0000 stroke11
movl 0 -43.7782 371.5820 181.7567 173.5485 -2.8772 -160.2755 100.0000 stroke11
movl 0 -39.8125 368.1100 182.4601 171.0318 -4.2762 -157.7261 100.0000 stroke11
movl 0 -32.4008 352.8257 189.2111 163.5471 -4.5973 -150.3397 100.0000 stroke11
movl 0 -24.8953 333.0946 229.0527 155.1018 -4.4420 -143.2981 100.0000 stroke11
