movl 0 -44.0632 412.7383 166.0408 157.1650 -10.7334 -135.9359 100.0000 stroke1
movl 0 -44.2906 414.1156 166.0334 158.4461 -11.5302 -137.5967 100.0000 stroke1
movl 0 -43.5999 415.4671 165.8990 159.4162 -12.4036 -139.2455 100.0000 stroke1
movl 0 -42.6983 416.5539 165.7495 159.8959 -13.3696 -140.5197 100.0000 stroke1
movl 0 -41.3581 415.3648 166.1186 158.9465 -13.9350 -140.4931 100.0000 stroke1
movl 0 -35.1790 404.0344 166.3374 150.2723 -12.5161 -136.8445 100.0000 stroke1
movl 0 -35.4013 397.5187 165.9423 145.7413 -10.0034 -133.9435 100.0000 stroke1
movl 0 -40.5080 400.4386 166.7845 149.9061 -10.9818 -137.1633 100.0000 stroke1
movl 0 -41.5508 404.7387 166.2992 154.0836 -13.0973 -142.4613 100.0000 stroke1
movl 0 -43.6702 406.7316 165.9440 156.3854 -13.5667 -144.8507 100.0000 stroke1
movl 0 -45.6103 409.0790 166.3219 159.6398 -14.4938 -148.5841 100.0000 stroke1
movl 0 -45.9929 410.8423 166.6398 162.3046 -15.5734 -153.1749 100.0000 stroke1
movl 0 -45.3907 412.1407 166.5064 163.5362 -16.7337 -155.0979 100.0000 stroke1
movl 0 -45.6273 412.2072 166.8467 164.4131 -17.4248 -156.0512 100.0000 stroke1
movl 0 -45.8359 411.7389 167.1916 164.7878 -17.8820 -156.2216 100.0000 stroke1
movl 0 -45.8655 411.1297 167.5152 164.8203 -18.3142 -156.1396 100.0000 stroke1
movl 0 -44.1549 406.2916 170.2231 162.6897 -19.4164 -155.3313 100.0000 stroke1
movl 0 -37.4274 386.3162 189.1724 155.2619 -30.4975 -165.9849 100.0000 stroke1
movl 0 -28.2592 374.8886 206.0825 -178.0376 -39.6731 145.4603 100.0000 stroke2
movl 0 -33.1340 379.9025 176.9019 -167.5869 -31.1587 127.6900 100.0000 stroke2
movl 0 -43.9369 382.4791 174.3928 -164.2824 -24.6204 117.7489 100.0000 stroke2
movl 0 -49.9682 385.3582 171.4566 -163.0779 -23.4177 116.9843 100.0000 stroke2
movl 0 -56.4659 385.1989 170.3294 -164.0529 -24.1333 119.5535 100.0000 stroke2
movl 0 -56.8096 386.0061 168.6180 -162.6987 -23.2667 117.5927 100.0000 stroke2
movl 0 -58.4997 385.8047 167.6676 -162.5695 -22.9296 116.8278 100.0000 stroke2
movl 0 -60.0904 384.2347 167.1542 -163.9115 -23.8368 119.1265 100.0000 stroke2
movl 0 -63.2341 381.7029 167.1544 -166.1186 -23.6874 120.4499 100.0000 stroke2
movl 0 -67.0552 379.7006 167.4480 -168.2096 -22.8246 120.4760 100.0000 stroke2
movl 0 -69.2416 378.9792 167.6711 -169.2591 -21.9873 119.9322 100.0000 stroke2
movl 0 -70.5832 378.8307 168.0210 -169.7556 -21.1648 119.2794 100.0000 stroke2
movl 0 -72.5794 377.7666 167.9467 -170.7900 -21.1722 119.0863 100.0000 stroke2
movl 0 -72.2013 378.1592 168.0293 -170.9872 -20.6851 118.0649 100.0000 stroke2
movl 0 -71.0048 378.5516 168.2396 -171.1937 -20.4437 117.0417 100.0000 stroke2
movl 0 -68.2977 379.4621 168.4773 -171.0127 -20.1582 115.8164 100.0000 stroke2
movl 0 -65.6916 380.3700 168.6901 -171.0926 -19.9278 114.8729 100.0000 stroke2
movl 0 -62.7945 381.4181 168.8845 -171.0688 -19.5874 113.5901 100.0000 stroke2
movl 0 -60.2242 382.8978 168.9354 -170.9740 -19.3759 111.5076 100.0000 stroke2
movl 0 -58.0358 384.4478 168.8728 -170.9754 -18.9036 109.7866 100.0000 stroke2
movl 0 -56.6948 383.2090 169.4524 -170.3121 -19.5636 109.6524 100.0000 stroke2
movl 0 -54.2255 381.7376 170.0826 -169.5305 -20.7779 109.4696 100.0000 stroke2
movl 0 -53.7950 381.6759 170.2055 -169.3153 -20.7543 109.1603 100.0000 stroke2
movl 0 -53.9660 381.9198 170.1636 -169.2827 -20.2097 108.7240 100.0000 stroke2
movl 0 -54.0326 382.9963 170.2549 -168.7619 -18.3791 107.3731 100.0000 stroke2
movl 0 -48.4107 379.7719 172.6927 -164.4182 -20.9677 106.8410 100.0000 stroke2
movl 0 -28.5218 362.2516 204.7249 -140.9649 -26.1113 79.7045 100.0000 stroke2
movl 0 -30.8283 371.3303 194.7246 -139.5219 -4.3478 63.7659 100.0000 stroke3
movl 0 -37.7155 376.1099 171.0943 -147.2563 8.5247 50.7183 100.0000 stroke3
movl 0 -40.8731 376.6839 169.0905 -151.0388 12.5494 42.0632 100.0000 stroke3
movl 0 -41.4954 378.0422 168.3013 -153.1290 14.3307 40.4599 100.0000 stroke3
movl 0 -44.5654 377.0527 167.1462 -152.2323 12.4411 43.6622 100.0000 stroke3
movl 0 -45.1612 377.9419 165.6245 -151.2657 10.2838 49.6272 100.0000 stroke3
movl 0 -45.5987 379.3521 164.7759 -151.3634 9.9586 51.1792 100.0000 stroke3
movl 0 -46.6283 380.3730 164.6145 -152.5372 9.8474 49.8767 100.0000 stroke3
movl 0 -47.2451 381.0885 164.8692 -153.7346 9.9845 48.5624 100.0000 stroke3
movl 0 -47.6223 380.7586 165.2394 -154.0847 9.7276 47.8614 100.0000 stroke3
movl 0 -45.8416 381.2523 165.4448 -154.4514 9.6635 46.5450 100.0000 stroke3
movl 0 -43.0272 382.5148 165.6024 -155.0640 9.7348 44.4832 100.0000 stroke3
movl 0 -41.1362 383.1805 165.5271 -155.2939 9.8394 43.3816 100.0000 stroke3
movl 0 -39.7809 381.1259 166.2451 -153.9034 9.6978 43.7831 100.0000 stroke3
movl 0 -39.4865 381.4518 166.1482 -154.1085 9.9045 43.6989 100.0000 stroke3
movl 0 -39.9527 382.0275 166.2492 -155.3332 10.4025 43.8066 100.0000 stroke3
movl 0 -34.8592 374.1234 171.3194 -148.0120 9.5085 50.9820 100.0000 stroke3
movl 0 -36.2769 354.3045 232.4321 -133.4645 -14.0438 72.5532 100.0000 stroke3
movl 0 -24.4199 390.2875 236.2761 -142.1458 5.7598 73.3187 100.0000 stroke4
movl 0 -28.2793 383.6645 175.5464 -145.6509 4.0706 70.0163 100.0000 stroke4
movl 0 -30.3430 376.6807 174.4815 -147.0004 4.1275 65.9000 100.0000 stroke4
movl 0 -38.4826 376.7061 170.8488 -149.8924 4.2147 65.8161 100.0000 stroke4
movl 0 -43.0490 377.0976 169.2984 -150.8148 4.2089 66.5020 100.0000 stroke4
movl 0 -44.5037 378.9738 167.4186 -151.1840 4.7490 66.9062 100.0000 stroke4
movl 0 -44.9305 380.5000 166.0437 -151.5010 5.1717 67.0104 100.0000 stroke4
movl 0 -46.8700 380.6368 165.9843 -152.7393 4.7058 66.0706 100.0000 stroke4
movl 0 -48.8972 381.1771 166.2045 -154.3714 4.7086 65.3056 100.0000 stroke4
movl 0 -49.5845 380.8846 166.6744 -154.9388 4.6653 64.6960 100.0000 stroke4
movl 0 -48.8992 380.8214 166.9229 -155.0698 4.5730 63.7598 100.0000 stroke4
movl 0 -45.6413 382.3132 167.2636 -155.6615 4.7921 61.4999 100.0000 stroke4
movl 0 -41.8931 384.4255 167.3544 -156.3295 5.1601 59.0752 100.0000 stroke4
movl 0 -40.7200 383.1250 167.8576 -155.5668 5.0345 59.0542 100.0000 stroke4
movl 0 -38.1036 381.7787 168.2386 -154.1241 4.8536 59.1900 100.0000 stroke4
movl 0 -39.1020 383.3417 168.5232 -155.6692 5.8128 58.9370 100.0000 stroke4
movl 0 -38.4024 382.3425 169.1085 -154.1508 6.1723 61.1101 100.0000 stroke4
movl 0 -29.0290 366.9089 200.7304 -141.5452 -2.2042 68.1170 100.0000 stroke4
movl 0 -27.7573 379.6296 179.9706 -145.9637 8.5644 69.3917 100.0000 stroke5
movl 0 -36.0301 373.4083 173.7810 -148.7934 5.8195 68.3991 100.0000 stroke5
movl 0 -39.2380 378.2566 168.5154 -150.9525 6.2816 68.5129 100.0000 stroke5
movl 0 -41.5936 378.3847 167.8611 -151.5835 5.9657 68.7366 100.0000 stroke5
movl 0 -45.7184 380.7807 167.2450 -153.9503 7.1063 67.2113 100.0000 stroke5
movl 0 -48.4298 383.5000 167.3719 -156.6486 8.8827 64.7735 100.0000 stroke5
movl 0 -48.1917 385.0537 167.6142 -157.8323 10.1675 62.6519 100.0000 stroke5
movl 0 -48.1447 385.7837 168.1330 -158.7612 11.5470 60.8822 100.0000 stroke5
movl 0 -48.3466 386.7849 168.8179 -160.5346 13.7324 57.7489 100.0000 stroke5
movl 0 -49.5653 388.4131 169.4462 -163.3754 16.3021 54.2186 100.0000 stroke5
movl 0 -49.8326 387.8554 170.2219 -164.2344 17.1925 52.1016 100.0000 stroke5
movl 0 -49.6717 388.3578 170.1110 -165.0240 18.0374 51.2218 100.0000 stroke5
movl 0 -47.6726 382.7938 172.8704 -161.4889 15.5211 52.5349 100.0000 stroke5
movl 0 -37.5872 362.8485 224.5517 -145.5508 0.9349 61.0734 100.0000 stroke5
movl 0 -16.5133 383.0825 236.5256 -140.3502 2.9083 74.3565 100.0000 stroke6
movl 0 -27.3026 373.5144 177.8905 -147.7450 3.8514 71.4690 100.0000 stroke6
movl 0 -35.7221 366.4077 178.9140 -150.8419 1.4782 68.3564 100.0000 stroke6
movl 0 -41.7856 369.8532 175.4363 -153.5268 3.4602 67.4440 100.0000 stroke6
movl 0 -45.1749 371.4033 173.6394 -154.3534 3.7231 67.6008 100.0000 stroke6
movl 0 -47.2507 372.7009 172.2438 -154.6446 3.5825 68.4956 100.0000 stroke6
movl 0 -49.1897 374.1329 171.1343 -155.4094 3.8208 68.7375 100.0000 stroke6
movl 0 -51.2050 374.7387 171.1346 -156.9390 3.6163 67.2566 100.0000 stroke6
movl 0 -49.3534 375.8784 171.2402 -157.4156 3.8922 65.4713 100.0000 stroke6
movl 0 -44.7664 378.1720 171.3430 -157.8997 4.4644 62.4883 100.0000 stroke6
movl 0 -41.2153 378.5748 171.6192 -156.9720 5.1422 61.6597 100.0000 stroke6
movl 0 -40.8691 383.0803 170.5527 -158.3138 7.5760 60.0809 100.0000 stroke6
movl 0 -38.5031 389.3995 169.2207 -159.9253 10.9716 57.8156 100.0000 stroke6
movl 0 -37.2887 393.4999 168.2595 -160.7866 13.7741 56.8046 100.0000 stroke6
movl 0 -38.3181 395.8614 168.3133 -162.6207 16.5463 55.6379 100.0000 stroke6
movl 0 -38.9605 395.8009 168.4836 -163.2176 17.7677 55.6888 100.0000 stroke6
movl 0 -36.0071 390.7999 171.6669 -160.6203 17.0331 56.1148 100.0000 stroke6
movl 0 -25.4854 351.0416 223.7674 -142.7325 0.3655 59.9970 100.0000 stroke6
movl 0 -29.7609 358.4820 198.6185 -147.2735 8.9735 60.0667 100.0000 stroke7
movl 0 -32.1815 359.4438 176.0152 -151.5358 10.9968 52.2377 100.0000 stroke7
movl 0 -41.1240 358.2185 175.7220 -155.4969 9.1899 49.6555 100.0000 stroke7
movl 0 -44.2422 359.9546 174.0666 -156.2587 10.7766 50.9240 100.0000 stroke7
movl 0 -46.3422 361.7760 172.3729 -156.6921 11.2076 51.2751 100.0000 stroke7
movl 0 -47.6211 362.2413 171.1732 -156.7834 10.8003 51.2384 100.0000 stroke7
movl 0 -50.0787 363.3591 170.7518 -158.2991 10.4723 50.2132 100.0000 stroke7
movl 0 -51.5773 362.8791 171.0519 -159.1617 9.9343 49.1535 100.0000 stroke7
movl 0 -50.7762 362.7285 171.3885 -159.5002 9.7584 48.0534 100.0000 stroke7
movl 0 -48.8815 363.7049 171.5387 -160.1456 9.8442 46.2548 100.0000 stroke7
movl 0 -47.5053 364.0413 171.5474 -160.6852 9.7461 44.8609 100.0000 stroke7
movl 0 -45.6630 363.0732 172.0023 -160.0213 9.9058 44.7672 100.0000 stroke7
movl 0 -46.1639 363.6116 171.9645 -160.7333 10.0148 44.6962 100.0000 stroke7
movl 0 -45.5703 361.3879 172.4695 -158.2563 9.1668 48.0115 100.0000 stroke7
movl 0 -38.3404 357.5541 194.6846 -147.3615 -2.5654 59.8700 100.0000 stroke7
movl 0 -10.2566 394.2798 184.1781 -146.7076 1.5531 65.9697 100.0000 stroke8
movl 0 -23.2957 387.0637 173.6090 -149.7612 -0.1636 62.1850 100.0000 stroke8
movl 0 -29.1059 389.0005 170.9072 -151.9038 -0.0035 60.4242 100.0000 stroke8
movl 0 -28.8430 388.2073 169.0359 -152.1059 -0.6659 60.8002 100.0000 stroke8
movl 0 -29.5318 389.5299 168.1453 -152.3636 -0.3678 61.1915 100.0000 stroke8
movl 0 -32.2469 390.6829 167.6935 -154.2819 -0.4889 60.5259 100.0000 stroke8
movl 0 -34.4937 390.8413 168.0243 -155.6451 -0.5137 59.6745 100.0000 stroke8
movl 0 -35.4666 390.5083 168.2666 -156.2580 -0.9546 58.8278 100.0000 stroke8
movl 0 -33.9139 391.0735 168.6503 -156.6874 -0.7267 57.2052 100.0000 stroke8
movl 0 -31.3610 392.1091 168.9460 -157.2571 -0.5898 55.1654 100.0000 stroke8
movl 0 -28.2620 393.3766 169.0086 -157.9418 -0.4839 52.7805 100.0000 stroke8
movl 0 -26.7199 393.0798 169.1608 -157.4897 -0.3804 52.4163 100.0000 stroke8
movl 0 -23.6694 390.7832 169.8352 -155.6967 -0.7095 52.6148 100.0000 stroke8
movl 0 -23.4767 391.5324 169.7367 -156.0627 -0.2522 52.5972 100.0000 stroke8
movl 0 -23.8553 393.4591 169.8487 -157.6255 1.3267 52.4176 100.0000 stroke8
movl 0 -18.2336 385.1380 174.7749 -148.7015 -1.9331 62.9762 100.0000 stroke8
movl 0 -8.6137 374.4078 234.6700 -137.0191 -18.6172 73.1587 100.0000 stroke8
movl 0 -1.2613 413.1336 245.5695 -141.5781 -10.7382 82.0036 100.0000 stroke9
movl 0 -11.1503 403.4802 179.8615 -147.4927 -9.5559 78.8056 100.0000 stroke9
movl 0 -7.6529 406.9496 167.6683 -148.1863 -7.0797 73.7202 100.0000 stroke9
movl 0 -6.1585 412.2364 162.7743 -148.8425 -6.0930 73.8640 100.0000 stroke9
movl 0 -6.5613 413.5809 162.0017 -148.7373 -5.8211 73.9982 100.0000 stroke9
movl 0 -10.5970 417.5191 161.0996 -151.0116 -3.3517 72.5682 100.0000 stroke9
movl 0 -10.0633 420.7769 160.9103 -152.1710 -0.0672 69.3801 100.0000 stroke9
movl 0 -10.5098 421.9849 161.2399 -152.5954 2.2906 67.7500 100.0000 stroke9
movl 0 -10.1796 422.8164 162.5404 -153.0914 4.8434 66.1057 100.0000 stroke9
movl 0 -9.8726 424.2087 163.7552 -154.3005 8.4106 63.3972 100.0000 stroke9
movl 0 -10.0413 426.0369 164.5957 -155.8909 11.8903 60.3712 100.0000 stroke9
movl 0 -10.4314 427.8906 165.2167 -157.7670 14.8868 57.4309 100.0000 stroke9
movl 0 -11.2562 429.5732 165.7104 -159.8164 17.3751 54.6347 100.0000 stroke9
movl 0 -11.7060 430.6907 165.8914 -161.0789 18.5899 53.0999 100.0000 stroke9
movl 0 -12.5400 432.2252 166.1688 -163.0648 20.1414 50.7454 100.0000 stroke9
movl 0 -13.5359 433.5565 166.4763 -165.3696 21.8426 48.0630 100.0000 stroke9
movl 0 -12.2769 432.8825 166.9161 -165.0794 21.8238 47.0973 100.0000 stroke9
movl 0 -13.4713 433.5156 166.8947 -166.4108 22.4925 46.2953 100.0000 stroke9
movl 0 -13.1022 433.9021 166.7919 -166.7259 22.8473 46.0138 100.0000 stroke9
movl 0 -12.8299 431.2227 167.5843 -165.4413 21.7436 46.1662 100.0000 stroke9
movl 0 -9.8243 425.7185 169.2954 -161.8604 20.0436 47.7446 100.0000 stroke9
movl 0 -2.2359 401.5952 205.3466 -144.8135 7.4100 54.2067 100.0000 stroke9
movl 0 -4.1837 381.7117 227.0812 -142.2119 3.8471 58.4905 100.0000 stroke10
movl 0 -15.3917 377.1671 173.8024 -148.6677 5.6808 55.6175 100.0000 stroke10
movl 0 -23.0063 376.0151 174.0133 -151.7456 2.6052 54.5990 100.0000 stroke10
movl 0 -24.9624 380.3778 170.7042 -152.8651 3.0957 55.0446 100.0000 stroke10
movl 0 -26.0222 382.2307 169.4362 -152.8183 2.5265 57.6435 100.0000 stroke10
movl 0 -26.7211 383.7897 168.7444 -152.8331 2.5789 58.7758 100.0000 stroke10
movl 0 -28.3006 384.5884 168.5607 -154.2559 2.1678 58.0218 100.0000 stroke10
movl 0 -29.5712 384.4629 168.7151 -155.0609 1.7663 57.5017 100.0000 stroke10
movl 0 -30.3384 384.1032 168.7573 -155.3881 1.3512 57.1284 100.0000 stroke10
movl 0 -29.6350 384.4721 168.8418 -155.6986 1.4053 56.2883 100.0000 stroke10
movl 0 -27.9112 385.0424 169.0284 -156.0668 1.5001 54.9089 100.0000 stroke10
movl 0 -25.6888 385.8196 169.2760 -156.4753 1.7346 53.3383 100.0000 stroke10
movl 0 -23.2926 387.5334 169.1711 -157.1975 2.0511 51.2243 100.0000 stroke10
movl 0 -22.4997 386.0269 169.5404 -156.4179 1.8503 51.4508 100.0000 stroke10
movl 0 -20.9389 385.2559 169.8138 -155.7882 1.7559 51.3321 100.0000 stroke10
movl 0 -21.8112 386.3233 169.9835 -156.9839 2.3521 51.2077 100.0000 stroke10
movl 0 -21.1526 385.3664 170.0832 -155.3830 2.5520 54.2514 100.0000 stroke10
movl 0 -16.2430 370.4709 196.6370 -142.9078 -6.7054 64.9538 100.0000 stroke10
movl 0 -17.0274 388.2217 210.1532 -147.8577 4.8713 62.8180 100.0000 stroke11
movl 0 -15.4906 381.0092 175.1411 -149.8678 6.0609 58.9325 100.0000 stroke11
movl 0 -21.4831 380.8070 175.1936 -151.9496 5.7041 56.8039 100.0000 stroke11
movl 0 -25.6373 383.9590 171.8131 -152.9240 5.9615 57.8615 100.0000 stroke11
movl 0 -28.8300 386.2082 170.2772 -153.6789 6.5593 58.5186 100.0000 stroke11
movl 0 -29.6047 386.9785 169.3877 -153.8161 6.8558 58.8730 100.0000 stroke11
movl 0 -31.6657 387.7106 169.1827 -155.1058 6.5530 57.9716 100.0000 stroke11
movl 0 -34.0515 388.6308 169.5847 -156.9270 6.5546 56.8207 100.0000 stroke11
movl 0 -34.8674 387.9218 169.9739 -157.3287 6.1285 56.3171 100.0000 stroke11
movl 0 -33.3629 387.9148 170.2538 -157.5716 5.9576 55.1193 100.0000 stroke11
movl 0 -29.9534 388.4530 170.4418 -157.9571 6.0821 53.4180 100.0000 stroke11
movl 0 -24.5692 389.6488 170.8140 -158.4373 6.1675 51.1390 100.0000 stroke11
movl 0 -21.0514 391.0880 171.0803 -159.6347 6.0162 48.7495 100.0000 stroke11
movl 0 -18.1120 392.3746 171.0899 -160.7405 5.6822 46.7036 100.0000 stroke11
movl 0 -16.4791 393.1800 171.0520 -161.9693 5.0294 44.6809 100.0000 stroke11
movl 0 -14.4069 394.0346 170.7838 -162.7139 4.8468 43.0763 100.0000 stroke11
movl 0 -10.8309 390.4263 171.8765 -159.9954 5.0225 44.2190 100.0000 stroke11
movl 0 -8.1829 389.3022 172.2207 -158.9300 5.2448 44.3349 100.0000 stroke11
movl 0 -9.0433 391.3097 172.6294 -160.8598 6.3773 44.1491 100.0000 stroke11
movl 0 -8.8711 391.3907 172.7843 -159.9727 7.0958 47.0653 100.0000 stroke11
movl 0 -4.8083 369.0187 193.1632 -143.1029 -8.5567 68.9307 100.0000 stroke11
movl 0 -11.4122 376.4462 194.2155 -145.6841 3.3423 70.9537 100.0000 stroke12
movl 0 -17.0867 367.9082 175.9019 -149.7003 0.2433 67.4327 100.0000 stroke12
movl 0 -19.8377 369.5589 173.6920 -151.9339 0.2291 65.3234 100.0000 stroke12
movl 0 -22.2062 371.2281 171.4720 -153.0624 -0.3557 64.9736 100.0000 stroke12
movl 0 -22.4692 373.2393 170.4598 -153.5756 0.1362 64.4788 100.0000 stroke12
movl 0 -25.0971 377.7821 169.3352 -155.4952 2.2982 63.7582 100.0000 stroke12
movl 0 -24.6834 381.2751 169.3223 -157.0417 5.0010 61.3463 100.0000 stroke12
movl 0 -24.6539 382.4866 169.7218 -157.6511 6.5906 60.1149 100.0000 stroke12
movl 0 -25.3245 383.8033 170.2970 -159.0890 9.1635 57.9580 100.0000 stroke12
movl 0 -26.7651 384.6259 170.8678 -160.7251 11.0420 55.9170 100.0000 stroke12
movl 0 -28.6316 385.4878 171.3122 -162.5576 12.9425 54.1923 100.0000 stroke12
movl 0 -30.8212 385.4893 171.7255 -164.2152 14.3196 52.9551 100.0000 stroke12
movl 0 -33.8096 384.7077 172.0846 -165.4680 14.9755 52.8608 100.0000 stroke12
movl 0 -36.5245 383.5295 172.2594 -166.2588 15.4227 53.4690 100.0000 stroke12
movl 0 -38.9890 381.6463 172.5966 -166.2227 15.2537 54.8872 100.0000 stroke12
movl 0 -36.8152 381.1327 173.0515 -165.4424 15.1943 54.7142 100.0000 stroke12
movl 0 -36.4854 381.2373 173.1146 -165.7377 15.3761 54.3260 100.0000 stroke12
movl 0 -37.4525 380.9584 173.0923 -166.0462 15.4417 54.5744 100.0000 stroke12
movl 0 -36.9844 380.5383 173.2456 -165.7794 15.1921 54.4631 100.0000 stroke12
movl 0 -37.0307 380.1358 173.3454 -165.6652 15.0190 54.5364 100.0000 stroke12
movl 0 -36.5635 380.2988 173.7409 -165.5537 14.6280 54.3034 100.0000 stroke12
movl 0 -35.8675 379.8542 173.9416 -165.2352 14.3595 54.1747 100.0000 stroke12
movl 0 -35.6726 379.6710 174.0079 -165.1468 14.2302 54.1415 100.0000 stroke12
movl 0 -34.8889 378.3698 174.5593 -164.4838 13.6393 54.1847 100.0000 stroke12
movl 0 -28.1228 367.5570 183.3778 -157.3729 8.0021 56.5004 100.0000 stroke12
movl 0 1.5781 376.3415 212.6745 -145.8560 -12.4738 83.9007 100.0000 stroke13
movl 0 -11.0350 371.1954 173.8094 -150.9358 -7.9178 82.4219 100.0000 stroke13
movl 0 -23.6418 367.9992 174.4406 -155.6320 -9.8777 82.7423 100.0000 stroke13
movl 0 -23.3296 370.4585 173.2274 -156.2400 -8.8228 81.8941 100.0000 stroke13
movl 0 -24.7020 372.1879 172.4876 -156.8328 -8.2687 82.4911 100.0000 stroke13
movl 0 -27.3629 374.9199 171.8599 -158.5434 -7.0322 81.3016 100.0000 stroke13
movl 0 -28.8079 374.6452 172.2281 -159.6671 -7.0320 79.3926 100.0000 stroke13
movl 0 -25.4988 376.7254 172.3159 -159.9844 -6.2145 75.9114 100.0000 stroke13
movl 0 -21.4007 378.6019 172.1613 -158.8017 -5.0903 74.0353 100.0000 stroke13
movl 0 -19.5362 383.7716 171.3063 -159.3051 -1.5601 70.7707 100.0000 stroke13
movl 0 -15.6098 390.0045 170.0995 -159.2916 2.9677 67.9879 100.0000 stroke13
movl 0 -14.5381 392.2911 169.9143 -159.4977 5.8134 66.4747 100.0000 stroke13
movl 0 -14.1026 393.8560 170.3449 -160.3628 8.7522 64.0563 100.0000 stroke13
movl 0 -14.6060 394.9175 170.7036 -161.8539 11.6153 61.0835 100.0000 stroke13
movl 0 -15.6722 396.6089 170.7506 -163.9897 14.4332 57.7719 100.0000 stroke13
movl 0 -17.2090 398.0274 170.6146 -166.6279 17.0340 54.0592 100.0000 stroke13
movl 0 -19.1857 399.6548 170.2548 -169.5636 19.0576 50.3611 100.0000 stroke13
movl 0 -20.7250 400.7865 169.7880 -171.9100 20.3061 47.4851 100.0000 stroke13
movl 0 -22.7594 401.8757 169.3974 -174.0333 21.0887 45.5256 100.0000 stroke13
movl 0 -24.7104 401.5592 169.1277 -175.1317 21.6723 45.4586 100.0000 stroke13
movl 0 -22.7709 396.4817 171.0157 -172.8572 20.5045 45.6490 100.0000 stroke13
movl 0 -20.7955 395.7120 171.2364 -172.4101 20.5399 46.0004 100.0000 stroke13
movl 0 -21.6654 395.0286 171.2842 -172.4255 20.4011 46.3933 100.0000 stroke13
movl 0 -16.5300 385.1001 175.1097 -166.7413 17.1094 48.9484 100.0000 stroke13
movl 0 -16.9562 380.4750 175.9661 -164.9087 15.0508 50.2502 100.0000 stroke13
movl 0 -20.0028 382.9053 174.0937 -166.2600 15.9766 51.2576 100.0000 stroke13
movl 0 -20.8658 382.5613 173.5903 -165.9278 16.0813 52.4269 100.0000 stroke13
movl 0 -11.8077 373.1292 179.0740 -159.2738 13.2080 54.0477 100.0000 stroke13
movl 0 9.6454 347.9844 225.1027 -139.8093 -4.6639 60.7272 100.0000 stroke13
movl 0 5.4515 391.5302 228.5049 -141.7737 2.7123 75.1342 100.0000 stroke14
movl 0 -9.3221 385.5215 175.8163 -150.2046 6.5308 69.7881 100.0000 stroke14
movl 0 -17.6964 378.2013 178.8641 -154.7254 4.0971 65.3404 100.0000 stroke14
movl 0 -20.7630 382.9118 175.5985 -157.2651 6.1165 63.4429 100.0000 stroke14
movl 0 -21.8086 384.9214 173.7120 -156.9103 6.9893 64.3581 100.0000 stroke14
movl 0 -23.8574 386.4283 172.7272 -157.7674 7.3628 64.0027 100.0000 stroke14
movl 0 -25.9304 387.1191 172.6785 -159.2395 7.2377 62.5847 100.0000 stroke14
movl 0 -26.0436 387.3115 172.9363 -159.8429 7.2939 61.5694 100.0000 stroke14
movl 0 -24.7496 387.8093 173.0531 -160.2477 7.4713 60.1665 100.0000 stroke14
movl 0 -23.2497 388.4145 173.1896 -160.7815 7.6556 58.3633 100.0000 stroke14
movl 0 -21.6403 386.9629 173.7427 -159.9430 7.4891 58.1960 100.0000 stroke14
movl 0 -22.2389 386.9124 173.7925 -160.2184 7.4773 57.9866 100.0000 stroke14
movl 0 -23.0190 387.4703 173.8270 -161.0691 7.9345 57.6187 100.0000 stroke14
movl 0 -20.0362 376.1456 187.9373 -153.3282 5.9213 62.2903 100.0000 stroke14
movl 0 -10.8811 372.4965 219.3307 -149.0147 11.1630 57.9633 100.0000 stroke15
movl 0 -11.3025 371.7557 179.8197 -154.2776 12.7833 51.7388 100.0000 stroke15
movl 0 -14.9736 374.8437 176.6954 -157.0878 13.5756 49.4335 100.0000 stroke15
movl 0 -18.8124 376.9273 173.5594 -158.6612 13.6702 48.7680 100.0000 stroke15
movl 0 -18.7842 378.7305 172.2023 -158.4491 14.0732 49.6890 100.0000 stroke15
movl 0 -20.6340 380.9869 171.3053 -159.8281 14.4923 48.9446 100.0000 stroke15
movl 0 -23.2566 380.8942 171.7073 -161.1090 13.4743 47.7486 100.0000 stroke15
movl 0 -23.2252 380.8684 171.9704 -161.5535 13.1395 46.9535 100.0000 stroke15
movl 0 -22.6079 381.3118 172.1514 -162.3218 12.9066 45.3165 100.0000 stroke15
movl 0 -22.0003 381.8900 172.3289 -163.2900 12.4599 43.3797 100.0000 stroke15
movl 0 -20.2994 380.3793 173.0698 -162.3419 12.4894 43.4167 100.0000 stroke15
movl 0 -21.0421 381.0697 173.0231 -163.0543 12.6332 43.3492 100.0000 stroke15
movl 0 -21.8012 381.5140 172.7146 -163.5242 12.8117 43.8161 100.0000 stroke15
movl 0 -13.3909 375.6876 173.7533 -156.5578 12.2165 47.8852 100.0000 stroke15
movl 0 -3.0834 366.3410 174.8644 -147.3194 6.8138 50.0775 100.0000 stroke15
movl 0 -3.0545 360.1423 177.4576 -145.0235 2.1096 49.8734 100.0000 stroke15
movl 0 -2.1079 350.0802 195.7172 -141.7062 -3.7993 49.1542 100.0000 stroke15
