movl 0 78.7066 385.9309 183.5592 -177.3126 -28.9571 137.8990 100.0000 stroke1
movl 0 77.6528 385.0627 183.4793 -177.1816 -26.5870 132.8009 100.0000 stroke1
movl 0 75.1118 385.3038 182.3953 -177.6037 -25.1691 133.8939 100.0000 stroke1
movl 0 72.8250 385.9782 182.0815 -176.8145 -24.5940 135.1163 100.0000 stroke1
movl 0 71.0461 385.7822 181.2558 -176.7896 -24.1512 135.9672 100.0000 stroke1
movl 0 70.1716 386.5834 180.2511 -177.1853 -23.7605 137.1612 100.0000 stroke1
movl 0 68.1171 386.3437 179.6502 -177.0963 -23.5643 137.8703 100.0000 stroke1
movl 0 66.1220 386.9475 178.9346 -176.9042 -22.9867 137.8178 100.0000 stroke1
movl 0 64.5785 387.8897 178.2134 -176.6993 -22.4256 137.9583 100.0000 stroke1
movl 0 62.0792 388.8104 177.4382 -176.4078 -21.4287 137.9044 100.0000 stroke1
movl 0 59.6823 389.5618 177.0774 -176.0630 -20.2581 137.1990 100.0000 stroke1
movl 0 58.1994 390.1916 176.7309 -176.2683 -19.3998 136.6683 100.0000 stroke1
movl 0 57.2416 390.6214 176.6732 -176.4066 -18.6657 136.0330 100.0000 stroke1
movl 0 57.0963 390.4908 176.9895 -176.4583 -18.1473 135.3805 100.0000 stroke1
movl 0 56.2872 390.3791 177.1184 -176.9084 -17.9832 135.0322 100.0000 stroke1
movl 0 55.5493 390.2702 177.1514 -177.4860 -17.7686 134.5271 100.0000 stroke1
movl 0 55.7291 390.4919 177.2714 -177.7574 -17.4792 133.8159 100.0000 stroke1
movl 0 55.3765 390.5384 177.3705 -178.1150 -17.1873 133.3861 100.0000 stroke1
movl 0 55.4739 390.8079 177.3327 -178.5040 -16.8787 133.0018 100.0000 stroke1
movl 0 56.1769 391.1414 177.2824 -178.8999 -16.7008 132.9794 100.0000 stroke1
movl 0 56.7057 391.4651 177.3418 -179.4581 -16.3564 133.1587 100.0000 stroke1
movl 0 57.9219 391.7165 177.5653 -179.8817 -16.1358 132.9578 100.0000 stroke1
movl 0 58.0317 392.1225 177.6130 179.5113 -15.6891 132.5690 100.0000 stroke1
movl 0 58.2196 392.6855 177.6283 179.1544 -15.2704 132.0570 100.0000 stroke1
movl 0 59.4199 393.3772 177.5631 178.8541 -14.9974 131.5986 100.0000 stroke1
movl 0 60.3552 394.0150 177.4259 178.5414 -14.6763 131.1352 100.0000 stroke1
movl 0 61.0629 394.6146 177.2312 178.4426 -14.4318 130.7197 100.0000 stroke1
movl 0 61.9583 393.0314 177.8705 178.3922 -15.3290 131.2239 100.0000 stroke1
movl 0 62.5318 391.8564 178.4010 178.1948 -15.9457 131.4483 100.0000 stroke1
movl 0 62.5528 391.3242 178.7618 177.9796 -16.1080 131.4540 100.0000 stroke1
movl 0 62.9372 391.1556 178.9595 177.9582 -16.1823 131.3754 100.0000 stroke1
movl 0 62.2395 391.2971 178.9824 178.1215 -15.5204 131.1760 100.0000 stroke1
movl 0 62.4752 391.1932 178.9718 178.2934 -15.3098 130.9536 100.0000 stroke1
movl 0 63.1858 390.4927 179.2176 178.3578 -15.2649 130.7664 100.0000 stroke1
movl 0 64.0541 389.6976 179.6868 178.5494 -15.4835 130.5548 100.0000 stroke1
movl 0 64.6965 389.0963 179.9085 178.6712 -15.6813 130.4354 100.0000 stroke1
movl 0 65.6004 388.2652 180.3031 178.7830 -15.9644 130.2446 100.0000 stroke1
movl 0 66.2493 387.6524 180.6018 178.9391 -16.1437 130.1201 100.0000 stroke1
movl 0 65.6457 387.0077 180.8921 179.1810 -16.3938 130.3093 100.0000 stroke1
movl 0 65.1361 386.8475 181.0772 179.4903 -16.6826 130.5531 100.0000 stroke1
movl 0 64.9723 386.7804 181.0916 179.6563 -16.8631 130.6615 100.0000 stroke1
movl 0 66.3433 382.3860 185.0097 179.6623 -19.2175 131.6175 100.0000 stroke1
movl 0 65.7591 367.4147 228.5422 177.3109 -25.8725 135.5309 100.0000 stroke1
movl 0 81.1462 373.8936 224.2534 179.2892 -29.8212 146.8128 100.0000 stroke2
movl 0 75.5648 368.2088 187.9238 178.3665 -25.7757 147.0275 100.0000 stroke2
movl 0 66.7606 364.8439 184.9938 176.3242 -23.4836 147.5515 100.0000 stroke2
movl 0 60.7391 365.8183 182.1233 175.4028 -22.7859 149.2625 100.0000 stroke2
movl 0 57.5620 367.0833 180.3128 175.4441 -21.5963 149.4575 100.0000 stroke2
movl 0 55.4964 369.0119 178.9155 176.1051 -20.9572 149.0459 100.0000 stroke2
movl 0 52.9825 370.5713 177.8925 176.6900 -20.1541 148.5734 100.0000 stroke2
movl 0 51.0768 372.0948 177.1192 177.1479 -19.0626 147.8403 100.0000 stroke2
movl 0 50.1327 373.3073 176.8667 177.9158 -18.2910 146.8630 100.0000 stroke2
movl 0 49.5858 374.0469 176.8540 178.6801 -17.4294 145.5685 100.0000 stroke2
movl 0 49.2360 373.8891 176.7458 178.3592 -17.1180 145.1827 100.0000 stroke2
movl 0 48.0202 373.8686 176.9129 177.7144 -16.6253 144.4909 100.0000 stroke2
movl 0 49.2864 374.9313 177.0149 177.5849 -16.3650 143.4802 100.0000 stroke2
movl 0 49.3770 375.4419 177.1324 177.1943 -15.8324 142.5879 100.0000 stroke2
movl 0 49.3051 375.6631 177.3480 176.6490 -15.1944 141.7160 100.0000 stroke2
movl 0 49.9817 375.9236 177.5490 176.3708 -14.8876 140.9067 100.0000 stroke2
movl 0 49.7953 376.1568 177.5926 176.1353 -14.4896 140.3089 100.0000 stroke2
movl 0 50.0516 376.4779 177.6863 175.9270 -14.1682 139.5783 100.0000 stroke2
movl 0 50.1371 377.0108 177.7037 175.5621 -13.6968 138.7420 100.0000 stroke2
movl 0 50.2363 377.7646 177.6503 175.2803 -13.1502 137.7643 100.0000 stroke2
movl 0 49.9889 378.6113 177.5688 174.9494 -12.4879 136.5696 100.0000 stroke2
movl 0 50.4199 379.9292 177.3416 174.7784 -11.8103 135.1989 100.0000 stroke2
movl 0 51.1623 381.0773 177.0864 174.6197 -11.2550 133.9666 100.0000 stroke2
movl 0 52.5287 382.4573 176.8141 174.5934 -10.8369 132.6406 100.0000 stroke2
movl 0 53.3717 382.0991 176.8941 174.7089 -11.0953 132.6940 100.0000 stroke2
movl 0 54.2987 381.3727 177.3152 174.7595 -11.6149 132.7779 100.0000 stroke2
movl 0 55.3859 380.1793 177.8672 174.7155 -12.3429 133.0146 100.0000 stroke2
movl 0 56.6865 379.4852 178.3471 174.7285 -12.9771 132.9870 100.0000 stroke2
movl 0 57.2777 378.9253 178.7522 174.6914 -13.3403 132.9525 100.0000 stroke2
movl 0 57.7603 378.6519 178.9940 174.6584 -13.5267 132.9295 100.0000 stroke2
movl 0 58.4016 378.1301 179.3504 174.6173 -13.8080 132.8286 100.0000 stroke2
movl 0 57.6131 377.6511 179.5238 174.5069 -13.4529 132.8143 100.0000 stroke2
movl 0 56.9508 377.4539 179.6414 174.6436 -12.9211 132.4550 100.0000 stroke2
movl 0 56.3575 377.4975 179.7071 175.0130 -12.3654 132.0310 100.0000 stroke2
movl 0 56.9982 377.1141 179.9203 175.2302 -12.2143 131.6425 100.0000 stroke2
movl 0 57.8784 376.1174 180.2795 175.3540 -12.4122 131.4105 100.0000 stroke2
movl 0 58.8194 374.9968 180.6162 175.8435 -12.8952 131.5713 100.0000 stroke2
movl 0 58.6371 373.9540 180.8210 176.2501 -13.6647 132.2465 100.0000 stroke2
movl 0 58.0302 373.7291 180.8698 176.3146 -13.9469 132.5938 100.0000 stroke2
movl 0 58.0381 373.5134 181.0977 176.6091 -14.3833 132.7278 100.0000 stroke2
movl 0 57.9386 372.8253 181.5232 176.8870 -15.0450 133.1933 100.0000 stroke2
movl 0 64.8160 366.5177 186.8271 177.2933 -21.1417 137.3445 100.0000 stroke2
movl 0 70.5990 351.2985 236.7040 157.9737 -32.1199 165.3101 100.0000 stroke2
movl 0 89.7589 407.2028 237.4524 171.6543 -32.0735 167.1728 100.0000 stroke3
movl 0 92.3967 404.8446 187.5182 171.1083 -29.3678 168.6447 100.0000 stroke3
movl 0 89.4620 403.1222 180.5544 167.9605 -26.5809 172.0838 100.0000 stroke3
movl 0 88.2091 405.4463 175.7228 167.5748 -25.6236 173.8935 100.0000 stroke3
movl 0 86.4161 406.0806 174.3300 166.4428 -24.5485 175.3766 100.0000 stroke3
movl 0 84.5663 407.4286 173.2626 166.5453 -23.8606 175.7977 100.0000 stroke3
movl 0 82.4167 408.6986 172.3656 166.7933 -23.0657 175.6563 100.0000 stroke3
movl 0 76.4473 412.1384 171.8287 168.3108 -20.5165 175.0649 100.0000 stroke3
movl 0 73.2836 414.1743 172.0770 169.9500 -18.6224 173.1074 100.0000 stroke3
movl 0 73.5632 415.8459 171.8703 171.2866 -18.2365 171.2964 100.0000 stroke3
movl 0 72.2622 416.1470 172.1931 173.2676 -18.3740 170.2044 100.0000 stroke3
movl 0 71.3722 417.0548 172.3538 174.7195 -18.0901 167.8754 100.0000 stroke3
movl 0 70.2303 417.0618 172.4916 175.7539 -18.1889 166.9392 100.0000 stroke3
movl 0 70.7019 417.6818 172.4043 176.3998 -18.2309 166.0992 100.0000 stroke3
movl 0 70.8342 417.6775 172.4956 177.0944 -18.3504 165.6600 100.0000 stroke3
movl 0 71.6546 418.6784 172.1973 177.7058 -18.2571 164.8403 100.0000 stroke3
movl 0 70.5319 418.4891 172.5098 178.5456 -17.8319 163.4459 100.0000 stroke3
movl 0 70.3074 418.3041 172.7787 179.6683 -17.7133 161.3619 100.0000 stroke3
movl 0 69.7147 418.0367 173.2268 -179.1701 -17.3364 159.3336 100.0000 stroke3
movl 0 69.2355 417.9092 173.6880 -177.7433 -16.9441 156.9097 100.0000 stroke3
movl 0 68.6764 417.5742 174.5428 -176.1323 -16.3206 154.3414 100.0000 stroke3
movl 0 67.9832 417.0563 175.0892 -174.5616 -15.5295 151.4320 100.0000 stroke3
movl 0 67.4325 416.7808 175.3505 -172.9792 -14.5917 148.3239 100.0000 stroke3
movl 0 66.7897 416.0855 175.6811 -171.7448 -13.7684 145.7581 100.0000 stroke3
movl 0 66.1214 415.7107 175.9159 -170.7131 -12.9663 143.8193 100.0000 stroke3
movl 0 65.2354 415.1428 176.0813 -169.7393 -12.1168 142.0228 100.0000 stroke3
movl 0 64.1985 414.0835 176.4054 -169.1330 -11.3462 140.5749 100.0000 stroke3
movl 0 62.9050 413.2930 176.6401 -168.3955 -10.4239 138.7639 100.0000 stroke3
movl 0 61.0977 412.6415 176.8906 -167.6665 -9.2203 136.5312 100.0000 stroke3
movl 0 60.1852 411.9833 177.1042 -167.3615 -8.5793 135.2718 100.0000 stroke3
movl 0 59.1845 411.0000 177.3410 -167.2225 -8.0463 134.4136 100.0000 stroke3
movl 0 58.0407 410.2408 177.5880 -166.9156 -7.2139 132.9398 100.0000 stroke3
movl 0 56.9434 409.3523 177.7375 -166.5558 -6.5414 131.8052 100.0000 stroke3
movl 0 55.4824 407.8820 178.1199 -166.3403 -5.9588 131.0628 100.0000 stroke3
movl 0 53.7894 406.4792 178.4620 -166.1128 -5.4354 131.0383 100.0000 stroke3
movl 0 51.3419 405.0816 178.6173 -165.8990 -4.8841 131.3996 100.0000 stroke3
movl 0 47.4748 403.1046 178.7234 -165.8144 -4.4303 132.6867 100.0000 stroke3
movl 0 42.4805 400.4775 178.6634 -166.0012 -4.0922 134.0298 100.0000 stroke3
movl 0 42.1676 400.0246 178.9292 -165.7449 -4.3356 134.4260 100.0000 stroke3
movl 0 41.4966 399.5940 179.1859 -165.6522 -4.3802 134.6388 100.0000 stroke3
movl 0 40.1026 398.5195 179.6706 -165.4770 -4.4395 134.9049 100.0000 stroke3
movl 0 38.9529 397.8375 180.0218 -165.3483 -4.6244 135.1356 100.0000 stroke3
movl 0 38.1026 397.5266 180.1619 -165.2900 -4.7358 135.2400 100.0000 stroke3
movl 0 37.5802 397.5598 180.1558 -165.1894 -4.7581 135.2305 100.0000 stroke3
movl 0 36.7224 397.4923 180.4479 -165.0217 -4.8001 135.0172 100.0000 stroke3
movl 0 36.4665 397.3900 181.1678 -164.9020 -5.0510 134.7899 100.0000 stroke3
movl 0 36.9543 397.4680 181.7497 -164.7420 -5.2319 134.5116 100.0000 stroke3
movl 0 37.3173 397.5698 182.1014 -164.6387 -5.3569 134.2475 100.0000 stroke3
movl 0 37.3002 397.6580 182.4587 -164.5206 -5.4720 134.0778 100.0000 stroke3
movl 0 37.2491 397.6791 182.7093 -164.4328 -5.5847 133.8518 100.0000 stroke3
movl 0 37.1960 397.6978 182.8405 -164.3960 -5.6115 133.5824 100.0000 stroke3
movl 0 37.1410 397.7973 183.0743 -164.3076 -5.7358 133.4431 100.0000 stroke3
movl 0 38.4335 397.2595 183.8600 -164.3536 -6.5152 134.0292 100.0000 stroke3
movl 0 46.9500 391.6967 193.3881 -164.7240 -11.8517 135.9711 100.0000 stroke3
movl 0 50.7588 371.6789 246.7225 -173.9354 -23.7742 144.5828 100.0000 stroke3
movl 0 75.6764 368.2597 224.0361 178.8205 -26.8386 154.2906 100.0000 stroke4
movl 0 72.5307 367.7625 188.7120 -178.9471 -23.2252 148.6569 100.0000 stroke4
movl 0 70.5031 370.3333 185.9275 178.3256 -20.7779 148.7884 100.0000 stroke4
movl 0 64.3285 370.5807 183.9031 175.6482 -18.7073 151.4395 100.0000 stroke4
movl 0 59.4699 369.7821 183.6011 174.4742 -17.3240 153.2942 100.0000 stroke4
movl 0 57.4430 371.1190 183.0424 174.7209 -16.2889 153.4992 100.0000 stroke4
movl 0 54.5582 371.8077 182.5141 174.8065 -15.0923 152.7036 100.0000 stroke4
movl 0 52.7600 372.4730 182.0049 174.9546 -14.6005 152.0574 100.0000 stroke4
movl 0 50.4748 374.4901 181.3668 175.9474 -13.7294 152.0708 100.0000 stroke4
movl 0 49.0957 373.7621 181.2844 175.6380 -13.5487 151.8001 100.0000 stroke4
movl 0 49.7380 375.0334 181.1459 175.8909 -12.8826 150.2850 100.0000 stroke4
movl 0 49.5968 374.8829 181.2669 175.9888 -12.6189 149.6509 100.0000 stroke4
movl 0 49.4704 374.7253 181.4127 176.2391 -12.2849 149.5016 100.0000 stroke4
movl 0 49.1712 375.0903 181.6261 176.7445 -11.5420 148.4136 100.0000 stroke4
movl 0 48.2956 376.1755 181.7757 177.5947 -10.5242 146.9783 100.0000 stroke4
movl 0 46.7756 377.7280 181.8854 178.4337 -9.1254 145.1303 100.0000 stroke4
movl 0 45.4192 379.3309 181.9643 179.4071 -7.6077 142.7216 100.0000 stroke4
movl 0 43.8728 380.7985 181.9251 -179.7867 -6.0550 139.9689 100.0000 stroke4
movl 0 41.8391 382.6903 181.8424 -179.2732 -4.6875 137.5275 100.0000 stroke4
movl 0 40.1943 384.2700 181.5533 -178.8497 -3.1989 135.1191 100.0000 stroke4
movl 0 38.7445 385.3743 181.3076 -178.7131 -1.8325 132.7289 100.0000 stroke4
movl 0 37.4292 386.4529 180.9202 -178.5933 -0.4873 129.9013 100.0000 stroke4
movl 0 35.5113 387.7476 180.4575 -178.8335 1.1842 126.6693 100.0000 stroke4
movl 0 33.7043 388.8893 179.9407 -179.1650 2.5151 123.1096 100.0000 stroke4
movl 0 31.7799 389.5885 179.3625 -179.9003 3.7730 119.3052 100.0000 stroke4
movl 0 30.4691 390.4545 179.0166 179.5119 4.9722 114.9122 100.0000 stroke4
movl 0 29.0692 391.0680 178.5952 178.6394 5.8638 111.1881 100.0000 stroke4
movl 0 27.7931 391.8837 178.0823 177.7301 6.7052 107.2787 100.0000 stroke4
movl 0 26.6628 392.8206 177.6237 176.7790 7.5096 103.2672 100.0000 stroke4
movl 0 25.3649 393.3530 177.1474 175.8401 7.9967 100.0259 100.0000 stroke4
movl 0 24.7304 393.6122 176.8704 175.1335 8.2081 97.5941 100.0000 stroke4
movl 0 24.1884 393.6083 176.8387 174.6759 8.2315 95.9206 100.0000 stroke4
movl 0 22.1770 392.6881 176.5964 173.6957 7.9656 93.3859 100.0000 stroke4
movl 0 18.7009 392.7684 176.0290 172.0183 7.2244 88.2489 100.0000 stroke4
movl 0 21.1384 393.5897 176.4954 171.9888 6.4955 85.0078 100.0000 stroke4
movl 0 24.3154 395.3946 176.8642 172.3424 6.4243 83.3794 100.0000 stroke4
movl 0 25.3227 395.1349 177.1347 172.5695 6.3967 83.4502 100.0000 stroke4
movl 0 23.2228 391.9155 177.4873 172.5371 6.2742 84.9524 100.0000 stroke4
movl 0 26.6193 394.2672 177.4672 172.6764 6.5050 84.4711 100.0000 stroke4
movl 0 27.4020 394.3715 177.5796 172.7003 6.5525 84.3575 100.0000 stroke4
movl 0 25.4110 390.3855 178.6498 173.3013 6.2126 86.3653 100.0000 stroke4
movl 0 28.1476 391.5288 178.6372 173.3307 6.4077 86.0071 100.0000 stroke4
movl 0 32.5594 393.6040 178.7554 173.6516 6.7914 85.7376 100.0000 stroke4
movl 0 32.6418 392.4919 179.1993 173.8692 6.6965 87.6203 100.0000 stroke4
movl 0 35.3348 393.2570 179.5188 174.0499 6.9432 88.4395 100.0000 stroke4
movl 0 37.5576 393.8249 179.8791 174.3437 7.1364 88.3671 100.0000 stroke4
movl 0 39.6501 393.8842 180.4126 174.7572 7.3481 88.4255 100.0000 stroke4
movl 0 41.0205 394.1343 180.6457 174.8920 7.4420 88.2329 100.0000 stroke4
movl 0 42.2810 394.7295 180.7291 174.9226 7.5512 87.7587 100.0000 stroke4
movl 0 43.8345 395.2514 180.9273 175.1031 7.7423 87.4804 100.0000 stroke4
movl 0 45.1786 395.5554 181.1085 175.2883 7.9269 87.1327 100.0000 stroke4
movl 0 46.5867 395.4490 181.6908 175.6453 7.9819 87.0458 100.0000 stroke4
movl 0 48.0093 395.1762 182.3534 175.9976 7.9327 87.0083 100.0000 stroke4
movl 0 49.1942 395.1750 182.7820 176.2386 7.9611 86.7686 100.0000 stroke4
movl 0 50.4440 394.9847 183.3162 176.5662 7.9373 86.5558 100.0000 stroke4
movl 0 51.6035 394.8602 183.7693 176.8205 7.9453 86.2573 100.0000 stroke4
movl 0 52.1165 394.6037 184.1392 176.9506 7.9103 85.9868 100.0000 stroke4
movl 0 52.9768 394.1547 184.6585 177.1780 7.8076 85.7306 100.0000 stroke4
movl 0 54.2349 394.3034 184.9785 177.4289 7.8024 85.3679 100.0000 stroke4
movl 0 54.9217 393.7261 185.5836 177.6665 7.6839 85.0626 100.0000 stroke4
movl 0 55.6982 393.3777 186.0529 177.8840 7.6015 84.3607 100.0000 stroke4
movl 0 56.6169 393.5403 186.2289 177.9878 7.5567 83.6698 100.0000 stroke4
movl 0 57.9732 393.5600 186.7102 178.3326 7.5312 83.1614 100.0000 stroke4
movl 0 58.7719 393.1403 187.1465 178.5719 7.4526 82.7775 100.0000 stroke4
movl 0 59.6136 392.8620 187.5586 178.8146 7.3831 82.4119 100.0000 stroke4
movl 0 60.3880 392.8435 187.7522 178.9332 7.4132 81.8220 100.0000 stroke4
movl 0 61.2849 392.8093 188.1381 179.0531 7.4770 80.6511 100.0000 stroke4
movl 0 62.6301 392.5242 188.6430 179.3163 7.4625 79.7817 100.0000 stroke4
movl 0 63.3544 392.3319 188.8984 179.3829 7.4409 78.6451 100.0000 stroke4
movl 0 64.5151 391.8765 189.5004 179.6735 7.4268 77.8265 100.0000 stroke4
movl 0 65.2099 391.3939 189.9890 179.8710 7.3406 77.4895 100.0000 stroke4
movl 0 65.6466 391.5629 190.0453 179.9161 7.4268 77.1113 100.0000 stroke4
movl 0 64.9320 391.2947 190.0307 -179.9704 7.3781 77.1059 100.0000 stroke4
movl 0 65.6308 391.0416 190.4609 -179.3885 7.4228 77.5266 100.0000 stroke4
movl 0 69.2308 390.5296 192.2773 -177.9519 7.2574 77.9123 100.0000 stroke4
movl 0 76.8255 383.0319 214.7974 -173.7515 5.3503 78.9086 100.0000 stroke4
