movl 0 -32.8184 372.6589 191.3383 177.7078 37.2495 -35.7596 100.0000 stroke1
movl 0 -24.7280 380.7587 174.0335 173.2995 38.2806 -38.6340 100.0000 stroke1
movl 0 -25.3869 383.6135 169.8107 171.9259 36.3783 -41.3068 100.0000 stroke1
movl 0 -23.6301 386.3054 170.0523 168.3303 33.9773 -47.0328 100.0000 stroke1
movl 0 -22.0026 389.8215 170.9489 165.2022 31.9932 -51.1062 100.0000 stroke1
movl 0 -21.1589 391.6633 171.6127 163.9333 30.3556 -53.9542 100.0000 stroke1
movl 0 -20.8904 392.6590 171.5830 163.7355 29.4775 -53.9784 100.0000 stroke1
movl 0 -24.8592 391.0884 172.0753 164.9785 28.8249 -52.3098 100.0000 stroke1
movl 0 -32.9473 388.7306 172.6126 167.9669 27.9530 -49.1232 100.0000 stroke1
movl 0 -42.3832 386.5357 172.1847 170.9532 27.6396 -44.8690 100.0000 stroke1
movl 0 -47.1130 387.0826 171.0988 171.7724 27.5057 -43.5237 100.0000 stroke1
movl 0 -47.7893 387.8092 170.0815 171.5455 27.2575 -43.3242 100.0000 stroke1
movl 0 -50.3232 387.9201 169.9070 172.6137 26.0855 -43.1128 100.0000 stroke1
movl 0 -52.9226 387.4627 170.1804 173.7594 25.0308 -43.0442 100.0000 stroke1
movl 0 -54.9771 387.3214 170.3929 174.5283 24.0273 -43.1860 100.0000 stroke1
movl 0 -56.0267 387.3857 170.7989 174.6664 22.9755 -43.7448 100.0000 stroke1
movl 0 -58.1911 385.6432 171.1037 175.7426 22.8449 -43.7868 100.0000 stroke1
movl 0 -57.2360 386.3647 171.1429 175.6387 22.6129 -44.5753 100.0000 stroke1
movl 0 -56.4006 386.7289 171.3937 175.6830 22.3809 -45.5277 100.0000 stroke1
movl 0 -54.8603 387.7787 171.5503 175.6155 22.0115 -47.0232 100.0000 stroke1
movl 0 -53.5231 388.8241 171.6835 175.6839 21.5464 -48.6505 100.0000 stroke1
movl 0 -52.0589 390.5577 171.3818 175.8387 20.9800 -50.9006 100.0000 stroke1
movl 0 -51.0124 390.6091 171.5419 175.7281 21.0648 -51.7988 100.0000 stroke1
movl 0 -49.8416 388.6213 172.1288 175.6438 22.2650 -51.2959 100.0000 stroke1
movl 0 -48.6828 387.7162 172.3493 175.7121 22.8506 -50.9850 100.0000 stroke1
movl 0 -47.8703 387.2810 172.5046 175.5467 23.2630 -51.0311 100.0000 stroke1
movl 0 -47.1735 387.1758 172.5456 175.3175 23.4042 -51.1008 100.0000 stroke1
movl 0 -47.5821 388.3242 172.5058 174.8928 22.3977 -51.7124 100.0000 stroke1
movl 0 -47.5480 389.9830 172.5174 174.1939 21.1488 -52.6190 100.0000 stroke1
movl 0 -44.1923 389.8378 172.5487 171.6428 22.6703 -50.9533 100.0000 stroke1
movl 0 -38.0594 379.2888 186.2881 171.2374 31.6768 -48.3066 100.0000 stroke1
movl 0 -29.1823 392.6722 196.8281 166.4865 35.6475 -51.4833 100.0000 stroke2
movl 0 -28.2681 391.4367 169.2757 169.2424 34.7917 -50.4196 100.0000 stroke2
movl 0 -28.7717 394.2257 167.4148 172.4141 33.7309 -48.9339 100.0000 stroke2
movl 0 -28.2970 398.2652 164.3117 172.3730 32.9979 -47.9326 100.0000 stroke2
movl 0 -29.1397 401.2630 163.2488 171.4632 31.8200 -48.0701 100.0000 stroke2
movl 0 -32.0909 406.4582 162.9051 168.2379 27.7500 -52.7113 100.0000 stroke2
movl 0 -33.1804 409.7993 163.7315 164.8684 23.7185 -59.7631 100.0000 stroke2
movl 0 -33.3081 411.0395 164.1482 162.7253 21.1920 -62.2132 100.0000 stroke2
movl 0 -33.1918 411.0721 164.3363 161.6786 19.9500 -63.6702 100.0000 stroke2
movl 0 -33.1546 410.9578 164.8837 160.7731 18.5446 -64.8348 100.0000 stroke2
movl 0 -33.4698 410.9299 165.6047 160.1535 16.9528 -65.6008 100.0000 stroke2
movl 0 -33.4702 410.4014 166.3515 159.4724 15.7752 -66.4256 100.0000 stroke2
movl 0 -33.9373 410.0370 166.9749 158.8064 14.3251 -67.3741 100.0000 stroke2
movl 0 -34.6153 410.3739 167.4381 158.0924 12.3485 -68.5844 100.0000 stroke2
movl 0 -35.8224 411.0804 167.9132 157.5397 10.1359 -69.6674 100.0000 stroke2
movl 0 -37.0968 411.2586 168.2077 157.0214 7.7482 -70.7237 100.0000 stroke2
movl 0 -38.2731 411.5903 168.4638 156.6904 5.2463 -71.8722 100.0000 stroke2
movl 0 -39.7917 411.9363 168.5366 156.4935 2.5937 -73.1566 100.0000 stroke2
movl 0 -41.0477 413.0924 168.3834 156.2610 -0.2567 -74.5040 100.0000 stroke2
movl 0 -43.1052 415.0221 168.0009 156.4189 -3.5197 -75.9473 100.0000 stroke2
movl 0 -45.0851 416.5709 167.4437 156.5745 -6.3170 -76.5485 100.0000 stroke2
movl 0 -46.8637 417.2278 166.8492 156.3403 -8.1760 -76.0969 100.0000 stroke2
movl 0 -45.8542 416.1151 167.3255 156.1157 -7.3170 -75.7103 100.0000 stroke2
movl 0 -43.0634 415.2452 167.9104 155.7651 -6.1550 -75.6714 100.0000 stroke2
movl 0 -43.9786 415.5404 167.8181 155.8890 -7.0335 -75.3365 100.0000 stroke2
movl 0 -43.2000 412.8272 168.8777 155.8348 -5.2698 -75.0431 100.0000 stroke2
movl 0 -29.4555 387.6463 176.0073 153.7839 10.3016 -73.0024 100.0000 stroke2
movl 0 -36.6869 345.4995 178.6097 162.3573 23.3788 -67.8919 100.0000 stroke2
movl 0 -42.0197 336.0902 174.0481 166.8937 24.0148 -65.3378 100.0000 stroke2
movl 0 -46.3854 335.4098 172.7063 167.8752 24.0409 -64.7690 100.0000 stroke2
movl 0 -47.9763 335.7163 171.6670 168.5792 24.1921 -64.9188 100.0000 stroke2
movl 0 -51.5247 336.7925 170.2831 168.8603 22.6481 -64.7144 100.0000 stroke2
movl 0 -53.7803 337.4534 169.6024 168.5922 21.2345 -64.2920 100.0000 stroke2
movl 0 -54.3055 337.5015 169.2965 168.2924 21.0774 -63.7156 100.0000 stroke2
movl 0 -54.2146 337.2376 169.3966 168.0622 21.4568 -63.4741 100.0000 stroke2
movl 0 -53.7804 337.2344 169.4824 167.8068 21.7065 -63.4417 100.0000 stroke2
movl 0 -53.8396 336.6426 169.6165 167.8696 22.1661 -63.1759 100.0000 stroke2
movl 0 -53.2216 336.4100 169.8484 167.6319 22.5703 -63.1399 100.0000 stroke2
movl 0 -48.4796 331.6609 173.9265 167.6535 27.4155 -61.9275 100.0000 stroke2
movl 0 -46.8516 312.7711 227.9110 178.3728 42.8432 -49.6818 100.0000 stroke2
movl 0 -20.8618 396.3837 183.9806 157.1777 26.1942 -55.8225 100.0000 stroke3
movl 0 -34.5745 390.1825 179.1702 160.0739 20.6301 -56.8204 100.0000 stroke3
movl 0 -46.0376 387.2441 175.2442 162.3690 18.3826 -54.9670 100.0000 stroke3
movl 0 -51.9809 387.0936 174.5667 162.3070 18.2307 -54.1387 100.0000 stroke3
movl 0 -58.2176 387.2825 172.9161 162.0751 17.6630 -52.7614 100.0000 stroke3
movl 0 -61.5861 386.4615 172.2390 163.1356 16.6934 -52.7009 100.0000 stroke3
movl 0 -65.1702 385.1221 172.7099 164.5859 15.2778 -53.1624 100.0000 stroke3
movl 0 -67.8983 385.3142 173.0099 165.1423 13.4142 -54.0268 100.0000 stroke3
movl 0 -70.4728 383.2188 173.4286 166.3030 13.5933 -54.1351 100.0000 stroke3
movl 0 -71.1057 382.9403 173.5384 167.1699 13.7521 -55.3656 100.0000 stroke3
movl 0 -69.8138 384.2999 173.6436 167.3663 13.6109 -56.4801 100.0000 stroke3
movl 0 -66.3481 386.6540 173.9611 167.2918 13.4776 -57.7124 100.0000 stroke3
movl 0 -61.3654 389.9335 174.1674 167.1583 13.3878 -59.2487 100.0000 stroke3
movl 0 -57.0975 392.4279 174.3852 166.9526 13.3596 -60.3636 100.0000 stroke3
movl 0 -53.4117 394.7283 174.5891 166.8209 13.3806 -61.2099 100.0000 stroke3
movl 0 -48.5925 396.5585 175.2388 166.6629 13.6111 -62.1558 100.0000 stroke3
movl 0 -33.6200 393.7517 182.4182 165.0786 17.3192 -65.4653 100.0000 stroke3
movl 0 -20.1314 380.9195 216.8369 166.5384 29.4678 -63.2548 100.0000 stroke3
movl 0 -9.8744 387.1387 205.1618 172.0237 35.8164 -44.0520 100.0000 stroke4
movl 0 -11.0591 387.5958 173.4994 168.6915 30.4146 -49.0545 100.0000 stroke4
movl 0 -18.9459 386.0512 171.2604 172.2688 28.8269 -47.4120 100.0000 stroke4
movl 0 -21.0361 387.0648 170.8092 171.8496 27.9615 -47.8570 100.0000 stroke4
movl 0 -22.3989 389.0710 170.0964 171.0998 26.4445 -49.1789 100.0000 stroke4
movl 0 -23.1914 392.9404 169.9422 168.7723 24.0330 -51.8782 100.0000 stroke4
movl 0 -23.8912 396.6490 169.7639 166.4574 21.1903 -54.0184 100.0000 stroke4
movl 0 -25.4618 399.8750 169.8014 164.5331 17.8771 -55.3972 100.0000 stroke4
movl 0 -25.9826 401.4777 169.6518 163.4660 16.2589 -55.8495 100.0000 stroke4
movl 0 -24.5855 399.7112 170.1647 164.0226 17.7694 -55.2599 100.0000 stroke4
movl 0 -23.3942 397.6785 170.5322 165.0578 19.4010 -54.2596 100.0000 stroke4
movl 0 -25.8627 398.5115 170.5308 165.2747 17.7600 -53.8966 100.0000 stroke4
movl 0 -22.9694 384.0104 175.9929 173.5777 29.1416 -45.2853 100.0000 stroke4
movl 0 -21.7473 358.2293 229.4964 -160.4019 41.0384 -18.5322 100.0000 stroke4
movl 0 -4.1394 388.4835 179.9153 -176.8111 35.6071 -19.3664 100.0000 stroke5
movl 0 -19.1073 375.8661 174.8970 -177.0322 30.9304 -25.9903 100.0000 stroke5
movl 0 -27.0704 376.7403 172.4440 -177.0974 28.3621 -27.3501 100.0000 stroke5
movl 0 -27.1256 377.5938 171.5912 -176.6729 27.6272 -27.3472 100.0000 stroke5
movl 0 -28.9821 379.0836 170.6658 -176.5028 27.2122 -26.9331 100.0000 stroke5
movl 0 -31.2296 380.2270 170.9449 -177.3621 25.1789 -28.2729 100.0000 stroke5
movl 0 -32.8524 380.1329 171.1049 -177.0731 24.4712 -28.9501 100.0000 stroke5
movl 0 -29.4004 381.7475 171.0540 -177.5301 24.3170 -30.8134 100.0000 stroke5
movl 0 -23.1821 384.1645 171.1526 -178.2438 24.1442 -33.6432 100.0000 stroke5
movl 0 -15.3301 388.5239 170.8207 -179.3786 23.2171 -38.2169 100.0000 stroke5
movl 0 -11.1127 389.9771 170.6308 179.7409 23.2735 -39.7855 100.0000 stroke5
movl 0 -3.9962 393.2538 170.3861 177.0332 24.4653 -41.5622 100.0000 stroke5
movl 0 3.3957 404.2393 167.9632 170.5025 21.9147 -45.9599 100.0000 stroke5
movl 0 8.9742 410.6438 165.8724 166.2301 21.1892 -48.0632 100.0000 stroke5
movl 0 9.3665 411.5080 165.5240 164.7124 20.8830 -48.0873 100.0000 stroke5
movl 0 8.4654 410.6579 165.8234 164.2338 20.8465 -47.4912 100.0000 stroke5
movl 0 7.2913 408.7315 166.6452 164.3129 21.3701 -46.5003 100.0000 stroke5
movl 0 13.5459 401.0265 172.9623 164.3843 29.2012 -45.1825 100.0000 stroke5
movl 0 8.7812 382.8723 235.1531 -171.5802 45.9879 -21.0268 100.0000 stroke5
movl 0 2.1595 399.1482 201.4697 173.5906 33.3698 -29.9279 100.0000 stroke6
movl 0 1.3513 401.6939 171.0034 172.0862 30.1965 -32.1222 100.0000 stroke6
movl 0 -4.2531 402.6212 170.3451 176.2332 28.7925 -30.0668 100.0000 stroke6
movl 0 -5.4809 404.2534 169.6727 176.6567 29.1242 -29.4209 100.0000 stroke6
movl 0 -10.1002 402.7734 169.3073 178.5054 28.9266 -28.5801 100.0000 stroke6
movl 0 -13.7777 403.4367 168.9978 177.7745 27.2627 -30.5124 100.0000 stroke6
movl 0 -17.1753 406.6945 168.8173 174.4619 24.4288 -34.4333 100.0000 stroke6
movl 0 -20.2218 406.7926 168.8515 173.7401 23.0707 -36.6638 100.0000 stroke6
movl 0 -19.6024 407.5410 168.9375 172.6475 22.0697 -39.1730 100.0000 stroke6
movl 0 -19.2996 407.6306 169.4147 171.3940 21.3235 -40.8439 100.0000 stroke6
movl 0 -18.6547 407.4944 169.9166 170.0536 20.3902 -42.4400 100.0000 stroke6
movl 0 -18.5899 407.0785 170.5560 168.8421 19.2899 -43.7165 100.0000 stroke6
movl 0 -19.5845 406.2349 171.1677 167.8430 17.9924 -44.6043 100.0000 stroke6
movl 0 -20.6428 404.7503 171.6637 166.8472 16.6152 -45.4592 100.0000 stroke6
movl 0 -21.7434 402.5028 172.2030 166.1859 15.5822 -45.9574 100.0000 stroke6
movl 0 -23.1644 399.6774 172.6214 166.0099 15.0892 -45.7380 100.0000 stroke6
movl 0 -23.3141 398.0470 173.0513 166.0035 15.2658 -45.5546 100.0000 stroke6
movl 0 -23.1478 397.0341 173.4455 166.0302 15.5648 -45.3894 100.0000 stroke6
movl 0 -22.9215 395.8360 173.8216 166.1892 15.8563 -45.2264 100.0000 stroke6
movl 0 -22.5140 395.5204 174.0681 166.2598 16.0016 -45.0904 100.0000 stroke6
movl 0 -22.0617 394.4454 174.6893 166.3776 16.3926 -44.8019 100.0000 stroke6
movl 0 -19.8028 382.2994 184.1606 169.6540 21.0319 -42.4284 100.0000 stroke6
movl 0 -25.6285 358.3357 224.2300 -179.0176 27.9711 -26.8408 100.0000 stroke7
movl 0 -29.8902 362.8646 181.8496 178.7421 23.1890 -30.2094 100.0000 stroke7
movl 0 -36.7697 362.5943 178.5412 -179.2428 21.1699 -30.0634 100.0000 stroke7
movl 0 -34.5842 364.1566 178.3492 -179.8774 21.4075 -31.1982 100.0000 stroke7
movl 0 -38.5251 366.5266 177.0955 179.9469 19.7069 -32.5041 100.0000 stroke7
movl 0 -39.9589 367.9617 177.1411 179.3669 18.4433 -35.3190 100.0000 stroke7
movl 0 -39.6489 369.4832 177.3778 178.7336 17.3193 -37.6597 100.0000 stroke7
movl 0 -38.7277 371.3106 177.9467 178.0241 15.7888 -40.2848 100.0000 stroke7
movl 0 -39.2528 373.4554 178.4313 177.6666 13.3366 -44.1364 100.0000 stroke7
movl 0 -40.3582 377.2063 178.6028 177.4008 10.1315 -49.3720 100.0000 stroke7
movl 0 -40.5348 381.7447 178.3378 177.2524 6.9615 -54.3262 100.0000 stroke7
movl 0 -38.9886 384.0282 178.3687 176.7359 5.8143 -56.6564 100.0000 stroke7
movl 0 -38.5670 383.8505 178.8204 176.6416 5.4348 -57.3986 100.0000 stroke7
movl 0 -37.2853 383.6111 179.2584 176.4265 5.0459 -58.0142 100.0000 stroke7
movl 0 -35.6366 382.8925 179.9145 176.0264 5.1584 -58.2969 100.0000 stroke7
movl 0 -33.7783 382.0620 180.5884 175.8114 5.2497 -58.4004 100.0000 stroke7
movl 0 -32.1323 381.3116 181.3305 175.4856 5.7453 -58.6606 100.0000 stroke7
movl 0 -30.8322 380.4506 182.0875 175.0156 5.9263 -58.6305 100.0000 stroke7
movl 0 -28.0521 377.7485 183.7782 174.0203 8.4497 -56.5403 100.0000 stroke7
movl 0 -21.4823 359.4326 221.3436 -179.9920 25.1508 -41.1746 100.0000 stroke7
movl 0 -13.0004 389.1793 192.8318 178.3134 24.2745 -24.1154 100.0000 stroke8
movl 0 -16.3661 385.3343 183.8054 179.6477 21.9650 -25.8102 100.0000 stroke8
movl 0 -21.7234 384.4115 181.0972 -178.7959 19.9970 -26.4428 100.0000 stroke8
movl 0 -23.4323 385.1504 180.1833 -178.2400 19.4066 -26.5096 100.0000 stroke8
movl 0 -24.6158 386.8163 179.1707 -178.4049 19.1707 -26.7020 100.0000 stroke8
movl 0 -27.6210 393.0170 177.6348 178.9679 16.2677 -28.5421 100.0000 stroke8
movl 0 -27.4047 397.1981 177.0660 176.8044 14.8891 -30.0269 100.0000 stroke8
movl 0 -28.0998 397.7617 177.0416 175.2746 14.2050 -30.1949 100.0000 stroke8
movl 0 -29.8697 396.0305 177.3050 174.0250 13.4643 -29.9882 100.0000 stroke8
movl 0 -32.5134 392.8544 177.6579 173.6437 13.4662 -28.6967 100.0000 stroke8
movl 0 -35.5767 389.9953 177.9722 173.3504 13.3817 -27.6733 100.0000 stroke8
movl 0 -37.8798 387.5318 178.5636 173.1850 13.7798 -26.8900 100.0000 stroke8
movl 0 -39.8338 386.0861 179.0171 173.1169 14.0631 -26.4028 100.0000 stroke8
movl 0 -41.2114 385.4281 179.5119 172.9160 14.4501 -26.0301 100.0000 stroke8
movl 0 -42.5421 384.7487 180.2030 172.7927 14.8042 -25.7911 100.0000 stroke8
movl 0 -43.7873 384.5533 180.4431 172.7444 15.0786 -25.6031 100.0000 stroke8
movl 0 -44.6406 384.4971 181.0541 172.6533 15.5478 -25.4955 100.0000 stroke8
movl 0 -44.5934 383.4141 184.1703 172.4258 17.6609 -24.9368 100.0000 stroke8
movl 0 -41.6564 379.4896 208.0509 175.8393 25.4348 -22.8105 100.0000 stroke8
movl 0 -22.3693 383.0554 200.7073 -178.7448 26.2148 -17.4155 100.0000 stroke9
movl 0 -29.9744 376.9226 183.6589 -179.1245 24.1957 -18.3327 100.0000 stroke9
movl 0 -36.3135 378.1612 180.3551 -178.8130 23.4284 -17.1601 100.0000 stroke9
movl 0 -39.0957 380.7486 178.3519 -179.6572 22.5540 -17.0933 100.0000 stroke9
movl 0 -42.0313 381.3749 177.4586 -179.8786 21.6502 -17.3489 100.0000 stroke9
movl 0 -47.2363 380.5775 176.9899 -179.1062 19.6037 -17.7947 100.0000 stroke9
movl 0 -49.0359 381.8730 177.0169 -179.9275 18.0585 -19.2134 100.0000 stroke9
movl 0 -50.8789 381.2415 177.2003 -179.5474 17.4785 -19.6290 100.0000 stroke9
movl 0 -50.4612 381.5347 177.4237 -179.3669 17.0569 -20.7359 100.0000 stroke9
movl 0 -48.9716 382.6544 177.8716 -179.4495 16.5021 -22.3238 100.0000 stroke9
movl 0 -47.6919 383.3593 178.3903 -179.4967 15.8092 -23.9165 100.0000 stroke9
movl 0 -46.1531 384.0543 178.8696 -179.1801 15.0641 -25.4158 100.0000 stroke9
movl 0 -45.0142 384.4425 179.3074 -178.6760 14.0296 -27.0738 100.0000 stroke9
movl 0 -44.0048 385.6743 179.5808 -178.2815 12.4531 -29.4436 100.0000 stroke9
movl 0 -44.1904 386.5684 179.7252 -177.5988 10.6228 -31.9981 100.0000 stroke9
movl 0 -44.0869 388.0964 179.6113 -177.3891 9.2493 -34.8674 100.0000 stroke9
movl 0 -45.4945 389.5751 179.3334 -176.5355 7.3696 -38.3089 100.0000 stroke9
movl 0 -49.2406 390.8314 178.6689 -175.2763 5.3633 -42.1818 100.0000 stroke9
movl 0 -51.3442 392.6739 177.8854 -174.3157 3.7655 -46.2107 100.0000 stroke9
movl 0 -49.6609 392.2000 178.5580 -174.7942 4.2304 -47.1336 100.0000 stroke9
movl 0 -45.7714 390.6769 180.0420 -175.2060 5.8892 -47.3782 100.0000 stroke9
movl 0 -45.2031 390.6055 180.2334 -175.2007 6.1280 -47.5480 100.0000 stroke9
movl 0 -45.4410 390.3133 180.2436 -175.3183 5.9360 -47.3026 100.0000 stroke9
movl 0 -46.1722 390.7295 180.1588 -175.6400 5.1595 -47.3391 100.0000 stroke9
movl 0 -45.8943 391.0386 180.3201 -175.9034 4.8448 -47.6174 100.0000 stroke9
movl 0 -45.3387 391.1845 180.5383 -176.1265 4.6923 -47.8444 100.0000 stroke9
movl 0 -44.7105 391.3813 180.7407 -176.3385 4.5911 -48.0617 100.0000 stroke9
movl 0 -44.2414 391.3871 180.9986 -176.5544 4.5253 -48.2670 100.0000 stroke9
movl 0 -43.5559 391.2278 181.2730 -176.6506 4.4915 -48.4881 100.0000 stroke9
movl 0 -42.8878 390.8255 181.6454 -176.8166 4.6042 -48.6982 100.0000 stroke9
movl 0 -42.3629 390.6642 181.7631 -177.0031 4.5321 -48.8959 100.0000 stroke9
movl 0 -41.8213 390.0498 182.0122 -177.1428 4.9396 -48.7156 100.0000 stroke9
movl 0 -40.6478 389.2020 182.3904 -177.3888 5.8673 -48.1420 100.0000 stroke9
movl 0 -39.4166 388.3261 182.8884 -177.8143 6.7758 -47.5511 100.0000 stroke9
movl 0 -39.0614 385.0378 183.9773 -177.7400 8.2210 -46.6664 100.0000 stroke9
movl 0 -36.1069 375.2894 194.9203 -176.3713 13.3693 -44.1488 100.0000 stroke9
