movl 0 -48.5603 420.0301 220.2146 -157.8698 12.1516 44.0210 100.0000 stroke1
movl 0 -53.0885 406.6770 201.6330 -160.5963 11.8467 36.6019 100.0000 stroke1
movl 0 -54.9445 397.8904 192.4773 -159.6924 9.9584 36.0408 100.0000 stroke1
movl 0 -57.9502 396.1630 188.7735 -159.9805 8.4863 35.9415 100.0000 stroke1
movl 0 -62.2159 394.7369 186.5813 -160.4685 7.4504 35.1131 100.0000 stroke1
movl 0 -63.5213 394.4564 185.4162 -160.3654 6.7729 35.0502 100.0000 stroke1
movl 0 -65.4573 394.4643 184.5126 -160.6066 6.5230 35.1726 100.0000 stroke1
movl 0 -69.3754 395.1180 183.2597 -161.7392 5.8492 34.7785 100.0000 stroke1
movl 0 -74.0273 395.9249 181.7890 -163.3332 4.5313 33.8976 100.0000 stroke1
movl 0 -77.4955 396.6697 180.6784 -164.5688 3.6024 32.9288 100.0000 stroke1
movl 0 -80.8450 396.7126 179.9554 -165.4839 2.7918 31.6007 100.0000 stroke1
movl 0 -83.8740 396.4824 179.7552 -166.2528 2.1542 29.7059 100.0000 stroke1
movl 0 -87.6528 396.3426 179.5357 -167.0894 1.5273 26.9001 100.0000 stroke1
movl 0 -89.8841 396.1171 179.6218 -167.5489 0.9648 25.1007 100.0000 stroke1
movl 0 -91.5583 396.2022 179.6698 -168.1366 0.5293 23.6680 100.0000 stroke1
movl 0 -93.5080 396.8121 179.5624 -168.8217 0.0161 22.1828 100.0000 stroke1
movl 0 -95.2233 397.0031 179.3153 -169.3693 -0.4283 20.4172 100.0000 stroke1
movl 0 -95.4738 398.1026 178.8416 -170.0637 -0.6650 19.1969 100.0000 stroke1
movl 0 -95.7487 397.8128 178.8268 -170.0027 -0.6471 19.1040 100.0000 stroke1
movl 0 -93.8277 396.7934 179.7951 -169.0451 -0.2910 19.1643 100.0000 stroke1
movl 0 -92.4168 396.7669 180.5060 -168.8063 -0.1009 18.8963 100.0000 stroke1
movl 0 -91.3880 396.5555 181.1507 -168.6173 0.0321 18.6951 100.0000 stroke1
movl 0 -90.6812 396.4286 181.3776 -168.6644 0.1830 18.7662 100.0000 stroke1
movl 0 -91.1252 396.5802 181.3663 -169.5297 0.4026 19.3230 100.0000 stroke1
movl 0 -90.9272 396.0496 181.6471 -170.0234 0.5641 19.5511 100.0000 stroke1
movl 0 -90.3426 395.1384 181.9470 -169.8674 0.6608 19.9549 100.0000 stroke1
movl 0 -89.2234 394.1980 182.2291 -168.9439 0.8306 21.6910 100.0000 stroke1
movl 0 -87.2291 393.2130 182.6741 -167.6471 1.0382 25.2673 100.0000 stroke1
movl 0 -86.5668 392.7857 182.7725 -167.1354 0.9843 26.8791 100.0000 stroke1
movl 0 -82.8465 389.0877 184.9669 -164.5388 1.0791 28.3596 100.0000 stroke1
movl 0 -72.2458 375.8450 206.4725 -155.2186 -2.0145 35.3834 100.0000 stroke1
movl 0 -34.6023 386.1145 223.6520 -150.1603 -1.5439 72.0416 100.0000 stroke2
movl 0 -44.4986 376.4645 189.5318 -155.6443 -2.9822 68.4350 100.0000 stroke2
movl 0 -55.3101 371.4320 188.9745 -158.5701 -6.2100 67.4558 100.0000 stroke2
movl 0 -60.8507 371.6553 185.2986 -159.6144 -5.4752 67.1437 100.0000 stroke2
movl 0 -64.1473 372.2112 183.0286 -160.1460 -5.3377 67.3567 100.0000 stroke2
movl 0 -67.0895 372.5185 181.8217 -160.5803 -5.0275 67.9068 100.0000 stroke2
movl 0 -71.8496 373.1752 180.2234 -162.4913 -5.1721 67.3939 100.0000 stroke2
movl 0 -77.9729 372.3904 179.2684 -165.0328 -6.2593 66.2398 100.0000 stroke2
movl 0 -83.2569 371.2847 178.4166 -167.2950 -7.3566 65.5119 100.0000 stroke2
movl 0 -84.9623 372.5584 177.1798 -168.9627 -7.7343 63.8160 100.0000 stroke2
movl 0 -84.9366 371.5301 177.4050 -168.6581 -7.8931 63.2036 100.0000 stroke2
movl 0 -81.5308 369.7482 179.6767 -166.7445 -8.3950 61.7967 100.0000 stroke2
movl 0 -79.7747 370.4492 180.0772 -166.5799 -8.3916 61.2159 100.0000 stroke2
movl 0 -80.1660 370.8047 180.1352 -167.3375 -7.4004 62.6367 100.0000 stroke2
movl 0 -80.5793 370.2844 180.3707 -168.0418 -6.7719 63.3708 100.0000 stroke2
movl 0 -79.9168 369.5927 180.6105 -167.3335 -6.9841 63.9971 100.0000 stroke2
movl 0 -79.4655 369.2329 180.8241 -166.8621 -7.0662 64.7082 100.0000 stroke2
movl 0 -75.5873 367.7770 184.1652 -165.1206 -7.6801 65.2759 100.0000 stroke2
movl 0 -68.5905 353.1290 227.9678 -159.5886 -12.0986 66.2031 100.0000 stroke2
movl 0 -56.2530 348.1348 239.9014 -159.6147 -11.1673 77.0959 100.0000 stroke3
movl 0 -65.0637 346.5122 200.4810 -162.7833 -8.1645 74.1424 100.0000 stroke3
movl 0 -65.6916 347.8907 190.9473 -162.9270 -6.6339 73.0584 100.0000 stroke3
movl 0 -68.7351 347.5638 188.2930 -163.7220 -7.1297 73.1650 100.0000 stroke3
movl 0 -69.4922 348.5264 186.7221 -164.2513 -6.4563 73.6288 100.0000 stroke3
movl 0 -72.1818 348.9555 184.8438 -164.9646 -5.9548 74.1568 100.0000 stroke3
movl 0 -75.8207 351.0248 182.9425 -166.6922 -5.1929 74.1930 100.0000 stroke3
movl 0 -77.9642 353.5579 181.5231 -168.4959 -4.0708 73.9150 100.0000 stroke3
movl 0 -78.8471 354.1653 181.3455 -169.1326 -3.4711 73.6784 100.0000 stroke3
movl 0 -79.7994 354.6627 181.1702 -169.2732 -4.2024 73.5151 100.0000 stroke3
movl 0 -79.5142 356.4673 180.8995 -169.1897 -4.3468 72.3973 100.0000 stroke3
movl 0 -78.5869 357.9326 181.0306 -169.0030 -4.3142 70.7466 100.0000 stroke3
movl 0 -77.1845 358.8647 181.2987 -168.6556 -4.3709 69.7669 100.0000 stroke3
movl 0 -75.9395 360.4667 181.4003 -168.5339 -4.4372 69.2355 100.0000 stroke3
movl 0 -74.8342 361.7839 181.2518 -168.4992 -4.4289 68.7985 100.0000 stroke3
movl 0 -74.8497 361.0646 181.7166 -168.3617 -4.4315 68.9147 100.0000 stroke3
movl 0 -74.7551 361.6751 181.7741 -168.3079 -4.4507 68.8397 100.0000 stroke3
movl 0 -72.7168 363.9371 181.7499 -168.2010 -4.4117 68.0529 100.0000 stroke3
movl 0 -72.4326 363.3655 182.1720 -168.0702 -4.5496 67.9827 100.0000 stroke3
movl 0 -71.7046 364.6842 182.2339 -168.0192 -4.5868 67.6313 100.0000 stroke3
movl 0 -70.2863 366.0840 182.4774 -167.8642 -4.6566 67.2125 100.0000 stroke3
movl 0 -69.1560 366.9311 182.8540 -167.6392 -4.8016 66.8230 100.0000 stroke3
movl 0 -67.6348 367.6893 183.2804 -167.3987 -5.0727 66.3086 100.0000 stroke3
movl 0 -65.7478 368.0511 184.0559 -166.9525 -5.2512 66.0961 100.0000 stroke3
movl 0 -62.4230 366.4640 186.3283 -165.5467 -5.5959 66.2976 100.0000 stroke3
movl 0 -59.2698 364.3052 188.0260 -164.2079 -5.9930 66.6410 100.0000 stroke3
movl 0 -52.7424 360.7145 195.4188 -160.9519 -7.7952 67.4850 100.0000 stroke3
movl 0 -48.3983 352.2693 241.3736 -156.4308 -14.5263 66.7879 100.0000 stroke3
movl 0 -39.6764 366.3855 198.8872 -155.6979 -19.2189 74.6742 100.0000 stroke4
movl 0 -40.1464 361.8459 182.2868 -157.6838 -21.1211 74.9728 100.0000 stroke4
movl 0 -38.7473 365.1713 179.5999 -158.1692 -21.0627 74.8291 100.0000 stroke4
movl 0 -39.4893 367.8591 177.5845 -158.9804 -20.3971 74.3986 100.0000 stroke4
movl 0 -41.1936 369.5216 176.1913 -159.5421 -19.8312 74.2700 100.0000 stroke4
movl 0 -43.5788 372.2421 174.5621 -160.6790 -18.6184 74.1542 100.0000 stroke4
movl 0 -45.3002 374.5785 173.7287 -161.5910 -16.8150 73.3000 100.0000 stroke4
movl 0 -46.7014 375.6451 173.2055 -162.0626 -15.6534 72.3750 100.0000 stroke4
movl 0 -47.3257 376.4032 172.8870 -162.4697 -14.7633 71.6786 100.0000 stroke4
movl 0 -47.0291 377.2492 172.7307 -162.5546 -14.0478 71.2532 100.0000 stroke4
movl 0 -47.7440 377.4900 172.7580 -162.6059 -13.3432 70.8293 100.0000 stroke4
movl 0 -48.4419 377.2967 172.7882 -162.7327 -12.7351 70.4239 100.0000 stroke4
movl 0 -48.7225 377.4266 172.8917 -162.7115 -11.9273 70.0706 100.0000 stroke4
movl 0 -49.0394 377.2444 173.1365 -162.6825 -11.2300 69.8184 100.0000 stroke4
movl 0 -49.3956 377.1968 173.4859 -162.7893 -10.2953 69.2170 100.0000 stroke4
movl 0 -49.5320 377.1242 173.7730 -162.8285 -9.4027 69.0529 100.0000 stroke4
movl 0 -50.1999 376.7136 174.1145 -163.0192 -8.6232 69.5073 100.0000 stroke4
movl 0 -51.0069 376.3007 174.2901 -163.3065 -7.9329 70.3397 100.0000 stroke4
movl 0 -51.6783 375.3630 174.6207 -163.4753 -7.7068 71.6208 100.0000 stroke4
movl 0 -50.2804 374.5622 175.5502 -163.1329 -8.4391 72.4594 100.0000 stroke4
movl 0 -48.3245 373.4182 176.5796 -162.3929 -9.5905 73.3652 100.0000 stroke4
movl 0 -48.6062 373.1295 177.0737 -162.3353 -9.8356 73.5780 100.0000 stroke4
movl 0 -48.5561 373.5051 176.9176 -162.7003 -9.6412 73.3813 100.0000 stroke4
movl 0 -49.0445 374.0749 176.7876 -163.3019 -8.8175 73.1865 100.0000 stroke4
movl 0 -49.7052 373.9158 176.6202 -163.4845 -8.6916 73.1658 100.0000 stroke4
movl 0 -49.0264 373.6608 176.9271 -163.0789 -9.2284 73.1894 100.0000 stroke4
movl 0 -49.1188 373.8742 176.8593 -163.0701 -9.5326 73.4040 100.0000 stroke4
movl 0 -47.7999 372.4033 179.7701 -162.4540 -10.8820 73.1021 100.0000 stroke4
movl 0 -43.3869 375.7008 203.7155 -160.9716 -12.3523 71.5364 100.0000 stroke4
movl 0 -18.4706 374.2927 210.8835 -162.0978 -19.8835 99.9616 100.0000 stroke5
movl 0 -28.7165 369.6670 189.6803 -165.8429 -20.1113 99.2418 100.0000 stroke5
movl 0 -35.9531 368.8841 187.5349 -168.1776 -21.3689 99.3261 100.0000 stroke5
movl 0 -38.0516 370.0725 185.1289 -169.4315 -21.3017 100.0483 100.0000 stroke5
movl 0 -39.2994 372.8717 182.8481 -169.8018 -20.4072 100.2850 100.0000 stroke5
movl 0 -40.8173 374.4040 181.1460 -170.1526 -19.8709 100.5504 100.0000 stroke5
movl 0 -41.9938 375.3624 180.0486 -170.4310 -19.7104 100.6021 100.0000 stroke5
movl 0 -44.0165 376.7613 179.1274 -171.6947 -18.8961 100.5434 100.0000 stroke5
movl 0 -46.4110 376.6371 178.6419 -172.8079 -18.6604 100.5562 100.0000 stroke5
movl 0 -47.8843 376.9591 178.3515 -173.1447 -18.5194 100.3653 100.0000 stroke5
movl 0 -48.1671 377.6695 177.9628 -173.2842 -18.2848 99.9733 100.0000 stroke5
movl 0 -47.4330 378.5705 177.6852 -173.3553 -18.1210 99.4819 100.0000 stroke5
movl 0 -45.1419 379.9295 177.6838 -173.3345 -17.8855 98.5646 100.0000 stroke5
movl 0 -41.5342 381.3185 177.9873 -173.1622 -17.7240 97.4333 100.0000 stroke5
movl 0 -36.7461 383.6096 178.0890 -172.9692 -17.4260 95.8791 100.0000 stroke5
movl 0 -32.5141 385.5945 178.1653 -172.6082 -17.1069 94.4079 100.0000 stroke5
movl 0 -32.5863 385.5116 178.1805 -172.8088 -17.0980 94.2617 100.0000 stroke5
movl 0 -32.8747 385.1511 178.4144 -172.8522 -17.1415 94.2279 100.0000 stroke5
movl 0 -32.7369 384.3189 178.9180 -172.7107 -17.4171 94.3339 100.0000 stroke5
movl 0 -31.7524 383.5831 179.7613 -172.3433 -17.7048 94.3399 100.0000 stroke5
movl 0 -30.8468 383.2289 180.3986 -172.0701 -17.9298 94.1866 100.0000 stroke5
movl 0 -30.1651 383.5904 180.3985 -171.9787 -17.8285 94.0058 100.0000 stroke5
movl 0 -30.2390 384.6708 179.9582 -172.1177 -17.2612 93.6430 100.0000 stroke5
movl 0 -30.9747 386.8852 178.9079 -172.4916 -15.8390 93.0536 100.0000 stroke5
movl 0 -29.1644 388.7886 178.3234 -172.1404 -14.4231 91.4925 100.0000 stroke5
movl 0 -28.8270 390.0664 177.9787 -171.6301 -13.4051 90.9849 100.0000 stroke5
movl 0 -29.7706 390.0509 178.0305 -171.0659 -12.6177 90.8608 100.0000 stroke5
movl 0 -30.5704 389.3287 178.3839 -170.7239 -11.8612 90.5873 100.0000 stroke5
movl 0 -31.7438 388.4291 179.1671 -170.4067 -11.2148 90.2634 100.0000 stroke5
movl 0 -32.4696 387.6410 179.7148 -169.9683 -10.4217 89.8946 100.0000 stroke5
movl 0 -33.4343 386.2457 180.3475 -169.6550 -9.9698 89.9111 100.0000 stroke5
movl 0 -34.1277 384.8998 180.9268 -169.4488 -9.9684 89.9219 100.0000 stroke5
movl 0 -33.8264 383.9785 181.5132 -169.1562 -10.2939 89.7492 100.0000 stroke5
movl 0 -33.8298 383.7252 181.6544 -169.0675 -10.3253 89.5520 100.0000 stroke5
movl 0 -33.8942 383.1779 181.8926 -168.9395 -10.3736 89.4274 100.0000 stroke5
movl 0 -34.0616 383.0648 181.9656 -168.9061 -10.3783 89.3020 100.0000 stroke5
movl 0 -34.0165 383.0817 181.9086 -168.8997 -10.3582 89.0356 100.0000 stroke5
movl 0 -33.2367 382.4034 182.5860 -168.5669 -10.6790 88.5653 100.0000 stroke5
movl 0 -28.4184 378.9636 187.0584 -166.7692 -12.3882 86.6475 100.0000 stroke5
movl 0 -15.7903 373.1298 210.3521 -160.3636 -13.2821 78.5690 100.0000 stroke5
movl 0 -14.1810 363.1372 198.5825 -159.7779 -20.8660 95.9158 100.0000 stroke6
movl 0 -19.9800 360.8213 187.0457 -162.8885 -21.1613 97.0284 100.0000 stroke6
movl 0 -24.8205 367.3100 181.2149 -164.7701 -19.8702 98.3062 100.0000 stroke6
movl 0 -26.4034 368.8651 179.8931 -165.6127 -19.8315 98.1515 100.0000 stroke6
movl 0 -28.2583 370.2845 178.6775 -166.1266 -19.4267 98.2314 100.0000 stroke6
movl 0 -31.6722 372.8352 176.6083 -167.1689 -18.2639 98.3711 100.0000 stroke6
movl 0 -35.2666 374.1151 175.3348 -168.3235 -17.0030 98.3468 100.0000 stroke6
movl 0 -35.6821 375.6883 174.9309 -168.4300 -15.7866 96.9327 100.0000 stroke6
movl 0 -36.3000 375.9650 174.7982 -168.3005 -15.3022 96.5666 100.0000 stroke6
movl 0 -36.8422 375.9965 174.9528 -167.9575 -14.6622 95.9326 100.0000 stroke6
movl 0 -37.0676 375.4808 175.3228 -167.5930 -14.2057 95.4240 100.0000 stroke6
movl 0 -37.3539 375.2818 175.7451 -167.1409 -13.4019 94.6015 100.0000 stroke6
movl 0 -37.8291 374.8042 176.1913 -166.8351 -12.7171 93.9055 100.0000 stroke6
movl 0 -38.1448 374.2851 176.6269 -166.3995 -11.9740 93.0791 100.0000 stroke6
movl 0 -38.9613 373.4496 176.9048 -166.2280 -11.3254 92.6820 100.0000 stroke6
movl 0 -39.7910 372.5577 177.2415 -166.0468 -10.7605 92.4587 100.0000 stroke6
movl 0 -40.6874 371.8878 177.4743 -165.9020 -10.2486 92.3914 100.0000 stroke6
movl 0 -41.6755 370.8809 177.6580 -165.8145 -9.8440 92.5201 100.0000 stroke6
movl 0 -42.6546 370.0835 177.8865 -165.6618 -9.4217 92.6306 100.0000 stroke6
movl 0 -44.0628 368.8520 178.1033 -165.6689 -9.1862 92.9145 100.0000 stroke6
movl 0 -44.9768 367.6941 178.4221 -165.5017 -9.0142 93.0677 100.0000 stroke6
movl 0 -46.0422 366.4029 178.8953 -165.3727 -9.0097 93.3938 100.0000 stroke6
movl 0 -46.6022 365.2862 179.3411 -165.1878 -9.1234 93.5130 100.0000 stroke6
movl 0 -46.4165 364.6226 179.8176 -164.9400 -9.2183 93.4569 100.0000 stroke6
movl 0 -46.6944 364.0529 180.1584 -164.8695 -9.2749 93.4250 100.0000 stroke6
movl 0 -46.8003 363.5374 180.4189 -164.7468 -9.3686 93.4314 100.0000 stroke6
movl 0 -46.8905 363.1184 180.7826 -164.5856 -9.4040 93.2972 100.0000 stroke6
movl 0 -47.0901 362.7723 180.9892 -164.5105 -9.4250 93.2085 100.0000 stroke6
movl 0 -46.6381 361.9540 182.0333 -164.3670 -9.6793 92.6195 100.0000 stroke6
movl 0 -37.6541 362.4587 186.7794 -161.8378 -10.1943 90.2744 100.0000 stroke6
movl 0 -22.0699 364.8191 199.1114 -157.1652 -10.0863 85.5094 100.0000 stroke6
movl 0 13.8227 374.9861 210.2325 -150.5287 -11.2385 92.7190 100.0000 stroke7
movl 0 9.9108 370.3774 180.3530 -152.5631 -11.5747 91.0547 100.0000 stroke7
movl 0 5.2964 367.0440 177.2378 -154.1994 -14.3052 91.1466 100.0000 stroke7
movl 0 0.7459 368.2328 175.2699 -156.4958 -15.3905 91.4280 100.0000 stroke7
movl 0 -3.7721 367.5886 174.8287 -158.4939 -15.8397 91.1745 100.0000 stroke7
movl 0 -5.7411 368.8268 174.1454 -158.5824 -15.0815 90.6924 100.0000 stroke7
movl 0 -7.4525 369.5657 173.4433 -158.7470 -14.9272 90.3145 100.0000 stroke7
movl 0 -9.5622 371.2588 172.2677 -159.1477 -14.0060 89.4749 100.0000 stroke7
movl 0 -11.8772 372.7952 171.4372 -160.0354 -12.5673 88.3822 100.0000 stroke7
movl 0 -11.2899 373.9687 171.2616 -160.0033 -11.3948 86.6906 100.0000 stroke7
movl 0 -11.9669 374.5379 171.1823 -159.9458 -10.4553 85.7772 100.0000 stroke7
movl 0 -13.3015 374.4609 171.2499 -159.5165 -8.8812 83.7713 100.0000 stroke7
movl 0 -13.7584 374.4437 171.6182 -159.1145 -7.1744 81.9767 100.0000 stroke7
movl 0 -14.1341 374.9878 172.1780 -158.6947 -3.9285 80.2535 100.0000 stroke7
movl 0 -15.1756 374.5557 172.7451 -158.6927 -1.2317 78.8914 100.0000 stroke7
movl 0 -15.5615 373.4121 173.3389 -158.7884 -1.2723 77.9757 100.0000 stroke7
movl 0 -16.2602 372.3067 173.6722 -159.0105 -1.4870 77.4375 100.0000 stroke7
movl 0 -16.3929 371.3103 174.1316 -159.0895 -1.7292 76.9167 100.0000 stroke7
movl 0 -16.4441 370.9377 174.2946 -159.2495 -1.7231 76.4919 100.0000 stroke7
movl 0 -16.9504 370.7639 174.3779 -159.5808 -1.6354 75.9636 100.0000 stroke7
movl 0 -17.6253 370.3205 174.6448 -159.8638 -1.4737 75.4594 100.0000 stroke7
movl 0 -17.9198 369.6055 175.0594 -160.1343 -1.5244 74.7148 100.0000 stroke7
movl 0 -18.3589 368.9031 175.5181 -160.4267 -1.5080 73.8123 100.0000 stroke7
movl 0 -18.9119 368.3610 175.8974 -160.8819 -1.3391 73.0711 100.0000 stroke7
movl 0 -19.2083 367.8781 176.2773 -161.2429 -1.3848 72.4700 100.0000 stroke7
movl 0 -19.3292 367.2793 176.6037 -161.4958 -1.4507 72.0159 100.0000 stroke7
movl 0 -19.1165 367.3572 176.7562 -161.7691 -1.4618 71.3085 100.0000 stroke7
movl 0 -18.7809 367.8381 176.7644 -162.0950 -1.3149 70.6852 100.0000 stroke7
movl 0 -18.4587 367.7543 176.9342 -162.3531 -1.2074 70.2358 100.0000 stroke7
movl 0 -17.8652 367.6922 177.1460 -162.6469 -1.1650 69.7113 100.0000 stroke7
movl 0 -16.7797 367.8791 177.3360 -163.1149 -1.0818 68.8574 100.0000 stroke7
movl 0 -15.9137 368.1529 177.6101 -163.8807 -1.1020 67.5839 100.0000 stroke7
movl 0 -15.9231 368.4694 178.1487 -165.0374 -1.1298 65.7296 100.0000 stroke7
movl 0 -16.9484 368.6085 178.6597 -166.6036 -1.5682 63.7451 100.0000 stroke7
movl 0 -18.4362 369.2403 178.9607 -168.2788 -1.9608 61.5480 100.0000 stroke7
movl 0 -20.1308 370.2563 179.1453 -169.8159 -2.1254 58.1852 100.0000 stroke7
movl 0 -23.8896 369.6663 179.5053 -171.4149 -3.0121 54.7581 100.0000 stroke7
movl 0 -25.6562 369.6809 179.7808 -172.2916 -3.3001 52.0952 100.0000 stroke7
movl 0 -28.7982 368.2410 180.1432 -172.6797 -4.0124 50.0876 100.0000 stroke7
movl 0 -31.5394 367.5311 180.4284 -172.9993 -4.5739 47.8471 100.0000 stroke7
movl 0 -33.9747 366.6484 180.3695 -173.1807 -5.2534 45.9500 100.0000 stroke7
movl 0 -35.4404 366.3814 180.2875 -173.2316 -5.8138 44.5360 100.0000 stroke7
movl 0 -36.3379 365.4973 180.3499 -173.2242 -6.4965 44.3482 100.0000 stroke7
movl 0 -36.8681 365.5527 180.2791 -173.2590 -6.8289 44.0500 100.0000 stroke7
movl 0 -36.5357 366.3729 180.1117 -173.3901 -6.7401 43.9804 100.0000 stroke7
movl 0 -37.9006 364.6567 180.3414 -173.6385 -7.1442 44.4419 100.0000 stroke7
movl 0 -36.8712 366.2999 180.1836 -173.6486 -7.4634 44.0984 100.0000 stroke7
movl 0 -37.7261 364.6636 180.4231 -173.5657 -7.9519 44.3519 100.0000 stroke7
movl 0 -39.3854 362.1119 180.9840 -173.4765 -8.7631 45.5845 100.0000 stroke7
movl 0 -37.8495 364.5887 180.8068 -173.5310 -9.0658 45.1420 100.0000 stroke7
movl 0 -39.8446 361.3541 181.5293 -173.3853 -9.5022 45.3493 100.0000 stroke7
movl 0 -41.3686 360.9221 181.3808 -173.5759 -10.1373 45.7096 100.0000 stroke7
movl 0 -38.3268 363.9049 181.3783 -173.4044 -10.2347 45.0708 100.0000 stroke7
movl 0 -38.8822 361.8204 182.0900 -173.2301 -10.0734 45.6674 100.0000 stroke7
movl 0 -39.7669 361.5056 182.3174 -173.1224 -10.6499 45.8873 100.0000 stroke7
movl 0 -37.7012 363.7736 182.3886 -172.9701 -10.6509 45.6480 100.0000 stroke7
movl 0 -39.0168 361.8845 182.8177 -172.8191 -11.1808 46.1319 100.0000 stroke7
movl 0 -37.2883 363.5936 182.7719 -172.7366 -11.2832 46.1695 100.0000 stroke7
movl 0 -37.4981 362.9645 183.1481 -172.4410 -11.5009 46.5079 100.0000 stroke7
movl 0 -37.0267 362.4172 183.3140 -172.0781 -11.8603 46.7595 100.0000 stroke7
movl 0 -37.4809 360.9027 183.9063 -171.6827 -12.4357 47.5059 100.0000 stroke7
movl 0 -37.1939 360.5828 184.0025 -171.5441 -12.6320 48.1344 100.0000 stroke7
movl 0 -36.9033 360.3004 184.2822 -171.3358 -12.7034 48.7471 100.0000 stroke7
movl 0 -37.0839 360.4578 184.0314 -171.5285 -12.4021 49.1749 100.0000 stroke7
movl 0 -37.2586 360.0033 184.0071 -171.5395 -12.4764 49.1788 100.0000 stroke7
movl 0 -37.3648 359.4251 183.9896 -171.3732 -12.4497 49.3826 100.0000 stroke7
movl 0 -37.8843 356.8648 184.6941 -170.8290 -12.8718 50.3355 100.0000 stroke7
movl 0 -39.8839 350.5910 188.8901 -169.7268 -14.2015 52.3885 100.0000 stroke7
movl 0 -39.7743 345.6262 219.3073 -167.3258 -15.7832 53.4750 100.0000 stroke7
