movl 0 -34.2655 438.2417 243.3480 -172.9854 -34.1014 134.2178 100.0000 stroke1
movl 0 -33.0344 413.2774 212.0939 -173.8795 -35.0758 135.7393 100.0000 stroke1
movl 0 -33.0847 394.2972 192.9326 -174.1918 -34.4678 133.5972 100.0000 stroke1
movl 0 -30.8601 394.0905 175.0177 -172.3902 -33.6776 132.3082 100.0000 stroke1
movl 0 -35.1165 389.4440 172.7695 -176.8301 -33.6316 134.2798 100.0000 stroke1
movl 0 -38.8547 393.7692 170.3307 -177.5391 -32.1160 134.2475 100.0000 stroke1
movl 0 -42.2307 394.9657 169.2097 -179.0158 -31.1504 135.0441 100.0000 stroke1
movl 0 -46.6093 397.9699 168.3531 -178.4778 -28.6364 134.3060 100.0000 stroke1
movl 0 -50.8326 400.7356 168.4360 -177.6384 -25.7551 132.7093 100.0000 stroke1
movl 0 -51.2612 401.3985 168.4773 -176.8855 -24.6585 131.3349 100.0000 stroke1
movl 0 -52.5524 400.8038 168.7586 -176.3638 -24.1788 130.2271 100.0000 stroke1
movl 0 -52.8655 399.5296 169.1483 -175.8690 -24.0126 129.9177 100.0000 stroke1
movl 0 -53.6938 397.5589 169.4774 -175.7835 -23.9261 130.1733 100.0000 stroke1
movl 0 -54.0492 395.7071 169.8864 -175.4908 -23.8956 130.4017 100.0000 stroke1
movl 0 -54.8992 393.8619 170.1359 -175.4680 -23.9423 130.9788 100.0000 stroke1
movl 0 -55.4521 391.8984 170.5110 -175.3566 -24.0136 131.4085 100.0000 stroke1
movl 0 -55.9384 390.8508 171.2763 -174.9767 -24.1797 131.6206 100.0000 stroke1
movl 0 -56.0103 389.6309 171.9980 -174.4208 -24.2393 131.5070 100.0000 stroke1
movl 0 -53.2002 383.8053 179.5772 -172.8752 -26.8424 131.2984 100.0000 stroke1
movl 0 -44.0368 366.2797 230.2096 -173.0701 -37.1829 127.8672 100.0000 stroke1
movl 0 -27.3289 417.7859 193.5824 -154.9694 -21.4420 112.2462 100.0000 stroke2
movl 0 -33.0798 412.0510 176.2545 -157.4845 -19.6571 112.8820 100.0000 stroke2
movl 0 -33.3338 416.9582 173.1313 -157.2621 -17.4383 111.5658 100.0000 stroke2
movl 0 -36.2190 415.3392 172.2925 -157.2749 -17.2668 111.8820 100.0000 stroke2
movl 0 -41.0700 416.2275 171.2027 -158.6174 -15.9583 112.2325 100.0000 stroke2
movl 0 -48.0788 415.5905 171.3739 -162.0826 -14.0195 111.1863 100.0000 stroke2
movl 0 -49.7247 415.3273 172.0299 -163.1541 -12.5737 109.7897 100.0000 stroke2
movl 0 -48.9174 414.0992 172.6495 -163.2433 -12.2665 109.0000 100.0000 stroke2
movl 0 -47.6764 412.1279 173.3905 -163.0503 -12.6692 109.0207 100.0000 stroke2
movl 0 -47.5057 410.4689 173.8634 -163.2099 -13.0427 109.0257 100.0000 stroke2
movl 0 -47.7296 409.2813 174.2514 -163.1431 -13.7437 109.1036 100.0000 stroke2
movl 0 -40.6837 402.8271 184.6065 -162.2151 -18.6489 109.5617 100.0000 stroke2
movl 0 -13.3268 419.9217 220.0740 -157.9598 -25.2192 110.8061 100.0000 stroke3
movl 0 -15.8678 417.5887 184.2934 -157.8897 -22.2241 110.4495 100.0000 stroke3
movl 0 -24.9586 411.8549 177.8173 -161.6889 -21.4542 112.6542 100.0000 stroke3
movl 0 -29.6028 410.8329 176.4426 -163.4566 -21.2842 113.9111 100.0000 stroke3
movl 0 -32.7028 411.7118 175.2904 -164.4695 -20.8857 114.2399 100.0000 stroke3
movl 0 -38.9931 415.1530 173.6222 -166.0949 -18.3414 114.8698 100.0000 stroke3
movl 0 -42.0848 418.2097 172.9977 -166.5470 -15.6330 114.6171 100.0000 stroke3
movl 0 -42.4200 417.9727 172.9048 -165.9461 -15.2080 114.6117 100.0000 stroke3
movl 0 -44.2135 414.7062 173.3841 -165.7317 -15.1086 115.4008 100.0000 stroke3
movl 0 -46.9647 410.5698 173.8769 -165.7049 -15.1167 116.6614 100.0000 stroke3
movl 0 -50.3266 406.2319 174.2460 -165.6958 -15.2108 118.0539 100.0000 stroke3
movl 0 -53.8458 402.9357 174.4700 -165.7914 -15.3208 119.1108 100.0000 stroke3
movl 0 -53.0303 400.1628 176.7509 -164.6657 -16.2563 119.2146 100.0000 stroke3
movl 0 -48.0559 390.1394 200.1983 -163.3287 -22.6947 117.6893 100.0000 stroke3
movl 0 -35.3886 391.2361 193.7547 -163.9547 -27.9166 121.8439 100.0000 stroke4
movl 0 -39.7045 385.7028 178.3911 -164.5214 -24.3870 121.3068 100.0000 stroke4
movl 0 -45.0037 385.8810 174.7543 -165.7844 -22.8947 121.7125 100.0000 stroke4
movl 0 -50.2811 382.0096 174.0869 -167.6011 -22.9903 122.3379 100.0000 stroke4
movl 0 -53.3295 381.4379 173.0377 -168.6446 -22.7999 122.0054 100.0000 stroke4
movl 0 -58.4033 381.9058 172.5438 -169.5576 -20.1823 121.1022 100.0000 stroke4
movl 0 -60.4067 381.7990 172.2160 -170.4925 -20.4472 121.1599 100.0000 stroke4
movl 0 -58.1908 383.5778 172.2586 -170.3330 -20.1911 119.7294 100.0000 stroke4
movl 0 -55.0390 385.5918 172.6188 -170.0937 -19.6567 118.3698 100.0000 stroke4
movl 0 -51.1525 387.5137 173.1483 -169.7514 -19.3957 117.0888 100.0000 stroke4
movl 0 -47.3240 388.2094 174.2402 -169.4997 -19.6751 116.0032 100.0000 stroke4
movl 0 -32.7356 385.8660 188.7474 -166.9313 -23.9387 114.8999 100.0000 stroke4
movl 0 -19.7759 420.8514 205.7146 -159.8892 -24.3980 120.0569 100.0000 stroke5
movl 0 -24.1912 404.4085 176.8673 -164.6541 -25.0050 122.5175 100.0000 stroke5
movl 0 -23.7893 402.5924 176.0289 -165.7997 -24.8653 123.1107 100.0000 stroke5
movl 0 -31.3641 398.5364 175.5345 -168.3963 -24.8472 125.4757 100.0000 stroke5
movl 0 -33.1128 398.5187 174.8859 -168.9272 -24.4716 125.2004 100.0000 stroke5
movl 0 -39.1683 400.4083 173.5630 -169.9322 -21.3768 124.8622 100.0000 stroke5
movl 0 -40.7555 402.8161 173.2106 -169.7404 -19.1864 123.7617 100.0000 stroke5
movl 0 -41.8348 402.7355 173.2214 -169.3435 -18.5535 123.2488 100.0000 stroke5
movl 0 -42.4792 401.1187 173.6504 -168.9814 -17.7836 123.2536 100.0000 stroke5
movl 0 -43.2860 398.8503 174.1429 -168.5313 -17.2350 123.6343 100.0000 stroke5
movl 0 -44.5205 396.5567 174.3139 -168.0859 -16.7051 124.5386 100.0000 stroke5
movl 0 -45.6400 394.0383 174.5714 -167.8154 -16.6019 125.6184 100.0000 stroke5
movl 0 -46.9837 391.8917 175.0667 -167.4117 -16.6892 126.5901 100.0000 stroke5
movl 0 -46.1723 388.5849 178.8236 -165.4272 -18.2515 127.2203 100.0000 stroke5
movl 0 -44.3640 386.2111 217.8648 -166.1154 -27.3845 128.5262 100.0000 stroke5
movl 0 9.2701 428.9349 198.2918 -165.5035 -32.0382 133.7346 100.0000 stroke6
movl 0 1.0274 418.8847 175.7693 -168.9686 -31.0353 136.8236 100.0000 stroke6
movl 0 -13.7215 412.4658 173.7253 -174.3541 -28.6947 141.2863 100.0000 stroke6
movl 0 -25.1736 408.0925 173.5676 -178.5557 -28.1180 145.1114 100.0000 stroke6
movl 0 -27.4396 408.9957 172.9142 -178.7527 -27.3903 144.6908 100.0000 stroke6
movl 0 -33.2359 409.1681 172.4618 -179.9612 -25.0600 144.6756 100.0000 stroke6
movl 0 -37.0790 406.9822 172.2987 178.4575 -23.5835 144.6793 100.0000 stroke6
movl 0 -36.4131 407.7390 172.3217 178.3727 -23.1609 143.9987 100.0000 stroke6
movl 0 -31.7254 410.1888 172.4369 178.9476 -22.6827 141.1126 100.0000 stroke6
movl 0 -28.3054 411.4683 172.7906 179.8746 -22.7301 139.2475 100.0000 stroke6
movl 0 -24.7318 412.8803 173.1851 -178.0803 -23.5439 137.0219 100.0000 stroke6
movl 0 -23.2270 419.2251 172.5919 -174.7958 -21.1237 133.5023 100.0000 stroke6
movl 0 -19.6852 425.9499 171.6743 -170.8141 -19.4046 130.0458 100.0000 stroke6
movl 0 -20.4225 427.4566 171.7020 -169.4363 -18.5441 128.7564 100.0000 stroke6
movl 0 -19.5902 428.2360 172.0315 -167.5229 -17.2332 127.1612 100.0000 stroke6
movl 0 -20.3736 429.6046 172.5630 -165.1722 -14.6247 124.9664 100.0000 stroke6
movl 0 -21.0976 428.7322 173.0342 -164.0902 -13.2444 123.9363 100.0000 stroke6
movl 0 -19.5031 428.4740 173.4445 -163.8632 -13.7408 123.0185 100.0000 stroke6
movl 0 -19.8644 427.4616 173.6266 -163.8366 -13.5864 122.9211 100.0000 stroke6
movl 0 -20.9131 427.3545 173.4334 -163.7587 -13.0703 122.6017 100.0000 stroke6
movl 0 -18.5416 422.4533 175.3278 -164.8765 -16.1713 121.6898 100.0000 stroke6
movl 0 -12.7908 406.0709 205.3743 -170.4453 -27.8178 124.2533 100.0000 stroke6
movl 0 13.9133 403.8326 230.7234 -166.9754 -36.5948 122.0336 100.0000 stroke7
movl 0 0.2497 399.4164 182.9970 -166.1558 -30.4068 121.4909 100.0000 stroke7
movl 0 -8.3387 397.9806 178.9375 -168.0220 -29.0814 121.9193 100.0000 stroke7
movl 0 -17.9809 395.5070 176.3992 -170.3338 -27.9606 124.4829 100.0000 stroke7
movl 0 -23.7925 396.7668 175.1468 -170.6750 -26.4569 125.8739 100.0000 stroke7
movl 0 -26.8962 397.0539 174.3206 -171.3433 -25.9639 125.8013 100.0000 stroke7
movl 0 -28.6517 397.6899 173.8490 -171.4585 -25.4381 125.5722 100.0000 stroke7
movl 0 -31.9594 397.9132 173.2909 -172.9192 -24.1019 125.7760 100.0000 stroke7
movl 0 -35.0657 397.5888 173.2307 -174.0641 -23.0992 125.9572 100.0000 stroke7
movl 0 -36.3035 397.4591 173.1210 -174.7543 -22.7795 125.6562 100.0000 stroke7
movl 0 -33.9164 400.0440 173.1076 -174.8033 -21.6973 122.9094 100.0000 stroke7
movl 0 -31.0519 401.6194 173.1809 -174.1372 -21.3410 121.0364 100.0000 stroke7
movl 0 -21.2304 398.8779 180.9826 -171.5144 -25.7921 121.3686 100.0000 stroke7
movl 0 -1.1057 407.0069 199.9102 -159.6134 -28.3156 119.5364 100.0000 stroke8
movl 0 -6.2398 401.2106 175.9968 -162.2247 -26.8764 120.5456 100.0000 stroke8
movl 0 -16.8672 396.6598 175.8070 -166.4891 -25.3751 122.0835 100.0000 stroke8
movl 0 -21.9233 395.2124 176.1100 -167.4597 -24.2161 122.1310 100.0000 stroke8
movl 0 -26.4841 393.0669 175.3106 -169.1220 -23.9440 122.8267 100.0000 stroke8
movl 0 -31.2787 392.5300 175.1679 -170.8795 -22.7081 122.8254 100.0000 stroke8
movl 0 -35.8413 392.0668 175.0057 -172.4817 -21.6048 122.5583 100.0000 stroke8
movl 0 -39.5924 390.8007 174.7866 -173.7172 -21.1841 122.4601 100.0000 stroke8
movl 0 -40.7984 390.9566 174.6416 -174.3688 -20.7571 121.5608 100.0000 stroke8
movl 0 -34.7072 394.0956 174.8740 -174.0307 -19.7719 118.4436 100.0000 stroke8
movl 0 -34.3010 394.5176 175.0478 -173.2840 -19.7439 118.3329 100.0000 stroke8
movl 0 -27.0822 394.0486 176.6505 -169.6798 -21.5335 118.2264 100.0000 stroke8
movl 0 -15.2309 394.5388 207.2514 -165.7377 -29.1215 114.6604 100.0000 stroke8
movl 0 -14.8135 396.9985 222.3358 -164.2417 -35.1083 117.6747 100.0000 stroke9
movl 0 -12.6880 398.8317 174.6278 -165.0168 -32.8629 118.5824 100.0000 stroke9
movl 0 -20.3530 399.9966 171.6293 -169.3823 -31.5135 122.2989 100.0000 stroke9
movl 0 -22.6291 404.1318 172.6709 -168.1962 -27.9548 122.1061 100.0000 stroke9
movl 0 -25.0590 406.1285 171.2013 -168.2665 -27.1805 121.8355 100.0000 stroke9
movl 0 -31.6146 410.8160 169.7056 -168.6407 -23.4389 121.1595 100.0000 stroke9
movl 0 -31.9384 413.6647 170.3486 -167.4377 -19.9014 116.9782 100.0000 stroke9
movl 0 -32.5077 415.6099 171.1216 -166.0357 -17.3249 114.2051 100.0000 stroke9
movl 0 -31.8983 416.6746 171.8615 -164.4477 -15.2688 111.2477 100.0000 stroke9
movl 0 -31.8744 417.7228 172.5144 -163.0251 -12.6826 107.6661 100.0000 stroke9
movl 0 -32.0164 418.2029 173.0503 -162.0749 -10.1105 104.6461 100.0000 stroke9
movl 0 -32.5721 419.0499 173.3064 -161.5656 -7.6574 102.2133 100.0000 stroke9
movl 0 -33.1712 418.8517 173.4532 -161.3598 -6.0114 100.8032 100.0000 stroke9
movl 0 -34.3400 418.4809 173.4734 -161.4563 -4.6615 99.9239 100.0000 stroke9
movl 0 -34.8093 417.4084 173.7349 -161.4676 -4.1945 99.7466 100.0000 stroke9
movl 0 -35.3433 416.4934 173.8574 -161.5073 -3.7485 99.5396 100.0000 stroke9
movl 0 -36.8342 415.0396 173.9830 -161.8306 -3.5646 99.7012 100.0000 stroke9
movl 0 -35.9068 414.4600 174.3403 -161.7498 -4.0362 99.0266 100.0000 stroke9
movl 0 -36.9558 413.3623 174.4298 -161.9378 -3.7694 99.0863 100.0000 stroke9
movl 0 -35.5262 414.2628 174.4619 -161.4626 -3.4645 98.8086 100.0000 stroke9
movl 0 -35.3825 414.4143 174.4912 -161.4650 -3.6692 98.6305 100.0000 stroke9
movl 0 -35.7638 413.5101 174.6047 -161.6367 -4.1624 98.6337 100.0000 stroke9
movl 0 -33.5628 411.2932 176.3057 -161.4280 -6.0039 98.0775 100.0000 stroke9
movl 0 -25.2032 396.2115 225.9416 -160.6721 -18.6307 99.2433 100.0000 stroke9
movl 0 10.3227 411.8194 184.2754 -151.6777 -18.2915 106.1511 100.0000 stroke10
movl 0 -8.8983 399.2552 176.5802 -156.1142 -16.4030 109.1707 100.0000 stroke10
movl 0 -21.9428 392.7349 176.4273 -159.8039 -16.7966 111.1514 100.0000 stroke10
movl 0 -27.5803 389.6619 175.7911 -161.8147 -17.7476 111.7904 100.0000 stroke10
movl 0 -32.1146 389.1129 175.1110 -163.4968 -17.2281 111.4518 100.0000 stroke10
movl 0 -37.7449 389.0994 174.2648 -165.5544 -15.4303 111.5832 100.0000 stroke10
movl 0 -39.9788 388.8490 174.1095 -166.4550 -14.9771 111.9037 100.0000 stroke10
movl 0 -40.8195 388.9136 174.0079 -167.0934 -15.1448 111.3550 100.0000 stroke10
movl 0 -38.6740 390.2977 174.0588 -167.0950 -15.0941 109.6344 100.0000 stroke10
movl 0 -34.4121 392.1688 174.3870 -166.7874 -14.8801 107.7271 100.0000 stroke10
movl 0 -30.6313 393.9271 174.7918 -166.4219 -14.7967 106.1461 100.0000 stroke10
movl 0 -27.0541 394.0558 175.7661 -166.0148 -15.1971 104.8469 100.0000 stroke10
movl 0 -15.4013 391.2296 182.0170 -163.6019 -17.4199 103.5417 100.0000 stroke10
movl 0 -11.9560 377.2111 240.4504 -163.5593 -29.6426 107.8516 100.0000 stroke10
movl 0 1.1480 418.6751 195.8184 -152.6958 -13.4132 104.2168 100.0000 stroke11
movl 0 -7.2249 398.1827 177.9360 -158.5978 -17.9678 107.7612 100.0000 stroke11
movl 0 -14.3186 395.7284 177.9602 -162.3270 -18.1848 109.9233 100.0000 stroke11
movl 0 -17.7305 393.8796 177.2519 -164.0371 -18.9440 109.8732 100.0000 stroke11
movl 0 -18.8368 396.0268 176.5805 -164.3877 -18.3348 109.4131 100.0000 stroke11
movl 0 -22.7798 400.7410 175.0034 -165.2523 -15.7317 109.2047 100.0000 stroke11
movl 0 -26.7681 405.2668 174.4524 -166.5330 -12.1657 108.3902 100.0000 stroke11
movl 0 -25.2602 407.1805 174.5274 -166.4480 -11.1465 106.7937 100.0000 stroke11
movl 0 -25.6658 406.5512 175.1785 -165.9867 -9.6811 106.8533 100.0000 stroke11
movl 0 -23.7687 405.5654 175.6922 -165.5695 -10.1623 106.8463 100.0000 stroke11
movl 0 -23.5624 403.7496 175.7959 -165.7062 -11.5786 107.2641 100.0000 stroke11
movl 0 -18.1257 398.7139 177.0425 -164.3727 -16.0361 108.3703 100.0000 stroke11
movl 0 -12.5374 388.1441 209.8372 -168.6427 -31.2846 118.5711 100.0000 stroke11
movl 0 11.7674 400.1066 225.2336 -173.8391 -33.0479 136.2829 100.0000 stroke12
movl 0 4.9718 388.5478 186.7609 -177.6268 -31.4604 136.5367 100.0000 stroke12
movl 0 2.4581 391.1251 175.6110 -178.0544 -30.2536 137.3418 100.0000 stroke12
movl 0 -2.1656 393.4902 174.0181 -178.0696 -29.9396 136.6199 100.0000 stroke12
movl 0 -8.1401 394.1532 172.8067 -178.9679 -28.8689 136.8194 100.0000 stroke12
movl 0 -13.3589 395.1188 172.1595 -179.8851 -26.7881 136.4312 100.0000 stroke12
movl 0 -20.4148 393.2833 171.7946 178.0994 -24.7049 136.0841 100.0000 stroke12
movl 0 -21.7805 394.2086 171.6841 177.8968 -23.6317 134.7941 100.0000 stroke12
movl 0 -20.6043 396.1909 171.5995 178.2205 -22.9225 132.8822 100.0000 stroke12
movl 0 -16.1750 398.9060 171.9167 179.1667 -22.6853 129.5294 100.0000 stroke12
movl 0 -12.9067 400.0758 172.3194 -179.7587 -22.9737 127.9339 100.0000 stroke12
movl 0 -6.7879 402.1207 172.5586 -177.3609 -23.6113 126.1032 100.0000 stroke12
movl 0 -2.2609 410.4672 171.4241 -173.0193 -21.3103 123.0428 100.0000 stroke12
movl 0 1.2842 414.8523 170.6875 -169.7747 -20.0242 121.1128 100.0000 stroke12
movl 0 2.0304 415.3905 171.2175 -167.2074 -18.6999 120.3863 100.0000 stroke12
movl 0 1.2068 412.2549 172.2276 -165.9027 -18.7071 121.2708 100.0000 stroke12
movl 0 3.9463 410.7158 173.1311 -165.2839 -19.6949 119.9486 100.0000 stroke12
movl 0 3.9879 410.0958 173.2928 -165.5156 -19.8547 119.5146 100.0000 stroke12
movl 0 2.5095 409.8463 173.2314 -165.7158 -19.4445 119.7888 100.0000 stroke12
movl 0 1.8664 409.8095 173.0923 -165.6799 -19.2419 119.8040 100.0000 stroke12
movl 0 1.3525 409.7224 173.0662 -165.6465 -19.1261 119.9731 100.0000 stroke12
movl 0 1.2617 409.5539 173.1445 -165.6706 -19.1506 119.8552 100.0000 stroke12
movl 0 2.8575 408.8022 173.5589 -165.6158 -19.8463 119.2916 100.0000 stroke12
movl 0 8.2137 402.5989 181.9964 -166.2353 -24.8486 115.4661 100.0000 stroke12
movl 0 13.6566 385.0590 180.6707 -153.7585 -25.5782 101.6756 100.0000 stroke13
movl 0 8.0320 380.6851 174.1006 -157.6276 -25.1471 101.3410 100.0000 stroke13
movl 0 1.4651 381.0645 174.1037 -162.2120 -23.4951 100.9358 100.0000 stroke13
movl 0 1.2992 383.9846 173.1191 -161.6017 -22.0868 99.5330 100.0000 stroke13
movl 0 -2.8901 386.0646 171.9960 -162.5908 -20.8536 99.0648 100.0000 stroke13
movl 0 -6.0771 389.9544 171.8221 -163.3551 -17.4233 96.1438 100.0000 stroke13
movl 0 -6.9546 393.6475 172.5852 -163.3628 -13.5713 92.4800 100.0000 stroke13
movl 0 -6.5450 396.4609 173.4358 -162.9908 -9.6327 87.3849 100.0000 stroke13
movl 0 -5.4052 398.9285 174.1046 -162.4877 -5.7317 81.9490 100.0000 stroke13
movl 0 -3.6561 400.2650 174.2009 -161.8781 -3.9631 79.5909 100.0000 stroke13
movl 0 -2.8393 401.1491 173.9896 -161.6282 -2.8960 78.5812 100.0000 stroke13
movl 0 -1.1837 402.8549 173.4187 -161.1602 -0.7216 77.6102 100.0000 stroke13
movl 0 -0.1940 403.1623 173.0062 -160.1020 -0.8850 78.5273 100.0000 stroke13
movl 0 0.8686 403.1333 172.3530 -158.5287 -1.7659 80.2141 100.0000 stroke13
movl 0 0.9736 402.5427 171.9038 -157.6882 -3.1708 81.6900 100.0000 stroke13
movl 0 1.0629 401.9260 171.4540 -156.9213 -4.2503 82.9276 100.0000 stroke13
movl 0 1.0177 400.8595 171.1997 -156.5550 -5.6338 84.0690 100.0000 stroke13
movl 0 1.1629 399.8607 171.0983 -156.1423 -6.6404 85.1161 100.0000 stroke13
movl 0 2.3327 398.5160 171.2432 -155.5094 -7.6845 85.6377 100.0000 stroke13
movl 0 11.0296 382.2391 187.1732 -152.9936 -18.2361 88.6730 100.0000 stroke13
movl 0 7.5470 409.3346 202.1253 168.6394 -32.4985 175.1113 100.0000 stroke14
movl 0 7.7797 402.4171 170.9884 169.2016 -30.2933 172.5890 100.0000 stroke14
movl 0 2.4109 396.7885 170.2118 166.5104 -27.8310 172.1366 100.0000 stroke14
movl 0 -2.1175 396.0724 171.2103 166.6680 -26.0980 173.1797 100.0000 stroke14
movl 0 -3.4969 396.7553 170.4574 166.6254 -25.8895 173.1118 100.0000 stroke14
movl 0 -8.4638 399.2766 169.4754 168.8313 -24.1214 170.5512 100.0000 stroke14
movl 0 -8.9687 402.3644 169.5873 172.2806 -23.2536 165.9793 100.0000 stroke14
movl 0 -10.2285 403.8320 170.0773 175.0444 -22.9895 162.6071 100.0000 stroke14
movl 0 -9.7530 404.7586 170.6199 177.8379 -22.7002 158.8777 100.0000 stroke14
movl 0 -9.7713 405.4164 171.1554 179.9909 -22.2221 156.1165 100.0000 stroke14
movl 0 -9.9643 406.2521 171.5337 -177.9070 -21.5490 153.3217 100.0000 stroke14
movl 0 -9.6116 406.9101 171.9557 -175.6113 -21.1298 150.0278 100.0000 stroke14
movl 0 -9.9046 407.8333 172.2918 -173.3952 -20.1182 146.7728 100.0000 stroke14
movl 0 -10.0996 408.7380 172.4385 -171.7072 -19.1756 144.6491 100.0000 stroke14
movl 0 -10.8147 409.1336 172.5837 -170.7229 -18.2610 143.0004 100.0000 stroke14
movl 0 -11.1951 409.1150 172.7111 -170.2233 -17.8087 142.0725 100.0000 stroke14
movl 0 -11.1440 409.0212 172.8534 -169.9562 -17.5716 141.4630 100.0000 stroke14
movl 0 -11.4986 408.8901 172.9761 -169.8880 -17.3588 141.1736 100.0000 stroke14
movl 0 -11.9138 409.0490 172.9421 -169.7011 -17.0275 140.9479 100.0000 stroke14
movl 0 -12.1967 409.0369 173.0523 -169.4641 -16.7331 140.5575 100.0000 stroke14
movl 0 -12.5977 408.7276 173.2298 -169.2751 -16.4817 140.2712 100.0000 stroke14
movl 0 -12.7826 408.8567 173.3147 -168.9934 -16.1751 139.7856 100.0000 stroke14
movl 0 -12.9057 408.9278 173.3864 -168.8094 -15.9752 139.5304 100.0000 stroke14
movl 0 -13.3241 408.5041 173.4699 -168.5269 -15.6421 139.2298 100.0000 stroke14
movl 0 -13.1033 407.8867 173.7546 -168.4621 -15.7021 138.9194 100.0000 stroke14
movl 0 -11.4783 406.8810 174.3048 -168.6731 -16.4049 138.0647 100.0000 stroke14
movl 0 -12.5513 407.0292 174.1823 -168.0503 -15.4634 138.1227 100.0000 stroke14
movl 0 -11.4530 406.2247 174.5994 -168.1957 -16.0567 137.5917 100.0000 stroke14
movl 0 -11.8914 405.5200 174.7294 -168.0049 -15.6967 137.7098 100.0000 stroke14
movl 0 -10.6630 405.0839 175.0102 -167.9173 -16.0787 137.3515 100.0000 stroke14
movl 0 -10.6380 404.7281 175.2236 -167.7227 -15.9471 137.2843 100.0000 stroke14
movl 0 -10.3250 403.9947 175.4967 -167.7875 -16.0963 137.1618 100.0000 stroke14
movl 0 -10.5942 403.9901 175.4392 -167.7297 -15.9675 137.1702 100.0000 stroke14
movl 0 -10.3938 403.6538 175.6951 -168.0505 -16.2138 136.8493 100.0000 stroke14
movl 0 -6.2416 399.7281 178.4654 -169.7436 -19.0687 135.7608 100.0000 stroke14
movl 0 1.6459 382.5988 234.7476 179.4115 -32.1734 141.6186 100.0000 stroke14
movl 0 16.5927 388.2401 244.6422 -178.2585 -41.2424 143.5566 100.0000 stroke15
movl 0 11.3710 387.0558 183.3406 -164.4732 -34.3919 133.1420 100.0000 stroke15
movl 0 -5.8969 379.3243 176.2321 -168.3138 -29.1201 134.1673 100.0000 stroke15
movl 0 -21.4116 374.3637 175.1871 -172.7458 -25.9851 135.6620 100.0000 stroke15
movl 0 -24.5631 374.2316 174.6779 -173.2145 -25.1266 135.1008 100.0000 stroke15
movl 0 -29.1456 375.3314 173.7811 -173.9272 -23.2924 134.2030 100.0000 stroke15
movl 0 -34.6146 377.4877 173.3685 -174.9426 -19.5569 132.1164 100.0000 stroke15
movl 0 -33.5761 378.0390 173.4357 -174.6292 -19.5631 130.6797 100.0000 stroke15
movl 0 -31.5471 379.6189 173.5741 -173.4517 -19.0513 129.5040 100.0000 stroke15
movl 0 -31.0358 380.0149 173.5986 -172.3509 -18.2608 128.8727 100.0000 stroke15
movl 0 -30.4952 379.5024 173.4550 -171.9379 -18.9207 129.1712 100.0000 stroke15
movl 0 -30.2672 378.9462 173.4465 -172.0145 -19.6849 129.4329 100.0000 stroke15
movl 0 -29.5358 378.4480 173.5510 -171.8102 -20.3787 129.6242 100.0000 stroke15
movl 0 -22.4393 368.0765 190.1157 -172.2983 -27.4880 131.5161 100.0000 stroke15
movl 0 2.8108 364.8246 208.8122 -166.7798 -36.5043 124.3270 100.0000 stroke16
movl 0 -8.9651 362.0025 176.8998 -166.3322 -30.9067 123.5551 100.0000 stroke16
movl 0 -25.4064 358.9025 176.7537 -170.5146 -28.3867 126.9315 100.0000 stroke16
movl 0 -32.2225 360.2322 174.4801 -170.0313 -25.8641 126.7932 100.0000 stroke16
movl 0 -34.1143 361.2451 173.1337 -170.3766 -25.3787 127.3618 100.0000 stroke16
movl 0 -36.9070 362.6772 172.2006 -171.0381 -24.4131 127.3838 100.0000 stroke16
movl 0 -39.7392 361.9240 171.8334 -172.2283 -23.3999 126.7731 100.0000 stroke16
movl 0 -41.5934 363.0678 172.3078 -172.6265 -21.4756 125.9101 100.0000 stroke16
movl 0 -41.8928 362.7779 172.4907 -173.2492 -21.4815 125.6863 100.0000 stroke16
movl 0 -39.5979 363.5876 172.7185 -173.2200 -21.1375 124.3338 100.0000 stroke16
movl 0 -36.9104 364.6518 173.0028 -173.2318 -20.6632 122.4111 100.0000 stroke16
movl 0 -33.9303 365.6048 173.1891 -173.2940 -20.0468 120.2164 100.0000 stroke16
movl 0 -33.3225 367.1293 173.1525 -173.8573 -18.9792 118.0267 100.0000 stroke16
movl 0 -32.8688 367.7027 173.0940 -174.5071 -18.6149 116.8095 100.0000 stroke16
movl 0 -32.1227 366.3878 173.6192 -174.2889 -19.2627 117.0205 100.0000 stroke16
movl 0 -31.0354 364.5899 174.2932 -174.1890 -20.2244 117.0890 100.0000 stroke16
movl 0 -30.5220 364.1141 174.5696 -174.1261 -20.5770 116.9925 100.0000 stroke16
movl 0 -29.9829 363.8719 174.7111 -174.1153 -20.8911 116.9210 100.0000 stroke16
movl 0 -30.4332 365.0927 174.6072 -173.8594 -19.8009 116.7015 100.0000 stroke16
movl 0 -30.6177 366.2568 174.6596 -173.5481 -18.5238 116.4281 100.0000 stroke16
movl 0 -29.6852 367.1049 174.4004 -172.8680 -18.4032 116.4495 100.0000 stroke16
movl 0 -29.6658 367.5388 174.1546 -172.1092 -18.8712 116.9164 100.0000 stroke16
movl 0 -29.7001 367.6049 174.1263 -171.6850 -19.3135 117.0647 100.0000 stroke16
movl 0 -26.3113 360.9739 178.6853 -169.7366 -23.4182 120.2974 100.0000 stroke16
movl 0 4.4610 377.9817 192.6651 -153.8961 -25.8391 113.8724 100.0000 stroke17
movl 0 -10.2053 370.7049 174.4339 -158.5917 -23.4306 114.9933 100.0000 stroke17
movl 0 -23.5199 364.7860 173.8396 -164.0374 -22.4495 117.0550 100.0000 stroke17
movl 0 -25.0292 363.2727 173.4299 -164.9565 -22.5430 116.8292 100.0000 stroke17
movl 0 -30.4053 365.2840 172.5829 -165.4425 -19.5039 116.3856 100.0000 stroke17
movl 0 -35.9521 368.2916 172.1887 -165.0160 -14.7549 114.9480 100.0000 stroke17
movl 0 -35.6853 368.0029 172.4436 -165.3259 -15.4082 113.8544 100.0000 stroke17
movl 0 -36.0010 368.1644 172.0123 -165.2255 -14.6550 113.4503 100.0000 stroke17
movl 0 -34.8657 369.0134 172.0709 -165.4677 -15.2372 112.9504 100.0000 stroke17
movl 0 -32.5566 369.4563 172.1738 -165.3068 -15.5586 111.8754 100.0000 stroke17
movl 0 -29.7046 369.5335 172.5876 -164.8280 -16.0058 110.6220 100.0000 stroke17
movl 0 -16.4566 365.8402 180.4152 -162.1981 -19.3732 108.8766 100.0000 stroke17
movl 0 3.5531 353.3831 248.5262 -162.0050 -30.2571 107.7121 100.0000 stroke17
movl 0 16.0029 372.1920 207.6024 -157.7175 -33.8323 112.0446 100.0000 stroke18
movl 0 10.1220 365.2974 171.8835 -157.2237 -25.2711 108.9882 100.0000 stroke18
movl 0 -0.9240 361.9393 173.0861 -162.1065 -23.7363 110.3418 100.0000 stroke18
movl 0 -5.7311 362.1763 172.6862 -163.2891 -22.7650 110.9635 100.0000 stroke18
movl 0 -9.4353 362.5128 171.8070 -164.1579 -22.4505 111.4091 100.0000 stroke18
movl 0 -14.5855 365.0027 170.8422 -165.7123 -20.0474 111.6654 100.0000 stroke18
movl 0 -16.5067 367.4832 170.7114 -166.0340 -17.4550 109.9687 100.0000 stroke18
movl 0 -17.0690 368.0211 170.5962 -165.6610 -16.4180 109.3397 100.0000 stroke18
movl 0 -17.9728 366.8049 170.9035 -165.2905 -16.1254 109.6040 100.0000 stroke18
movl 0 -18.8146 364.6732 171.4743 -165.0285 -16.3299 110.3943 100.0000 stroke18
movl 0 -19.5304 361.1267 172.7529 -164.8434 -17.2840 110.9699 100.0000 stroke18
movl 0 -18.5269 354.7353 182.4370 -163.0988 -20.6927 110.5614 100.0000 stroke18
movl 0 -6.0843 354.7411 197.9868 -161.0169 -26.8085 111.9280 100.0000 stroke19
movl 0 -27.4901 347.5085 181.5537 -163.8220 -25.4166 115.5930 100.0000 stroke19
movl 0 -42.5894 345.5522 176.3443 -166.0686 -24.4208 119.0126 100.0000 stroke19
movl 0 -49.3187 343.8854 173.8013 -167.8035 -23.9510 120.5748 100.0000 stroke19
movl 0 -51.4067 343.7139 172.9759 -168.3157 -24.1903 121.0857 100.0000 stroke19
movl 0 -53.2736 344.3151 172.5121 -168.5917 -23.6853 120.5995 100.0000 stroke19
movl 0 -57.2988 344.9588 172.0400 -169.8970 -21.8040 120.7009 100.0000 stroke19
movl 0 -58.4444 345.6792 172.3495 -170.0458 -20.5297 120.0942 100.0000 stroke19
movl 0 -59.8425 344.3147 172.4974 -170.6641 -20.7435 120.1104 100.0000 stroke19
movl 0 -59.9654 344.7675 172.3864 -170.8825 -20.4672 119.4310 100.0000 stroke19
movl 0 -57.8565 345.9639 172.6386 -170.6069 -20.0758 118.1905 100.0000 stroke19
movl 0 -55.4784 346.7109 172.9872 -170.4655 -19.5805 117.0541 100.0000 stroke19
movl 0 -52.7859 347.2503 173.3833 -170.3074 -19.3584 115.9451 100.0000 stroke19
movl 0 -51.1002 347.6181 173.6627 -170.4449 -18.9886 115.1248 100.0000 stroke19
movl 0 -49.5149 348.0642 173.9035 -170.6596 -18.6225 114.4620 100.0000 stroke19
movl 0 -47.9673 348.6105 174.0577 -170.9106 -18.2647 113.6592 100.0000 stroke19
movl 0 -45.5849 349.1588 174.2839 -171.0002 -17.9150 112.6721 100.0000 stroke19
movl 0 -43.1550 350.0014 174.4697 -170.9859 -17.5821 110.8152 100.0000 stroke19
movl 0 -40.8673 350.8050 174.6502 -171.2478 -16.9994 109.5073 100.0000 stroke19
movl 0 -39.0515 351.8312 174.8842 -171.7356 -16.2719 107.9443 100.0000 stroke19
movl 0 -37.4879 352.9180 174.8972 -172.4555 -15.5508 106.5072 100.0000 stroke19
movl 0 -36.0615 353.9284 175.0769 -173.0797 -14.8860 104.9635 100.0000 stroke19
movl 0 -35.3487 354.8985 175.2620 -173.6302 -14.2597 103.8868 100.0000 stroke19
movl 0 -33.3180 355.4105 175.4426 -174.3186 -13.9236 102.8149 100.0000 stroke19
movl 0 -32.4646 356.6791 175.5884 -174.8540 -13.1273 101.5598 100.0000 stroke19
movl 0 -31.8716 357.9049 175.5358 -175.3072 -12.4718 99.9830 100.0000 stroke19
movl 0 -31.7801 357.7445 175.6433 -175.4638 -12.4130 99.7226 100.0000 stroke19
movl 0 -30.3322 356.3353 176.3658 -174.6931 -13.2160 100.4913 100.0000 stroke19
movl 0 -26.5224 355.0983 177.8525 -173.4742 -14.2785 100.1085 100.0000 stroke19
movl 0 -25.8219 354.8905 178.1379 -173.3251 -14.5040 99.9100 100.0000 stroke19
movl 0 -24.7300 354.7615 178.5223 -173.0666 -14.5764 99.6190 100.0000 stroke19
movl 0 -24.3437 354.7829 178.5854 -173.0446 -14.6271 99.5587 100.0000 stroke19
movl 0 -25.4251 356.6558 178.4060 -173.0589 -12.8588 99.5234 100.0000 stroke19
movl 0 -25.8639 357.5136 178.2316 -173.1627 -12.0472 99.5211 100.0000 stroke19
movl 0 -25.7801 358.2973 178.4040 -172.9956 -11.3028 99.3115 100.0000 stroke19
movl 0 -25.6343 358.6611 178.5742 -172.9313 -10.7794 99.1812 100.0000 stroke19
movl 0 -25.0951 358.5545 178.6283 -172.7366 -10.7627 99.1389 100.0000 stroke19
movl 0 -23.6343 356.5660 178.9074 -171.9259 -12.3122 100.1435 100.0000 stroke19
movl 0 -23.3995 354.4739 178.8275 -171.7485 -14.0769 101.4440 100.0000 stroke19
movl 0 -26.2917 349.8477 179.7360 -172.5738 -16.2622 102.8840 100.0000 stroke19
movl 0 -28.9009 332.8762 190.4577 -173.3633 -26.2952 110.8223 100.0000 stroke19
movl 0 8.7764 373.7982 186.9305 160.8586 33.7291 -44.7990 100.0000 stroke20
movl 0 6.3254 362.3072 169.9929 160.4003 31.4006 -47.8731 100.0000 stroke20
movl 0 -14.4948 348.8104 173.1119 169.8727 28.7597 -42.1748 100.0000 stroke20
movl 0 -22.6282 342.2297 173.4653 175.0806 28.6948 -38.4074 100.0000 stroke20
movl 0 -26.1170 342.8211 172.0795 177.1613 28.0930 -35.6702 100.0000 stroke20
movl 0 -27.9803 344.2809 170.9938 177.5522 27.7097 -34.9995 100.0000 stroke20
movl 0 -31.7592 347.6649 170.8514 176.1603 24.8142 -36.1976 100.0000 stroke20
movl 0 -33.2388 348.7161 171.3224 174.6076 22.7846 -39.3306 100.0000 stroke20
movl 0 -33.8409 349.3170 171.6741 173.5545 21.5440 -41.5779 100.0000 stroke20
movl 0 -34.4385 350.4171 172.3410 171.8687 19.8500 -44.2892 100.0000 stroke20
movl 0 -35.3150 351.2287 172.7426 170.4299 18.2576 -46.6641 100.0000 stroke20
movl 0 -35.5978 352.0042 173.1523 169.1568 16.8662 -48.7374 100.0000 stroke20
movl 0 -36.4489 352.2491 173.4762 168.2176 15.4497 -50.2621 100.0000 stroke20
movl 0 -37.4410 351.7496 173.9164 167.3153 14.1928 -51.2988 100.0000 stroke20
movl 0 -36.2378 349.9717 174.8228 167.3955 15.0376 -52.3548 100.0000 stroke20
movl 0 -34.9047 349.8561 174.8836 167.1149 15.0685 -52.9462 100.0000 stroke20
movl 0 -35.3860 349.8657 174.8423 166.9646 14.6416 -53.1381 100.0000 stroke20
movl 0 -36.0517 349.5020 174.8165 167.2542 14.5935 -53.2613 100.0000 stroke20
movl 0 -33.6583 346.3041 176.1613 168.4221 17.3979 -54.0027 100.0000 stroke20
movl 0 -27.6433 341.1355 209.4906 174.8331 29.0724 -51.5449 100.0000 stroke20
movl 0 10.1862 352.5784 182.4011 -164.2385 -32.4774 127.9310 100.0000 stroke21
movl 0 -7.8429 335.3849 176.7254 -171.9765 -31.7285 133.4274 100.0000 stroke21
movl 0 -20.7331 332.9352 174.2695 -176.0843 -28.8242 135.9570 100.0000 stroke21
movl 0 -28.3039 331.1069 173.3031 -177.9162 -27.7508 137.1370 100.0000 stroke21
movl 0 -30.0736 332.6171 172.8782 -177.2007 -26.5170 135.9893 100.0000 stroke21
movl 0 -32.4393 332.9897 172.4068 -177.6564 -25.6451 135.5623 100.0000 stroke21
movl 0 -37.1801 331.9767 172.1102 -179.0694 -23.8658 135.3451 100.0000 stroke21
movl 0 -37.6326 332.6474 172.1803 -179.1775 -23.2946 134.5708 100.0000 stroke21
movl 0 -36.2731 333.6646 172.2097 -179.1226 -22.8051 133.5465 100.0000 stroke21
movl 0 -34.7812 334.4697 172.3413 -179.0572 -22.3410 132.3020 100.0000 stroke21
movl 0 -32.8165 335.6333 172.4682 -178.9615 -21.7103 130.6315 100.0000 stroke21
movl 0 -31.3224 336.7689 172.7235 -178.8593 -21.2845 128.9462 100.0000 stroke21
movl 0 -29.3600 335.0446 173.6371 -178.4023 -22.1999 128.3615 100.0000 stroke21
movl 0 -25.6206 337.3819 173.8616 -176.7218 -22.2716 126.6560 100.0000 stroke21
movl 0 -22.7589 345.0566 173.4535 -173.3983 -19.0285 123.2271 100.0000 stroke21
movl 0 -15.2201 354.9859 172.0974 -168.1655 -16.2684 119.8188 100.0000 stroke21
movl 0 -13.9672 357.7894 171.7123 -166.4300 -14.9275 118.9236 100.0000 stroke21
movl 0 -14.5353 358.7428 172.0609 -165.5774 -13.5181 118.5258 100.0000 stroke21
movl 0 -15.6490 359.1690 172.4083 -165.2407 -12.3347 118.6175 100.0000 stroke21
movl 0 -16.8218 359.7433 172.7139 -164.8111 -11.0996 118.7550 100.0000 stroke21
movl 0 -17.6065 359.6794 172.9152 -164.3297 -10.1911 119.0866 100.0000 stroke21
movl 0 -18.8786 359.0504 173.2769 -164.1368 -9.4051 119.6951 100.0000 stroke21
movl 0 -18.8627 357.5123 173.8594 -164.2532 -9.8295 119.8120 100.0000 stroke21
movl 0 -15.7914 355.4808 174.8147 -164.5229 -11.4022 118.8949 100.0000 stroke21
movl 0 -17.9596 356.2488 174.4713 -164.3137 -10.0257 119.5770 100.0000 stroke21
movl 0 -17.3186 354.3776 175.0717 -164.6559 -11.1045 120.0451 100.0000 stroke21
movl 0 -18.7648 354.4769 174.9491 -164.8315 -10.6209 120.3900 100.0000 stroke21
movl 0 -17.6938 353.1147 175.4526 -165.3044 -12.0418 120.4926 100.0000 stroke21
movl 0 -18.8923 349.6356 176.2468 -166.9039 -13.8523 121.3019 100.0000 stroke21
movl 0 -12.9483 347.6649 178.1243 -166.4113 -17.0847 121.6416 100.0000 stroke21
movl 0 0.0581 334.4566 234.3563 -171.0276 -32.5664 126.8597 100.0000 stroke21
movl 0 2.2423 346.4659 214.8385 161.0545 34.3474 -61.3252 100.0000 stroke22
movl 0 -9.2550 335.2157 180.8185 163.6157 27.2687 -62.9144 100.0000 stroke22
movl 0 -21.3480 330.3915 178.1177 166.5529 24.3358 -61.4449 100.0000 stroke22
movl 0 -28.7120 327.9614 177.5337 169.4375 23.8156 -60.1875 100.0000 stroke22
movl 0 -30.5247 329.5763 176.7075 169.9625 22.8816 -60.7561 100.0000 stroke22
movl 0 -32.9097 329.4206 176.2930 170.7797 22.5375 -60.6135 100.0000 stroke22
movl 0 -34.9540 330.2343 175.7671 170.9892 21.8398 -60.5102 100.0000 stroke22
movl 0 -38.3202 330.3874 175.3904 172.3823 20.8608 -60.7153 100.0000 stroke22
movl 0 -40.0800 330.1067 175.4528 173.1550 20.5130 -61.0658 100.0000 stroke22
movl 0 -40.4930 330.4695 175.3874 173.5057 20.1001 -61.4856 100.0000 stroke22
movl 0 -40.1803 331.1383 175.3757 173.7615 19.5326 -62.3413 100.0000 stroke22
movl 0 -39.0433 331.6247 175.4495 173.8703 19.2465 -63.0592 100.0000 stroke22
movl 0 -38.1020 332.5954 175.4009 173.9444 18.8380 -63.9916 100.0000 stroke22
movl 0 -37.5002 331.3158 175.9639 173.7343 19.5004 -63.9656 100.0000 stroke22
movl 0 -35.9451 330.5917 176.4815 173.5144 20.0433 -64.3508 100.0000 stroke22
movl 0 -36.6428 331.8958 176.2705 173.3395 18.9309 -64.3999 100.0000 stroke22
movl 0 -36.1776 331.8044 176.2946 173.1865 18.8429 -64.3981 100.0000 stroke22
movl 0 -34.4457 330.8811 176.3756 171.0428 19.9577 -62.9785 100.0000 stroke22
movl 0 -18.9305 316.3042 201.4599 168.9413 35.6720 -60.9823 100.0000 stroke22
movl 0 -4.1365 335.4473 217.9707 160.6562 30.8157 -63.9830 100.0000 stroke23
movl 0 -19.3523 324.1708 177.8814 163.2845 25.1533 -63.6897 100.0000 stroke23
movl 0 -33.2653 319.9049 177.1475 168.5722 23.4823 -62.0279 100.0000 stroke23
movl 0 -35.4067 319.3884 177.3747 170.0342 22.6080 -63.0328 100.0000 stroke23
movl 0 -36.8434 320.8245 176.5858 170.4312 21.3502 -64.1530 100.0000 stroke23
movl 0 -38.3854 322.2517 176.0112 170.2230 20.6971 -64.4009 100.0000 stroke23
movl 0 -39.9771 323.7888 175.6751 170.7930 19.3179 -65.3399 100.0000 stroke23
movl 0 -41.9279 323.6548 175.8965 171.4718 18.5225 -65.5542 100.0000 stroke23
movl 0 -42.9591 323.9678 175.6865 171.9286 18.2881 -65.8564 100.0000 stroke23
movl 0 -40.8816 324.9987 175.7029 172.1392 17.7071 -67.1902 100.0000 stroke23
movl 0 -38.6011 326.4487 175.4240 172.1941 17.3060 -69.3687 100.0000 stroke23
movl 0 -38.0290 325.9285 175.6063 172.2215 17.6239 -69.6117 100.0000 stroke23
movl 0 -35.5617 325.1710 176.3481 171.5485 18.4116 -70.1576 100.0000 stroke23
movl 0 -35.8922 325.5067 176.2472 171.7193 17.5042 -69.7518 100.0000 stroke23
movl 0 -36.5417 325.3108 176.4296 171.3268 17.4034 -69.2459 100.0000 stroke23
movl 0 -38.0312 324.0350 176.4466 171.0439 18.3516 -68.1096 100.0000 stroke23
movl 0 -37.0397 324.5213 176.1589 170.9603 18.3611 -68.2941 100.0000 stroke23
movl 0 -37.4084 324.4417 176.3019 171.1052 18.2666 -68.2360 100.0000 stroke23
movl 0 -35.8309 322.9191 177.5430 171.1602 19.2597 -68.1903 100.0000 stroke23
movl 0 -28.3623 321.2379 235.3550 171.2435 26.2438 -67.1899 100.0000 stroke23
