movl 0 -6.3215 385.8345 204.5329 -127.7306 -1.0618 55.7600 100.0000 stroke1
movl 0 -21.5885 393.7930 232.2280 -128.3982 -4.6836 49.5399 100.0000 stroke1
movl 0 -28.0064 401.5432 240.7902 -128.1172 12.7844 36.2676 100.0000 stroke1
movl 0 -34.5433 404.7332 241.6152 -147.2179 25.4768 23.3330 100.0000 stroke1
movl 0 -43.7118 400.0649 223.4567 -167.8590 27.0868 -7.2194 100.0000 stroke1
movl 0 -37.1764 389.0877 197.8855 -170.9708 31.7281 -14.5790 100.0000 stroke1
movl 0 -33.0891 386.5394 178.6073 -174.2533 33.4128 -20.1131 100.0000 stroke1
movl 0 -37.1185 384.8512 174.5707 -177.9075 31.0956 -28.0503 100.0000 stroke1
movl 0 -36.3611 387.2546 171.8220 -179.3922 30.9801 -27.4708 100.0000 stroke1
movl 0 -40.3907 385.6922 171.0703 -175.5869 29.2236 -18.8621 100.0000 stroke1
movl 0 -42.2869 384.7670 171.4373 -170.3139 27.7040 -8.2060 100.0000 stroke1
movl 0 -45.9680 385.4336 171.9506 -167.7872 25.1006 0.1578 100.0000 stroke1
movl 0 -47.6947 385.7255 171.5900 -166.9991 24.4379 3.4183 100.0000 stroke1
movl 0 -50.4284 386.0388 170.6709 -166.1986 23.4169 5.7408 100.0000 stroke1
movl 0 -51.1284 386.6950 169.7577 -166.2406 22.6470 5.8751 100.0000 stroke1
movl 0 -52.9477 386.8050 169.4216 -166.6253 21.5631 5.4382 100.0000 stroke1
movl 0 -54.1970 386.9421 169.5469 -167.0836 20.7281 4.6661 100.0000 stroke1
movl 0 -55.1599 386.9624 169.8954 -167.9424 19.8360 3.7250 100.0000 stroke1
movl 0 -56.8163 386.6620 169.9612 -168.1061 19.0811 3.2513 100.0000 stroke1
movl 0 -58.6311 386.4309 170.0898 -167.7723 18.3433 3.0557 100.0000 stroke1
movl 0 -58.5356 386.8155 169.8925 -167.8624 18.0528 2.6549 100.0000 stroke1
movl 0 -58.1528 386.6918 170.1847 -167.7442 17.8556 2.3515 100.0000 stroke1
movl 0 -56.8241 386.9415 170.5966 -167.7515 17.9568 1.8489 100.0000 stroke1
movl 0 -55.8967 387.0882 170.8019 -167.8023 17.8716 1.4838 100.0000 stroke1
movl 0 -55.1301 387.4605 171.0217 -167.8490 17.6844 1.0255 100.0000 stroke1
movl 0 -53.3084 388.1662 171.2164 -167.9522 17.6593 0.3949 100.0000 stroke1
movl 0 -51.5572 388.6904 171.5617 -168.0114 17.5816 -0.2980 100.0000 stroke1
movl 0 -49.4551 389.8423 171.6839 -168.1326 17.4184 -1.1540 100.0000 stroke1
movl 0 -46.9064 390.8249 171.9271 -168.2492 17.3426 -2.0729 100.0000 stroke1
movl 0 -43.9283 392.5284 171.8697 -168.4233 17.1624 -3.3540 100.0000 stroke1
movl 0 -41.1926 394.6636 171.4528 -168.8167 16.9130 -4.8309 100.0000 stroke1
movl 0 -41.0492 393.7495 171.8387 -168.5760 17.1443 -4.5884 100.0000 stroke1
movl 0 -39.5383 392.5515 172.7936 -168.0149 18.1382 -4.4196 100.0000 stroke1
movl 0 -39.0317 392.5276 172.8970 -168.0963 18.1629 -4.6326 100.0000 stroke1
movl 0 -39.0596 393.1798 172.9165 -168.8160 17.7933 -5.0695 100.0000 stroke1
movl 0 -38.3503 393.1168 172.8414 -168.9431 17.8424 -5.3479 100.0000 stroke1
movl 0 -38.3819 392.8305 172.7609 -169.0144 18.1438 -5.0771 100.0000 stroke1
movl 0 -38.7156 392.7290 172.6997 -169.1120 18.3785 -4.9066 100.0000 stroke1
movl 0 -38.4979 392.0882 172.8241 -169.2032 19.5235 -3.3597 100.0000 stroke1
movl 0 -26.5107 384.3015 179.3921 -163.3799 26.5957 0.2341 100.0000 stroke1
movl 0 -19.8233 371.3349 208.1182 -146.9344 29.6583 9.8165 100.0000 stroke1
movl 0 -27.0735 410.6848 191.8777 -140.1814 4.8473 57.8546 100.0000 stroke2
movl 0 -22.0473 394.9079 169.3795 -142.2236 1.8891 55.8144 100.0000 stroke2
movl 0 -22.4500 393.6912 164.4645 -143.6817 1.3689 54.8097 100.0000 stroke2
movl 0 -25.2512 392.5356 163.2363 -144.8827 -0.6583 54.6800 100.0000 stroke2
movl 0 -26.9755 393.4469 161.9349 -146.3470 -0.9309 54.4735 100.0000 stroke2
movl 0 -27.5064 395.6803 161.1923 -147.3336 0.0018 53.6099 100.0000 stroke2
movl 0 -30.1530 399.2221 161.2072 -150.3216 2.6479 50.7835 100.0000 stroke2
movl 0 -30.5383 400.7256 161.6589 -152.2534 4.8478 47.0813 100.0000 stroke2
movl 0 -30.0227 403.2431 161.3904 -153.8013 8.6385 43.3121 100.0000 stroke2
movl 0 -29.6204 404.0638 161.4318 -154.9865 11.8873 38.7557 100.0000 stroke2
movl 0 -28.9822 404.2251 161.8701 -156.3376 14.1049 34.5235 100.0000 stroke2
movl 0 -29.0888 404.2613 162.0165 -157.2809 15.4099 32.0233 100.0000 stroke2
movl 0 -28.7999 404.2899 162.3023 -158.1581 16.5865 30.1193 100.0000 stroke2
movl 0 -28.8765 404.2395 162.6815 -159.1610 17.4531 28.3987 100.0000 stroke2
movl 0 -28.5805 404.1768 163.1812 -160.3591 18.4326 26.2495 100.0000 stroke2
movl 0 -28.1086 404.3383 163.5952 -161.6064 19.5953 24.2279 100.0000 stroke2
movl 0 -28.2368 404.6528 164.2055 -163.2542 20.4714 21.9181 100.0000 stroke2
movl 0 -28.0252 404.8433 164.7677 -165.0090 21.4444 19.4945 100.0000 stroke2
movl 0 -28.5041 405.4087 165.2156 -166.8028 21.9591 17.3833 100.0000 stroke2
movl 0 -28.2417 405.9776 165.5160 -168.4755 22.7743 15.1941 100.0000 stroke2
movl 0 -28.4869 406.3311 166.0377 -170.2601 23.1559 12.8589 100.0000 stroke2
movl 0 -28.9301 406.6323 166.7114 -172.4359 23.5520 10.2076 100.0000 stroke2
movl 0 -29.1908 406.9372 167.0764 -174.2814 23.7686 7.8258 100.0000 stroke2
movl 0 -29.2309 407.3713 167.3496 -176.0955 24.0655 5.7079 100.0000 stroke2
movl 0 -29.4537 407.5529 167.6395 -177.6415 24.0867 3.7992 100.0000 stroke2
movl 0 -29.7748 407.6730 167.9246 -179.2032 24.1124 1.7939 100.0000 stroke2
movl 0 -30.2747 407.8715 168.1821 178.9540 23.9346 -0.6109 100.0000 stroke2
movl 0 -31.0231 408.5060 168.2924 176.8228 23.5617 -3.1259 100.0000 stroke2
movl 0 -31.4967 409.1375 168.4535 174.5304 23.1612 -5.7809 100.0000 stroke2
movl 0 -33.1669 408.8011 168.8215 173.0403 22.2865 -8.2221 100.0000 stroke2
movl 0 -32.0371 407.8583 169.1539 173.3463 22.6081 -9.1538 100.0000 stroke2
movl 0 -29.2855 407.1027 169.2721 174.7095 23.6080 -8.5967 100.0000 stroke2
movl 0 -30.2294 407.9339 169.0645 173.5640 23.1462 -8.9159 100.0000 stroke2
movl 0 -31.6661 407.8520 169.2094 172.7264 22.5329 -9.5596 100.0000 stroke2
movl 0 -29.5050 406.9788 169.6302 173.8472 23.2137 -9.6317 100.0000 stroke2
movl 0 -30.6493 407.5450 169.4870 172.5009 22.5065 -10.1385 100.0000 stroke2
movl 0 -28.2377 406.5047 169.9627 173.5378 23.2604 -10.6392 100.0000 stroke2
movl 0 -30.1680 407.3504 169.8630 172.0521 22.1593 -11.0822 100.0000 stroke2
movl 0 -29.2547 406.0951 170.3785 172.9886 22.6029 -11.1567 100.0000 stroke2
movl 0 -25.4243 404.1733 170.8635 175.3922 24.3395 -10.3434 100.0000 stroke2
movl 0 -26.1041 404.4789 170.6793 175.1399 24.0664 -10.1994 100.0000 stroke2
movl 0 -28.1666 405.7141 170.4692 172.8947 22.8331 -10.9597 100.0000 stroke2
movl 0 -27.7625 405.4753 170.4426 173.0554 22.8908 -11.5117 100.0000 stroke2
movl 0 -23.8452 401.1983 172.6843 176.8796 25.3169 -9.8649 100.0000 stroke2
movl 0 -12.5675 389.0800 196.3616 -166.6011 30.2397 2.8513 100.0000 stroke2
movl 0 -45.5005 399.5120 236.8030 -152.0470 27.6249 29.4829 100.0000 stroke3
movl 0 -29.7148 385.2656 180.3070 -158.2703 27.5503 22.6963 100.0000 stroke3
movl 0 -32.4943 373.8816 170.4347 -158.6600 22.1772 21.1013 100.0000 stroke3
movl 0 -38.7491 371.6052 170.1486 -158.3745 18.9390 21.5490 100.0000 stroke3
movl 0 -38.0742 371.6389 169.6108 -157.8654 18.1768 23.1146 100.0000 stroke3
movl 0 -38.3924 372.8254 169.0741 -158.1373 18.5290 23.5422 100.0000 stroke3
movl 0 -39.7132 374.5348 168.5232 -158.9886 18.4510 22.8740 100.0000 stroke3
movl 0 -42.6364 374.7327 168.6691 -160.0669 16.8305 21.6190 100.0000 stroke3
movl 0 -44.0960 374.6073 168.9242 -160.4760 15.9581 20.8290 100.0000 stroke3
movl 0 -44.9599 374.5178 169.0945 -160.5453 15.2967 20.1252 100.0000 stroke3
movl 0 -44.0287 375.0398 169.2018 -160.8087 15.1328 19.0951 100.0000 stroke3
movl 0 -42.7129 375.2934 169.3846 -160.9838 14.8773 17.8495 100.0000 stroke3
movl 0 -42.3680 375.8175 169.4608 -161.4123 14.2817 16.2249 100.0000 stroke3
movl 0 -42.1825 376.0932 169.6569 -161.7690 13.4597 14.4110 100.0000 stroke3
movl 0 -41.4246 376.8569 169.5198 -162.1914 12.9975 12.6103 100.0000 stroke3
movl 0 -40.4190 375.4215 169.9213 -161.4710 13.4622 12.8961 100.0000 stroke3
movl 0 -39.1589 374.1822 170.3678 -160.6529 13.8161 13.0948 100.0000 stroke3
movl 0 -39.1963 373.7450 170.5378 -160.4489 13.8729 13.1575 100.0000 stroke3
movl 0 -39.3949 373.6273 170.5637 -160.5641 13.7081 13.0810 100.0000 stroke3
movl 0 -39.6546 374.8313 170.5914 -162.0708 13.6626 12.5497 100.0000 stroke3
movl 0 -40.9437 373.7941 170.4763 -161.8496 13.9020 13.3623 100.0000 stroke3
movl 0 -38.6359 373.5345 170.6654 -161.5285 15.5860 14.0588 100.0000 stroke3
movl 0 -26.4440 370.2173 177.9091 -156.6440 22.9868 15.0439 100.0000 stroke3
movl 0 -19.3080 360.8346 238.6825 -140.2977 26.1681 22.5011 100.0000 stroke3
movl 0 -24.4363 382.0535 195.1714 -159.4209 34.2706 15.6760 100.0000 stroke4
movl 0 -25.9450 368.5657 171.5574 -161.6678 27.8435 12.3990 100.0000 stroke4
movl 0 -28.7198 362.8472 171.9791 -161.2006 24.3010 11.5296 100.0000 stroke4
movl 0 -31.9978 363.7566 170.0839 -161.8323 23.2896 12.0634 100.0000 stroke4
movl 0 -32.8991 365.2584 168.8039 -162.6898 23.9271 11.7446 100.0000 stroke4
movl 0 -34.4760 366.9033 168.1913 -163.4445 23.5867 10.8416 100.0000 stroke4
movl 0 -35.9880 367.8785 167.8363 -164.0589 23.2961 9.9739 100.0000 stroke4
movl 0 -40.0887 367.9118 167.9641 -164.5296 21.3755 9.0394 100.0000 stroke4
movl 0 -41.7534 368.0729 168.2947 -165.4084 20.2691 8.0069 100.0000 stroke4
movl 0 -43.6354 367.2377 168.6289 -164.9910 19.2630 7.8311 100.0000 stroke4
movl 0 -42.3146 367.5895 168.8616 -165.0387 19.0192 6.8179 100.0000 stroke4
movl 0 -40.2159 368.5480 169.0452 -165.4054 18.7405 5.1816 100.0000 stroke4
movl 0 -38.0740 369.1695 169.1723 -165.5836 18.3756 3.3785 100.0000 stroke4
movl 0 -35.6158 370.1048 169.2057 -165.8202 17.9944 1.2136 100.0000 stroke4
movl 0 -35.1280 369.2377 169.5015 -165.5528 18.2921 1.2298 100.0000 stroke4
movl 0 -33.6897 367.6063 170.0810 -164.5654 18.8925 1.6693 100.0000 stroke4
movl 0 -33.5688 367.0731 170.2466 -164.3447 19.0787 1.8041 100.0000 stroke4
movl 0 -33.8376 366.8523 170.2626 -164.3033 19.0207 1.8025 100.0000 stroke4
movl 0 -34.1442 368.2327 170.3434 -166.1988 18.7621 0.3674 100.0000 stroke4
movl 0 -33.7592 368.4253 170.1112 -166.7693 19.3652 0.3449 100.0000 stroke4
movl 0 -32.9321 368.5518 169.7868 -167.0237 20.7557 0.8696 100.0000 stroke4
movl 0 -26.3560 364.9563 172.1828 -164.7526 24.5448 2.6243 100.0000 stroke4
movl 0 -21.1163 354.5465 212.1411 -153.6109 31.9793 8.0264 100.0000 stroke4
movl 0 -52.0311 369.4175 231.4968 -168.8209 32.8185 -8.1696 100.0000 stroke5
movl 0 -39.2742 362.0064 185.5985 -175.2586 29.7121 -15.2148 100.0000 stroke5
movl 0 -36.1779 356.9604 175.0546 -175.6259 28.0067 -16.6191 100.0000 stroke5
movl 0 -35.0007 358.4092 173.7263 -177.0096 27.8894 -18.2604 100.0000 stroke5
movl 0 -35.8472 360.9742 172.1320 -178.4657 27.4612 -18.7381 100.0000 stroke5
movl 0 -41.2369 362.4149 171.1660 -178.8876 25.8180 -20.1363 100.0000 stroke5
movl 0 -47.8932 362.4496 171.4362 -178.7026 22.8087 -21.9966 100.0000 stroke5
movl 0 -51.4581 362.9391 171.7757 -178.9846 20.7665 -23.5259 100.0000 stroke5
movl 0 -52.9456 362.9859 172.3277 -179.3605 19.7419 -24.4000 100.0000 stroke5
movl 0 -56.5534 360.2993 172.8895 -177.4030 19.0242 -22.1756 100.0000 stroke5
movl 0 -60.0015 358.4169 173.1025 -175.0360 18.5729 -20.3285 100.0000 stroke5
movl 0 -59.3312 359.2057 172.9075 -175.1129 18.4341 -20.7891 100.0000 stroke5
movl 0 -60.3838 358.6834 172.9505 -174.9998 18.1128 -20.2238 100.0000 stroke5
movl 0 -56.1263 361.5598 172.9236 -175.3937 18.3737 -22.5435 100.0000 stroke5
movl 0 -55.8029 359.8572 173.4630 -175.7492 19.1681 -20.4992 100.0000 stroke5
movl 0 -55.5929 360.9584 173.1515 -175.6851 18.8101 -20.9768 100.0000 stroke5
movl 0 -53.5482 362.4322 173.0738 -175.7134 18.7428 -22.6954 100.0000 stroke5
movl 0 -51.1955 363.3978 172.9181 -175.6707 18.8477 -23.8913 100.0000 stroke5
movl 0 -49.2308 363.7206 173.1274 -175.6996 19.0752 -24.4213 100.0000 stroke5
movl 0 -50.6641 362.1916 173.3928 -175.4715 19.1119 -23.3384 100.0000 stroke5
movl 0 -47.8801 364.3444 173.1534 -175.6297 19.1722 -24.8260 100.0000 stroke5
movl 0 -45.9017 364.8236 173.3169 -175.5957 19.2936 -25.5865 100.0000 stroke5
movl 0 -44.5065 364.8578 173.5396 -175.5323 19.4731 -25.9466 100.0000 stroke5
movl 0 -43.2879 364.8755 173.7101 -175.4403 19.6766 -26.1601 100.0000 stroke5
movl 0 -42.1324 364.5571 174.0085 -175.1975 19.8729 -26.3059 100.0000 stroke5
movl 0 -38.4211 364.8913 174.2627 -175.2809 20.7843 -26.4194 100.0000 stroke5
movl 0 -18.5160 361.0414 181.2940 -174.4972 26.6548 -26.8115 100.0000 stroke5
movl 0 -2.6207 355.5249 213.3923 -169.2692 33.7370 -22.7440 100.0000 stroke5
movl 0 -9.4471 393.0856 192.1659 -165.2219 31.7396 -9.0168 100.0000 stroke6
movl 0 -3.9686 385.5345 174.7617 -164.0422 29.6096 -9.4102 100.0000 stroke6
movl 0 -3.9535 382.8721 168.9254 -162.8037 28.6404 -8.7361 100.0000 stroke6
movl 0 -5.3348 386.3959 166.7253 -164.1115 27.6252 -9.8116 100.0000 stroke6
movl 0 -7.5875 388.9805 165.8027 -165.1254 27.1337 -9.5932 100.0000 stroke6
movl 0 -11.1272 393.7106 165.3701 -169.1727 25.7929 -12.3881 100.0000 stroke6
movl 0 -10.1389 396.6100 165.7883 -172.4168 24.7321 -16.7409 100.0000 stroke6
movl 0 -8.6182 398.4491 165.8839 -175.6573 25.3126 -21.0347 100.0000 stroke6
movl 0 -7.8335 399.5027 166.4364 -178.6411 25.0237 -24.9886 100.0000 stroke6
movl 0 -7.3799 400.1288 167.0586 178.6724 24.6121 -28.5364 100.0000 stroke6
movl 0 -6.9011 401.0133 167.5170 175.7829 24.1409 -32.1700 100.0000 stroke6
movl 0 -6.7486 401.9685 168.0302 173.0974 23.0462 -35.4480 100.0000 stroke6
movl 0 -6.5836 403.0312 168.6039 170.2702 21.6853 -38.7206 100.0000 stroke6
movl 0 -6.8900 403.9855 168.9195 167.9971 20.1039 -41.4019 100.0000 stroke6
movl 0 -7.3633 404.6029 169.1156 165.9911 18.4765 -44.0250 100.0000 stroke6
movl 0 -8.0100 405.0346 169.2142 164.4154 17.0477 -45.8194 100.0000 stroke6
movl 0 -8.5056 405.3396 169.2319 163.2167 15.9361 -47.2889 100.0000 stroke6
movl 0 -9.5567 405.4370 169.2176 162.5580 15.0517 -47.9238 100.0000 stroke6
movl 0 -10.6785 405.0014 169.2696 162.3023 14.6514 -47.6859 100.0000 stroke6
movl 0 -11.7067 404.9242 169.2747 162.0973 14.3782 -47.1541 100.0000 stroke6
movl 0 -12.1539 403.9391 169.5103 162.1938 14.6263 -46.6673 100.0000 stroke6
movl 0 -9.6799 402.1527 170.2588 163.1498 16.0906 -46.2312 100.0000 stroke6
movl 0 -8.6412 401.5831 170.4940 163.4277 16.4772 -46.1568 100.0000 stroke6
movl 0 -8.8587 401.8388 170.3877 163.2127 16.1617 -46.0870 100.0000 stroke6
movl 0 -9.7925 401.1467 170.6257 163.3100 16.0612 -45.5861 100.0000 stroke6
movl 0 -8.7353 400.7314 170.8579 163.3916 16.5037 -45.5835 100.0000 stroke6
movl 0 -9.2971 399.4533 171.3371 164.4873 17.3387 -45.1207 100.0000 stroke6
movl 0 -8.3240 396.5724 172.4586 166.4536 19.3905 -43.9752 100.0000 stroke6
movl 0 -6.7895 391.0373 183.9193 172.5301 25.6898 -38.6340 100.0000 stroke6
movl 0 11.2349 394.8809 220.2769 -166.6158 35.7021 -7.3139 100.0000 stroke7
movl 0 8.5503 389.1988 182.9806 -171.6253 33.0984 -11.9983 100.0000 stroke7
movl 0 -1.0993 387.7692 169.0102 -171.7020 29.7089 -10.7505 100.0000 stroke7
movl 0 -10.7007 383.5988 169.2768 -168.4306 27.0049 -6.8853 100.0000 stroke7
movl 0 -11.6582 385.0829 168.7019 -168.0093 26.2119 -5.2090 100.0000 stroke7
movl 0 -13.8632 386.5655 167.9275 -168.1533 25.6300 -4.2091 100.0000 stroke7
movl 0 -18.3773 387.5239 167.8096 -168.5642 23.0260 -4.2208 100.0000 stroke7
movl 0 -19.7311 388.1719 168.3030 -169.3788 21.8717 -4.8470 100.0000 stroke7
movl 0 -20.9573 388.2407 168.3256 -168.9041 21.1755 -4.8431 100.0000 stroke7
movl 0 -18.4897 389.2533 168.3777 -169.1809 21.0631 -6.2401 100.0000 stroke7
movl 0 -13.8433 391.6392 168.6768 -169.7361 20.9635 -8.8147 100.0000 stroke7
movl 0 -8.4240 393.7129 168.6762 -170.0075 21.1583 -11.7701 100.0000 stroke7
movl 0 -5.8863 393.8516 168.7041 -170.0246 21.6331 -12.2202 100.0000 stroke7
movl 0 -1.9771 393.7721 168.8534 -170.2975 23.6044 -11.9998 100.0000 stroke7
movl 0 -0.1625 394.6595 168.4901 -170.9300 24.2450 -12.4411 100.0000 stroke7
movl 0 -0.0070 396.5258 168.3430 -172.4843 23.6091 -13.4585 100.0000 stroke7
movl 0 0.5542 397.0073 168.0765 -173.2977 24.1730 -13.3549 100.0000 stroke7
movl 0 0.4420 396.3675 168.3466 -173.6025 24.6149 -12.8383 100.0000 stroke7
movl 0 0.5609 395.8777 168.6358 -173.6264 24.7501 -12.7773 100.0000 stroke7
movl 0 1.4412 394.3678 169.4173 -173.1705 25.2943 -12.5427 100.0000 stroke7
movl 0 5.2422 392.4551 174.2483 -172.4081 27.2596 -12.6542 100.0000 stroke7
movl 0 2.5326 390.7339 203.2039 -169.1637 29.6735 -10.4460 100.0000 stroke7
movl 0 32.7037 410.2234 228.4165 -165.6462 40.3903 -9.0192 100.0000 stroke8
movl 0 37.2517 403.8756 173.8802 -177.9424 36.9552 -19.3051 100.0000 stroke8
movl 0 33.9473 401.5108 160.3051 -179.8064 34.9450 -20.7289 100.0000 stroke8
movl 0 26.3502 401.5190 160.2788 -177.6726 33.2727 -18.6498 100.0000 stroke8
movl 0 25.5251 403.7662 159.3223 -178.8998 32.9217 -18.8450 100.0000 stroke8
movl 0 21.6010 406.0612 159.8780 179.1783 30.1388 -21.7975 100.0000 stroke8
movl 0 20.7825 408.5350 160.1545 175.5630 28.7000 -24.9255 100.0000 stroke8
movl 0 20.8413 409.4861 161.1374 172.5770 27.7782 -27.4892 100.0000 stroke8
movl 0 20.6747 410.1859 162.0343 169.9604 26.8415 -30.2190 100.0000 stroke8
movl 0 20.3767 410.5454 162.4957 168.3752 25.8535 -31.8945 100.0000 stroke8
movl 0 20.0058 411.2444 162.7569 166.8184 24.8701 -33.2958 100.0000 stroke8
movl 0 19.4637 412.0257 163.3323 165.1211 23.6767 -34.9689 100.0000 stroke8
movl 0 19.1093 412.6876 163.8153 163.8828 22.3554 -36.3863 100.0000 stroke8
movl 0 18.8252 413.5099 164.1735 162.5621 20.9217 -38.0250 100.0000 stroke8
movl 0 18.3610 413.4715 164.6797 162.0608 19.7862 -39.1622 100.0000 stroke8
movl 0 17.7821 413.3818 165.3449 161.9810 18.6880 -40.3140 100.0000 stroke8
movl 0 16.2444 413.1649 166.1829 162.3159 17.1383 -41.4601 100.0000 stroke8
movl 0 14.8455 413.1850 167.1498 162.6691 14.8785 -43.2621 100.0000 stroke8
movl 0 13.0833 413.2710 168.1625 163.3439 12.6386 -45.1482 100.0000 stroke8
movl 0 12.1019 414.1288 168.6764 163.9350 10.4016 -47.2057 100.0000 stroke8
movl 0 10.1278 413.7452 169.3509 164.5662 9.1666 -48.2320 100.0000 stroke8
movl 0 11.8094 411.0254 170.6459 165.1937 10.1152 -48.7538 100.0000 stroke8
movl 0 11.0380 410.5159 170.9387 164.9345 9.3698 -48.9271 100.0000 stroke8
movl 0 11.8548 408.3824 171.8000 165.4170 9.9391 -49.0684 100.0000 stroke8
movl 0 13.5545 407.6333 172.0755 165.4532 10.3211 -49.5807 100.0000 stroke8
movl 0 15.0491 405.8836 172.5804 165.2322 10.7083 -49.7848 100.0000 stroke8
movl 0 16.7018 404.4577 173.1746 165.3245 11.4915 -50.0442 100.0000 stroke8
movl 0 18.0665 403.7432 173.3689 165.1894 11.5799 -50.2241 100.0000 stroke8
movl 0 19.0595 402.8732 173.6944 165.1941 11.9166 -50.2252 100.0000 stroke8
movl 0 18.2302 401.6061 174.1346 165.2825 13.4062 -49.0482 100.0000 stroke8
movl 0 21.7973 398.0498 175.3861 164.7113 19.4924 -45.1873 100.0000 stroke8
movl 0 13.6878 389.8694 203.0979 170.8307 31.8434 -36.4630 100.0000 stroke8
movl 0 -17.7998 380.6765 241.4797 -154.0087 30.8585 13.4151 100.0000 stroke9
movl 0 -5.9671 379.8978 180.8828 -167.3294 28.1703 -1.3282 100.0000 stroke9
movl 0 -3.6085 376.7343 172.8971 -168.5019 27.4291 -3.9302 100.0000 stroke9
movl 0 -9.1820 380.0376 170.0651 -170.4794 25.7211 -5.2076 100.0000 stroke9
movl 0 -8.9890 381.2807 169.2585 -171.6762 26.2159 -6.2125 100.0000 stroke9
movl 0 -11.9196 382.8630 168.7964 -172.5784 25.1072 -6.7948 100.0000 stroke9
movl 0 -16.8098 384.6359 169.6357 -174.0890 21.3795 -9.4631 100.0000 stroke9
movl 0 -20.1184 386.4569 170.1203 -175.3955 18.4875 -12.6009 100.0000 stroke9
movl 0 -18.2231 386.4308 170.7298 -175.5332 18.1121 -14.7570 100.0000 stroke9
movl 0 -18.0386 386.7976 171.2006 -176.9725 17.9031 -15.9277 100.0000 stroke9
movl 0 -16.5928 384.9597 172.5839 -177.9912 18.5067 -18.4715 100.0000 stroke9
movl 0 -15.1739 384.3348 172.6552 -177.9865 19.0066 -19.3491 100.0000 stroke9
movl 0 -15.1885 384.1500 173.3550 -179.1835 18.7060 -20.7205 100.0000 stroke9
movl 0 -14.8995 383.8019 172.9794 -179.4156 19.5869 -22.3523 100.0000 stroke9
movl 0 -13.2896 382.1281 173.0626 179.3263 21.0467 -26.0947 100.0000 stroke9
movl 0 -6.6311 377.5983 176.2368 177.9801 26.5227 -32.4722 100.0000 stroke9
movl 0 3.9139 368.9818 218.4420 -179.2411 39.3466 -32.4331 100.0000 stroke9
movl 0 -15.4968 354.8539 183.3789 174.9244 37.4121 -37.8164 100.0000 stroke10
movl 0 -17.3955 338.7224 171.3761 177.0577 33.4715 -38.7336 100.0000 stroke10
movl 0 -26.3088 334.7627 170.6915 178.2585 30.5304 -39.8670 100.0000 stroke10
movl 0 -24.9397 336.1584 169.7341 178.2575 30.0858 -40.9015 100.0000 stroke10
movl 0 -26.1176 337.9934 168.2011 178.9042 29.9297 -38.6808 100.0000 stroke10
movl 0 -27.5584 340.1470 167.1182 179.7737 28.8425 -37.3555 100.0000 stroke10
movl 0 -31.6078 340.7800 167.6569 -179.2135 25.9550 -37.0201 100.0000 stroke10
movl 0 -33.3273 340.7062 167.9593 -178.6617 25.1873 -36.8365 100.0000 stroke10
movl 0 -33.0126 341.1721 168.0163 -178.6073 24.8513 -37.4910 100.0000 stroke10
movl 0 -30.8913 341.5456 168.1943 -178.7094 24.6022 -38.6477 100.0000 stroke10
movl 0 -27.7419 342.5684 168.4385 -179.5186 24.0471 -41.0144 100.0000 stroke10
movl 0 -22.9842 343.9489 168.4626 179.6577 23.7860 -43.8499 100.0000 stroke10
movl 0 -18.1969 345.7228 168.1088 178.4935 23.4087 -46.6549 100.0000 stroke10
movl 0 -13.6527 344.6002 168.4740 177.3289 25.5825 -46.7699 100.0000 stroke10
movl 0 -8.0893 347.7157 166.9374 174.9442 26.0390 -47.9321 100.0000 stroke10
movl 0 -2.0906 354.6478 164.7700 170.1376 24.0501 -51.8456 100.0000 stroke10
movl 0 3.6107 359.4558 162.5960 166.1066 22.5415 -55.3152 100.0000 stroke10
movl 0 3.8847 361.2214 162.3966 163.8363 21.5079 -57.1704 100.0000 stroke10
movl 0 4.3848 362.6173 162.7482 161.4333 19.1787 -60.7886 100.0000 stroke10
movl 0 4.1848 364.0158 163.1000 159.7898 16.9965 -62.5491 100.0000 stroke10
movl 0 3.6988 365.1486 163.5740 158.1911 15.0536 -64.4221 100.0000 stroke10
movl 0 3.6748 366.7697 163.5757 156.3982 12.8733 -66.7441 100.0000 stroke10
movl 0 2.7855 368.5109 163.4261 155.0448 10.2566 -69.1316 100.0000 stroke10
movl 0 1.9110 370.0805 163.0374 153.9521 7.8777 -70.7872 100.0000 stroke10
movl 0 0.7132 370.8897 162.8604 153.3729 6.2287 -71.7175 100.0000 stroke10
movl 0 -0.7838 371.7898 162.6136 153.1248 5.1177 -71.7186 100.0000 stroke10
movl 0 -1.6522 372.3535 162.2881 152.6824 4.6133 -71.3493 100.0000 stroke10
movl 0 -2.9219 371.9278 162.5114 152.5565 4.5461 -70.7628 100.0000 stroke10
movl 0 -1.5676 369.7434 163.3736 152.8782 6.1240 -70.8383 100.0000 stroke10
movl 0 1.0522 367.1670 164.5749 153.4806 7.6656 -71.3355 100.0000 stroke10
movl 0 0.9115 367.2429 164.6669 153.5766 7.4970 -71.4422 100.0000 stroke10
movl 0 0.6049 367.9759 164.4692 153.2126 6.4521 -71.6866 100.0000 stroke10
movl 0 0.1139 367.3971 164.8676 153.3071 6.3859 -71.8942 100.0000 stroke10
movl 0 2.0587 366.0684 165.2881 153.2929 7.3370 -72.4408 100.0000 stroke10
movl 0 -0.0380 367.5672 164.9206 153.1832 5.5203 -72.2933 100.0000 stroke10
movl 0 0.7490 366.3202 165.2057 153.2527 6.7640 -72.4304 100.0000 stroke10
movl 0 0.9978 363.5290 166.1032 154.0185 9.1051 -72.2529 100.0000 stroke10
movl 0 1.4239 360.8196 166.9331 154.6378 11.3685 -71.6993 100.0000 stroke10
movl 0 3.1402 356.9233 168.6738 154.7989 14.1216 -71.0026 100.0000 stroke10
movl 0 5.0803 346.5358 177.7049 156.0462 23.4248 -70.1366 100.0000 stroke10
movl 0 -0.8856 326.8586 239.4012 159.9403 42.7278 -69.0002 100.0000 stroke10
movl 0 -38.6858 299.7615 186.6276 170.1083 38.7488 -73.4894 100.0000 stroke11
movl 0 -44.2346 284.5531 172.3255 175.0017 33.0240 -73.7563 100.0000 stroke11
movl 0 -47.1378 286.3385 170.9768 175.3273 30.5897 -74.1091 100.0000 stroke11
movl 0 -42.7457 288.7542 170.1209 174.1041 29.7324 -75.4436 100.0000 stroke11
movl 0 -42.7477 291.0393 169.2173 173.8290 29.0426 -75.4937 100.0000 stroke11
movl 0 -40.7397 293.1019 168.4907 173.2056 28.8405 -75.9638 100.0000 stroke11
movl 0 -40.8772 294.9992 167.5612 173.2005 28.2833 -75.8464 100.0000 stroke11
movl 0 -39.3015 298.9931 166.6795 171.4582 26.2219 -77.0640 100.0000 stroke11
movl 0 -37.6257 301.4311 165.9329 170.0037 25.0997 -77.5567 100.0000 stroke11
movl 0 -35.1609 303.8261 165.0961 168.4262 24.0731 -78.2596 100.0000 stroke11
movl 0 -31.4878 306.1706 164.2410 166.5118 23.3466 -78.9907 100.0000 stroke11
movl 0 -28.9636 307.9500 163.5065 165.1034 22.7361 -79.4121 100.0000 stroke11
movl 0 -28.4192 308.8015 163.1093 164.3922 22.3544 -79.4693 100.0000 stroke11
movl 0 -28.4824 308.5150 163.1823 164.0996 22.2706 -79.4765 100.0000 stroke11
movl 0 -28.5102 308.4101 163.2352 163.9319 22.3771 -79.4791 100.0000 stroke11
movl 0 -28.2546 307.8439 163.3357 163.7387 22.7638 -79.3768 100.0000 stroke11
movl 0 -28.3674 307.7729 163.3443 163.6264 22.8874 -79.2241 100.0000 stroke11
movl 0 -28.4804 307.6375 163.3701 163.5582 23.2274 -79.0884 100.0000 stroke11
movl 0 -28.3462 307.6030 163.3702 163.3161 23.5619 -79.1278 100.0000 stroke11
movl 0 -28.0108 307.3490 163.4597 163.1944 23.8971 -79.2351 100.0000 stroke11
movl 0 -27.6052 307.0011 163.4824 162.9892 24.3712 -79.4688 100.0000 stroke11
movl 0 -25.6264 304.4969 163.8292 162.7023 26.8158 -79.4079 100.0000 stroke11
movl 0 -24.9858 290.7760 167.5447 167.0269 35.5764 -74.5018 100.0000 stroke11
movl 0 -26.3534 281.9490 202.8302 171.1351 44.5130 -67.8058 100.0000 stroke11
movl 0 3.2447 405.3240 198.7710 144.7013 18.6146 -73.9888 100.0000 stroke12
movl 0 8.0402 385.9588 171.3943 148.9185 16.5922 -75.2626 100.0000 stroke12
movl 0 5.7008 378.4462 164.3441 152.5951 18.7100 -73.0830 100.0000 stroke12
movl 0 4.1238 376.7523 164.3260 153.6366 19.6170 -71.3470 100.0000 stroke12
movl 0 5.9427 377.9079 163.3237 152.6894 19.6559 -71.6044 100.0000 stroke12
movl 0 4.8525 379.2771 162.9619 152.7222 19.1697 -71.1211 100.0000 stroke12
movl 0 -0.7813 382.6290 162.8841 154.0100 15.5928 -72.1443 100.0000 stroke12
movl 0 -2.8277 384.7887 163.1554 154.4393 12.2583 -74.5930 100.0000 stroke12
movl 0 -3.4684 386.2550 162.9843 154.0583 10.6276 -75.9848 100.0000 stroke12
movl 0 -4.0256 386.5502 162.9465 153.7285 9.8219 -76.7442 100.0000 stroke12
movl 0 -4.1332 386.4411 163.0082 153.3869 8.7516 -77.7002 100.0000 stroke12
movl 0 -4.0069 386.6290 162.9144 152.9250 7.5664 -78.5984 100.0000 stroke12
movl 0 -4.0141 386.4386 163.0048 152.6298 6.6053 -79.2979 100.0000 stroke12
movl 0 -4.4721 386.2316 163.1206 152.4996 5.8442 -79.7329 100.0000 stroke12
movl 0 -5.4785 386.0212 163.2922 152.5018 4.9914 -80.1066 100.0000 stroke12
movl 0 -6.1563 385.6841 163.4660 152.4823 4.2306 -80.5268 100.0000 stroke12
movl 0 -6.7279 385.1128 163.5365 152.4004 3.5665 -80.9668 100.0000 stroke12
movl 0 -7.5564 384.7119 163.6441 152.4338 3.0026 -81.1338 100.0000 stroke12
movl 0 -8.5033 384.3241 163.7557 152.4482 2.4199 -81.2567 100.0000 stroke12
movl 0 -9.5261 383.4679 163.9958 152.4853 2.2067 -81.0757 100.0000 stroke12
movl 0 -10.7506 382.9292 164.1815 152.6058 1.8537 -80.9517 100.0000 stroke12
movl 0 -11.6686 382.3653 164.3715 152.6248 1.6215 -80.7844 100.0000 stroke12
movl 0 -12.2914 382.2350 164.4673 152.6858 1.2942 -80.8378 100.0000 stroke12
movl 0 -13.0980 381.7495 164.6784 152.7516 1.0675 -80.7689 100.0000 stroke12
movl 0 -13.9520 381.5634 164.7637 152.7915 0.8147 -80.6004 100.0000 stroke12
movl 0 -14.9897 381.3086 164.9464 152.8143 0.6715 -80.1475 100.0000 stroke12
movl 0 -15.9346 381.0278 165.0451 152.8410 0.5364 -79.7015 100.0000 stroke12
movl 0 -17.1588 380.8651 165.0962 152.8745 0.3760 -79.2363 100.0000 stroke12
movl 0 -18.1393 380.5421 165.1623 152.8237 0.2863 -78.8550 100.0000 stroke12
movl 0 -19.2274 380.3020 165.2620 152.7923 0.1784 -78.3480 100.0000 stroke12
movl 0 -19.9218 379.7359 165.4921 152.6888 0.2518 -78.0241 100.0000 stroke12
movl 0 -21.0881 379.2277 165.6685 152.6779 0.3361 -77.5255 100.0000 stroke12
movl 0 -21.6900 379.0817 165.7945 152.5846 0.3533 -77.2412 100.0000 stroke12
movl 0 -22.2527 378.6860 166.0386 152.4303 0.4864 -76.8181 100.0000 stroke12
movl 0 -22.8980 378.2694 166.2837 152.3270 0.5952 -76.5240 100.0000 stroke12
movl 0 -23.1510 377.9184 166.4679 152.1718 0.7148 -76.3854 100.0000 stroke12
movl 0 -23.7344 377.8171 166.6477 152.0715 0.7728 -76.1868 100.0000 stroke12
movl 0 -24.2259 377.6058 166.8566 151.9194 0.8634 -75.9980 100.0000 stroke12
movl 0 -24.3084 377.3972 167.0254 151.8528 0.9857 -75.9572 100.0000 stroke12
movl 0 -24.5722 377.4205 167.1604 151.7532 1.0156 -75.9117 100.0000 stroke12
movl 0 -24.9322 377.1122 167.3795 151.6707 1.1389 -75.8337 100.0000 stroke12
movl 0 -25.0660 377.1355 167.4912 151.6441 1.1633 -75.8838 100.0000 stroke12
movl 0 -25.4236 376.9804 167.5941 151.5878 1.2287 -75.8602 100.0000 stroke12
movl 0 -25.8901 376.8115 167.8395 151.5604 1.3256 -75.8328 100.0000 stroke12
movl 0 -26.1353 376.5440 168.0762 151.5498 1.4308 -75.8130 100.0000 stroke12
movl 0 -26.2068 376.2846 168.3410 151.3829 1.5795 -75.8090 100.0000 stroke12
movl 0 -27.0231 376.4192 168.4778 151.4237 1.5724 -75.7195 100.0000 stroke12
movl 0 -26.9940 376.5166 168.7232 151.1932 1.6547 -75.7586 100.0000 stroke12
movl 0 -26.4930 376.4626 168.7868 151.1695 1.6774 -75.8472 100.0000 stroke12
movl 0 -25.8499 375.9088 169.2457 151.0388 1.8370 -75.9875 100.0000 stroke12
movl 0 -25.1650 374.9947 170.0767 150.8514 2.2313 -75.9928 100.0000 stroke12
movl 0 -22.2467 374.4097 171.0290 150.1636 2.6698 -76.4305 100.0000 stroke12
movl 0 -16.6880 375.3190 175.7386 149.2655 3.5467 -77.3579 100.0000 stroke12
movl 0 -13.0567 374.4880 211.8121 148.7843 7.7909 -77.8248 100.0000 stroke12
