movl 0 -27.1683 411.5797 172.3687 173.4209 27.7918 -36.8870 100.0000 stroke1
movl 0 -29.9260 410.0174 172.3811 171.7409 26.5193 -41.7249 100.0000 stroke1
movl 0 -31.3806 408.7118 171.8408 171.2522 26.3754 -44.9319 100.0000 stroke1
movl 0 -32.6758 408.0974 171.2732 171.1824 26.3844 -45.7782 100.0000 stroke1
movl 0 -34.2855 407.0937 171.1580 172.0860 26.3026 -45.4290 100.0000 stroke1
movl 0 -37.2056 406.2187 170.7504 173.3125 25.8818 -44.6230 100.0000 stroke1
movl 0 -41.1993 405.7674 170.3511 174.8719 24.8555 -42.5679 100.0000 stroke1
movl 0 -45.9987 406.3207 170.1788 174.8544 22.6929 -42.7147 100.0000 stroke1
movl 0 -48.4434 406.2522 170.2138 174.6358 21.3904 -43.3594 100.0000 stroke1
movl 0 -50.4191 407.7917 170.3365 173.5791 19.6857 -44.2178 100.0000 stroke1
movl 0 -52.3785 407.0768 170.3338 173.8866 19.2258 -43.9433 100.0000 stroke1
movl 0 -51.7702 407.0644 170.7572 174.2450 19.1160 -44.9327 100.0000 stroke1
movl 0 -51.7518 407.5718 171.3130 173.9169 18.3679 -45.8610 100.0000 stroke1
movl 0 -50.4839 407.4603 172.1408 173.4427 18.2504 -46.4347 100.0000 stroke1
movl 0 -49.1472 407.2962 172.8979 173.0161 18.2086 -46.9306 100.0000 stroke1
movl 0 -48.4556 407.3439 173.0654 172.8770 18.2486 -46.9755 100.0000 stroke1
movl 0 -45.9300 405.7194 173.3476 173.2005 20.2859 -45.7183 100.0000 stroke1
movl 0 -34.2463 392.7357 185.1701 -176.3794 31.4099 -31.7178 100.0000 stroke1
movl 0 -3.6994 436.9148 245.0882 -157.2495 28.4732 23.3007 100.0000 stroke2
movl 0 -3.7490 428.8589 183.6411 -165.7548 28.1636 12.5189 100.0000 stroke2
movl 0 -6.8086 422.7263 172.4890 -166.9953 26.0154 8.6237 100.0000 stroke2
movl 0 -13.7353 418.9663 172.7624 -165.5972 23.4268 8.6395 100.0000 stroke2
movl 0 -18.5913 419.1489 172.1151 -165.7455 21.5530 8.4275 100.0000 stroke2
movl 0 -25.6648 421.8550 171.1686 -167.7282 18.8424 7.3664 100.0000 stroke2
movl 0 -26.6888 425.7343 170.6690 -170.4197 18.1446 5.2901 100.0000 stroke2
movl 0 -25.4593 429.5466 169.9656 -172.8161 18.1514 3.2467 100.0000 stroke2
movl 0 -20.5125 434.7595 168.5518 -175.4401 20.0186 2.0115 100.0000 stroke2
movl 0 -19.4677 436.0399 167.9977 -176.2773 20.9320 2.4321 100.0000 stroke2
movl 0 -19.4554 436.1621 168.2185 -176.9539 21.4198 2.6655 100.0000 stroke2
movl 0 -20.2595 435.5495 168.6473 -177.2352 21.5982 3.1430 100.0000 stroke2
movl 0 -20.6655 434.8217 169.0765 -177.2441 21.8771 3.7938 100.0000 stroke2
movl 0 -20.8300 433.9577 169.4923 -177.0566 22.1099 4.3498 100.0000 stroke2
movl 0 -20.6090 433.2788 169.8013 -176.8287 22.4756 4.8522 100.0000 stroke2
movl 0 -14.5261 428.0691 172.0079 -173.0747 25.6316 8.8535 100.0000 stroke2
movl 0 -20.1893 393.2649 225.1753 -152.1225 23.1406 27.6078 100.0000 stroke2
movl 0 -27.6573 411.7435 195.9428 -153.5591 11.9227 47.5730 100.0000 stroke3
movl 0 -38.8320 401.4444 178.7198 -156.3656 9.2566 43.5062 100.0000 stroke3
movl 0 -50.6087 396.3268 177.8550 -158.3791 5.7023 42.9873 100.0000 stroke3
movl 0 -55.1205 394.5268 177.1201 -158.8464 4.5546 42.7455 100.0000 stroke3
movl 0 -57.3087 394.1656 176.4169 -159.1254 4.0803 42.6571 100.0000 stroke3
movl 0 -62.1845 393.7957 176.1308 -160.7860 2.6803 41.5588 100.0000 stroke3
movl 0 -64.2197 393.5708 176.3090 -161.5163 2.0175 40.8622 100.0000 stroke3
movl 0 -64.9304 393.5987 176.4066 -161.8749 1.5544 39.9403 100.0000 stroke3
movl 0 -64.9907 394.4160 176.7995 -162.5647 1.1073 38.3951 100.0000 stroke3
movl 0 -64.5459 395.4350 177.2188 -163.2942 0.6222 36.6743 100.0000 stroke3
movl 0 -63.6564 397.0000 177.5380 -164.1332 0.1504 34.6800 100.0000 stroke3
movl 0 -62.4402 399.1456 177.6535 -165.0603 -0.2910 32.2808 100.0000 stroke3
movl 0 -61.6154 401.7424 177.4197 -166.1377 -0.9084 29.4321 100.0000 stroke3
movl 0 -59.3970 402.9447 177.4554 -166.2057 -0.7106 28.0273 100.0000 stroke3
movl 0 -56.2302 400.3860 178.2069 -164.3843 -0.1486 28.7484 100.0000 stroke3
movl 0 -54.1800 399.6764 178.7659 -163.7680 0.1993 28.6331 100.0000 stroke3
movl 0 -53.9175 400.0817 179.2221 -164.1724 0.4821 28.7845 100.0000 stroke3
movl 0 -54.4793 402.7737 179.3104 -166.2316 1.1612 28.5562 100.0000 stroke3
movl 0 -43.7336 399.7030 180.6883 -161.2647 5.7750 34.2446 100.0000 stroke3
movl 0 -26.0840 378.4527 230.1920 -141.7027 7.5770 46.2286 100.0000 stroke3
movl 0 -23.8216 411.6809 194.2359 -157.6769 20.6436 35.2540 100.0000 stroke4
movl 0 -24.2167 411.9536 176.3818 -160.8250 18.7551 32.8190 100.0000 stroke4
movl 0 -24.7088 413.2091 174.7397 -161.6783 18.5026 32.2638 100.0000 stroke4
movl 0 -23.6204 414.8050 173.9027 -161.9465 18.7225 31.5979 100.0000 stroke4
movl 0 -25.1416 415.7070 173.3265 -162.4196 18.2394 31.4028 100.0000 stroke4
movl 0 -29.2356 416.5975 172.8933 -163.9110 17.2255 30.6697 100.0000 stroke4
movl 0 -31.1079 418.8245 172.5864 -166.0584 17.0855 28.8522 100.0000 stroke4
movl 0 -31.2167 419.9510 172.2007 -166.8289 17.4207 28.2676 100.0000 stroke4
movl 0 -31.1877 420.7315 171.9468 -167.3063 18.3126 28.8822 100.0000 stroke4
movl 0 -31.5712 420.4304 172.1045 -167.3357 18.8175 29.7637 100.0000 stroke4
movl 0 -31.4165 420.1163 172.3529 -167.2053 19.1950 30.4040 100.0000 stroke4
movl 0 -28.4602 416.8077 173.9018 -164.4162 20.4363 32.9025 100.0000 stroke4
movl 0 -18.3071 391.0135 218.0138 -145.7389 16.3469 43.4862 100.0000 stroke4
movl 0 -27.2169 408.6499 189.5786 -156.1028 18.4116 43.0456 100.0000 stroke5
movl 0 -33.5148 406.1819 172.6617 -157.3727 14.9326 43.6358 100.0000 stroke5
movl 0 -35.0459 403.7239 174.3222 -158.3808 13.3185 42.1214 100.0000 stroke5
movl 0 -35.9664 403.5938 174.2103 -158.7882 13.0677 41.0293 100.0000 stroke5
movl 0 -40.9637 406.5678 173.1261 -161.4832 12.7934 39.5954 100.0000 stroke5
movl 0 -42.3482 411.2539 172.8701 -165.5417 14.1051 34.8636 100.0000 stroke5
movl 0 -42.9390 412.7944 173.1479 -167.5853 15.0832 31.5565 100.0000 stroke5
movl 0 -42.9810 414.7609 173.9425 -170.8387 16.7242 27.1094 100.0000 stroke5
movl 0 -43.7689 417.3384 174.3828 -174.8493 17.9520 22.1576 100.0000 stroke5
movl 0 -45.1649 419.4087 174.5417 -178.6337 18.4306 17.3576 100.0000 stroke5
movl 0 -46.2159 420.1352 174.6805 179.1178 18.5708 14.4063 100.0000 stroke5
movl 0 -46.7079 420.4577 174.6361 178.3042 18.5532 13.5260 100.0000 stroke5
movl 0 -46.2793 420.0350 174.8458 178.5464 18.5953 13.3141 100.0000 stroke5
movl 0 -44.0382 416.8287 176.4030 -178.9447 18.9746 14.2432 100.0000 stroke5
movl 0 -37.6347 401.3441 208.6311 -162.7498 17.3012 23.8239 100.0000 stroke5
movl 0 -23.5566 391.1659 203.8469 -151.5355 6.0969 44.6027 100.0000 stroke6
movl 0 -24.6093 388.3548 181.2985 -154.7763 7.2609 42.5485 100.0000 stroke6
movl 0 -35.6814 385.4832 178.1364 -156.5424 5.3718 44.3396 100.0000 stroke6
movl 0 -39.5990 385.5558 176.9799 -157.2019 4.1046 45.5515 100.0000 stroke6
movl 0 -40.7682 386.4598 176.2356 -157.5685 3.9024 45.9531 100.0000 stroke6
movl 0 -44.5479 386.9655 175.7996 -159.0408 2.7245 45.2024 100.0000 stroke6
movl 0 -46.3351 387.4610 175.5179 -159.8139 2.0570 44.5842 100.0000 stroke6
movl 0 -45.5455 388.7871 175.6057 -160.4381 2.1443 43.3587 100.0000 stroke6
movl 0 -43.1681 391.1817 175.5911 -161.2523 2.6705 40.5177 100.0000 stroke6
movl 0 -40.3145 393.3436 175.5827 -161.5819 3.7171 38.9336 100.0000 stroke6
movl 0 -31.0943 397.6946 175.3416 -160.7348 7.0121 38.1690 100.0000 stroke6
movl 0 -28.1095 406.4156 173.9915 -164.4198 10.6885 34.9853 100.0000 stroke6
movl 0 -23.3883 414.8158 172.0114 -167.2764 14.2908 32.1829 100.0000 stroke6
movl 0 -22.2662 418.2965 171.2433 -169.1070 16.5816 31.0833 100.0000 stroke6
movl 0 -23.3534 421.9093 171.1727 -172.7595 18.6946 28.5827 100.0000 stroke6
movl 0 -24.7587 424.9356 171.0087 -176.4366 20.0852 25.5710 100.0000 stroke6
movl 0 -26.4382 427.2757 170.6723 -179.5163 20.9095 23.0304 100.0000 stroke6
movl 0 -26.9074 426.4306 171.2883 179.8579 20.9677 21.7354 100.0000 stroke6
movl 0 -26.2501 425.9047 171.7315 179.5968 21.0520 20.7351 100.0000 stroke6
movl 0 -27.2862 425.2663 172.1499 179.0772 20.7877 20.0442 100.0000 stroke6
movl 0 -28.1128 424.1507 172.4671 178.9980 20.3914 18.9695 100.0000 stroke6
movl 0 -21.6626 404.9794 182.5808 -169.2739 20.4486 18.5978 100.0000 stroke6
movl 0 -35.9867 395.8089 204.2026 -160.3412 20.9866 21.2335 100.0000 stroke7
movl 0 -35.6541 394.4590 178.4686 -165.1602 19.9330 16.1244 100.0000 stroke7
movl 0 -44.6897 391.6123 180.5313 -166.7801 16.4158 15.9158 100.0000 stroke7
movl 0 -44.8213 391.5129 180.4083 -167.0747 15.9283 15.2499 100.0000 stroke7
movl 0 -48.3193 391.8446 179.5452 -167.4440 14.7994 15.4427 100.0000 stroke7
movl 0 -49.9158 393.4488 178.8232 -168.2810 14.4104 15.0433 100.0000 stroke7
movl 0 -52.8709 393.7057 178.5293 -168.8617 13.0060 13.7578 100.0000 stroke7
movl 0 -54.0451 393.6423 178.4344 -169.0129 12.3965 13.0385 100.0000 stroke7
movl 0 -52.9046 394.4858 178.6261 -169.4013 12.0701 11.1277 100.0000 stroke7
movl 0 -52.2064 395.6867 178.7256 -170.0427 11.6495 9.0199 100.0000 stroke7
movl 0 -50.6240 394.2541 179.1907 -169.2627 12.2394 9.3406 100.0000 stroke7
movl 0 -50.3422 394.1575 179.2986 -169.1992 12.2905 9.3639 100.0000 stroke7
movl 0 -51.2684 395.4987 179.1565 -170.3019 11.9654 8.9445 100.0000 stroke7
movl 0 -44.8219 390.0606 182.1885 -166.7989 15.9424 14.6341 100.0000 stroke7
movl 0 -36.4156 384.1593 194.5382 -161.8278 17.7065 22.0922 100.0000 stroke8
movl 0 -38.2813 386.3315 180.5954 -165.4420 16.2991 18.5755 100.0000 stroke8
movl 0 -43.1421 384.2068 179.6596 -165.3922 15.0630 18.4982 100.0000 stroke8
movl 0 -45.2141 385.3318 178.7256 -166.0881 14.8179 18.6362 100.0000 stroke8
movl 0 -48.8550 385.5368 178.0802 -166.6045 13.6151 17.9914 100.0000 stroke8
movl 0 -52.7595 385.2316 177.9022 -167.3337 12.0846 16.6707 100.0000 stroke8
movl 0 -52.6468 385.6232 177.9280 -167.5562 11.6478 15.4632 100.0000 stroke8
movl 0 -51.6678 386.8338 178.0539 -168.1462 11.1165 13.3550 100.0000 stroke8
movl 0 -50.3840 388.3498 178.1621 -168.7199 11.0466 11.6418 100.0000 stroke8
movl 0 -48.5015 386.9003 178.7384 -167.8747 11.7814 12.2238 100.0000 stroke8
movl 0 -50.5784 388.9158 178.5617 -169.7188 11.2530 11.4673 100.0000 stroke8
movl 0 -43.0079 384.4396 182.7620 -166.0517 15.1627 14.6211 100.0000 stroke8
movl 0 -39.5096 377.1750 209.5577 -162.2765 17.5514 21.7475 100.0000 stroke9
movl 0 -36.6930 377.6293 180.1895 -165.4251 16.8041 18.6402 100.0000 stroke9
movl 0 -39.6417 377.6109 179.4631 -165.4440 16.0902 18.1583 100.0000 stroke9
movl 0 -42.0255 378.3144 177.9902 -165.5736 15.6738 18.2870 100.0000 stroke9
movl 0 -45.7669 380.2076 177.1863 -166.7914 14.4698 17.2262 100.0000 stroke9
movl 0 -48.4764 381.7523 176.9354 -168.1475 13.6254 15.6608 100.0000 stroke9
movl 0 -49.0596 381.9722 177.0065 -168.5095 13.0798 14.2167 100.0000 stroke9
movl 0 -46.9607 384.9664 177.4314 -170.1981 12.2926 9.3182 100.0000 stroke9
movl 0 -47.2002 387.0423 177.5523 -171.4578 11.6799 6.6810 100.0000 stroke9
movl 0 -47.6143 387.5944 177.3471 -171.8678 11.5533 6.5397 100.0000 stroke9
movl 0 -44.6657 387.2374 178.5927 -170.9738 13.1149 7.8312 100.0000 stroke9
movl 0 -42.4572 376.4515 247.1742 -158.3478 17.2044 19.0453 100.0000 stroke9
movl 0 -43.4543 395.1052 249.6180 144.1353 -13.4391 -140.4429 100.0000 stroke10
movl 0 -36.7740 402.8763 187.3195 154.9015 -19.7261 -148.7082 100.0000 stroke10
movl 0 -37.2081 405.1036 170.6136 156.4183 -19.4035 -150.5131 100.0000 stroke10
movl 0 -39.7700 406.2936 167.7495 156.7350 -18.8260 -149.5178 100.0000 stroke10
movl 0 -45.2747 409.1525 165.9614 158.6402 -17.5652 -149.1578 100.0000 stroke10
movl 0 -49.6744 411.0673 165.9599 161.6415 -16.4746 -151.2483 100.0000 stroke10
movl 0 -48.5606 412.8962 165.9739 163.0015 -16.9821 -153.2197 100.0000 stroke10
movl 0 -48.9088 413.1011 165.9485 163.4686 -17.2524 -153.2645 100.0000 stroke10
movl 0 -48.5844 412.8616 166.3101 163.8622 -17.8839 -153.1471 100.0000 stroke10
movl 0 -48.4868 412.3939 166.6584 164.2314 -18.2593 -153.3649 100.0000 stroke10
movl 0 -48.1731 411.9470 167.1211 164.5053 -18.6190 -153.3988 100.0000 stroke10
movl 0 -47.9397 411.2195 167.5927 164.4499 -18.8741 -153.1063 100.0000 stroke10
movl 0 -43.7822 404.0673 171.3900 161.6582 -19.6825 -151.2912 100.0000 stroke10
movl 0 -48.5687 364.9211 229.6280 146.8525 -12.4006 -140.0852 100.0000 stroke10
movl 0 -48.7233 376.4881 198.6805 150.9612 -2.0416 -126.4827 100.0000 stroke11
movl 0 -53.3052 382.7468 175.1690 153.8973 -3.3486 -127.7874 100.0000 stroke11
movl 0 -62.4541 378.5059 173.3820 155.0290 -1.0907 -126.4745 100.0000 stroke11
movl 0 -63.3966 378.2998 172.1121 154.5721 -1.6536 -124.8560 100.0000 stroke11
movl 0 -67.5552 379.2595 171.5956 156.5151 -1.4886 -125.3739 100.0000 stroke11
movl 0 -70.4436 379.0610 171.7812 157.7951 -0.8912 -126.9922 100.0000 stroke11
movl 0 -70.6315 380.2503 171.8370 158.4081 -1.0587 -128.5450 100.0000 stroke11
movl 0 -66.2134 383.6923 172.2063 158.9028 -1.9183 -133.1270 100.0000 stroke11
movl 0 -61.0238 384.5675 172.7870 157.8740 -3.7782 -134.4045 100.0000 stroke11
movl 0 -60.7841 389.6161 172.0500 159.9479 -6.3449 -137.3833 100.0000 stroke11
movl 0 -60.3306 392.2987 171.8945 161.5636 -8.7590 -140.3273 100.0000 stroke11
movl 0 -59.5446 394.2803 174.1156 165.4571 -12.9479 -144.7198 100.0000 stroke11
movl 0 -57.6709 391.3857 175.3232 164.4218 -13.1158 -146.9723 100.0000 stroke11
movl 0 -59.6557 391.0228 175.2699 164.9961 -12.9233 -148.3857 100.0000 stroke11
movl 0 -62.8040 391.1804 175.3658 166.4005 -12.1652 -151.2332 100.0000 stroke11
movl 0 -64.3459 392.9373 175.8913 168.6859 -11.8093 -155.4306 100.0000 stroke11
movl 0 -64.6404 394.4790 176.5391 170.7177 -12.0158 -159.0154 100.0000 stroke11
movl 0 -64.5207 395.3427 176.9894 172.2244 -12.6125 -160.8469 100.0000 stroke11
movl 0 -64.5610 395.2637 177.5213 173.1949 -13.1046 -161.6523 100.0000 stroke11
movl 0 -63.5498 393.1557 178.8312 172.8528 -13.8910 -160.4818 100.0000 stroke11
movl 0 -63.5152 370.3934 208.5597 163.1440 -14.4735 -151.8433 100.0000 stroke11
movl 0 -41.6393 369.6284 216.2773 152.7159 -6.9095 -131.3725 100.0000 stroke12
movl 0 -53.3071 360.7681 181.9036 156.7533 -4.0706 -133.7450 100.0000 stroke12
movl 0 -61.9850 360.7890 181.5830 158.4875 -4.0209 -134.3261 100.0000 stroke12
movl 0 -70.0817 360.5555 180.1234 159.2939 -2.8846 -133.3968 100.0000 stroke12
movl 0 -72.3062 362.2396 179.1534 160.3088 -2.2268 -133.9436 100.0000 stroke12
movl 0 -75.9622 362.0768 178.2920 161.1503 -1.5238 -134.2389 100.0000 stroke12
movl 0 -81.3018 361.9975 177.9623 163.1732 -0.3568 -136.2368 100.0000 stroke12
movl 0 -83.2125 362.0251 177.7622 163.6481 0.3544 -137.7927 100.0000 stroke12
movl 0 -82.9864 363.7485 178.0112 164.3719 0.4709 -139.8644 100.0000 stroke12
movl 0 -81.7664 364.5949 178.4126 164.5053 0.2919 -140.8737 100.0000 stroke12
movl 0 -80.3434 365.4146 178.9411 164.8039 -0.0356 -141.5058 100.0000 stroke12
movl 0 -79.4990 366.1830 179.2651 165.4110 -0.1211 -142.3349 100.0000 stroke12
movl 0 -77.8024 367.2947 179.5024 166.3865 -0.0570 -143.5990 100.0000 stroke12
movl 0 -75.8648 368.1834 179.4797 167.9375 0.4434 -145.0198 100.0000 stroke12
movl 0 -72.2473 369.6512 179.2484 169.3672 0.8888 -146.6708 100.0000 stroke12
movl 0 -68.6946 371.6606 178.9089 171.0158 1.5717 -148.7656 100.0000 stroke12
movl 0 -68.3588 374.4380 178.0271 173.0956 2.9874 -151.5614 100.0000 stroke12
movl 0 -68.9279 375.3788 177.7892 173.6589 3.3991 -153.3857 100.0000 stroke12
movl 0 -67.3239 375.0832 178.4441 173.2653 2.7781 -153.8677 100.0000 stroke12
movl 0 -66.3111 375.6018 178.6330 173.2339 2.5060 -154.3356 100.0000 stroke12
movl 0 -65.8618 376.3009 178.7329 173.4236 2.4445 -154.9454 100.0000 stroke12
movl 0 -65.1062 377.4674 178.8075 173.6972 2.3318 -155.8463 100.0000 stroke12
movl 0 -63.3691 378.8193 179.1605 174.0039 2.0107 -156.9750 100.0000 stroke12
movl 0 -61.8991 379.7765 179.5458 174.2048 1.8020 -157.9765 100.0000 stroke12
movl 0 -60.3194 380.0209 180.1522 174.3720 1.4456 -158.7069 100.0000 stroke12
movl 0 -58.1250 381.3107 180.5652 174.5599 1.1476 -159.9549 100.0000 stroke12
movl 0 -54.9842 382.5668 181.1856 174.6770 0.6111 -161.2537 100.0000 stroke12
movl 0 -53.3429 383.0210 181.6208 174.6937 0.3433 -162.0516 100.0000 stroke12
movl 0 -51.2719 383.2117 182.1176 174.5548 -0.0009 -162.6700 100.0000 stroke12
movl 0 -49.6995 383.4812 182.5437 174.4630 -0.2517 -163.1785 100.0000 stroke12
movl 0 -48.1930 383.3164 183.0788 174.2499 -0.4971 -163.6171 100.0000 stroke12
movl 0 -45.8038 383.0338 183.8241 173.9229 -0.9640 -163.9903 100.0000 stroke12
movl 0 -44.7577 382.2814 184.3758 173.5584 -1.2717 -164.0894 100.0000 stroke12
movl 0 -41.8858 378.6856 185.9176 171.9315 -2.7419 -162.5542 100.0000 stroke12
movl 0 -29.5709 368.3821 201.6608 162.5799 -7.8400 -155.8698 100.0000 stroke12
movl 0 -36.9912 351.0070 233.4590 151.4139 -5.2475 -138.4340 100.0000 stroke13
movl 0 -39.9083 350.7753 191.3781 155.3092 -6.0029 -139.7118 100.0000 stroke13
movl 0 -52.2581 347.9551 181.9117 157.7670 -3.3140 -139.5004 100.0000 stroke13
movl 0 -56.7632 348.4345 180.4352 159.0558 -2.8756 -139.3520 100.0000 stroke13
movl 0 -59.1425 350.2455 179.0800 159.9901 -3.5438 -138.4382 100.0000 stroke13
movl 0 -64.4732 351.0808 178.0042 161.8699 -2.5240 -139.7366 100.0000 stroke13
movl 0 -70.8606 351.3878 178.0002 164.4584 -0.9889 -141.8665 100.0000 stroke13
movl 0 -75.6657 349.8215 177.8265 165.2812 0.5815 -143.4158 100.0000 stroke13
movl 0 -76.2943 351.0436 178.1991 166.1037 1.0304 -145.9397 100.0000 stroke13
movl 0 -76.0576 353.2729 178.7077 167.1472 1.3567 -149.1916 100.0000 stroke13
movl 0 -75.6973 356.0672 179.1270 168.3921 1.8564 -152.6632 100.0000 stroke13
movl 0 -72.6078 360.2614 179.2369 169.3095 1.4458 -155.9172 100.0000 stroke13
movl 0 -69.8489 358.0688 180.2140 167.8448 0.6564 -155.5086 100.0000 stroke13
movl 0 -66.2058 356.6700 181.3889 166.6638 -0.2019 -155.6444 100.0000 stroke13
movl 0 -65.8523 357.0005 181.5389 166.8513 -0.3238 -155.9255 100.0000 stroke13
movl 0 -65.9826 357.9311 181.4623 167.4881 -0.5195 -156.0648 100.0000 stroke13
movl 0 -66.5132 360.7029 181.5219 169.5963 -1.1584 -156.6428 100.0000 stroke13
movl 0 -63.2072 360.3390 181.7170 168.6945 -3.2341 -154.0582 100.0000 stroke13
movl 0 -50.1198 352.2570 189.1536 158.9518 -5.2608 -146.9641 100.0000 stroke13
movl 0 -35.7527 378.4017 248.0549 159.6150 -10.9000 -134.7331 100.0000 stroke14
movl 0 -29.1457 363.8757 197.1322 156.0516 -9.5723 -134.1263 100.0000 stroke14
movl 0 -26.9005 362.7747 179.3014 156.7720 -8.9782 -135.5097 100.0000 stroke14
movl 0 -29.9017 364.8378 178.0276 157.6825 -8.1500 -135.2488 100.0000 stroke14
movl 0 -31.6889 367.3369 176.7178 158.5259 -8.2391 -134.9090 100.0000 stroke14
movl 0 -32.8643 369.2298 175.7336 159.0342 -8.5508 -134.4562 100.0000 stroke14
movl 0 -35.7605 371.4957 174.8586 160.1706 -8.4148 -134.4950 100.0000 stroke14
movl 0 -41.4240 373.7694 174.6268 163.4059 -7.8520 -136.2653 100.0000 stroke14
movl 0 -41.6480 377.4319 174.3163 165.5675 -8.9598 -138.3347 100.0000 stroke14
movl 0 -42.6009 378.7629 174.6033 167.1253 -10.3210 -138.8523 100.0000 stroke14
movl 0 -44.0756 378.6411 175.1591 168.4487 -10.8942 -139.9604 100.0000 stroke14
movl 0 -45.0532 378.7344 175.6119 169.7675 -11.6453 -141.2131 100.0000 stroke14
movl 0 -46.3459 378.6280 175.8655 171.0566 -12.2413 -142.1767 100.0000 stroke14
movl 0 -47.4416 378.6703 175.9036 172.4261 -12.8767 -143.1619 100.0000 stroke14
movl 0 -48.7859 378.8514 175.7388 173.9713 -13.4496 -144.4632 100.0000 stroke14
movl 0 -50.1030 378.1565 175.6384 175.0783 -13.8034 -145.0935 100.0000 stroke14
movl 0 -51.6778 377.0575 175.3935 176.1726 -14.1579 -145.3337 100.0000 stroke14
movl 0 -53.1225 374.9621 175.5782 176.3977 -14.2644 -144.6329 100.0000 stroke14
movl 0 -49.8443 372.3000 176.8482 174.4760 -14.0142 -144.3698 100.0000 stroke14
movl 0 -48.0408 370.5537 177.8605 173.5700 -13.6883 -144.3532 100.0000 stroke14
movl 0 -48.7071 370.9481 177.8633 174.2963 -13.8999 -143.8728 100.0000 stroke14
movl 0 -48.9877 368.1857 178.5144 172.9499 -12.9906 -142.9728 100.0000 stroke14
movl 0 -45.4206 355.8635 181.0434 166.4414 -9.8673 -141.4659 100.0000 stroke14
movl 0 -47.8805 350.9435 181.2525 164.9263 -7.4820 -140.3375 100.0000 stroke14
movl 0 -50.9520 350.4653 180.6022 165.4060 -6.7111 -139.7420 100.0000 stroke14
movl 0 -55.5724 353.2707 179.0499 167.7848 -7.2449 -137.8777 100.0000 stroke14
movl 0 -56.0900 353.8387 178.6402 168.1092 -7.6407 -136.8026 100.0000 stroke14
movl 0 -55.5816 353.5774 178.5184 167.5813 -7.8066 -135.6669 100.0000 stroke14
movl 0 -52.6780 352.0043 178.8647 165.7844 -7.9901 -135.1296 100.0000 stroke14
movl 0 -38.6858 338.0229 184.1937 155.1363 -4.6697 -133.9951 100.0000 stroke14
movl 0 -38.6966 321.3000 229.0810 142.4685 6.6535 -128.8540 100.0000 stroke14
movl 0 -16.5648 384.1021 209.2084 152.0083 -13.5233 -131.0635 100.0000 stroke15
movl 0 -33.6143 370.1407 183.7116 158.4458 -13.1197 -133.5806 100.0000 stroke15
movl 0 -42.3474 363.1643 182.3512 160.0912 -10.2987 -134.5573 100.0000 stroke15
movl 0 -48.5268 360.8737 181.1200 161.4729 -8.7282 -135.0481 100.0000 stroke15
movl 0 -52.0018 360.4526 180.4353 162.2802 -7.9153 -135.2605 100.0000 stroke15
movl 0 -54.9188 359.4716 180.3114 162.9831 -6.8994 -136.0226 100.0000 stroke15
movl 0 -57.3575 360.2204 179.7314 163.9787 -6.8384 -136.3227 100.0000 stroke15
movl 0 -59.9492 361.5076 178.6989 165.0996 -7.7010 -135.1621 100.0000 stroke15
movl 0 -62.4752 362.4555 177.5056 165.8330 -8.4528 -133.4892 100.0000 stroke15
movl 0 -64.3423 362.7541 176.5633 166.1358 -9.0135 -131.5300 100.0000 stroke15
movl 0 -63.1055 361.8500 176.9345 165.4030 -8.6484 -130.9520 100.0000 stroke15
movl 0 -58.0169 359.3260 178.2960 162.9907 -8.0679 -130.8961 100.0000 stroke15
movl 0 -58.1584 358.3832 178.5912 162.8500 -7.5982 -130.9189 100.0000 stroke15
movl 0 -59.5054 359.0201 178.4207 163.6857 -7.5586 -131.3896 100.0000 stroke15
movl 0 -61.1882 360.8820 178.2447 165.3157 -8.4680 -131.7098 100.0000 stroke15
movl 0 -62.4870 361.2030 178.0461 165.9615 -8.6218 -131.7906 100.0000 stroke15
movl 0 -55.4754 354.6349 183.2051 161.1826 -7.0586 -134.9738 100.0000 stroke15
movl 0 -47.9830 340.4813 245.3647 148.1088 1.7482 -131.3784 100.0000 stroke15
movl 0 -20.4521 386.0627 238.1859 157.9606 -16.5557 -141.0822 100.0000 stroke16
movl 0 -12.5678 379.4398 183.4911 164.7942 -21.1410 -151.1002 100.0000 stroke16
movl 0 -13.3382 375.1030 184.0222 166.5977 -20.4849 -156.3204 100.0000 stroke16
movl 0 -16.4958 378.6193 179.9172 168.6231 -20.5893 -156.7681 100.0000 stroke16
movl 0 -19.8919 379.6846 179.0269 169.6149 -20.2749 -156.4328 100.0000 stroke16
movl 0 -24.9278 378.8961 178.6353 170.2562 -18.7684 -156.4270 100.0000 stroke16
movl 0 -31.1822 379.3961 178.7258 172.6663 -16.5240 -159.0648 100.0000 stroke16
movl 0 -38.4632 381.6945 178.8785 176.5106 -13.6485 -164.2570 100.0000 stroke16
movl 0 -46.2804 384.2481 178.1822 179.9112 -10.2201 -170.2105 100.0000 stroke16
movl 0 -49.3753 389.8040 176.8192 -176.4274 -7.9963 -176.4691 100.0000 stroke16
movl 0 -49.9544 393.6496 175.9828 -174.2274 -6.8775 -179.6539 100.0000 stroke16
movl 0 -46.3703 394.1336 176.4318 -174.6838 -7.4317 178.9718 100.0000 stroke16
movl 0 -46.0658 396.4019 175.8432 -172.8270 -7.3881 178.3810 100.0000 stroke16
movl 0 -47.3212 393.5964 177.4304 -172.7090 -7.2098 179.2516 100.0000 stroke16
movl 0 -44.7688 386.9788 179.7166 -176.7075 -8.3612 -179.2324 100.0000 stroke16
movl 0 -44.9989 387.0583 179.8592 -176.1924 -8.1808 -179.4342 100.0000 stroke16
movl 0 -45.9404 387.8625 179.7457 -174.5682 -7.7442 -179.7188 100.0000 stroke16
movl 0 -46.0944 386.5010 180.1847 -174.8948 -7.7805 -179.4780 100.0000 stroke16
movl 0 -44.3637 384.3570 181.0488 -176.3458 -8.7394 -178.4197 100.0000 stroke16
movl 0 -43.3570 382.4245 181.6732 -177.7155 -9.3146 -177.3259 100.0000 stroke16
movl 0 -42.8130 379.8886 182.2106 -179.4861 -9.7772 -175.4641 100.0000 stroke16
movl 0 -41.0686 375.9348 183.8412 178.3789 -10.5413 -173.7307 100.0000 stroke16
movl 0 -34.2769 372.3324 186.6468 174.7700 -12.3989 -171.8921 100.0000 stroke16
movl 0 -32.1536 367.5883 205.4746 167.8866 -11.7996 -166.3276 100.0000 stroke16
