movl 0 -54.5321 384.8125 170.7817 155.9850 14.1799 -112.9072 100.0000 stroke1
movl 0 -55.1017 384.1413 170.8270 155.9146 13.8401 -112.3837 100.0000 stroke1
movl 0 -55.3447 384.3858 170.6668 155.9279 13.5351 -112.3254 100.0000 stroke1
movl 0 -57.0766 385.1896 170.5462 156.3548 13.3390 -115.3824 100.0000 stroke1
movl 0 -58.9338 385.5338 170.3151 157.2692 13.1434 -115.7369 100.0000 stroke1
movl 0 -60.4709 385.7370 170.3324 158.1541 13.0413 -116.1681 100.0000 stroke1
movl 0 -62.5750 385.9837 170.3298 159.2360 12.8705 -116.5578 100.0000 stroke1
movl 0 -64.5773 386.2830 170.5012 160.3879 12.6386 -117.3976 100.0000 stroke1
movl 0 -66.2558 386.6678 170.6561 161.4635 12.3368 -118.4118 100.0000 stroke1
movl 0 -68.7664 386.0371 170.6336 162.2115 12.8851 -119.0149 100.0000 stroke1
movl 0 -69.9575 385.8881 170.5248 162.6112 13.1746 -119.5122 100.0000 stroke1
movl 0 -70.2813 386.2558 170.4904 163.0440 13.0736 -120.3302 100.0000 stroke1
movl 0 -70.9934 387.0710 170.5080 163.7055 12.6885 -121.6528 100.0000 stroke1
movl 0 -72.9139 387.3091 170.4739 164.5867 12.8358 -123.3739 100.0000 stroke1
movl 0 -74.1200 387.6224 170.3937 165.2957 12.9767 -125.1878 100.0000 stroke1
movl 0 -73.6577 385.6088 170.9402 164.3132 13.4370 -125.6622 100.0000 stroke1
movl 0 -71.9023 384.1915 171.2710 163.2877 13.9637 -125.6097 100.0000 stroke1
movl 0 -70.8021 383.3015 171.6055 162.6662 14.2272 -125.6518 100.0000 stroke1
movl 0 -70.3320 382.1003 171.8912 162.2462 14.6056 -125.6479 100.0000 stroke1
movl 0 -69.3913 382.5767 172.0295 162.2190 13.9475 -125.0878 100.0000 stroke1
movl 0 -68.7925 384.5097 172.8193 163.0342 11.8928 -125.3759 100.0000 stroke1
movl 0 -68.5382 385.0892 173.0868 163.3972 10.9693 -125.7137 100.0000 stroke1
movl 0 -67.8821 384.8129 173.2298 163.4057 10.7966 -125.2899 100.0000 stroke1
movl 0 -61.4613 381.6857 173.2940 159.0389 11.5460 -120.4993 100.0000 stroke1
movl 0 -45.0946 367.9574 182.7379 153.1161 25.1475 -104.6483 100.0000 stroke1
movl 0 -39.9786 340.1328 237.2910 161.3116 48.6064 -81.7586 100.0000 stroke1
movl 0 -19.2285 397.7472 225.4725 146.6303 16.0787 -92.9426 100.0000 stroke2
movl 0 -14.5866 396.2039 174.3936 146.2389 12.0347 -95.1259 100.0000 stroke2
movl 0 -26.0483 389.7503 173.3161 150.3762 13.9273 -94.8603 100.0000 stroke2
movl 0 -37.2526 389.3163 174.1039 155.3336 12.9802 -94.7245 100.0000 stroke2
movl 0 -44.8077 389.1028 173.3594 157.4204 13.8410 -92.0416 100.0000 stroke2
movl 0 -45.6859 391.4322 171.8637 157.1188 13.3853 -90.6757 100.0000 stroke2
movl 0 -48.7170 392.5234 171.4681 158.6169 12.6994 -91.3855 100.0000 stroke2
movl 0 -50.8383 393.1915 171.4860 160.0376 11.8302 -92.6084 100.0000 stroke2
movl 0 -51.8056 393.3073 171.6925 160.8382 11.2536 -93.4538 100.0000 stroke2
movl 0 -53.8809 393.0784 171.9495 161.7493 11.4738 -94.1105 100.0000 stroke2
movl 0 -52.1334 393.3120 172.3364 162.1442 11.5534 -95.4112 100.0000 stroke2
movl 0 -49.5187 394.1655 172.6358 162.3797 11.5029 -96.7075 100.0000 stroke2
movl 0 -45.9945 395.3234 172.9245 162.7190 11.2577 -98.3495 100.0000 stroke2
movl 0 -41.6484 397.2661 173.0109 163.1313 10.9286 -100.5843 100.0000 stroke2
movl 0 -37.6745 399.9515 172.9455 163.8459 10.6087 -103.2387 100.0000 stroke2
movl 0 -36.0319 399.8289 173.1442 163.1565 10.7976 -105.0367 100.0000 stroke2
movl 0 -33.4189 396.7561 174.0993 161.7399 11.3333 -102.8026 100.0000 stroke2
movl 0 -32.9361 396.4512 174.1457 161.5589 11.4496 -102.8659 100.0000 stroke2
movl 0 -32.3391 395.8645 174.2717 161.2912 11.6406 -102.6588 100.0000 stroke2
movl 0 -32.7413 396.4694 174.2047 161.6399 11.2087 -102.7777 100.0000 stroke2
movl 0 -33.6159 398.3028 174.0435 162.6511 9.8211 -103.2189 100.0000 stroke2
movl 0 -33.1565 398.8772 173.5857 162.4043 9.1735 -103.7421 100.0000 stroke2
movl 0 -27.9144 390.5214 178.0225 155.3952 12.3091 -97.7423 100.0000 stroke2
movl 0 -22.7272 366.4937 231.5037 146.7490 25.2916 -94.0039 100.0000 stroke2
movl 0 -30.0552 401.4296 218.8707 146.1239 8.8297 -90.0770 100.0000 stroke3
movl 0 -32.3705 387.0823 183.3734 150.4610 11.0769 -92.9906 100.0000 stroke3
movl 0 -40.5762 382.1919 177.1460 154.8678 11.9155 -93.6319 100.0000 stroke3
movl 0 -44.6422 382.2033 176.2131 156.2711 11.7394 -94.8854 100.0000 stroke3
movl 0 -47.0966 383.2013 175.1156 157.1412 11.4490 -95.7225 100.0000 stroke3
movl 0 -49.4652 384.8334 174.3115 158.2516 10.5901 -94.8754 100.0000 stroke3
movl 0 -50.0763 386.6855 173.5079 158.2342 8.9092 -96.4675 100.0000 stroke3
movl 0 -51.2152 388.1515 173.3202 158.8382 6.7961 -96.6656 100.0000 stroke3
movl 0 -52.0323 388.4894 173.4281 158.9478 5.1917 -97.7524 100.0000 stroke3
movl 0 -52.6148 388.6805 173.8658 158.9561 3.5428 -98.7573 100.0000 stroke3
movl 0 -54.0041 389.4187 173.8265 159.3168 1.6768 -99.4854 100.0000 stroke3
movl 0 -55.9791 389.3296 173.7395 159.8182 0.1630 -99.9228 100.0000 stroke3
movl 0 -58.1186 388.7797 173.7288 160.3585 -1.1828 -100.1109 100.0000 stroke3
movl 0 -60.6017 387.4544 173.8039 160.8438 -2.4868 -100.4164 100.0000 stroke3
movl 0 -63.6679 385.7056 173.7930 161.3715 -3.5316 -100.2157 100.0000 stroke3
movl 0 -66.5779 384.3515 173.6115 161.6984 -4.3854 -99.3208 100.0000 stroke3
movl 0 -68.8784 383.6813 173.4105 161.9511 -5.0096 -98.4058 100.0000 stroke3
movl 0 -70.9976 382.1965 173.5310 161.9579 -5.2586 -97.4449 100.0000 stroke3
movl 0 -72.0972 381.6377 173.5458 161.8276 -5.5729 -96.7861 100.0000 stroke3
movl 0 -73.8420 380.2218 173.6485 161.6038 -5.6240 -95.9091 100.0000 stroke3
movl 0 -74.8387 379.5355 173.7581 161.3515 -5.7847 -95.3221 100.0000 stroke3
movl 0 -75.8447 379.0727 173.8613 161.1133 -5.9314 -94.8058 100.0000 stroke3
movl 0 -76.6050 378.5848 174.0263 160.9820 -5.8953 -94.4935 100.0000 stroke3
movl 0 -77.0625 378.1152 174.4137 160.5912 -5.8121 -94.1528 100.0000 stroke3
movl 0 -77.0552 377.8053 174.7359 160.3405 -5.7290 -94.0294 100.0000 stroke3
movl 0 -76.9080 377.7474 175.0365 160.1192 -5.6937 -93.9940 100.0000 stroke3
movl 0 -76.9378 377.9406 175.2147 159.8881 -5.6518 -93.8863 100.0000 stroke3
movl 0 -75.4105 377.9855 176.3068 158.9171 -5.4625 -93.6200 100.0000 stroke3
movl 0 -59.9878 372.7179 192.5690 150.8827 -0.7233 -91.5921 100.0000 stroke3
movl 0 11.3548 413.0197 212.0339 150.1391 34.2992 -63.3422 100.0000 stroke4
movl 0 2.5682 400.8327 175.9722 156.1434 31.1979 -62.9438 100.0000 stroke4
movl 0 0.4418 402.3994 169.0735 157.5624 26.7468 -61.3017 100.0000 stroke4
movl 0 -1.2088 402.3077 168.8312 158.6891 27.5063 -60.0823 100.0000 stroke4
movl 0 -0.9682 404.6461 168.1570 157.1013 25.4234 -60.3971 100.0000 stroke4
movl 0 -2.6321 406.4080 169.9877 154.9459 20.6028 -66.3884 100.0000 stroke4
movl 0 -4.0705 403.9269 171.8844 155.5241 18.4750 -71.0166 100.0000 stroke4
movl 0 -17.5873 399.5307 176.1600 159.4139 16.4700 -72.4016 100.0000 stroke4
movl 0 -23.0115 396.9264 177.2122 160.4000 14.8810 -73.2629 100.0000 stroke4
movl 0 -30.3767 397.0050 175.7103 159.4630 14.5227 -72.4026 100.0000 stroke4
movl 0 -34.3908 395.9999 174.9473 160.2165 14.7460 -71.0849 100.0000 stroke4
movl 0 -37.0972 396.1735 174.4619 161.4751 14.3903 -71.5229 100.0000 stroke4
movl 0 -40.7809 396.4470 174.3197 163.0867 13.2118 -72.2701 100.0000 stroke4
movl 0 -42.6365 396.0714 174.5103 163.9422 12.6434 -73.2263 100.0000 stroke4
movl 0 -43.8552 395.9401 174.4286 164.7238 12.5475 -73.8848 100.0000 stroke4
movl 0 -43.5853 395.9015 174.6558 165.2157 12.4480 -74.9319 100.0000 stroke4
movl 0 -42.2316 396.4262 174.8163 165.6856 12.1759 -76.3206 100.0000 stroke4
movl 0 -39.5650 397.5250 174.8817 165.8821 11.9835 -77.8805 100.0000 stroke4
movl 0 -37.2626 398.3726 175.0349 166.3503 11.5878 -79.5443 100.0000 stroke4
movl 0 -32.6886 400.5128 175.0036 166.4791 10.9755 -82.1629 100.0000 stroke4
movl 0 -29.6852 400.7688 175.2543 165.5323 11.0976 -83.1882 100.0000 stroke4
movl 0 -24.6888 400.0706 176.0107 163.4151 11.5726 -83.1768 100.0000 stroke4
movl 0 -22.3036 400.3774 176.1927 162.5109 11.6191 -83.3926 100.0000 stroke4
movl 0 -21.0506 402.1361 175.5686 161.9826 11.0929 -83.7163 100.0000 stroke4
movl 0 -19.7468 408.5259 173.8890 161.5692 7.4462 -85.2504 100.0000 stroke4
movl 0 -13.0969 415.4013 171.8616 159.8890 3.8061 -88.5918 100.0000 stroke4
movl 0 -6.5220 422.4600 168.9406 157.8735 0.2579 -89.3587 100.0000 stroke4
movl 0 -3.7066 426.7615 166.9766 156.1157 -1.9668 -89.1969 100.0000 stroke4
movl 0 -4.3921 428.6393 166.4483 155.6032 -3.7214 -89.1204 100.0000 stroke4
movl 0 -6.0767 430.5356 166.3926 155.9536 -5.9028 -90.3287 100.0000 stroke4
movl 0 -7.8083 431.7933 166.2269 156.1992 -7.8411 -90.3730 100.0000 stroke4
movl 0 -9.7239 432.1875 166.2007 156.1271 -9.1481 -89.4937 100.0000 stroke4
movl 0 -7.3652 428.9467 167.6746 155.7035 -7.0773 -90.2138 100.0000 stroke4
movl 0 -10.1381 429.9672 167.3798 156.2598 -8.3106 -89.3056 100.0000 stroke4
movl 0 -10.1628 429.6684 167.3549 156.1471 -8.0542 -89.0702 100.0000 stroke4
movl 0 -10.1891 425.9076 168.9319 156.2980 -5.4257 -89.1363 100.0000 stroke4
movl 0 -8.7748 406.9007 178.4547 155.5731 6.0586 -86.1847 100.0000 stroke4
movl 0 -10.1642 378.3942 232.2118 158.5805 24.5890 -75.5273 100.0000 stroke4
movl 0 -24.7373 383.5586 230.5960 165.8911 26.3136 -52.4228 100.0000 stroke5
movl 0 -27.2014 378.1050 185.1352 165.8090 24.5860 -55.3355 100.0000 stroke5
movl 0 -35.7540 372.0263 181.7528 170.5095 23.2058 -54.3913 100.0000 stroke5
movl 0 -40.5555 372.1985 179.0963 171.5890 22.0250 -55.0888 100.0000 stroke5
movl 0 -42.9695 374.1461 177.6132 172.0278 21.3137 -54.7772 100.0000 stroke5
movl 0 -43.8921 375.4332 176.8441 172.0327 20.9270 -54.6514 100.0000 stroke5
movl 0 -45.4503 376.6677 176.1140 171.8318 20.0105 -55.4972 100.0000 stroke5
movl 0 -47.3067 377.4913 175.6723 172.2117 18.9939 -56.6559 100.0000 stroke5
movl 0 -48.4954 378.3687 175.6066 172.2363 17.6627 -58.0308 100.0000 stroke5
movl 0 -50.4527 377.7755 175.7747 172.7240 17.3298 -58.7657 100.0000 stroke5
movl 0 -51.2230 377.8723 175.7144 173.1710 17.0414 -60.1185 100.0000 stroke5
movl 0 -49.8236 379.0375 175.7509 173.1355 16.5335 -61.8152 100.0000 stroke5
movl 0 -48.7987 379.9505 175.7742 173.4139 16.2044 -63.4885 100.0000 stroke5
movl 0 -47.3900 381.6373 175.5413 173.5429 16.2025 -65.9494 100.0000 stroke5
movl 0 -46.9471 381.3261 175.6754 173.4217 16.4248 -66.2877 100.0000 stroke5
movl 0 -44.5991 378.5003 176.7084 173.1307 17.3489 -65.8144 100.0000 stroke5
movl 0 -44.0649 378.9532 176.6578 172.9004 17.1561 -65.8652 100.0000 stroke5
movl 0 -44.4439 380.2783 176.7459 172.4519 16.6713 -66.6738 100.0000 stroke5
movl 0 -44.0122 381.3323 176.4689 171.8670 16.0610 -66.8664 100.0000 stroke5
movl 0 -38.4518 376.9833 177.9087 167.9740 19.0275 -65.6643 100.0000 stroke5
movl 0 -29.8304 362.3441 216.4106 164.3553 28.3518 -66.3631 100.0000 stroke5
movl 0 -18.6886 371.1847 220.9376 157.0517 29.8345 -68.5760 100.0000 stroke6
movl 0 -13.8894 375.6775 181.6960 152.8753 20.1244 -77.1242 100.0000 stroke6
movl 0 -19.1478 373.5715 177.8499 154.1005 16.5551 -81.2891 100.0000 stroke6
movl 0 -29.7165 371.3370 178.4149 157.1371 15.3006 -82.2796 100.0000 stroke6
movl 0 -33.7617 372.7303 178.0365 157.8936 13.4644 -82.1167 100.0000 stroke6
movl 0 -34.2168 375.0372 176.0245 157.7247 12.5281 -82.2616 100.0000 stroke6
movl 0 -35.6468 375.6882 174.6553 157.9533 12.7762 -81.5499 100.0000 stroke6
movl 0 -40.2470 375.9940 174.1237 159.9072 12.4830 -81.6790 100.0000 stroke6
movl 0 -44.4699 376.2484 174.2467 161.9422 11.7043 -82.6944 100.0000 stroke6
movl 0 -46.9727 376.1660 174.8193 163.1441 10.8029 -83.6786 100.0000 stroke6
movl 0 -49.3919 375.4167 175.2278 163.9073 10.7470 -84.3716 100.0000 stroke6
movl 0 -51.2636 375.0214 175.4078 164.8575 10.6769 -85.6755 100.0000 stroke6
movl 0 -50.4477 376.2455 175.4512 165.3528 10.0338 -87.7606 100.0000 stroke6
movl 0 -49.7886 377.1643 175.6279 166.1046 9.3993 -89.9372 100.0000 stroke6
movl 0 -49.4702 377.9410 175.8184 166.8654 9.1508 -92.9620 100.0000 stroke6
movl 0 -49.5342 378.8048 176.0247 167.7712 8.7693 -95.2360 100.0000 stroke6
movl 0 -48.4215 379.3778 176.1973 168.3685 8.5659 -97.1157 100.0000 stroke6
movl 0 -48.1454 380.0738 176.1680 169.1368 8.4113 -98.8178 100.0000 stroke6
movl 0 -47.4808 380.4442 176.1823 169.9091 8.4187 -100.4985 100.0000 stroke6
movl 0 -45.9396 377.9241 177.2216 168.6879 9.2353 -100.0715 100.0000 stroke6
movl 0 -42.7813 375.1748 178.2964 167.4441 10.3627 -98.4978 100.0000 stroke6
movl 0 -42.2973 374.8402 178.4853 167.4443 10.4479 -98.3760 100.0000 stroke6
movl 0 -42.6573 376.3618 178.5638 167.9128 8.9826 -98.8286 100.0000 stroke6
movl 0 -42.4994 377.7010 178.7269 168.0457 7.7371 -100.8616 100.0000 stroke6
movl 0 -41.7263 378.1310 178.2833 167.4626 7.4723 -100.3073 100.0000 stroke6
movl 0 -39.8623 376.4881 177.4398 164.7066 8.1973 -95.4304 100.0000 stroke6
movl 0 -25.2240 369.2210 183.7121 158.0441 15.6165 -87.9018 100.0000 stroke6
movl 0 -18.6225 342.0648 229.8679 163.6774 38.7502 -68.8330 100.0000 stroke6
movl 0 -11.9147 390.6337 214.6158 175.2144 35.6320 -31.4298 100.0000 stroke7
movl 0 -13.1163 383.2684 176.0294 173.3412 32.9237 -35.9720 100.0000 stroke7
movl 0 -21.0833 379.5798 172.6476 176.4869 30.7915 -37.1819 100.0000 stroke7
movl 0 -26.6854 379.3353 171.0042 179.7198 28.2783 -35.5915 100.0000 stroke7
movl 0 -27.2691 382.5300 169.5114 179.8757 27.3745 -34.6083 100.0000 stroke7
movl 0 -27.9769 384.3162 168.3944 179.5606 27.2541 -34.9649 100.0000 stroke7
movl 0 -30.0613 388.4167 167.4294 177.9898 25.3973 -36.7097 100.0000 stroke7
movl 0 -28.7188 392.1752 166.7833 175.3362 24.0387 -40.3526 100.0000 stroke7
movl 0 -27.2330 395.2616 166.6423 171.2352 22.4695 -45.0506 100.0000 stroke7
movl 0 -26.6645 396.3993 167.0244 168.5278 20.8243 -48.9908 100.0000 stroke7
movl 0 -26.2348 397.0333 167.3880 166.4182 19.2085 -52.0510 100.0000 stroke7
movl 0 -25.2439 397.6421 167.5350 164.3635 17.2583 -55.1889 100.0000 stroke7
movl 0 -25.2492 398.4182 168.1978 162.9319 15.5555 -57.8211 100.0000 stroke7
movl 0 -25.4086 399.3614 168.6709 161.7384 13.8003 -60.0003 100.0000 stroke7
movl 0 -26.0747 400.0790 168.8773 160.8171 12.1375 -61.6348 100.0000 stroke7
movl 0 -26.6545 400.6878 169.2794 159.9079 10.1956 -63.5692 100.0000 stroke7
movl 0 -27.0426 401.5274 169.3905 159.1402 8.4909 -65.3022 100.0000 stroke7
movl 0 -27.6128 402.3136 169.5314 158.4061 6.2606 -67.4488 100.0000 stroke7
movl 0 -28.8330 403.2195 169.6084 158.0419 4.1361 -69.1817 100.0000 stroke7
movl 0 -29.7420 404.4534 169.6131 157.7037 1.9183 -71.2148 100.0000 stroke7
movl 0 -30.8689 405.7120 169.5022 157.6561 -0.5259 -73.3488 100.0000 stroke7
movl 0 -32.6999 407.2515 169.3556 157.8962 -3.1778 -75.3135 100.0000 stroke7
movl 0 -33.9496 408.3676 169.0099 158.1632 -5.1347 -76.7109 100.0000 stroke7
movl 0 -35.5691 409.4304 168.5618 158.5260 -7.1811 -78.0038 100.0000 stroke7
movl 0 -36.6888 409.7616 168.1720 158.9056 -8.5784 -79.1380 100.0000 stroke7
movl 0 -38.3203 410.5030 167.8832 159.3151 -9.7866 -79.5198 100.0000 stroke7
movl 0 -39.5989 410.7615 167.8148 159.6120 -10.4931 -79.3403 100.0000 stroke7
movl 0 -40.3953 411.1022 167.6705 159.7863 -11.3347 -79.5367 100.0000 stroke7
movl 0 -41.4271 411.5063 167.4397 159.8189 -12.0252 -79.3852 100.0000 stroke7
movl 0 -42.4230 410.3786 167.8577 159.6307 -11.8447 -78.6559 100.0000 stroke7
movl 0 -37.5147 408.1323 169.5225 159.0556 -9.8267 -79.2148 100.0000 stroke7
movl 0 -36.6059 407.9458 169.5907 159.1990 -9.7478 -79.3645 100.0000 stroke7
movl 0 -37.8669 408.1862 169.2459 159.1803 -10.4477 -78.1529 100.0000 stroke7
movl 0 -37.3860 406.1324 170.1670 159.0338 -9.4730 -77.5454 100.0000 stroke7
movl 0 -33.5186 403.3858 171.5649 158.4693 -6.5987 -76.3169 100.0000 stroke7
movl 0 -35.4909 403.9878 170.9429 158.3700 -7.3778 -74.4249 100.0000 stroke7
movl 0 -33.3288 402.4721 171.8483 158.0418 -5.6252 -73.5794 100.0000 stroke7
movl 0 -35.1667 402.7956 171.3118 158.0642 -5.8494 -71.8365 100.0000 stroke7
movl 0 -31.0937 397.6976 173.4573 157.7486 -1.6083 -70.8026 100.0000 stroke7
movl 0 -24.9983 387.9079 175.8904 158.0811 5.9497 -67.7508 100.0000 stroke7
movl 0 -26.6092 389.0244 174.5882 158.4508 5.7664 -66.6857 100.0000 stroke7
movl 0 -29.9821 394.1169 172.1235 157.7943 2.8579 -65.0877 100.0000 stroke7
movl 0 -32.1536 396.2344 170.7105 157.3674 2.0667 -62.8739 100.0000 stroke7
movl 0 -32.6091 395.1025 170.3465 157.6043 4.5351 -57.3222 100.0000 stroke7
movl 0 -32.4819 394.2552 170.2256 157.9122 6.3497 -53.6552 100.0000 stroke7
movl 0 -31.8502 393.0593 170.4008 157.9446 7.7434 -52.1688 100.0000 stroke7
movl 0 -31.5171 392.3477 170.5165 157.9336 8.6208 -51.5002 100.0000 stroke7
movl 0 -31.1091 391.7286 170.6947 157.8753 9.2458 -51.4443 100.0000 stroke7
movl 0 -30.9339 391.4574 170.8873 157.8495 9.5318 -51.7942 100.0000 stroke7
movl 0 -30.7242 390.5268 171.2774 157.9123 9.9201 -52.3379 100.0000 stroke7
movl 0 -30.3809 390.0340 171.5975 157.9334 10.1644 -52.7461 100.0000 stroke7
movl 0 -29.6430 389.5444 171.9425 157.9053 10.4751 -53.8149 100.0000 stroke7
movl 0 -28.9443 388.9782 172.3677 157.8782 10.7123 -54.4916 100.0000 stroke7
movl 0 -26.4008 387.0134 173.6762 157.6733 11.5868 -55.5519 100.0000 stroke7
movl 0 -11.6262 371.5239 189.4955 155.6357 21.0670 -59.3570 100.0000 stroke7
movl 0 -19.8231 386.7571 240.1960 -151.1036 33.7478 28.3937 100.0000 stroke8
movl 0 -23.6982 388.7282 189.6352 -169.2522 34.4226 9.7232 100.0000 stroke8
movl 0 -27.0180 386.1177 174.0971 -177.7702 30.9980 -5.1053 100.0000 stroke8
movl 0 -30.8844 383.0618 175.1475 179.6706 28.3480 -11.4169 100.0000 stroke8
movl 0 -38.8545 378.2292 177.7602 178.0223 24.6383 -18.1490 100.0000 stroke8
movl 0 -38.6196 377.6248 178.4367 177.6186 23.0232 -21.1133 100.0000 stroke8
movl 0 -39.2276 377.8158 177.2070 178.2410 22.2333 -21.3383 100.0000 stroke8
movl 0 -43.5049 383.0760 175.2968 175.2940 19.6046 -26.1844 100.0000 stroke8
movl 0 -45.1306 385.8295 174.8583 173.8546 17.7683 -27.4747 100.0000 stroke8
movl 0 -44.2100 387.7777 174.3417 173.0512 17.1280 -26.9448 100.0000 stroke8
movl 0 -41.7633 389.9976 173.5162 171.1362 17.3445 -28.1435 100.0000 stroke8
movl 0 -42.2059 389.5964 173.1600 170.4736 17.7816 -27.7800 100.0000 stroke8
movl 0 -41.5617 389.3491 173.1111 169.9888 18.2501 -27.7101 100.0000 stroke8
movl 0 -40.3582 388.0774 173.6771 170.0791 18.9346 -27.4431 100.0000 stroke8
movl 0 -36.9522 378.4244 179.6455 172.1855 21.5235 -26.5123 100.0000 stroke8
movl 0 -35.6428 366.2848 192.8375 179.9342 25.5089 -16.7006 100.0000 stroke8
movl 0 -38.0727 352.2871 200.0271 -171.8978 24.0746 -0.9619 100.0000 stroke9
movl 0 -42.7000 354.7246 182.5921 -174.9491 21.9928 -4.7605 100.0000 stroke9
movl 0 -45.4249 356.1398 180.3595 -174.3567 21.1485 -5.5166 100.0000 stroke9
movl 0 -49.6389 355.1956 179.4816 -173.8551 20.4961 -5.5463 100.0000 stroke9
movl 0 -54.0588 359.2041 177.5082 -175.5436 18.9089 -6.1880 100.0000 stroke9
movl 0 -56.7287 360.9054 176.6319 -177.3468 17.5315 -8.4606 100.0000 stroke9
movl 0 -59.1494 362.8445 176.2122 -179.1011 16.1367 -10.2095 100.0000 stroke9
movl 0 -61.0886 362.8242 176.3408 -179.8679 15.2527 -11.5374 100.0000 stroke9
movl 0 -63.5744 360.9539 176.6144 -179.6366 14.5797 -12.5082 100.0000 stroke9
movl 0 -65.6389 360.0936 176.9531 -179.5490 14.2937 -15.7789 100.0000 stroke9
movl 0 -65.0588 360.5423 176.9221 -179.6191 14.3092 -20.0274 100.0000 stroke9
movl 0 -64.1875 361.3979 176.7370 -179.5532 14.6702 -22.9472 100.0000 stroke9
movl 0 -62.7557 361.5366 177.0793 -179.8256 14.9239 -23.1501 100.0000 stroke9
movl 0 -64.4138 359.5265 177.3543 -179.4156 14.6609 -20.9613 100.0000 stroke9
movl 0 -62.1408 362.1184 176.9822 -179.8920 14.8905 -23.6287 100.0000 stroke9
movl 0 -60.6065 363.0198 177.0889 -179.7906 14.8980 -24.8540 100.0000 stroke9
movl 0 -58.7380 363.5534 177.2934 -179.8068 15.0752 -25.7018 100.0000 stroke9
movl 0 -56.6551 363.8440 177.6508 -179.8571 15.4170 -26.3032 100.0000 stroke9
movl 0 -55.2029 364.0402 177.9180 -179.9037 15.6265 -26.8306 100.0000 stroke9
movl 0 -53.6270 363.8303 178.3660 -179.7953 15.9148 -27.4305 100.0000 stroke9
movl 0 -44.1927 359.8837 182.9157 -178.7077 19.0995 -27.9150 100.0000 stroke9
movl 0 -30.5215 340.4228 215.9660 -172.7461 25.7717 -24.5528 100.0000 stroke9
movl 0 3.2743 375.1985 249.4371 -161.6382 36.3555 -0.7400 100.0000 stroke10
movl 0 4.7593 384.9973 190.7601 176.5271 34.4317 -20.7793 100.0000 stroke10
movl 0 0.3952 385.2815 174.4258 169.2901 27.5229 -32.0616 100.0000 stroke10
movl 0 -4.7527 384.0867 174.2683 170.3020 25.3551 -33.8022 100.0000 stroke10
movl 0 -6.9333 384.3520 174.0713 170.3301 24.2940 -34.2009 100.0000 stroke10
movl 0 -7.0573 386.6453 172.9651 169.8734 23.0745 -35.7845 100.0000 stroke10
movl 0 -11.0058 390.2234 171.2283 169.1713 19.6422 -36.9570 100.0000 stroke10
movl 0 -10.8915 394.3305 170.0157 166.9629 17.3226 -39.6086 100.0000 stroke10
movl 0 -11.9668 394.6183 169.7812 166.0697 16.8707 -39.9410 100.0000 stroke10
movl 0 -12.0769 394.0937 169.8647 165.7111 17.0624 -39.6586 100.0000 stroke10
movl 0 -12.1453 393.4981 170.1872 165.3678 17.1798 -39.8773 100.0000 stroke10
movl 0 -11.6959 392.6511 170.5876 165.1890 17.6060 -39.8022 100.0000 stroke10
movl 0 -10.2444 390.9032 171.4762 164.9117 18.6760 -39.9730 100.0000 stroke10
movl 0 -3.4296 377.4895 184.8065 165.6895 25.1637 -40.7270 100.0000 stroke10
movl 0 -20.2697 401.7047 232.9954 153.1500 12.4441 -60.3517 100.0000 stroke11
movl 0 -6.7866 405.5878 184.7917 150.7935 7.2885 -65.4376 100.0000 stroke11
movl 0 -11.2407 402.9531 176.0431 153.4946 4.8161 -67.9938 100.0000 stroke11
movl 0 -13.5564 404.2539 174.5735 154.6804 3.2331 -69.6540 100.0000 stroke11
movl 0 -16.4261 404.5200 174.2446 155.4565 2.4439 -70.6394 100.0000 stroke11
movl 0 -21.6214 406.9335 173.3672 157.3225 -0.0636 -72.2654 100.0000 stroke11
movl 0 -26.6160 409.5339 172.8914 159.7011 -3.3765 -75.6628 100.0000 stroke11
movl 0 -29.7830 412.4914 172.1982 161.9621 -6.4646 -79.9056 100.0000 stroke11
movl 0 -33.2559 414.2982 171.8325 164.5872 -9.2711 -84.7593 100.0000 stroke11
movl 0 -37.2957 415.0306 171.9446 167.4744 -10.3669 -87.5402 100.0000 stroke11
movl 0 -41.6969 414.4347 172.3261 169.8270 -10.7953 -89.0317 100.0000 stroke11
movl 0 -40.8254 414.7776 172.5552 170.0218 -10.6994 -89.8548 100.0000 stroke11
movl 0 -42.7159 414.0534 172.5600 170.3030 -11.5470 -89.0176 100.0000 stroke11
movl 0 -42.3233 411.4615 173.8278 169.9736 -10.4076 -88.3357 100.0000 stroke11
movl 0 -40.3526 409.4245 175.0537 169.4895 -9.2589 -88.3475 100.0000 stroke11
movl 0 -42.6796 407.6506 175.3604 170.0309 -9.9643 -87.2720 100.0000 stroke11
movl 0 -40.5105 405.4829 176.7762 169.4676 -8.4213 -87.6090 100.0000 stroke11
movl 0 -40.2430 405.4574 176.6977 169.4622 -9.0650 -87.6917 100.0000 stroke11
movl 0 -40.9301 403.5209 177.4575 169.6305 -8.8820 -87.4702 100.0000 stroke11
movl 0 -39.1740 403.1535 178.1640 169.1183 -8.0169 -87.2874 100.0000 stroke11
movl 0 -40.2954 402.0955 178.1405 169.2764 -8.4677 -86.6550 100.0000 stroke11
movl 0 -37.4845 401.7944 178.9028 168.4678 -7.6962 -86.8701 100.0000 stroke11
movl 0 -38.3355 400.5999 179.0362 168.5103 -7.9306 -86.5386 100.0000 stroke11
movl 0 -37.7481 400.2137 179.2131 168.2916 -8.0128 -86.4460 100.0000 stroke11
movl 0 -37.6446 399.8522 179.2544 168.1245 -7.8449 -86.2448 100.0000 stroke11
movl 0 -36.9588 399.4876 179.4082 167.6388 -7.2582 -85.9692 100.0000 stroke11
movl 0 -33.9743 397.6651 181.1128 166.3799 -5.7533 -85.6333 100.0000 stroke11
movl 0 -22.1980 388.5174 207.7530 162.6676 0.1156 -84.7909 100.0000 stroke11
