movl 0 -32.5849 382.3728 168.9269 162.4805 25.0513 -80.9491 100.0000 stroke1
movl 0 -27.8607 384.4269 168.7287 160.6235 24.5802 -82.2422 100.0000 stroke1
movl 0 -25.1231 385.0260 168.8276 159.9251 24.6609 -82.5615 100.0000 stroke1
movl 0 -24.2765 385.2737 168.5383 159.9746 24.6970 -83.1775 100.0000 stroke1
movl 0 -28.3887 384.1581 167.7880 160.0840 24.0729 -82.9315 100.0000 stroke1
movl 0 -32.8692 383.2658 166.6861 161.0263 24.1833 -81.3172 100.0000 stroke1
movl 0 -34.4750 383.4511 165.8414 161.0998 23.9198 -80.6241 100.0000 stroke1
movl 0 -35.2926 383.4890 165.1841 160.8861 23.8342 -80.3784 100.0000 stroke1
movl 0 -38.2007 383.5918 164.8841 162.1148 23.3114 -80.5530 100.0000 stroke1
movl 0 -40.3620 383.4862 165.0787 163.0880 22.8536 -81.4741 100.0000 stroke1
movl 0 -42.4107 383.5120 165.4844 163.9603 22.1179 -82.6475 100.0000 stroke1
movl 0 -44.8192 382.5550 165.6922 165.1375 22.2358 -82.7592 100.0000 stroke1
movl 0 -45.4141 382.1950 165.6756 165.7989 22.5141 -82.9191 100.0000 stroke1
movl 0 -45.4442 382.2467 165.8434 166.3927 22.5041 -83.5464 100.0000 stroke1
movl 0 -44.7399 382.6256 166.1340 166.7391 22.3326 -84.4273 100.0000 stroke1
movl 0 -44.2167 383.2266 166.4177 167.2952 22.1052 -85.6736 100.0000 stroke1
movl 0 -43.8410 383.9089 166.7262 168.0256 21.8242 -87.0055 100.0000 stroke1
movl 0 -42.9724 384.9946 166.9699 168.7807 21.5147 -88.9433 100.0000 stroke1
movl 0 -41.4512 387.1712 166.8174 169.3610 20.8772 -91.0385 100.0000 stroke1
movl 0 -39.2979 385.3523 167.2953 168.1156 21.8203 -91.0870 100.0000 stroke1
movl 0 -36.8218 383.4484 167.4841 167.0101 23.0112 -90.9346 100.0000 stroke1
movl 0 -36.1232 382.8046 167.5866 166.7986 23.4581 -90.9861 100.0000 stroke1
movl 0 -36.3840 383.3923 167.8116 167.0826 22.7638 -91.0378 100.0000 stroke1
movl 0 -36.1053 385.5971 168.3928 167.1270 20.7575 -91.8014 100.0000 stroke1
movl 0 -28.5586 378.0471 172.9493 163.4038 26.3408 -85.0233 100.0000 stroke1
movl 0 -25.9837 358.9168 230.3066 166.8822 41.6330 -68.5993 100.0000 stroke1
movl 0 -11.0539 395.7935 211.1056 148.7614 17.3290 -83.5673 100.0000 stroke2
movl 0 -13.2559 385.4600 176.5682 153.2936 18.0219 -85.0348 100.0000 stroke2
movl 0 -17.7711 382.5945 170.2355 156.6509 20.5861 -83.9256 100.0000 stroke2
movl 0 -20.9659 382.8439 167.9275 158.3627 21.7181 -82.4046 100.0000 stroke2
movl 0 -22.2802 384.8211 166.8172 158.4069 20.9305 -83.1236 100.0000 stroke2
movl 0 -26.4229 388.2601 165.9645 158.9791 17.9935 -84.9713 100.0000 stroke2
movl 0 -27.4072 391.6689 166.1022 158.6843 13.9935 -89.7150 100.0000 stroke2
movl 0 -27.5342 393.6391 166.3027 157.7584 10.7119 -94.1765 100.0000 stroke2
movl 0 -27.1669 394.2101 166.8989 156.9377 7.6888 -98.4440 100.0000 stroke2
movl 0 -26.6246 394.7812 167.5804 156.4580 4.9424 -101.9501 100.0000 stroke2
movl 0 -26.6332 395.7064 168.2086 156.4559 2.1816 -104.8474 100.0000 stroke2
movl 0 -26.7472 397.1553 168.9660 157.0748 -1.0836 -108.1379 100.0000 stroke2
movl 0 -27.3926 399.0230 169.7173 158.3571 -4.7149 -112.3522 100.0000 stroke2
movl 0 -28.4174 400.6984 170.3075 159.9157 -7.9183 -115.7400 100.0000 stroke2
movl 0 -29.2413 402.0604 170.7465 161.5781 -10.7540 -119.2833 100.0000 stroke2
movl 0 -30.4958 403.3628 171.0156 163.5367 -13.3106 -122.5193 100.0000 stroke2
movl 0 -30.5482 402.0620 171.7838 163.7782 -13.3880 -124.1840 100.0000 stroke2
movl 0 -27.4978 399.6210 172.5288 162.1337 -12.3198 -124.6588 100.0000 stroke2
movl 0 -27.6068 400.2524 172.5826 162.7610 -12.9561 -125.1010 100.0000 stroke2
movl 0 -29.7606 401.2226 172.5627 164.3617 -13.7830 -125.7703 100.0000 stroke2
movl 0 -23.6718 391.1278 175.2953 157.5793 -8.5453 -123.0762 100.0000 stroke2
movl 0 -11.4079 372.6357 220.3971 143.5866 12.9811 -107.2159 100.0000 stroke2
movl 0 -28.1764 385.2404 178.8366 149.7402 -1.2914 -125.7644 100.0000 stroke3
movl 0 -27.1546 386.6670 180.0939 152.3311 -5.2670 -130.8856 100.0000 stroke3
movl 0 -34.3903 387.3316 176.5501 154.7201 -5.9381 -131.2119 100.0000 stroke3
movl 0 -36.6343 388.6094 174.8634 154.9559 -6.0043 -130.1638 100.0000 stroke3
movl 0 -38.5024 390.0772 173.3275 155.2729 -6.2350 -129.4180 100.0000 stroke3
movl 0 -42.5190 392.8038 172.8039 157.8275 -6.0930 -131.0180 100.0000 stroke3
movl 0 -45.2899 394.4669 173.3185 160.0987 -6.4718 -132.7579 100.0000 stroke3
movl 0 -46.9361 393.5804 173.2422 160.2256 -5.6644 -133.2990 100.0000 stroke3
movl 0 -45.3414 394.4872 173.1650 160.2861 -5.6360 -134.9323 100.0000 stroke3
movl 0 -38.9953 396.2525 173.8232 160.0117 -6.5033 -138.3654 100.0000 stroke3
movl 0 -27.2649 390.8146 180.7578 155.2719 -7.5590 -137.4491 100.0000 stroke3
movl 0 -21.5604 375.5645 246.1716 145.5053 -1.6927 -132.8096 100.0000 stroke3
movl 0 -23.3868 385.0172 236.8028 147.9247 -2.4067 -125.6478 100.0000 stroke4
movl 0 -32.0772 380.5234 187.9442 153.2001 -4.9032 -127.9973 100.0000 stroke4
movl 0 -33.1973 384.4309 178.4914 155.3317 -7.5271 -129.4757 100.0000 stroke4
movl 0 -37.4642 386.2472 175.8632 156.8238 -7.6528 -129.8753 100.0000 stroke4
movl 0 -38.9171 387.5484 175.0048 157.4304 -8.1722 -129.6907 100.0000 stroke4
movl 0 -43.6252 389.5055 173.9251 159.8453 -8.1360 -131.5119 100.0000 stroke4
movl 0 -46.6846 391.5161 174.4176 162.5221 -8.6347 -133.9887 100.0000 stroke4
movl 0 -47.5804 391.3172 174.3430 162.6553 -7.8718 -135.4087 100.0000 stroke4
movl 0 -44.1270 392.7583 174.5247 162.6593 -7.9185 -138.6983 100.0000 stroke4
movl 0 -34.1398 391.7856 176.2067 160.6389 -8.9195 -141.9229 100.0000 stroke4
movl 0 -24.3630 379.3938 195.6347 152.6532 -7.4199 -138.0128 100.0000 stroke4
movl 0 -28.5885 381.3891 203.3732 154.7252 -6.7990 -132.4825 100.0000 stroke5
movl 0 -32.4445 381.1740 179.2832 158.1393 -10.2254 -133.2283 100.0000 stroke5
movl 0 -32.9326 383.2493 178.4644 158.8695 -11.3307 -133.6652 100.0000 stroke5
movl 0 -36.1951 383.5162 176.8974 159.5677 -11.0581 -133.5185 100.0000 stroke5
movl 0 -40.6054 383.3657 175.8635 160.6288 -10.1179 -134.2986 100.0000 stroke5
movl 0 -45.6788 384.3626 175.1748 162.8435 -9.2907 -135.4014 100.0000 stroke5
movl 0 -47.3802 385.6554 175.4297 164.5046 -9.6303 -136.0649 100.0000 stroke5
movl 0 -49.0514 384.3696 175.3888 164.3024 -8.5949 -136.6589 100.0000 stroke5
movl 0 -47.8541 385.4713 175.2637 164.4119 -8.1876 -138.9244 100.0000 stroke5
movl 0 -38.5855 386.8659 176.5058 163.0967 -8.9247 -143.2740 100.0000 stroke5
movl 0 -24.7077 382.3315 184.4364 157.6001 -8.7601 -142.8794 100.0000 stroke5
movl 0 -18.6391 379.7427 236.1451 148.6326 -1.4809 -139.4869 100.0000 stroke5
movl 0 -29.1457 381.8609 188.7222 150.0780 4.9729 -125.5699 100.0000 stroke6
movl 0 -26.2809 379.2513 174.1042 151.6634 1.9859 -129.9927 100.0000 stroke6
movl 0 -25.3251 382.9473 173.2438 152.6778 0.6331 -130.7757 100.0000 stroke6
movl 0 -24.4402 385.5052 172.3064 153.0964 -0.1913 -131.1410 100.0000 stroke6
movl 0 -27.3658 388.6820 171.3105 154.9566 -0.8219 -131.7920 100.0000 stroke6
movl 0 -27.8215 394.0333 171.3756 158.0569 -3.7572 -135.8612 100.0000 stroke6
movl 0 -27.0551 397.8091 170.9539 159.4191 -6.1383 -137.7633 100.0000 stroke6
movl 0 -26.5386 400.2559 171.5981 161.0446 -8.5117 -139.1579 100.0000 stroke6
movl 0 -26.6775 402.3796 172.5722 163.1694 -10.5940 -141.5019 100.0000 stroke6
movl 0 -27.2746 404.9799 173.3615 165.9213 -12.6024 -144.5501 100.0000 stroke6
movl 0 -28.0192 407.8364 173.8749 168.9135 -14.3857 -147.4344 100.0000 stroke6
movl 0 -29.0670 411.0415 174.1020 172.1627 -15.8504 -150.2092 100.0000 stroke6
movl 0 -30.6035 413.4688 174.0613 174.9603 -16.6328 -152.4745 100.0000 stroke6
movl 0 -31.6163 415.3175 174.0980 177.2483 -17.1502 -154.2414 100.0000 stroke6
movl 0 -33.3058 416.3490 174.0101 179.0545 -17.3383 -154.9524 100.0000 stroke6
movl 0 -32.9841 415.4243 174.5630 178.7716 -17.0990 -155.3209 100.0000 stroke6
movl 0 -29.2703 412.1240 175.8970 176.1219 -16.8504 -154.9964 100.0000 stroke6
movl 0 -29.5432 411.6904 176.0440 176.1499 -16.7479 -154.8651 100.0000 stroke6
movl 0 -30.8683 412.4494 175.8645 177.1616 -16.8045 -154.7671 100.0000 stroke6
movl 0 -31.9629 413.2182 175.6480 178.0961 -16.8880 -154.9950 100.0000 stroke6
movl 0 -33.1662 412.9190 175.6510 178.5476 -16.7036 -155.0209 100.0000 stroke6
movl 0 -32.2239 410.3864 176.4909 176.7711 -16.1474 -154.8226 100.0000 stroke6
movl 0 -29.4887 403.8536 178.0737 172.2227 -15.0599 -153.5346 100.0000 stroke6
movl 0 -20.5166 386.0636 184.9221 155.3829 -9.5424 -144.0259 100.0000 stroke6
movl 0 -21.0476 374.3315 246.9525 142.1010 -0.1067 -138.1384 100.0000 stroke7
movl 0 -22.8012 374.0762 185.6619 149.7341 -2.8811 -142.1027 100.0000 stroke7
movl 0 -17.9147 378.2748 175.5767 154.8183 -8.3624 -146.6600 100.0000 stroke7
movl 0 -21.6897 377.2124 174.0086 154.7606 -7.1364 -146.0158 100.0000 stroke7
movl 0 -23.4733 376.9543 172.6008 154.4790 -6.2076 -145.1849 100.0000 stroke7
movl 0 -24.6059 377.4580 171.6097 154.4667 -5.6156 -144.3600 100.0000 stroke7
movl 0 -27.2920 378.1457 171.2347 155.5468 -4.9096 -145.2258 100.0000 stroke7
movl 0 -29.0006 378.5416 171.1260 156.2935 -4.2399 -146.3315 100.0000 stroke7
movl 0 -28.9119 379.2826 171.1389 156.8334 -4.0072 -147.6622 100.0000 stroke7
movl 0 -28.4987 380.6676 170.9260 157.4746 -3.8337 -149.6816 100.0000 stroke7
movl 0 -27.5961 380.3537 171.1680 157.1389 -4.0766 -149.9812 100.0000 stroke7
movl 0 -25.9426 379.7902 171.5010 156.5444 -4.4991 -150.0735 100.0000 stroke7
movl 0 -26.4573 381.5189 171.8503 158.0769 -5.1043 -150.8046 100.0000 stroke7
movl 0 -21.3172 377.6568 174.9802 154.9691 -7.5409 -147.9565 100.0000 stroke7
movl 0 -21.6444 355.7783 244.8176 144.8927 -12.0213 -148.1095 100.0000 stroke7
movl 0 -10.6809 376.5001 185.1727 158.6940 -18.2263 -163.3801 100.0000 stroke8
movl 0 -11.2622 373.5204 177.6401 159.0656 -18.4975 -166.7523 100.0000 stroke8
movl 0 -16.7526 374.3570 174.4673 160.0631 -17.4899 -165.4916 100.0000 stroke8
movl 0 -20.6845 375.7870 173.1853 161.1934 -17.1674 -164.4268 100.0000 stroke8
movl 0 -23.7497 375.3619 172.9051 161.3746 -15.7647 -164.9527 100.0000 stroke8
movl 0 -27.2617 374.7849 172.5243 161.4258 -14.0244 -165.4113 100.0000 stroke8
movl 0 -28.5310 374.7942 172.3459 161.4921 -12.9792 -165.7240 100.0000 stroke8
movl 0 -28.7624 375.1309 172.3089 161.6978 -12.1785 -166.7681 100.0000 stroke8
movl 0 -28.5197 376.0769 172.3447 162.1447 -11.5042 -168.6686 100.0000 stroke8
movl 0 -28.9217 377.4597 172.0569 162.6890 -11.0135 -169.9052 100.0000 stroke8
movl 0 -25.2049 375.5342 172.8604 161.3632 -12.3180 -169.0217 100.0000 stroke8
movl 0 -24.2948 375.5076 172.9303 161.2058 -12.5596 -168.9491 100.0000 stroke8
movl 0 -24.7568 377.7670 173.2963 163.3957 -12.5228 -170.0390 100.0000 stroke8
movl 0 -24.6522 376.7825 173.4205 163.2472 -13.3011 -167.9754 100.0000 stroke8
movl 0 -20.3264 366.9463 178.4616 156.7042 -14.9964 -162.2818 100.0000 stroke8
movl 0 -13.7966 364.6416 229.3546 149.9273 -15.0995 -151.4781 100.0000 stroke9
movl 0 -12.9043 370.8179 184.2376 158.5330 -17.6355 -159.2779 100.0000 stroke9
movl 0 -18.4690 370.9455 178.9640 161.2679 -16.4714 -162.0719 100.0000 stroke9
movl 0 -22.5159 372.6555 177.0835 162.9989 -16.0293 -162.1055 100.0000 stroke9
movl 0 -25.9567 373.0827 176.2177 163.7118 -15.0268 -162.2177 100.0000 stroke9
movl 0 -33.6520 371.7058 176.1341 164.4773 -11.8335 -164.2787 100.0000 stroke9
movl 0 -40.0416 370.1806 176.1681 164.8128 -9.0030 -166.2054 100.0000 stroke9
movl 0 -42.0970 371.7280 176.2136 165.7838 -7.5050 -169.2325 100.0000 stroke9
movl 0 -43.6454 373.3950 176.1907 166.6660 -6.0966 -172.7750 100.0000 stroke9
movl 0 -43.8929 376.8343 175.6544 167.9266 -5.0660 -176.2576 100.0000 stroke9
movl 0 -40.0830 373.5525 177.0394 166.3597 -6.6309 -175.5808 100.0000 stroke9
movl 0 -36.8420 372.3057 178.0169 165.6073 -7.4292 -175.5998 100.0000 stroke9
movl 0 -37.3663 373.9690 178.0670 166.8953 -7.3207 -176.2047 100.0000 stroke9
movl 0 -37.5588 377.0320 178.4219 169.4745 -7.3647 -177.4784 100.0000 stroke9
movl 0 -36.8293 378.0542 178.4416 170.3549 -7.9115 -177.5680 100.0000 stroke9
movl 0 -36.6158 378.4083 178.4281 170.8208 -8.1961 -177.6126 100.0000 stroke9
movl 0 -36.0920 378.3655 178.3601 170.8906 -8.5966 -177.3347 100.0000 stroke9
movl 0 -25.6880 365.9961 181.7868 163.6636 -13.0043 -170.1030 100.0000 stroke9
movl 0 -18.2933 339.3801 226.1493 143.7979 -9.8422 -151.4164 100.0000 stroke9
movl 0 -48.9841 368.3494 204.3983 147.9206 -7.6432 -138.6967 100.0000 stroke10
movl 0 -40.9261 381.5126 177.2167 149.8116 -9.6211 -139.8509 100.0000 stroke10
movl 0 -39.1659 388.2918 170.5179 153.0181 -10.9065 -142.1097 100.0000 stroke10
movl 0 -38.7788 390.8577 168.4421 152.5999 -11.4065 -140.6378 100.0000 stroke10
movl 0 -42.7714 394.2733 166.9154 154.7088 -11.1819 -140.9435 100.0000 stroke10
movl 0 -45.1183 398.0692 166.7574 158.3356 -12.2440 -144.8440 100.0000 stroke10
movl 0 -45.1261 399.0332 167.9248 160.5953 -13.9743 -147.9601 100.0000 stroke10
movl 0 -44.7466 400.2494 169.6610 163.9818 -16.2497 -152.5633 100.0000 stroke10
movl 0 -44.1623 401.3521 171.4491 168.2470 -18.4839 -158.4815 100.0000 stroke10
movl 0 -44.5926 401.8837 172.8202 172.7934 -19.6024 -163.7874 100.0000 stroke10
movl 0 -46.0438 402.2276 173.1597 176.9065 -19.9084 -167.3182 100.0000 stroke10
movl 0 -47.6746 401.4810 173.1163 179.9536 -19.8907 -169.4557 100.0000 stroke10
movl 0 -49.5683 399.4532 173.1951 -178.7915 -19.4975 -169.9205 100.0000 stroke10
movl 0 -47.9876 397.4410 173.9606 179.9026 -19.7112 -169.6291 100.0000 stroke10
movl 0 -47.6170 396.7468 174.1825 179.5706 -19.5637 -169.4985 100.0000 stroke10
movl 0 -48.3990 396.9249 174.0430 -179.5672 -19.5521 -169.6733 100.0000 stroke10
movl 0 -48.6978 396.6796 173.9913 -179.0547 -19.5575 -169.9356 100.0000 stroke10
movl 0 -47.9696 393.3663 174.9422 178.9789 -19.3852 -169.3585 100.0000 stroke10
movl 0 -46.8205 392.1338 175.3578 178.0542 -19.5584 -168.9057 100.0000 stroke10
movl 0 -46.8233 392.3677 175.3650 178.3379 -19.5839 -169.0177 100.0000 stroke10
movl 0 -48.5915 391.8725 175.3662 178.5504 -19.1273 -168.9133 100.0000 stroke10
movl 0 -45.2874 387.1059 177.0395 174.7438 -19.5456 -167.3103 100.0000 stroke10
movl 0 -38.3977 365.1886 224.2545 155.5293 -16.2299 -152.9746 100.0000 stroke10
movl 0 -40.6501 345.3609 244.5928 150.8819 -5.9987 -140.4582 100.0000 stroke11
movl 0 -43.7703 345.1159 192.5042 155.4235 -6.7076 -143.2884 100.0000 stroke11
movl 0 -49.6851 347.1307 179.8345 158.3360 -6.1432 -143.4637 100.0000 stroke11
movl 0 -48.7824 350.4005 178.6371 159.0259 -7.3321 -142.4267 100.0000 stroke11
movl 0 -50.2887 351.4396 177.2627 159.1075 -7.4724 -141.3040 100.0000 stroke11
movl 0 -55.5237 354.1572 176.3532 161.8943 -6.1375 -143.1224 100.0000 stroke11
movl 0 -57.7387 353.9753 176.7353 162.7361 -5.3443 -144.2940 100.0000 stroke11
movl 0 -59.3357 353.9118 177.1172 163.4441 -4.3689 -145.9048 100.0000 stroke11
movl 0 -59.6021 354.7115 177.3547 164.1524 -3.9049 -147.4853 100.0000 stroke11
movl 0 -59.9105 355.2455 177.6066 164.7483 -3.2927 -148.7896 100.0000 stroke11
movl 0 -59.0533 356.0733 177.8376 165.4678 -2.7458 -150.4272 100.0000 stroke11
movl 0 -56.5790 357.4539 177.8194 166.3212 -1.8885 -152.8647 100.0000 stroke11
movl 0 -52.7285 359.3545 177.5512 167.3938 -0.8801 -155.7538 100.0000 stroke11
movl 0 -50.3242 361.3337 176.9709 168.5464 0.8309 -158.8302 100.0000 stroke11
movl 0 -49.4723 363.9458 175.9198 169.8046 2.3535 -161.8063 100.0000 stroke11
movl 0 -48.9743 363.5560 176.1290 169.7071 2.3132 -162.7515 100.0000 stroke11
movl 0 -43.4420 359.7650 178.3182 167.3622 0.5908 -162.7573 100.0000 stroke11
movl 0 -39.7621 358.7364 179.4007 166.3157 -0.2591 -162.9431 100.0000 stroke11
movl 0 -39.6032 359.5628 179.4857 167.0104 -0.5378 -163.2966 100.0000 stroke11
movl 0 -39.4684 362.8022 179.7753 169.3865 -1.3859 -163.9370 100.0000 stroke11
movl 0 -39.3981 365.2497 179.9086 171.1942 -1.9730 -164.7452 100.0000 stroke11
movl 0 -38.8431 365.8569 180.0649 171.7817 -2.5094 -164.7508 100.0000 stroke11
movl 0 -37.1641 364.1813 180.2944 170.5137 -3.3315 -163.6482 100.0000 stroke11
movl 0 -33.0669 361.9967 180.6189 168.2949 -4.4523 -162.1542 100.0000 stroke11
movl 0 -25.7157 355.6307 182.6865 163.2759 -5.3233 -158.8585 100.0000 stroke11
movl 0 -18.8157 351.5768 216.7392 155.3405 -4.6590 -155.0938 100.0000 stroke11
