movl 0 8.0560 392.2880 204.2703 -159.2677 34.5570 -2.9845 100.0000 stroke1
movl 0 -7.4439 380.5745 181.9665 -159.9936 31.7925 -3.7303 100.0000 stroke1
movl 0 -13.1126 381.2548 172.7326 -162.0498 30.8415 -5.4745 100.0000 stroke1
movl 0 -14.9628 382.2155 169.9131 -166.3896 31.3343 -12.6812 100.0000 stroke1
movl 0 -10.8591 385.1917 167.4322 -178.5225 34.8599 -30.7259 100.0000 stroke1
movl 0 0.7492 389.0967 163.3798 169.2218 38.4653 -45.7836 100.0000 stroke1
movl 0 10.9713 398.7948 158.8725 169.8765 41.1494 -42.8505 100.0000 stroke1
movl 0 16.0802 393.9208 157.1047 -177.4499 46.8984 -30.8972 100.0000 stroke1
movl 0 7.1660 387.3250 162.9063 174.1965 43.4089 -46.4816 100.0000 stroke1
movl 0 -1.7805 389.7417 169.0478 152.6497 24.5040 -86.1674 100.0000 stroke1
movl 0 -6.8853 394.5033 169.1496 149.3538 12.6380 -99.3137 100.0000 stroke1
movl 0 -14.3912 396.4626 169.2150 150.1074 8.1041 -104.7114 100.0000 stroke1
movl 0 -17.0183 395.9621 168.5883 149.3905 3.8676 -111.0496 100.0000 stroke1
movl 0 -19.1326 395.1621 168.1152 149.6388 2.0132 -113.3519 100.0000 stroke1
movl 0 -19.9396 395.0836 167.9770 150.0318 0.6334 -114.6255 100.0000 stroke1
movl 0 -20.6509 395.7407 167.1350 150.2549 0.5012 -114.3694 100.0000 stroke1
movl 0 -21.2233 396.1457 166.5751 150.5637 0.8244 -114.2942 100.0000 stroke1
movl 0 -22.5763 396.8317 166.0771 151.4162 1.1344 -114.5663 100.0000 stroke1
movl 0 -24.1779 396.9259 166.0185 152.3366 1.3505 -114.7288 100.0000 stroke1
movl 0 -25.0855 396.9997 166.2316 153.1256 1.3260 -114.8321 100.0000 stroke1
movl 0 -25.9434 396.5881 166.6120 153.9714 1.3979 -115.1088 100.0000 stroke1
movl 0 -27.5426 395.4621 166.8109 154.2941 2.3065 -115.3348 100.0000 stroke1
movl 0 -27.5038 395.5563 166.6349 154.7097 2.5411 -115.7981 100.0000 stroke1
movl 0 -27.0696 395.4640 166.7286 155.0735 2.7493 -116.5260 100.0000 stroke1
movl 0 -26.3167 395.6347 166.9112 155.3488 2.7844 -117.2314 100.0000 stroke1
movl 0 -25.6185 395.7642 166.9750 155.6007 2.8272 -117.9648 100.0000 stroke1
movl 0 -24.5432 395.8799 167.1680 155.9677 3.0141 -118.9610 100.0000 stroke1
movl 0 -23.4267 396.3114 167.2382 156.4384 3.0375 -120.1700 100.0000 stroke1
movl 0 -22.2462 396.8012 167.3560 156.9214 3.1352 -121.5592 100.0000 stroke1
movl 0 -21.8106 397.2496 167.5032 157.6461 3.3780 -122.9744 100.0000 stroke1
movl 0 -22.0521 396.9105 167.4923 158.2110 3.8019 -124.0708 100.0000 stroke1
movl 0 -21.7346 396.3251 167.6508 157.9975 3.9782 -124.0098 100.0000 stroke1
movl 0 -19.6407 394.9245 168.2172 156.6196 4.0418 -123.3950 100.0000 stroke1
movl 0 -19.1008 394.6388 168.5234 156.1835 4.1318 -123.3259 100.0000 stroke1
movl 0 -19.0841 394.2504 168.6519 156.1116 4.4247 -123.3516 100.0000 stroke1
movl 0 -18.6899 393.7781 168.8933 155.8923 4.6223 -123.3603 100.0000 stroke1
movl 0 -19.0733 394.1023 168.8889 156.3726 4.3330 -123.3232 100.0000 stroke1
movl 0 -19.4150 394.8464 168.9595 157.1691 3.6779 -123.5223 100.0000 stroke1
movl 0 -19.3940 395.5107 168.9504 157.8008 2.9017 -123.8764 100.0000 stroke1
movl 0 -19.2983 395.4575 168.9274 157.6703 2.5714 -123.7385 100.0000 stroke1
movl 0 -19.2924 395.0774 168.8546 157.1098 2.4613 -123.0699 100.0000 stroke1
movl 0 -19.4877 394.3872 169.1073 156.7218 2.7047 -122.6636 100.0000 stroke1
movl 0 -17.1858 391.1100 170.8794 154.4601 3.4493 -121.1691 100.0000 stroke1
movl 0 1.2257 381.8078 184.2252 144.9694 13.5195 -112.7162 100.0000 stroke1
movl 0 16.5844 382.5384 247.9488 140.7439 26.5405 -102.6806 100.0000 stroke1
movl 0 12.1048 424.7872 193.9933 141.7590 10.7199 -96.5068 100.0000 stroke2
movl 0 7.1153 417.2406 167.4690 145.0403 13.8444 -94.9809 100.0000 stroke2
movl 0 -2.6152 414.3757 165.9415 151.5671 16.9723 -91.9021 100.0000 stroke2
movl 0 -0.0141 418.1997 163.2199 151.9982 16.7062 -90.6929 100.0000 stroke2
movl 0 -0.1751 419.3726 161.3457 151.8079 17.0597 -89.6982 100.0000 stroke2
movl 0 -3.0027 423.9876 160.2258 152.8098 14.1415 -90.5890 100.0000 stroke2
movl 0 -4.2069 426.3230 160.3222 153.4143 11.5452 -92.8068 100.0000 stroke2
movl 0 -3.4628 428.6745 160.2519 153.3347 8.5259 -95.9040 100.0000 stroke2
movl 0 -4.2955 429.7505 160.4166 153.0231 6.7759 -96.8838 100.0000 stroke2
movl 0 -3.6870 430.5439 160.4425 152.6321 4.9960 -98.3397 100.0000 stroke2
movl 0 -3.1006 431.0136 160.8569 152.2846 3.1718 -99.9812 100.0000 stroke2
movl 0 -2.9825 431.2084 161.4291 152.2128 1.2146 -101.7663 100.0000 stroke2
movl 0 -3.3858 431.7603 161.9034 152.5628 -0.6734 -103.0246 100.0000 stroke2
movl 0 -3.4014 433.0018 162.3970 152.9085 -2.9567 -104.1865 100.0000 stroke2
movl 0 -3.6801 434.4880 162.9438 153.6790 -5.9648 -106.2339 100.0000 stroke2
movl 0 -4.4468 435.9810 163.5772 154.9259 -8.9241 -108.4541 100.0000 stroke2
movl 0 -5.1317 437.7729 163.9416 156.3515 -11.8532 -110.6738 100.0000 stroke2
movl 0 -6.2115 439.9335 164.1547 158.2830 -14.7060 -113.0065 100.0000 stroke2
movl 0 -7.7380 439.9278 164.7493 159.5858 -15.6800 -114.1853 100.0000 stroke2
movl 0 -6.6325 438.5457 165.5516 159.1572 -15.3433 -114.6070 100.0000 stroke2
movl 0 -7.4676 438.3968 165.7102 159.7136 -15.5020 -114.9115 100.0000 stroke2
movl 0 -8.0831 437.8465 165.7850 159.7940 -15.3703 -114.8328 100.0000 stroke2
movl 0 -8.3696 436.9454 166.0060 159.6118 -15.0003 -114.6700 100.0000 stroke2
movl 0 -6.9575 435.5439 166.1695 158.3393 -13.8914 -114.3367 100.0000 stroke2
movl 0 -6.5029 434.3300 166.3917 157.8102 -13.1810 -114.1275 100.0000 stroke2
movl 0 -6.8364 433.4382 166.8346 157.6750 -12.7843 -114.1151 100.0000 stroke2
movl 0 -6.3669 430.7880 168.0829 156.7919 -11.6356 -113.9816 100.0000 stroke2
movl 0 -1.1366 418.8937 174.7300 151.2254 -5.5811 -111.9038 100.0000 stroke2
movl 0 7.8812 404.5127 204.2859 141.1495 12.3646 -107.5417 100.0000 stroke2
movl 0 5.6918 386.7845 195.0406 140.4017 7.2645 -113.0633 100.0000 stroke3
movl 0 -6.7941 383.3044 174.4892 145.0459 2.0109 -115.5544 100.0000 stroke3
movl 0 -21.5414 381.2279 174.5408 148.5423 1.1522 -117.2560 100.0000 stroke3
movl 0 -37.8941 380.4657 172.7735 151.1582 1.7347 -115.5025 100.0000 stroke3
movl 0 -42.3989 381.0009 170.1112 152.2486 3.0009 -112.0970 100.0000 stroke3
movl 0 -43.0651 382.2244 169.1267 152.5834 2.9132 -109.6295 100.0000 stroke3
movl 0 -44.4101 383.7710 168.4808 153.7046 2.8274 -109.0479 100.0000 stroke3
movl 0 -45.4232 384.5558 168.4410 154.8098 2.6447 -109.4579 100.0000 stroke3
movl 0 -46.0850 385.0850 168.6260 155.8708 2.2711 -109.6179 100.0000 stroke3
movl 0 -47.2221 383.9967 168.8097 156.4138 2.7815 -109.3461 100.0000 stroke3
movl 0 -48.6422 383.0022 169.0018 156.8786 3.6369 -109.8740 100.0000 stroke3
movl 0 -47.1280 383.0918 169.1901 157.1431 3.8782 -110.7347 100.0000 stroke3
movl 0 -45.1053 383.2549 169.3646 157.3056 3.9197 -111.6203 100.0000 stroke3
movl 0 -42.8964 383.5093 169.5604 157.4536 3.9091 -112.5783 100.0000 stroke3
movl 0 -40.5738 383.9189 169.7545 157.5966 3.8661 -113.5414 100.0000 stroke3
movl 0 -37.7980 384.2975 169.9354 157.6650 3.8065 -114.3966 100.0000 stroke3
movl 0 -35.1485 384.9327 170.1248 157.8145 3.6853 -115.3442 100.0000 stroke3
movl 0 -33.2148 385.1665 170.2310 158.1001 3.7352 -116.2484 100.0000 stroke3
movl 0 -30.5470 386.1910 170.3149 158.4678 3.5111 -117.3825 100.0000 stroke3
movl 0 -28.6788 386.3715 170.4778 158.9376 3.5487 -118.5931 100.0000 stroke3
movl 0 -27.2982 386.5837 170.6370 159.4246 3.6123 -119.6201 100.0000 stroke3
movl 0 -25.6944 387.2784 170.8410 160.0754 3.5883 -120.8022 100.0000 stroke3
movl 0 -24.3629 387.8042 171.1368 160.8387 3.6057 -122.2344 100.0000 stroke3
movl 0 -22.9685 388.4130 171.4256 161.4800 3.5477 -123.5095 100.0000 stroke3
movl 0 -21.6463 389.3342 171.6791 162.2688 3.3861 -125.1185 100.0000 stroke3
movl 0 -19.8045 390.5140 171.9382 163.0545 3.1874 -126.8203 100.0000 stroke3
movl 0 -17.8287 391.8756 172.3037 163.9057 2.9103 -128.5094 100.0000 stroke3
movl 0 -16.6929 393.1203 172.6591 164.8885 2.8447 -130.1557 100.0000 stroke3
movl 0 -15.5470 394.7362 172.6657 165.9570 2.7526 -131.8274 100.0000 stroke3
movl 0 -14.9042 396.0534 172.5853 166.7358 2.5514 -132.9008 100.0000 stroke3
movl 0 -15.5604 395.7165 172.7471 166.9455 2.7007 -132.5819 100.0000 stroke3
movl 0 -13.7530 394.3518 173.6019 165.7825 2.5989 -131.9411 100.0000 stroke3
movl 0 -12.2407 393.3507 174.1473 164.8102 2.5354 -131.5297 100.0000 stroke3
movl 0 -9.1324 392.5627 174.6841 163.4347 2.1390 -131.1573 100.0000 stroke3
movl 0 -8.2280 392.0998 175.0746 163.0977 2.2548 -131.3314 100.0000 stroke3
movl 0 -7.4040 392.1401 175.2430 162.9063 2.1748 -131.4249 100.0000 stroke3
movl 0 -6.9829 392.0997 175.3527 162.8166 2.1406 -131.4509 100.0000 stroke3
movl 0 -7.1931 392.8871 175.2701 163.3169 1.7431 -131.5419 100.0000 stroke3
movl 0 -7.1917 394.8375 175.4438 164.4637 0.5770 -131.9029 100.0000 stroke3
movl 0 -7.0946 396.3551 175.6076 165.2187 -0.5401 -132.6081 100.0000 stroke3
movl 0 -6.9460 397.2839 175.7165 165.7331 -1.1538 -133.0468 100.0000 stroke3
movl 0 -5.4417 396.7203 175.5391 164.4595 -1.3151 -132.1255 100.0000 stroke3
movl 0 -3.2979 395.0179 175.9051 162.5082 -1.1339 -130.9692 100.0000 stroke3
movl 0 -4.4087 393.4927 176.3422 162.0147 -0.7215 -130.3899 100.0000 stroke3
movl 0 0.2184 382.2019 179.9393 153.7350 2.5277 -124.8481 100.0000 stroke3
movl 0 6.3275 369.8919 196.3037 143.6021 22.1233 -107.2765 100.0000 stroke3
movl 0 8.1378 422.6423 198.0594 145.8039 8.2655 -93.6153 100.0000 stroke4
movl 0 10.4805 410.9496 177.6759 151.0840 7.4197 -96.9282 100.0000 stroke4
movl 0 5.3048 412.0019 173.7676 154.4595 6.5001 -96.1955 100.0000 stroke4
movl 0 4.5188 413.5287 171.7624 154.8542 6.4879 -94.3679 100.0000 stroke4
movl 0 3.2366 414.4033 170.6720 155.0646 6.6838 -93.0590 100.0000 stroke4
movl 0 1.4339 416.0086 169.6036 155.8048 6.4924 -92.3026 100.0000 stroke4
movl 0 0.2907 418.5772 168.8725 156.9841 4.9779 -92.4902 100.0000 stroke4
movl 0 -0.7636 419.9191 168.6015 157.1058 3.6773 -92.4536 100.0000 stroke4
movl 0 -2.2518 419.2803 168.8312 156.9044 3.6502 -92.0513 100.0000 stroke4
movl 0 -3.0281 418.8996 169.0938 156.8193 3.1339 -92.6385 100.0000 stroke4
movl 0 -3.8322 418.7911 169.2817 156.6995 2.4024 -93.3150 100.0000 stroke4
movl 0 -5.4755 418.3635 169.4994 156.7096 1.6167 -93.9746 100.0000 stroke4
movl 0 -7.2928 417.6464 169.6904 156.6798 0.8809 -94.1269 100.0000 stroke4
movl 0 -9.5567 417.0560 169.7861 156.7367 0.1924 -94.1262 100.0000 stroke4
movl 0 -11.7880 416.1131 169.8784 156.6810 -0.3204 -93.7647 100.0000 stroke4
movl 0 -14.0954 415.1910 169.8940 156.6198 -0.7713 -93.3147 100.0000 stroke4
movl 0 -16.4875 414.3780 169.8940 156.6441 -1.2207 -92.9278 100.0000 stroke4
movl 0 -19.3047 413.1642 169.8779 156.6086 -1.5451 -92.4232 100.0000 stroke4
movl 0 -22.0741 411.8041 170.0283 156.5069 -1.7213 -91.8908 100.0000 stroke4
movl 0 -25.1194 410.5005 170.0990 156.4558 -1.8610 -91.2338 100.0000 stroke4
movl 0 -28.2055 409.4019 170.0800 156.4836 -2.0590 -90.5653 100.0000 stroke4
movl 0 -31.6629 408.4349 170.0005 156.5456 -2.2219 -89.8198 100.0000 stroke4
movl 0 -34.6083 407.1177 170.1667 156.4214 -2.2851 -89.0282 100.0000 stroke4
movl 0 -38.1496 406.1137 170.2261 156.4417 -2.3929 -88.4993 100.0000 stroke4
movl 0 -40.6411 405.6008 170.3394 156.3399 -2.4863 -88.0734 100.0000 stroke4
movl 0 -42.9626 404.9064 170.6438 156.2437 -2.4160 -87.6420 100.0000 stroke4
movl 0 -44.1475 404.7283 171.0382 156.1077 -2.3437 -87.4351 100.0000 stroke4
movl 0 -45.3103 404.5333 171.2524 156.0519 -2.3076 -87.3059 100.0000 stroke4
movl 0 -45.8540 404.5738 171.4991 155.9944 -2.2136 -87.2323 100.0000 stroke4
movl 0 -46.4631 404.6873 171.7184 155.8883 -2.1556 -87.0711 100.0000 stroke4
movl 0 -46.4501 404.4603 172.2468 155.5438 -1.9982 -87.0099 100.0000 stroke4
movl 0 -43.4889 399.5456 180.6865 151.0783 1.0425 -89.0916 100.0000 stroke4
movl 0 -41.4548 393.0415 217.3895 143.9806 14.1703 -87.5838 100.0000 stroke4
movl 0 4.3117 402.0400 218.0803 148.2489 21.9146 -74.8049 100.0000 stroke5
movl 0 4.9397 383.9371 177.9023 152.0620 16.7652 -79.9518 100.0000 stroke5
movl 0 -3.4953 379.1062 172.8135 156.1611 16.1376 -80.9285 100.0000 stroke5
movl 0 -9.4108 379.9078 170.9912 157.5375 16.6385 -79.5411 100.0000 stroke5
movl 0 -14.9864 380.3854 169.9374 158.6288 16.4002 -78.3896 100.0000 stroke5
movl 0 -19.7645 380.9907 168.8951 160.2769 15.3498 -77.6319 100.0000 stroke5
movl 0 -20.4126 383.7671 168.8533 160.2997 12.5150 -78.9744 100.0000 stroke5
movl 0 -21.6919 383.5744 168.9647 160.5998 12.0199 -79.4757 100.0000 stroke5
movl 0 -21.6033 383.7300 168.8705 161.1212 12.4899 -79.5738 100.0000 stroke5
movl 0 -20.5400 384.2120 168.9100 161.1386 12.5077 -80.5995 100.0000 stroke5
movl 0 -17.2451 385.5434 169.1546 160.9505 12.2412 -82.4000 100.0000 stroke5
movl 0 -11.3736 387.3635 169.6926 160.5634 11.9592 -85.0757 100.0000 stroke5
movl 0 -7.4498 388.3297 169.9546 159.8846 11.6332 -86.3591 100.0000 stroke5
movl 0 -7.5268 387.4015 170.3587 159.7460 11.8840 -86.2557 100.0000 stroke5
movl 0 -7.6026 387.1941 170.4212 159.7412 11.8654 -86.2865 100.0000 stroke5
movl 0 -8.6000 386.5790 170.3672 159.4835 11.8057 -85.7189 100.0000 stroke5
movl 0 -8.3705 386.5139 170.4699 159.3646 11.8036 -85.6913 100.0000 stroke5
movl 0 -6.8293 385.5440 171.7326 158.5307 12.3252 -85.8867 100.0000 stroke5
movl 0 -1.7587 382.1661 201.3469 157.3143 17.7888 -86.1756 100.0000 stroke5
movl 0 18.4514 387.4028 206.9915 151.2967 19.7077 -83.3833 100.0000 stroke6
movl 0 13.1784 384.9111 172.4860 153.3443 15.6779 -83.8330 100.0000 stroke6
movl 0 7.8497 384.3299 171.1423 155.2363 14.8067 -84.1756 100.0000 stroke6
movl 0 5.0529 386.1288 169.0783 155.8641 14.0798 -84.4692 100.0000 stroke6
movl 0 3.7594 388.3030 167.9844 156.2530 13.2334 -84.8244 100.0000 stroke6
movl 0 1.9693 391.1096 167.4982 156.8521 11.0358 -85.6954 100.0000 stroke6
movl 0 2.8191 394.6990 166.7070 156.7573 8.2264 -87.3395 100.0000 stroke6
movl 0 4.6789 397.9728 165.8457 155.8985 6.3309 -88.4042 100.0000 stroke6
movl 0 3.6706 398.3423 165.7319 155.7312 5.4557 -88.5156 100.0000 stroke6
movl 0 3.5882 398.2347 165.8913 155.5130 4.7281 -88.8283 100.0000 stroke6
movl 0 2.8174 397.8087 166.1059 155.4219 4.2068 -88.7131 100.0000 stroke6
movl 0 2.0933 397.4827 166.3263 155.3653 3.6804 -88.6255 100.0000 stroke6
movl 0 1.6087 396.9442 166.5236 155.1865 3.5723 -88.1834 100.0000 stroke6
movl 0 0.8796 396.0615 166.7592 155.0955 3.6023 -87.7303 100.0000 stroke6
movl 0 0.5922 395.3283 167.0516 154.9485 3.7536 -87.4422 100.0000 stroke6
movl 0 -0.0849 393.8681 167.4852 154.8236 4.1278 -87.3232 100.0000 stroke6
movl 0 3.8416 386.5903 173.6251 151.0361 7.8087 -87.1275 100.0000 stroke6
movl 0 7.5592 369.5016 224.0338 147.5118 28.0648 -82.3536 100.0000 stroke6
movl 0 11.3759 390.4558 195.5730 147.3191 12.8296 -82.1556 100.0000 stroke7
movl 0 8.9575 379.3522 168.6068 150.5162 12.4765 -83.9200 100.0000 stroke7
movl 0 -1.0180 374.1352 171.4820 154.3457 12.3299 -85.0361 100.0000 stroke7
movl 0 -7.0257 372.2508 171.6708 156.3959 12.3838 -84.7782 100.0000 stroke7
movl 0 -6.9241 373.2212 171.3651 156.9597 11.9413 -85.9898 100.0000 stroke7
movl 0 -9.1399 374.9271 170.3505 157.8143 11.4633 -86.0961 100.0000 stroke7
movl 0 -11.2556 377.9949 169.4989 158.6601 8.7719 -87.0875 100.0000 stroke7
movl 0 -10.7298 379.5588 169.7883 158.5967 6.3933 -89.6616 100.0000 stroke7
movl 0 -10.8943 380.2576 170.2650 158.6821 4.4922 -91.8251 100.0000 stroke7
movl 0 -10.7307 380.7844 170.8259 158.7121 2.4344 -94.0327 100.0000 stroke7
movl 0 -10.6212 381.7533 171.1098 158.8726 0.0539 -95.9546 100.0000 stroke7
movl 0 -11.6059 382.7855 171.2389 159.4458 -2.6136 -97.6355 100.0000 stroke7
movl 0 -13.4065 383.3830 171.3025 160.3043 -4.7690 -98.6182 100.0000 stroke7
movl 0 -15.2435 383.3885 171.1235 160.9765 -6.4085 -99.0357 100.0000 stroke7
movl 0 -17.1754 382.3136 171.1006 161.1752 -6.9894 -98.2208 100.0000 stroke7
movl 0 -19.0787 380.7713 171.0514 161.2246 -7.0225 -97.4003 100.0000 stroke7
movl 0 -20.9753 378.6410 171.2027 160.9494 -6.6823 -96.1932 100.0000 stroke7
movl 0 -19.2714 376.8345 172.1863 160.5592 -5.4682 -96.4187 100.0000 stroke7
movl 0 -18.9187 375.4770 172.4924 160.3308 -5.0796 -96.1460 100.0000 stroke7
movl 0 -18.6069 371.0054 174.1363 159.9515 -2.9481 -95.9954 100.0000 stroke7
movl 0 -20.0930 359.5686 177.1617 160.6155 3.0367 -96.4559 100.0000 stroke7
movl 0 -25.2911 356.6861 176.8770 162.1706 4.2881 -95.9202 100.0000 stroke7
movl 0 -28.8860 356.8898 175.7480 162.9207 3.5781 -94.3801 100.0000 stroke7
movl 0 -30.7888 357.0945 175.0587 162.9117 3.3076 -93.0136 100.0000 stroke7
movl 0 -31.2840 357.1664 174.7025 162.5917 3.4040 -92.0525 100.0000 stroke7
movl 0 -31.6902 357.6326 174.3436 162.3415 3.5195 -91.2862 100.0000 stroke7
movl 0 -31.3608 357.7279 174.2878 161.8887 4.0271 -90.6283 100.0000 stroke7
movl 0 -31.3398 358.7086 174.2765 161.3956 4.0418 -90.3301 100.0000 stroke7
movl 0 -30.9848 359.6115 174.0834 161.0832 4.0778 -90.0504 100.0000 stroke7
movl 0 -31.0637 360.3220 174.0708 160.8609 4.3060 -89.7778 100.0000 stroke7
movl 0 -31.2917 360.8251 174.1255 160.6826 4.6787 -89.3748 100.0000 stroke7
movl 0 -31.3563 361.0135 174.0895 160.4448 5.0605 -89.0795 100.0000 stroke7
movl 0 -31.4735 361.1831 174.0956 160.2165 5.4247 -88.7438 100.0000 stroke7
movl 0 -31.4855 361.2211 174.0093 160.0231 5.9047 -88.2841 100.0000 stroke7
movl 0 -31.2115 361.0560 174.0345 159.8388 6.3079 -87.9751 100.0000 stroke7
movl 0 -31.2436 360.6833 174.0542 159.7218 6.7849 -87.4028 100.0000 stroke7
movl 0 -30.8033 360.2734 174.1407 159.5571 7.2754 -87.0198 100.0000 stroke7
movl 0 -30.4718 359.9372 174.1936 159.4401 7.6646 -86.6359 100.0000 stroke7
movl 0 -30.5621 359.9282 174.3053 159.4728 7.6326 -86.6027 100.0000 stroke7
movl 0 -30.4069 359.9452 174.3429 159.4148 7.6948 -86.5496 100.0000 stroke7
movl 0 -30.2553 359.7523 174.3882 159.3535 7.9517 -86.2684 100.0000 stroke7
movl 0 -29.9176 359.6702 174.4514 159.2679 8.2677 -85.7973 100.0000 stroke7
movl 0 -29.9148 359.9132 174.4373 159.3143 8.3378 -85.5844 100.0000 stroke7
movl 0 -28.8395 358.9343 174.9407 158.8722 9.1804 -85.1978 100.0000 stroke7
movl 0 -18.5219 341.0760 188.9427 157.5903 27.2423 -77.5638 100.0000 stroke7
movl 0 24.6834 371.5616 224.3635 150.3974 34.9626 -77.2813 100.0000 stroke8
movl 0 13.4359 365.0931 174.1719 151.4197 23.5590 -79.1742 100.0000 stroke8
movl 0 -2.1416 355.5343 172.0795 156.0723 22.0794 -79.2110 100.0000 stroke8
movl 0 -12.3508 355.5232 171.0158 158.1308 20.4922 -77.2935 100.0000 stroke8
movl 0 -19.4378 357.1118 169.7656 158.5848 19.1831 -76.2540 100.0000 stroke8
movl 0 -22.1120 359.0726 168.6341 158.3593 18.2034 -75.8366 100.0000 stroke8
movl 0 -22.9374 360.3942 167.6615 158.3436 17.6572 -75.5208 100.0000 stroke8
movl 0 -24.3392 361.1757 167.5447 159.5730 16.8220 -76.1951 100.0000 stroke8
movl 0 -25.9656 361.0604 167.8376 160.6928 16.2022 -76.4829 100.0000 stroke8
movl 0 -26.0839 361.1570 168.2465 161.1428 15.5181 -77.1462 100.0000 stroke8
movl 0 -27.3430 360.6653 168.4720 161.9748 15.5909 -77.5950 100.0000 stroke8
movl 0 -26.2248 360.8707 168.8874 162.2632 15.4304 -78.8016 100.0000 stroke8
movl 0 -24.6185 361.3896 169.1396 162.3972 15.1939 -79.9938 100.0000 stroke8
movl 0 -22.4161 362.1065 169.4471 162.3921 14.8997 -81.1434 100.0000 stroke8
movl 0 -20.4939 362.7444 169.8088 162.6765 14.5669 -82.4801 100.0000 stroke8
movl 0 -18.6213 363.4800 170.1075 163.0068 14.1795 -83.8911 100.0000 stroke8
movl 0 -17.0525 364.4010 170.4125 163.4466 13.5657 -85.4219 100.0000 stroke8
movl 0 -16.2443 365.2650 170.6413 164.3316 12.9528 -87.1894 100.0000 stroke8
movl 0 -15.6563 365.8133 170.8818 165.2518 12.5350 -88.6351 100.0000 stroke8
movl 0 -15.9306 366.4279 170.9979 166.3329 12.0222 -90.1607 100.0000 stroke8
movl 0 -16.5746 367.0692 171.0458 167.4568 11.4523 -91.7361 100.0000 stroke8
movl 0 -15.8994 367.1318 171.0782 167.5220 11.2806 -92.5139 100.0000 stroke8
movl 0 -13.4795 365.1048 171.9334 165.9813 12.3744 -92.2407 100.0000 stroke8
movl 0 -12.2203 364.2454 172.3094 165.4087 13.0431 -92.4843 100.0000 stroke8
movl 0 -11.3432 363.8347 172.5947 165.1402 13.3735 -92.6962 100.0000 stroke8
movl 0 -11.2773 363.5312 172.7064 165.1522 13.4888 -92.6465 100.0000 stroke8
movl 0 -11.3020 363.4360 172.7694 165.2417 13.4363 -92.7266 100.0000 stroke8
movl 0 -11.0088 363.4230 172.7788 165.1708 13.4025 -92.6410 100.0000 stroke8
movl 0 -11.6868 364.1273 172.8402 165.6115 12.6707 -92.9613 100.0000 stroke8
movl 0 -11.9617 364.9370 173.1302 165.8183 11.6875 -93.5911 100.0000 stroke8
movl 0 -12.2938 365.6564 173.3315 166.0444 10.7562 -94.0919 100.0000 stroke8
movl 0 -12.8355 365.8971 173.4782 166.2693 10.0621 -94.5458 100.0000 stroke8
movl 0 -12.8389 365.7325 173.4819 166.1912 9.9255 -94.6396 100.0000 stroke8
movl 0 -12.3081 365.2185 173.3509 165.4670 10.4002 -94.0940 100.0000 stroke8
movl 0 -11.5757 364.6005 173.3387 164.7713 11.1417 -93.5903 100.0000 stroke8
movl 0 -11.8028 363.6789 173.3962 164.4071 12.0879 -93.1079 100.0000 stroke8
movl 0 -11.7148 362.9676 173.7208 164.0639 12.5881 -92.9030 100.0000 stroke8
movl 0 -11.2201 360.7556 174.6638 163.3465 13.4765 -92.2846 100.0000 stroke8
movl 0 -4.7242 352.0689 180.7057 160.2804 16.4588 -91.9852 100.0000 stroke8
movl 0 -4.5623 354.1359 179.9373 160.6140 15.9638 -92.0404 100.0000 stroke8
movl 0 -5.5436 354.1610 179.2249 161.0502 16.1730 -91.9702 100.0000 stroke8
movl 0 0.6806 351.5267 187.8734 159.1513 18.5972 -92.9824 100.0000 stroke8
