movl 0 -29.4194 405.5611 177.0734 159.9124 20.9112 -75.4582 100.0000 stroke1
movl 0 -30.8641 408.0758 174.5960 160.1501 19.5828 -74.7448 100.0000 stroke1
movl 0 -33.7330 408.6609 173.8943 160.9668 19.0122 -74.1774 100.0000 stroke1
movl 0 -34.2780 410.0454 173.3489 161.3060 18.2660 -74.1426 100.0000 stroke1
movl 0 -35.9311 412.0124 172.4563 162.1382 16.6662 -73.6829 100.0000 stroke1
movl 0 -36.2435 414.1071 171.7109 162.3757 15.2069 -73.8905 100.0000 stroke1
movl 0 -36.7636 416.1270 170.6960 162.4611 13.6311 -74.4741 100.0000 stroke1
movl 0 -35.0650 417.9235 170.0534 161.9228 12.4340 -75.7040 100.0000 stroke1
movl 0 -34.9648 418.8314 169.5387 161.2607 11.9691 -75.7412 100.0000 stroke1
movl 0 -35.8615 418.8904 169.5110 161.1158 11.8925 -75.6734 100.0000 stroke1
movl 0 -32.8509 420.5561 168.7867 160.7353 11.2534 -77.0750 100.0000 stroke1
movl 0 -34.9878 420.1690 168.9839 160.6006 10.6786 -76.9099 100.0000 stroke1
movl 0 -34.9958 420.1964 168.9879 160.4009 10.3494 -77.3509 100.0000 stroke1
movl 0 -35.7796 420.1441 169.1818 160.2410 9.8757 -77.4448 100.0000 stroke1
movl 0 -36.5099 419.9386 169.3957 160.1235 9.4355 -77.5285 100.0000 stroke1
movl 0 -36.7781 419.9051 169.6298 159.9455 8.9592 -77.7620 100.0000 stroke1
movl 0 -37.2449 419.4895 169.9730 159.7965 8.7154 -77.8823 100.0000 stroke1
movl 0 -38.0898 419.2339 170.3286 159.7586 8.3011 -78.0792 100.0000 stroke1
movl 0 -38.5863 419.0774 170.6080 159.6307 7.9033 -78.2304 100.0000 stroke1
movl 0 -39.0017 418.7166 171.0224 159.5261 7.6120 -78.3684 100.0000 stroke1
movl 0 -39.6927 418.4705 171.3423 159.4183 7.1780 -78.4496 100.0000 stroke1
movl 0 -40.5653 418.0002 171.7804 159.3487 6.7481 -78.5301 100.0000 stroke1
movl 0 -41.6229 417.7126 172.0725 159.2364 6.2618 -78.6204 100.0000 stroke1
movl 0 -42.2784 417.4576 172.3798 159.0466 5.7628 -78.8226 100.0000 stroke1
movl 0 -43.2285 417.3219 172.4920 158.9404 5.2795 -78.7807 100.0000 stroke1
movl 0 -44.0039 416.9871 172.6840 158.8249 4.9192 -78.7541 100.0000 stroke1
movl 0 -45.2037 416.4988 172.8843 158.7653 4.6723 -78.4357 100.0000 stroke1
movl 0 -46.4443 416.3272 172.9275 158.6890 4.3233 -78.0816 100.0000 stroke1
movl 0 -47.5500 415.9071 173.1604 158.6019 4.1206 -77.7758 100.0000 stroke1
movl 0 -48.7427 415.6880 173.1867 158.4645 3.8330 -77.4309 100.0000 stroke1
movl 0 -49.5576 415.3128 173.3408 158.3511 3.6382 -77.2344 100.0000 stroke1
movl 0 -50.6090 414.9960 173.4328 158.3551 3.4544 -76.9666 100.0000 stroke1
movl 0 -52.0410 414.5437 173.4851 158.2771 3.3878 -76.4252 100.0000 stroke1
movl 0 -53.9767 413.6921 173.6678 158.2611 3.4579 -75.7569 100.0000 stroke1
movl 0 -55.3518 413.0293 174.0164 158.1661 3.5604 -75.4299 100.0000 stroke1
movl 0 -56.7934 412.2394 174.4754 158.1174 3.7038 -75.0957 100.0000 stroke1
movl 0 -57.8821 411.6211 174.9375 158.0294 3.8422 -74.8659 100.0000 stroke1
movl 0 -58.9355 411.1745 175.3102 157.9282 3.9589 -74.6443 100.0000 stroke1
movl 0 -59.7860 410.7548 175.7223 157.8407 4.1317 -74.5091 100.0000 stroke1
movl 0 -60.4131 410.3744 176.1064 157.7243 4.3154 -74.3555 100.0000 stroke1
movl 0 -58.8437 408.7459 177.9873 156.9080 5.4357 -74.5654 100.0000 stroke1
movl 0 -49.7581 402.1809 187.1393 153.9737 10.7339 -77.6969 100.0000 stroke1
movl 0 -46.2882 393.3064 207.4423 153.3524 20.2812 -76.1559 100.0000 stroke1
movl 0 -37.8242 398.9896 249.8395 -167.3325 36.7758 -14.7230 100.0000 stroke2
movl 0 -36.5799 389.7958 203.7196 -177.2660 33.7703 -22.8944 100.0000 stroke2
movl 0 -39.7380 380.1187 186.3857 -176.2457 29.7610 -24.6830 100.0000 stroke2
movl 0 -40.1520 379.2095 182.0454 -177.1551 27.7068 -25.3344 100.0000 stroke2
movl 0 -42.5747 379.7729 178.7377 -177.2014 25.3184 -25.3345 100.0000 stroke2
movl 0 -40.9256 382.3253 176.8241 -177.8423 25.0999 -25.5034 100.0000 stroke2
movl 0 -42.3678 384.1083 175.2184 -178.0278 24.7917 -25.7352 100.0000 stroke2
movl 0 -44.4203 386.4511 173.7924 -178.9116 23.6861 -26.3331 100.0000 stroke2
movl 0 -45.4872 387.9236 173.1522 -179.8452 22.4294 -27.3078 100.0000 stroke2
movl 0 -46.4599 388.9845 172.9818 178.6924 21.6048 -29.5099 100.0000 stroke2
movl 0 -47.2187 389.5002 172.9605 177.5881 20.7405 -31.6576 100.0000 stroke2
movl 0 -47.7487 390.2606 172.8368 175.9302 20.0577 -35.4441 100.0000 stroke2
movl 0 -49.0038 390.4285 172.9235 175.2645 19.4355 -37.1132 100.0000 stroke2
movl 0 -49.3611 390.8902 172.7849 174.6817 18.9805 -38.2559 100.0000 stroke2
movl 0 -49.6914 391.0711 172.8571 173.9343 18.4775 -39.8687 100.0000 stroke2
movl 0 -49.7660 390.9400 173.2810 173.0415 17.9646 -41.5638 100.0000 stroke2
movl 0 -50.0422 391.0502 173.7520 172.1486 17.2704 -43.0386 100.0000 stroke2
movl 0 -50.4080 391.3149 174.0927 171.0039 16.2735 -45.5691 100.0000 stroke2
movl 0 -50.8686 391.2942 174.5231 170.2786 15.4593 -47.0827 100.0000 stroke2
movl 0 -51.5614 391.4255 174.8546 169.6551 14.5137 -48.4164 100.0000 stroke2
movl 0 -52.2440 391.7495 175.1305 168.9850 13.4401 -49.7775 100.0000 stroke2
movl 0 -53.1662 391.9301 175.3952 168.5175 12.3904 -50.2757 100.0000 stroke2
movl 0 -53.9210 392.1723 175.5566 167.9782 11.3900 -51.3204 100.0000 stroke2
movl 0 -54.6473 392.6088 175.6091 167.3339 10.2226 -52.4100 100.0000 stroke2
movl 0 -55.1717 392.9443 175.5791 166.8518 9.2487 -53.3560 100.0000 stroke2
movl 0 -55.9012 393.3499 175.4292 166.2577 8.1373 -54.4160 100.0000 stroke2
movl 0 -56.8679 393.9117 175.2268 165.6951 6.7906 -55.8609 100.0000 stroke2
movl 0 -58.0004 393.8009 175.2968 165.3529 5.7511 -56.8341 100.0000 stroke2
movl 0 -59.1620 393.8907 175.3414 165.0378 4.7158 -57.5753 100.0000 stroke2
movl 0 -60.0850 394.2591 175.2134 164.6605 3.5452 -58.5278 100.0000 stroke2
movl 0 -61.1642 394.4875 175.0025 164.4211 2.5100 -59.1654 100.0000 stroke2
movl 0 -61.8789 394.5778 174.9075 164.1106 1.5243 -59.9816 100.0000 stroke2
movl 0 -63.0324 394.7321 174.5304 163.8729 0.5239 -60.4725 100.0000 stroke2
movl 0 -64.0191 395.0679 174.0536 163.4981 -0.3457 -60.5471 100.0000 stroke2
movl 0 -64.9604 395.0301 173.8517 163.1149 -1.0145 -60.3739 100.0000 stroke2
movl 0 -65.6119 394.2328 174.1007 162.9515 -0.9086 -59.9139 100.0000 stroke2
movl 0 -62.1245 393.7594 175.5676 163.2209 -0.0353 -61.0919 100.0000 stroke2
movl 0 -61.2419 393.3974 175.7475 163.2659 0.0054 -61.5496 100.0000 stroke2
movl 0 -61.4933 393.2838 175.8810 163.1763 -0.3448 -61.8538 100.0000 stroke2
movl 0 -61.2372 392.8881 176.0606 162.9699 -0.7114 -62.0428 100.0000 stroke2
movl 0 -61.3610 391.7289 176.6304 162.9880 -0.7812 -62.5463 100.0000 stroke2
movl 0 -58.4860 389.3281 178.5700 163.5173 1.6454 -63.2122 100.0000 stroke2
movl 0 -58.2186 389.6607 178.2493 163.4146 1.1328 -63.5127 100.0000 stroke2
movl 0 -60.2855 388.8698 178.3837 163.4504 0.4228 -63.2754 100.0000 stroke2
movl 0 -59.2408 389.0918 178.4580 163.3961 0.7026 -63.9780 100.0000 stroke2
movl 0 -59.3593 388.9640 178.6920 163.4817 0.9281 -64.5798 100.0000 stroke2
movl 0 -59.3834 388.5808 178.8236 163.6912 1.0613 -65.2513 100.0000 stroke2
movl 0 -59.0070 387.4715 180.0365 163.9140 1.7640 -65.9283 100.0000 stroke2
movl 0 -56.7465 386.2204 186.1061 163.8630 3.5549 -66.7535 100.0000 stroke2
movl 0 -53.8248 386.2038 206.2040 163.9118 6.9814 -67.2988 100.0000 stroke2
movl 0 -20.5824 412.1341 247.0034 168.1832 24.8157 -60.2310 100.0000 stroke3
movl 0 -19.3426 407.4544 211.3433 167.9140 22.7891 -63.4178 100.0000 stroke3
movl 0 -18.1278 406.8461 191.5398 168.3576 21.3778 -63.8075 100.0000 stroke3
movl 0 -18.9803 407.6846 184.9704 168.4469 21.4131 -62.8488 100.0000 stroke3
movl 0 -21.6943 409.5662 180.0871 168.7223 21.1197 -61.1687 100.0000 stroke3
movl 0 -22.7573 410.3481 178.4679 169.3761 21.3531 -59.6365 100.0000 stroke3
movl 0 -23.1425 412.0718 177.2965 169.3418 20.7752 -59.2428 100.0000 stroke3
movl 0 -25.5783 414.3898 176.1883 169.5005 18.0602 -59.5097 100.0000 stroke3
movl 0 -26.7801 416.1836 175.1426 169.7537 16.7194 -59.9558 100.0000 stroke3
movl 0 -26.6593 417.9820 174.1640 169.6225 15.5135 -60.8797 100.0000 stroke3
movl 0 -28.3646 418.5446 173.8159 169.2650 14.7016 -61.1183 100.0000 stroke3
movl 0 -28.9555 418.7664 173.9134 168.7320 14.1891 -61.3491 100.0000 stroke3
movl 0 -29.6119 418.6390 174.1072 168.2705 13.6260 -61.5211 100.0000 stroke3
movl 0 -30.3814 418.6296 174.4729 167.9397 13.0517 -60.7902 100.0000 stroke3
movl 0 -31.2782 418.0762 175.0781 167.5722 12.5639 -60.7744 100.0000 stroke3
movl 0 -32.6005 417.6407 175.5770 167.2109 11.9249 -60.7890 100.0000 stroke3
movl 0 -33.8415 417.1131 175.9451 166.9448 11.4432 -60.6906 100.0000 stroke3
movl 0 -35.2921 416.1023 176.4737 166.6775 11.0829 -60.5656 100.0000 stroke3
movl 0 -37.0023 415.3773 176.8013 166.4285 10.5958 -60.4939 100.0000 stroke3
movl 0 -38.9322 414.1671 177.2530 166.3183 10.3147 -60.2323 100.0000 stroke3
movl 0 -41.1059 412.5164 178.1050 166.2641 10.2807 -59.9401 100.0000 stroke3
movl 0 -42.6214 411.0954 179.0401 166.2010 10.3680 -59.7709 100.0000 stroke3
movl 0 -43.7670 409.8278 179.9412 166.1564 10.5045 -59.6255 100.0000 stroke3
movl 0 -44.8686 408.9244 180.6138 166.1884 10.5434 -59.5105 100.0000 stroke3
movl 0 -45.8292 407.4214 182.1060 166.2948 10.8982 -59.5722 100.0000 stroke3
movl 0 -46.5538 402.4492 191.4146 165.9781 12.8047 -61.0788 100.0000 stroke3
movl 0 -53.9148 392.8734 227.8725 166.1898 16.7754 -62.5321 100.0000 stroke3
movl 0 1.6398 405.2851 213.6674 162.6271 21.4635 -70.2564 100.0000 stroke4
movl 0 -0.4591 396.6347 193.8928 164.6297 22.5025 -69.0539 100.0000 stroke4
movl 0 -10.2434 393.1194 187.4312 169.3650 23.0612 -63.7799 100.0000 stroke4
movl 0 -16.5824 394.9337 181.8658 171.6743 22.2219 -60.5439 100.0000 stroke4
movl 0 -19.6907 395.5253 180.0881 173.5030 22.3033 -58.6539 100.0000 stroke4
movl 0 -21.3211 396.0750 179.1781 174.2882 21.7404 -58.0103 100.0000 stroke4
movl 0 -23.3775 396.6483 178.6859 174.9867 20.5447 -58.2411 100.0000 stroke4
movl 0 -28.7129 397.1566 178.0022 176.8744 18.6612 -57.7855 100.0000 stroke4
movl 0 -34.1668 396.9263 177.7688 178.9368 16.9348 -59.1304 100.0000 stroke4
movl 0 -38.6008 397.9447 176.9355 -179.6464 15.2422 -60.7942 100.0000 stroke4
movl 0 -42.4926 398.0138 176.6364 -178.1905 14.2640 -62.2723 100.0000 stroke4
movl 0 -44.3482 399.1445 175.9125 -177.0742 13.1823 -64.3022 100.0000 stroke4
movl 0 -44.8765 398.8971 176.2722 -177.0544 13.2025 -64.7926 100.0000 stroke4
movl 0 -42.2514 397.2887 177.8624 -177.5004 14.6860 -65.2921 100.0000 stroke4
movl 0 -40.3879 397.0744 178.2464 -177.5502 14.9887 -65.6991 100.0000 stroke4
movl 0 -40.2052 396.9298 178.4980 -177.7471 14.9539 -65.6125 100.0000 stroke4
movl 0 -39.7261 397.9661 178.2769 -178.7927 13.7022 -65.3687 100.0000 stroke4
movl 0 -38.7683 398.0867 178.4350 -179.7142 12.8881 -65.3346 100.0000 stroke4
movl 0 -37.6387 397.3008 178.6201 179.7087 13.2803 -64.7728 100.0000 stroke4
movl 0 -36.4008 396.8338 179.0463 178.7268 14.4012 -63.6982 100.0000 stroke4
movl 0 -36.3612 396.7405 179.2902 178.3072 14.8033 -63.2332 100.0000 stroke4
movl 0 -35.9073 395.8613 180.0554 177.9212 15.3520 -63.0337 100.0000 stroke4
movl 0 -35.9609 393.1711 183.1999 177.7095 16.6669 -62.6367 100.0000 stroke4
movl 0 -38.0700 389.3630 195.6077 178.2309 19.4637 -61.4596 100.0000 stroke4
movl 0 -44.9320 383.9597 241.4214 178.0315 24.0299 -61.1798 100.0000 stroke4
movl 0 2.4624 405.4788 201.6393 158.0966 19.4589 -65.2085 100.0000 stroke5
movl 0 4.5327 403.8064 182.7954 158.3726 19.0021 -65.1515 100.0000 stroke5
movl 0 3.5573 406.1934 177.3239 158.6049 17.8919 -65.0626 100.0000 stroke5
movl 0 2.6703 408.0392 174.6011 158.9377 17.7119 -64.9787 100.0000 stroke5
movl 0 1.6653 409.6375 172.6927 159.0230 17.6875 -64.7871 100.0000 stroke5
movl 0 0.9215 410.6881 171.8818 159.1504 17.5665 -64.8777 100.0000 stroke5
movl 0 -2.5575 414.2686 169.9277 159.7288 14.8811 -65.4095 100.0000 stroke5
movl 0 -3.8769 416.4140 169.6299 160.2672 12.7500 -66.2196 100.0000 stroke5
movl 0 -4.1677 417.6645 169.0754 159.8149 12.1279 -66.3834 100.0000 stroke5
movl 0 -5.1387 418.3784 168.7900 159.1179 11.2135 -66.5442 100.0000 stroke5
movl 0 -6.2353 418.7787 168.8297 158.7009 10.3594 -66.7233 100.0000 stroke5
movl 0 -7.4994 418.8863 168.8481 158.3566 9.4486 -66.9764 100.0000 stroke5
movl 0 -8.9037 418.4572 169.2250 158.1999 8.9905 -66.8389 100.0000 stroke5
movl 0 -10.0386 418.1551 169.5373 157.9513 8.4984 -66.2106 100.0000 stroke5
movl 0 -10.8182 417.7457 169.7418 157.6690 8.3400 -65.1952 100.0000 stroke5
movl 0 -12.0271 417.3171 169.9008 157.5008 7.8948 -65.0324 100.0000 stroke5
movl 0 -13.1658 416.7836 170.1342 157.3552 7.5993 -64.7784 100.0000 stroke5
movl 0 -14.4963 416.4036 170.2663 157.2696 7.2623 -64.5922 100.0000 stroke5
movl 0 -15.6570 415.9694 170.4494 157.1572 6.9440 -64.3905 100.0000 stroke5
movl 0 -16.9990 415.2327 170.8111 157.1496 6.7386 -64.1429 100.0000 stroke5
movl 0 -18.5959 414.4840 171.1005 157.0970 6.6800 -63.4696 100.0000 stroke5
movl 0 -20.3902 413.8726 171.3618 157.1339 6.5243 -62.9878 100.0000 stroke5
movl 0 -21.7034 413.2500 171.7240 157.1337 6.5031 -62.4985 100.0000 stroke5
movl 0 -23.1863 412.1916 172.3715 157.1974 6.6249 -62.2050 100.0000 stroke5
movl 0 -24.5269 411.4222 172.8231 157.2094 6.6907 -61.9172 100.0000 stroke5
movl 0 -25.9011 410.6621 173.2736 157.2376 6.7990 -61.6994 100.0000 stroke5
movl 0 -26.6416 410.2158 173.6457 157.1750 6.9550 -61.6261 100.0000 stroke5
movl 0 -27.2236 409.8386 173.9804 157.2112 7.0729 -61.5864 100.0000 stroke5
movl 0 -28.1375 409.4431 174.4611 157.2509 7.1496 -61.5671 100.0000 stroke5
movl 0 -28.4705 409.0708 174.9015 157.2428 7.3412 -61.4906 100.0000 stroke5
movl 0 -28.3512 408.3286 175.9621 156.9816 7.8518 -61.5738 100.0000 stroke5
movl 0 -26.4835 403.3862 187.5262 156.1462 11.5431 -64.2823 100.0000 stroke5
movl 0 -31.6120 397.1849 232.4557 156.5819 18.9784 -66.7698 100.0000 stroke5
movl 0 -14.8086 391.8392 211.7583 171.7872 24.8543 -50.0629 100.0000 stroke6
movl 0 -7.6461 385.7742 197.3623 172.3746 26.6750 -50.1646 100.0000 stroke6
movl 0 -8.1429 383.7126 191.3595 173.1069 27.0667 -49.9986 100.0000 stroke6
movl 0 -13.6435 382.6612 189.8732 173.3602 25.3595 -51.3429 100.0000 stroke6
movl 0 -19.9318 381.9108 189.4470 172.7621 22.4133 -54.9523 100.0000 stroke6
movl 0 -25.0310 380.0694 189.4647 174.9330 20.8571 -52.4425 100.0000 stroke6
movl 0 -29.7266 381.6659 187.3467 177.0211 18.5540 -49.3596 100.0000 stroke6
movl 0 -35.3663 382.7858 185.3444 179.7208 16.8571 -46.4648 100.0000 stroke6
movl 0 -36.9821 384.4194 184.1295 -179.7070 16.3472 -46.1926 100.0000 stroke6
movl 0 -38.3328 386.1274 183.2551 -179.9425 15.3727 -46.2240 100.0000 stroke6
movl 0 -41.1211 387.6125 182.4275 -179.8797 13.7192 -48.0146 100.0000 stroke6
movl 0 -42.3557 388.6439 182.0518 -179.8186 12.7369 -49.6762 100.0000 stroke6
movl 0 -42.9097 389.6407 181.7853 179.9031 11.8147 -50.8696 100.0000 stroke6
movl 0 -43.0664 390.1085 181.8688 179.7467 11.0927 -52.0117 100.0000 stroke6
movl 0 -43.8132 390.9689 181.9544 179.4883 9.7954 -53.6737 100.0000 stroke6
movl 0 -45.0570 392.2845 181.9025 179.2813 8.2811 -56.4857 100.0000 stroke6
movl 0 -47.0936 393.7894 181.6594 179.5081 6.1962 -58.6772 100.0000 stroke6
movl 0 -49.2790 395.4233 181.3209 179.8958 4.3097 -61.7549 100.0000 stroke6
movl 0 -51.2946 397.3028 180.7824 -179.5092 2.3481 -65.3196 100.0000 stroke6
movl 0 -53.6982 398.8608 180.0864 -178.5239 0.7582 -69.3089 100.0000 stroke6
movl 0 -55.3377 400.6394 179.2845 -177.6856 -0.5804 -73.7583 100.0000 stroke6
movl 0 -56.4833 401.9967 178.6196 -176.7580 -1.5206 -77.3163 100.0000 stroke6
movl 0 -57.0202 403.4244 177.6673 -176.0399 -2.2763 -80.3439 100.0000 stroke6
movl 0 -57.5480 404.0884 177.3184 -175.5648 -2.7071 -82.6434 100.0000 stroke6
movl 0 -58.0635 404.4418 176.9938 -175.2080 -3.1704 -84.5183 100.0000 stroke6
movl 0 -58.5615 404.3223 177.0913 -175.0487 -2.9902 -86.8839 100.0000 stroke6
movl 0 -58.1228 405.2192 177.0821 -174.7271 -2.4916 -90.4972 100.0000 stroke6
movl 0 -56.1127 406.0079 177.0336 -174.8375 -2.2437 -91.8886 100.0000 stroke6
movl 0 -56.8217 404.0086 177.5645 -175.0962 -2.2513 -91.8836 100.0000 stroke6
movl 0 -54.7652 405.0450 177.6301 -175.2656 -2.1912 -92.7993 100.0000 stroke6
movl 0 -52.4882 405.7762 177.5189 -175.4062 -2.4324 -93.0885 100.0000 stroke6
movl 0 -51.3948 405.5869 177.9788 -175.5018 -2.5943 -93.2945 100.0000 stroke6
movl 0 -49.0676 406.7459 178.0608 -175.6495 -2.7059 -93.9257 100.0000 stroke6
movl 0 -46.9404 406.8644 178.3846 -175.9110 -2.9136 -94.2198 100.0000 stroke6
movl 0 -45.5141 406.8003 178.8771 -175.9817 -3.0902 -94.4756 100.0000 stroke6
movl 0 -43.3265 407.2750 179.1365 -176.1301 -3.1669 -94.8681 100.0000 stroke6
movl 0 -40.6896 407.5205 179.4956 -176.3805 -3.2965 -95.2169 100.0000 stroke6
movl 0 -38.8051 407.1697 180.1664 -176.7147 -3.2780 -95.3618 100.0000 stroke6
movl 0 -36.8196 406.9505 180.8805 -176.9658 -3.1920 -95.5670 100.0000 stroke6
movl 0 -34.9806 406.6451 181.4833 -177.1649 -3.1116 -95.7320 100.0000 stroke6
movl 0 -34.2382 406.0744 182.0365 -177.3451 -3.1868 -95.9680 100.0000 stroke6
movl 0 -32.7727 405.9937 182.4509 -177.5975 -3.1425 -96.1024 100.0000 stroke6
movl 0 -31.4869 405.6517 183.0633 -177.8845 -2.9141 -96.0799 100.0000 stroke6
movl 0 -30.1071 404.8855 184.1203 -178.3110 -2.6616 -96.1934 100.0000 stroke6
movl 0 -27.2619 404.1085 185.4126 -179.0180 -2.3376 -96.0878 100.0000 stroke6
movl 0 -22.7138 402.5067 187.6913 179.1540 -1.7927 -95.6322 100.0000 stroke6
movl 0 -7.1270 389.6128 198.4484 168.4939 6.9072 -88.7486 100.0000 stroke6
movl 0 5.2107 384.6122 233.9695 157.9589 19.7193 -82.9960 100.0000 stroke6
movl 0 8.3399 407.6872 226.3288 153.1808 31.3301 -56.2477 100.0000 stroke7
movl 0 11.4329 397.7936 185.7610 158.4745 35.0662 -47.5722 100.0000 stroke7
movl 0 6.4089 391.9174 178.7921 160.3898 31.0267 -47.6834 100.0000 stroke7
movl 0 -3.6111 393.2523 175.5955 159.2876 24.1669 -50.9559 100.0000 stroke7
movl 0 -14.0167 385.4093 176.4087 165.5910 25.0406 -47.1528 100.0000 stroke7
movl 0 -20.2952 383.2822 177.8814 168.2167 21.7659 -45.7192 100.0000 stroke7
movl 0 -21.9985 383.2753 177.9556 170.1063 20.8813 -44.5350 100.0000 stroke7
movl 0 -22.6035 383.7233 177.9561 170.8489 20.1839 -44.0171 100.0000 stroke7
movl 0 -24.5095 383.8203 177.5268 171.4251 19.9282 -43.7387 100.0000 stroke7
movl 0 -27.9694 386.2540 176.7062 171.3821 17.5592 -43.9181 100.0000 stroke7
movl 0 -28.6734 387.4696 176.8007 170.8112 15.9425 -45.8442 100.0000 stroke7
movl 0 -30.1297 387.7541 177.1917 170.4290 14.7323 -46.7439 100.0000 stroke7
movl 0 -31.2512 388.7223 177.9616 169.3552 12.8525 -47.9194 100.0000 stroke7
movl 0 -32.5457 389.6829 178.1552 168.5557 10.9742 -49.2070 100.0000 stroke7
movl 0 -33.9564 390.7465 177.9884 167.7162 9.0788 -50.6191 100.0000 stroke7
movl 0 -34.8580 391.8907 177.8573 166.7005 7.0564 -52.2670 100.0000 stroke7
movl 0 -36.0654 393.1423 177.6705 165.6761 5.0901 -53.2399 100.0000 stroke7
movl 0 -34.6925 390.3918 179.1212 166.4535 6.8018 -53.2756 100.0000 stroke7
movl 0 -35.2454 389.8698 179.2933 166.3356 6.2852 -52.8862 100.0000 stroke7
movl 0 -35.6218 388.8300 179.7189 166.9877 6.8980 -52.6441 100.0000 stroke7
movl 0 -35.1001 387.1821 180.5908 167.1776 7.4209 -52.5035 100.0000 stroke7
movl 0 -35.8152 387.0587 180.4265 167.1275 6.8874 -52.5806 100.0000 stroke7
movl 0 -35.6875 386.0939 180.7323 167.4026 7.5706 -52.4694 100.0000 stroke7
movl 0 -36.3946 385.0987 181.3068 168.0430 8.2499 -52.4292 100.0000 stroke7
movl 0 -37.1859 381.3265 190.6002 169.1938 11.7098 -54.7502 100.0000 stroke7
movl 0 -41.7288 374.5419 245.0271 172.6775 19.9951 -58.1453 100.0000 stroke7
movl 0 -17.0053 365.4242 232.5880 -170.3083 28.9201 -17.8249 100.0000 stroke8
movl 0 -20.3744 357.1205 192.9721 -171.9407 25.5921 -21.1392 100.0000 stroke8
movl 0 -24.6090 356.9494 184.9111 -173.2902 23.6531 -21.4423 100.0000 stroke8
movl 0 -29.2014 357.7427 182.3426 -172.9606 21.6327 -20.5621 100.0000 stroke8
movl 0 -32.0346 359.0838 180.9567 -172.2991 20.4928 -18.8366 100.0000 stroke8
movl 0 -33.1784 360.3502 179.9726 -172.6345 20.1695 -19.0141 100.0000 stroke8
movl 0 -35.3659 361.6296 179.1250 -173.7168 18.9322 -21.4050 100.0000 stroke8
movl 0 -39.7685 361.0376 179.3725 -173.1326 17.4780 -22.0877 100.0000 stroke8
movl 0 -42.1986 361.0057 179.1479 -172.7423 16.4027 -22.4143 100.0000 stroke8
movl 0 -43.4158 361.1828 179.0329 -172.5636 16.0072 -22.8273 100.0000 stroke8
movl 0 -41.8418 362.5762 178.8697 -172.8512 15.8064 -23.5937 100.0000 stroke8
movl 0 -39.4112 364.3310 178.5868 -173.1834 15.4213 -24.6219 100.0000 stroke8
movl 0 -37.4048 365.8741 178.5254 -173.3716 15.0440 -25.6116 100.0000 stroke8
movl 0 -35.1528 367.0270 178.5379 -173.4603 14.6872 -26.6479 100.0000 stroke8
movl 0 -32.6221 368.3141 178.4838 -173.4496 14.4570 -26.9160 100.0000 stroke8
movl 0 -31.2145 368.6230 178.7242 -173.6182 14.5970 -27.2715 100.0000 stroke8
movl 0 -29.4981 367.5725 179.8899 -173.9760 15.6722 -28.2921 100.0000 stroke8
movl 0 -28.4151 367.6981 180.1575 -174.2192 15.9248 -28.5680 100.0000 stroke8
movl 0 -28.7261 368.6447 179.8098 -174.7432 15.4079 -28.4424 100.0000 stroke8
movl 0 -28.4393 369.5877 179.4563 -175.3060 15.0695 -28.7826 100.0000 stroke8
movl 0 -27.6111 369.9224 179.5708 -176.3104 15.5043 -29.8712 100.0000 stroke8
movl 0 -27.2454 369.9565 179.7137 -176.4600 15.7426 -29.9325 100.0000 stroke8
movl 0 -27.1723 370.0755 179.8083 -176.5536 15.7993 -30.0701 100.0000 stroke8
movl 0 -27.3038 370.0776 179.9474 -176.6123 15.8090 -30.2386 100.0000 stroke8
movl 0 -27.1943 369.7572 180.4676 -176.6113 16.0433 -30.3460 100.0000 stroke8
movl 0 -25.1539 365.0308 189.6377 -174.9264 18.2871 -29.4279 100.0000 stroke8
movl 0 -19.8484 352.7194 236.1247 -173.4522 25.3771 -30.2842 100.0000 stroke8
movl 0 16.8473 377.4137 236.0127 164.8983 29.2847 -52.9711 100.0000 stroke9
movl 0 15.2147 380.2744 190.9460 163.3351 23.2442 -56.5236 100.0000 stroke9
movl 0 15.0135 382.6078 176.7669 162.2980 21.2117 -57.5136 100.0000 stroke9
movl 0 14.1330 384.8919 173.6289 162.6054 20.3406 -58.0934 100.0000 stroke9
movl 0 11.7971 385.3152 172.2887 162.8093 19.3774 -58.3285 100.0000 stroke9
movl 0 10.2401 386.5209 171.1198 163.0656 18.5617 -58.2163 100.0000 stroke9
movl 0 8.3878 388.7744 170.1658 163.1997 16.0164 -59.1675 100.0000 stroke9
movl 0 7.3592 390.7232 169.5285 162.9114 14.4473 -59.8425 100.0000 stroke9
movl 0 6.0209 391.9888 169.0513 162.2460 13.5197 -59.9327 100.0000 stroke9
movl 0 5.3602 392.5893 168.9217 161.5007 12.6267 -60.2703 100.0000 stroke9
movl 0 4.7079 393.4333 169.2537 160.1405 11.1098 -60.6500 100.0000 stroke9
movl 0 3.4392 394.3642 169.2636 159.3259 9.3839 -60.3019 100.0000 stroke9
movl 0 2.1651 395.5957 168.8096 158.1648 7.4765 -60.3223 100.0000 stroke9
movl 0 1.6762 394.2077 169.6736 158.1526 7.5707 -60.2250 100.0000 stroke9
movl 0 1.5515 393.0830 170.3360 158.3134 7.8720 -60.0885 100.0000 stroke9
movl 0 1.5420 392.7406 170.4908 158.4637 8.1090 -60.0356 100.0000 stroke9
movl 0 1.5468 391.5643 171.2274 159.1091 9.1520 -59.8843 100.0000 stroke9
movl 0 1.1371 391.3765 171.5162 159.3427 9.3279 -59.8153 100.0000 stroke9
movl 0 0.6428 390.9492 171.8832 159.5964 9.4610 -59.7714 100.0000 stroke9
movl 0 0.9311 390.1530 172.3141 159.8567 9.7885 -59.8321 100.0000 stroke9
movl 0 2.6447 384.0402 177.7873 161.2126 12.6386 -60.5817 100.0000 stroke9
movl 0 -2.9411 368.2986 209.5373 167.6782 19.5090 -59.7702 100.0000 stroke9
movl 0 -26.9797 345.7245 212.3292 -173.5417 23.4937 -25.3283 100.0000 stroke10
movl 0 -34.2047 343.5806 190.0923 -173.4113 19.7315 -25.6238 100.0000 stroke10
movl 0 -37.7352 344.4171 186.2442 -173.2650 18.3135 -25.0178 100.0000 stroke10
movl 0 -39.9643 345.7916 184.2513 -173.8588 17.6594 -25.3150 100.0000 stroke10
movl 0 -42.2665 346.6183 182.8025 -174.0541 17.0327 -25.0395 100.0000 stroke10
movl 0 -42.0752 348.2007 182.0960 -174.5607 16.8364 -25.5435 100.0000 stroke10
movl 0 -43.5494 349.3316 181.1681 -174.7883 16.2359 -25.6922 100.0000 stroke10
movl 0 -44.9243 351.1888 180.3604 -175.4734 15.3351 -26.1560 100.0000 stroke10
movl 0 -45.7686 351.3166 180.1809 -175.5311 14.7869 -25.6159 100.0000 stroke10
movl 0 -47.7356 351.1125 180.0648 -175.2971 14.2704 -25.7720 100.0000 stroke10
movl 0 -48.1776 351.9117 179.7972 -175.1616 13.7743 -26.2070 100.0000 stroke10
movl 0 -47.4046 352.7179 179.7600 -175.1942 13.4222 -26.8247 100.0000 stroke10
movl 0 -47.0120 353.2316 179.8550 -175.1137 12.8948 -26.9241 100.0000 stroke10
movl 0 -46.2805 353.5319 180.0075 -174.9447 12.6270 -27.2928 100.0000 stroke10
movl 0 -45.7799 354.0156 180.1076 -174.9700 12.2366 -28.0487 100.0000 stroke10
movl 0 -46.5879 354.4595 180.0327 -174.7725 11.5155 -28.8899 100.0000 stroke10
movl 0 -46.9624 355.0085 179.9357 -174.6158 10.6842 -30.3442 100.0000 stroke10
movl 0 -47.8582 355.5146 179.8807 -174.4726 9.9719 -31.8086 100.0000 stroke10
movl 0 -48.8700 356.0859 179.6192 -174.3142 9.2732 -32.8361 100.0000 stroke10
movl 0 -49.4313 356.5501 179.3805 -174.1169 8.6512 -34.0434 100.0000 stroke10
movl 0 -49.7930 357.5973 179.0305 -174.0155 7.7163 -35.5073 100.0000 stroke10
movl 0 -50.0098 356.8256 179.2606 -173.7471 7.8296 -35.8539 100.0000 stroke10
movl 0 -48.4102 356.2580 180.0862 -173.6556 8.6745 -36.7655 100.0000 stroke10
movl 0 -49.0610 356.3926 179.8889 -173.6522 8.3563 -37.3282 100.0000 stroke10
movl 0 -50.5652 356.0169 179.7814 -173.9041 7.7504 -37.7693 100.0000 stroke10
movl 0 -50.7595 356.1124 179.7772 -174.1832 7.4068 -38.5153 100.0000 stroke10
movl 0 -50.3307 355.3052 180.2400 -174.1808 7.5910 -38.8228 100.0000 stroke10
movl 0 -49.0070 354.5146 181.0657 -173.6894 8.4655 -39.1959 100.0000 stroke10
movl 0 -49.0874 354.7818 180.7083 -174.0307 8.1074 -39.4503 100.0000 stroke10
movl 0 -48.9190 354.7703 180.8830 -174.5295 7.6814 -39.7884 100.0000 stroke10
movl 0 -48.1020 353.2206 181.6408 -173.9960 8.4994 -39.6570 100.0000 stroke10
movl 0 -47.3070 352.4138 182.1637 -173.5417 9.1437 -39.7098 100.0000 stroke10
movl 0 -47.2812 352.8172 182.0642 -174.2023 8.4396 -40.2769 100.0000 stroke10
movl 0 -46.9446 352.2853 182.3480 -174.2144 8.5190 -40.2605 100.0000 stroke10
movl 0 -45.6857 351.8505 182.7291 -174.4037 8.7492 -41.0119 100.0000 stroke10
movl 0 -46.5681 351.2404 182.9376 -174.1961 9.1359 -40.2357 100.0000 stroke10
movl 0 -46.9503 351.0175 183.3193 -174.2219 9.7090 -39.7428 100.0000 stroke10
movl 0 -47.3487 350.9556 183.7165 -174.3538 9.9679 -39.9579 100.0000 stroke10
movl 0 -47.5855 349.9125 184.6977 -174.3534 10.7296 -39.1599 100.0000 stroke10
movl 0 -48.6273 346.8076 197.0676 -173.9448 13.3148 -37.9094 100.0000 stroke10
