movl 0 0.7881 395.2550 158.9186 132.1150 11.6801 -112.6107 100.0000 stroke1
movl 0 -0.3588 395.4504 159.2500 136.9649 6.9491 -114.9666 100.0000 stroke1
movl 0 -1.8755 406.4298 162.8944 142.3163 -5.2103 -119.3069 100.0000 stroke1
movl 0 -4.9206 411.3012 165.2091 146.5615 -8.9591 -119.8361 100.0000 stroke1
movl 0 -9.9917 407.7087 166.5455 148.2859 -7.2057 -119.1590 100.0000 stroke1
movl 0 -17.0604 403.6218 166.1959 148.9514 -1.5679 -115.5617 100.0000 stroke1
movl 0 -21.2470 403.3697 164.8464 149.4856 1.1006 -111.9091 100.0000 stroke1
movl 0 -26.3140 409.6537 163.9680 153.1910 -1.8097 -111.7484 100.0000 stroke1
movl 0 -28.3128 413.5139 163.4483 155.5174 -4.1978 -113.9584 100.0000 stroke1
movl 0 -27.5320 416.0442 163.3815 157.0747 -6.4192 -116.5698 100.0000 stroke1
movl 0 -26.4600 417.7698 163.2111 157.4356 -8.2965 -117.4736 100.0000 stroke1
movl 0 -26.2719 417.7532 163.3540 157.2918 -9.5376 -117.1826 100.0000 stroke1
movl 0 -25.9440 417.6958 163.9623 157.3602 -11.3714 -116.8743 100.0000 stroke1
movl 0 -25.6539 417.6748 164.5995 157.6645 -13.3602 -117.2157 100.0000 stroke1
movl 0 -25.0790 418.0337 164.6391 157.8886 -13.9060 -118.0220 100.0000 stroke1
movl 0 -24.8705 418.0593 164.6982 157.8835 -14.0800 -118.0971 100.0000 stroke1
movl 0 -24.6761 417.9809 164.7548 157.8118 -14.1776 -118.1012 100.0000 stroke1
movl 0 -25.0490 418.0413 164.8183 158.1394 -14.3018 -118.4789 100.0000 stroke1
movl 0 -25.6906 418.1987 164.9658 158.7102 -14.4033 -119.1592 100.0000 stroke1
movl 0 -26.0663 418.3137 165.0740 159.2103 -14.6502 -120.0186 100.0000 stroke1
movl 0 -26.6611 418.2581 165.1979 159.6586 -14.7682 -120.6956 100.0000 stroke1
movl 0 -27.3865 418.1638 165.3666 160.1444 -14.8116 -121.4930 100.0000 stroke1
movl 0 -28.4207 418.5587 165.2657 160.8964 -15.1277 -122.3769 100.0000 stroke1
movl 0 -30.3038 419.2847 165.2116 162.6445 -15.9205 -124.4423 100.0000 stroke1
movl 0 -31.6026 419.5886 165.1239 163.8607 -16.6246 -125.9925 100.0000 stroke1
movl 0 -33.1605 420.2428 164.9322 165.6395 -17.7228 -128.3463 100.0000 stroke1
movl 0 -35.2326 419.0103 165.5461 166.4254 -17.2659 -129.9764 100.0000 stroke1
movl 0 -35.9171 417.5174 166.2090 167.1687 -16.2359 -132.8158 100.0000 stroke1
movl 0 -35.5404 417.7580 166.3782 168.1584 -16.4417 -134.6058 100.0000 stroke1
movl 0 -32.8613 417.0056 167.3285 168.0830 -16.9768 -135.4103 100.0000 stroke1
movl 0 -30.1523 415.9983 168.3679 167.9280 -17.4620 -136.0857 100.0000 stroke1
movl 0 -30.5603 415.8322 168.2292 167.2228 -17.2508 -135.5207 100.0000 stroke1
movl 0 -25.3537 412.2700 169.2175 162.5645 -16.2958 -132.9110 100.0000 stroke1
movl 0 -13.0723 394.1463 184.8391 144.4248 -3.7772 -122.3022 100.0000 stroke1
movl 0 -10.0217 404.1761 244.4804 141.8075 1.7556 -113.0462 100.0000 stroke2
movl 0 -3.8339 404.4420 182.3665 146.1945 -4.5335 -116.7663 100.0000 stroke2
movl 0 -6.5527 401.6159 167.5244 149.4548 -2.7595 -117.8925 100.0000 stroke2
movl 0 -9.5329 401.1754 166.2254 149.8814 -0.8680 -117.2796 100.0000 stroke2
movl 0 -12.1932 403.4872 164.0353 150.7572 -0.0749 -117.2151 100.0000 stroke2
movl 0 -18.6304 409.5732 163.8318 155.8708 -2.5880 -119.5432 100.0000 stroke2
movl 0 -16.8067 413.2596 164.0054 157.8905 -5.7602 -123.3728 100.0000 stroke2
movl 0 -16.2842 416.0109 164.0192 158.9776 -8.9810 -125.2987 100.0000 stroke2
movl 0 -15.0936 418.9364 164.2523 161.1762 -14.1885 -127.8078 100.0000 stroke2
movl 0 -15.0183 419.1302 164.8699 162.9776 -17.2899 -130.4469 100.0000 stroke2
movl 0 -14.3549 418.1830 165.4645 162.7064 -17.1284 -131.2936 100.0000 stroke2
movl 0 -16.6789 418.0523 166.0178 164.7086 -17.0681 -134.3815 100.0000 stroke2
movl 0 -20.6695 419.1818 166.4968 168.6273 -16.9044 -140.0254 100.0000 stroke2
movl 0 -22.1035 421.9524 166.0199 172.5286 -17.2556 -145.3258 100.0000 stroke2
movl 0 -19.0508 421.7541 166.4088 171.8502 -17.8020 -146.3621 100.0000 stroke2
movl 0 -17.3247 422.2474 166.9180 173.2183 -18.8957 -147.4310 100.0000 stroke2
movl 0 -16.3376 421.0329 167.5561 172.8432 -19.0359 -147.1678 100.0000 stroke2
movl 0 -15.5700 419.9924 167.7776 171.5172 -18.8166 -146.1707 100.0000 stroke2
movl 0 -14.7450 419.1696 167.8316 170.2951 -18.8384 -145.0529 100.0000 stroke2
movl 0 -14.2163 419.1773 167.6430 169.7265 -19.0094 -144.2732 100.0000 stroke2
movl 0 -14.0496 418.8182 167.7204 169.3477 -18.9830 -143.8183 100.0000 stroke2
movl 0 -14.1643 418.6671 167.8638 169.1497 -18.8967 -143.5597 100.0000 stroke2
movl 0 -13.7556 417.4546 168.3482 168.4838 -18.7240 -143.2198 100.0000 stroke2
movl 0 -11.3258 414.1981 171.6250 165.6994 -18.1695 -142.2132 100.0000 stroke2
movl 0 -10.9383 410.4909 207.8308 159.7324 -17.1078 -139.9576 100.0000 stroke2
movl 0 18.3633 410.7367 203.8118 147.2517 -14.5582 -135.3589 100.0000 stroke3
movl 0 19.2535 410.8930 171.9183 150.8633 -15.2046 -136.8265 100.0000 stroke3
movl 0 16.6507 411.3474 168.7712 153.1738 -14.7519 -137.6058 100.0000 stroke3
movl 0 11.8010 410.9062 166.8613 153.9124 -13.8744 -137.2999 100.0000 stroke3
movl 0 3.8473 414.2118 165.8639 157.3647 -12.6357 -138.0543 100.0000 stroke3
movl 0 1.5029 419.2348 165.6448 161.7789 -13.6596 -141.0733 100.0000 stroke3
movl 0 2.3746 422.8967 164.8899 163.6940 -15.8056 -142.2298 100.0000 stroke3
movl 0 3.4838 425.9750 164.3783 165.8142 -19.1099 -142.4333 100.0000 stroke3
movl 0 3.7333 427.0495 164.4198 167.2392 -21.5662 -141.8311 100.0000 stroke3
movl 0 3.7032 425.7819 165.1826 166.8643 -21.2109 -141.7055 100.0000 stroke3
movl 0 -0.3311 425.4886 166.0592 168.7520 -19.9791 -143.5107 100.0000 stroke3
movl 0 -5.3789 426.3850 166.7519 172.4118 -18.8371 -147.8360 100.0000 stroke3
movl 0 -7.8196 428.6815 166.5924 176.3067 -18.5699 -152.4277 100.0000 stroke3
movl 0 -5.0797 427.1908 167.5802 175.6220 -18.8872 -153.8503 100.0000 stroke3
movl 0 -4.1091 427.8382 167.5794 177.1816 -19.5540 -155.2346 100.0000 stroke3
movl 0 -2.5382 426.8205 168.2163 177.0719 -20.0386 -155.4462 100.0000 stroke3
movl 0 -1.4741 427.2742 167.9855 177.4879 -20.5303 -155.5304 100.0000 stroke3
movl 0 -1.4209 426.2776 168.3691 176.2327 -20.3748 -154.7218 100.0000 stroke3
movl 0 -0.6903 425.3105 168.5040 174.7679 -20.5820 -153.4240 100.0000 stroke3
movl 0 0.8150 422.3930 169.6825 172.1425 -20.5750 -151.7311 100.0000 stroke3
movl 0 1.2418 417.9556 183.7639 163.4042 -20.0382 -145.6607 100.0000 stroke3
movl 0 -23.6237 402.2976 195.9441 144.2992 -5.0908 -120.7981 100.0000 stroke4
movl 0 -27.9253 397.5479 166.5500 146.5873 -2.9026 -119.6120 100.0000 stroke4
movl 0 -34.2097 396.1568 165.8709 147.8198 -1.0269 -118.4318 100.0000 stroke4
movl 0 -40.5810 395.2453 164.4900 148.4392 -0.1709 -117.3582 100.0000 stroke4
movl 0 -45.8948 394.5746 163.8739 149.6478 1.0378 -116.4520 100.0000 stroke4
movl 0 -53.0796 392.8113 163.8781 152.5643 3.4330 -115.5916 100.0000 stroke4
movl 0 -57.3026 392.6032 163.9299 154.7321 4.6021 -114.5773 100.0000 stroke4
movl 0 -57.9063 393.6481 163.7612 155.9667 4.7549 -115.4081 100.0000 stroke4
movl 0 -54.3321 393.9978 164.1060 154.9151 4.1236 -116.2815 100.0000 stroke4
movl 0 -50.5768 398.3819 163.5671 154.4763 1.8054 -116.1987 100.0000 stroke4
movl 0 -47.0786 402.7881 162.5867 154.2250 -0.9402 -116.5155 100.0000 stroke4
movl 0 -46.1592 403.6540 162.5880 153.8896 -2.2447 -115.9768 100.0000 stroke4
movl 0 -45.2060 403.5029 162.8454 153.5762 -2.8531 -115.6612 100.0000 stroke4
movl 0 -44.5489 402.9471 163.1449 153.1953 -3.0729 -115.4516 100.0000 stroke4
movl 0 -41.5553 401.4227 163.9994 151.7892 -3.1653 -115.3394 100.0000 stroke4
movl 0 -21.9047 382.5698 182.9909 140.5483 2.0641 -117.1229 100.0000 stroke4
movl 0 -27.7998 398.1505 204.7543 144.7900 0.5427 -101.9624 100.0000 stroke5
movl 0 -34.8721 391.6230 170.6308 147.5542 2.3449 -101.1984 100.0000 stroke5
movl 0 -47.5912 382.9202 171.3145 151.0520 7.3212 -99.5161 100.0000 stroke5
movl 0 -51.5926 381.7048 169.2668 152.6358 8.6484 -100.2504 100.0000 stroke5
movl 0 -52.2754 383.1635 167.9372 152.8163 8.3729 -100.2338 100.0000 stroke5
movl 0 -55.5210 385.5624 166.7028 154.3349 7.3988 -100.0567 100.0000 stroke5
movl 0 -58.0510 386.3448 166.4058 156.1093 7.3982 -100.9030 100.0000 stroke5
movl 0 -55.9234 388.4628 166.2575 156.2994 6.6266 -102.5781 100.0000 stroke5
movl 0 -51.2578 390.9810 166.2933 155.8529 5.3779 -104.7733 100.0000 stroke5
movl 0 -48.5337 392.2354 166.2958 155.2193 4.5518 -105.6357 100.0000 stroke5
movl 0 -46.9032 394.8272 165.7840 154.9794 2.8869 -106.3326 100.0000 stroke5
movl 0 -47.4423 398.4423 166.5511 155.9704 -2.3697 -108.3365 100.0000 stroke5
movl 0 -46.7627 397.8363 167.4004 156.3072 -3.6728 -110.6697 100.0000 stroke5
movl 0 -47.2117 398.4693 167.8609 157.2430 -4.7008 -112.8464 100.0000 stroke5
movl 0 -46.6681 399.7935 168.5366 158.6175 -6.5262 -115.3877 100.0000 stroke5
movl 0 -46.2970 400.3265 169.1070 159.5497 -7.8153 -116.9752 100.0000 stroke5
movl 0 -46.1032 400.2098 169.6391 160.1875 -8.6761 -118.0300 100.0000 stroke5
movl 0 -45.8082 399.6953 170.1494 160.3633 -9.0968 -118.3398 100.0000 stroke5
movl 0 -44.8024 397.6426 171.2963 159.8717 -9.1228 -117.9239 100.0000 stroke5
movl 0 -37.6098 383.2794 180.1308 154.0894 -6.0191 -115.5416 100.0000 stroke5
movl 0 -40.6758 362.1785 222.7763 146.5570 2.6133 -111.3195 100.0000 stroke5
movl 0 -43.8207 359.8422 200.5222 150.9042 7.7966 -105.8480 100.0000 stroke6
movl 0 -42.1262 359.1342 178.3221 152.7394 6.5456 -107.7937 100.0000 stroke6
movl 0 -51.1043 361.8769 175.8009 154.9267 6.8968 -108.2245 100.0000 stroke6
movl 0 -57.7825 360.9124 174.6190 156.1469 7.7574 -107.9301 100.0000 stroke6
movl 0 -62.8737 359.4009 173.0801 157.3291 8.6544 -107.5873 100.0000 stroke6
movl 0 -71.4326 356.0054 172.0107 160.0093 9.4255 -107.0248 100.0000 stroke6
movl 0 -74.3791 355.4789 171.5224 161.0277 9.9875 -107.6910 100.0000 stroke6
movl 0 -74.0914 356.7225 171.2630 161.3976 10.1713 -108.9971 100.0000 stroke6
movl 0 -72.6214 358.3718 171.4301 161.6429 9.7706 -110.2587 100.0000 stroke6
movl 0 -69.9611 359.3731 172.0965 161.5480 9.0614 -111.2945 100.0000 stroke6
movl 0 -67.3007 360.8290 172.8650 161.6180 8.0682 -112.3594 100.0000 stroke6
movl 0 -65.2218 362.0657 173.6391 161.9288 7.0859 -113.3097 100.0000 stroke6
movl 0 -64.3448 363.4342 174.2231 162.6955 6.2275 -114.1193 100.0000 stroke6
movl 0 -63.4374 364.8236 174.8528 163.5045 5.4704 -114.8856 100.0000 stroke6
movl 0 -63.0730 365.8394 175.4047 164.4238 4.9718 -115.4715 100.0000 stroke6
movl 0 -62.6641 367.2421 175.8313 165.5670 4.3773 -116.2540 100.0000 stroke6
movl 0 -62.0707 368.7434 176.1973 166.7549 3.7566 -117.1645 100.0000 stroke6
movl 0 -62.1271 369.8583 176.5997 167.9799 3.4393 -118.2667 100.0000 stroke6
movl 0 -62.7814 371.8591 176.8355 169.6661 2.8778 -119.7722 100.0000 stroke6
movl 0 -63.7999 373.1851 177.0238 171.3057 2.7173 -121.1652 100.0000 stroke6
movl 0 -64.8880 374.8644 177.1088 173.0005 2.8949 -121.6903 100.0000 stroke6
movl 0 -66.1536 376.5718 177.0971 174.7259 2.9488 -123.7426 100.0000 stroke6
movl 0 -67.3949 378.5749 176.8471 176.7568 3.4536 -126.2664 100.0000 stroke6
movl 0 -69.1900 380.7465 176.3633 178.6202 3.8357 -128.9325 100.0000 stroke6
movl 0 -71.0724 383.2188 175.6419 -179.4317 4.1649 -134.3381 100.0000 stroke6
movl 0 -71.6615 385.0412 175.3420 -178.5145 4.4556 -136.9464 100.0000 stroke6
movl 0 -71.6546 385.4099 175.6861 -178.5874 4.1182 -139.0438 100.0000 stroke6
movl 0 -68.5712 387.2005 176.2175 -179.2424 3.1340 -141.6821 100.0000 stroke6
movl 0 -65.2988 389.9861 176.0524 -179.2917 2.1037 -143.6482 100.0000 stroke6
movl 0 -62.9172 391.3079 175.9570 -179.3527 1.3582 -144.1332 100.0000 stroke6
movl 0 -61.1749 392.2013 175.8802 -179.4293 0.9522 -144.0537 100.0000 stroke6
movl 0 -57.8202 394.4045 175.8457 -179.4274 0.0300 -144.3105 100.0000 stroke6
movl 0 -56.2522 394.7373 175.9035 -179.6139 -0.4042 -143.4734 100.0000 stroke6
movl 0 -52.7082 395.1762 176.1944 179.7179 -1.4552 -141.4325 100.0000 stroke6
movl 0 -50.1797 396.2333 176.3599 179.7172 -1.8272 -141.5679 100.0000 stroke6
movl 0 -48.7082 396.8423 176.4121 179.7925 -2.0074 -141.8239 100.0000 stroke6
movl 0 -46.8998 397.4338 176.5739 179.7556 -2.1613 -142.0323 100.0000 stroke6
movl 0 -44.2405 398.0667 176.9662 179.8231 -2.3311 -142.8470 100.0000 stroke6
movl 0 -42.6597 398.3194 177.3391 179.8901 -2.4970 -143.5848 100.0000 stroke6
movl 0 -40.7457 398.9609 177.6098 179.9012 -2.7411 -144.1355 100.0000 stroke6
movl 0 -38.9537 399.2826 178.0588 179.8673 -3.0040 -144.6911 100.0000 stroke6
movl 0 -37.3911 399.1572 178.6600 179.7457 -3.0816 -145.0783 100.0000 stroke6
movl 0 -35.8571 399.2559 179.2019 179.5657 -3.2345 -145.3788 100.0000 stroke6
movl 0 -35.1566 398.8977 179.6683 179.4113 -3.3655 -145.3886 100.0000 stroke6
movl 0 -33.5634 399.5350 179.8832 179.3920 -3.5392 -145.7680 100.0000 stroke6
movl 0 -32.4292 399.3887 180.3896 179.2222 -3.6913 -145.9986 100.0000 stroke6
movl 0 -31.2714 399.3261 180.7785 179.0684 -3.8276 -146.2047 100.0000 stroke6
movl 0 -29.0689 399.2879 181.5487 178.7733 -4.1992 -146.3782 100.0000 stroke6
movl 0 -27.9983 398.9141 182.1673 178.4454 -4.2990 -146.4155 100.0000 stroke6
movl 0 -25.7732 399.1569 182.7254 178.2430 -4.7298 -146.7108 100.0000 stroke6
movl 0 -24.4579 399.0342 183.1234 177.9379 -5.0787 -146.7981 100.0000 stroke6
movl 0 -22.0861 399.5078 183.6069 177.7162 -5.4773 -147.1262 100.0000 stroke6
movl 0 -22.0843 399.3674 183.5917 177.6166 -5.5024 -146.9997 100.0000 stroke6
movl 0 -21.9638 399.2022 183.5883 177.5014 -5.6195 -146.8657 100.0000 stroke6
movl 0 -22.1040 398.8022 183.8153 177.3383 -5.6969 -146.7031 100.0000 stroke6
movl 0 -21.9003 397.9908 184.2161 176.9830 -5.7404 -146.5299 100.0000 stroke6
movl 0 -20.8009 396.7912 185.2965 176.4540 -5.9022 -146.5252 100.0000 stroke6
movl 0 -18.9517 396.7606 187.6997 175.1157 -6.7445 -145.8628 100.0000 stroke6
