movl 0 -21.7393 388.6132 190.1351 -176.1886 -34.4631 139.2628 100.0000 stroke1
movl 0 -21.5427 393.8831 198.9949 -173.4853 -33.9216 137.9896 100.0000 stroke1
movl 0 -27.5111 394.7639 195.7741 -174.1204 -32.4239 137.9402 100.0000 stroke1
movl 0 -28.5980 392.8141 184.6446 -174.2916 -31.8204 137.6241 100.0000 stroke1
movl 0 -29.1072 389.4004 178.8520 -174.6789 -31.5905 137.6374 100.0000 stroke1
movl 0 -32.3319 387.4202 177.9924 -176.0714 -30.1275 137.8802 100.0000 stroke1
movl 0 -33.4203 387.3765 176.9721 -176.9721 -29.3656 138.8931 100.0000 stroke1
movl 0 -32.8523 388.7888 175.8642 -177.4337 -28.7767 139.3255 100.0000 stroke1
movl 0 -32.0347 390.7107 174.4832 -178.6808 -29.4300 142.4696 100.0000 stroke1
movl 0 -31.3787 392.8702 172.4699 179.0587 -29.9814 148.7198 100.0000 stroke1
movl 0 -32.2555 395.1474 170.6095 178.1862 -29.2866 152.4340 100.0000 stroke1
movl 0 -34.5425 398.4948 169.3742 -179.6727 -27.0094 150.5718 100.0000 stroke1
movl 0 -35.3035 401.6008 168.3596 -177.3924 -25.3300 147.4810 100.0000 stroke1
movl 0 -34.4266 404.0936 168.1418 -175.3846 -23.9608 145.5271 100.0000 stroke1
movl 0 -31.3383 408.0030 167.0585 -172.1733 -23.5170 141.4540 100.0000 stroke1
movl 0 -29.8237 412.6778 166.2496 -168.3359 -22.3893 136.8677 100.0000 stroke1
movl 0 -31.3893 413.8182 166.6859 -166.9704 -21.1866 133.9329 100.0000 stroke1
movl 0 -32.5770 413.6295 167.2413 -165.6898 -19.8921 131.2618 100.0000 stroke1
movl 0 -34.2940 412.3739 168.1542 -165.0115 -19.0866 129.1958 100.0000 stroke1
movl 0 -35.0999 411.8898 168.4907 -164.1329 -18.5899 127.2577 100.0000 stroke1
movl 0 -36.2617 411.1263 168.9959 -163.6306 -17.9465 126.2816 100.0000 stroke1
movl 0 -37.1554 410.6590 169.4610 -162.6961 -17.4115 124.0937 100.0000 stroke1
movl 0 -37.9072 410.3523 169.7476 -162.1225 -16.9096 123.5189 100.0000 stroke1
movl 0 -39.4704 409.8397 169.9906 -161.7100 -16.3942 123.1797 100.0000 stroke1
movl 0 -40.8100 409.3155 170.2020 -161.3309 -15.8938 122.8187 100.0000 stroke1
movl 0 -42.2261 408.7004 170.4914 -161.1682 -15.4930 122.6230 100.0000 stroke1
movl 0 -43.3654 407.9423 170.8515 -160.9630 -15.3825 122.6309 100.0000 stroke1
movl 0 -44.6039 407.2135 171.1964 -160.8010 -15.2949 122.7551 100.0000 stroke1
movl 0 -46.4865 406.5689 171.2683 -160.7920 -15.0323 122.9973 100.0000 stroke1
movl 0 -47.7098 405.8186 171.4687 -160.6379 -14.9440 123.1662 100.0000 stroke1
movl 0 -48.8833 405.1930 171.7957 -160.4621 -14.9233 123.3669 100.0000 stroke1
movl 0 -50.3829 404.5810 171.9366 -160.4610 -14.8842 123.6812 100.0000 stroke1
movl 0 -51.9266 403.9572 172.0467 -160.4569 -14.8887 124.0222 100.0000 stroke1
movl 0 -53.3398 403.2830 172.2564 -160.5246 -14.9678 124.5751 100.0000 stroke1
movl 0 -54.7888 402.6242 172.5615 -160.6691 -15.1363 125.1451 100.0000 stroke1
movl 0 -55.8400 401.9801 172.8947 -160.8301 -15.3481 125.6775 100.0000 stroke1
movl 0 -56.6162 401.7281 173.2862 -160.8875 -15.5381 126.2439 100.0000 stroke1
movl 0 -57.6435 401.4055 173.5405 -161.3432 -15.6928 127.9647 100.0000 stroke1
movl 0 -58.1789 400.7045 173.8390 -161.5476 -16.0459 128.2206 100.0000 stroke1
movl 0 -58.6501 400.5205 174.0251 -161.5655 -16.2074 128.3531 100.0000 stroke1
movl 0 -59.1728 399.9942 174.5368 -161.6516 -16.4492 128.5615 100.0000 stroke1
movl 0 -59.1955 399.7557 174.6948 -161.6899 -16.6137 128.6209 100.0000 stroke1
movl 0 -59.1669 399.5205 175.0093 -161.6244 -16.8377 128.6636 100.0000 stroke1
movl 0 -58.8784 398.7946 175.3777 -161.7145 -17.4913 128.8039 100.0000 stroke1
movl 0 -56.9071 396.3405 176.7558 -161.6718 -19.6191 128.9923 100.0000 stroke1
movl 0 -54.0524 394.1932 178.0600 -161.5564 -21.6812 128.4966 100.0000 stroke1
movl 0 -48.0861 390.7845 181.1207 -161.0910 -26.3223 126.2969 100.0000 stroke1
movl 0 -47.4413 384.5073 205.0467 -164.5713 -31.3713 129.8387 100.0000 stroke1
movl 0 -15.1490 388.3451 194.5890 -173.3514 -35.1260 147.4134 100.0000 stroke2
movl 0 -14.8060 388.6556 176.0100 -172.3129 -33.2341 147.0685 100.0000 stroke2
movl 0 -19.4542 391.2065 171.2414 -172.7707 -31.1527 148.3806 100.0000 stroke2
movl 0 -24.3105 393.5286 168.5258 -172.4105 -29.4927 148.9097 100.0000 stroke2
movl 0 -24.7936 394.0839 168.4378 -172.4757 -28.9039 148.8405 100.0000 stroke2
movl 0 -27.3690 396.2032 167.4794 -169.9207 -26.2766 144.9851 100.0000 stroke2
movl 0 -28.4891 398.1544 167.1674 -167.7725 -24.3540 141.7634 100.0000 stroke2
movl 0 -28.3478 399.9314 167.0515 -166.3789 -22.2926 139.5755 100.0000 stroke2
movl 0 -28.9120 401.2521 167.3021 -164.3911 -20.7819 136.6866 100.0000 stroke2
movl 0 -31.0666 401.8874 167.7282 -163.0820 -19.0446 133.3072 100.0000 stroke2
movl 0 -31.5566 402.5058 167.9057 -161.4794 -16.7555 129.1438 100.0000 stroke2
movl 0 -32.3325 402.6310 168.5595 -159.6031 -14.6838 123.4294 100.0000 stroke2
movl 0 -33.3342 402.8406 168.9807 -158.6038 -12.7744 120.9452 100.0000 stroke2
movl 0 -34.4099 403.1296 169.3308 -157.8150 -10.6121 118.6390 100.0000 stroke2
movl 0 -35.4775 403.8834 169.3294 -157.0493 -7.8067 117.4151 100.0000 stroke2
movl 0 -37.1281 404.9621 169.1601 -156.4043 -4.5984 114.9514 100.0000 stroke2
movl 0 -38.6256 405.7058 168.9926 -156.0951 -2.0091 112.7434 100.0000 stroke2
movl 0 -40.5340 406.1059 168.9157 -155.8968 0.1881 111.7116 100.0000 stroke2
movl 0 -42.2537 404.3471 169.3298 -156.0437 -0.4874 113.2355 100.0000 stroke2
movl 0 -38.8917 403.2575 170.2951 -155.8766 -2.1558 113.1776 100.0000 stroke2
movl 0 -36.8708 403.1275 170.6331 -155.9868 -2.5960 112.7888 100.0000 stroke2
movl 0 -36.9472 402.9021 170.8812 -155.9117 -2.3875 112.6587 100.0000 stroke2
movl 0 -37.9473 402.1497 171.3592 -156.0156 -1.7185 112.8265 100.0000 stroke2
movl 0 -35.4918 400.6427 172.7785 -155.8868 -3.2350 112.0018 100.0000 stroke2
movl 0 -36.7436 400.5942 172.6347 -156.0309 -2.3535 112.1101 100.0000 stroke2
movl 0 -36.2990 399.7259 173.3763 -156.2682 -3.3901 111.5747 100.0000 stroke2
movl 0 -36.2882 399.2284 173.3933 -156.4629 -3.9949 111.5471 100.0000 stroke2
movl 0 -33.7247 397.0270 179.4142 -156.5384 -6.8433 111.0179 100.0000 stroke2
movl 0 -22.3693 386.3719 221.8635 -155.6362 -18.6775 106.1944 100.0000 stroke2
movl 0 -13.1947 385.8833 245.7971 -162.5320 -29.3736 117.3810 100.0000 stroke3
movl 0 -15.3305 377.7828 193.2442 -162.3469 -25.3751 116.1713 100.0000 stroke3
movl 0 -22.2051 372.4834 182.8823 -166.1956 -25.3383 118.8232 100.0000 stroke3
movl 0 -26.8230 374.7029 176.7263 -167.9368 -25.0809 121.2175 100.0000 stroke3
movl 0 -27.6903 375.8748 174.7499 -168.2477 -25.2193 122.6948 100.0000 stroke3
movl 0 -29.0193 378.5341 172.7831 -167.3139 -24.7059 122.5905 100.0000 stroke3
movl 0 -32.0859 380.3454 172.0589 -168.7363 -23.0170 122.8395 100.0000 stroke3
movl 0 -34.5466 381.0062 172.2117 -170.0920 -20.8513 122.2561 100.0000 stroke3
movl 0 -36.4954 381.8456 172.3053 -170.4411 -18.8792 120.9595 100.0000 stroke3
movl 0 -36.8814 382.1560 172.7631 -170.5079 -18.0050 119.9859 100.0000 stroke3
movl 0 -39.9190 380.4256 173.2703 -172.4700 -18.5697 121.1763 100.0000 stroke3
movl 0 -40.1618 380.0069 173.4759 -173.8169 -19.0675 123.0555 100.0000 stroke3
movl 0 -37.8184 380.6571 173.6370 -173.5865 -19.0640 122.7695 100.0000 stroke3
movl 0 -36.4458 381.1561 173.8556 -173.7611 -18.9833 122.4252 100.0000 stroke3
movl 0 -34.4749 381.5729 173.8806 -173.9672 -18.8535 122.0850 100.0000 stroke3
movl 0 -32.1221 382.1790 174.0410 -174.2317 -18.4698 122.1394 100.0000 stroke3
movl 0 -29.8580 382.6507 174.3919 -174.4404 -18.2854 121.6523 100.0000 stroke3
movl 0 -27.7402 383.3257 174.7742 -174.7331 -17.8746 120.6534 100.0000 stroke3
movl 0 -25.8687 384.1690 175.0620 -175.1581 -17.3108 119.4694 100.0000 stroke3
movl 0 -24.8425 384.9847 175.3081 -176.0637 -16.6438 118.1565 100.0000 stroke3
movl 0 -23.9013 386.3392 175.1528 -176.7486 -15.9305 116.5323 100.0000 stroke3
movl 0 -23.0493 387.4436 174.9225 -177.2958 -15.3046 114.7536 100.0000 stroke3
movl 0 -22.9049 386.4449 175.1173 -177.1094 -15.5660 114.6874 100.0000 stroke3
movl 0 -21.1040 384.5712 176.0810 -176.4611 -16.6217 115.2466 100.0000 stroke3
movl 0 -19.9835 382.7900 177.1703 -176.3593 -17.6811 115.0999 100.0000 stroke3
movl 0 -19.4425 382.2658 177.7752 -176.1793 -18.2494 114.9726 100.0000 stroke3
movl 0 -18.7806 381.3329 178.3351 -176.1658 -18.9734 115.0299 100.0000 stroke3
movl 0 -18.3661 381.5010 178.4705 -176.0451 -19.0172 114.8535 100.0000 stroke3
movl 0 -18.7741 382.5437 178.2101 -175.8323 -17.9581 114.2439 100.0000 stroke3
movl 0 -18.5177 383.7870 178.2827 -175.3739 -16.1241 113.6548 100.0000 stroke3
movl 0 -17.4252 384.6359 177.8747 -174.8018 -15.5921 113.5809 100.0000 stroke3
movl 0 -16.7337 384.5276 177.1299 -173.3709 -16.7984 114.8288 100.0000 stroke3
movl 0 -17.5125 383.8423 177.2094 -173.3631 -17.5284 115.4014 100.0000 stroke3
movl 0 -17.9828 383.8500 177.2415 -173.2078 -17.7335 115.7457 100.0000 stroke3
movl 0 -18.0348 382.6092 178.1080 -172.9716 -18.6990 116.4173 100.0000 stroke3
movl 0 -16.5016 368.5602 194.8928 -174.0631 -26.8938 124.0881 100.0000 stroke3
movl 0 -13.4750 346.5725 248.3249 172.3748 -38.6878 147.3821 100.0000 stroke3
movl 0 6.4677 395.1430 203.3112 151.8715 -28.1006 -164.5535 100.0000 stroke4
movl 0 3.0330 392.1178 177.1191 151.3768 -24.9296 -163.8546 100.0000 stroke4
movl 0 -6.4872 392.0555 173.5671 150.3785 -18.2670 -161.4155 100.0000 stroke4
movl 0 -7.9611 394.2602 170.4074 150.7532 -17.5733 -160.3013 100.0000 stroke4
movl 0 -8.0766 395.7664 169.5381 151.2866 -17.4367 -159.9560 100.0000 stroke4
movl 0 -9.2784 398.0681 168.0045 152.8788 -17.7986 -161.0357 100.0000 stroke4
movl 0 -10.8071 402.7421 165.8858 156.2280 -18.1332 -163.3956 100.0000 stroke4
movl 0 -10.0027 406.1896 164.7784 158.8938 -19.0407 -166.3025 100.0000 stroke4
movl 0 -7.8837 409.9309 163.4545 161.7878 -20.4824 -169.3060 100.0000 stroke4
movl 0 -3.1662 413.5940 162.0662 164.5740 -22.5111 -173.3885 100.0000 stroke4
movl 0 -0.9766 416.7750 161.1287 167.3870 -23.8699 -177.8355 100.0000 stroke4
movl 0 -2.6758 418.1810 161.6812 169.9103 -24.4310 178.4687 100.0000 stroke4
movl 0 -4.0670 418.8649 161.8710 172.3275 -25.0761 174.4644 100.0000 stroke4
movl 0 -4.6533 418.3096 162.0157 174.7681 -25.7332 169.6751 100.0000 stroke4
movl 0 -5.4472 418.0867 162.6317 176.4704 -25.6203 166.2056 100.0000 stroke4
movl 0 -4.3366 418.8589 162.8943 178.4957 -25.6198 162.5206 100.0000 stroke4
movl 0 -5.7368 418.0106 163.4888 -179.1686 -25.8394 157.4145 100.0000 stroke4
movl 0 -5.8018 417.8080 163.7228 -177.2882 -25.5568 153.5050 100.0000 stroke4
movl 0 -6.5393 417.0121 164.4139 -176.1449 -25.0548 151.1785 100.0000 stroke4
movl 0 -6.9767 416.7212 164.9537 -174.4575 -24.8792 147.9810 100.0000 stroke4
movl 0 -7.1528 416.7385 165.2472 -173.4147 -24.3972 146.3300 100.0000 stroke4
movl 0 -7.3072 416.7555 165.6293 -172.2894 -23.7706 144.6278 100.0000 stroke4
movl 0 -7.8195 416.9813 166.0438 -171.3169 -22.8385 143.5506 100.0000 stroke4
movl 0 -7.9968 416.9155 166.6094 -170.1637 -22.0979 141.7011 100.0000 stroke4
movl 0 -8.2369 417.0127 166.9909 -169.0441 -21.3663 140.0003 100.0000 stroke4
movl 0 -8.5926 416.9720 167.4291 -167.9031 -20.5242 138.0579 100.0000 stroke4
movl 0 -8.8950 417.1137 167.7160 -166.9192 -19.7027 136.3155 100.0000 stroke4
movl 0 -9.2756 417.3811 168.0526 -165.9224 -18.7469 134.7593 100.0000 stroke4
movl 0 -9.7417 417.4361 168.4866 -165.0057 -17.7500 132.8091 100.0000 stroke4
movl 0 -9.9976 417.4792 168.9002 -164.0937 -16.9149 130.7882 100.0000 stroke4
movl 0 -10.0550 417.9535 169.1498 -163.7523 -15.9177 131.1226 100.0000 stroke4
movl 0 -10.3731 418.3781 169.3654 -162.9569 -14.8097 129.6264 100.0000 stroke4
movl 0 -10.7029 418.7337 169.5457 -162.1582 -13.8422 127.8428 100.0000 stroke4
movl 0 -11.0055 418.9466 169.7170 -161.7004 -13.0230 126.7855 100.0000 stroke4
movl 0 -11.0953 418.9897 170.0255 -161.2206 -12.2034 125.7592 100.0000 stroke4
movl 0 -11.4924 418.9615 170.3616 -160.7777 -11.2892 124.6911 100.0000 stroke4
movl 0 -12.3327 419.0293 170.8062 -160.5526 -10.1019 123.7956 100.0000 stroke4
movl 0 -12.4725 419.0737 171.1285 -159.8324 -9.1990 122.9906 100.0000 stroke4
movl 0 -12.6968 418.9942 171.2230 -159.6140 -8.5766 122.5212 100.0000 stroke4
movl 0 -12.7495 419.1436 171.3285 -159.1672 -7.7089 122.0216 100.0000 stroke4
movl 0 -12.9534 419.1814 171.4545 -158.8754 -6.9303 121.3469 100.0000 stroke4
movl 0 -13.0958 419.1408 171.4551 -158.7090 -6.4743 120.8708 100.0000 stroke4
movl 0 -13.6413 419.0880 171.6128 -158.4763 -5.5052 120.2106 100.0000 stroke4
movl 0 -13.7901 419.5704 171.6757 -157.8639 -4.1439 119.0271 100.0000 stroke4
movl 0 -14.0004 420.0489 171.7730 -157.4438 -2.7533 117.6359 100.0000 stroke4
movl 0 -14.5536 420.2082 171.6956 -157.3276 -1.9312 117.1063 100.0000 stroke4
movl 0 -15.0411 420.6863 171.5875 -157.0261 -0.8091 116.6516 100.0000 stroke4
movl 0 -15.4371 421.2460 171.5098 -156.6663 0.5876 115.8430 100.0000 stroke4
movl 0 -16.3014 421.9471 171.1733 -156.5211 2.1646 114.6123 100.0000 stroke4
movl 0 -17.0809 422.4032 170.8607 -156.4804 3.4674 113.5241 100.0000 stroke4
movl 0 -18.1967 422.7228 170.5724 -156.5302 4.5147 113.1634 100.0000 stroke4
movl 0 -19.1393 422.9634 170.3848 -156.5688 5.6004 112.5816 100.0000 stroke4
movl 0 -19.9518 422.9279 170.2788 -156.7176 6.5327 111.6898 100.0000 stroke4
movl 0 -21.3889 423.0222 170.0389 -156.9555 7.3222 111.5403 100.0000 stroke4
movl 0 -22.2874 423.3565 169.6663 -157.0480 8.1328 111.5421 100.0000 stroke4
movl 0 -23.5524 423.5989 169.4575 -157.2637 9.1193 111.1083 100.0000 stroke4
movl 0 -24.3907 423.7032 169.2581 -157.3726 9.6865 111.1114 100.0000 stroke4
movl 0 -25.4539 423.8658 168.9346 -157.5794 10.1029 111.4812 100.0000 stroke4
movl 0 -26.3158 424.0910 168.6846 -157.7069 10.7273 111.4820 100.0000 stroke4
movl 0 -27.0756 424.3088 168.4475 -157.7709 11.2021 111.7348 100.0000 stroke4
movl 0 -27.4325 424.4078 168.3156 -157.8271 11.6246 111.6200 100.0000 stroke4
movl 0 -28.2038 424.3995 168.1117 -157.9663 12.0624 111.7850 100.0000 stroke4
movl 0 -28.8650 424.4780 167.9511 -158.0444 12.4474 111.7931 100.0000 stroke4
movl 0 -29.9948 424.3017 167.7554 -158.1342 12.9386 111.9505 100.0000 stroke4
movl 0 -30.9674 423.8793 167.5274 -158.0672 13.0722 112.7295 100.0000 stroke4
movl 0 -31.1741 422.8745 168.3758 -158.1760 12.6032 112.9033 100.0000 stroke4
movl 0 -29.1991 422.2475 169.4677 -158.1879 11.8991 112.4216 100.0000 stroke4
movl 0 -29.0670 421.9728 169.5295 -158.0744 12.1613 112.5886 100.0000 stroke4
movl 0 -30.1433 421.4519 169.7877 -158.2055 12.2576 112.8752 100.0000 stroke4
movl 0 -27.9422 420.5216 170.9842 -158.1924 11.4954 112.2218 100.0000 stroke4
movl 0 -27.3117 420.4493 171.0046 -158.1097 11.4804 112.0928 100.0000 stroke4
movl 0 -29.7769 419.8404 170.8665 -158.4202 12.0101 112.6052 100.0000 stroke4
movl 0 -27.9951 419.2363 172.0664 -158.4078 11.3910 111.8587 100.0000 stroke4
movl 0 -26.3392 419.5394 172.1389 -158.0761 11.5030 111.7572 100.0000 stroke4
movl 0 -28.1751 418.9274 172.3294 -158.3916 11.7858 111.7813 100.0000 stroke4
movl 0 -25.5254 418.8230 173.0932 -158.3308 11.2925 110.7506 100.0000 stroke4
movl 0 -27.8567 418.4201 172.6105 -158.3404 11.9142 111.5313 100.0000 stroke4
movl 0 -26.3376 417.7107 173.5720 -158.0816 11.3391 111.2451 100.0000 stroke4
movl 0 -27.0491 417.7385 173.2542 -158.2726 11.4573 111.2449 100.0000 stroke4
movl 0 -25.6015 417.5761 173.5422 -158.1488 10.7738 110.8888 100.0000 stroke4
movl 0 -24.5068 417.0335 174.0324 -157.9352 9.9954 110.7319 100.0000 stroke4
movl 0 -12.5405 406.5814 190.0633 -156.3843 3.0577 108.8000 100.0000 stroke4
