movl 0 -5.3018 422.4135 167.4421 171.7264 46.0332 -36.7238 100.0000 stroke1
movl 0 -7.2825 404.1393 164.1037 169.0505 42.5811 -38.3750 100.0000 stroke1
movl 0 -18.1104 392.7483 165.7614 172.5526 38.0247 -36.9261 100.0000 stroke1
movl 0 -25.5176 390.4076 168.1552 172.2401 34.6002 -37.3553 100.0000 stroke1
movl 0 -29.2531 387.4872 170.6443 174.8264 32.2858 -33.2320 100.0000 stroke1
movl 0 -33.5939 387.7177 170.6546 174.9513 30.8671 -32.0781 100.0000 stroke1
movl 0 -38.7750 385.4823 171.5320 173.8814 29.7969 -33.1818 100.0000 stroke1
movl 0 -44.8856 384.1395 170.7512 174.6353 29.3002 -30.7797 100.0000 stroke1
movl 0 -47.0434 384.9950 170.3039 174.8243 27.9277 -29.8740 100.0000 stroke1
movl 0 -51.7870 384.4595 170.5766 175.9250 25.8115 -30.4047 100.0000 stroke1
movl 0 -53.6863 384.9910 170.6065 176.3988 24.5636 -30.2915 100.0000 stroke1
movl 0 -55.9517 385.2175 171.1119 176.6170 22.9180 -30.2538 100.0000 stroke1
movl 0 -57.3231 384.5751 171.5084 177.2873 22.0790 -29.7394 100.0000 stroke1
movl 0 -60.5302 382.1550 171.8185 179.2683 21.6812 -28.9379 100.0000 stroke1
movl 0 -61.0065 382.0410 171.7488 179.9642 21.2587 -29.3150 100.0000 stroke1
movl 0 -61.4431 381.9185 171.8881 -179.3731 20.8107 -29.9709 100.0000 stroke1
movl 0 -61.8095 381.8555 172.0656 -178.8238 20.2316 -30.5851 100.0000 stroke1
movl 0 -62.5630 382.0076 171.9897 -178.1613 19.4449 -32.0688 100.0000 stroke1
movl 0 -62.8417 382.5067 172.0200 -177.8434 18.6591 -34.0389 100.0000 stroke1
movl 0 -61.9701 383.7853 171.9203 -177.8809 18.0538 -36.0927 100.0000 stroke1
movl 0 -61.1349 384.7151 171.7956 -178.0231 17.7173 -37.4538 100.0000 stroke1
movl 0 -59.0354 382.0194 172.5859 -177.7949 19.4755 -36.4291 100.0000 stroke1
movl 0 -57.3815 381.0755 173.0199 -177.6911 20.2682 -36.4832 100.0000 stroke1
movl 0 -55.9266 380.1934 173.4211 -177.5556 21.0005 -36.4379 100.0000 stroke1
movl 0 -55.4941 380.3520 173.4354 -177.6704 20.9426 -36.5921 100.0000 stroke1
movl 0 -55.5976 382.5969 173.6257 -179.2209 19.4767 -37.5252 100.0000 stroke1
movl 0 -54.8878 384.4523 174.1013 179.0396 18.3908 -38.7340 100.0000 stroke1
movl 0 -52.9255 385.1977 173.6199 177.6250 19.5219 -37.4123 100.0000 stroke1
movl 0 -45.1312 383.5011 173.1722 175.8143 24.4844 -35.6095 100.0000 stroke1
movl 0 -31.0979 379.1683 173.1882 -179.1786 33.8410 -30.0485 100.0000 stroke1
movl 0 -30.9381 376.7644 200.7094 -164.7377 36.4720 -13.6842 100.0000 stroke1
movl 0 -31.8090 397.8259 188.0551 -165.9158 34.8797 -5.0830 100.0000 stroke2
movl 0 -26.2752 393.3840 163.0144 -166.8029 34.0531 -5.9057 100.0000 stroke2
movl 0 -29.9555 393.0529 163.4487 -167.1609 31.8573 -5.9465 100.0000 stroke2
movl 0 -28.0380 393.3342 163.3462 -168.3805 31.9054 -8.7485 100.0000 stroke2
movl 0 -31.3489 395.1916 162.5175 -169.7525 31.1573 -11.0115 100.0000 stroke2
movl 0 -36.0349 399.0930 162.1918 -174.8901 27.9940 -18.4489 100.0000 stroke2
movl 0 -35.7452 402.3311 161.8985 178.7515 27.2713 -27.5258 100.0000 stroke2
movl 0 -35.3103 402.6266 162.0123 175.0558 27.4553 -32.7741 100.0000 stroke2
movl 0 -35.0191 402.8409 162.4235 172.7314 26.7849 -36.3236 100.0000 stroke2
movl 0 -34.5279 403.0624 163.1084 170.0118 25.4632 -40.1575 100.0000 stroke2
movl 0 -34.3137 403.9410 164.0500 166.5586 23.2113 -44.8459 100.0000 stroke2
movl 0 -34.0575 405.6676 165.0542 162.7488 20.2431 -49.8056 100.0000 stroke2
movl 0 -34.2780 407.0753 165.7084 159.8167 16.9664 -54.1700 100.0000 stroke2
movl 0 -35.1436 409.5888 166.0076 157.2525 12.5434 -58.2436 100.0000 stroke2
movl 0 -36.5578 412.2744 165.7631 155.6611 7.8015 -61.4802 100.0000 stroke2
movl 0 -39.0332 415.3776 165.4637 154.9169 2.3836 -64.5839 100.0000 stroke2
movl 0 -40.9258 417.5594 165.0461 154.6856 -1.0608 -66.3828 100.0000 stroke2
movl 0 -42.8569 419.2860 164.5629 154.7229 -3.9565 -67.5703 100.0000 stroke2
movl 0 -45.1404 419.6278 164.3242 154.8776 -5.5304 -67.4237 100.0000 stroke2
movl 0 -45.7060 418.5541 164.6309 154.8307 -5.4362 -66.9891 100.0000 stroke2
movl 0 -41.4002 415.4584 166.0530 154.2593 -2.0832 -66.3625 100.0000 stroke2
movl 0 -37.4332 412.3111 167.3362 154.0721 1.0033 -66.2932 100.0000 stroke2
movl 0 -37.1511 411.7954 167.6782 154.2753 1.2445 -66.4097 100.0000 stroke2
movl 0 -36.9020 412.0037 167.7102 154.1489 0.8655 -66.4671 100.0000 stroke2
movl 0 -37.8919 412.1905 167.5893 154.2037 0.3144 -66.0425 100.0000 stroke2
movl 0 -33.0592 406.0024 169.6067 154.0997 6.0733 -64.9766 100.0000 stroke2
movl 0 -31.9794 405.0903 169.6705 154.0979 7.6694 -64.1717 100.0000 stroke2
movl 0 -36.2231 407.7840 168.3563 153.9601 5.0156 -62.7897 100.0000 stroke2
movl 0 -33.6375 406.2036 168.6124 153.2803 7.4658 -62.3563 100.0000 stroke2
movl 0 -16.3240 395.5187 171.3736 152.5854 20.7228 -61.8909 100.0000 stroke2
movl 0 -5.6841 381.6623 185.6652 165.1081 40.1440 -49.1106 100.0000 stroke2
movl 0 10.4074 408.8862 192.7090 167.7203 36.8450 -42.7692 100.0000 stroke3
movl 0 6.2442 400.2021 169.2018 170.0802 33.9569 -43.6448 100.0000 stroke3
movl 0 0.7597 401.9654 167.3089 171.6054 32.0177 -41.6000 100.0000 stroke3
movl 0 -7.0498 401.2276 167.4196 173.3036 30.6119 -39.3234 100.0000 stroke3
movl 0 -10.2598 403.0350 166.4419 173.1483 29.9585 -38.4948 100.0000 stroke3
movl 0 -15.8695 404.6900 166.8280 174.0326 27.1594 -38.4860 100.0000 stroke3
movl 0 -19.5437 404.7068 167.5847 174.5955 25.2771 -39.5235 100.0000 stroke3
movl 0 -19.7403 404.8151 167.5399 174.7533 24.7864 -40.4095 100.0000 stroke3
movl 0 -16.6674 405.1952 167.5518 174.4045 24.6144 -42.6453 100.0000 stroke3
movl 0 -8.9907 407.1247 167.2380 173.2646 24.1717 -47.2177 100.0000 stroke3
movl 0 -2.3996 407.9190 166.8748 170.7979 24.9873 -50.6799 100.0000 stroke3
movl 0 -0.2063 411.3165 165.7261 167.5848 23.9132 -54.3238 100.0000 stroke3
movl 0 1.3378 414.8142 164.8882 164.4625 20.6803 -59.9380 100.0000 stroke3
movl 0 3.5615 418.2656 163.6049 161.5384 18.8196 -62.6326 100.0000 stroke3
movl 0 4.6122 420.7294 163.8579 158.3660 15.3166 -65.8029 100.0000 stroke3
movl 0 4.3120 423.8511 163.7973 155.5689 11.1946 -69.7542 100.0000 stroke3
movl 0 3.7039 426.1798 163.3669 153.8400 7.6440 -71.5972 100.0000 stroke3
movl 0 3.3537 424.3766 164.0322 153.5159 7.9283 -72.2512 100.0000 stroke3
movl 0 4.9108 420.0766 165.3374 154.1948 10.1557 -73.2746 100.0000 stroke3
movl 0 3.8573 420.7091 165.5706 154.2827 8.7946 -73.6104 100.0000 stroke3
movl 0 3.0481 419.6460 165.8751 154.7184 9.3752 -73.6224 100.0000 stroke3
movl 0 3.7604 417.5080 165.8935 154.7982 11.6746 -72.5834 100.0000 stroke3
movl 0 4.2236 416.3773 165.9681 154.7498 12.8306 -72.0583 100.0000 stroke3
movl 0 4.2860 414.6157 166.2525 154.7978 14.0896 -71.6267 100.0000 stroke3
movl 0 4.3008 413.8301 166.4751 154.8234 14.6260 -71.3447 100.0000 stroke3
movl 0 5.9016 405.8815 168.8412 156.1732 20.1985 -68.5723 100.0000 stroke3
movl 0 -1.4503 392.5938 183.1345 163.0293 29.3676 -62.8168 100.0000 stroke3
movl 0 2.4547 425.2831 232.1823 159.1966 34.8622 -61.0517 100.0000 stroke4
movl 0 10.4138 417.6926 174.3020 156.6351 29.7899 -63.3720 100.0000 stroke4
movl 0 5.7767 412.1564 167.1684 159.6335 28.5234 -62.3396 100.0000 stroke4
movl 0 2.6951 412.3967 165.9036 162.1200 27.8907 -61.1417 100.0000 stroke4
movl 0 -0.0719 412.4356 164.8433 163.6997 28.3307 -59.8019 100.0000 stroke4
movl 0 -7.3513 416.2902 165.0750 164.2160 23.8115 -61.8633 100.0000 stroke4
movl 0 -9.8222 420.3869 166.3035 161.0248 16.5678 -71.9869 100.0000 stroke4
movl 0 -8.6832 422.3342 167.2619 158.2660 12.4142 -75.3436 100.0000 stroke4
movl 0 -8.6713 423.5279 167.5249 156.5448 8.8617 -78.5136 100.0000 stroke4
movl 0 -9.8215 424.3707 167.7687 155.7959 6.0836 -80.3248 100.0000 stroke4
movl 0 -10.5709 424.1568 167.9960 155.3220 4.8637 -80.8228 100.0000 stroke4
movl 0 -11.6175 423.1217 168.4158 154.9853 4.3406 -80.7472 100.0000 stroke4
movl 0 -12.0169 421.6170 169.0021 154.4372 4.6554 -80.1763 100.0000 stroke4
movl 0 -9.5374 417.3846 173.3854 151.8711 7.1805 -78.9615 100.0000 stroke4
movl 0 -6.1906 397.9871 212.5224 145.6761 21.6786 -79.7359 100.0000 stroke4
movl 0 0.9821 382.5549 182.2724 150.0778 25.5875 -72.8461 100.0000 stroke5
movl 0 -3.4008 371.3412 167.7262 154.4290 23.6924 -71.4323 100.0000 stroke5
movl 0 -13.7005 369.6806 167.9603 158.7267 23.0871 -68.3750 100.0000 stroke5
movl 0 -17.4304 369.0907 166.9087 160.9271 24.5254 -64.2842 100.0000 stroke5
movl 0 -21.3469 370.8899 165.7035 163.4069 24.2662 -60.7254 100.0000 stroke5
movl 0 -28.8107 370.1748 166.9017 166.3686 22.2378 -61.3316 100.0000 stroke5
movl 0 -26.6798 370.7940 167.0009 166.2333 21.7478 -62.9520 100.0000 stroke5
movl 0 -17.3092 372.9821 167.1452 165.1604 20.9414 -68.1496 100.0000 stroke5
movl 0 -9.8591 374.3656 166.8031 162.8141 20.7471 -70.5653 100.0000 stroke5
movl 0 -7.1982 378.5578 165.5163 160.7317 18.5841 -73.0605 100.0000 stroke5
movl 0 -3.7103 383.4760 164.1002 158.6429 15.2448 -76.5058 100.0000 stroke5
movl 0 -2.6843 386.1971 163.7722 156.6507 12.4882 -78.1237 100.0000 stroke5
movl 0 -2.2806 388.9874 164.2550 154.8955 7.6235 -80.7827 100.0000 stroke5
movl 0 -3.2993 392.2166 164.1365 153.9821 2.4971 -83.0589 100.0000 stroke5
movl 0 -5.0355 394.6017 163.6038 153.5529 -1.2350 -83.8994 100.0000 stroke5
movl 0 -7.5243 395.6864 162.9516 153.3368 -3.0913 -83.0974 100.0000 stroke5
movl 0 -8.2469 392.1565 164.3771 153.5458 -1.1291 -82.3956 100.0000 stroke5
movl 0 -5.7582 389.3371 165.2999 153.3523 0.7361 -82.5430 100.0000 stroke5
movl 0 -6.6167 386.8609 166.3666 153.5904 1.5798 -82.1524 100.0000 stroke5
movl 0 -3.4389 377.8486 169.4477 154.1594 7.8715 -82.7407 100.0000 stroke5
movl 0 -5.6920 379.7066 168.3647 154.5033 6.8784 -82.1008 100.0000 stroke5
movl 0 -8.9295 380.9861 167.3853 154.4377 6.1342 -79.9260 100.0000 stroke5
movl 0 -9.7964 381.1309 167.0689 154.3459 6.2915 -79.0803 100.0000 stroke5
movl 0 -6.8675 377.4950 167.8887 153.2174 10.0107 -78.0780 100.0000 stroke5
movl 0 -0.2115 351.2278 174.7617 159.9476 34.4750 -70.1998 100.0000 stroke5
movl 0 -13.7950 342.1622 227.0711 172.6437 45.8399 -54.0301 100.0000 stroke5
movl 0 6.2814 428.3723 198.3097 145.2755 25.0213 -62.7876 100.0000 stroke6
movl 0 10.7736 414.9750 168.1493 147.2784 22.6959 -63.5751 100.0000 stroke6
movl 0 12.9683 409.1008 162.3380 147.6979 21.9319 -64.8161 100.0000 stroke6
movl 0 2.6281 403.4226 167.6922 152.0847 18.6985 -65.7930 100.0000 stroke6
movl 0 -9.5818 395.7215 171.0488 157.2944 19.7075 -62.6883 100.0000 stroke6
movl 0 -13.2646 395.1861 170.9232 159.1788 19.8731 -61.8089 100.0000 stroke6
movl 0 -13.4426 394.1338 170.6415 160.6572 21.1747 -60.4814 100.0000 stroke6
movl 0 -18.1889 395.5169 169.4783 162.3232 20.4941 -59.7233 100.0000 stroke6
movl 0 -23.6840 398.3539 169.4060 163.5619 16.1406 -61.5955 100.0000 stroke6
movl 0 -23.1437 401.0036 168.9986 162.5215 14.4089 -63.4575 100.0000 stroke6
movl 0 -23.3284 402.2152 169.2175 161.1145 12.1459 -65.0298 100.0000 stroke6
movl 0 -23.2166 403.6015 169.3952 159.5294 9.2170 -67.5352 100.0000 stroke6
movl 0 -23.4385 404.3403 169.4295 158.2642 6.2885 -69.8924 100.0000 stroke6
movl 0 -24.0072 404.0998 169.5862 157.5843 4.6005 -71.1033 100.0000 stroke6
movl 0 -25.3215 403.5488 169.7627 157.2620 3.1995 -71.9788 100.0000 stroke6
movl 0 -26.2375 402.5487 169.9557 157.0088 2.5424 -72.1623 100.0000 stroke6
movl 0 -27.0424 401.5560 170.2197 156.8762 2.3221 -72.1619 100.0000 stroke6
movl 0 -26.9959 399.8640 171.0091 156.0783 2.9754 -71.1978 100.0000 stroke6
movl 0 -16.9423 388.5990 187.1694 150.8551 12.4270 -72.6275 100.0000 stroke6
movl 0 14.7769 387.2288 184.1860 155.3165 24.4564 -67.3441 100.0000 stroke7
movl 0 12.1130 377.2135 170.9806 160.1323 23.6936 -66.0320 100.0000 stroke7
movl 0 4.8631 374.2169 170.5433 163.8415 24.1718 -63.4620 100.0000 stroke7
movl 0 3.9245 374.8726 169.2034 165.0816 24.7509 -59.6266 100.0000 stroke7
movl 0 -3.2467 375.9282 169.4651 168.7873 22.5918 -57.8597 100.0000 stroke7
movl 0 -8.5228 375.2972 170.4289 170.8435 21.1896 -58.4279 100.0000 stroke7
movl 0 -3.8519 376.7667 170.5170 170.3748 20.4602 -61.8641 100.0000 stroke7
movl 0 5.4713 379.5363 169.9592 168.5852 19.6245 -66.6689 100.0000 stroke7
movl 0 13.5619 382.2338 168.7694 164.8955 19.5677 -69.3659 100.0000 stroke7
movl 0 20.0500 390.2940 166.2804 161.2710 15.0879 -74.3025 100.0000 stroke7
movl 0 23.4986 396.5125 164.2729 158.0601 11.3012 -77.3197 100.0000 stroke7
movl 0 25.4539 398.2570 164.1794 155.8983 8.3462 -79.5929 100.0000 stroke7
movl 0 25.4280 400.9093 164.3003 154.6343 3.7385 -82.0412 100.0000 stroke7
movl 0 24.8528 404.2979 163.8336 153.7586 -0.8340 -83.7589 100.0000 stroke7
movl 0 23.0273 406.4853 163.3217 153.5478 -4.3736 -84.7380 100.0000 stroke7
movl 0 21.1062 408.0680 162.5382 153.3679 -6.7215 -84.7925 100.0000 stroke7
movl 0 17.5082 408.2878 162.2629 153.3587 -7.6601 -83.2777 100.0000 stroke7
movl 0 18.4044 404.6656 163.9386 153.5929 -5.5876 -83.4414 100.0000 stroke7
movl 0 20.0346 402.4790 164.7080 153.5413 -4.4149 -83.2499 100.0000 stroke7
movl 0 19.1249 398.4849 166.5988 153.9703 -2.5736 -83.1383 100.0000 stroke7
movl 0 25.4065 387.1316 170.9961 153.6001 4.5971 -84.4261 100.0000 stroke7
movl 0 23.3330 386.3780 170.7973 154.3200 5.1116 -84.1663 100.0000 stroke7
movl 0 20.2716 389.7616 168.7956 154.3422 3.3733 -82.6682 100.0000 stroke7
movl 0 17.4229 392.6806 167.3833 154.2560 1.7279 -81.2329 100.0000 stroke7
movl 0 16.0765 392.4922 167.1966 154.0763 2.0486 -80.1005 100.0000 stroke7
movl 0 16.1028 391.3189 167.5620 153.7529 3.4097 -79.4120 100.0000 stroke7
movl 0 22.2062 383.7998 170.7690 152.0787 9.4386 -80.4760 100.0000 stroke7
movl 0 30.0155 370.8562 183.2478 151.0510 23.7090 -80.8588 100.0000 stroke7
movl 0 17.2776 428.6540 207.0824 149.2745 17.3368 -67.7846 100.0000 stroke8
movl 0 24.8299 413.2000 173.2182 152.5136 17.0743 -68.6299 100.0000 stroke8
movl 0 25.8954 410.1060 170.0751 154.6088 18.4272 -66.9341 100.0000 stroke8
movl 0 22.7217 409.4030 168.8609 156.2672 19.5399 -64.2831 100.0000 stroke8
movl 0 15.2679 409.9237 169.1727 158.6355 18.1497 -63.1354 100.0000 stroke8
movl 0 6.1697 412.7840 170.0451 160.5745 12.7291 -67.0925 100.0000 stroke8
movl 0 6.6256 415.0714 169.8655 160.2394 9.4081 -72.2375 100.0000 stroke8
movl 0 3.9800 416.9279 169.6819 159.5509 7.7805 -73.1077 100.0000 stroke8
movl 0 6.2011 417.7499 169.1251 158.3902 6.7122 -74.4542 100.0000 stroke8
movl 0 5.9548 417.8781 169.3100 157.8338 5.0531 -76.2374 100.0000 stroke8
movl 0 6.1465 417.7444 169.4206 157.2773 3.3651 -78.1308 100.0000 stroke8
movl 0 5.0546 417.4554 169.5626 157.0912 1.5410 -79.8202 100.0000 stroke8
movl 0 3.8256 416.9794 169.6605 157.1009 0.0254 -81.0559 100.0000 stroke8
movl 0 2.9776 416.4233 169.8002 157.1086 -1.4793 -82.3088 100.0000 stroke8
movl 0 1.7604 415.9735 169.9582 157.2501 -2.7678 -83.1864 100.0000 stroke8
movl 0 0.5218 415.2494 170.0925 157.3511 -3.9700 -83.9466 100.0000 stroke8
movl 0 -0.6643 415.0625 170.0788 157.5498 -4.9970 -84.5687 100.0000 stroke8
movl 0 -1.8548 414.7847 170.1303 157.7193 -5.8905 -85.0308 100.0000 stroke8
movl 0 -3.0017 414.1510 170.2194 157.8760 -6.4288 -85.2295 100.0000 stroke8
movl 0 -3.8811 413.5587 170.3561 158.0254 -6.6538 -85.2933 100.0000 stroke8
movl 0 -4.0050 413.0645 170.4864 157.9283 -6.7136 -85.3423 100.0000 stroke8
movl 0 -4.3856 412.6806 170.5945 157.9660 -6.8139 -85.3121 100.0000 stroke8
movl 0 -4.6119 412.7039 170.6003 157.9267 -6.9872 -85.2500 100.0000 stroke8
movl 0 -5.3027 412.2040 170.7881 157.9087 -7.0319 -85.0143 100.0000 stroke8
movl 0 -6.0129 411.6964 170.9277 157.9094 -7.0724 -84.8832 100.0000 stroke8
movl 0 -6.2590 411.0631 171.2859 157.8212 -6.9218 -84.7082 100.0000 stroke8
movl 0 -6.4587 410.4284 171.5996 157.6824 -6.7779 -84.5311 100.0000 stroke8
movl 0 -6.4716 409.8537 171.9892 157.4996 -6.7013 -84.5129 100.0000 stroke8
movl 0 -6.3680 409.5707 172.3380 157.3449 -6.6294 -84.5218 100.0000 stroke8
movl 0 -6.1439 409.0386 172.7912 156.9678 -6.4403 -84.4338 100.0000 stroke8
movl 0 -1.4109 406.5158 175.7964 154.4574 -4.7127 -84.1163 100.0000 stroke8
movl 0 15.6866 407.4239 180.6990 147.1005 -2.2644 -83.8425 100.0000 stroke8
movl 0 21.7307 407.1451 185.7677 145.2300 -0.9347 -85.2664 100.0000 stroke8
movl 0 20.9648 399.8175 215.0050 144.4026 3.2270 -85.5247 100.0000 stroke8
