movl 0 -41.3016 391.4123 203.4478 -147.5349 -10.2263 80.5608 100.0000 stroke1
movl 0 -40.0782 383.4516 177.6571 -146.5861 -5.6647 69.9070 100.0000 stroke1
movl 0 -39.6000 385.0155 174.1482 -147.9714 -3.4138 68.2897 100.0000 stroke1
movl 0 -41.5286 384.1775 172.9158 -148.5998 -2.0429 65.9022 100.0000 stroke1
movl 0 -37.9731 383.0344 172.3572 -146.3078 3.3798 56.9271 100.0000 stroke1
movl 0 -33.0282 384.2208 170.1732 -144.8329 9.0924 49.0665 100.0000 stroke1
movl 0 -34.8598 389.2033 172.3129 -147.3696 7.7354 50.9800 100.0000 stroke1
movl 0 -36.5016 394.7695 173.9900 -150.6328 9.6528 47.5915 100.0000 stroke1
movl 0 -46.9379 390.2736 174.3244 -153.4779 10.3506 42.1786 100.0000 stroke1
movl 0 -53.0103 390.0831 173.6289 -155.1264 11.5110 40.8542 100.0000 stroke1
movl 0 -55.3299 390.9682 172.1505 -155.1139 12.1845 41.7006 100.0000 stroke1
movl 0 -56.3496 392.1770 170.4771 -155.8429 12.8381 40.6651 100.0000 stroke1
movl 0 -59.9872 392.3778 170.4498 -158.0496 12.5047 37.0824 100.0000 stroke1
movl 0 -63.3142 391.8735 170.8319 -159.4827 11.6140 34.9196 100.0000 stroke1
movl 0 -65.9605 391.4699 171.3144 -160.7897 10.9629 32.9878 100.0000 stroke1
movl 0 -68.3957 391.6044 172.2989 -162.6167 10.5473 30.8513 100.0000 stroke1
movl 0 -70.5705 390.1947 172.6084 -162.3702 9.5343 30.4631 100.0000 stroke1
movl 0 -71.0585 390.0679 172.4034 -162.2054 8.9033 29.8452 100.0000 stroke1
movl 0 -70.4885 390.3011 172.4182 -162.0752 8.6772 29.1691 100.0000 stroke1
movl 0 -68.8257 390.7467 172.5445 -161.9668 8.7512 28.6326 100.0000 stroke1
movl 0 -66.4758 391.7675 172.4096 -161.9237 8.8677 27.7775 100.0000 stroke1
movl 0 -62.6505 393.0332 172.6425 -161.8943 9.1121 26.2028 100.0000 stroke1
movl 0 -58.2270 394.8518 172.7083 -162.0200 9.4986 24.3125 100.0000 stroke1
movl 0 -57.1793 393.2897 173.1655 -161.1468 9.9183 25.0628 100.0000 stroke1
movl 0 -54.2321 392.2000 173.5656 -159.9676 10.5455 25.7126 100.0000 stroke1
movl 0 -54.6924 392.8259 173.3818 -160.3726 10.4855 25.6321 100.0000 stroke1
movl 0 -54.8062 394.2236 173.4000 -161.7042 10.7676 25.0485 100.0000 stroke1
movl 0 -53.1360 393.6332 172.9071 -160.2615 12.4646 30.1326 100.0000 stroke1
movl 0 -44.8107 379.9176 181.7077 -148.4391 8.0656 44.0288 100.0000 stroke1
movl 0 -48.5582 353.5710 232.1626 -138.6713 -19.2167 60.8266 100.0000 stroke1
movl 0 -36.2838 395.2756 187.3984 -153.4454 -23.2761 100.4752 100.0000 stroke2
movl 0 -41.6798 389.9549 167.8198 -159.8387 -29.1854 104.4673 100.0000 stroke2
movl 0 -46.6610 389.9284 166.8373 -163.8082 -27.4468 105.1149 100.0000 stroke2
movl 0 -45.6354 392.5899 165.3684 -162.3131 -25.7399 102.2182 100.0000 stroke2
movl 0 -48.4869 398.1044 164.1575 -161.2156 -20.6982 97.3706 100.0000 stroke2
movl 0 -47.2865 401.8594 164.4528 -159.4800 -15.5849 90.4846 100.0000 stroke2
movl 0 -45.2719 404.5336 164.2144 -157.3980 -11.6512 85.8659 100.0000 stroke2
movl 0 -44.8441 405.2260 164.5959 -156.3586 -8.7305 81.9897 100.0000 stroke2
movl 0 -43.8418 405.9310 165.2301 -155.6645 -5.8446 78.9031 100.0000 stroke2
movl 0 -43.3562 406.2710 165.9171 -155.4168 -3.4828 76.6766 100.0000 stroke2
movl 0 -42.5967 406.8884 166.5439 -155.3040 -0.8575 74.3495 100.0000 stroke2
movl 0 -41.8693 407.6553 167.3918 -155.4192 2.0967 71.9038 100.0000 stroke2
movl 0 -41.6401 408.5047 168.5256 -156.1114 5.6608 69.0591 100.0000 stroke2
movl 0 -42.0653 409.6881 169.2335 -157.6663 9.5362 65.6685 100.0000 stroke2
movl 0 -42.9854 411.1730 169.4518 -159.8920 13.6059 61.8732 100.0000 stroke2
movl 0 -44.6765 413.2473 169.5853 -163.4080 17.5489 57.2751 100.0000 stroke2
movl 0 -47.0466 415.1697 169.3996 -166.9299 20.2468 54.2191 100.0000 stroke2
movl 0 -49.5562 416.0180 169.2613 -169.5656 21.7943 52.3443 100.0000 stroke2
movl 0 -51.5714 415.8199 169.1295 -171.3218 22.8364 51.1634 100.0000 stroke2
movl 0 -53.5258 412.7003 169.9663 -171.0969 22.3917 51.7750 100.0000 stroke2
movl 0 -47.9550 412.0301 170.9621 -169.4181 22.1203 51.2450 100.0000 stroke2
movl 0 -48.3874 411.6936 171.0425 -169.8640 22.4155 51.2433 100.0000 stroke2
movl 0 -50.0273 410.5330 171.1655 -170.0779 22.1467 51.6415 100.0000 stroke2
movl 0 -44.3472 404.9577 173.1592 -165.7359 20.2443 52.5778 100.0000 stroke2
movl 0 -40.1560 400.5296 174.3055 -162.4801 17.7840 53.0261 100.0000 stroke2
movl 0 -42.5210 402.4397 172.7657 -163.5849 18.3894 53.5100 100.0000 stroke2
movl 0 -47.4319 402.8728 171.5891 -164.7872 19.0995 55.2720 100.0000 stroke2
movl 0 -47.1348 402.8603 171.0097 -164.0264 19.2804 56.3364 100.0000 stroke2
movl 0 -46.3287 402.0499 170.9742 -162.8479 19.1918 57.1354 100.0000 stroke2
movl 0 -37.9831 395.5954 174.7353 -157.4365 16.9960 58.1534 100.0000 stroke2
movl 0 -25.7510 377.9700 187.4012 -141.5967 2.9482 67.3348 100.0000 stroke2
movl 0 -27.0810 358.0469 235.7236 -130.3804 -21.7117 74.4871 100.0000 stroke2
movl 0 -39.7982 382.4780 227.5348 -141.2266 -0.8315 67.9743 100.0000 stroke3
movl 0 -31.3333 387.0798 182.0554 -143.2198 7.8702 62.7789 100.0000 stroke3
movl 0 -40.5923 384.7485 176.3084 -148.3846 9.9664 58.2882 100.0000 stroke3
movl 0 -44.6980 386.5702 174.0327 -152.5409 12.2699 54.6094 100.0000 stroke3
movl 0 -47.8169 386.7401 173.7681 -154.2597 13.0717 52.8996 100.0000 stroke3
movl 0 -49.5436 387.3428 172.5388 -154.7554 13.3312 52.7792 100.0000 stroke3
movl 0 -51.0517 388.8133 171.3760 -155.6255 14.0752 52.7687 100.0000 stroke3
movl 0 -55.2418 390.7612 170.9420 -158.5502 14.6338 50.7532 100.0000 stroke3
movl 0 -57.9778 392.5144 170.7661 -161.0399 15.4927 48.4849 100.0000 stroke3
movl 0 -59.3252 394.1940 171.1207 -163.4380 16.5846 46.1246 100.0000 stroke3
movl 0 -61.0195 394.1981 171.4340 -164.4658 16.5036 44.9684 100.0000 stroke3
movl 0 -63.0909 392.1538 172.1654 -164.1804 14.7688 44.3192 100.0000 stroke3
movl 0 -63.4273 391.8903 172.2591 -164.1207 13.9547 43.4814 100.0000 stroke3
movl 0 -61.3695 393.0251 172.4452 -164.0816 13.6247 42.1903 100.0000 stroke3
movl 0 -57.3138 395.6820 172.5411 -164.0936 13.7416 40.8211 100.0000 stroke3
movl 0 -52.4500 398.9122 172.6033 -164.0380 14.0773 39.5636 100.0000 stroke3
movl 0 -47.6677 401.7671 172.7681 -163.9098 14.3150 38.3065 100.0000 stroke3
movl 0 -40.9216 404.3275 173.9693 -163.0478 14.5982 37.0203 100.0000 stroke3
movl 0 -25.4464 401.5279 185.5656 -156.0368 13.3220 38.0361 100.0000 stroke3
movl 0 -11.5472 388.5331 234.0873 -142.2565 1.8430 45.3716 100.0000 stroke3
movl 0 -11.1792 387.0539 218.0675 -141.7510 -4.0686 59.9992 100.0000 stroke4
movl 0 -20.1193 386.4096 177.8786 -145.3068 -0.2564 56.6873 100.0000 stroke4
movl 0 -24.3640 389.5655 172.4291 -148.3642 1.9173 53.6565 100.0000 stroke4
movl 0 -27.5991 390.3049 170.5500 -150.2150 1.7233 52.5861 100.0000 stroke4
movl 0 -30.2645 390.3582 169.6182 -150.5559 0.7557 52.4663 100.0000 stroke4
movl 0 -33.1723 392.6815 168.2368 -151.8497 0.5474 53.0965 100.0000 stroke4
movl 0 -33.9320 396.8917 168.1428 -154.1630 3.0244 51.3029 100.0000 stroke4
movl 0 -32.2928 399.7653 168.0912 -155.1036 5.1999 49.6846 100.0000 stroke4
movl 0 -31.8485 401.9904 168.6125 -156.5007 8.0786 48.3409 100.0000 stroke4
movl 0 -33.2850 403.9948 169.1549 -158.4087 11.0092 47.7704 100.0000 stroke4
movl 0 -32.5674 402.8714 169.6818 -157.8160 10.7055 47.4646 100.0000 stroke4
movl 0 -32.4781 403.5501 169.6716 -158.4622 11.0508 46.9237 100.0000 stroke4
movl 0 -32.3343 398.5408 171.4048 -155.7337 8.6249 47.2967 100.0000 stroke4
movl 0 -36.3188 380.5691 208.9563 -146.2924 -7.3613 53.6770 100.0000 stroke4
movl 0 -22.7704 384.6860 222.8820 -149.4304 -17.6007 79.4820 100.0000 stroke5
movl 0 -20.5642 393.4526 178.5908 -152.0623 -8.8235 69.2760 100.0000 stroke5
movl 0 -25.8317 393.9298 176.8304 -153.5877 -4.5433 61.6106 100.0000 stroke5
movl 0 -29.9833 394.8463 174.6105 -154.6852 -1.5767 59.1223 100.0000 stroke5
movl 0 -34.3638 394.6087 173.3081 -154.6163 -1.6051 60.1579 100.0000 stroke5
movl 0 -37.3805 395.9132 171.8487 -155.7617 -2.2453 60.7412 100.0000 stroke5
movl 0 -38.0434 398.0179 171.2849 -157.1611 -1.7267 60.5054 100.0000 stroke5
movl 0 -37.4349 398.4873 171.4661 -157.7048 -1.5784 59.8904 100.0000 stroke5
movl 0 -34.5216 399.3395 171.6997 -157.6874 -1.1963 58.8189 100.0000 stroke5
movl 0 -27.4572 401.7357 171.9251 -157.6870 -0.2464 56.4922 100.0000 stroke5
movl 0 -18.1224 405.5215 171.7436 -158.0927 1.0791 52.4859 100.0000 stroke5
movl 0 -11.7418 407.0674 171.6064 -157.2980 2.3559 50.9868 100.0000 stroke5
movl 0 -4.8939 411.9839 170.2137 -157.2125 5.6216 49.7502 100.0000 stroke5
movl 0 1.0638 419.0231 168.2418 -159.3847 10.1888 47.3913 100.0000 stroke5
movl 0 6.9980 424.6234 165.9171 -159.6947 13.7537 46.8934 100.0000 stroke5
movl 0 8.5771 426.3438 164.7565 -159.0602 15.1517 48.2345 100.0000 stroke5
movl 0 8.0920 426.0097 164.6983 -158.4461 15.3115 49.4090 100.0000 stroke5
movl 0 7.8421 425.2094 164.9637 -157.6988 15.4721 50.7928 100.0000 stroke5
movl 0 11.7547 418.7551 168.9960 -153.3974 14.6726 53.1183 100.0000 stroke5
movl 0 8.1559 394.5064 204.2926 -141.6582 1.3351 62.8118 100.0000 stroke5
movl 0 -17.0539 378.5410 217.2282 -162.2536 -32.5576 111.4609 100.0000 stroke6
movl 0 -16.3492 388.4085 178.0704 -155.0020 -19.1261 99.8384 100.0000 stroke6
movl 0 -25.1743 389.1012 174.5636 -157.7630 -15.3172 96.5125 100.0000 stroke6
movl 0 -27.1813 387.6545 174.1453 -159.0011 -14.7628 93.8791 100.0000 stroke6
movl 0 -31.6266 386.4598 174.0095 -159.6981 -14.0786 92.3133 100.0000 stroke6
movl 0 -33.6327 385.8574 173.6298 -160.3129 -14.4926 90.3041 100.0000 stroke6
movl 0 -33.6073 387.7540 172.7883 -160.1085 -13.5257 89.6320 100.0000 stroke6
movl 0 -35.8589 389.5903 172.2692 -161.1939 -12.2239 89.0823 100.0000 stroke6
movl 0 -36.4287 390.2499 172.5252 -161.8590 -11.4282 88.2136 100.0000 stroke6
movl 0 -36.2885 390.3001 172.5925 -162.0639 -11.4187 87.4605 100.0000 stroke6
movl 0 -32.7858 391.6046 172.7707 -161.8618 -10.9288 85.7018 100.0000 stroke6
movl 0 -27.0725 394.0658 172.6379 -161.6651 -10.1073 82.7128 100.0000 stroke6
movl 0 -23.3011 394.8628 172.5383 -160.9417 -9.7817 81.6635 100.0000 stroke6
movl 0 -21.8262 394.4662 172.6228 -160.1212 -9.9564 81.4066 100.0000 stroke6
movl 0 -21.5840 396.8446 172.2462 -160.5834 -8.2581 80.7931 100.0000 stroke6
movl 0 -21.3485 397.4719 171.9744 -160.2801 -7.7311 80.8998 100.0000 stroke6
movl 0 -20.8272 397.5712 171.7672 -159.2696 -7.3567 81.8507 100.0000 stroke6
movl 0 -18.4805 381.6662 180.5160 -152.3882 -14.5841 85.6241 100.0000 stroke6
movl 0 -15.9745 353.5179 236.7042 -140.5792 -28.4888 79.1102 100.0000 stroke6
movl 0 -26.1929 367.7773 240.1391 -142.5764 -11.8101 69.1021 100.0000 stroke7
movl 0 -16.3051 383.1807 185.9496 -144.9327 4.0030 60.9626 100.0000 stroke7
movl 0 -16.4063 386.8307 172.5578 -149.2304 7.4473 55.5157 100.0000 stroke7
movl 0 -21.9141 385.0564 173.0556 -152.1217 6.0317 54.0407 100.0000 stroke7
movl 0 -23.8767 386.4883 172.6387 -153.2207 5.9572 53.8009 100.0000 stroke7
movl 0 -21.8206 387.6763 172.0667 -152.7471 6.7988 53.9042 100.0000 stroke7
movl 0 -24.1171 390.5028 170.5536 -153.8479 7.5974 54.2803 100.0000 stroke7
movl 0 -26.6376 395.8237 169.9158 -157.4816 9.7177 51.1066 100.0000 stroke7
movl 0 -26.9173 398.9521 169.7828 -159.5839 11.4105 48.3621 100.0000 stroke7
movl 0 -26.5962 399.6647 169.9200 -160.4194 12.5111 46.6103 100.0000 stroke7
movl 0 -26.0599 400.6800 170.5804 -161.9248 14.1711 44.5538 100.0000 stroke7
movl 0 -25.5188 401.8874 171.1806 -163.9570 16.1904 41.4238 100.0000 stroke7
movl 0 -25.2781 402.7770 171.8923 -166.1070 17.8689 38.5677 100.0000 stroke7
movl 0 -23.7189 401.7683 172.4895 -165.8268 18.3799 37.7176 100.0000 stroke7
movl 0 -25.1067 402.4242 172.1898 -166.9747 18.6398 37.2275 100.0000 stroke7
movl 0 -19.9007 389.9129 177.6748 -157.3792 14.1433 41.4747 100.0000 stroke7
movl 0 -22.6718 363.5992 225.6322 -142.4472 -4.1320 54.8748 100.0000 stroke7
movl 0 -14.4239 378.4889 185.4590 -147.5996 3.3034 60.9713 100.0000 stroke8
movl 0 -13.2247 377.4919 184.0050 -148.9848 4.8831 57.6363 100.0000 stroke8
movl 0 -20.6436 381.5346 175.3932 -153.5238 4.7800 55.7313 100.0000 stroke8
movl 0 -21.2716 383.2283 174.0843 -154.1913 4.2511 55.5886 100.0000 stroke8
movl 0 -25.0153 383.2112 173.9957 -154.9962 3.6518 56.0037 100.0000 stroke8
movl 0 -23.5808 385.5080 173.2558 -154.9276 4.6209 56.2004 100.0000 stroke8
movl 0 -24.3262 387.1662 172.5999 -155.5171 4.8730 55.8656 100.0000 stroke8
movl 0 -25.6948 388.8447 172.0663 -156.6450 4.8891 55.0052 100.0000 stroke8
movl 0 -25.4921 389.6547 172.1201 -157.3554 5.0427 53.8236 100.0000 stroke8
movl 0 -23.7940 390.4698 172.0656 -157.6365 5.2929 52.5014 100.0000 stroke8
movl 0 -18.7673 392.6410 171.7895 -158.2426 5.9285 49.6029 100.0000 stroke8
movl 0 -13.2963 395.0939 171.3610 -158.8173 6.4871 46.8284 100.0000 stroke8
movl 0 -9.7878 394.3121 171.6546 -157.7194 7.1953 46.4066 100.0000 stroke8
movl 0 -6.5537 399.5771 170.2314 -159.4446 9.9266 44.6498 100.0000 stroke8
movl 0 -0.8409 406.5651 168.2447 -161.5476 14.2206 42.6901 100.0000 stroke8
movl 0 2.7100 410.6908 166.2059 -161.6121 16.8355 43.2905 100.0000 stroke8
movl 0 2.4018 412.3907 165.7773 -162.1658 18.5372 44.2890 100.0000 stroke8
movl 0 0.8564 413.6241 165.7644 -163.3924 20.4095 45.4468 100.0000 stroke8
movl 0 0.4273 412.8451 166.2611 -163.5559 20.8530 45.5925 100.0000 stroke8
movl 0 -0.3999 412.9695 166.4557 -164.0311 21.2338 45.5419 100.0000 stroke8
movl 0 -0.7226 411.8597 167.0091 -163.6449 20.6617 45.5655 100.0000 stroke8
movl 0 -0.2579 402.4419 170.3754 -158.8722 16.4908 46.9549 100.0000 stroke8
movl 0 -7.1738 374.9439 212.3223 -145.8542 2.5068 53.2981 100.0000 stroke8
movl 0 -11.4865 378.4945 203.6659 -148.1598 4.5343 59.1458 100.0000 stroke9
movl 0 -12.3991 384.0120 175.3831 -152.6947 8.1576 54.7616 100.0000 stroke9
movl 0 -19.1194 382.9127 176.0902 -154.6770 6.8687 54.6051 100.0000 stroke9
movl 0 -19.8300 384.9042 174.8200 -155.1982 7.2630 55.2386 100.0000 stroke9
movl 0 -19.2630 386.1452 174.2140 -155.4570 7.5781 55.1501 100.0000 stroke9
movl 0 -19.6168 387.0775 173.5239 -155.4238 7.6607 55.7614 100.0000 stroke9
movl 0 -20.8398 388.0421 173.0680 -156.3266 7.3039 55.0559 100.0000 stroke9
movl 0 -23.0090 388.4482 173.1951 -157.7723 6.7045 53.7789 100.0000 stroke9
movl 0 -24.8515 388.3159 173.1831 -158.5460 6.1217 53.1305 100.0000 stroke9
movl 0 -23.4859 389.1766 173.0273 -159.1318 6.1405 51.2479 100.0000 stroke9
movl 0 -21.7084 390.1071 172.9391 -159.3248 6.5516 50.0764 100.0000 stroke9
movl 0 -21.0384 389.2168 173.3006 -159.1482 6.5403 49.9732 100.0000 stroke9
movl 0 -20.3907 389.3012 173.4083 -159.0176 6.9125 50.1941 100.0000 stroke9
movl 0 -16.5435 379.9123 185.5488 -151.4118 5.1588 56.1584 100.0000 stroke9
movl 0 -0.6395 377.4967 241.5247 -145.3785 11.0721 58.6261 100.0000 stroke10
movl 0 1.1871 384.3378 181.6386 -150.2343 14.5040 54.4294 100.0000 stroke10
movl 0 -7.1661 378.7697 181.4630 -152.3059 10.8718 51.8565 100.0000 stroke10
movl 0 -14.6100 380.6674 177.5994 -155.3319 10.2043 51.0895 100.0000 stroke10
movl 0 -19.0198 380.7740 176.5592 -156.2951 9.4400 50.6784 100.0000 stroke10
movl 0 -21.4744 383.2587 174.7434 -157.0334 10.0115 51.5923 100.0000 stroke10
movl 0 -21.2007 385.4076 173.5214 -157.2564 10.5918 51.4830 100.0000 stroke10
movl 0 -23.5316 386.5522 173.2335 -159.1476 10.1685 49.6105 100.0000 stroke10
movl 0 -25.1509 385.3397 173.7346 -159.7267 9.4262 48.4948 100.0000 stroke10
movl 0 -22.7876 386.2768 173.7155 -160.1285 9.7455 46.8005 100.0000 stroke10
movl 0 -19.1020 387.6415 173.7086 -160.9844 10.2797 44.0486 100.0000 stroke10
movl 0 -16.7525 388.7200 173.5320 -161.7118 10.5390 42.0828 100.0000 stroke10
movl 0 -18.9666 387.4031 174.1386 -161.8763 9.7574 41.9384 100.0000 stroke10
movl 0 -18.4352 388.0257 173.9659 -162.5381 10.0357 41.3897 100.0000 stroke10
movl 0 -19.2794 385.6470 174.9299 -161.0109 10.0159 43.5534 100.0000 stroke10
movl 0 -21.8879 378.3264 199.2004 -154.0070 7.7080 50.1027 100.0000 stroke10
movl 0 -15.8525 364.8773 216.8019 -148.0741 5.2823 55.9555 100.0000 stroke11
movl 0 -18.1721 364.2479 182.6668 -152.4735 7.0251 53.8191 100.0000 stroke11
movl 0 -26.8653 365.1246 178.5239 -154.6660 6.3414 53.0036 100.0000 stroke11
movl 0 -34.3966 367.1894 175.7743 -156.1897 6.4718 53.3994 100.0000 stroke11
movl 0 -37.4708 368.0446 174.6286 -156.4756 6.9117 53.8856 100.0000 stroke11
movl 0 -39.6999 369.6007 173.6451 -157.2796 7.0674 53.6162 100.0000 stroke11
movl 0 -43.1777 370.8328 173.7249 -160.1056 6.7068 51.6173 100.0000 stroke11
movl 0 -44.3363 371.4805 174.1627 -161.5134 6.9998 50.1627 100.0000 stroke11
movl 0 -44.6202 371.2055 174.3453 -161.5684 6.3915 49.1718 100.0000 stroke11
movl 0 -40.6455 372.1699 174.4853 -161.5612 6.6490 47.4044 100.0000 stroke11
movl 0 -36.0394 373.3594 174.7063 -161.7903 6.9835 45.5629 100.0000 stroke11
movl 0 -28.1521 375.3212 174.9590 -162.2291 7.7981 42.5116 100.0000 stroke11
movl 0 -21.4841 377.8505 175.1150 -163.7189 7.8504 38.3470 100.0000 stroke11
movl 0 -18.1992 380.4030 175.0289 -165.6840 7.2918 34.1856 100.0000 stroke11
movl 0 -16.9674 380.2788 175.0796 -166.0701 7.1190 33.1605 100.0000 stroke11
movl 0 -13.5699 377.3148 176.2575 -163.9883 7.4698 33.7851 100.0000 stroke11
movl 0 -13.3225 377.8325 176.0825 -164.9971 7.8134 33.9296 100.0000 stroke11
movl 0 -13.1621 377.7112 175.6309 -164.6886 8.5326 36.1030 100.0000 stroke11
movl 0 -10.3722 366.2981 177.7744 -153.7201 5.4399 48.5885 100.0000 stroke11
movl 0 -14.2832 345.8491 235.8950 -140.3423 -19.9124 68.4999 100.0000 stroke11
movl 0 -3.5517 387.1190 228.8794 -147.5031 -4.6234 76.4738 100.0000 stroke12
movl 0 -10.2607 388.6046 187.8768 -150.6944 -2.4755 74.2560 100.0000 stroke12
movl 0 -27.8547 386.0766 174.9334 -156.0264 -8.7662 74.2623 100.0000 stroke12
movl 0 -27.1957 385.2251 173.1806 -156.1632 -10.4955 75.1035 100.0000 stroke12
movl 0 -28.6683 386.4970 172.6631 -156.9619 -10.4886 75.4379 100.0000 stroke12
movl 0 -27.5089 387.9943 171.8325 -156.9563 -10.4125 75.7717 100.0000 stroke12
movl 0 -29.2555 391.2760 170.4527 -158.0362 -9.4084 75.5649 100.0000 stroke12
movl 0 -27.8092 394.8292 169.9416 -158.5963 -7.0464 73.5032 100.0000 stroke12
movl 0 -28.2104 396.0182 169.8469 -158.4972 -5.3325 73.2658 100.0000 stroke12
movl 0 -26.9877 396.6818 170.1192 -158.2388 -4.0967 72.5117 100.0000 stroke12
movl 0 -26.7464 397.0643 170.4345 -158.2425 -3.0721 72.0944 100.0000 stroke12
movl 0 -26.5785 397.6101 170.7883 -158.4038 -1.9148 71.4696 100.0000 stroke12
movl 0 -26.8536 398.1334 171.2535 -158.7996 -0.6953 70.6392 100.0000 stroke12
movl 0 -27.2181 398.2730 171.7909 -159.1153 0.3293 69.5779 100.0000 stroke12
movl 0 -27.5029 398.4012 172.4657 -159.5114 1.4152 68.4356 100.0000 stroke12
movl 0 -27.8154 398.6269 173.0242 -159.9547 2.4344 67.6492 100.0000 stroke12
movl 0 -28.4628 398.3396 173.5786 -160.3762 3.2147 66.9780 100.0000 stroke12
movl 0 -28.8169 398.5175 173.9387 -160.8872 4.3234 66.0326 100.0000 stroke12
movl 0 -29.0421 398.6055 174.2864 -161.4339 5.2316 65.3445 100.0000 stroke12
movl 0 -29.2277 398.6461 174.5856 -161.9154 6.1309 64.5926 100.0000 stroke12
movl 0 -29.5651 398.1224 174.8265 -162.3503 6.9721 63.9697 100.0000 stroke12
movl 0 -30.2930 397.5702 175.0384 -162.9512 7.4685 63.4720 100.0000 stroke12
movl 0 -30.6570 397.4914 175.1151 -163.4183 8.2231 62.8292 100.0000 stroke12
movl 0 -31.5035 396.9574 175.4281 -164.0784 8.6810 62.1893 100.0000 stroke12
movl 0 -31.8713 397.3639 175.4699 -164.6154 9.4252 61.1394 100.0000 stroke12
movl 0 -32.3700 396.8556 175.5247 -165.0245 9.7977 60.6629 100.0000 stroke12
movl 0 -32.7471 396.7901 175.5962 -165.3566 10.0687 60.2698 100.0000 stroke12
movl 0 -33.3463 396.4922 175.6553 -165.7002 10.3506 60.1948 100.0000 stroke12
movl 0 -33.7627 395.9454 175.6734 -166.0776 10.7803 59.7063 100.0000 stroke12
movl 0 -34.1515 395.6343 175.7753 -166.3736 10.9410 59.5032 100.0000 stroke12
movl 0 -34.4022 395.2894 175.7451 -166.7238 11.3709 59.1764 100.0000 stroke12
movl 0 -34.7726 395.0512 175.7175 -167.2644 11.8824 58.6084 100.0000 stroke12
movl 0 -35.3685 394.9896 175.6774 -167.8223 12.3228 58.3612 100.0000 stroke12
movl 0 -35.6308 394.5110 175.5934 -168.0873 12.6097 58.2632 100.0000 stroke12
movl 0 -36.0438 394.3104 175.4729 -168.4881 12.9821 58.2859 100.0000 stroke12
movl 0 -36.7931 393.9822 175.4789 -169.0601 13.4790 57.7919 100.0000 stroke12
movl 0 -37.5737 392.9694 175.6667 -169.3644 13.5764 57.7645 100.0000 stroke12
movl 0 -35.6737 391.7583 176.4066 -168.4901 12.7611 57.8939 100.0000 stroke12
movl 0 -34.2585 391.5173 176.5744 -168.1192 12.6107 57.9725 100.0000 stroke12
movl 0 -35.7483 391.7701 176.2866 -168.8455 13.2618 58.5706 100.0000 stroke12
movl 0 -33.8646 391.0352 176.9027 -168.1752 12.8728 58.2474 100.0000 stroke12
movl 0 -32.5235 390.6200 177.1559 -167.6668 12.7994 58.3159 100.0000 stroke12
movl 0 -33.8276 390.5262 176.9572 -168.3933 13.3073 58.6741 100.0000 stroke12
movl 0 -31.4203 390.4577 177.3507 -167.6236 13.3879 58.5945 100.0000 stroke12
movl 0 -33.4182 390.5116 177.0511 -168.4614 13.8019 58.6833 100.0000 stroke12
movl 0 -32.2644 390.6797 177.1386 -168.1356 13.7607 58.4223 100.0000 stroke12
movl 0 -28.8395 389.4575 178.5743 -166.3186 12.9878 58.4937 100.0000 stroke12
movl 0 -15.5218 382.6419 193.1567 -158.4924 8.4532 59.7607 100.0000 stroke12
