movl 0 -13.4922 398.5175 168.2680 -160.5014 22.6115 7.1522 100.0000 stroke1
movl 0 -15.0157 401.5641 167.7332 -162.2479 22.1769 6.2504 100.0000 stroke1
movl 0 -15.3388 404.1813 166.9537 -164.5021 21.9277 4.5104 100.0000 stroke1
movl 0 -14.4304 407.6043 166.0383 -166.6925 21.9416 3.0367 100.0000 stroke1
movl 0 -13.2340 410.5001 165.3986 -168.7210 21.8895 1.4151 100.0000 stroke1
movl 0 -11.5877 413.4290 164.9860 -170.3532 22.4556 0.5516 100.0000 stroke1
movl 0 -11.0069 414.3361 164.6392 -171.1030 23.1491 0.6408 100.0000 stroke1
movl 0 -11.4754 413.9033 164.6538 -171.2763 23.2781 0.6876 100.0000 stroke1
movl 0 -11.8165 413.5379 164.6034 -171.6245 23.5287 0.5061 100.0000 stroke1
movl 0 -12.0182 413.0176 164.6265 -171.8419 23.9411 0.5261 100.0000 stroke1
movl 0 -12.4544 412.5191 164.6673 -172.0423 24.2667 0.6842 100.0000 stroke1
movl 0 -13.2967 411.8859 164.7846 -172.1472 24.6284 1.0853 100.0000 stroke1
movl 0 -14.4024 411.2148 164.9633 -172.2044 25.0659 1.6025 100.0000 stroke1
movl 0 -15.3759 410.9370 164.8676 -172.3054 25.5358 1.9893 100.0000 stroke1
movl 0 -16.7047 410.4994 164.9408 -172.2918 25.8956 2.4611 100.0000 stroke1
movl 0 -17.9186 410.1002 165.0628 -172.2238 26.2842 2.8599 100.0000 stroke1
movl 0 -18.5354 409.6460 165.0378 -171.9948 26.8475 3.1435 100.0000 stroke1
movl 0 -17.1870 407.0948 165.5137 -170.1048 29.5296 4.1996 100.0000 stroke1
movl 0 -15.6566 400.2688 179.9718 -162.2102 34.1142 6.9165 100.0000 stroke1
movl 0 -22.7738 412.0759 209.9301 -160.7006 34.0838 14.0324 100.0000 stroke2
movl 0 -16.5738 402.8501 180.0341 -163.2243 31.2761 10.2027 100.0000 stroke2
movl 0 -22.6430 400.1144 167.5986 -162.8677 27.8152 10.7984 100.0000 stroke2
movl 0 -26.7961 399.8349 166.2203 -162.5941 25.6241 11.7081 100.0000 stroke2
movl 0 -26.4978 402.6242 165.2114 -164.1906 25.7577 10.1642 100.0000 stroke2
movl 0 -30.0457 407.4922 164.5112 -168.7157 24.5998 5.8700 100.0000 stroke2
movl 0 -29.5596 412.8778 163.5397 -173.7867 24.4596 -0.2770 100.0000 stroke2
movl 0 -28.1696 415.4800 163.4687 -177.5265 24.2411 -5.9085 100.0000 stroke2
movl 0 -28.4941 415.9566 163.9976 -179.8178 24.0250 -10.1000 100.0000 stroke2
movl 0 -28.5578 416.2648 164.6526 177.3661 22.9218 -14.0094 100.0000 stroke2
movl 0 -28.5303 416.9886 165.2589 173.0575 22.5174 -20.8259 100.0000 stroke2
movl 0 -28.2425 418.1689 165.5118 169.9794 21.0107 -24.4672 100.0000 stroke2
movl 0 -28.1596 419.2085 165.7151 167.2839 19.4648 -27.5555 100.0000 stroke2
movl 0 -29.3563 420.1108 165.8662 163.5750 18.2200 -33.9508 100.0000 stroke2
movl 0 -29.1938 418.3109 166.6464 163.6690 17.8262 -35.2868 100.0000 stroke2
movl 0 -26.9417 418.0965 166.5911 163.4358 18.2535 -36.3605 100.0000 stroke2
movl 0 -28.5339 417.8430 166.6542 162.8729 17.1703 -36.8029 100.0000 stroke2
movl 0 -27.2518 417.8360 166.7632 162.3414 17.3158 -37.6213 100.0000 stroke2
movl 0 -27.7532 417.0576 166.9359 162.5627 17.2255 -38.0060 100.0000 stroke2
movl 0 -27.8635 414.4435 167.6805 163.8882 18.2109 -38.7598 100.0000 stroke2
movl 0 -27.9389 411.3902 168.4629 165.4848 19.3499 -39.2601 100.0000 stroke2
movl 0 -25.7850 399.9459 173.3161 173.1251 24.6819 -33.5359 100.0000 stroke2
movl 0 -14.9376 389.5001 219.1922 -168.4190 35.1188 -16.1218 100.0000 stroke2
movl 0 -20.8338 358.8723 187.6434 -172.6924 36.4611 -23.9406 100.0000 stroke3
movl 0 -16.1880 361.4068 171.5501 178.8650 34.5481 -36.6266 100.0000 stroke3
movl 0 -26.5494 365.8078 169.7280 179.4873 31.3690 -36.8508 100.0000 stroke3
movl 0 -28.2073 368.7501 168.3506 178.8424 29.9815 -38.0707 100.0000 stroke3
movl 0 -30.5680 370.6661 166.8391 -178.6671 29.0542 -32.4284 100.0000 stroke3
movl 0 -32.8325 372.0876 166.1124 -176.8414 27.4936 -29.7710 100.0000 stroke3
movl 0 -35.1859 371.9811 166.4952 -175.0688 25.5670 -28.1607 100.0000 stroke3
movl 0 -36.5274 371.2373 166.6961 -174.0337 24.9403 -27.6377 100.0000 stroke3
movl 0 -38.0936 370.9882 166.8965 -173.2050 23.9838 -27.7783 100.0000 stroke3
movl 0 -37.7527 371.4382 166.9703 -172.2027 22.6611 -27.3638 100.0000 stroke3
movl 0 -36.3574 372.0747 167.1891 -171.4240 21.7182 -27.8763 100.0000 stroke3
movl 0 -34.5000 373.5829 167.1351 -171.4179 21.2379 -29.9629 100.0000 stroke3
movl 0 -32.8987 374.0383 167.1172 -171.8323 21.7377 -31.4896 100.0000 stroke3
movl 0 -29.3470 372.4154 167.7613 -172.8345 24.1992 -33.4991 100.0000 stroke3
movl 0 -28.3843 371.9738 167.9396 -173.1776 24.7856 -34.0416 100.0000 stroke3
movl 0 -28.5318 373.0811 167.8432 -173.8202 24.2293 -34.1686 100.0000 stroke3
movl 0 -27.9771 374.8019 167.7952 -175.2276 23.2903 -35.5392 100.0000 stroke3
movl 0 -27.1624 375.8445 167.5425 -176.3714 23.5238 -35.7546 100.0000 stroke3
movl 0 -26.6868 376.0271 167.5267 -177.0000 23.8685 -35.6926 100.0000 stroke3
movl 0 -26.5684 376.2959 167.4549 -177.3404 23.9153 -35.7099 100.0000 stroke3
movl 0 -25.6848 376.2341 167.4496 -177.8312 24.4013 -35.5143 100.0000 stroke3
movl 0 -20.6569 374.8918 168.3264 -179.1089 26.7000 -35.7828 100.0000 stroke3
movl 0 -17.1871 374.5497 182.2038 -179.3861 30.8124 -35.7199 100.0000 stroke3
movl 0 5.6054 393.5003 185.9229 165.0815 33.0979 -40.8824 100.0000 stroke4
movl 0 5.1666 389.6353 168.2583 166.1854 30.9408 -41.4580 100.0000 stroke4
movl 0 -0.5925 387.7668 166.5039 168.5553 29.6094 -40.5217 100.0000 stroke4
movl 0 -1.0165 388.1223 165.7755 169.4972 29.4003 -40.5533 100.0000 stroke4
movl 0 -2.2019 390.3978 164.6837 169.6304 28.6203 -40.4454 100.0000 stroke4
movl 0 -4.5559 394.2639 163.4880 168.7886 26.4613 -41.4379 100.0000 stroke4
movl 0 -5.2927 396.9534 162.9767 167.7435 24.4803 -42.3635 100.0000 stroke4
movl 0 -4.0788 399.7696 161.9528 165.9429 22.9372 -44.1652 100.0000 stroke4
movl 0 -1.5840 401.4434 160.9973 164.5591 22.2704 -45.5230 100.0000 stroke4
movl 0 -1.6800 402.3689 160.6301 163.7318 22.1007 -45.5399 100.0000 stroke4
movl 0 -1.4887 402.2378 160.7969 162.8400 21.9286 -45.6778 100.0000 stroke4
movl 0 -1.8822 401.3503 161.2629 162.4983 22.0222 -45.3363 100.0000 stroke4
movl 0 -2.3188 400.3457 161.6727 162.4167 22.3312 -44.7196 100.0000 stroke4
movl 0 -2.5501 399.5145 162.0373 162.4772 22.7110 -44.1559 100.0000 stroke4
movl 0 -2.4485 397.8323 162.7730 162.5718 23.5269 -43.4039 100.0000 stroke4
movl 0 1.1458 389.9485 171.9876 164.4622 31.1523 -39.9317 100.0000 stroke4
movl 0 -36.2011 358.1868 217.8855 -149.6715 21.1085 24.4952 100.0000 stroke5
movl 0 -34.0838 354.4983 183.4637 -153.2234 21.5622 21.3170 100.0000 stroke5
movl 0 -40.4545 351.8831 178.9882 -154.9486 18.7354 19.1020 100.0000 stroke5
movl 0 -47.2145 351.9265 175.4336 -156.1132 16.1379 17.7631 100.0000 stroke5
movl 0 -51.4131 350.6949 173.3564 -155.6416 15.0102 19.3086 100.0000 stroke5
movl 0 -52.6013 350.2499 172.4087 -155.3529 14.7899 20.6656 100.0000 stroke5
movl 0 -52.9684 349.6986 171.7457 -155.3245 14.8343 20.5540 100.0000 stroke5
movl 0 -60.5454 344.3578 171.8837 -154.5311 12.5219 20.8226 100.0000 stroke5
movl 0 -71.4374 339.8783 171.2111 -153.9077 10.0023 21.8449 100.0000 stroke5
movl 0 -74.3808 341.3236 169.9096 -154.4434 9.8804 21.8706 100.0000 stroke5
movl 0 -75.6449 343.8554 168.8933 -155.7204 10.0638 21.0609 100.0000 stroke5
movl 0 -77.6594 345.5962 168.2099 -156.9992 9.4271 20.2655 100.0000 stroke5
movl 0 -78.7589 346.9921 168.3405 -158.3025 9.1500 19.0496 100.0000 stroke5
movl 0 -80.0077 347.9581 168.3135 -159.6383 8.9316 17.9107 100.0000 stroke5
movl 0 -82.2248 347.0421 168.3914 -159.6434 8.2086 17.7919 100.0000 stroke5
movl 0 -83.9730 346.0260 168.3518 -159.1852 7.4754 17.7657 100.0000 stroke5
movl 0 -85.0975 346.1637 168.2172 -159.4641 7.1133 16.7972 100.0000 stroke5
movl 0 -85.0640 346.3539 168.3477 -160.3869 7.6130 15.8615 100.0000 stroke5
movl 0 -86.9035 346.4099 168.3184 -160.1866 7.0883 15.4059 100.0000 stroke5
movl 0 -85.4448 347.3154 168.1621 -160.1735 6.9797 14.5194 100.0000 stroke5
movl 0 -83.5179 348.1234 168.5658 -160.2953 6.9799 13.4877 100.0000 stroke5
movl 0 -80.4759 349.0192 169.1277 -160.4447 7.2813 12.0912 100.0000 stroke5
movl 0 -77.6260 350.1099 169.6608 -160.8598 7.5830 10.6842 100.0000 stroke5
movl 0 -74.7720 351.0013 170.1328 -161.1220 7.7831 9.2387 100.0000 stroke5
movl 0 -72.6075 351.8673 170.4726 -161.4752 7.8754 7.9413 100.0000 stroke5
movl 0 -70.5508 352.4411 170.7955 -161.6436 7.8204 6.8238 100.0000 stroke5
movl 0 -68.1095 353.3545 171.1147 -161.9786 7.8442 5.5503 100.0000 stroke5
movl 0 -65.7704 354.1672 171.4400 -162.4166 7.8193 4.2165 100.0000 stroke5
movl 0 -63.5616 355.0875 171.7216 -162.8139 7.7981 2.5763 100.0000 stroke5
movl 0 -61.2166 356.0690 171.9824 -163.1827 7.6952 0.8683 100.0000 stroke5
movl 0 -59.5548 357.4422 172.1697 -163.7080 7.2001 -1.2453 100.0000 stroke5
movl 0 -58.3507 358.9460 172.4024 -164.2867 6.3578 -3.7139 100.0000 stroke5
movl 0 -57.6027 360.3231 172.5414 -164.6591 5.2820 -5.9720 100.0000 stroke5
movl 0 -56.7961 361.6235 172.6077 -165.0199 4.5753 -8.1239 100.0000 stroke5
movl 0 -56.3668 363.5830 172.3413 -165.3812 3.4110 -10.8002 100.0000 stroke5
movl 0 -55.6783 366.1065 172.0121 -165.9012 2.3551 -13.7959 100.0000 stroke5
movl 0 -56.2585 367.9469 171.6827 -166.2661 1.3796 -16.5825 100.0000 stroke5
movl 0 -55.4183 368.9831 171.6002 -166.6263 1.4322 -17.7860 100.0000 stroke5
movl 0 -53.3448 365.5804 173.0242 -165.6561 2.9286 -16.8995 100.0000 stroke5
movl 0 -51.4181 363.8136 173.8068 -164.8069 3.8741 -16.8122 100.0000 stroke5
movl 0 -50.6857 363.4550 174.0753 -164.4921 4.1135 -17.0618 100.0000 stroke5
movl 0 -50.2215 363.9545 174.0360 -164.7726 4.1914 -17.3109 100.0000 stroke5
movl 0 -49.6256 365.3146 173.9980 -165.7541 4.1550 -17.9618 100.0000 stroke5
movl 0 -49.1914 366.9171 174.0458 -166.9789 4.0280 -18.9063 100.0000 stroke5
movl 0 -49.0378 367.6105 174.2444 -167.6624 3.9139 -19.4429 100.0000 stroke5
movl 0 -48.5912 368.1002 174.5591 -168.3432 3.9928 -20.1099 100.0000 stroke5
movl 0 -48.2918 368.4050 174.8157 -168.8735 3.9547 -20.5376 100.0000 stroke5
movl 0 -47.6661 368.5032 175.1008 -169.2201 4.0636 -20.8330 100.0000 stroke5
movl 0 -46.5686 368.5095 175.4456 -169.5045 4.2596 -21.0906 100.0000 stroke5
movl 0 -45.3696 368.2044 175.8941 -169.7431 4.4574 -21.4086 100.0000 stroke5
movl 0 -43.4991 367.3544 176.6850 -169.8687 4.9664 -21.9784 100.0000 stroke5
movl 0 -41.3775 366.5251 177.4776 -169.9935 5.5909 -22.1797 100.0000 stroke5
movl 0 -40.1596 365.5030 177.8797 -170.0193 6.3082 -22.3758 100.0000 stroke5
movl 0 -38.9359 364.1031 178.0180 -169.6625 8.0230 -21.3638 100.0000 stroke5
movl 0 -37.7015 362.3827 178.2110 -168.7602 9.5740 -20.2070 100.0000 stroke5
movl 0 -37.1482 361.5475 178.2128 -168.1218 10.5756 -19.5562 100.0000 stroke5
movl 0 -32.4386 354.3489 180.1868 -164.6666 15.4372 -14.6437 100.0000 stroke5
movl 0 -26.5003 342.3058 222.9748 -151.8403 23.3672 -2.4701 100.0000 stroke5
movl 0 -5.1407 378.7314 227.0351 -161.0134 35.5109 13.5644 100.0000 stroke6
movl 0 3.8956 383.7827 177.6943 -173.2827 38.5376 1.8856 100.0000 stroke6
movl 0 3.0177 378.3501 168.3831 -176.3370 35.9773 -5.5640 100.0000 stroke6
movl 0 -3.0575 375.1951 169.2658 -176.8076 32.1171 -8.9243 100.0000 stroke6
movl 0 -7.5979 376.8059 168.8720 -177.7963 30.1430 -10.8776 100.0000 stroke6
movl 0 -11.7231 377.8998 167.9583 -177.5006 28.8097 -10.9310 100.0000 stroke6
movl 0 -12.4438 380.1566 166.6821 -178.0992 28.6543 -10.9826 100.0000 stroke6
movl 0 -16.0356 382.6430 165.8922 -178.9847 26.9759 -11.4295 100.0000 stroke6
movl 0 -18.0496 385.2688 165.7356 179.0782 24.9138 -13.6779 100.0000 stroke6
movl 0 -17.8597 386.2427 165.7149 177.9656 24.2062 -15.2166 100.0000 stroke6
movl 0 -19.1178 386.2967 165.9251 177.3093 23.8069 -15.7958 100.0000 stroke6
movl 0 -19.4230 386.6406 166.1309 176.2843 23.3600 -16.5137 100.0000 stroke6
movl 0 -19.4664 386.9739 166.2319 175.1352 23.0204 -17.4521 100.0000 stroke6
movl 0 -19.9545 387.8204 166.3379 173.3404 22.4172 -19.1014 100.0000 stroke6
movl 0 -20.3550 389.0710 166.4220 170.4201 22.1404 -23.4040 100.0000 stroke6
movl 0 -21.2518 390.9718 166.3247 168.1013 20.7875 -24.7703 100.0000 stroke6
movl 0 -22.1051 392.2785 166.2191 166.7956 19.3340 -24.7020 100.0000 stroke6
movl 0 -21.5287 392.1400 166.3663 166.6231 19.3721 -24.8934 100.0000 stroke6
movl 0 -21.0884 391.4605 166.7181 166.7064 19.5344 -24.8873 100.0000 stroke6
movl 0 -22.0813 391.4236 166.6537 166.5604 19.1920 -24.7788 100.0000 stroke6
movl 0 -22.0184 389.4439 167.4162 167.8749 19.7518 -24.4596 100.0000 stroke6
movl 0 -21.1609 385.0433 168.4850 170.8394 21.8734 -23.9179 100.0000 stroke6
movl 0 -17.5469 369.8580 172.9491 -174.0180 27.9350 -10.3056 100.0000 stroke6
movl 0 -17.5816 351.0044 221.3042 -141.9443 22.9291 16.2354 100.0000 stroke6
movl 0 -20.3877 364.2242 188.2147 -152.8387 25.5950 33.5570 100.0000 stroke7
movl 0 -20.3887 359.3638 169.9253 -155.7901 23.1370 30.0965 100.0000 stroke7
movl 0 -27.9027 355.6549 169.1705 -155.8758 19.0874 30.5915 100.0000 stroke7
movl 0 -29.8578 357.3462 167.5218 -155.1206 17.9084 32.1662 100.0000 stroke7
movl 0 -34.1556 360.5105 165.8693 -156.5785 16.2068 33.2967 100.0000 stroke7
movl 0 -36.9634 365.3771 165.0680 -160.0884 16.0644 31.7540 100.0000 stroke7
movl 0 -35.8852 367.8042 164.8154 -161.6930 16.3250 29.8029 100.0000 stroke7
movl 0 -34.9431 369.0846 164.7436 -162.2696 16.7166 29.1380 100.0000 stroke7
movl 0 -34.8590 369.8197 164.8243 -163.1717 17.4179 28.9074 100.0000 stroke7
movl 0 -34.1775 370.6137 165.0931 -164.4638 18.4317 28.4140 100.0000 stroke7
movl 0 -33.7061 371.3976 165.2179 -165.8485 19.4838 28.0329 100.0000 stroke7
movl 0 -33.8206 371.2052 165.3934 -166.4364 20.0465 28.5179 100.0000 stroke7
movl 0 -33.6633 370.2956 165.6918 -166.1944 20.1535 28.9923 100.0000 stroke7
movl 0 -33.8625 369.4922 165.8768 -165.8008 20.0710 29.5601 100.0000 stroke7
movl 0 -32.4085 369.1488 165.9699 -165.0373 19.9641 29.5533 100.0000 stroke7
movl 0 -33.0887 368.5518 166.0317 -164.8194 19.5291 29.9683 100.0000 stroke7
movl 0 -34.1188 365.7503 167.2025 -163.7710 18.8199 29.4922 100.0000 stroke7
movl 0 -30.8500 360.3944 174.2815 -162.4347 21.0428 22.1889 100.0000 stroke7
movl 0 -33.1189 354.7731 230.8327 -159.5813 21.8349 12.6765 100.0000 stroke7
movl 0 -31.0370 338.4967 222.4883 -144.9331 7.4224 52.7285 100.0000 stroke8
movl 0 -36.5207 330.9988 184.5562 -148.8997 5.2170 49.3096 100.0000 stroke8
movl 0 -46.7865 324.9584 178.3462 -151.6982 0.3658 48.9675 100.0000 stroke8
movl 0 -52.7938 326.2493 174.8564 -153.4718 -2.0969 50.3467 100.0000 stroke8
movl 0 -56.0155 328.5356 173.3698 -154.3803 -2.0680 51.9428 100.0000 stroke8
movl 0 -59.1183 330.6508 172.3143 -155.7781 -1.9401 51.9265 100.0000 stroke8
movl 0 -64.0001 331.2237 171.7808 -157.9761 -2.8366 50.9741 100.0000 stroke8
movl 0 -67.6326 330.9185 171.8347 -159.6580 -3.4219 50.1809 100.0000 stroke8
movl 0 -70.5064 329.9828 171.9621 -160.1271 -4.3191 49.5717 100.0000 stroke8
movl 0 -71.6302 330.2057 171.9628 -160.7313 -4.8684 48.3541 100.0000 stroke8
movl 0 -71.2886 330.8565 172.3236 -161.2043 -5.1632 46.7923 100.0000 stroke8
movl 0 -70.2407 331.9457 172.6285 -161.7310 -5.1226 45.0574 100.0000 stroke8
movl 0 -68.7717 333.5192 172.9146 -162.3484 -4.9103 43.1798 100.0000 stroke8
movl 0 -66.7229 335.2398 173.0453 -163.0289 -4.7830 40.7570 100.0000 stroke8
movl 0 -64.8456 337.1526 173.2848 -163.7881 -4.7001 38.4415 100.0000 stroke8
movl 0 -62.7146 338.6274 173.4975 -164.3980 -4.7911 35.9553 100.0000 stroke8
movl 0 -61.2241 339.4906 173.6659 -164.6029 -4.6027 34.8003 100.0000 stroke8
movl 0 -57.6340 336.4481 175.2434 -162.4215 -3.9896 35.0063 100.0000 stroke8
movl 0 -56.7169 337.2105 175.2862 -162.4625 -3.6364 34.8053 100.0000 stroke8
movl 0 -56.0276 338.4402 175.5147 -163.7874 -2.9491 34.5678 100.0000 stroke8
movl 0 -55.5030 339.4455 175.3617 -163.8734 -2.2777 34.8856 100.0000 stroke8
movl 0 -53.5092 340.1418 175.4328 -163.3669 -1.1174 35.3800 100.0000 stroke8
movl 0 -51.6241 340.1787 176.0488 -162.5662 -0.2188 35.6118 100.0000 stroke8
movl 0 -44.1434 339.3281 195.7132 -156.2740 1.2705 35.2889 100.0000 stroke8
movl 0 9.0670 377.7200 211.5125 143.5733 -9.8345 -119.0477 100.0000 stroke9
movl 0 8.7745 366.7101 178.3676 148.6924 -8.3044 -124.5693 100.0000 stroke9
movl 0 2.9676 361.7755 172.5490 150.9397 -5.6811 -123.9819 100.0000 stroke9
movl 0 -2.6666 361.3495 171.3867 152.5066 -3.8787 -123.0401 100.0000 stroke9
movl 0 -3.9127 362.7630 170.2647 152.9888 -3.1812 -122.6354 100.0000 stroke9
movl 0 -6.4679 367.2926 168.4771 154.8020 -3.7454 -121.9309 100.0000 stroke9
movl 0 -4.8698 373.3328 167.0116 156.4839 -6.3909 -123.2227 100.0000 stroke9
movl 0 -2.5993 376.7787 166.3345 157.4195 -8.2252 -125.1061 100.0000 stroke9
movl 0 -1.6098 379.1767 166.0300 158.0448 -9.7921 -126.7051 100.0000 stroke9
movl 0 -0.9924 380.5458 166.1062 159.0370 -11.8041 -128.4429 100.0000 stroke9
movl 0 -0.7310 381.8712 166.3264 160.4510 -13.6778 -130.3550 100.0000 stroke9
movl 0 -1.1799 383.6545 166.3970 162.3753 -15.6111 -132.3994 100.0000 stroke9
movl 0 -1.6489 385.4489 166.1636 164.1465 -17.2436 -133.9186 100.0000 stroke9
movl 0 -2.7093 386.3127 165.9141 165.2042 -18.0348 -133.9983 100.0000 stroke9
movl 0 -3.5257 385.5336 166.1821 165.1938 -18.0235 -133.5415 100.0000 stroke9
movl 0 -2.5372 384.4140 166.7995 164.6278 -17.5079 -133.7543 100.0000 stroke9
movl 0 -1.9938 383.0891 167.3223 164.3844 -16.9577 -134.2855 100.0000 stroke9
movl 0 -2.2843 382.7240 167.4304 164.6180 -16.9176 -134.2658 100.0000 stroke9
movl 0 -2.4258 381.7984 167.8347 164.6394 -16.8140 -134.1521 100.0000 stroke9
movl 0 -0.8756 380.6426 168.3190 163.8812 -16.5977 -134.3594 100.0000 stroke9
movl 0 -1.8381 380.7151 168.2609 164.2997 -16.6352 -134.3009 100.0000 stroke9
movl 0 -1.6994 379.3262 168.6910 163.4632 -16.0153 -134.2812 100.0000 stroke9
movl 0 -1.5627 377.8033 169.0162 162.4719 -15.3117 -134.1892 100.0000 stroke9
movl 0 -0.3406 373.3359 170.1659 160.2572 -14.1706 -134.2868 100.0000 stroke9
movl 0 -1.7132 364.3243 175.3353 156.2023 -10.6423 -134.8672 100.0000 stroke9
movl 0 -7.0263 362.9154 217.2533 151.6449 -5.2101 -134.6210 100.0000 stroke9
