movl 0 -20.6805 378.9481 215.0207 170.8920 -36.3791 164.5640 100.0000 stroke1
movl 0 -16.0496 379.6280 191.4879 175.0280 -37.0394 160.4172 100.0000 stroke1
movl 0 -18.8644 377.1594 188.5531 174.2075 -36.0002 159.0649 100.0000 stroke1
movl 0 -20.6579 381.5466 183.4392 177.1451 -34.4988 156.5775 100.0000 stroke1
movl 0 -21.3194 383.8946 183.3128 179.8859 -33.3146 153.0271 100.0000 stroke1
movl 0 -26.8085 382.9027 183.5571 -179.9270 -32.0468 152.2230 100.0000 stroke1
movl 0 -29.3717 383.6735 183.1388 -178.9722 -30.9637 150.7310 100.0000 stroke1
movl 0 -37.2408 383.8928 181.7871 -177.1867 -28.1387 146.7395 100.0000 stroke1
movl 0 -49.8679 379.9428 179.1366 -178.2695 -25.4850 144.8049 100.0000 stroke1
movl 0 -58.2096 378.4080 177.4485 -178.6293 -24.0710 143.4105 100.0000 stroke1
movl 0 -61.4579 377.2857 177.1572 -179.4651 -23.7285 144.6613 100.0000 stroke1
movl 0 -63.2316 377.4575 176.5005 -178.8108 -23.6887 144.7473 100.0000 stroke1
movl 0 -65.4327 377.4536 175.8715 -179.1885 -23.5213 145.9431 100.0000 stroke1
movl 0 -68.5003 378.1363 174.5278 179.8951 -22.8406 148.1547 100.0000 stroke1
movl 0 -70.8097 378.7816 173.6972 179.2282 -21.6922 149.4748 100.0000 stroke1
movl 0 -72.9648 378.3983 173.9653 178.6776 -20.5789 149.7607 100.0000 stroke1
movl 0 -75.0399 377.6383 173.8748 178.0250 -19.7058 149.8709 100.0000 stroke1
movl 0 -76.7747 377.6719 174.0696 178.0503 -18.5936 149.9227 100.0000 stroke1
movl 0 -78.7143 376.8605 174.2550 177.6890 -17.9755 149.7431 100.0000 stroke1
movl 0 -79.9985 375.9693 174.1177 176.7586 -17.9424 150.0205 100.0000 stroke1
movl 0 -81.9495 375.1629 173.8328 175.9838 -17.4179 149.6179 100.0000 stroke1
movl 0 -82.2935 374.9076 173.3772 175.4260 -17.4801 149.1898 100.0000 stroke1
movl 0 -82.9081 375.6187 172.9580 175.3991 -17.1203 148.6620 100.0000 stroke1
movl 0 -84.1656 374.8699 173.4608 175.8983 -16.4609 148.5429 100.0000 stroke1
movl 0 -84.4487 375.1180 173.0997 175.7785 -16.3838 148.0869 100.0000 stroke1
movl 0 -82.6750 376.6661 172.9643 175.8664 -16.3612 147.1780 100.0000 stroke1
movl 0 -80.9628 377.6300 173.1903 175.8613 -16.3207 146.7500 100.0000 stroke1
movl 0 -79.2132 378.4167 173.4553 175.8392 -16.1159 146.4168 100.0000 stroke1
movl 0 -77.0188 379.2483 173.9065 175.8241 -16.1476 146.0888 100.0000 stroke1
movl 0 -74.5352 380.5909 174.0949 175.9611 -16.0514 145.2498 100.0000 stroke1
movl 0 -71.3763 382.6686 174.2334 176.2247 -15.9301 143.2962 100.0000 stroke1
movl 0 -67.8188 384.7188 174.5073 176.5947 -16.1300 142.0152 100.0000 stroke1
movl 0 -66.3295 382.6373 175.6675 176.5938 -17.4802 143.0094 100.0000 stroke1
movl 0 -64.9314 383.2061 175.8578 176.9158 -17.7553 142.9687 100.0000 stroke1
movl 0 -65.0228 384.0942 175.7168 177.4592 -16.9679 142.8110 100.0000 stroke1
movl 0 -64.2795 384.7664 175.3950 177.9372 -16.7413 142.5589 100.0000 stroke1
movl 0 -63.0566 385.0231 175.2439 179.1470 -17.6280 143.4408 100.0000 stroke1
movl 0 -61.2397 384.2235 175.8869 -179.7741 -19.1630 145.3265 100.0000 stroke1
movl 0 -47.0966 377.6971 192.0497 -178.6584 -30.8112 151.3279 100.0000 stroke1
movl 0 -23.2057 410.4503 240.9388 175.3796 -40.0837 168.1231 100.0000 stroke2
movl 0 -19.4997 407.0143 180.3656 -177.3239 -37.3668 160.1665 100.0000 stroke2
movl 0 -28.7954 397.4746 169.8145 170.2386 -32.6682 170.4635 100.0000 stroke2
movl 0 -32.4569 398.7762 165.9114 165.9795 -29.7755 176.4219 100.0000 stroke2
movl 0 -33.6469 398.3249 165.7203 165.3704 -28.9589 177.4265 100.0000 stroke2
movl 0 -36.3040 400.5249 164.5333 167.1302 -28.2085 175.7393 100.0000 stroke2
movl 0 -41.4910 403.0828 163.7366 170.8506 -26.1011 171.0041 100.0000 stroke2
movl 0 -43.4184 405.3602 163.6966 174.0918 -25.0162 165.8233 100.0000 stroke2
movl 0 -42.8108 407.7614 163.2622 176.4716 -24.1250 162.2603 100.0000 stroke2
movl 0 -42.7137 408.6560 163.2766 178.2400 -24.1365 160.0927 100.0000 stroke2
movl 0 -44.0509 409.1865 163.5273 -179.4163 -23.6726 156.0369 100.0000 stroke2
movl 0 -44.4702 409.6187 163.6721 -177.4268 -23.1127 152.2379 100.0000 stroke2
movl 0 -44.5665 409.8712 164.0535 -175.4991 -22.8393 148.8160 100.0000 stroke2
movl 0 -44.7492 410.2267 164.3054 -173.8654 -22.3529 146.1083 100.0000 stroke2
movl 0 -44.7052 410.4975 164.7567 -172.4749 -21.7085 144.0486 100.0000 stroke2
movl 0 -44.4522 410.7293 165.6542 -170.5966 -20.8287 141.3420 100.0000 stroke2
movl 0 -44.4657 410.9875 166.1149 -168.9618 -19.7479 138.7646 100.0000 stroke2
movl 0 -44.4301 411.3815 166.7645 -167.3225 -18.4914 136.1779 100.0000 stroke2
movl 0 -44.6790 411.6047 167.3910 -165.9946 -17.2978 134.1339 100.0000 stroke2
movl 0 -44.9853 412.0716 167.9034 -164.6323 -15.9123 132.0992 100.0000 stroke2
movl 0 -45.2744 412.3852 168.3532 -163.6330 -14.6478 130.4069 100.0000 stroke2
movl 0 -45.9273 412.7257 168.8667 -162.6367 -13.0093 128.6609 100.0000 stroke2
movl 0 -46.5761 413.0135 169.2648 -161.7188 -11.4434 126.5908 100.0000 stroke2
movl 0 -47.7460 413.8197 169.5586 -161.0083 -9.6840 125.0800 100.0000 stroke2
movl 0 -48.8352 414.3063 169.6934 -160.4044 -8.1806 124.1501 100.0000 stroke2
movl 0 -50.0042 414.9212 169.7280 -159.8918 -6.3396 123.2757 100.0000 stroke2
movl 0 -51.0609 415.0884 169.7906 -159.5054 -4.9269 122.3587 100.0000 stroke2
movl 0 -51.5930 414.3447 170.1982 -159.2866 -4.1158 121.8314 100.0000 stroke2
movl 0 -49.3639 412.2243 171.2760 -159.5654 -5.6764 121.8403 100.0000 stroke2
movl 0 -48.0586 412.1809 171.2309 -159.4893 -5.9908 121.9110 100.0000 stroke2
movl 0 -49.6452 411.9212 171.5035 -159.5800 -5.2675 121.8916 100.0000 stroke2
movl 0 -48.1832 411.1961 171.7196 -159.3864 -6.2691 121.7960 100.0000 stroke2
movl 0 -48.0758 410.1396 172.0885 -159.6151 -6.9713 121.6073 100.0000 stroke2
movl 0 -48.0082 408.8923 172.6179 -159.8721 -7.6842 121.3192 100.0000 stroke2
movl 0 -46.2129 404.4378 177.0003 -159.9972 -10.4171 120.2940 100.0000 stroke2
movl 0 -48.4398 386.1290 221.3376 -165.0569 -22.9219 121.6464 100.0000 stroke2
movl 0 -44.0262 374.9454 245.1477 -167.0756 -30.0106 134.6466 100.0000 stroke3
movl 0 -45.9343 364.1635 190.5583 -166.1825 -25.2263 131.6979 100.0000 stroke3
movl 0 -53.2814 356.5460 184.2465 -169.3849 -24.6864 132.0745 100.0000 stroke3
movl 0 -58.7093 360.1984 178.8252 -170.7184 -22.8379 133.8635 100.0000 stroke3
movl 0 -60.7012 362.4502 176.0574 -171.9192 -22.0414 136.3073 100.0000 stroke3
movl 0 -63.9425 364.0632 174.0659 -172.7255 -21.6601 139.2416 100.0000 stroke3
movl 0 -67.5643 365.0135 173.0004 -173.5433 -19.8025 140.0225 100.0000 stroke3
movl 0 -70.0292 365.3172 172.8082 -173.8448 -18.2085 139.1687 100.0000 stroke3
movl 0 -72.3914 365.2273 173.0981 -174.3474 -17.1682 139.0020 100.0000 stroke3
movl 0 -73.2567 365.6003 172.7291 -174.4327 -16.1894 138.9135 100.0000 stroke3
movl 0 -75.2827 364.6816 172.6940 -175.3494 -15.9621 138.9032 100.0000 stroke3
movl 0 -75.4756 365.8385 172.7895 -175.6598 -15.8491 138.1751 100.0000 stroke3
movl 0 -73.6373 367.8605 172.6332 -175.6294 -15.7399 136.8895 100.0000 stroke3
movl 0 -72.7387 366.5383 173.5836 -175.2968 -16.2637 137.9438 100.0000 stroke3
movl 0 -72.9602 367.3195 173.4695 -175.5674 -16.1197 138.2030 100.0000 stroke3
movl 0 -69.5085 369.7983 173.4759 -175.6282 -15.9980 136.9895 100.0000 stroke3
movl 0 -67.0902 371.0890 173.7409 -175.2733 -16.0446 136.4381 100.0000 stroke3
movl 0 -68.4997 368.9862 174.2718 -175.5818 -16.3256 137.7518 100.0000 stroke3
movl 0 -66.1349 371.7484 173.7592 -175.4440 -16.0095 136.6592 100.0000 stroke3
movl 0 -63.1945 373.2552 173.9289 -175.3520 -15.9470 135.5561 100.0000 stroke3
movl 0 -60.2622 374.5742 174.1150 -175.1664 -15.9088 134.6546 100.0000 stroke3
movl 0 -59.1338 373.9519 174.6999 -175.0964 -16.2856 135.0517 100.0000 stroke3
movl 0 -60.7921 372.4558 174.9702 -175.7490 -16.4857 136.1335 100.0000 stroke3
movl 0 -57.9375 375.2485 174.6362 -175.4453 -16.2476 135.0148 100.0000 stroke3
movl 0 -56.0873 375.4980 175.0708 -175.3250 -16.4902 134.6739 100.0000 stroke3
movl 0 -54.5153 375.7564 175.5646 -175.1792 -16.7477 134.4363 100.0000 stroke3
movl 0 -53.7600 375.8475 175.7958 -175.1435 -16.8729 134.2902 100.0000 stroke3
movl 0 -53.1248 375.9175 176.0292 -175.0768 -16.9860 134.1225 100.0000 stroke3
movl 0 -52.8307 375.5727 176.2531 -174.8285 -17.2541 134.2011 100.0000 stroke3
movl 0 -45.4081 370.5654 181.7299 -174.0082 -21.1589 134.0788 100.0000 stroke3
movl 0 -33.8033 363.5159 207.2409 -178.9387 -30.1917 138.7547 100.0000 stroke3
movl 0 -11.4022 413.7749 243.4231 168.6201 -37.7705 171.8292 100.0000 stroke4
movl 0 -11.5239 405.2505 181.3536 175.6459 -32.9809 162.8444 100.0000 stroke4
movl 0 -15.4918 399.3103 174.0172 174.0261 -29.4449 162.5239 100.0000 stroke4
movl 0 -17.2816 397.3787 170.0873 170.9817 -28.2443 163.5739 100.0000 stroke4
movl 0 -20.0090 396.1611 168.9425 168.9733 -27.6819 164.2413 100.0000 stroke4
movl 0 -24.4454 396.6796 167.6780 168.5855 -26.9099 164.2053 100.0000 stroke4
movl 0 -28.3670 398.4859 166.9313 169.3389 -25.5908 164.0086 100.0000 stroke4
movl 0 -30.8555 400.8408 166.6531 172.1309 -24.6287 160.5604 100.0000 stroke4
movl 0 -31.0901 402.3999 166.8415 175.0522 -24.2373 155.7421 100.0000 stroke4
movl 0 -30.3853 404.1119 167.0376 177.3330 -23.4522 152.2449 100.0000 stroke4
movl 0 -30.7620 404.3875 167.5548 178.7917 -23.0792 150.0824 100.0000 stroke4
movl 0 -30.4217 404.6578 168.1366 -179.2839 -22.6713 146.8745 100.0000 stroke4
movl 0 -30.5719 404.7989 168.8301 -177.5039 -21.9907 144.0635 100.0000 stroke4
movl 0 -30.3443 405.0486 169.8298 -175.5839 -21.2425 141.3968 100.0000 stroke4
movl 0 -29.8056 405.8762 170.1978 -173.4296 -19.9859 138.5118 100.0000 stroke4
movl 0 -29.8213 406.9702 170.6286 -171.2837 -18.5563 135.2909 100.0000 stroke4
movl 0 -30.2733 407.8132 170.9938 -169.3380 -16.9699 132.1570 100.0000 stroke4
movl 0 -30.7203 408.4443 171.2968 -167.9565 -15.4743 129.6911 100.0000 stroke4
movl 0 -31.2907 409.0211 171.6068 -166.5850 -13.8780 127.0836 100.0000 stroke4
movl 0 -31.8000 408.6400 171.9005 -165.6414 -12.8232 125.8575 100.0000 stroke4
movl 0 -29.6958 407.3351 172.4001 -166.1249 -13.9206 125.9758 100.0000 stroke4
movl 0 -28.1250 406.5286 172.6591 -166.3340 -14.6800 126.1827 100.0000 stroke4
movl 0 -29.1090 406.6418 172.5929 -165.8171 -13.6388 125.7976 100.0000 stroke4
movl 0 -29.3888 406.4966 172.6366 -166.0381 -13.8323 125.4989 100.0000 stroke4
movl 0 -28.3987 405.4341 173.2473 -166.7326 -15.2104 125.9179 100.0000 stroke4
movl 0 -19.7341 399.1561 197.2536 -175.1657 -26.7130 134.2536 100.0000 stroke4
movl 0 5.9742 408.1331 248.9794 163.2720 -35.7493 165.2532 100.0000 stroke5
movl 0 6.1287 402.3424 183.9083 170.6471 -34.9164 161.1326 100.0000 stroke5
movl 0 -0.4607 401.8154 169.4052 173.9083 -32.4773 158.4320 100.0000 stroke5
movl 0 -5.3499 401.2818 168.0570 174.4916 -29.8613 156.1018 100.0000 stroke5
movl 0 -13.0834 397.7922 168.3100 172.6609 -28.8092 158.7450 100.0000 stroke5
movl 0 -22.2476 396.0204 167.5041 169.8467 -26.4926 162.4642 100.0000 stroke5
movl 0 -21.3855 397.0907 166.7590 169.6601 -26.3520 163.5051 100.0000 stroke5
movl 0 -22.7056 397.9713 166.1894 169.7379 -25.7915 164.2839 100.0000 stroke5
movl 0 -25.2584 399.0225 166.2374 170.3872 -24.1599 162.7239 100.0000 stroke5
movl 0 -28.5447 397.8968 166.5064 169.4278 -22.9743 162.4990 100.0000 stroke5
movl 0 -27.7611 398.8503 166.5767 169.3707 -22.5679 161.2543 100.0000 stroke5
movl 0 -24.8828 401.1547 166.4496 170.0934 -22.5131 158.1773 100.0000 stroke5
movl 0 -21.7658 401.9501 166.5723 170.8295 -23.0611 156.4169 100.0000 stroke5
movl 0 -20.0034 402.8929 166.5072 171.6395 -23.8089 155.9836 100.0000 stroke5
movl 0 -17.5854 406.9596 166.0609 175.0375 -23.3093 153.1511 100.0000 stroke5
movl 0 -12.4072 412.6230 165.0022 178.8607 -23.1212 149.5834 100.0000 stroke5
movl 0 -10.7104 415.5293 164.6003 -177.6318 -23.0338 146.2464 100.0000 stroke5
movl 0 -10.7668 416.3753 164.8052 -175.2672 -22.5144 143.8632 100.0000 stroke5
movl 0 -10.6749 416.5903 165.1947 -173.9088 -22.0513 141.8270 100.0000 stroke5
movl 0 -10.4185 416.6219 165.7052 -172.2264 -21.3084 139.7573 100.0000 stroke5
movl 0 -10.3153 416.6513 166.4008 -170.4978 -20.3708 137.7345 100.0000 stroke5
movl 0 -10.4943 417.3184 167.1092 -168.7581 -19.1289 135.6123 100.0000 stroke5
movl 0 -10.7625 418.3308 167.4756 -166.8962 -17.6086 133.4216 100.0000 stroke5
movl 0 -11.4805 419.3820 167.8441 -165.2082 -15.6807 131.0518 100.0000 stroke5
movl 0 -12.0154 420.0422 168.2069 -163.8481 -13.9911 128.7179 100.0000 stroke5
movl 0 -12.4663 420.6454 168.5143 -162.6964 -12.3790 126.6486 100.0000 stroke5
movl 0 -13.0652 421.1000 168.6659 -161.9187 -10.8187 125.3828 100.0000 stroke5
movl 0 -14.0714 421.4202 168.8142 -161.3185 -9.2655 124.9598 100.0000 stroke5
movl 0 -14.3342 420.4260 169.2980 -161.4147 -9.3282 124.9444 100.0000 stroke5
movl 0 -11.4203 417.4301 170.7352 -162.3443 -11.9706 124.9684 100.0000 stroke5
movl 0 -10.9595 417.2653 170.7024 -162.4231 -12.1034 125.0596 100.0000 stroke5
movl 0 -11.9746 418.3410 170.4051 -161.6997 -10.6776 125.0825 100.0000 stroke5
movl 0 -10.6140 416.0618 171.5210 -162.2497 -11.9473 124.7224 100.0000 stroke5
movl 0 -9.8460 415.9632 171.5055 -162.1515 -12.0878 124.7051 100.0000 stroke5
movl 0 -11.3266 415.9197 171.4328 -162.1777 -11.4370 124.6857 100.0000 stroke5
movl 0 -10.0437 413.0645 172.7356 -162.7423 -13.4110 123.7513 100.0000 stroke5
movl 0 -6.5340 399.0901 185.4192 -170.2206 -28.4318 130.5722 100.0000 stroke5
movl 0 -14.8675 392.5661 202.2687 -167.2878 -32.6628 130.2556 100.0000 stroke6
movl 0 -23.2169 382.2021 171.9309 -170.5226 -28.5087 128.9480 100.0000 stroke6
movl 0 -24.2109 383.6142 172.7872 -172.5615 -26.1435 126.9423 100.0000 stroke6
movl 0 -23.8892 384.5196 171.9702 -172.4021 -25.2338 127.4788 100.0000 stroke6
movl 0 -25.2677 385.6001 170.8803 -173.3110 -25.2814 129.9991 100.0000 stroke6
movl 0 -27.1313 387.0783 170.0901 -173.4822 -24.4697 130.3182 100.0000 stroke6
movl 0 -29.6082 388.2748 169.8769 -174.3408 -22.9229 130.6169 100.0000 stroke6
movl 0 -30.2667 388.1477 170.1851 -174.7286 -22.5482 130.5013 100.0000 stroke6
movl 0 -31.0488 387.8663 170.3536 -175.3051 -22.2833 130.1674 100.0000 stroke6
movl 0 -31.1273 388.1326 170.4480 -175.4947 -22.0467 129.0689 100.0000 stroke6
movl 0 -30.4181 388.7959 170.5499 -175.5472 -21.6089 127.7887 100.0000 stroke6
movl 0 -29.2933 389.6561 170.4773 -175.3515 -21.3465 126.7434 100.0000 stroke6
movl 0 -28.2457 388.3251 171.0336 -175.2531 -22.1606 126.8004 100.0000 stroke6
movl 0 -27.8416 387.9083 171.2445 -175.2966 -22.4325 126.6168 100.0000 stroke6
movl 0 -28.2864 388.9592 171.1091 -174.8744 -21.4196 126.2000 100.0000 stroke6
movl 0 -27.5864 389.8768 171.0024 -174.2367 -21.0204 125.7674 100.0000 stroke6
movl 0 -28.1612 389.6759 170.8346 -173.6576 -21.2850 126.2811 100.0000 stroke6
movl 0 -21.2213 387.0587 173.8383 -170.0205 -25.0581 123.6920 100.0000 stroke6
movl 0 -15.2531 378.3183 222.8597 -171.6197 -35.5000 127.8146 100.0000 stroke6
movl 0 1.6768 389.7567 236.8960 -162.4361 -30.3913 121.5952 100.0000 stroke7
movl 0 -2.5255 383.4635 185.5571 -159.5510 -24.9328 119.0960 100.0000 stroke7
movl 0 -16.1727 378.3893 174.8932 -161.5661 -21.9597 116.8425 100.0000 stroke7
movl 0 -24.3383 377.4792 173.3021 -163.5727 -21.8533 118.3790 100.0000 stroke7
movl 0 -28.4997 378.2820 172.1589 -164.4359 -21.6090 119.4110 100.0000 stroke7
movl 0 -32.9090 378.7984 171.0170 -166.2227 -21.0745 121.6121 100.0000 stroke7
movl 0 -38.4818 377.4142 170.7929 -169.2836 -19.9839 122.6115 100.0000 stroke7
movl 0 -39.4124 377.3444 171.4257 -169.3359 -18.5303 121.6831 100.0000 stroke7
movl 0 -40.6758 377.4585 171.5078 -169.6820 -18.1478 121.4319 100.0000 stroke7
movl 0 -41.0516 377.4419 171.3493 -170.6451 -18.4927 121.7410 100.0000 stroke7
movl 0 -39.1662 377.8114 171.4973 -170.9291 -18.7113 121.7795 100.0000 stroke7
movl 0 -37.1932 378.5557 171.5877 -170.9842 -18.6289 121.4830 100.0000 stroke7
movl 0 -35.0083 379.4166 171.6851 -171.0304 -18.4887 120.9295 100.0000 stroke7
movl 0 -31.3380 380.9560 171.7235 -170.8558 -18.1512 119.8200 100.0000 stroke7
movl 0 -26.6541 383.0623 171.6569 -170.5013 -17.7884 118.4298 100.0000 stroke7
movl 0 -21.2444 385.3439 171.5285 -170.1758 -17.3343 116.7782 100.0000 stroke7
movl 0 -16.1137 387.7567 171.2857 -169.6889 -17.1000 114.2281 100.0000 stroke7
movl 0 -10.8208 389.8322 171.2585 -169.4238 -16.6610 112.2000 100.0000 stroke7
movl 0 -10.2571 389.4197 171.4267 -169.1914 -16.9759 111.5737 100.0000 stroke7
movl 0 -9.7653 389.0605 171.8270 -168.9761 -17.2631 111.7626 100.0000 stroke7
movl 0 -9.3798 388.7926 171.8586 -168.9899 -17.1315 112.2194 100.0000 stroke7
movl 0 -9.5774 388.5397 171.9743 -168.9392 -17.2315 112.4275 100.0000 stroke7
movl 0 -9.0266 387.3705 172.6387 -168.6577 -17.8863 112.3254 100.0000 stroke7
movl 0 -8.1252 385.9422 173.5219 -168.4193 -18.6865 112.4823 100.0000 stroke7
movl 0 -5.3597 385.9721 173.5879 -167.7955 -19.2734 112.1441 100.0000 stroke7
movl 0 -5.5707 387.5480 173.1200 -167.6254 -18.8529 111.8999 100.0000 stroke7
movl 0 -5.8656 390.4977 171.5908 -167.4539 -17.5765 111.7345 100.0000 stroke7
movl 0 -2.7491 394.5524 169.9124 -165.9483 -15.1039 110.6195 100.0000 stroke7
movl 0 -0.9230 396.7187 168.9137 -164.2549 -14.5451 110.4634 100.0000 stroke7
movl 0 -1.1630 395.6822 169.1157 -163.9697 -14.9202 110.7552 100.0000 stroke7
movl 0 1.2147 395.8489 169.2393 -163.1288 -15.3426 109.7551 100.0000 stroke7
movl 0 0.9285 395.0031 169.5773 -163.1900 -15.4992 109.6327 100.0000 stroke7
movl 0 0.7430 394.8451 169.6311 -163.1022 -15.4579 109.5557 100.0000 stroke7
movl 0 0.9887 394.9264 169.6348 -162.9014 -15.4484 109.3926 100.0000 stroke7
movl 0 0.6073 394.6590 169.8556 -162.8315 -15.4777 109.2714 100.0000 stroke7
movl 0 0.9951 393.9428 170.1607 -162.6986 -15.7990 109.3632 100.0000 stroke7
movl 0 1.0222 394.7557 169.8892 -162.7030 -15.4950 109.1456 100.0000 stroke7
movl 0 -0.1058 395.4897 169.4537 -162.5680 -14.9638 109.3707 100.0000 stroke7
movl 0 -2.1005 394.8246 169.4930 -162.6262 -14.8214 110.2564 100.0000 stroke7
movl 0 -3.2893 394.0189 169.7824 -162.4743 -14.8036 110.8540 100.0000 stroke7
movl 0 -4.6981 393.1987 170.1634 -162.1358 -14.5028 111.0377 100.0000 stroke7
movl 0 -6.3486 392.4618 170.3856 -161.8107 -14.2130 111.5069 100.0000 stroke7
movl 0 -8.1767 391.3795 170.7259 -161.4586 -14.0597 112.0819 100.0000 stroke7
movl 0 -10.0996 390.8132 170.8141 -160.9823 -13.5632 112.4713 100.0000 stroke7
movl 0 -12.5983 390.1225 170.7586 -160.6726 -13.0467 113.3861 100.0000 stroke7
movl 0 -15.6084 389.4377 170.6644 -160.4926 -12.7235 114.3712 100.0000 stroke7
movl 0 -17.8917 388.0206 170.9764 -160.5263 -12.7749 114.9232 100.0000 stroke7
movl 0 -18.9437 387.6937 170.9206 -160.4450 -12.6784 115.2271 100.0000 stroke7
movl 0 -20.0956 387.4095 170.8993 -160.3747 -12.5798 115.5055 100.0000 stroke7
movl 0 -20.8960 387.0420 170.9432 -160.2882 -12.5057 115.6523 100.0000 stroke7
movl 0 -22.0988 387.0119 170.8650 -160.1923 -12.3678 115.9743 100.0000 stroke7
movl 0 -24.0377 386.6406 170.7741 -160.1259 -12.2485 116.6491 100.0000 stroke7
movl 0 -25.2541 386.1513 170.8493 -160.0887 -12.2944 117.0060 100.0000 stroke7
movl 0 -26.1702 385.8819 170.8554 -160.0154 -12.2975 117.3402 100.0000 stroke7
movl 0 -27.2227 385.4081 170.9818 -159.9151 -12.3821 117.6968 100.0000 stroke7
movl 0 -28.2353 385.2368 170.9346 -159.8259 -12.3908 118.0325 100.0000 stroke7
movl 0 -28.8858 385.0017 171.0664 -159.7237 -12.4685 118.2335 100.0000 stroke7
movl 0 -29.4741 384.8031 171.1443 -159.6009 -12.5293 118.4429 100.0000 stroke7
movl 0 -29.8612 384.7303 171.2730 -159.4918 -12.6274 118.5777 100.0000 stroke7
movl 0 -30.0295 384.6055 171.4172 -159.3641 -12.7612 118.6425 100.0000 stroke7
movl 0 -29.8301 384.4370 171.5645 -158.9630 -12.9323 118.6230 100.0000 stroke7
movl 0 -26.3715 377.0955 181.1006 -156.8827 -19.2317 119.0092 100.0000 stroke7
movl 0 -26.2989 362.4436 247.6499 -166.8852 -35.7764 131.0088 100.0000 stroke7
movl 0 24.7512 382.5787 191.7082 -178.8167 -38.2593 160.6251 100.0000 stroke8
movl 0 5.8549 362.2280 174.2290 176.5456 -32.6223 160.2891 100.0000 stroke8
movl 0 -10.5984 353.6433 176.4889 171.8117 -27.0643 161.2152 100.0000 stroke8
movl 0 -11.8010 355.5963 174.3357 171.3993 -25.5364 162.3721 100.0000 stroke8
movl 0 -13.8013 357.1654 173.2701 172.1207 -24.7945 160.3719 100.0000 stroke8
movl 0 -17.3316 358.4399 172.1245 171.6896 -23.7094 161.2510 100.0000 stroke8
movl 0 -20.8717 359.5296 171.4645 171.8126 -21.8166 161.1867 100.0000 stroke8
movl 0 -22.7700 359.9702 171.7622 172.7270 -20.4728 159.7299 100.0000 stroke8
movl 0 -22.3954 360.7707 171.7855 173.3627 -20.0270 157.9382 100.0000 stroke8
movl 0 -19.7066 361.8406 171.6535 174.0222 -19.7080 156.5505 100.0000 stroke8
movl 0 -17.4307 361.7895 171.6459 174.2243 -19.3789 155.9214 100.0000 stroke8
movl 0 -12.3042 363.0325 171.5603 174.7933 -19.1749 154.4554 100.0000 stroke8
movl 0 -8.8689 363.3332 171.5289 175.0945 -19.1192 153.7867 100.0000 stroke8
movl 0 -5.0550 362.6025 172.2100 175.5130 -20.4091 153.8547 100.0000 stroke8
movl 0 -1.6200 364.2523 171.7562 176.6018 -20.9734 153.2602 100.0000 stroke8
movl 0 1.2550 368.7426 170.4430 179.4094 -20.8593 151.5861 100.0000 stroke8
movl 0 4.6065 373.2787 168.7618 -177.4580 -20.2548 149.4506 100.0000 stroke8
movl 0 7.2896 376.3640 167.5316 -174.8731 -19.8054 146.9599 100.0000 stroke8
movl 0 12.1258 379.7505 166.0762 -172.0283 -20.0886 144.4980 100.0000 stroke8
movl 0 13.9325 383.3347 164.4488 -169.3840 -20.1949 143.8442 100.0000 stroke8
movl 0 15.1759 384.0999 163.9953 -168.3526 -20.1527 143.1235 100.0000 stroke8
movl 0 14.2828 383.9198 164.4566 -167.6137 -19.9472 142.7269 100.0000 stroke8
movl 0 13.3021 383.6594 164.7770 -167.2378 -19.3284 141.9401 100.0000 stroke8
movl 0 12.9992 383.6269 164.9406 -166.4436 -18.8110 140.8544 100.0000 stroke8
movl 0 12.1575 383.5334 165.1102 -165.6118 -18.3050 140.0972 100.0000 stroke8
movl 0 11.4255 383.6849 165.0327 -164.7105 -17.7660 139.5360 100.0000 stroke8
movl 0 10.5274 384.0149 164.9893 -163.7836 -17.2461 139.0974 100.0000 stroke8
movl 0 9.2683 383.9453 164.9708 -162.9265 -16.6774 138.9787 100.0000 stroke8
movl 0 8.3757 384.2678 164.7469 -161.9937 -16.0973 138.7187 100.0000 stroke8
movl 0 7.3655 384.7366 164.3574 -161.1110 -15.5843 138.6635 100.0000 stroke8
movl 0 5.5211 384.8403 164.0234 -160.5154 -15.0759 139.0057 100.0000 stroke8
movl 0 4.3556 384.6256 163.8149 -160.2656 -15.2215 139.7959 100.0000 stroke8
movl 0 3.3714 384.5890 163.6427 -160.1274 -15.1914 140.2908 100.0000 stroke8
movl 0 1.7961 384.2546 163.5666 -160.1145 -15.2783 141.0281 100.0000 stroke8
movl 0 0.0476 383.7348 163.5602 -160.1367 -15.5628 142.1090 100.0000 stroke8
movl 0 -2.0867 383.0990 163.6664 -160.3901 -15.6630 142.8876 100.0000 stroke8
movl 0 -1.3992 383.2596 163.6964 -160.4184 -16.0609 143.1558 100.0000 stroke8
movl 0 -1.7574 382.8967 163.9632 -160.5644 -16.4708 143.4454 100.0000 stroke8
movl 0 -1.7613 383.2448 163.8183 -160.6038 -16.4110 143.4471 100.0000 stroke8
movl 0 -0.0880 382.5828 164.1810 -161.0518 -16.7198 143.4165 100.0000 stroke8
movl 0 1.0817 381.5077 164.8366 -161.6327 -17.0918 143.3787 100.0000 stroke8
movl 0 2.1181 380.9324 164.9966 -161.8553 -17.1899 143.2415 100.0000 stroke8
movl 0 2.1817 380.9297 165.0468 -161.7649 -17.0855 143.0489 100.0000 stroke8
movl 0 2.2198 380.9864 164.8613 -161.4992 -16.9652 142.9921 100.0000 stroke8
movl 0 2.1737 380.7712 164.8089 -161.0409 -16.9794 143.1692 100.0000 stroke8
movl 0 3.7749 379.7797 165.4801 -161.4494 -17.6297 142.9396 100.0000 stroke8
movl 0 3.3634 378.9896 165.5689 -161.5154 -17.7741 143.3832 100.0000 stroke8
movl 0 2.8256 378.8316 165.5064 -161.7896 -17.7585 143.6388 100.0000 stroke8
movl 0 4.5846 374.3648 167.7439 -163.8915 -19.1660 143.4382 100.0000 stroke8
movl 0 6.2938 369.6978 169.7472 -166.2514 -20.6488 143.3037 100.0000 stroke8
movl 0 4.9504 366.8477 170.7048 -168.0285 -20.9106 143.6785 100.0000 stroke8
movl 0 1.7782 365.7562 170.4672 -168.8916 -20.3590 144.3121 100.0000 stroke8
movl 0 -3.1857 364.9631 169.0018 -169.8108 -20.0176 148.3128 100.0000 stroke8
movl 0 -5.0522 363.2242 167.8582 -171.7839 -21.0867 153.5097 100.0000 stroke8
movl 0 -5.3026 361.8880 167.1560 -174.0380 -22.3219 158.4721 100.0000 stroke8
movl 0 -5.5519 360.5834 166.5689 -176.9849 -23.1510 164.5977 100.0000 stroke8
movl 0 -4.6250 359.9722 166.1645 -179.3784 -23.8475 169.4623 100.0000 stroke8
movl 0 -4.4647 360.0643 165.9137 178.7498 -24.4240 172.6911 100.0000 stroke8
movl 0 -3.7948 360.3717 166.1362 176.9147 -24.9640 174.6538 100.0000 stroke8
movl 0 -3.0638 360.3485 166.2309 176.3942 -25.1349 175.3021 100.0000 stroke8
movl 0 -3.1182 360.1978 166.4213 175.8743 -25.2756 175.5529 100.0000 stroke8
movl 0 -3.6809 361.6099 166.6874 175.4423 -25.4397 175.5834 100.0000 stroke8
movl 0 -3.4464 361.6581 166.7942 175.5782 -25.5409 175.2076 100.0000 stroke8
movl 0 -2.9309 362.2933 166.9652 175.5828 -25.5668 174.9050 100.0000 stroke8
movl 0 -2.6636 363.2391 167.0090 175.7743 -25.7392 174.4708 100.0000 stroke8
movl 0 -2.6608 364.0443 167.0841 175.7866 -25.7268 174.4550 100.0000 stroke8
movl 0 -1.9917 364.4090 167.2787 175.7158 -25.8350 174.4368 100.0000 stroke8
movl 0 -1.2648 364.6116 167.3551 175.6202 -25.9484 174.3673 100.0000 stroke8
movl 0 -1.4323 365.1985 167.4289 175.6123 -25.9153 174.3510 100.0000 stroke8
movl 0 -0.8679 365.2833 167.6861 175.5847 -26.0409 174.1562 100.0000 stroke8
movl 0 -0.8582 365.5096 167.6948 175.5556 -26.0208 174.2151 100.0000 stroke8
movl 0 -0.4394 365.1383 167.8430 175.4117 -26.0732 174.2428 100.0000 stroke8
movl 0 0.6114 364.3226 168.2985 175.2219 -26.3046 174.0715 100.0000 stroke8
movl 0 0.6816 364.0422 168.4585 175.2026 -26.3400 174.1251 100.0000 stroke8
movl 0 5.5533 358.0736 173.9720 173.8708 -30.0488 172.2653 100.0000 stroke8
movl 0 5.5200 336.5173 218.8740 153.4507 -36.0684 178.1287 100.0000 stroke8
movl 0 3.5981 385.1278 200.8662 173.7718 -37.1077 174.5163 100.0000 stroke9
movl 0 1.7857 374.8680 173.7193 175.2169 -32.9621 167.9314 100.0000 stroke9
movl 0 2.4856 372.3769 173.4543 175.4900 -30.3510 163.6719 100.0000 stroke9
movl 0 -1.6576 371.6704 171.9889 175.8102 -28.3352 162.3737 100.0000 stroke9
movl 0 -3.1396 371.7773 171.1967 175.5116 -27.1375 162.3683 100.0000 stroke9
movl 0 -4.7908 371.2446 170.8064 174.3256 -26.1558 164.1668 100.0000 stroke9
movl 0 -5.2184 372.4561 170.3659 174.6324 -25.6195 164.1234 100.0000 stroke9
movl 0 -7.3274 374.6764 169.9895 176.5964 -24.1242 162.9218 100.0000 stroke9
movl 0 -7.8336 375.7480 170.1563 178.5023 -23.4768 161.7631 100.0000 stroke9
movl 0 -8.6518 375.0108 170.2291 178.4066 -23.4045 162.0149 100.0000 stroke9
movl 0 -8.9789 374.7496 170.2168 178.5218 -23.5256 162.4125 100.0000 stroke9
movl 0 -9.2788 374.0366 170.3968 178.8408 -23.5874 162.3801 100.0000 stroke9
movl 0 -10.0558 373.6440 170.4681 179.4446 -23.5204 162.3520 100.0000 stroke9
movl 0 -11.9904 372.7298 170.5893 179.6572 -23.3173 162.8408 100.0000 stroke9
movl 0 -13.6634 372.1032 170.5243 179.9711 -23.2642 163.4205 100.0000 stroke9
movl 0 -15.6350 370.9894 170.5644 -179.8938 -23.2336 164.1139 100.0000 stroke9
movl 0 -17.3687 370.4148 170.4828 -179.7549 -23.2160 164.6293 100.0000 stroke9
movl 0 -19.4401 369.4921 170.4573 -179.7033 -23.2655 165.4575 100.0000 stroke9
movl 0 -20.9246 368.9187 170.5417 -179.7316 -23.3471 165.8512 100.0000 stroke9
movl 0 -21.8817 368.4033 170.6696 -179.6166 -23.6247 166.1480 100.0000 stroke9
movl 0 -22.2509 368.0179 170.8625 -179.5259 -24.0139 166.3400 100.0000 stroke9
movl 0 -21.8558 367.5627 171.1783 -179.4940 -24.8084 166.7048 100.0000 stroke9
movl 0 -18.2534 368.8659 176.2093 -179.3493 -28.4303 167.0659 100.0000 stroke9
movl 0 -21.4453 371.5836 216.6245 176.4546 -34.4286 170.0051 100.0000 stroke9
movl 0 4.9988 398.0900 207.0656 163.5722 -29.9140 -157.5595 100.0000 stroke10
movl 0 4.7385 388.6812 181.5333 165.5260 -25.4970 -160.2489 100.0000 stroke10
movl 0 6.4241 383.8299 173.0885 165.4784 -23.3800 -160.8045 100.0000 stroke10
movl 0 5.4120 382.3927 172.9272 165.5127 -21.8322 -161.0222 100.0000 stroke10
movl 0 2.5993 381.4234 172.8118 165.5113 -20.5172 -160.9351 100.0000 stroke10
movl 0 1.5197 381.4775 172.5239 165.6826 -20.0239 -160.6502 100.0000 stroke10
movl 0 -0.0524 382.3673 171.9963 166.6122 -19.7444 -160.9729 100.0000 stroke10
movl 0 -1.4049 384.8135 171.2600 168.4992 -19.6946 -161.3530 100.0000 stroke10
movl 0 -1.8344 385.4549 171.0206 169.2048 -19.7838 -161.5286 100.0000 stroke10
movl 0 -3.4807 385.3931 170.9928 169.9065 -19.9115 -161.6086 100.0000 stroke10
movl 0 -4.6437 385.1871 171.0644 170.6923 -20.1898 -161.8315 100.0000 stroke10
movl 0 -6.8228 384.3210 171.1358 171.3808 -20.4600 -161.4258 100.0000 stroke10
movl 0 -9.3757 383.6250 171.0032 172.0832 -20.7982 -160.7435 100.0000 stroke10
movl 0 -12.2440 382.8917 170.8940 172.6580 -21.0306 -160.1404 100.0000 stroke10
movl 0 -14.1465 381.9094 170.9651 172.7512 -21.1609 -159.5391 100.0000 stroke10
movl 0 -14.8593 381.3505 171.3313 172.6520 -21.5052 -159.2460 100.0000 stroke10
movl 0 -15.6020 380.9452 171.6561 172.5940 -21.8243 -159.0151 100.0000 stroke10
movl 0 -15.9047 380.8840 171.8347 172.6013 -22.0278 -159.0851 100.0000 stroke10
movl 0 -16.5668 380.8519 171.8328 172.6722 -22.0482 -159.0828 100.0000 stroke10
movl 0 -17.1328 380.8179 171.8709 172.6883 -22.0435 -159.1165 100.0000 stroke10
movl 0 -17.7283 380.8281 171.9281 172.7212 -22.1397 -159.0805 100.0000 stroke10
movl 0 -18.7339 380.4985 172.1809 172.6386 -22.1722 -158.9421 100.0000 stroke10
movl 0 -19.0019 380.4646 172.1695 172.6491 -22.1757 -158.9917 100.0000 stroke10
movl 0 -19.4311 380.6000 172.3091 172.7273 -22.2294 -159.1131 100.0000 stroke10
movl 0 -19.7685 380.4271 172.5405 172.7082 -22.2670 -159.2244 100.0000 stroke10
movl 0 -20.4178 380.6852 172.5368 172.8310 -22.2604 -159.2810 100.0000 stroke10
movl 0 -20.8302 380.7114 172.5781 172.7768 -22.2975 -159.1899 100.0000 stroke10
movl 0 -21.1844 380.5846 172.7040 172.7273 -22.3329 -159.1946 100.0000 stroke10
movl 0 -21.9387 379.8714 175.1172 171.8088 -23.5246 -158.7933 100.0000 stroke10
movl 0 -29.7169 379.3018 180.9666 170.1551 -24.0371 -157.0398 100.0000 stroke10
movl 0 -25.1019 380.8453 180.0791 170.3571 -24.7753 -157.8841 100.0000 stroke10
movl 0 -20.7809 379.9378 185.3483 169.0287 -26.0894 -159.0707 100.0000 stroke10
