movl 0 -24.5638 398.4740 198.9528 166.9113 38.6046 -40.4125 100.0000 stroke1
movl 0 -29.8954 383.6293 175.9171 173.2416 39.4185 -37.3857 100.0000 stroke1
movl 0 -30.0648 385.8223 168.3176 173.3840 37.6140 -38.7355 100.0000 stroke1
movl 0 -28.8031 386.7083 166.7536 172.7027 36.6983 -40.1625 100.0000 stroke1
movl 0 -26.2392 386.1478 168.7329 172.6209 37.1768 -40.6439 100.0000 stroke1
movl 0 -27.6514 384.3855 170.6380 171.2751 36.1178 -42.4938 100.0000 stroke1
movl 0 -31.4574 384.7540 167.4149 167.1310 33.1227 -51.0872 100.0000 stroke1
movl 0 -33.9881 385.7667 167.8290 164.9739 30.9718 -57.4653 100.0000 stroke1
movl 0 -35.4484 387.4280 167.3413 162.9319 28.4093 -61.1879 100.0000 stroke1
movl 0 -36.6804 387.2015 167.3083 162.7103 27.3443 -62.0545 100.0000 stroke1
movl 0 -38.3319 386.4046 167.0447 163.1399 27.3068 -62.0244 100.0000 stroke1
movl 0 -39.9918 385.9935 166.7177 163.6188 27.9877 -61.6460 100.0000 stroke1
movl 0 -42.3244 385.3801 165.6977 163.7359 28.2164 -61.6872 100.0000 stroke1
movl 0 -43.9892 385.0974 164.7421 164.2827 28.3550 -61.5777 100.0000 stroke1
movl 0 -47.2109 385.7723 164.7171 164.4534 26.2756 -63.8327 100.0000 stroke1
movl 0 -50.7991 385.0058 165.1824 164.7020 24.3251 -65.7922 100.0000 stroke1
movl 0 -52.9426 384.4804 165.3998 164.7566 23.2413 -67.5270 100.0000 stroke1
movl 0 -55.0533 384.4066 165.6226 164.7938 21.8947 -68.9783 100.0000 stroke1
movl 0 -56.5106 384.6642 165.7851 164.6368 20.5837 -70.5264 100.0000 stroke1
movl 0 -58.0346 384.8045 165.9734 164.2991 19.1824 -72.0213 100.0000 stroke1
movl 0 -59.1980 384.4159 166.1234 164.3552 18.7364 -73.0644 100.0000 stroke1
movl 0 -59.2910 384.6830 166.3399 164.4524 18.4208 -74.9650 100.0000 stroke1
movl 0 -60.1472 384.7092 166.5415 164.5737 17.7171 -77.1460 100.0000 stroke1
movl 0 -59.6145 385.1407 166.7741 164.2482 17.0716 -78.2557 100.0000 stroke1
movl 0 -59.4846 385.4836 167.2945 163.9984 16.2480 -79.3578 100.0000 stroke1
movl 0 -59.1347 385.9803 167.8191 163.7053 15.3667 -80.1724 100.0000 stroke1
movl 0 -58.7318 386.0139 168.6380 163.4061 14.5125 -80.9690 100.0000 stroke1
movl 0 -58.3796 386.1959 169.4363 163.0453 13.4706 -82.1963 100.0000 stroke1
movl 0 -58.0995 386.2414 170.2632 162.7493 12.4488 -83.2889 100.0000 stroke1
movl 0 -58.1454 386.8659 171.0885 162.4581 10.7473 -84.8825 100.0000 stroke1
movl 0 -58.4301 386.7124 172.1929 162.3435 9.2650 -86.1387 100.0000 stroke1
movl 0 -58.0859 386.3217 173.1094 161.8976 7.8895 -87.1988 100.0000 stroke1
movl 0 -56.2206 385.1821 173.5723 161.3638 8.9952 -87.5066 100.0000 stroke1
movl 0 -56.0226 385.4801 173.7303 161.2457 8.1677 -87.6063 100.0000 stroke1
movl 0 -55.6669 385.6207 173.7614 161.0752 8.1335 -87.8078 100.0000 stroke1
movl 0 -55.0268 384.6590 173.6976 160.9705 9.4490 -87.4505 100.0000 stroke1
movl 0 -50.7648 381.0789 175.6768 160.2887 15.5947 -82.9025 100.0000 stroke1
movl 0 -39.6484 368.5258 226.4622 167.8637 38.4543 -63.0836 100.0000 stroke1
movl 0 -6.3546 401.5038 216.7232 174.6954 40.6879 -29.9901 100.0000 stroke2
movl 0 -17.6550 397.3865 175.5841 172.9564 35.6386 -33.2107 100.0000 stroke2
movl 0 -31.5572 395.6273 175.9432 173.5932 30.5783 -36.0421 100.0000 stroke2
movl 0 -39.0551 395.5712 172.3240 174.0890 27.8047 -35.9132 100.0000 stroke2
movl 0 -42.0286 395.2316 170.8410 175.2376 27.6882 -35.0364 100.0000 stroke2
movl 0 -42.8679 396.2212 169.6174 175.4849 27.8014 -34.0294 100.0000 stroke2
movl 0 -43.4415 398.0591 168.9652 174.4626 27.0468 -35.3149 100.0000 stroke2
movl 0 -46.9068 398.1869 169.4018 174.6574 24.9793 -37.7905 100.0000 stroke2
movl 0 -48.1838 397.2622 169.8349 174.8468 24.2947 -39.1544 100.0000 stroke2
movl 0 -48.5515 397.0561 170.0132 175.0817 23.9020 -40.0925 100.0000 stroke2
movl 0 -46.7249 397.5688 170.2221 174.7502 23.7093 -41.3224 100.0000 stroke2
movl 0 -43.4425 398.2445 170.5757 174.3465 23.5278 -42.8220 100.0000 stroke2
movl 0 -38.9701 399.5410 170.8458 173.7303 23.1908 -44.7429 100.0000 stroke2
movl 0 -34.3454 400.6119 171.1662 173.4566 22.7567 -46.6541 100.0000 stroke2
movl 0 -28.9266 402.3267 171.1521 172.9428 22.0678 -49.0877 100.0000 stroke2
movl 0 -24.1589 404.0273 171.0113 172.3691 21.4931 -51.4272 100.0000 stroke2
movl 0 -23.2184 404.2183 170.9818 172.1993 21.2577 -52.0725 100.0000 stroke2
movl 0 -21.8704 404.3862 171.2039 171.6865 21.4212 -52.4490 100.0000 stroke2
movl 0 -20.6923 403.6252 171.5376 171.4511 21.8987 -52.4966 100.0000 stroke2
movl 0 -19.7292 404.4945 171.3911 170.7948 21.5843 -53.1613 100.0000 stroke2
movl 0 -20.0127 404.9666 171.3913 170.4758 20.8975 -53.9395 100.0000 stroke2
movl 0 -16.9041 402.6530 172.6209 168.4329 23.9613 -53.1511 100.0000 stroke2
movl 0 1.8418 389.5969 197.8106 163.6351 36.3135 -59.4246 100.0000 stroke2
movl 0 18.8285 389.8577 184.9938 156.5693 35.3592 -64.2901 100.0000 stroke3
movl 0 15.7762 391.7546 168.0124 155.8243 30.6553 -66.1675 100.0000 stroke3
movl 0 10.0153 394.2088 164.9112 158.5208 27.7998 -65.9037 100.0000 stroke3
movl 0 9.0666 398.1152 162.4816 158.4338 26.3617 -66.7433 100.0000 stroke3
movl 0 7.9351 398.8046 161.2023 158.4041 26.6797 -67.0613 100.0000 stroke3
movl 0 4.7356 403.7718 160.6828 158.0913 22.1613 -69.6222 100.0000 stroke3
movl 0 5.3367 407.9876 159.9590 156.8840 18.3459 -72.3923 100.0000 stroke3
movl 0 10.0048 413.4459 157.7383 153.6306 15.5003 -74.5542 100.0000 stroke3
movl 0 9.7514 415.2311 157.5329 152.4927 13.8124 -75.5511 100.0000 stroke3
movl 0 9.8382 416.1916 157.6330 151.7479 12.3439 -76.7298 100.0000 stroke3
movl 0 9.5132 416.9370 157.9373 151.0315 10.7022 -77.8824 100.0000 stroke3
movl 0 8.7683 417.9208 158.1434 150.2964 8.5894 -78.7477 100.0000 stroke3
movl 0 7.8692 419.2795 158.2406 149.7512 6.2585 -79.4347 100.0000 stroke3
movl 0 6.2322 420.4299 158.3856 149.3708 3.2365 -80.4193 100.0000 stroke3
movl 0 4.2459 420.4149 158.7436 149.1779 2.0717 -79.9259 100.0000 stroke3
movl 0 6.9930 418.4855 159.7698 149.0604 3.5931 -81.2884 100.0000 stroke3
movl 0 4.4429 418.9773 159.7021 149.5567 2.1335 -80.8881 100.0000 stroke3
movl 0 5.6836 418.0076 160.1454 149.3316 3.0072 -81.5026 100.0000 stroke3
movl 0 11.4895 408.2280 164.5935 148.0889 12.0421 -80.4755 100.0000 stroke3
movl 0 34.7832 388.6022 218.3723 154.5851 45.6275 -65.1702 100.0000 stroke3
movl 0 -15.6593 398.8165 191.2834 142.8627 20.9684 -91.5895 100.0000 stroke4
movl 0 -20.6331 402.2927 166.7616 145.9973 14.8617 -95.3372 100.0000 stroke4
movl 0 -22.8240 402.4539 164.6466 148.3182 15.7227 -95.6671 100.0000 stroke4
movl 0 -25.6765 402.8663 162.0495 149.1817 17.0300 -94.2546 100.0000 stroke4
movl 0 -27.5801 404.1432 160.6424 150.2798 17.8904 -93.0528 100.0000 stroke4
movl 0 -30.6832 407.8307 160.1510 151.8071 15.3016 -93.4747 100.0000 stroke4
movl 0 -32.0600 410.9415 160.6548 152.4271 11.5486 -95.9013 100.0000 stroke4
movl 0 -33.4847 413.1749 161.2220 153.2547 8.6019 -98.2169 100.0000 stroke4
movl 0 -33.6059 415.0910 161.7925 154.0092 5.6753 -101.1502 100.0000 stroke4
movl 0 -32.7629 416.1159 162.4878 154.0597 3.7679 -103.2823 100.0000 stroke4
movl 0 -31.8848 416.5817 163.6279 153.9939 1.6478 -105.4779 100.0000 stroke4
movl 0 -31.3945 417.4974 164.8579 154.4709 -1.3288 -108.2242 100.0000 stroke4
movl 0 -31.4189 418.5045 165.9864 155.4468 -4.0992 -110.7810 100.0000 stroke4
movl 0 -32.0360 420.5060 167.0890 157.0401 -7.5934 -113.8063 100.0000 stroke4
movl 0 -33.2002 421.9253 167.9465 158.7798 -10.3831 -116.5232 100.0000 stroke4
movl 0 -34.2363 423.2356 168.4047 160.4871 -12.5399 -119.1292 100.0000 stroke4
movl 0 -35.9659 424.6249 168.7614 162.4869 -14.5917 -121.0314 100.0000 stroke4
movl 0 -37.2640 424.6997 169.2783 163.8160 -15.7791 -122.5644 100.0000 stroke4
movl 0 -36.7283 421.9610 170.3872 163.0412 -14.7125 -122.3855 100.0000 stroke4
movl 0 -37.6979 422.3581 170.4502 163.8587 -15.3479 -122.7068 100.0000 stroke4
movl 0 -37.3536 422.4844 170.5032 163.9996 -15.7698 -122.3496 100.0000 stroke4
movl 0 -37.0641 422.1838 170.6260 163.8622 -15.7551 -122.4110 100.0000 stroke4
movl 0 -37.1678 421.8275 170.7236 163.6543 -15.3047 -122.4288 100.0000 stroke4
movl 0 -36.5071 420.2433 171.2934 162.8465 -14.4765 -122.1958 100.0000 stroke4
movl 0 -30.0560 407.2792 184.1727 155.5132 -6.7899 -118.8856 100.0000 stroke4
movl 0 -5.3368 396.0565 197.7882 142.9105 15.0715 -107.2676 100.0000 stroke5
movl 0 -7.9574 401.5399 168.7598 145.8221 10.0820 -108.9130 100.0000 stroke5
movl 0 -8.5013 403.9814 166.6219 147.1562 9.6010 -109.6872 100.0000 stroke5
movl 0 -7.8804 406.3336 163.4793 147.2685 8.7540 -109.9092 100.0000 stroke5
movl 0 -10.6301 408.3960 161.7655 148.1920 8.7086 -109.4929 100.0000 stroke5
movl 0 -13.4749 412.7331 161.2058 150.6243 5.6320 -111.3969 100.0000 stroke5
movl 0 -14.1578 417.8087 160.9363 152.1347 1.1541 -114.1189 100.0000 stroke5
movl 0 -14.3153 418.8919 160.8441 152.0531 -0.2887 -114.4050 100.0000 stroke5
movl 0 -13.5516 419.5902 161.6787 151.9502 -2.1705 -115.0345 100.0000 stroke5
movl 0 -13.1457 420.8379 162.6462 152.6140 -5.1329 -116.5559 100.0000 stroke5
movl 0 -13.1358 422.8442 163.9017 154.3786 -9.5259 -119.7227 100.0000 stroke5
movl 0 -14.3610 425.7013 164.6899 157.2131 -14.0417 -123.1327 100.0000 stroke5
movl 0 -16.3763 428.1450 165.3269 160.3547 -17.3239 -126.0033 100.0000 stroke5
movl 0 -18.5168 431.3536 165.2913 163.5959 -20.1808 -128.0135 100.0000 stroke5
movl 0 -19.3727 433.0587 164.9188 165.2636 -21.7149 -128.4416 100.0000 stroke5
movl 0 -17.0361 432.5050 165.2393 164.3856 -21.6044 -128.5642 100.0000 stroke5
movl 0 -17.9333 431.7328 165.8149 164.6776 -21.5026 -127.8717 100.0000 stroke5
movl 0 -18.4282 432.1136 165.7317 165.1351 -21.7634 -127.8463 100.0000 stroke5
movl 0 -18.0685 431.5888 165.8809 164.6806 -21.6584 -127.6360 100.0000 stroke5
movl 0 -16.2311 427.7285 167.6013 162.2564 -20.0382 -126.9187 100.0000 stroke5
movl 0 -1.8750 410.1272 185.1551 146.6430 -8.5874 -119.3146 100.0000 stroke5
movl 0 -13.8009 375.2461 242.2110 136.0713 -2.5760 -123.4365 100.0000 stroke6
movl 0 -21.9449 377.0565 184.0431 144.5023 -7.5751 -127.9559 100.0000 stroke6
movl 0 -29.5157 380.9150 177.3515 151.3209 -10.6090 -134.3345 100.0000 stroke6
movl 0 -34.2506 383.9054 173.4413 154.2735 -10.7595 -135.6383 100.0000 stroke6
movl 0 -35.7325 385.8640 171.8761 154.6452 -10.5715 -135.1472 100.0000 stroke6
movl 0 -36.1492 386.9824 170.9562 154.6463 -10.7439 -134.7022 100.0000 stroke6
movl 0 -36.8595 387.0010 170.2559 154.5085 -9.8469 -133.4189 100.0000 stroke6
movl 0 -39.1887 387.0007 169.7943 155.1044 -8.7772 -133.1709 100.0000 stroke6
movl 0 -41.4168 386.5159 169.5892 155.6775 -7.5438 -132.8142 100.0000 stroke6
movl 0 -43.1452 386.2206 169.4600 156.4483 -6.5753 -132.0325 100.0000 stroke6
movl 0 -43.6838 385.7925 169.6230 156.7776 -5.7362 -131.1774 100.0000 stroke6
movl 0 -44.2025 384.8299 169.8832 156.6849 -4.6274 -130.6174 100.0000 stroke6
movl 0 -43.4541 384.9307 170.1765 156.9055 -4.3808 -130.9813 100.0000 stroke6
movl 0 -42.5586 385.1576 170.6750 157.3390 -4.2035 -131.9348 100.0000 stroke6
movl 0 -41.0360 385.4250 171.0094 157.7527 -3.9338 -133.0330 100.0000 stroke6
movl 0 -39.6069 385.9473 171.2859 158.3203 -3.6556 -133.9656 100.0000 stroke6
movl 0 -38.6077 386.6189 171.4666 158.9684 -3.3511 -134.9711 100.0000 stroke6
movl 0 -37.7474 387.1233 171.6734 159.5604 -3.0491 -136.1682 100.0000 stroke6
movl 0 -36.4790 387.8236 171.7226 160.0385 -2.9983 -137.3196 100.0000 stroke6
movl 0 -35.3679 386.2056 172.3546 159.1410 -3.0480 -137.0360 100.0000 stroke6
movl 0 -33.6795 385.5027 172.7184 158.5490 -3.2659 -137.3275 100.0000 stroke6
movl 0 -34.2887 385.9614 172.9809 159.2500 -3.5132 -137.2708 100.0000 stroke6
movl 0 -34.0802 385.9226 173.2519 159.6588 -3.6662 -137.4900 100.0000 stroke6
movl 0 -34.0990 385.6995 173.4116 159.8236 -3.7798 -137.6380 100.0000 stroke6
movl 0 -34.5464 385.5962 173.3841 159.8237 -3.7810 -137.3114 100.0000 stroke6
movl 0 -33.6952 385.0647 173.7542 159.2341 -3.9967 -136.8119 100.0000 stroke6
movl 0 -29.9318 368.3510 183.9866 147.7431 -0.4812 -128.6998 100.0000 stroke6
movl 0 -21.3785 368.6707 237.3478 150.2079 30.5212 -83.0779 100.0000 stroke7
movl 0 -29.1647 370.0138 181.3011 152.1187 21.6009 -85.2707 100.0000 stroke7
movl 0 -46.0609 364.9731 175.6385 155.8860 18.1081 -86.8591 100.0000 stroke7
movl 0 -57.4402 363.9928 172.9838 158.2129 17.2351 -87.1605 100.0000 stroke7
movl 0 -63.1610 364.0975 172.0381 158.8357 17.2908 -87.2064 100.0000 stroke7
movl 0 -65.4689 363.0651 171.3912 158.7110 17.3976 -86.7959 100.0000 stroke7
movl 0 -67.9419 362.6195 170.6817 159.1602 17.2883 -86.4030 100.0000 stroke7
movl 0 -70.5035 363.4316 170.3518 160.4864 15.9483 -87.3358 100.0000 stroke7
movl 0 -74.1636 362.6661 170.8253 162.3031 14.8763 -88.8649 100.0000 stroke7
movl 0 -76.5120 362.2545 170.9393 163.3156 14.1734 -89.9982 100.0000 stroke7
movl 0 -77.7151 363.3265 171.4578 163.7722 12.7043 -91.6381 100.0000 stroke7
movl 0 -77.7432 363.5381 171.6719 164.0198 12.2853 -92.2978 100.0000 stroke7
movl 0 -77.2127 362.9296 171.6543 163.8565 13.0896 -92.1569 100.0000 stroke7
movl 0 -74.7309 360.5165 171.5481 162.4670 14.8449 -91.3018 100.0000 stroke7
movl 0 -71.2260 358.2561 171.0871 160.1034 16.8929 -90.5143 100.0000 stroke7
movl 0 -72.7511 359.2610 170.3937 160.5864 16.4560 -90.0629 100.0000 stroke7
movl 0 -75.3566 360.4915 170.3439 162.2677 15.3105 -90.4082 100.0000 stroke7
movl 0 -77.5300 361.7532 171.1119 163.5922 13.6916 -91.2735 100.0000 stroke7
movl 0 -78.2201 361.6191 171.3215 164.0705 13.3748 -91.6919 100.0000 stroke7
movl 0 -78.4883 362.2868 171.3209 164.3295 13.3406 -92.0500 100.0000 stroke7
movl 0 -75.5733 365.2322 171.4075 163.8225 12.3866 -93.1701 100.0000 stroke7
movl 0 -73.3060 366.9775 171.5915 163.5166 11.7586 -94.1351 100.0000 stroke7
movl 0 -69.4324 369.0723 171.5807 162.8555 11.1086 -95.2626 100.0000 stroke7
movl 0 -65.7793 370.8391 171.7846 162.3689 10.4460 -96.2886 100.0000 stroke7
movl 0 -63.1332 371.8606 171.9917 162.2253 10.0793 -97.0768 100.0000 stroke7
movl 0 -59.8146 373.0980 172.2065 162.1680 9.7160 -98.0659 100.0000 stroke7
movl 0 -56.3040 374.1302 172.3921 162.1325 9.4434 -99.0165 100.0000 stroke7
movl 0 -52.6074 375.4594 172.6407 162.2642 9.1135 -100.0965 100.0000 stroke7
movl 0 -48.8788 376.7873 172.8710 162.5289 8.6781 -101.3474 100.0000 stroke7
movl 0 -45.1071 377.9437 173.1595 162.7778 8.3528 -102.7470 100.0000 stroke7
movl 0 -42.1413 378.9366 173.4170 163.1941 7.9578 -104.1783 100.0000 stroke7
movl 0 -40.0143 380.1170 173.7902 164.2037 7.6503 -106.1063 100.0000 stroke7
movl 0 -38.4158 381.9100 174.2148 165.5233 7.2210 -108.4259 100.0000 stroke7
movl 0 -37.5707 383.4728 174.4981 166.7670 6.8945 -110.7378 100.0000 stroke7
movl 0 -37.0037 384.7560 174.6440 167.7253 6.7246 -112.6341 100.0000 stroke7
movl 0 -37.6701 385.7468 174.6548 169.0860 6.9029 -114.5919 100.0000 stroke7
movl 0 -39.1745 386.9992 174.5900 170.6541 6.9604 -116.8450 100.0000 stroke7
movl 0 -39.2098 388.7007 174.4055 171.9201 6.8030 -119.2400 100.0000 stroke7
movl 0 -35.3343 386.2339 175.7003 169.7801 6.6414 -118.6579 100.0000 stroke7
movl 0 -31.6675 383.6204 177.0274 167.7331 7.2036 -118.4010 100.0000 stroke7
movl 0 -29.5426 383.6582 177.5740 167.1852 7.2106 -118.6790 100.0000 stroke7
movl 0 -28.9362 384.0719 177.7366 167.1946 6.8210 -118.9308 100.0000 stroke7
movl 0 -29.1980 386.5277 178.0221 168.2459 4.8841 -119.9012 100.0000 stroke7
movl 0 -29.2998 388.5157 178.3297 169.1484 3.3615 -121.2561 100.0000 stroke7
movl 0 -28.9340 388.8095 178.6138 169.2856 2.9070 -121.9459 100.0000 stroke7
movl 0 -27.9590 388.4689 179.6634 169.2521 2.4376 -122.7474 100.0000 stroke7
movl 0 -26.3796 387.5552 180.3735 168.7600 2.4431 -123.1237 100.0000 stroke7
movl 0 -24.9481 387.9714 180.1896 168.2235 1.8292 -123.3038 100.0000 stroke7
movl 0 -12.6880 373.8835 183.2700 152.0747 4.8335 -116.9792 100.0000 stroke7
movl 0 -9.4475 351.7228 225.6469 135.3495 22.1127 -110.6659 100.0000 stroke7
movl 0 -26.7789 376.2455 228.4267 148.0300 24.0217 -78.6750 100.0000 stroke8
movl 0 -25.9151 371.6743 177.1492 151.9661 17.2554 -84.2548 100.0000 stroke8
movl 0 -29.6652 368.2561 171.4350 154.5872 16.5353 -86.1725 100.0000 stroke8
movl 0 -35.0250 367.5665 169.8239 156.2839 15.9064 -86.7628 100.0000 stroke8
movl 0 -36.2572 369.5929 168.9216 156.4921 14.7144 -87.0122 100.0000 stroke8
movl 0 -37.7485 370.7879 168.0448 156.8566 14.1616 -86.8322 100.0000 stroke8
movl 0 -41.4751 375.2892 167.0515 158.1890 10.2893 -87.8960 100.0000 stroke8
movl 0 -41.9258 378.2990 166.9302 158.5235 7.5670 -89.2767 100.0000 stroke8
movl 0 -40.4720 380.3651 166.6508 158.2263 6.1258 -90.0257 100.0000 stroke8
movl 0 -39.9247 381.7073 166.4755 157.5435 5.3729 -89.8112 100.0000 stroke8
movl 0 -40.7750 381.1735 166.5276 157.2693 5.3693 -88.9556 100.0000 stroke8
movl 0 -40.9350 380.8913 166.7808 156.9049 4.9517 -88.4733 100.0000 stroke8
movl 0 -41.8594 380.1632 167.0084 156.6918 4.5575 -87.8426 100.0000 stroke8
movl 0 -42.4230 379.6072 167.0950 156.3194 4.2790 -87.1925 100.0000 stroke8
movl 0 -44.0031 378.6394 167.2686 156.1822 4.1280 -86.5406 100.0000 stroke8
movl 0 -45.1009 377.6476 167.5057 155.8565 4.0693 -86.1394 100.0000 stroke8
movl 0 -45.9067 376.4438 168.3056 155.4369 4.2438 -85.8821 100.0000 stroke8
movl 0 -47.1352 372.0284 173.4037 153.1771 5.8750 -86.5604 100.0000 stroke8
movl 0 -57.7435 360.3291 222.5873 148.9376 13.8219 -89.8445 100.0000 stroke8
movl 0 2.5171 394.0492 197.6184 148.8899 -11.4768 -116.7768 100.0000 stroke9
movl 0 1.0445 386.5540 172.5557 153.6480 -13.4821 -125.2390 100.0000 stroke9
movl 0 -1.3895 385.0609 172.8732 154.5080 -12.1157 -125.9848 100.0000 stroke9
movl 0 -2.8425 387.0203 170.8889 154.4669 -12.5141 -125.8516 100.0000 stroke9
movl 0 -5.8341 389.3484 169.6472 154.8232 -12.3732 -125.4810 100.0000 stroke9
movl 0 -9.9821 391.0915 169.6846 158.0416 -12.4785 -127.6005 100.0000 stroke9
movl 0 -14.8549 392.7957 170.4071 161.7874 -12.4867 -130.9013 100.0000 stroke9
movl 0 -18.6462 395.2970 170.8032 165.3913 -12.6985 -134.5181 100.0000 stroke9
movl 0 -21.2071 398.8932 170.5527 168.7223 -13.1196 -138.2826 100.0000 stroke9
movl 0 -21.9479 403.1993 170.1184 172.2140 -13.9498 -142.8228 100.0000 stroke9
movl 0 -20.2442 406.6634 169.5462 173.9111 -14.7546 -145.3454 100.0000 stroke9
movl 0 -18.1960 408.4020 169.1464 174.2520 -15.7974 -145.6807 100.0000 stroke9
movl 0 -19.3848 407.5779 170.0470 175.2400 -16.0398 -145.1830 100.0000 stroke9
movl 0 -16.0188 403.6096 171.4159 171.9320 -15.0643 -144.4541 100.0000 stroke9
movl 0 -17.0312 402.4797 171.8827 172.2628 -14.9557 -144.3418 100.0000 stroke9
movl 0 -18.3905 401.0764 172.8199 173.4415 -15.0871 -144.8760 100.0000 stroke9
movl 0 -17.1090 397.7819 174.1600 171.8930 -14.5007 -144.5242 100.0000 stroke9
movl 0 -17.2773 397.5455 174.2969 172.6723 -14.7974 -144.6154 100.0000 stroke9
movl 0 -16.8441 397.0623 174.3818 172.1809 -14.9223 -144.2475 100.0000 stroke9
movl 0 -16.6034 396.1624 174.5579 171.3710 -14.6626 -143.7608 100.0000 stroke9
movl 0 -15.9661 394.7245 174.9063 170.3148 -14.4401 -143.0710 100.0000 stroke9
movl 0 -10.2715 387.0371 181.2080 164.1161 -13.1790 -138.9497 100.0000 stroke9
movl 0 -4.1159 372.1391 241.2750 151.9701 -5.3405 -131.9936 100.0000 stroke9
