movl 0 -48.0920 418.4388 171.3638 158.8173 -3.1191 -111.5478 100.0000 stroke1
movl 0 -51.0203 419.7290 170.5543 160.5389 -3.8962 -113.1577 100.0000 stroke1
movl 0 -51.7380 420.2634 170.4184 161.6351 -4.2699 -114.3546 100.0000 stroke1
movl 0 -51.5864 420.3084 170.4328 161.5188 -4.4974 -113.9895 100.0000 stroke1
movl 0 -53.1074 418.6450 170.9538 161.3636 -4.3973 -113.1598 100.0000 stroke1
movl 0 -54.4288 417.6241 171.3315 161.4898 -4.4547 -112.8376 100.0000 stroke1
movl 0 -55.0067 416.7431 171.7294 161.4361 -4.4393 -112.4608 100.0000 stroke1
movl 0 -55.4280 415.7468 172.2795 161.3285 -4.4417 -112.1389 100.0000 stroke1
movl 0 -55.2720 414.5779 173.0703 161.0250 -4.3047 -111.8950 100.0000 stroke1
movl 0 -54.6053 413.1787 174.4647 160.5625 -4.0455 -111.8024 100.0000 stroke1
movl 0 -50.0370 402.9157 181.7363 157.7515 -0.9472 -113.1695 100.0000 stroke1
movl 0 -44.5787 377.5376 222.6472 150.0553 5.1086 -119.9638 100.0000 stroke1
movl 0 -22.4552 411.8720 177.8001 146.0061 3.2750 -87.6974 100.0000 stroke2
movl 0 -30.4636 406.1093 180.9220 151.8552 4.4380 -89.5076 100.0000 stroke2
movl 0 -37.5678 408.4304 174.6445 154.3719 3.1291 -88.9374 100.0000 stroke2
movl 0 -42.6298 406.4859 174.3494 155.4649 4.0894 -88.6926 100.0000 stroke2
movl 0 -51.0984 407.1554 172.8807 158.4476 2.9121 -88.8811 100.0000 stroke2
movl 0 -58.8535 407.9527 172.6904 162.0547 0.8540 -91.9183 100.0000 stroke2
movl 0 -57.6443 410.8481 172.3850 162.6134 -1.2127 -95.7851 100.0000 stroke2
movl 0 -59.1665 410.1947 172.5258 162.8139 -2.3929 -97.2235 100.0000 stroke2
movl 0 -58.7372 410.2447 172.8328 163.0147 -4.0862 -99.2514 100.0000 stroke2
movl 0 -58.6436 410.1741 173.2634 163.3944 -6.0574 -101.8842 100.0000 stroke2
movl 0 -59.3456 410.6750 173.5824 164.5372 -8.2659 -105.1335 100.0000 stroke2
movl 0 -60.6129 410.4787 173.7763 165.8090 -10.0548 -107.9044 100.0000 stroke2
movl 0 -61.4126 410.3732 173.9792 166.7788 -11.6003 -109.5782 100.0000 stroke2
movl 0 -62.5701 409.3371 174.4038 167.8306 -12.6019 -110.6187 100.0000 stroke2
movl 0 -62.2492 408.0525 174.9982 167.5204 -12.1161 -110.7234 100.0000 stroke2
movl 0 -53.0960 400.7841 183.0786 162.1403 -7.5367 -111.0122 100.0000 stroke2
movl 0 -44.6233 386.8202 239.8608 154.4177 6.2865 -106.6200 100.0000 stroke2
movl 0 -31.3464 377.3559 190.8349 152.9148 -0.2081 -97.9519 100.0000 stroke3
movl 0 -37.9515 366.4070 186.4404 154.7271 1.4236 -97.9001 100.0000 stroke3
movl 0 -51.5733 364.8596 180.2715 158.9375 1.3475 -95.7842 100.0000 stroke3
movl 0 -55.6573 365.7113 177.7943 160.3107 1.4490 -95.5055 100.0000 stroke3
movl 0 -62.2963 367.2199 176.3975 163.3113 1.1838 -95.8970 100.0000 stroke3
movl 0 -68.2259 367.1934 176.0574 166.6290 0.7727 -96.3477 100.0000 stroke3
movl 0 -69.7243 368.0153 176.3532 166.8242 1.4974 -97.0229 100.0000 stroke3
movl 0 -70.8176 368.8064 175.9955 167.1587 1.9720 -97.8249 100.0000 stroke3
movl 0 -71.3422 369.2945 176.0023 167.2730 2.2992 -98.2830 100.0000 stroke3
movl 0 -70.5625 370.8825 176.0896 167.2692 2.4080 -98.9608 100.0000 stroke3
movl 0 -70.7164 369.7165 176.6397 167.1627 2.3306 -98.8078 100.0000 stroke3
movl 0 -70.8405 371.1204 176.4697 167.3126 2.3410 -99.3226 100.0000 stroke3
movl 0 -68.3805 373.9373 176.8538 167.0036 2.3263 -100.5232 100.0000 stroke3
movl 0 -68.6684 372.4176 177.2987 166.9132 2.6407 -100.3228 100.0000 stroke3
movl 0 -67.2485 373.8725 177.4080 166.7491 2.8353 -101.0550 100.0000 stroke3
movl 0 -65.7472 374.6526 177.8236 166.4736 3.0772 -101.5684 100.0000 stroke3
movl 0 -63.9555 375.7467 178.1705 166.1876 3.1431 -102.1317 100.0000 stroke3
movl 0 -62.0700 376.7634 178.7032 165.8640 3.3829 -102.7670 100.0000 stroke3
movl 0 -55.0947 374.4813 183.6149 163.9002 4.8661 -104.2050 100.0000 stroke3
movl 0 -37.1951 361.8716 214.6976 157.2443 11.3679 -106.5858 100.0000 stroke3
movl 0 -12.2530 400.2404 195.4938 148.4005 3.1811 -115.1536 100.0000 stroke4
movl 0 -21.4882 398.6871 184.5000 151.4974 0.6682 -114.8984 100.0000 stroke4
movl 0 -36.4199 396.9128 178.8608 155.5303 2.1458 -113.8033 100.0000 stroke4
movl 0 -43.7434 392.5513 177.3409 157.5319 4.8267 -112.6610 100.0000 stroke4
movl 0 -47.3757 392.3131 176.6786 158.7204 5.5865 -112.8107 100.0000 stroke4
movl 0 -54.2126 391.0658 176.0920 161.3085 6.9279 -113.2123 100.0000 stroke4
movl 0 -58.8939 389.8358 175.7953 162.6323 8.0644 -113.6691 100.0000 stroke4
movl 0 -58.9910 390.9017 175.6309 162.8933 8.2325 -114.1265 100.0000 stroke4
movl 0 -58.7432 391.8164 175.4785 163.3893 8.1567 -114.6066 100.0000 stroke4
movl 0 -57.9888 393.1209 175.4112 163.9175 8.0808 -115.5119 100.0000 stroke4
movl 0 -56.5570 394.8125 175.3171 164.5357 7.8836 -117.1281 100.0000 stroke4
movl 0 -54.9857 397.3392 175.0871 165.1720 7.6816 -118.7089 100.0000 stroke4
movl 0 -54.3174 398.0465 175.0971 165.2204 7.3525 -118.9930 100.0000 stroke4
movl 0 -51.6775 396.2952 176.2454 163.9119 7.7087 -118.9947 100.0000 stroke4
movl 0 -50.9008 395.9359 176.4981 163.5879 7.8556 -119.0051 100.0000 stroke4
movl 0 -50.0424 395.8537 176.7010 163.2386 8.0195 -119.0937 100.0000 stroke4
movl 0 -49.9107 395.9846 176.7068 163.3157 7.9927 -118.9983 100.0000 stroke4
movl 0 -50.1497 397.6121 176.4106 164.2214 6.8893 -118.6408 100.0000 stroke4
movl 0 -50.0729 398.5173 176.2773 164.6179 6.2163 -118.6304 100.0000 stroke4
movl 0 -50.2172 397.9748 176.1300 163.9146 5.9146 -117.4327 100.0000 stroke4
movl 0 -48.5299 397.0329 176.8780 162.3148 5.6181 -115.8318 100.0000 stroke4
movl 0 -22.1032 393.2872 206.1773 150.7857 5.6818 -113.2288 100.0000 stroke4
movl 0 4.1192 421.5463 192.9229 143.3968 1.2199 -102.9070 100.0000 stroke5
movl 0 -4.5582 419.5342 170.9651 146.6849 1.3011 -103.0031 100.0000 stroke5
movl 0 -13.0356 416.2591 171.2578 150.4747 5.8463 -102.7831 100.0000 stroke5
movl 0 -15.9754 414.8019 171.1544 152.0311 7.2665 -103.2662 100.0000 stroke5
movl 0 -19.0786 415.3531 170.5470 153.4797 7.9038 -103.9802 100.0000 stroke5
movl 0 -25.3604 421.5632 169.3344 156.3409 4.5891 -106.1472 100.0000 stroke5
movl 0 -26.4974 424.9775 168.9925 157.7879 1.6548 -108.9615 100.0000 stroke5
movl 0 -26.5686 425.8514 169.2201 157.8859 0.3072 -109.5795 100.0000 stroke5
movl 0 -26.4949 426.3246 169.7398 158.3416 -1.7139 -110.7298 100.0000 stroke5
movl 0 -26.6445 426.6092 170.2964 158.9683 -3.8553 -112.0562 100.0000 stroke5
movl 0 -27.0293 427.6362 170.6503 160.0393 -6.4558 -114.0917 100.0000 stroke5
movl 0 -27.9352 428.5489 170.8635 161.3406 -8.5697 -116.4277 100.0000 stroke5
movl 0 -28.7655 430.0580 170.9053 162.8835 -10.9993 -119.2043 100.0000 stroke5
movl 0 -30.0279 430.4020 171.1663 164.3818 -12.6378 -121.0164 100.0000 stroke5
movl 0 -30.0081 430.1215 171.3235 164.5270 -12.9119 -121.5318 100.0000 stroke5
movl 0 -29.8236 428.3202 171.9123 163.8971 -12.0077 -121.5033 100.0000 stroke5
movl 0 -25.4490 420.2165 178.2818 159.3954 -7.4660 -119.6522 100.0000 stroke5
movl 0 -10.5007 401.9866 191.2838 147.6039 -2.6062 -111.0004 100.0000 stroke6
movl 0 -13.1535 408.4169 179.9057 150.8336 -5.7056 -111.6231 100.0000 stroke6
movl 0 -19.4957 410.3372 175.5698 153.5392 -7.0448 -112.2027 100.0000 stroke6
movl 0 -33.4452 403.3057 175.4822 155.8388 -3.9921 -110.3109 100.0000 stroke6
movl 0 -38.8851 403.1646 174.4113 156.8373 -3.1015 -109.8753 100.0000 stroke6
movl 0 -43.3955 403.8297 173.8296 158.6918 -2.3712 -110.3832 100.0000 stroke6
movl 0 -47.3869 402.9749 174.0758 160.6607 -1.6744 -111.0555 100.0000 stroke6
movl 0 -48.4074 402.5204 174.2584 161.0919 -1.1778 -111.6354 100.0000 stroke6
movl 0 -48.0132 402.8731 174.2998 161.5002 -0.9501 -112.4435 100.0000 stroke6
movl 0 -46.7440 403.1791 174.6241 161.9980 -0.7893 -113.7381 100.0000 stroke6
movl 0 -44.2460 404.3015 174.7596 162.5478 -0.7894 -115.2454 100.0000 stroke6
movl 0 -42.7560 405.0778 174.9043 163.2671 -0.6842 -116.7272 100.0000 stroke6
movl 0 -41.2418 405.8682 175.0906 164.1673 -0.3653 -118.6818 100.0000 stroke6
movl 0 -39.3258 407.7295 174.9880 165.0582 -0.2662 -120.4779 100.0000 stroke6
movl 0 -39.4384 407.3240 175.2841 165.1895 0.0643 -120.7731 100.0000 stroke6
movl 0 -36.2366 404.9446 176.7333 163.7975 0.4009 -120.5376 100.0000 stroke6
movl 0 -34.3548 403.9261 177.4202 163.1407 0.5418 -120.4444 100.0000 stroke6
movl 0 -34.1137 402.8249 178.0123 162.8319 0.8781 -120.3453 100.0000 stroke6
movl 0 -34.3996 403.3779 177.6534 163.2726 0.6195 -120.2713 100.0000 stroke6
movl 0 -35.4008 404.4915 177.0712 164.3953 -0.3330 -119.7804 100.0000 stroke6
movl 0 -35.1303 404.5068 176.6932 164.1374 -0.5169 -119.3526 100.0000 stroke6
movl 0 -36.0025 403.3793 176.7170 163.0374 -0.7561 -117.7098 100.0000 stroke6
movl 0 -33.6785 389.4185 193.4876 154.8119 1.2339 -112.8605 100.0000 stroke6
movl 0 3.8670 419.0513 203.3222 145.3669 -8.1505 -105.2430 100.0000 stroke7
movl 0 -1.5948 414.6003 174.3539 151.0199 -11.2208 -110.8816 100.0000 stroke7
movl 0 -10.3349 407.8201 174.8099 153.0604 -6.4980 -109.8879 100.0000 stroke7
movl 0 -14.8827 406.0169 174.5383 154.9591 -4.7448 -109.0991 100.0000 stroke7
movl 0 -18.2528 406.1018 174.5643 155.9409 -3.7563 -109.1513 100.0000 stroke7
movl 0 -19.7372 407.4095 173.9882 156.4900 -3.4803 -109.4493 100.0000 stroke7
movl 0 -23.6865 410.4205 172.4761 158.5631 -4.0194 -109.8148 100.0000 stroke7
movl 0 -24.8341 413.1147 171.2624 159.8260 -5.1541 -109.8254 100.0000 stroke7
movl 0 -26.6709 412.8176 171.2237 160.1497 -5.4840 -109.2279 100.0000 stroke7
movl 0 -28.2142 411.7860 171.4938 160.2349 -5.9278 -108.3379 100.0000 stroke7
movl 0 -29.8227 410.3667 171.9596 160.3674 -6.1422 -107.6199 100.0000 stroke7
movl 0 -31.3010 408.4216 172.5294 160.2439 -6.2004 -106.5417 100.0000 stroke7
movl 0 -32.6137 401.8769 176.6547 158.5599 -5.2105 -105.0252 100.0000 stroke7
movl 0 -36.8942 383.4910 212.5741 154.1752 -0.0009 -105.0649 100.0000 stroke7
movl 0 -13.7346 394.0572 241.6159 150.8157 7.0923 -99.6612 100.0000 stroke8
movl 0 -17.3668 398.1291 197.8219 152.6048 0.9272 -101.7746 100.0000 stroke8
movl 0 -31.3039 398.3880 180.9920 155.5748 -0.3168 -102.2206 100.0000 stroke8
movl 0 -38.0671 395.0215 180.1123 158.2390 -0.3764 -103.5845 100.0000 stroke8
movl 0 -42.6296 389.0532 180.1127 160.0030 0.8254 -104.3764 100.0000 stroke8
movl 0 -46.4303 389.0987 179.3749 160.4110 1.0049 -103.9013 100.0000 stroke8
movl 0 -51.9030 390.4511 177.8309 162.5749 1.1138 -103.9487 100.0000 stroke8
movl 0 -59.7227 388.5507 177.4327 165.8374 1.6161 -105.1262 100.0000 stroke8
movl 0 -62.3361 388.7013 177.4064 166.4252 1.7882 -105.9015 100.0000 stroke8
movl 0 -61.0726 389.6371 177.3615 166.7616 2.0719 -107.3762 100.0000 stroke8
movl 0 -56.7895 391.8379 177.7045 166.8237 1.9253 -109.1558 100.0000 stroke8
movl 0 -51.0783 394.4534 178.0390 166.8544 1.6644 -110.6661 100.0000 stroke8
movl 0 -46.0354 395.6966 178.7431 166.6158 1.5693 -111.8604 100.0000 stroke8
movl 0 -42.4225 396.1351 179.4763 166.1584 1.4015 -112.4532 100.0000 stroke8
movl 0 -42.4545 395.4511 180.2163 165.7941 1.4460 -112.1836 100.0000 stroke8
movl 0 -31.7310 387.5340 199.1961 159.0105 2.8095 -111.4276 100.0000 stroke8
movl 0 9.3937 415.2563 185.9656 150.4208 -8.4188 -102.9262 100.0000 stroke9
movl 0 18.2495 409.5374 176.5556 148.5464 -8.3414 -107.3027 100.0000 stroke9
movl 0 9.2209 408.5805 173.3351 152.3671 -7.2250 -108.9467 100.0000 stroke9
movl 0 -5.1766 401.0360 175.5142 155.3355 -3.0743 -109.7949 100.0000 stroke9
movl 0 -14.2713 398.7373 175.7410 157.4387 -0.5538 -109.7467 100.0000 stroke9
movl 0 -20.2059 400.5168 174.4506 159.6433 -0.4436 -109.6157 100.0000 stroke9
movl 0 -22.9389 405.2751 173.5222 162.0479 -2.4580 -109.9782 100.0000 stroke9
movl 0 -22.3512 406.8401 172.9560 162.0389 -3.5321 -109.8948 100.0000 stroke9
movl 0 -23.1449 405.4298 173.1342 161.8492 -3.7154 -109.0364 100.0000 stroke9
movl 0 -23.6900 404.0448 173.3774 161.6691 -3.8081 -108.2630 100.0000 stroke9
movl 0 -23.3016 400.1234 175.0999 160.6377 -3.2461 -107.0712 100.0000 stroke9
movl 0 -18.5580 388.1267 192.3564 155.3882 -0.0973 -107.2250 100.0000 stroke9
movl 0 -13.1011 398.2572 205.0158 151.1426 -9.5770 -107.3327 100.0000 stroke10
movl 0 -13.3669 398.4401 175.7716 153.5083 -9.7999 -108.3627 100.0000 stroke10
movl 0 -17.5266 395.5673 176.6161 155.1565 -6.9715 -108.1740 100.0000 stroke10
movl 0 -20.3663 396.1122 175.1583 156.2626 -6.5994 -108.1106 100.0000 stroke10
movl 0 -24.6831 396.0442 174.5735 157.5038 -6.1283 -108.0643 100.0000 stroke10
movl 0 -28.8962 398.7886 173.2154 159.3840 -6.5677 -108.2523 100.0000 stroke10
movl 0 -30.8579 402.1478 172.0502 161.2559 -8.1775 -108.6167 100.0000 stroke10
movl 0 -31.6008 403.3930 171.7380 161.9076 -8.9489 -109.1609 100.0000 stroke10
movl 0 -31.7464 403.7939 171.6549 162.3353 -9.7091 -109.5085 100.0000 stroke10
movl 0 -32.0739 404.0882 171.6080 162.8133 -10.5750 -109.8768 100.0000 stroke10
movl 0 -32.5560 404.0719 171.5527 163.3813 -11.4503 -110.2413 100.0000 stroke10
movl 0 -33.5531 403.9078 171.5139 164.1089 -12.3777 -110.5516 100.0000 stroke10
movl 0 -34.4974 403.4705 171.4677 164.6663 -13.1131 -110.4047 100.0000 stroke10
movl 0 -35.4433 402.9818 171.4428 165.2413 -13.7834 -110.3173 100.0000 stroke10
movl 0 -36.8448 402.0988 171.5241 165.7367 -14.4464 -110.0056 100.0000 stroke10
movl 0 -37.9731 400.8162 171.5918 165.9636 -14.7106 -109.6288 100.0000 stroke10
movl 0 -39.0475 399.6370 171.7899 166.0886 -14.8606 -109.1568 100.0000 stroke10
movl 0 -40.0331 398.0594 172.1712 166.0833 -14.8244 -108.6606 100.0000 stroke10
movl 0 -40.0661 396.5286 172.6838 165.6510 -14.7870 -107.9809 100.0000 stroke10
movl 0 -38.3098 392.2444 176.1674 164.0801 -14.0567 -106.9123 100.0000 stroke10
movl 0 -25.5982 376.6079 211.6500 156.4112 -9.3612 -106.7417 100.0000 stroke10
movl 0 1.4786 396.0378 189.3174 150.2859 9.8915 -82.9600 100.0000 stroke11
movl 0 -9.2890 389.1788 182.0088 154.3198 8.3648 -84.2454 100.0000 stroke11
movl 0 -28.5670 383.9090 180.7421 160.6178 7.9547 -83.5835 100.0000 stroke11
movl 0 -35.9511 380.5465 180.5489 163.6584 8.9556 -83.7119 100.0000 stroke11
movl 0 -38.6820 380.4246 180.3193 164.6541 9.3981 -83.5039 100.0000 stroke11
movl 0 -42.4365 380.7629 179.2428 165.7736 9.3742 -82.0835 100.0000 stroke11
movl 0 -43.5612 380.1877 178.9644 166.2234 9.5134 -81.4967 100.0000 stroke11
movl 0 -44.7233 380.9830 178.6466 166.9025 9.1932 -81.2841 100.0000 stroke11
movl 0 -46.0586 381.1300 178.5182 167.5951 8.9282 -81.3933 100.0000 stroke11
movl 0 -47.2738 380.6582 178.4864 168.0643 9.0631 -81.7814 100.0000 stroke11
movl 0 -44.6193 382.6364 178.3058 168.0814 8.6343 -83.3061 100.0000 stroke11
movl 0 -41.8476 385.1171 178.2087 168.3159 8.0049 -85.2917 100.0000 stroke11
movl 0 -39.4130 385.0882 178.6243 167.5382 8.1273 -86.0104 100.0000 stroke11
movl 0 -38.8545 388.2658 177.9661 167.5850 6.8044 -86.7746 100.0000 stroke11
movl 0 -35.9234 394.5700 176.6803 167.1859 3.5594 -88.1129 100.0000 stroke11
movl 0 -36.6748 396.7376 175.8868 166.5569 1.8556 -87.6113 100.0000 stroke11
movl 0 -34.6100 399.2787 175.3140 165.7017 0.1206 -88.0355 100.0000 stroke11
movl 0 -34.7386 399.6443 175.3749 165.6154 -0.9906 -87.9869 100.0000 stroke11
movl 0 -34.8598 400.5460 175.3183 165.6366 -2.4179 -88.3439 100.0000 stroke11
movl 0 -35.4203 401.0933 175.3613 165.9077 -3.7161 -88.6607 100.0000 stroke11
movl 0 -36.1364 401.3877 175.3014 166.2239 -5.0261 -88.8818 100.0000 stroke11
movl 0 -37.2824 401.5082 175.2768 166.7464 -6.3123 -89.3737 100.0000 stroke11
movl 0 -38.3708 401.7407 175.1033 167.1292 -7.7127 -90.0108 100.0000 stroke11
movl 0 -39.6562 401.9159 175.0020 167.6927 -9.0337 -90.6014 100.0000 stroke11
movl 0 -40.8239 402.0647 174.7808 168.2090 -10.1612 -90.7676 100.0000 stroke11
movl 0 -41.9828 401.9202 174.8134 168.6894 -10.8925 -90.8731 100.0000 stroke11
movl 0 -42.9899 401.5378 174.6826 168.7102 -11.3978 -90.1139 100.0000 stroke11
movl 0 -43.6881 399.3413 175.4011 168.6100 -10.9861 -89.4950 100.0000 stroke11
movl 0 -37.9693 398.5636 176.8583 167.2087 -9.4642 -90.1892 100.0000 stroke11
movl 0 -40.6615 397.6148 176.4289 167.7261 -10.2980 -89.3708 100.0000 stroke11
movl 0 -35.9930 395.9637 177.6336 166.7602 -8.5471 -90.3811 100.0000 stroke11
movl 0 -34.7317 395.2431 177.9545 166.5398 -8.0477 -90.5935 100.0000 stroke11
movl 0 -37.8949 395.8109 177.3061 167.1698 -9.5305 -89.5961 100.0000 stroke11
movl 0 -36.0865 394.0218 178.0993 166.5610 -8.1230 -89.8872 100.0000 stroke11
movl 0 -30.4058 388.7593 180.2930 164.8514 -4.1673 -90.4598 100.0000 stroke11
movl 0 -30.5142 386.1604 180.3257 164.4608 -2.6335 -89.5596 100.0000 stroke11
movl 0 -33.6025 388.7494 178.1401 164.8433 -4.2238 -87.2846 100.0000 stroke11
movl 0 -36.4789 389.7172 176.8910 165.0025 -5.2049 -84.9426 100.0000 stroke11
movl 0 -36.2167 389.0392 177.1548 164.5890 -4.5631 -84.4836 100.0000 stroke11
movl 0 -30.4002 383.0712 180.0137 162.4327 -0.5664 -85.7505 100.0000 stroke11
movl 0 -9.4408 369.3780 193.6993 153.6279 9.8490 -93.5783 100.0000 stroke11
movl 0 5.0861 410.2513 190.0491 145.5084 -6.9939 -99.9013 100.0000 stroke12
movl 0 -0.5274 408.4662 173.8920 149.6461 -10.7331 -101.5467 100.0000 stroke12
movl 0 -18.7753 400.4368 176.7806 155.1930 -6.1265 -99.6024 100.0000 stroke12
movl 0 -27.3307 394.1884 177.7415 157.9329 -3.9225 -97.9729 100.0000 stroke12
movl 0 -30.2862 393.6427 177.6432 159.5399 -2.8980 -98.2935 100.0000 stroke12
movl 0 -32.9348 393.5255 177.3686 160.2670 -2.3538 -97.9433 100.0000 stroke12
movl 0 -37.8987 392.2500 177.4591 162.2293 -1.4549 -97.6796 100.0000 stroke12
movl 0 -42.3003 390.4702 177.9112 164.1554 -0.5067 -97.3710 100.0000 stroke12
movl 0 -42.8535 390.8512 177.9577 164.9074 -0.3549 -97.6822 100.0000 stroke12
movl 0 -40.3619 392.1896 177.9726 165.3044 -0.6406 -99.0119 100.0000 stroke12
movl 0 -39.4346 392.2166 178.2076 165.4058 -0.7057 -99.4983 100.0000 stroke12
movl 0 -38.0563 391.2422 178.7410 164.7601 -0.3741 -99.4917 100.0000 stroke12
movl 0 -39.7198 391.2679 178.3551 165.5029 -0.7536 -98.8883 100.0000 stroke12
movl 0 -37.0718 386.1363 181.2423 162.2435 0.0607 -96.5624 100.0000 stroke12
movl 0 -24.9427 370.7819 224.8620 155.5758 7.4563 -97.2142 100.0000 stroke12
movl 0 6.8656 409.9422 197.7676 147.1112 -2.3653 -95.6487 100.0000 stroke13
movl 0 -6.0041 393.9309 177.7240 151.1156 -1.9706 -96.6763 100.0000 stroke13
movl 0 -18.9480 386.7219 177.2673 155.6448 -1.7178 -96.8603 100.0000 stroke13
movl 0 -27.1834 381.3956 178.0251 158.5833 -0.2162 -96.0783 100.0000 stroke13
movl 0 -31.7794 379.0410 178.3889 159.9733 0.5655 -95.3923 100.0000 stroke13
movl 0 -34.5809 379.3283 177.6996 161.0701 0.6825 -95.9662 100.0000 stroke13
movl 0 -39.9945 377.4339 177.4513 163.0280 1.4990 -96.0847 100.0000 stroke13
movl 0 -40.3964 378.2964 177.2256 163.7229 1.4301 -96.5784 100.0000 stroke13
movl 0 -39.3856 379.7188 177.1426 164.6804 1.2745 -97.8020 100.0000 stroke13
movl 0 -37.3848 380.9198 177.1832 164.8820 0.9293 -98.5689 100.0000 stroke13
movl 0 -37.2862 379.9210 177.7844 164.7049 1.2720 -98.3013 100.0000 stroke13
movl 0 -38.2014 379.9895 177.4088 165.1607 0.8580 -97.5210 100.0000 stroke13
movl 0 -36.8866 379.4311 177.6397 164.2744 1.0220 -97.2983 100.0000 stroke13
movl 0 -30.0920 379.9734 179.7147 160.7756 1.4732 -97.8417 100.0000 stroke13
movl 0 -20.2786 376.5987 238.7189 154.5185 9.0282 -98.1053 100.0000 stroke13
movl 0 30.1134 432.5408 213.7103 145.8216 -1.4199 -101.7526 100.0000 stroke14
movl 0 29.3551 428.0906 173.6701 146.6749 -5.3097 -103.3120 100.0000 stroke14
movl 0 21.7481 423.5442 172.9717 149.1866 -2.1043 -103.4950 100.0000 stroke14
movl 0 12.6266 420.8554 173.7709 152.4414 0.3132 -102.7293 100.0000 stroke14
movl 0 5.2235 421.7561 173.6033 155.2684 0.6601 -101.9565 100.0000 stroke14
movl 0 -3.5185 426.7576 172.1911 159.7113 -0.9767 -101.5752 100.0000 stroke14
movl 0 -2.8893 430.6149 171.2112 160.4709 -2.6474 -102.3761 100.0000 stroke14
movl 0 -3.1690 432.3409 170.7005 160.6854 -4.0561 -101.6753 100.0000 stroke14
movl 0 -3.7103 432.1971 170.7661 160.8215 -5.2496 -100.7438 100.0000 stroke14
movl 0 -4.7602 431.1130 171.1081 160.9609 -5.8514 -99.7577 100.0000 stroke14
movl 0 -5.8337 429.4612 171.4562 160.8772 -6.0413 -98.8986 100.0000 stroke14
movl 0 -6.2449 427.7815 172.3324 160.6247 -5.9883 -98.1928 100.0000 stroke14
movl 0 1.8225 417.2000 186.2055 156.8820 -2.5724 -98.0988 100.0000 stroke14
movl 0 21.4408 410.6304 189.4077 148.7849 -0.1866 -100.3893 100.0000 stroke15
movl 0 10.1855 408.5737 180.0016 153.6496 -1.5686 -100.2750 100.0000 stroke15
movl 0 -3.1304 403.4028 178.9367 157.8970 -0.5209 -100.3305 100.0000 stroke15
movl 0 -10.5640 399.0045 179.1694 159.4990 1.2773 -100.1932 100.0000 stroke15
movl 0 -13.1458 399.5943 178.3930 160.0159 1.6128 -100.6499 100.0000 stroke15
movl 0 -19.1520 398.5921 178.0506 162.4998 2.3848 -100.9646 100.0000 stroke15
movl 0 -23.6460 396.4668 178.4949 164.0925 3.3950 -101.3716 100.0000 stroke15
movl 0 -25.6635 396.2188 178.4965 165.2781 3.7937 -102.1223 100.0000 stroke15
movl 0 -25.3322 396.8065 178.6413 166.2585 3.9324 -103.8761 100.0000 stroke15
movl 0 -25.4302 398.2377 178.6161 167.5580 3.8769 -106.3931 100.0000 stroke15
movl 0 -24.5821 400.1728 178.4075 168.7241 3.6760 -109.0252 100.0000 stroke15
movl 0 -23.5471 402.4201 178.1813 169.3819 3.2317 -111.1343 100.0000 stroke15
movl 0 -21.0006 399.8675 179.2254 167.9001 3.6113 -110.1512 100.0000 stroke15
movl 0 -18.8313 400.8743 179.3650 167.3470 3.1508 -110.1533 100.0000 stroke15
movl 0 -18.3178 400.0476 179.6937 166.9428 3.3222 -109.9388 100.0000 stroke15
movl 0 -17.4378 399.5328 180.0385 166.5344 3.5369 -109.8693 100.0000 stroke15
movl 0 -16.9315 399.7371 180.1393 166.5491 3.5152 -109.9856 100.0000 stroke15
movl 0 -16.5861 399.9266 179.9904 166.5697 3.4599 -110.1064 100.0000 stroke15
movl 0 -17.3122 402.0608 179.0504 167.4991 2.0659 -110.0340 100.0000 stroke15
movl 0 -17.7555 403.1406 178.7595 167.5720 1.3195 -109.8028 100.0000 stroke15
movl 0 -16.1024 401.0928 179.3916 165.4348 1.6781 -108.1352 100.0000 stroke15
movl 0 -0.7726 386.4388 209.1539 154.9994 3.7913 -106.3692 100.0000 stroke15
movl 0 14.4662 425.6189 217.5042 149.1115 -9.4649 -100.2188 100.0000 stroke16
movl 0 18.4336 428.8880 175.8351 152.4616 -12.5316 -103.7913 100.0000 stroke16
movl 0 13.5027 424.3447 174.6842 155.7856 -10.1847 -105.5191 100.0000 stroke16
movl 0 8.6765 421.8078 175.3075 157.9934 -8.8159 -106.2734 100.0000 stroke16
movl 0 6.6306 422.3342 174.8879 158.6702 -8.9719 -106.3822 100.0000 stroke16
movl 0 2.5642 425.2728 173.8144 160.9416 -9.9933 -106.9092 100.0000 stroke16
movl 0 -1.2535 429.1052 172.7848 163.6548 -11.5094 -108.1541 100.0000 stroke16
movl 0 -1.9006 430.8785 172.2257 164.5652 -12.9120 -108.6212 100.0000 stroke16
movl 0 -2.6742 430.7787 172.1204 165.0451 -13.8541 -108.6132 100.0000 stroke16
movl 0 -3.9611 430.6564 171.8491 165.7257 -14.8773 -108.7528 100.0000 stroke16
movl 0 -5.7128 430.3122 171.6021 166.5316 -15.8814 -108.9395 100.0000 stroke16
movl 0 -8.3542 429.1796 171.5689 167.1726 -16.5489 -108.6420 100.0000 stroke16
movl 0 -10.9175 427.2683 171.9178 167.2559 -16.6916 -107.5202 100.0000 stroke16
movl 0 -13.4518 425.7355 172.1306 167.5117 -16.7068 -106.7885 100.0000 stroke16
movl 0 -15.3478 423.8472 172.6754 167.3961 -16.6266 -106.1061 100.0000 stroke16
movl 0 -16.7637 422.1325 173.2001 167.2112 -16.5839 -105.7366 100.0000 stroke16
movl 0 -17.9125 421.4137 173.5963 167.1328 -16.5856 -105.5739 100.0000 stroke16
movl 0 -18.7023 420.5913 174.1152 166.7946 -16.4250 -105.2425 100.0000 stroke16
movl 0 -19.4561 419.5981 174.6951 166.5510 -16.1649 -105.0122 100.0000 stroke16
movl 0 -19.5159 419.3959 174.9850 166.3042 -16.1035 -104.9315 100.0000 stroke16
movl 0 -15.9724 417.1560 179.2814 162.9431 -15.6900 -103.5680 100.0000 stroke16
movl 0 -4.4446 401.0206 238.7189 150.0805 -7.3604 -103.8025 100.0000 stroke16
movl 0 14.3287 410.0318 192.6942 153.8056 -14.6090 -115.9362 100.0000 stroke17
movl 0 8.3348 408.1886 181.0716 157.6780 -14.3635 -118.8259 100.0000 stroke17
movl 0 -0.4403 407.6464 178.3088 159.4159 -11.7954 -117.3862 100.0000 stroke17
movl 0 -8.5172 403.7058 178.3825 159.8376 -9.1735 -116.4339 100.0000 stroke17
movl 0 -12.2521 403.7051 177.5309 160.6795 -8.3073 -116.3672 100.0000 stroke17
movl 0 -19.6357 402.7112 177.2001 163.1444 -6.9891 -117.0508 100.0000 stroke17
movl 0 -22.6231 404.8193 176.7147 165.2965 -7.0954 -118.3552 100.0000 stroke17
movl 0 -23.1888 406.1439 176.7339 166.5769 -7.5922 -119.7301 100.0000 stroke17
movl 0 -23.9643 406.2559 176.9328 167.5324 -8.0681 -120.8730 100.0000 stroke17
movl 0 -25.0052 406.7396 177.0821 168.9460 -8.8797 -122.2046 100.0000 stroke17
movl 0 -26.2310 407.2507 177.2674 170.7986 -9.6450 -124.2030 100.0000 stroke17
movl 0 -28.1397 408.6924 177.1180 173.2678 -10.3910 -126.7245 100.0000 stroke17
movl 0 -31.4928 410.2654 176.8898 176.3232 -10.7628 -129.7718 100.0000 stroke17
movl 0 -35.7059 412.6398 176.1788 -179.8581 -10.8385 -134.9100 100.0000 stroke17
movl 0 -39.5944 414.2526 175.3218 -176.6305 -10.0968 -139.4054 100.0000 stroke17
movl 0 -42.6957 415.1021 174.4754 -174.4555 -9.1826 -141.9086 100.0000 stroke17
movl 0 -44.2847 416.1834 173.7079 -172.6676 -8.7266 -144.0725 100.0000 stroke17
movl 0 -45.3474 416.5789 173.3442 -171.6508 -8.4139 -145.0201 100.0000 stroke17
movl 0 -45.6401 416.9232 173.1113 -170.7830 -8.2404 -145.9501 100.0000 stroke17
movl 0 -46.4532 415.9161 173.3019 -170.6672 -7.7624 -146.4675 100.0000 stroke17
movl 0 -46.5636 414.9712 174.1703 -171.1778 -7.3167 -146.8646 100.0000 stroke17
movl 0 -45.6699 415.2793 174.2841 -171.2360 -7.2312 -147.3864 100.0000 stroke17
movl 0 -44.8208 415.4471 174.5956 -171.3342 -6.8409 -148.6204 100.0000 stroke17
movl 0 -44.0494 416.1677 174.7097 -171.2764 -6.6529 -149.7362 100.0000 stroke17
movl 0 -44.8283 414.4187 174.9689 -171.1455 -6.2491 -150.9033 100.0000 stroke17
movl 0 -44.8085 413.6080 175.2789 -171.1365 -5.7555 -152.8540 100.0000 stroke17
movl 0 -44.0287 414.1783 175.4164 -171.0982 -5.2705 -155.0243 100.0000 stroke17
movl 0 -44.9936 412.7211 175.4661 -170.9712 -4.9586 -155.6728 100.0000 stroke17
movl 0 -45.5422 411.3358 175.5798 -171.0399 -4.6582 -155.6852 100.0000 stroke17
movl 0 -44.9405 411.7755 175.6025 -171.0775 -4.3501 -156.3134 100.0000 stroke17
movl 0 -43.7403 412.1210 175.7247 -171.0311 -4.4543 -156.6087 100.0000 stroke17
movl 0 -43.6115 411.9861 175.7734 -170.9646 -4.3972 -156.3345 100.0000 stroke17
movl 0 -41.6938 412.0235 175.9777 -170.9545 -4.4952 -156.6382 100.0000 stroke17
movl 0 -40.2010 412.0543 176.2857 -170.8863 -4.5829 -157.0380 100.0000 stroke17
movl 0 -38.2733 411.9809 176.7220 -170.9615 -4.8325 -157.3148 100.0000 stroke17
movl 0 -36.4548 411.7321 177.4148 -171.2007 -5.1723 -157.3629 100.0000 stroke17
movl 0 -34.4740 411.9067 177.8678 -171.2645 -5.3687 -157.6982 100.0000 stroke17
movl 0 -33.3992 411.7835 178.2593 -171.2127 -5.4982 -157.9428 100.0000 stroke17
movl 0 -32.4692 411.2838 178.7305 -171.2997 -5.4258 -158.2279 100.0000 stroke17
movl 0 -31.5192 411.1471 179.1167 -171.3880 -5.4802 -158.3870 100.0000 stroke17
movl 0 -30.1671 410.9435 179.6038 -171.5260 -5.6603 -158.4524 100.0000 stroke17
movl 0 -29.5751 410.5554 180.1179 -171.6259 -5.7182 -158.5403 100.0000 stroke17
movl 0 -28.4673 410.1239 180.7515 -171.7924 -5.8616 -158.6213 100.0000 stroke17
movl 0 -28.0858 409.7630 181.0857 -171.8786 -5.9044 -158.6328 100.0000 stroke17
movl 0 -27.1537 409.5820 181.5135 -171.9742 -6.0209 -158.7373 100.0000 stroke17
movl 0 -26.1504 409.1301 182.2056 -172.2000 -6.1640 -158.7971 100.0000 stroke17
movl 0 -25.5051 408.6851 182.7974 -172.3984 -6.2538 -158.8105 100.0000 stroke17
movl 0 -24.6347 408.3491 183.3382 -172.6008 -6.3879 -158.8606 100.0000 stroke17
movl 0 -23.5301 407.5931 184.2863 -172.9457 -6.5432 -158.8044 100.0000 stroke17
movl 0 -24.1671 407.6154 184.0461 -172.9066 -6.5671 -158.6772 100.0000 stroke17
movl 0 -23.7153 407.6155 184.3252 -172.9950 -6.7610 -158.5842 100.0000 stroke17
movl 0 -21.4999 405.3059 187.2649 -174.4162 -7.7869 -157.1785 100.0000 stroke17
movl 0 -7.4316 384.7182 235.1943 175.9778 -11.8951 -150.3600 100.0000 stroke17
