movl 0 -39.5458 383.7929 175.2633 150.0584 -0.8400 -124.9927 100.0000 stroke1
movl 0 -45.2468 383.4044 174.4321 151.2162 -0.7070 -124.2494 100.0000 stroke1
movl 0 -47.4320 384.0621 173.6538 151.7145 -1.0457 -123.8730 100.0000 stroke1
movl 0 -48.5390 382.6822 173.9574 152.4703 -2.6084 -126.7791 100.0000 stroke1
movl 0 -52.8946 380.1860 173.7624 153.9053 -3.2339 -128.3132 100.0000 stroke1
movl 0 -58.1291 379.2796 172.9022 154.8806 -3.1236 -127.8658 100.0000 stroke1
movl 0 -61.6848 378.6494 171.8127 154.7501 -2.5696 -126.2278 100.0000 stroke1
movl 0 -63.6814 378.4894 171.1167 154.7693 -2.1210 -125.4160 100.0000 stroke1
movl 0 -65.0323 378.6731 170.4563 155.2569 -1.7559 -125.2867 100.0000 stroke1
movl 0 -66.6616 378.9763 170.2947 156.2400 -1.3400 -125.3528 100.0000 stroke1
movl 0 -67.7738 378.8898 170.2572 156.9280 -0.8908 -125.2650 100.0000 stroke1
movl 0 -69.2264 378.8453 170.4696 157.8238 -0.6914 -125.6847 100.0000 stroke1
movl 0 -70.9636 378.6392 171.0626 158.8613 -0.7187 -126.5807 100.0000 stroke1
movl 0 -72.6638 378.2976 170.9768 159.1259 -0.2954 -127.0934 100.0000 stroke1
movl 0 -72.8282 379.0084 170.6698 159.3971 -0.0591 -127.5052 100.0000 stroke1
movl 0 -72.4219 379.3206 170.7826 159.5598 0.1587 -127.7886 100.0000 stroke1
movl 0 -71.2084 379.9621 170.9264 159.6641 0.1746 -128.1426 100.0000 stroke1
movl 0 -70.1273 380.3929 171.1223 159.7984 0.3078 -128.5191 100.0000 stroke1
movl 0 -68.3428 381.1734 171.2526 159.9239 0.3404 -128.9574 100.0000 stroke1
movl 0 -65.9879 382.3913 171.3753 160.1524 0.3598 -129.7316 100.0000 stroke1
movl 0 -62.0356 384.4379 171.7554 160.3673 0.3465 -131.2428 100.0000 stroke1
movl 0 -59.4750 385.4919 171.9535 160.1464 0.0000 -131.6481 100.0000 stroke1
movl 0 -57.5937 384.5454 172.6267 158.8681 -0.1870 -131.0343 100.0000 stroke1
movl 0 -56.2349 384.4604 172.7623 158.3805 -0.2038 -130.9221 100.0000 stroke1
movl 0 -56.6203 384.9008 172.7910 158.9458 -0.4534 -130.5754 100.0000 stroke1
movl 0 -56.4588 385.7594 172.5206 159.7130 -0.7519 -130.4374 100.0000 stroke1
movl 0 -53.0573 387.1563 171.8081 157.5680 -2.8615 -126.0391 100.0000 stroke1
movl 0 -34.9150 378.3941 178.3584 144.3294 5.2606 -115.7526 100.0000 stroke1
movl 0 -25.7214 366.8486 220.6737 136.8139 31.9470 -106.8279 100.0000 stroke1
movl 0 -26.7526 415.9006 196.3166 144.8732 13.7748 -89.4053 100.0000 stroke2
movl 0 -34.2093 406.1578 167.4442 151.4919 18.3708 -88.5815 100.0000 stroke2
movl 0 -38.0823 405.8038 163.3514 154.4061 19.2294 -87.5224 100.0000 stroke2
movl 0 -37.8913 405.8754 162.6801 154.0445 18.2959 -87.9584 100.0000 stroke2
movl 0 -40.3178 408.5811 162.2440 154.3042 14.7948 -89.8403 100.0000 stroke2
movl 0 -43.1529 412.6479 162.3146 155.4425 9.8044 -94.2334 100.0000 stroke2
movl 0 -41.3547 416.0583 162.0940 155.1527 5.8749 -98.3551 100.0000 stroke2
movl 0 -41.7586 416.8041 162.3353 154.8912 3.2009 -101.2246 100.0000 stroke2
movl 0 -41.1950 417.4743 163.1322 154.7539 -0.0309 -104.7231 100.0000 stroke2
movl 0 -40.9039 418.0827 164.2519 155.2328 -3.5325 -108.6257 100.0000 stroke2
movl 0 -40.4512 419.0445 164.8882 155.9717 -7.0419 -112.4346 100.0000 stroke2
movl 0 -40.5980 419.4152 165.5252 157.2504 -10.1232 -116.4444 100.0000 stroke2
movl 0 -40.8990 420.1637 165.8945 158.8328 -13.2007 -120.2367 100.0000 stroke2
movl 0 -41.5433 420.3986 166.2405 160.7131 -15.5820 -123.8803 100.0000 stroke2
movl 0 -42.3308 420.7863 166.2474 163.0060 -17.7907 -128.2625 100.0000 stroke2
movl 0 -42.5580 420.6894 166.4222 164.8547 -19.4163 -131.6287 100.0000 stroke2
movl 0 -43.2858 420.6682 166.4917 167.0318 -20.9653 -134.7475 100.0000 stroke2
movl 0 -43.9196 420.2953 166.6826 168.3765 -21.6839 -136.6005 100.0000 stroke2
movl 0 -42.7565 420.4332 166.9777 168.4447 -22.0873 -137.3970 100.0000 stroke2
movl 0 -43.9643 419.5900 167.0952 168.8146 -22.0836 -137.8247 100.0000 stroke2
movl 0 -42.9978 419.0236 167.4511 168.4862 -21.9387 -138.4454 100.0000 stroke2
movl 0 -43.3272 418.9081 167.5191 168.7220 -21.9805 -138.4154 100.0000 stroke2
movl 0 -43.3758 418.9506 167.4913 168.6910 -21.8930 -138.6003 100.0000 stroke2
movl 0 -42.0055 416.7629 168.3988 166.8027 -21.1095 -137.4612 100.0000 stroke2
movl 0 -23.6893 405.5855 174.4147 150.1217 -15.1609 -127.2027 100.0000 stroke2
movl 0 -2.1843 388.5225 235.4778 130.8184 5.4649 -117.6775 100.0000 stroke2
movl 0 -45.0812 371.7449 188.9275 152.0319 -13.1841 -132.1760 100.0000 stroke3
movl 0 -49.0907 364.2865 176.1837 154.0566 -10.8340 -134.8028 100.0000 stroke3
movl 0 -55.6768 366.4435 173.0690 155.3958 -9.0608 -133.0703 100.0000 stroke3
movl 0 -59.6150 367.1358 171.3542 154.9307 -7.4728 -128.8236 100.0000 stroke3
movl 0 -65.0178 366.6451 170.1946 156.6843 -5.2117 -127.1226 100.0000 stroke3
movl 0 -69.0002 365.1943 170.1573 158.1970 -3.6094 -127.0308 100.0000 stroke3
movl 0 -69.5235 366.0092 170.4289 159.5671 -3.5609 -127.0501 100.0000 stroke3
movl 0 -71.4861 364.9068 170.7688 160.2046 -2.7605 -127.0366 100.0000 stroke3
movl 0 -72.7675 363.8453 170.9176 160.1752 -1.7198 -127.3629 100.0000 stroke3
movl 0 -71.1592 364.8723 170.8803 160.1628 -1.5858 -128.2248 100.0000 stroke3
movl 0 -68.9252 366.1480 170.9245 160.1989 -1.6000 -128.9517 100.0000 stroke3
movl 0 -67.6566 366.6275 171.0794 160.0919 -1.9150 -128.7535 100.0000 stroke3
movl 0 -67.7652 366.2983 171.0448 160.0540 -1.5458 -128.2301 100.0000 stroke3
movl 0 -64.8873 368.2751 171.0276 160.1522 -1.6452 -129.0802 100.0000 stroke3
movl 0 -62.6367 369.4530 171.2186 160.1323 -1.7961 -129.6888 100.0000 stroke3
movl 0 -60.6177 370.2191 171.4436 160.1246 -1.8070 -130.1192 100.0000 stroke3
movl 0 -58.0699 371.3580 171.8172 160.0604 -2.0124 -130.8700 100.0000 stroke3
movl 0 -55.9504 371.8344 172.2634 159.8772 -2.1435 -131.4682 100.0000 stroke3
movl 0 -54.6603 371.8576 172.7893 159.7133 -2.2025 -131.9076 100.0000 stroke3
movl 0 -52.9863 372.1802 173.1129 159.5870 -2.3593 -132.2290 100.0000 stroke3
movl 0 -43.9396 367.3732 178.3344 156.2100 -2.5857 -133.3767 100.0000 stroke3
movl 0 -29.3944 355.3992 206.9790 145.4774 3.4725 -131.5110 100.0000 stroke3
movl 0 3.4383 391.7445 228.1951 140.7380 16.2573 -109.7294 100.0000 stroke4
movl 0 5.8336 405.4748 180.8739 144.8648 7.3938 -101.5844 100.0000 stroke4
movl 0 -0.9743 393.5516 162.5459 147.4504 19.8754 -94.9901 100.0000 stroke4
movl 0 -10.7766 390.8805 166.6178 150.8249 17.5417 -97.7670 100.0000 stroke4
movl 0 -20.3187 388.2174 165.9283 153.7284 19.3925 -95.2153 100.0000 stroke4
movl 0 -25.2075 388.5961 164.1913 154.9201 19.1286 -94.3738 100.0000 stroke4
movl 0 -26.0385 388.6906 163.5158 155.4111 19.3486 -94.0685 100.0000 stroke4
movl 0 -27.8017 388.4511 162.8730 156.4196 19.9957 -93.1393 100.0000 stroke4
movl 0 -28.9386 389.2985 162.5436 157.9222 19.9003 -92.0217 100.0000 stroke4
movl 0 -29.8924 389.2332 162.6179 158.9506 19.9351 -91.5192 100.0000 stroke4
movl 0 -31.2587 388.8236 162.8366 159.9315 20.0476 -91.4766 100.0000 stroke4
movl 0 -31.6518 388.7059 163.0525 160.7634 20.2405 -91.8289 100.0000 stroke4
movl 0 -29.5893 390.3168 163.2591 161.0043 19.6002 -93.2470 100.0000 stroke4
movl 0 -26.5646 391.7622 163.4569 161.1124 19.1007 -95.0519 100.0000 stroke4
movl 0 -23.5901 393.7801 163.4642 161.5067 18.6477 -97.0235 100.0000 stroke4
movl 0 -21.8667 392.8909 163.7663 160.6910 19.1677 -97.3172 100.0000 stroke4
movl 0 -19.7580 392.4511 164.0001 159.6719 19.4612 -97.5281 100.0000 stroke4
movl 0 -20.3154 392.6362 164.0616 160.1147 18.9136 -97.2111 100.0000 stroke4
movl 0 -19.7904 393.1551 164.1001 160.1165 18.0099 -97.0995 100.0000 stroke4
movl 0 -15.7354 383.5173 169.4496 154.6298 23.5881 -93.3672 100.0000 stroke4
movl 0 -3.0300 379.2785 226.4315 153.4935 39.1736 -86.1278 100.0000 stroke4
movl 0 4.1887 415.1220 192.1764 142.9546 11.7107 -97.9352 100.0000 stroke5
movl 0 6.2850 411.2022 165.4887 145.6077 8.3527 -99.5253 100.0000 stroke5
movl 0 1.6134 409.2225 166.0025 148.9489 8.7097 -100.1201 100.0000 stroke5
movl 0 -4.0343 410.1022 165.4160 150.7620 8.8773 -99.1831 100.0000 stroke5
movl 0 -5.9665 410.8403 164.5438 151.4134 9.4593 -98.3237 100.0000 stroke5
movl 0 -8.5878 413.2791 163.4979 152.4546 8.5365 -97.3761 100.0000 stroke5
movl 0 -7.9707 415.6600 163.1269 152.9834 6.5710 -98.1410 100.0000 stroke5
movl 0 -8.2512 416.2090 163.1129 152.9686 5.8405 -98.2714 100.0000 stroke5
movl 0 -7.5068 416.1774 163.3578 152.5901 4.7495 -98.2747 100.0000 stroke5
movl 0 -6.9890 415.6377 163.4409 151.9028 3.8928 -97.7817 100.0000 stroke5
movl 0 -3.8415 409.6479 168.3104 147.8183 5.1423 -98.1656 100.0000 stroke5
movl 0 0.9446 399.5066 196.2008 137.7406 13.5726 -103.2458 100.0000 stroke5
movl 0 -2.9187 403.0737 235.0215 137.1020 -3.2790 -121.7098 100.0000 stroke6
movl 0 7.3094 405.4617 179.8409 142.2960 -12.5533 -127.2325 100.0000 stroke6
movl 0 6.3069 407.8730 163.5319 148.4772 -16.4043 -131.9442 100.0000 stroke6
movl 0 -2.9235 408.6178 165.4154 151.6817 -15.7225 -134.5114 100.0000 stroke6
movl 0 -10.0720 409.3958 164.7516 151.9119 -14.7258 -133.1762 100.0000 stroke6
movl 0 -13.0908 410.1596 163.5556 152.0977 -14.1200 -132.0742 100.0000 stroke6
movl 0 -16.2385 412.3479 162.8183 154.2023 -14.5418 -133.0228 100.0000 stroke6
movl 0 -17.0601 413.3548 162.7851 156.3176 -15.2868 -135.9793 100.0000 stroke6
movl 0 -17.3513 414.1709 162.9452 157.6011 -16.0058 -137.6541 100.0000 stroke6
movl 0 -17.3355 414.6004 163.3204 158.7308 -16.8656 -139.0962 100.0000 stroke6
movl 0 -16.9614 415.1384 163.8751 160.0817 -17.9828 -141.0037 100.0000 stroke6
movl 0 -17.2899 415.4133 164.7353 161.9702 -19.1036 -143.5217 100.0000 stroke6
movl 0 -17.5439 416.4903 165.3401 164.4041 -20.4952 -146.8849 100.0000 stroke6
movl 0 -17.9366 417.2885 165.8904 166.8777 -21.6505 -149.9726 100.0000 stroke6
movl 0 -18.1955 417.9586 166.3201 169.2065 -22.5142 -152.4257 100.0000 stroke6
movl 0 -16.8482 416.8959 166.9705 168.3908 -22.4769 -152.6875 100.0000 stroke6
movl 0 -18.1460 416.5595 166.9355 169.2759 -22.3908 -152.9366 100.0000 stroke6
movl 0 -17.1264 413.1990 167.5156 165.5909 -21.0078 -150.4629 100.0000 stroke6
movl 0 -13.9206 401.5061 173.1473 152.3105 -13.2523 -139.5237 100.0000 stroke6
movl 0 -4.9233 403.9540 225.1241 138.2523 1.4361 -126.8609 100.0000 stroke6
movl 0 18.4901 412.3030 184.1828 143.1097 -8.6657 -119.7659 100.0000 stroke7
movl 0 2.4813 398.8442 171.1795 146.6459 -3.9610 -121.2947 100.0000 stroke7
movl 0 -13.9788 395.4852 170.6240 149.8130 -0.6471 -119.9583 100.0000 stroke7
movl 0 -20.6531 395.0789 168.9000 150.4792 -0.5548 -118.1589 100.0000 stroke7
movl 0 -22.6328 394.9287 168.0344 151.4367 0.0635 -118.0019 100.0000 stroke7
movl 0 -27.7919 393.4612 167.4157 153.0948 2.0645 -117.4548 100.0000 stroke7
movl 0 -27.9840 394.5450 167.2949 154.0192 1.8361 -117.2618 100.0000 stroke7
movl 0 -28.4244 394.5702 167.3655 154.3948 2.1907 -117.8255 100.0000 stroke7
movl 0 -26.2316 395.4930 167.4743 154.6845 2.0000 -118.6578 100.0000 stroke7
movl 0 -22.4193 396.5465 167.7461 155.0000 1.7192 -120.1473 100.0000 stroke7
movl 0 -16.4881 398.7152 167.9078 155.5560 1.1356 -122.1934 100.0000 stroke7
movl 0 -9.2292 401.2875 167.8220 156.1461 0.4515 -125.0038 100.0000 stroke7
movl 0 -3.6611 403.6565 167.4544 156.5200 -0.3854 -126.7873 100.0000 stroke7
movl 0 -1.9694 404.3002 167.2714 155.9001 -1.1521 -126.1297 100.0000 stroke7
movl 0 2.3855 406.0973 166.5755 155.1314 -2.3085 -125.5799 100.0000 stroke7
movl 0 3.8887 406.9407 166.2795 154.8300 -2.7057 -125.1150 100.0000 stroke7
movl 0 5.8717 407.7027 166.1803 154.4780 -3.1831 -124.9775 100.0000 stroke7
movl 0 7.5897 407.6056 166.1198 153.8668 -3.1913 -124.8075 100.0000 stroke7
movl 0 7.4266 407.8256 165.9551 154.0567 -3.1821 -124.9513 100.0000 stroke7
movl 0 7.5586 409.8587 165.4236 154.9945 -4.1080 -125.0048 100.0000 stroke7
movl 0 9.7307 413.0390 164.8863 155.8069 -6.0710 -126.0953 100.0000 stroke7
movl 0 16.3872 417.4699 163.1438 155.6719 -9.4824 -127.5399 100.0000 stroke7
movl 0 18.6152 420.9062 162.0031 155.7217 -12.1984 -127.7578 100.0000 stroke7
movl 0 18.3035 422.5625 162.1767 156.9744 -14.2875 -128.8445 100.0000 stroke7
movl 0 17.3208 423.4286 162.6276 158.3164 -16.0079 -129.8689 100.0000 stroke7
movl 0 16.6425 424.7557 162.6790 159.5675 -17.5822 -130.4769 100.0000 stroke7
movl 0 15.4794 426.4553 162.5863 161.1408 -19.2953 -131.0416 100.0000 stroke7
movl 0 15.0273 427.4006 162.5226 162.1427 -20.5264 -131.4578 100.0000 stroke7
movl 0 13.6270 427.6358 162.5878 162.8282 -21.3413 -131.0930 100.0000 stroke7
movl 0 15.2394 425.8436 163.2664 161.5122 -20.5892 -131.0216 100.0000 stroke7
movl 0 15.1180 425.4619 163.3059 161.3625 -20.5236 -130.4733 100.0000 stroke7
movl 0 15.9101 424.2513 163.8790 160.6480 -19.8573 -130.3690 100.0000 stroke7
movl 0 14.7033 423.4246 164.0027 160.7401 -19.4518 -129.6974 100.0000 stroke7
movl 0 14.5684 421.9554 164.5107 159.9845 -18.6019 -129.3529 100.0000 stroke7
movl 0 15.1897 421.2678 164.6292 159.2249 -18.2574 -129.0122 100.0000 stroke7
movl 0 14.9823 421.1768 164.6725 159.0778 -18.0579 -128.7831 100.0000 stroke7
movl 0 15.7911 420.0332 165.0922 158.4081 -17.5714 -128.5651 100.0000 stroke7
movl 0 21.7204 405.8479 170.6196 149.2902 -11.2802 -128.1632 100.0000 stroke7
movl 0 27.8803 386.4267 200.2809 136.5370 14.1338 -114.4960 100.0000 stroke7
movl 0 3.4014 418.6673 171.6501 145.2338 -5.0008 -106.4029 100.0000 stroke8
movl 0 -1.9531 411.7581 171.2813 149.3029 -2.2357 -108.7762 100.0000 stroke8
movl 0 -4.4411 412.2890 169.2235 151.1514 -2.6263 -108.4883 100.0000 stroke8
movl 0 -5.0737 412.2387 168.3984 151.3936 -0.7618 -104.9535 100.0000 stroke8
movl 0 -6.9005 413.1990 167.5781 151.9534 -0.1033 -103.3034 100.0000 stroke8
movl 0 -11.5960 415.3965 167.1435 154.3739 -0.8049 -103.8733 100.0000 stroke8
movl 0 -12.0939 418.1610 166.9819 155.6214 -3.3319 -106.1494 100.0000 stroke8
movl 0 -12.5927 419.8150 167.2617 156.6213 -5.5976 -107.8489 100.0000 stroke8
movl 0 -12.6580 421.0026 167.4451 157.4019 -7.5223 -109.1234 100.0000 stroke8
movl 0 -13.0085 420.9518 167.6706 157.7627 -8.0436 -109.3273 100.0000 stroke8
movl 0 -12.7493 420.5582 167.9178 157.6512 -7.9785 -109.2518 100.0000 stroke8
movl 0 -11.1793 419.5788 168.3952 156.9920 -7.6385 -109.4767 100.0000 stroke8
movl 0 -11.4955 419.4132 168.3155 157.0018 -7.5264 -109.4853 100.0000 stroke8
movl 0 -4.3381 408.6126 175.6490 150.8311 0.2470 -110.1431 100.0000 stroke8
movl 0 3.9910 388.6130 249.1963 140.7681 21.0195 -106.8084 100.0000 stroke8
movl 0 8.2059 417.5856 198.6759 143.0072 5.4863 -94.1834 100.0000 stroke9
movl 0 2.6070 413.2725 168.5235 148.4256 1.7419 -99.0744 100.0000 stroke9
movl 0 -8.6990 403.8194 171.7649 152.9684 6.5639 -97.9704 100.0000 stroke9
movl 0 -14.1678 401.3699 171.7164 155.3247 8.0524 -95.6544 100.0000 stroke9
movl 0 -16.0871 401.8293 171.4545 156.0330 7.9927 -95.1894 100.0000 stroke9
movl 0 -17.3476 402.7697 170.9577 156.5715 7.3910 -95.3161 100.0000 stroke9
movl 0 -19.5082 403.2121 170.7335 157.5301 6.8166 -95.9510 100.0000 stroke9
movl 0 -18.4679 403.7377 170.9247 157.8795 6.4516 -97.5886 100.0000 stroke9
movl 0 -12.6774 407.5597 170.2460 157.8569 5.0493 -100.5693 100.0000 stroke9
movl 0 -9.6422 408.9707 169.9401 156.9833 4.1784 -101.3252 100.0000 stroke9
movl 0 -3.5334 411.7309 169.1093 155.2779 2.7785 -102.0632 100.0000 stroke9
movl 0 -1.6883 414.8617 168.1530 155.4141 1.1970 -102.7472 100.0000 stroke9
movl 0 1.2265 419.4207 166.6155 154.9882 -1.2679 -103.0649 100.0000 stroke9
movl 0 2.2695 422.5309 165.6911 154.7106 -3.9879 -103.3835 100.0000 stroke9
movl 0 1.6240 423.2944 165.8517 154.7883 -6.2619 -103.4387 100.0000 stroke9
movl 0 1.9348 417.0043 168.0713 152.8563 -4.7022 -103.6024 100.0000 stroke9
movl 0 -6.7788 411.7892 169.7272 153.9370 -2.6566 -104.4190 100.0000 stroke9
movl 0 -9.6174 410.8690 169.6953 154.8310 -1.9881 -104.0819 100.0000 stroke9
movl 0 -13.0252 409.2859 170.1987 155.9892 -1.1124 -103.9245 100.0000 stroke9
movl 0 -15.6356 407.6694 170.7410 156.9485 -0.3928 -104.2060 100.0000 stroke9
movl 0 -16.9517 407.4844 170.9279 157.6822 -0.2180 -104.7736 100.0000 stroke9
movl 0 -16.5500 407.5237 171.0475 158.1159 -0.2119 -105.5329 100.0000 stroke9
movl 0 -15.1945 407.8375 171.1085 158.5634 -0.3301 -106.4872 100.0000 stroke9
movl 0 -13.8154 408.3711 171.2149 159.0250 -0.4061 -107.5148 100.0000 stroke9
movl 0 -13.2746 407.6625 171.5544 158.8640 -0.1641 -107.7426 100.0000 stroke9
movl 0 -12.8415 408.0479 171.3311 159.0095 -0.4299 -107.8189 100.0000 stroke9
movl 0 -12.7822 407.6764 171.5790 158.9417 -0.2850 -107.7398 100.0000 stroke9
movl 0 -12.5002 406.9471 172.0694 158.6561 -0.0935 -108.2273 100.0000 stroke9
movl 0 -12.7185 407.3244 171.7440 159.0694 -0.4960 -108.0425 100.0000 stroke9
movl 0 -11.7143 404.3121 173.6319 156.0578 0.7201 -106.6735 100.0000 stroke9
movl 0 -13.8376 395.6236 232.1484 149.0167 15.3322 -103.0550 100.0000 stroke9
movl 0 6.5369 388.2513 206.7500 146.9485 6.3707 -103.7475 100.0000 stroke10
movl 0 -8.2242 378.1709 173.9276 152.5922 6.3412 -105.4445 100.0000 stroke10
movl 0 -11.5371 382.3569 173.7588 153.6829 6.2081 -105.3484 100.0000 stroke10
movl 0 -26.3217 380.0395 172.3571 155.4137 7.0801 -102.7962 100.0000 stroke10
movl 0 -28.9662 381.0521 170.8570 156.5601 7.0701 -102.5619 100.0000 stroke10
movl 0 -30.1235 381.2819 170.3319 156.6753 7.0580 -102.7014 100.0000 stroke10
movl 0 -31.6732 381.9062 170.3349 158.2490 6.8084 -103.3599 100.0000 stroke10
movl 0 -31.9325 381.6231 170.6443 158.7167 6.8105 -104.0922 100.0000 stroke10
movl 0 -30.4354 382.1078 170.9294 159.0411 6.4676 -105.2140 100.0000 stroke10
movl 0 -27.7274 382.7636 171.2104 159.2435 6.0846 -106.6239 100.0000 stroke10
movl 0 -24.6721 383.6841 171.4245 159.5907 5.6303 -108.1942 100.0000 stroke10
movl 0 -19.7324 384.8186 171.7337 159.8255 5.0066 -110.1891 100.0000 stroke10
movl 0 -15.5683 386.1350 171.6735 160.2688 4.5711 -112.1396 100.0000 stroke10
movl 0 -14.2933 386.5037 171.5839 160.3438 4.1617 -112.5380 100.0000 stroke10
movl 0 -13.7418 386.0430 171.8778 159.6982 3.9874 -112.1317 100.0000 stroke10
movl 0 -8.7006 385.3948 181.1543 155.0297 4.5937 -110.5973 100.0000 stroke10
movl 0 -14.2595 377.7577 227.6253 148.7506 17.5534 -90.5152 100.0000 stroke11
movl 0 -15.0847 368.6660 184.2412 152.4900 15.2219 -92.3087 100.0000 stroke11
movl 0 -14.0993 375.0443 171.2314 153.6081 9.0827 -95.3102 100.0000 stroke11
movl 0 -18.4955 373.5959 169.5688 154.4710 11.1610 -93.9171 100.0000 stroke11
movl 0 -20.3475 373.5529 168.6519 155.3132 11.8055 -93.7474 100.0000 stroke11
movl 0 -24.4154 376.6101 168.2285 156.9749 9.0704 -95.3005 100.0000 stroke11
movl 0 -25.9844 379.3668 168.6872 157.7956 5.3406 -98.8356 100.0000 stroke11
movl 0 -26.8186 380.9220 169.0918 158.2977 3.1413 -101.0211 100.0000 stroke11
movl 0 -26.7947 382.8550 169.5603 158.8304 0.4590 -103.1624 100.0000 stroke11
movl 0 -26.8741 384.6619 169.8018 159.4533 -2.0845 -105.0160 100.0000 stroke11
movl 0 -27.2430 386.6311 170.0450 160.5890 -5.5274 -107.8042 100.0000 stroke11
movl 0 -26.4655 386.2277 170.6038 160.5254 -6.3641 -109.4579 100.0000 stroke11
movl 0 -24.8349 385.9214 170.9403 160.2835 -6.9184 -110.3797 100.0000 stroke11
movl 0 -24.9969 385.7120 170.9760 160.4099 -6.9863 -110.5649 100.0000 stroke11
movl 0 -24.6171 386.0634 170.9903 160.3418 -6.9041 -110.9192 100.0000 stroke11
movl 0 -24.7806 385.7001 171.1823 160.2544 -6.6411 -111.2771 100.0000 stroke11
movl 0 -22.5212 382.1907 173.8608 158.3914 -4.0919 -111.4948 100.0000 stroke11
movl 0 -22.5972 373.1457 221.3444 154.1045 12.4156 -108.6116 100.0000 stroke11
movl 0 8.3229 381.2820 187.3280 150.0918 9.9954 -97.4561 100.0000 stroke12
movl 0 -3.7311 375.2170 170.6113 154.5503 11.8599 -92.6013 100.0000 stroke12
movl 0 -16.4179 370.9678 171.3250 158.4339 15.0837 -88.6468 100.0000 stroke12
movl 0 -16.6996 371.8698 171.6152 158.4077 14.1757 -88.8342 100.0000 stroke12
movl 0 -21.2531 371.0053 171.6580 158.8367 13.8887 -88.4404 100.0000 stroke12
movl 0 -20.9847 372.0403 171.2164 158.6603 13.4797 -88.0912 100.0000 stroke12
movl 0 -24.1167 372.2036 170.8279 159.4699 12.7731 -88.2385 100.0000 stroke12
movl 0 -28.0709 371.4261 171.4241 161.3740 12.1866 -90.1400 100.0000 stroke12
movl 0 -29.2663 371.7983 171.3407 162.0292 11.7213 -91.1805 100.0000 stroke12
movl 0 -28.0825 372.7147 171.3648 162.2652 11.2716 -92.4325 100.0000 stroke12
movl 0 -25.3058 374.5287 171.3140 162.4503 10.4672 -94.3556 100.0000 stroke12
movl 0 -20.2425 376.8227 171.2486 162.4389 9.6636 -97.0462 100.0000 stroke12
movl 0 -17.3778 377.1084 171.5274 161.5580 9.3870 -97.8228 100.0000 stroke12
movl 0 -15.0825 377.6793 171.7018 160.6558 9.0476 -98.2109 100.0000 stroke12
movl 0 -15.2235 377.6053 171.7186 160.6933 9.0037 -98.3038 100.0000 stroke12
movl 0 -15.3385 378.4595 171.5875 160.8382 8.2691 -98.4865 100.0000 stroke12
movl 0 -15.4565 378.6417 171.4830 160.7596 7.8231 -98.6473 100.0000 stroke12
movl 0 -13.0053 375.5186 172.8581 157.8468 8.5149 -98.2638 100.0000 stroke12
movl 0 -3.6955 370.8823 202.0454 151.0526 10.9223 -102.6871 100.0000 stroke12
movl 0 13.9460 396.6921 183.8610 148.4804 0.9269 -98.3634 100.0000 stroke13
movl 0 12.2797 389.8574 171.4489 150.5178 2.0800 -99.4071 100.0000 stroke13
movl 0 5.5864 387.5508 170.8886 153.0454 4.5895 -99.5053 100.0000 stroke13
movl 0 4.0463 387.7399 170.4014 154.0965 4.7848 -100.0267 100.0000 stroke13
movl 0 2.3032 390.1093 169.3324 154.8783 3.8812 -99.9151 100.0000 stroke13
movl 0 1.8639 394.7449 168.3365 156.3445 0.8581 -101.4074 100.0000 stroke13
movl 0 4.2426 399.1605 167.3376 156.7666 -2.7479 -104.3194 100.0000 stroke13
movl 0 3.5722 401.3630 166.5774 156.6775 -4.8877 -105.2777 100.0000 stroke13
movl 0 3.3994 402.4789 166.4004 156.9536 -7.0761 -106.5317 100.0000 stroke13
movl 0 3.1480 403.5895 166.3611 157.5053 -9.4858 -107.8852 100.0000 stroke13
movl 0 3.1513 405.1041 166.1213 158.1104 -12.1540 -108.9373 100.0000 stroke13
movl 0 3.0090 405.1400 166.4045 158.4832 -13.2151 -109.9294 100.0000 stroke13
movl 0 3.4992 405.5667 166.3742 158.6878 -14.0034 -110.7615 100.0000 stroke13
movl 0 4.4668 405.1912 166.7116 158.5530 -13.8836 -111.9033 100.0000 stroke13
movl 0 2.9981 404.1449 166.7930 158.8680 -13.8113 -111.8185 100.0000 stroke13
movl 0 4.0566 403.6533 167.1031 158.3087 -13.3456 -112.3317 100.0000 stroke13
movl 0 4.6914 399.1413 169.5079 157.2338 -11.1814 -113.0277 100.0000 stroke13
movl 0 24.2126 372.6022 224.7360 145.7838 1.7140 -112.3420 100.0000 stroke13
movl 0 2.1525 377.9644 237.2429 148.4693 8.6455 -102.7110 100.0000 stroke14
movl 0 -5.4475 375.4046 183.8038 150.6565 2.5057 -104.0815 100.0000 stroke14
movl 0 -16.3273 368.0698 177.7668 154.5753 4.2059 -105.0223 100.0000 stroke14
movl 0 -20.3665 367.6167 176.5453 155.9206 4.8549 -105.5779 100.0000 stroke14
movl 0 -24.6777 368.2128 174.9146 157.0844 5.4709 -103.3104 100.0000 stroke14
movl 0 -25.9626 369.3134 174.1990 157.3929 5.0349 -103.1513 100.0000 stroke14
movl 0 -27.2215 370.3896 173.6669 158.1236 4.5448 -103.8864 100.0000 stroke14
movl 0 -29.6976 370.0575 173.6429 159.2727 4.6560 -104.5332 100.0000 stroke14
movl 0 -30.6845 370.0747 173.6933 159.9023 4.7375 -105.1216 100.0000 stroke14
movl 0 -29.9375 370.7766 173.7944 160.2999 4.4586 -106.0692 100.0000 stroke14
movl 0 -27.9742 371.5987 173.8449 160.5094 4.2036 -107.2398 100.0000 stroke14
movl 0 -26.0841 372.6224 173.7327 160.9322 3.8301 -108.4022 100.0000 stroke14
movl 0 -24.6771 373.7327 173.5559 161.1334 3.3867 -109.3229 100.0000 stroke14
movl 0 -23.4311 372.0697 174.3371 160.1872 3.8886 -109.3823 100.0000 stroke14
movl 0 -23.8262 372.5961 174.2994 160.2830 3.8088 -109.3964 100.0000 stroke14
movl 0 -23.8820 373.0403 174.0693 160.6959 3.3370 -109.2119 100.0000 stroke14
movl 0 -22.8231 373.5357 173.9734 159.4132 2.4158 -108.1289 100.0000 stroke14
movl 0 -14.9713 360.7201 195.8467 149.1324 11.8232 -105.1945 100.0000 stroke14
movl 0 14.6610 380.8500 206.8136 146.7316 0.3301 -107.8082 100.0000 stroke15
movl 0 4.7781 370.6830 179.2672 150.4924 -0.2771 -108.4848 100.0000 stroke15
movl 0 -14.6447 363.5587 177.4641 155.0799 2.1497 -108.2048 100.0000 stroke15
movl 0 -25.3030 360.1867 175.1472 157.2641 4.1838 -107.3966 100.0000 stroke15
movl 0 -25.9107 360.5632 174.0570 157.0039 4.2229 -107.2296 100.0000 stroke15
movl 0 -28.3816 361.4764 173.0592 157.8054 3.8534 -107.4270 100.0000 stroke15
movl 0 -30.5035 362.1813 172.9218 159.0680 2.7870 -109.2547 100.0000 stroke15
movl 0 -31.9599 362.1739 172.9246 159.6467 2.8540 -110.1014 100.0000 stroke15
movl 0 -31.3526 362.7552 172.7031 160.1108 2.8704 -111.0852 100.0000 stroke15
movl 0 -30.4107 363.0441 172.9126 160.4791 2.7692 -111.8064 100.0000 stroke15
movl 0 -28.6262 363.6845 172.8746 160.7520 2.5838 -112.6318 100.0000 stroke15
movl 0 -26.0421 364.3621 173.1057 160.9967 2.3954 -113.5827 100.0000 stroke15
movl 0 -22.6959 365.3396 173.0841 161.3578 2.0765 -114.7971 100.0000 stroke15
movl 0 -20.6160 365.7335 173.1195 161.2972 1.8115 -115.5424 100.0000 stroke15
movl 0 -20.6214 364.5290 173.6460 160.7044 2.3400 -115.2399 100.0000 stroke15
movl 0 -20.4265 364.9720 173.3307 161.2945 1.6092 -115.0338 100.0000 stroke15
movl 0 -22.1255 364.4156 173.6082 160.7979 1.6762 -114.6540 100.0000 stroke15
movl 0 -22.2546 363.9934 173.7494 160.1053 1.4927 -114.2329 100.0000 stroke15
movl 0 -20.7028 359.2040 175.7022 157.3412 2.2612 -113.3302 100.0000 stroke15
movl 0 -18.7381 354.7771 212.0092 152.1244 8.6019 -110.4809 100.0000 stroke15
movl 0 -5.1972 369.8034 239.5833 148.8313 4.8007 -109.3658 100.0000 stroke16
movl 0 -13.0088 356.2303 190.6971 151.7195 2.6261 -110.3331 100.0000 stroke16
movl 0 -31.7729 346.6740 176.3299 155.7950 4.2547 -109.9459 100.0000 stroke16
movl 0 -43.1419 343.1725 175.3430 156.8605 6.5998 -108.1029 100.0000 stroke16
movl 0 -44.8818 343.5351 173.8043 156.9489 6.8159 -106.6361 100.0000 stroke16
movl 0 -48.0524 343.5387 172.8888 158.1369 7.2790 -106.1715 100.0000 stroke16
movl 0 -51.1964 343.7990 172.5586 159.8587 7.4955 -105.7992 100.0000 stroke16
movl 0 -52.8535 344.4636 172.7602 160.9368 6.9838 -106.5561 100.0000 stroke16
movl 0 -54.5491 345.0825 173.1717 162.1057 6.1386 -107.0948 100.0000 stroke16
movl 0 -55.7512 345.4027 173.2332 162.5956 5.9201 -107.6164 100.0000 stroke16
movl 0 -56.6569 345.0256 173.4461 162.7845 6.0362 -108.5283 100.0000 stroke16
movl 0 -56.1172 346.0446 173.4334 162.8863 5.8981 -109.6265 100.0000 stroke16
movl 0 -55.0162 346.6495 173.5061 162.8850 5.6661 -110.2637 100.0000 stroke16
movl 0 -53.1686 347.0283 173.6778 162.7926 5.4878 -110.9139 100.0000 stroke16
movl 0 -51.1476 347.6161 173.8647 162.7468 5.2231 -111.5775 100.0000 stroke16
movl 0 -49.3060 348.2497 173.9658 162.8274 4.9742 -112.2615 100.0000 stroke16
movl 0 -47.0185 348.7376 174.2101 162.9023 4.7381 -113.0574 100.0000 stroke16
movl 0 -44.6934 349.5744 174.3291 163.0169 4.4026 -113.9393 100.0000 stroke16
movl 0 -42.0724 350.5770 174.1305 163.2829 4.0535 -114.9117 100.0000 stroke16
movl 0 -39.1805 351.1970 174.2499 163.5127 3.9025 -116.0209 100.0000 stroke16
movl 0 -35.7861 352.1938 174.3758 163.8067 3.4809 -117.1882 100.0000 stroke16
movl 0 -32.1602 353.2659 174.5576 164.4200 3.1893 -118.8200 100.0000 stroke16
movl 0 -30.1371 354.7485 174.7553 165.4507 2.8524 -120.7427 100.0000 stroke16
movl 0 -28.2477 356.4999 174.9014 166.6623 2.5970 -122.9579 100.0000 stroke16
movl 0 -27.7164 357.7788 174.8945 167.7701 2.5875 -124.7965 100.0000 stroke16
movl 0 -27.4216 358.9645 174.7710 168.8859 2.6059 -126.8446 100.0000 stroke16
movl 0 -28.0181 358.2342 175.0701 168.8660 2.7562 -127.0988 100.0000 stroke16
movl 0 -25.6424 357.3348 175.7457 167.7105 2.5034 -126.9530 100.0000 stroke16
movl 0 -23.9671 356.7367 176.1387 166.9496 2.3043 -127.0127 100.0000 stroke16
movl 0 -22.9733 356.3667 176.4575 166.5315 2.2638 -127.2634 100.0000 stroke16
movl 0 -22.1381 356.3499 176.6823 166.2844 2.1667 -127.5864 100.0000 stroke16
movl 0 -21.7773 356.5012 176.7338 166.3094 1.9802 -127.7473 100.0000 stroke16
movl 0 -21.7389 357.0382 176.7106 166.5097 1.5853 -128.0398 100.0000 stroke16
movl 0 -21.4799 357.7612 176.8424 166.8730 0.9587 -128.6858 100.0000 stroke16
movl 0 -21.3859 358.3042 176.8806 167.1891 0.5538 -129.2253 100.0000 stroke16
movl 0 -21.1142 358.6592 177.1451 167.4257 0.0124 -129.9488 100.0000 stroke16
movl 0 -20.6256 358.6265 177.3984 167.4356 -0.4128 -130.4193 100.0000 stroke16
movl 0 -20.0338 358.1853 177.2638 166.6848 -0.6623 -130.2005 100.0000 stroke16
movl 0 -18.5442 356.9491 177.3557 165.0841 -0.6800 -129.4892 100.0000 stroke16
movl 0 -14.3896 350.3743 180.0071 159.4078 -0.4604 -126.8101 100.0000 stroke16
