movl 0 -29.9114 395.0552 184.3550 148.1762 18.6429 -94.1507 100.0000 stroke1
movl 0 -32.3876 398.3907 176.6357 147.9960 15.0705 -96.4983 100.0000 stroke1
movl 0 -34.4120 397.4631 174.1462 148.4568 13.0124 -98.5590 100.0000 stroke1
movl 0 -32.0732 393.1460 175.4951 149.2868 14.1653 -101.4444 100.0000 stroke1
movl 0 -28.8118 395.5206 174.0015 150.5220 10.7273 -103.6241 100.0000 stroke1
movl 0 -27.5952 394.2856 173.5754 150.5335 9.4408 -105.0216 100.0000 stroke1
movl 0 -28.8436 395.6876 171.6202 150.7818 8.9654 -105.2348 100.0000 stroke1
movl 0 -33.6138 394.9060 171.0269 151.2020 9.9126 -103.6321 100.0000 stroke1
movl 0 -38.8039 394.2305 170.0892 151.6909 10.4066 -101.3363 100.0000 stroke1
movl 0 -42.0430 393.6688 169.4873 152.4067 11.0980 -99.5915 100.0000 stroke1
movl 0 -44.2032 393.5511 169.0596 152.9091 11.0719 -98.8365 100.0000 stroke1
movl 0 -45.6810 393.9026 168.5725 153.1875 10.9629 -98.5306 100.0000 stroke1
movl 0 -46.6446 394.3245 168.1259 153.4464 10.6994 -98.5227 100.0000 stroke1
movl 0 -48.7859 394.3205 168.0055 154.4754 10.6546 -98.5236 100.0000 stroke1
movl 0 -50.0202 394.5821 167.9804 155.3736 10.4721 -98.6442 100.0000 stroke1
movl 0 -50.9779 394.9736 168.1797 156.3345 9.9823 -98.8349 100.0000 stroke1
movl 0 -51.7262 394.9654 168.2275 157.1935 9.8891 -99.0518 100.0000 stroke1
movl 0 -53.5728 394.1928 168.3719 157.7003 10.4220 -99.1138 100.0000 stroke1
movl 0 -53.9032 394.4498 168.2745 158.1087 10.6342 -99.3715 100.0000 stroke1
movl 0 -53.8894 394.4316 168.3166 158.3252 10.8121 -99.5183 100.0000 stroke1
movl 0 -52.9018 394.8790 168.4650 158.4110 10.7605 -99.7469 100.0000 stroke1
movl 0 -51.8068 395.1582 168.6642 158.3644 10.6708 -100.0029 100.0000 stroke1
movl 0 -50.3706 395.6895 168.8664 158.3332 10.4819 -100.4116 100.0000 stroke1
movl 0 -48.9194 396.1474 168.9769 158.3374 10.2921 -100.9057 100.0000 stroke1
movl 0 -47.0273 396.7058 169.0744 158.3925 10.1175 -101.7337 100.0000 stroke1
movl 0 -45.0842 397.7259 169.0116 158.5351 9.7400 -102.7963 100.0000 stroke1
movl 0 -42.4316 398.9304 168.9211 158.6851 9.3092 -104.1411 100.0000 stroke1
movl 0 -38.5609 401.1353 168.5260 158.7873 8.5235 -106.1923 100.0000 stroke1
movl 0 -37.8215 401.2523 168.4060 158.5532 8.2362 -106.6489 100.0000 stroke1
movl 0 -37.6637 400.1084 168.5716 158.0285 8.5725 -106.2229 100.0000 stroke1
movl 0 -37.4397 398.6780 168.7471 157.4846 9.1424 -105.7258 100.0000 stroke1
movl 0 -37.1450 398.2975 168.7817 157.2247 9.2666 -105.6815 100.0000 stroke1
movl 0 -36.8700 397.9976 168.8893 157.0440 9.3773 -105.7276 100.0000 stroke1
movl 0 -36.7119 397.5679 169.0957 156.7634 9.5586 -105.7822 100.0000 stroke1
movl 0 -36.3602 397.0106 169.2689 156.4470 9.7960 -105.9369 100.0000 stroke1
movl 0 -35.7828 396.8362 169.3922 156.2115 9.8741 -106.0925 100.0000 stroke1
movl 0 -35.4852 396.3808 169.5889 156.0531 10.0519 -106.2438 100.0000 stroke1
movl 0 -34.9447 396.0906 169.6197 155.8878 10.2489 -106.5112 100.0000 stroke1
movl 0 -35.4021 396.8602 169.4450 156.3894 9.6267 -106.4694 100.0000 stroke1
movl 0 -35.4688 397.3143 169.4696 157.1307 8.8289 -106.6314 100.0000 stroke1
movl 0 -36.4839 397.4526 169.2636 156.9581 8.4458 -106.0356 100.0000 stroke1
movl 0 -34.3718 395.7313 170.1214 154.4472 9.3800 -104.6880 100.0000 stroke1
movl 0 -22.6344 391.5442 176.3047 148.9049 21.5513 -97.1350 100.0000 stroke1
movl 0 -28.0429 382.0212 217.1923 154.7765 44.2444 -81.3964 100.0000 stroke1
movl 0 -19.7475 436.3912 202.4755 145.2767 19.1346 -89.5478 100.0000 stroke2
movl 0 -11.4812 425.3103 167.3459 145.0460 14.9161 -90.4936 100.0000 stroke2
movl 0 -13.9793 420.0013 161.2636 147.6844 16.5973 -89.6741 100.0000 stroke2
movl 0 -16.0374 420.2353 159.5039 148.9113 17.4671 -87.5774 100.0000 stroke2
movl 0 -18.9145 419.0910 159.3779 150.6490 19.6504 -84.8956 100.0000 stroke2
movl 0 -21.8266 421.0286 159.0262 152.1392 18.9844 -84.1121 100.0000 stroke2
movl 0 -25.1790 423.5507 159.4852 153.6792 15.7683 -85.6066 100.0000 stroke2
movl 0 -25.0491 425.5166 159.3895 153.9817 12.9078 -88.6515 100.0000 stroke2
movl 0 -26.0988 426.3394 159.4984 153.3769 10.4748 -90.3012 100.0000 stroke2
movl 0 -24.9204 426.9140 159.6663 152.6128 8.3693 -92.3903 100.0000 stroke2
movl 0 -24.4439 427.0267 159.9261 152.1579 6.9078 -93.8263 100.0000 stroke2
movl 0 -23.8671 427.4538 160.3946 151.7942 4.8476 -95.3115 100.0000 stroke2
movl 0 -23.4268 428.0337 160.7087 151.6349 2.6949 -96.8863 100.0000 stroke2
movl 0 -23.6361 428.0561 161.2225 151.7104 0.9224 -98.1195 100.0000 stroke2
movl 0 -23.6924 428.4783 161.6422 151.9008 -0.9769 -99.4465 100.0000 stroke2
movl 0 -23.7791 429.1402 162.0021 152.0556 -3.0057 -100.8064 100.0000 stroke2
movl 0 -23.8362 429.4836 162.2724 152.3428 -4.6502 -101.9745 100.0000 stroke2
movl 0 -23.7303 430.2486 162.4804 152.8509 -6.7265 -103.5780 100.0000 stroke2
movl 0 -23.3321 430.5806 162.6962 153.2469 -8.7166 -105.0567 100.0000 stroke2
movl 0 -23.1154 431.3596 162.7443 153.8098 -10.8452 -106.6094 100.0000 stroke2
movl 0 -23.4922 432.1250 162.8250 154.7377 -13.0206 -107.7312 100.0000 stroke2
movl 0 -23.4919 431.5763 163.1738 154.9850 -13.4894 -108.4126 100.0000 stroke2
movl 0 -21.1948 429.5038 163.7285 153.8948 -11.9192 -108.4262 100.0000 stroke2
movl 0 -23.4460 430.0204 163.7816 155.1344 -13.3455 -107.8965 100.0000 stroke2
movl 0 -21.2473 428.2143 164.3267 154.0017 -12.0089 -107.9458 100.0000 stroke2
movl 0 -23.2114 427.4521 164.6489 154.5511 -11.8087 -107.1879 100.0000 stroke2
movl 0 -22.4647 426.2433 165.0046 153.7725 -10.4701 -106.7359 100.0000 stroke2
movl 0 -22.1889 424.2932 165.6807 152.8612 -8.4212 -105.8029 100.0000 stroke2
movl 0 -17.7477 413.2487 177.9602 147.1224 2.3062 -102.3846 100.0000 stroke2
movl 0 -19.1577 397.7374 186.2726 149.3014 16.9643 -84.2784 100.0000 stroke3
movl 0 -23.9796 388.8130 171.8087 151.9688 17.9464 -84.7384 100.0000 stroke3
movl 0 -30.1833 387.7777 170.0331 154.8207 17.9443 -83.5551 100.0000 stroke3
movl 0 -37.9577 387.0117 169.9607 157.5403 18.0784 -81.2648 100.0000 stroke3
movl 0 -41.6027 387.7465 169.0738 158.2227 17.7646 -80.3358 100.0000 stroke3
movl 0 -41.5687 388.5575 168.5944 157.8903 17.5041 -80.1914 100.0000 stroke3
movl 0 -42.3733 389.6077 168.2099 158.3275 16.8215 -80.4418 100.0000 stroke3
movl 0 -43.0639 390.0406 168.2879 159.3567 16.1316 -80.9422 100.0000 stroke3
movl 0 -44.0772 390.3456 168.4354 160.1065 15.7135 -81.2177 100.0000 stroke3
movl 0 -44.3287 390.4673 168.4406 160.3394 15.6262 -82.0027 100.0000 stroke3
movl 0 -41.0279 391.4711 168.4435 160.1247 15.3643 -83.4890 100.0000 stroke3
movl 0 -36.2745 392.7414 168.4486 159.9434 14.8449 -85.8929 100.0000 stroke3
movl 0 -31.8651 394.4233 168.1930 159.2834 14.0968 -87.8225 100.0000 stroke3
movl 0 -30.1173 392.7087 168.7638 158.0679 14.8689 -88.4396 100.0000 stroke3
movl 0 -30.6457 394.2842 168.4322 158.6379 13.2989 -88.3014 100.0000 stroke3
movl 0 -31.0317 394.5208 168.2939 158.3309 12.9423 -87.9719 100.0000 stroke3
movl 0 -29.2633 391.5312 169.7071 154.8685 14.7011 -86.7062 100.0000 stroke3
movl 0 -26.1816 379.2193 194.4057 146.9839 25.8216 -87.1184 100.0000 stroke3
movl 0 -31.7753 400.2848 207.6648 142.0894 8.2719 -95.4678 100.0000 stroke4
movl 0 -25.7826 392.1803 176.6204 143.6029 5.5107 -97.9365 100.0000 stroke4
movl 0 -29.5842 389.1204 169.5388 146.3379 4.0555 -99.6362 100.0000 stroke4
movl 0 -38.0304 387.1825 168.3596 148.4663 4.8245 -98.8382 100.0000 stroke4
movl 0 -44.7938 387.1949 167.3552 149.6732 5.5273 -97.2050 100.0000 stroke4
movl 0 -46.1737 388.1735 166.5670 150.1582 5.4413 -96.8484 100.0000 stroke4
movl 0 -49.4674 388.2762 166.1661 151.3086 5.7556 -96.7856 100.0000 stroke4
movl 0 -52.9836 388.2682 166.4140 153.5017 5.6817 -96.9112 100.0000 stroke4
movl 0 -53.3604 389.2023 166.9874 154.8267 4.6660 -97.0573 100.0000 stroke4
movl 0 -53.6669 388.9288 167.2989 155.3207 4.8973 -97.1161 100.0000 stroke4
movl 0 -52.3166 389.2391 167.3912 155.4251 5.0701 -97.5831 100.0000 stroke4
movl 0 -48.4839 390.2031 167.5068 155.2659 4.8716 -98.6620 100.0000 stroke4
movl 0 -45.5085 390.9715 167.6406 155.2785 4.6657 -99.5176 100.0000 stroke4
movl 0 -41.5415 391.5559 167.8265 155.1033 4.4400 -100.3730 100.0000 stroke4
movl 0 -38.5114 392.5575 167.7312 155.1397 4.0507 -101.3637 100.0000 stroke4
movl 0 -35.9131 393.2622 167.7391 155.1898 3.7395 -102.2736 100.0000 stroke4
movl 0 -33.5320 393.9655 167.7366 155.3441 3.4203 -103.1817 100.0000 stroke4
movl 0 -32.0317 393.9888 167.8914 155.5084 3.3648 -103.8599 100.0000 stroke4
movl 0 -28.9768 394.6985 167.9132 155.6852 3.1181 -105.0461 100.0000 stroke4
movl 0 -24.9919 395.6653 167.7502 156.0382 2.7018 -106.9283 100.0000 stroke4
movl 0 -21.6573 396.7896 167.4713 156.7461 2.3037 -109.0452 100.0000 stroke4
movl 0 -19.7650 396.7401 167.4969 156.9138 2.2539 -109.8550 100.0000 stroke4
movl 0 -17.6079 393.2318 168.4863 154.9775 3.4954 -109.7010 100.0000 stroke4
movl 0 -16.3368 392.6570 168.6219 154.4086 3.6191 -109.9395 100.0000 stroke4
movl 0 -16.5150 392.5572 168.6320 154.5786 3.5409 -109.8942 100.0000 stroke4
movl 0 -15.9322 394.3374 168.6224 155.7316 1.7075 -110.1664 100.0000 stroke4
movl 0 -16.3379 395.1406 168.1909 155.2923 1.2891 -108.9919 100.0000 stroke4
movl 0 -13.5737 392.4148 168.3089 150.4666 3.3852 -105.3606 100.0000 stroke4
movl 0 -10.4198 380.4404 177.5522 141.3699 16.8317 -99.3191 100.0000 stroke4
movl 0 -23.1137 363.7344 231.5418 143.4161 39.2052 -87.3758 100.0000 stroke4
movl 0 -16.6956 402.6871 193.6905 139.4748 10.5035 -85.8399 100.0000 stroke5
movl 0 -13.7881 394.2655 169.7582 142.5300 8.8061 -88.3648 100.0000 stroke5
movl 0 -14.6964 385.5069 164.5846 145.8262 10.8941 -89.6763 100.0000 stroke5
movl 0 -17.9580 383.3087 164.9867 148.2459 11.8818 -90.2315 100.0000 stroke5
movl 0 -20.0903 383.4576 164.7987 148.9679 11.9655 -89.9250 100.0000 stroke5
movl 0 -22.8078 385.2234 164.2650 149.7729 11.2307 -89.3682 100.0000 stroke5
movl 0 -26.5760 388.9591 163.8532 151.0723 8.1761 -89.4372 100.0000 stroke5
movl 0 -27.9742 391.5699 164.0808 152.0712 4.1621 -91.6585 100.0000 stroke5
movl 0 -28.4422 392.7938 164.4986 152.3706 1.9634 -93.2521 100.0000 stroke5
movl 0 -28.7961 393.4657 164.9653 152.6418 -0.1857 -94.6360 100.0000 stroke5
movl 0 -29.6065 394.7540 165.3564 153.3249 -2.8411 -96.1259 100.0000 stroke5
movl 0 -30.5931 396.1617 165.6338 154.0385 -5.3462 -97.1610 100.0000 stroke5
movl 0 -31.3732 397.9205 165.6019 154.7107 -8.0065 -97.9269 100.0000 stroke5
movl 0 -31.8790 398.1229 165.8345 155.1567 -9.4519 -98.8041 100.0000 stroke5
movl 0 -28.7528 396.0576 166.5686 154.2177 -7.8766 -100.1221 100.0000 stroke5
movl 0 -29.4432 396.6791 166.2247 154.5084 -8.9294 -99.8678 100.0000 stroke5
movl 0 -30.7006 396.7058 166.3647 155.1039 -9.7551 -99.8903 100.0000 stroke5
movl 0 -30.0405 395.7500 166.7018 154.7603 -8.9676 -100.3315 100.0000 stroke5
movl 0 -27.7990 390.9359 168.4607 153.0577 -5.1711 -100.6240 100.0000 stroke5
movl 0 -25.2836 376.0601 185.6943 148.6228 9.9338 -99.4087 100.0000 stroke5
movl 0 -20.0083 381.3206 226.4811 154.9790 30.9225 -64.3192 100.0000 stroke6
movl 0 -14.1108 375.6360 176.4079 155.3821 26.8875 -67.2305 100.0000 stroke6
movl 0 -20.1149 367.9444 171.4374 160.3723 26.3247 -65.3327 100.0000 stroke6
movl 0 -23.9548 368.2345 170.1376 162.9713 25.9885 -62.7975 100.0000 stroke6
movl 0 -26.2689 369.3648 169.5025 163.6949 25.7342 -61.4931 100.0000 stroke6
movl 0 -27.4546 370.7958 168.8863 163.9384 25.1181 -60.6508 100.0000 stroke6
movl 0 -30.4589 372.2229 168.4370 164.8545 23.9958 -60.3055 100.0000 stroke6
movl 0 -31.8737 372.4320 168.5966 165.8967 23.3519 -60.4486 100.0000 stroke6
movl 0 -30.5996 373.2965 168.4490 166.0337 22.7358 -61.7349 100.0000 stroke6
movl 0 -27.2282 374.9692 168.2291 165.8749 21.9340 -64.4259 100.0000 stroke6
movl 0 -24.5335 375.4573 168.1850 165.0227 21.8650 -66.2837 100.0000 stroke6
movl 0 -21.5113 378.9925 166.8003 162.6024 20.3970 -68.9775 100.0000 stroke6
movl 0 -16.2497 384.3246 165.2155 159.5698 16.4850 -73.6715 100.0000 stroke6
movl 0 -14.9738 387.8060 164.0315 157.4290 13.8260 -75.9223 100.0000 stroke6
movl 0 -14.4417 388.7782 164.0671 156.1568 11.3769 -78.4155 100.0000 stroke6
movl 0 -14.3226 388.8781 164.5285 155.4549 9.8413 -79.9393 100.0000 stroke6
movl 0 -14.2638 389.5556 165.1368 154.7791 7.4650 -81.6879 100.0000 stroke6
movl 0 -14.4448 390.6860 165.5954 154.3010 4.8291 -83.5209 100.0000 stroke6
movl 0 -14.9836 391.8435 165.7393 154.1796 2.4294 -85.0423 100.0000 stroke6
movl 0 -15.9556 393.2594 165.7791 154.3702 -0.1468 -86.7179 100.0000 stroke6
movl 0 -16.2715 394.3685 165.6473 154.4119 -2.0043 -87.8630 100.0000 stroke6
movl 0 -17.0243 395.5706 165.5414 154.7073 -3.9183 -88.7157 100.0000 stroke6
movl 0 -16.9807 394.0059 166.3451 154.8344 -3.6021 -89.2773 100.0000 stroke6
movl 0 -14.6487 391.4450 167.1927 154.2997 -1.5848 -89.7825 100.0000 stroke6
movl 0 -15.2232 391.8308 167.0571 154.4776 -2.5823 -89.8422 100.0000 stroke6
movl 0 -15.9381 392.1160 167.2009 154.8050 -3.6171 -90.1144 100.0000 stroke6
movl 0 -15.6315 391.7965 167.4060 154.7188 -3.5888 -90.0654 100.0000 stroke6
movl 0 -15.4236 389.9263 168.1661 154.5637 -1.9854 -90.2711 100.0000 stroke6
movl 0 -12.7228 383.4514 170.4655 152.8912 2.9437 -90.0254 100.0000 stroke6
movl 0 -9.3812 369.6419 191.8693 149.0304 18.4778 -87.0536 100.0000 stroke6
movl 0 -18.0989 384.7664 227.3480 141.8519 20.7828 -85.1168 100.0000 stroke7
movl 0 -15.6424 376.6131 179.7997 146.6910 15.5199 -86.9357 100.0000 stroke7
movl 0 -17.2944 369.2331 172.7356 150.1332 14.1215 -89.8394 100.0000 stroke7
movl 0 -26.2001 368.6194 173.0571 153.1582 12.1811 -89.2391 100.0000 stroke7
movl 0 -29.4006 368.8742 172.2119 153.9767 12.1128 -88.5218 100.0000 stroke7
movl 0 -30.3180 370.1975 171.2596 154.2509 12.3252 -87.7312 100.0000 stroke7
movl 0 -32.4599 371.5770 170.7806 155.5701 11.8652 -87.4872 100.0000 stroke7
movl 0 -33.4000 371.8453 170.9963 156.4072 11.4964 -87.8005 100.0000 stroke7
movl 0 -33.6080 372.1276 171.0553 156.8697 11.3964 -88.0890 100.0000 stroke7
movl 0 -32.9107 372.4579 171.0358 157.2025 11.2893 -88.8549 100.0000 stroke7
movl 0 -31.4147 373.4602 170.8534 157.7568 10.9413 -90.3858 100.0000 stroke7
movl 0 -30.4208 374.1903 170.7942 157.9263 10.5851 -91.3066 100.0000 stroke7
movl 0 -28.9051 372.8262 171.3369 157.2393 11.3590 -91.2727 100.0000 stroke7
movl 0 -29.3700 373.8566 171.3195 157.8486 10.2496 -91.0786 100.0000 stroke7
movl 0 -29.3718 374.5574 170.9860 157.4337 9.9301 -90.3653 100.0000 stroke7
movl 0 -25.4275 372.0844 171.9900 153.3897 11.6768 -87.7018 100.0000 stroke7
movl 0 -21.8849 360.9533 203.3051 146.7101 19.3537 -87.3296 100.0000 stroke7
movl 0 -19.8616 375.4647 199.3235 145.5893 12.8155 -83.5976 100.0000 stroke8
movl 0 -14.7754 369.6488 171.1129 148.4414 11.9463 -85.2524 100.0000 stroke8
movl 0 -13.6799 366.9779 170.6755 150.3492 11.6597 -87.1665 100.0000 stroke8
movl 0 -20.0798 366.4797 169.9410 151.3899 11.8703 -86.4224 100.0000 stroke8
movl 0 -25.6791 366.2653 169.3490 152.9137 12.2400 -85.3575 100.0000 stroke8
movl 0 -27.8785 367.3405 168.5530 153.5985 12.0491 -84.9914 100.0000 stroke8
movl 0 -32.4993 366.6074 168.7673 155.9898 11.9770 -85.1576 100.0000 stroke8
movl 0 -35.2485 366.7603 169.2603 157.7148 11.3183 -85.3389 100.0000 stroke8
movl 0 -36.5009 366.1290 169.6161 158.3810 11.5035 -85.5742 100.0000 stroke8
movl 0 -33.9849 366.9540 169.6643 158.4847 11.1154 -87.0563 100.0000 stroke8
movl 0 -29.9549 368.6947 169.5976 158.5897 10.2711 -89.6500 100.0000 stroke8
movl 0 -28.5302 367.9530 170.0359 158.0827 10.6841 -89.6035 100.0000 stroke8
movl 0 -27.5075 367.4422 170.2408 157.6484 10.9231 -89.5460 100.0000 stroke8
movl 0 -27.3295 368.1042 170.3048 158.1159 9.8002 -89.6211 100.0000 stroke8
movl 0 -28.7237 367.5465 170.2337 157.6905 10.2241 -88.4963 100.0000 stroke8
movl 0 -28.1013 367.6111 169.9847 156.8777 10.3417 -88.0074 100.0000 stroke8
movl 0 -27.2160 366.2921 173.0126 155.2828 11.0419 -88.1113 100.0000 stroke8
movl 0 -43.9413 346.3410 242.9310 150.9316 19.6848 -88.1404 100.0000 stroke8
movl 0 -50.8100 363.9110 240.3771 151.2000 17.6475 -78.8279 100.0000 stroke9
movl 0 -35.1490 363.5016 183.5203 150.5377 11.0878 -83.0105 100.0000 stroke9
movl 0 -32.5387 359.6851 174.1139 152.3364 11.2917 -84.5961 100.0000 stroke9
movl 0 -37.7834 358.6741 172.2939 153.0246 11.2126 -84.2008 100.0000 stroke9
movl 0 -42.4737 357.5165 171.6532 154.0575 11.4015 -83.2561 100.0000 stroke9
movl 0 -44.0480 358.5290 170.8011 154.3138 10.9371 -83.3170 100.0000 stroke9
movl 0 -48.8312 358.8820 170.4069 156.6459 10.1259 -83.4879 100.0000 stroke9
movl 0 -51.4514 360.7485 170.1824 158.2719 8.4766 -83.4389 100.0000 stroke9
movl 0 -53.2471 359.9810 170.6783 159.0019 8.9465 -83.6095 100.0000 stroke9
movl 0 -51.6715 360.9653 170.4475 159.0943 8.6487 -84.5667 100.0000 stroke9
movl 0 -48.1701 362.1037 170.6077 158.9024 8.3274 -86.1382 100.0000 stroke9
movl 0 -44.8409 362.7256 170.8046 158.7347 8.1004 -87.1875 100.0000 stroke9
movl 0 -39.4296 364.0943 171.1484 158.4715 7.7306 -88.8193 100.0000 stroke9
movl 0 -33.7364 365.9303 170.8146 158.2783 7.1075 -90.6594 100.0000 stroke9
movl 0 -27.8758 367.3136 170.6204 158.3155 6.5574 -93.3634 100.0000 stroke9
movl 0 -27.6585 367.2631 170.7350 158.4339 6.4589 -93.5510 100.0000 stroke9
movl 0 -27.7453 367.0562 170.8028 158.1631 6.4788 -93.1436 100.0000 stroke9
movl 0 -27.1321 365.7765 171.9069 157.2197 6.9073 -92.6261 100.0000 stroke9
movl 0 -30.4021 361.2556 200.3108 153.7436 10.3572 -91.2731 100.0000 stroke9
movl 0 -21.6502 378.5806 244.5584 142.7703 9.2927 -88.9680 100.0000 stroke10
movl 0 -13.1211 376.7649 182.7023 144.4626 3.3003 -92.4953 100.0000 stroke10
movl 0 -14.3995 371.0526 170.5354 147.3047 3.6318 -93.4444 100.0000 stroke10
movl 0 -16.1125 371.3590 169.6940 150.1241 3.0438 -94.7120 100.0000 stroke10
movl 0 -15.1289 371.4842 169.1819 150.9626 2.2084 -96.1232 100.0000 stroke10
movl 0 -12.9824 372.3933 168.7148 151.0052 1.8813 -97.3330 100.0000 stroke10
movl 0 -15.2571 373.0270 168.0007 151.6162 1.7009 -97.2868 100.0000 stroke10
movl 0 -16.0738 376.6589 166.6651 152.5247 -0.8266 -97.4145 100.0000 stroke10
movl 0 -17.0813 378.7932 165.7116 152.5881 -2.3660 -97.2320 100.0000 stroke10
movl 0 -17.1945 378.7587 165.6215 152.2934 -2.7987 -96.8704 100.0000 stroke10
movl 0 -18.7066 378.8484 165.6369 152.3391 -3.3647 -96.4849 100.0000 stroke10
movl 0 -20.4375 379.3451 165.2583 152.2906 -4.2533 -95.6504 100.0000 stroke10
movl 0 -26.0408 379.3817 165.1134 152.5637 -5.2458 -93.1544 100.0000 stroke10
movl 0 -28.9768 377.4232 165.7833 152.5095 -4.8008 -92.2953 100.0000 stroke10
movl 0 -28.6777 377.4415 165.6748 152.0475 -4.6543 -92.0664 100.0000 stroke10
movl 0 -29.0589 376.9668 165.9167 151.7271 -4.3802 -91.8785 100.0000 stroke10
movl 0 -29.3232 376.5586 166.1834 151.2995 -4.1350 -91.6226 100.0000 stroke10
movl 0 -20.8538 371.5554 171.1850 147.3928 -0.9817 -93.8323 100.0000 stroke10
movl 0 -13.8941 363.4348 205.5749 141.2741 13.3667 -96.0797 100.0000 stroke10
movl 0 -7.8321 391.5508 224.9081 145.1603 2.0836 -92.8246 100.0000 stroke11
movl 0 -3.9109 380.7915 179.4774 146.7928 -3.1037 -96.1052 100.0000 stroke11
movl 0 -6.7792 374.0696 173.3596 149.0091 -1.3255 -96.9320 100.0000 stroke11
movl 0 -12.2295 373.2285 172.4224 151.3162 -0.7270 -97.7192 100.0000 stroke11
movl 0 -13.5741 374.0805 171.7976 152.2142 -1.4606 -98.4111 100.0000 stroke11
movl 0 -17.0008 375.3081 171.4228 153.7871 -2.3298 -99.3981 100.0000 stroke11
movl 0 -20.2896 378.4218 170.8903 156.1591 -4.3417 -101.3196 100.0000 stroke11
movl 0 -24.1036 381.2361 170.6623 159.0182 -6.5414 -104.0984 100.0000 stroke11
movl 0 -26.2132 383.5350 170.4866 161.4230 -8.2430 -107.1570 100.0000 stroke11
movl 0 -25.9953 384.8406 170.5418 162.4893 -9.1650 -109.6145 100.0000 stroke11
movl 0 -25.9056 385.7737 170.3480 163.1617 -9.8523 -110.7820 100.0000 stroke11
movl 0 -27.4974 384.0576 171.2029 163.7441 -10.2808 -110.0669 100.0000 stroke11
movl 0 -23.9989 382.0132 171.9950 162.1334 -8.7572 -110.7435 100.0000 stroke11
movl 0 -25.0489 382.3863 171.9787 163.2212 -10.2607 -110.4442 100.0000 stroke11
movl 0 -23.7679 381.2445 172.4420 162.6017 -9.8913 -110.4781 100.0000 stroke11
movl 0 -24.7371 380.9775 172.5567 162.7465 -9.6786 -110.2997 100.0000 stroke11
movl 0 -9.4521 372.0557 172.8782 152.2571 -2.0250 -108.7457 100.0000 stroke11
movl 0 14.5953 373.0677 173.0575 143.0287 2.3470 -109.3321 100.0000 stroke11
movl 0 15.1280 375.9508 172.8484 144.2992 2.1455 -109.2754 100.0000 stroke11
movl 0 11.0858 375.8818 172.2741 144.6674 1.6080 -108.2683 100.0000 stroke11
movl 0 4.5535 375.5472 183.2932 143.9650 4.1954 -105.9863 100.0000 stroke11
movl 0 -8.5635 374.3057 248.7842 142.7989 14.9739 -100.2959 100.0000 stroke11
movl 0 18.0862 394.3291 243.5214 155.3336 32.0417 -73.2747 100.0000 stroke12
movl 0 17.2878 386.0703 191.7365 152.8925 24.1299 -76.4814 100.0000 stroke12
movl 0 8.5371 375.2377 171.7115 156.2940 23.1067 -76.9148 100.0000 stroke12
movl 0 -5.7746 370.8618 170.4731 162.0639 24.0974 -74.2380 100.0000 stroke12
movl 0 -13.4140 369.8476 169.8926 164.7070 24.4227 -73.3455 100.0000 stroke12
movl 0 -15.0823 370.5987 169.2342 165.0484 24.0632 -73.5163 100.0000 stroke12
movl 0 -17.9032 372.7240 168.8021 166.2092 22.2047 -73.9981 100.0000 stroke12
movl 0 -22.0398 372.7783 169.3904 168.2026 20.7394 -74.1281 100.0000 stroke12
movl 0 -23.9311 372.7098 169.6043 168.9148 20.5270 -74.3670 100.0000 stroke12
movl 0 -26.0341 372.2944 169.6366 169.8433 20.5629 -74.7651 100.0000 stroke12
movl 0 -25.1944 372.8183 169.6356 169.9419 20.3625 -75.6596 100.0000 stroke12
movl 0 -22.9700 373.8613 169.6966 169.7901 19.9508 -77.0914 100.0000 stroke12
movl 0 -19.8073 374.7744 169.7908 169.5221 19.6919 -78.8518 100.0000 stroke12
movl 0 -15.9616 376.8865 169.5863 169.2108 19.1579 -81.2762 100.0000 stroke12
movl 0 -12.5308 378.4150 169.5255 168.4242 18.7570 -82.9102 100.0000 stroke12
movl 0 -7.0978 377.6897 169.8379 166.1426 19.4107 -83.8452 100.0000 stroke12
movl 0 -2.3186 380.0266 169.0440 164.3206 18.6529 -85.2653 100.0000 stroke12
movl 0 1.9240 382.3184 168.1242 162.7416 17.5262 -86.7789 100.0000 stroke12
movl 0 4.2333 383.7102 167.4419 161.6798 16.5568 -87.8832 100.0000 stroke12
movl 0 4.9683 386.0693 166.8652 160.9074 14.3131 -89.2452 100.0000 stroke12
movl 0 11.3800 390.1852 165.6036 158.9358 10.7254 -92.4627 100.0000 stroke12
movl 0 16.7126 394.4517 163.5752 156.3011 8.0937 -93.8146 100.0000 stroke12
movl 0 18.1657 395.9753 163.0966 155.2135 6.0940 -95.1930 100.0000 stroke12
movl 0 18.8174 396.7465 163.4303 154.8433 3.7556 -97.1356 100.0000 stroke12
movl 0 18.3510 397.7882 163.9151 154.9208 1.0457 -99.0881 100.0000 stroke12
movl 0 18.1269 398.7739 164.3087 154.9885 -1.2711 -100.6099 100.0000 stroke12
movl 0 17.5887 399.5817 164.7521 155.1625 -3.4548 -102.0693 100.0000 stroke12
movl 0 16.8826 400.5411 164.7161 155.5337 -5.8627 -103.5672 100.0000 stroke12
movl 0 16.1201 401.3267 164.7185 156.0648 -8.0119 -104.9262 100.0000 stroke12
movl 0 15.3349 402.2002 164.4497 156.6111 -10.1948 -106.1726 100.0000 stroke12
movl 0 14.2192 402.9845 164.1229 157.2998 -12.1027 -107.2910 100.0000 stroke12
movl 0 13.3372 403.5241 163.8254 157.8924 -13.6786 -108.1164 100.0000 stroke12
movl 0 12.2184 403.3739 163.7198 158.2124 -14.7144 -108.2866 100.0000 stroke12
movl 0 11.2188 403.8017 163.4329 158.5670 -15.5884 -108.2605 100.0000 stroke12
movl 0 10.0632 404.3057 163.2100 158.7373 -16.0539 -107.5207 100.0000 stroke12
movl 0 9.2891 404.1724 163.2039 158.3948 -16.0698 -106.1929 100.0000 stroke12
movl 0 12.7755 402.0716 164.1952 157.4942 -14.6117 -106.5534 100.0000 stroke12
movl 0 13.6892 400.7161 164.7603 157.3758 -13.9663 -106.9290 100.0000 stroke12
movl 0 13.1967 400.5440 164.9709 157.7198 -14.1828 -106.9987 100.0000 stroke12
movl 0 13.3977 399.6248 165.4629 157.6571 -13.8208 -107.1288 100.0000 stroke12
movl 0 13.5807 399.5489 165.4384 157.7767 -14.2473 -107.1849 100.0000 stroke12
movl 0 15.7432 397.5713 166.1875 156.8242 -12.9920 -107.7885 100.0000 stroke12
movl 0 15.3024 397.9969 165.9272 157.1084 -13.7409 -107.5258 100.0000 stroke12
movl 0 14.4223 397.7165 166.0421 157.4191 -13.7757 -107.5687 100.0000 stroke12
movl 0 14.8413 396.0342 166.7325 156.8734 -12.5959 -107.7702 100.0000 stroke12
movl 0 15.7556 394.3662 167.1240 156.0314 -11.1812 -107.7518 100.0000 stroke12
movl 0 16.2431 393.4003 167.4181 155.4910 -10.3766 -107.6223 100.0000 stroke12
movl 0 16.7306 392.9266 167.5700 155.0626 -9.8928 -107.7287 100.0000 stroke12
movl 0 16.8839 392.1556 168.0035 154.7821 -9.5048 -107.6421 100.0000 stroke12
movl 0 17.0624 389.6981 169.6753 153.9477 -7.7648 -106.7449 100.0000 stroke12
movl 0 15.8594 381.2179 180.7928 151.6794 -2.0647 -104.2742 100.0000 stroke12
movl 0 8.0279 366.4011 219.4164 148.3793 10.0138 -101.6204 100.0000 stroke12
movl 0 4.9142 325.6186 198.6397 139.4501 11.9758 -128.1357 100.0000 stroke13
movl 0 -5.1505 312.5329 173.5013 145.3498 8.9720 -128.8552 100.0000 stroke13
movl 0 -9.4326 311.6470 164.8718 148.0672 8.8267 -129.2706 100.0000 stroke13
movl 0 -7.8930 311.6595 163.9757 147.7238 9.4527 -129.6345 100.0000 stroke13
movl 0 -8.9251 313.2280 162.9379 148.1345 9.6765 -130.0932 100.0000 stroke13
movl 0 -9.7029 314.2647 162.0710 148.4082 10.0789 -130.0367 100.0000 stroke13
movl 0 -9.9065 316.9468 161.3353 149.5406 8.6539 -130.1245 100.0000 stroke13
movl 0 -10.6916 318.4178 160.7060 150.1446 7.7442 -129.6343 100.0000 stroke13
movl 0 -10.4335 319.6042 160.1046 150.4924 6.9416 -129.0112 100.0000 stroke13
movl 0 -9.7000 320.2474 159.6730 150.3417 6.2952 -128.1670 100.0000 stroke13
movl 0 -9.7200 320.5155 159.3449 150.2935 6.1420 -127.4342 100.0000 stroke13
movl 0 -9.4272 320.6239 159.2230 150.0887 6.0782 -126.9876 100.0000 stroke13
movl 0 -9.7092 320.5159 159.1036 149.9554 6.0703 -126.4573 100.0000 stroke13
movl 0 -9.4946 320.6285 159.1086 149.7652 5.9968 -126.1699 100.0000 stroke13
movl 0 -9.2918 320.3584 159.1789 149.4410 6.0875 -126.0264 100.0000 stroke13
movl 0 -9.0985 320.1812 159.1422 149.1283 6.1776 -125.7800 100.0000 stroke13
movl 0 -9.2209 320.0643 159.1976 148.9870 6.3673 -125.5377 100.0000 stroke13
movl 0 -8.8856 319.7605 159.2205 148.6222 6.5153 -125.3523 100.0000 stroke13
movl 0 -8.8253 319.4124 159.2197 148.2798 6.7834 -125.1678 100.0000 stroke13
movl 0 -8.5197 319.4068 159.0671 148.0261 6.9717 -125.0065 100.0000 stroke13
movl 0 -8.0839 319.3009 159.1030 147.6840 7.0536 -125.1185 100.0000 stroke13
movl 0 -2.9935 313.9544 160.1571 143.5878 9.5288 -125.2815 100.0000 stroke13
movl 0 -2.8040 308.3626 169.2120 139.7461 17.7519 -119.2839 100.0000 stroke13
movl 0 -14.6868 298.7538 220.4893 140.3587 46.0682 -107.5302 100.0000 stroke13
movl 0 18.7814 421.4264 204.6504 143.8285 17.2038 -83.8403 100.0000 stroke14
movl 0 24.7787 414.7690 177.8498 146.0634 11.7276 -87.2758 100.0000 stroke14
movl 0 17.0968 406.8295 166.8551 150.1455 13.8826 -87.0615 100.0000 stroke14
movl 0 14.5275 405.4367 166.6233 151.7438 14.0634 -87.3552 100.0000 stroke14
movl 0 11.4985 405.3801 166.6195 152.7483 14.2950 -86.7768 100.0000 stroke14
movl 0 10.2921 407.5746 165.6666 153.2423 13.7246 -86.7936 100.0000 stroke14
movl 0 4.6014 410.8610 165.4609 155.5714 10.6836 -87.7936 100.0000 stroke14
movl 0 2.9336 412.3907 165.5997 156.6255 8.6585 -90.2033 100.0000 stroke14
movl 0 3.0427 414.1429 165.5865 156.6770 6.4811 -92.9107 100.0000 stroke14
movl 0 1.5267 413.9482 165.9031 156.4396 5.1463 -94.9517 100.0000 stroke14
movl 0 2.3589 414.3749 165.8763 156.0844 3.3788 -97.3454 100.0000 stroke14
movl 0 1.7349 414.4020 166.0912 156.1438 2.1014 -98.9140 100.0000 stroke14
movl 0 1.4063 414.0267 166.3652 156.1157 0.9803 -100.4288 100.0000 stroke14
movl 0 1.0198 413.7604 166.4986 156.1541 0.2283 -101.5521 100.0000 stroke14
movl 0 0.4904 413.5102 166.6881 156.2171 -0.7501 -103.0047 100.0000 stroke14
movl 0 0.2952 413.3114 167.0225 156.2806 -1.7757 -104.3145 100.0000 stroke14
movl 0 0.3212 413.7090 167.1025 156.4960 -3.1494 -106.0500 100.0000 stroke14
movl 0 0.0462 413.7446 167.2715 156.7714 -4.2456 -107.3994 100.0000 stroke14
movl 0 -0.5298 413.2854 167.4922 157.0538 -5.1800 -108.4778 100.0000 stroke14
movl 0 -0.9064 413.0076 167.6615 157.2814 -5.7437 -109.1305 100.0000 stroke14
movl 0 -1.5070 412.3444 168.0550 157.4733 -6.3661 -109.8004 100.0000 stroke14
movl 0 -1.8933 412.1772 168.2482 157.7355 -6.8239 -110.3478 100.0000 stroke14
movl 0 -1.9890 411.8641 168.4040 157.8095 -7.1918 -110.7819 100.0000 stroke14
movl 0 -2.0150 411.2433 168.6000 157.8579 -7.5195 -111.1818 100.0000 stroke14
movl 0 -2.0335 410.7910 168.8162 157.9264 -7.8318 -111.6406 100.0000 stroke14
movl 0 -2.4572 410.1119 169.0644 158.0845 -8.1617 -111.9854 100.0000 stroke14
movl 0 -2.6933 409.7980 169.1392 158.1740 -8.4789 -112.3208 100.0000 stroke14
movl 0 -3.0399 409.2079 169.2485 158.3142 -8.7195 -112.5664 100.0000 stroke14
movl 0 -3.2502 409.0700 169.3054 158.4714 -9.0266 -112.7831 100.0000 stroke14
movl 0 -3.4531 408.8073 169.4077 158.5356 -9.2381 -112.7785 100.0000 stroke14
movl 0 -3.8417 408.4186 169.5296 158.6430 -9.4502 -112.8077 100.0000 stroke14
movl 0 -4.0376 408.1303 169.5549 158.7400 -9.6740 -112.9915 100.0000 stroke14
movl 0 -4.4332 407.5534 169.6009 158.8793 -9.8304 -113.0437 100.0000 stroke14
movl 0 -5.0369 406.8272 169.6592 158.9733 -9.9700 -113.0402 100.0000 stroke14
movl 0 -5.6088 405.9356 169.7824 159.0718 -10.0071 -112.9142 100.0000 stroke14
movl 0 -5.9129 405.3894 169.9104 159.0993 -10.1014 -112.8654 100.0000 stroke14
movl 0 -6.2958 404.6997 170.0065 159.1940 -10.2727 -112.7933 100.0000 stroke14
movl 0 -6.4629 404.3684 170.0199 159.2075 -10.4599 -112.7249 100.0000 stroke14
movl 0 -6.9147 403.8638 170.0943 159.2666 -10.5317 -112.4871 100.0000 stroke14
movl 0 -7.5637 403.3056 170.1699 159.3679 -10.6313 -112.2223 100.0000 stroke14
movl 0 -7.9474 402.9641 170.2228 159.4335 -10.7326 -112.0969 100.0000 stroke14
movl 0 -8.4662 402.3873 170.2863 159.5273 -10.7498 -111.7061 100.0000 stroke14
movl 0 -9.3707 402.1047 170.2617 159.5902 -10.8334 -111.0638 100.0000 stroke14
movl 0 -10.3188 401.5944 170.2574 159.7817 -10.9201 -110.8264 100.0000 stroke14
movl 0 -10.8647 401.3252 170.3141 159.8225 -11.0374 -110.4492 100.0000 stroke14
movl 0 -11.5069 400.6076 170.4084 159.8755 -11.0682 -110.2123 100.0000 stroke14
movl 0 -11.9583 400.1505 170.5173 159.8760 -11.0827 -109.9880 100.0000 stroke14
movl 0 -12.3491 399.6373 170.6623 159.8247 -11.1403 -109.7269 100.0000 stroke14
movl 0 -13.0346 399.1933 170.6584 159.9436 -11.2628 -109.4253 100.0000 stroke14
movl 0 -12.1257 399.4318 170.6509 159.6831 -11.4271 -109.3567 100.0000 stroke14
movl 0 -12.3859 399.2913 170.6610 159.7199 -11.4611 -109.3264 100.0000 stroke14
movl 0 -11.2353 399.6251 170.6090 159.4609 -11.4175 -109.4787 100.0000 stroke14
movl 0 -10.8599 399.4585 170.5736 159.2873 -11.3395 -109.2629 100.0000 stroke14
movl 0 -12.0283 399.3159 170.3821 159.3823 -11.4433 -108.5646 100.0000 stroke14
movl 0 -12.8152 398.5076 170.4289 159.3082 -11.5665 -108.0121 100.0000 stroke14
movl 0 -13.2233 398.0971 170.5121 159.2357 -11.5677 -107.7383 100.0000 stroke14
movl 0 -13.4981 397.8946 170.6126 159.1748 -11.5896 -107.5188 100.0000 stroke14
movl 0 -14.1632 397.4629 170.7082 159.1151 -11.6185 -107.2212 100.0000 stroke14
movl 0 -14.4665 397.3440 170.7543 159.0895 -11.6353 -107.0861 100.0000 stroke14
movl 0 -14.3228 397.0916 170.8199 158.8202 -11.5826 -106.8242 100.0000 stroke14
movl 0 -14.0831 397.1078 170.8944 158.7250 -11.6169 -106.7878 100.0000 stroke14
movl 0 -14.4803 396.8236 170.9893 158.6136 -11.5855 -106.5757 100.0000 stroke14
movl 0 -14.4845 396.8811 170.9607 158.5705 -11.6021 -106.5138 100.0000 stroke14
movl 0 -14.6779 396.7262 170.9942 158.5227 -11.6100 -106.3942 100.0000 stroke14
movl 0 -14.8993 396.1710 171.2838 158.2324 -11.6156 -106.1449 100.0000 stroke14
movl 0 -14.0897 396.0355 171.6107 158.0876 -11.5494 -106.3306 100.0000 stroke14
movl 0 -13.7156 395.7512 171.9017 157.7896 -11.5550 -106.2426 100.0000 stroke14
movl 0 -13.4326 394.5314 172.5435 157.2571 -11.1770 -106.1801 100.0000 stroke14
movl 0 -11.3449 394.6372 172.8405 156.8074 -11.3895 -106.3626 100.0000 stroke14
movl 0 -9.4136 394.0674 173.8800 156.3476 -11.1227 -106.9896 100.0000 stroke14
movl 0 -2.9596 389.9562 187.1681 153.3218 -9.4280 -108.2363 100.0000 stroke14
