movl 0 -27.6687 374.1702 180.6257 -147.8657 13.4285 29.8286 100.0000 stroke1
movl 0 -32.3189 376.1777 187.2737 -147.7569 11.2870 30.2200 100.0000 stroke1
movl 0 -32.4496 378.6799 198.6178 -146.4723 10.2531 30.0555 100.0000 stroke1
movl 0 -33.2644 381.6673 190.3315 -146.5400 10.8427 29.9401 100.0000 stroke1
movl 0 -35.7348 379.1032 181.8848 -146.0148 10.6014 29.6111 100.0000 stroke1
movl 0 -36.9663 377.6298 180.3218 -146.1931 9.9887 29.2899 100.0000 stroke1
movl 0 -35.7828 379.2566 178.4808 -147.2968 10.9854 28.9104 100.0000 stroke1
movl 0 -35.5873 380.1756 177.7416 -148.1987 11.4495 28.5239 100.0000 stroke1
movl 0 -35.1894 380.7757 177.1709 -148.6458 11.3080 28.5429 100.0000 stroke1
movl 0 -33.4461 381.5908 176.5913 -149.2095 11.5154 28.5701 100.0000 stroke1
movl 0 -31.4586 382.6006 175.7824 -149.6497 11.4346 28.6214 100.0000 stroke1
movl 0 -30.0606 383.6669 174.8559 -150.2541 11.3574 28.7034 100.0000 stroke1
movl 0 -30.0901 384.3791 173.9132 -150.4067 10.8781 28.9315 100.0000 stroke1
movl 0 -29.6451 385.2334 173.2598 -150.6829 10.3459 28.8160 100.0000 stroke1
movl 0 -31.5145 386.6385 173.0259 -151.3475 10.3625 29.1815 100.0000 stroke1
movl 0 -35.3938 387.9893 171.4766 -151.8934 9.9920 30.8646 100.0000 stroke1
movl 0 -39.2970 388.9306 169.4764 -151.4921 8.7550 35.5581 100.0000 stroke1
movl 0 -44.2070 389.5909 168.1793 -151.4803 7.1038 39.5437 100.0000 stroke1
movl 0 -48.9343 389.5048 167.2255 -152.4568 6.2999 40.6670 100.0000 stroke1
movl 0 -50.6173 389.7102 166.9815 -153.2415 6.4983 40.2187 100.0000 stroke1
movl 0 -53.5728 389.2221 167.0605 -154.3650 5.5242 39.6939 100.0000 stroke1
movl 0 -54.8636 388.8449 167.0429 -154.8868 4.8122 39.3702 100.0000 stroke1
movl 0 -55.9127 388.7121 167.4083 -155.5528 4.4496 39.0138 100.0000 stroke1
movl 0 -56.5510 388.0085 167.9925 -156.0920 4.1531 38.2525 100.0000 stroke1
movl 0 -60.1843 385.9739 168.4346 -155.9954 2.4824 38.3811 100.0000 stroke1
movl 0 -61.7749 384.7578 168.7602 -155.9736 1.3637 37.9551 100.0000 stroke1
movl 0 -61.4336 384.9658 168.8807 -156.2762 0.9931 37.1685 100.0000 stroke1
movl 0 -60.8927 384.9255 169.1719 -156.4757 0.4936 36.4376 100.0000 stroke1
movl 0 -60.2700 385.4209 169.3603 -156.8300 0.3990 35.3578 100.0000 stroke1
movl 0 -58.5101 386.1741 169.6712 -157.1267 0.3964 33.8777 100.0000 stroke1
movl 0 -57.3507 387.3007 169.5069 -157.7676 -0.0954 32.2026 100.0000 stroke1
movl 0 -55.9564 388.9703 169.1707 -158.5369 -0.4839 30.3675 100.0000 stroke1
movl 0 -54.0106 390.4462 168.9442 -159.1509 -0.6948 28.3504 100.0000 stroke1
movl 0 -53.6347 390.6765 168.7158 -159.1749 -0.6127 28.2066 100.0000 stroke1
movl 0 -52.1125 388.8271 169.7637 -157.7404 -0.2233 28.6751 100.0000 stroke1
movl 0 -50.8249 387.5602 170.0868 -156.8344 -0.3072 28.6999 100.0000 stroke1
movl 0 -50.9414 387.4858 170.1422 -156.9896 -0.4590 28.6381 100.0000 stroke1
movl 0 -50.9479 388.0175 170.3346 -157.7933 -0.2225 28.3304 100.0000 stroke1
movl 0 -50.7565 388.4415 170.4095 -158.4479 0.2030 28.0737 100.0000 stroke1
movl 0 -50.1270 388.2500 170.5113 -158.7336 0.4431 28.3293 100.0000 stroke1
movl 0 -49.1520 387.4894 170.2286 -158.6648 0.5312 28.6984 100.0000 stroke1
movl 0 -48.5649 387.5739 170.2669 -158.3356 1.4449 29.9146 100.0000 stroke1
movl 0 -47.6474 387.7595 169.9954 -157.8682 2.2135 30.8854 100.0000 stroke1
movl 0 -44.8806 386.9057 170.3726 -156.0511 3.6942 32.6370 100.0000 stroke1
movl 0 -30.8874 376.8657 176.9437 -142.8225 2.0209 44.3596 100.0000 stroke1
movl 0 -26.8284 368.9988 220.5459 -133.0032 -13.3999 53.7461 100.0000 stroke1
movl 0 -27.2705 391.7375 195.0001 -140.7107 -6.7693 70.5405 100.0000 stroke2
movl 0 -27.7950 390.2278 177.0068 -144.8916 -7.2976 69.2253 100.0000 stroke2
movl 0 -36.9217 392.4848 170.5816 -149.9531 -8.6950 68.8875 100.0000 stroke2
movl 0 -37.4960 393.2491 168.8286 -150.3135 -9.7337 69.5846 100.0000 stroke2
movl 0 -39.4048 395.6847 166.7011 -150.9930 -10.2831 71.1097 100.0000 stroke2
movl 0 -39.5380 397.5391 165.2132 -151.4561 -10.1716 71.6149 100.0000 stroke2
movl 0 -41.0644 399.3531 164.0665 -152.6594 -9.1081 71.2776 100.0000 stroke2
movl 0 -42.1088 401.0729 163.5177 -153.9177 -7.3205 69.2156 100.0000 stroke2
movl 0 -40.7506 402.6373 163.4722 -154.4062 -5.3577 66.2865 100.0000 stroke2
movl 0 -41.2557 403.6186 163.6881 -154.5420 -3.8127 64.6976 100.0000 stroke2
movl 0 -42.2954 404.0214 164.2220 -154.8652 -1.8532 62.1294 100.0000 stroke2
movl 0 -42.1662 404.4264 164.4516 -155.2234 -0.3103 59.7025 100.0000 stroke2
movl 0 -42.8736 404.2931 165.1357 -155.6034 1.1385 57.7527 100.0000 stroke2
movl 0 -42.9978 404.2082 165.6997 -156.1779 2.8112 55.3380 100.0000 stroke2
movl 0 -43.2133 403.9758 166.4403 -156.7151 4.4206 53.0029 100.0000 stroke2
movl 0 -43.2227 403.7626 167.1671 -157.4320 6.1458 50.3963 100.0000 stroke2
movl 0 -43.1001 403.9263 167.6183 -158.2276 7.4710 48.1700 100.0000 stroke2
movl 0 -43.0374 404.2475 168.0675 -159.1412 9.0075 46.0884 100.0000 stroke2
movl 0 -43.0748 404.6176 168.5827 -160.4028 10.6006 43.6876 100.0000 stroke2
movl 0 -43.2516 405.4176 169.0114 -162.1100 12.3987 40.9836 100.0000 stroke2
movl 0 -43.7371 406.2011 169.2977 -163.9246 13.9168 38.3575 100.0000 stroke2
movl 0 -44.1661 407.5903 169.3538 -166.1012 15.5471 35.8545 100.0000 stroke2
movl 0 -44.6465 408.7867 169.6888 -168.2347 16.8627 33.6384 100.0000 stroke2
movl 0 -45.2164 410.0726 169.5765 -170.5523 18.1131 31.4138 100.0000 stroke2
movl 0 -46.1553 410.3977 169.6890 -172.1160 18.6701 29.9340 100.0000 stroke2
movl 0 -44.6777 408.4387 170.8048 -170.2855 18.0237 30.9214 100.0000 stroke2
movl 0 -43.1156 407.3687 171.0138 -168.9709 17.4938 31.9216 100.0000 stroke2
movl 0 -43.6898 407.9395 170.7918 -169.9115 17.9081 31.7143 100.0000 stroke2
movl 0 -44.9033 407.0697 171.0527 -170.3348 17.6617 31.4646 100.0000 stroke2
movl 0 -44.3387 407.2730 171.0037 -170.4921 17.9690 31.3753 100.0000 stroke2
movl 0 -44.4827 407.0063 171.1421 -170.5661 17.9751 31.2643 100.0000 stroke2
movl 0 -44.1734 406.3182 171.2712 -170.4998 17.9318 31.2553 100.0000 stroke2
movl 0 -43.6419 405.9655 171.4527 -170.3766 17.9835 31.1844 100.0000 stroke2
movl 0 -43.3329 405.9251 171.3415 -170.3192 18.0274 31.2315 100.0000 stroke2
movl 0 -43.5727 405.0652 171.7034 -170.2579 17.8571 31.3479 100.0000 stroke2
movl 0 -42.0327 403.7656 172.4073 -168.9123 17.4857 31.6249 100.0000 stroke2
movl 0 -43.8006 403.7949 172.2008 -169.7158 17.2938 31.7160 100.0000 stroke2
movl 0 -43.2579 403.4145 172.5898 -168.6212 17.0122 32.0776 100.0000 stroke2
movl 0 -40.5980 397.7806 181.2809 -161.5032 14.0889 35.5637 100.0000 stroke2
movl 0 -29.3100 391.5465 212.3177 -149.3073 -7.0674 65.7951 100.0000 stroke3
movl 0 -31.0384 388.4009 180.9683 -152.5056 -8.2739 66.4066 100.0000 stroke3
movl 0 -29.1070 391.5466 175.2990 -152.9564 -12.8025 70.0655 100.0000 stroke3
movl 0 -30.6508 394.5248 171.6635 -153.3419 -12.6823 71.1109 100.0000 stroke3
movl 0 -32.8998 397.3245 168.9704 -153.9709 -12.5883 71.1453 100.0000 stroke3
movl 0 -34.7205 401.0642 166.7262 -155.4634 -11.2390 70.1762 100.0000 stroke3
movl 0 -35.0361 403.3840 166.4449 -156.5902 -8.3054 66.2866 100.0000 stroke3
movl 0 -33.4999 405.2767 166.3203 -156.6775 -5.4635 63.0474 100.0000 stroke3
movl 0 -33.7416 405.3441 167.3709 -156.9571 -2.2678 59.6819 100.0000 stroke3
movl 0 -32.8921 405.6894 167.8611 -157.3476 0.2246 57.0570 100.0000 stroke3
movl 0 -32.3673 405.7041 168.5477 -158.0143 2.7499 54.2262 100.0000 stroke3
movl 0 -32.2267 406.3192 169.4245 -159.3421 5.7058 50.6943 100.0000 stroke3
movl 0 -32.4488 407.3451 170.3026 -161.4397 8.9282 46.3987 100.0000 stroke3
movl 0 -32.6174 409.1736 170.7851 -164.3515 12.3121 41.5414 100.0000 stroke3
movl 0 -33.0327 410.6856 171.3050 -167.6200 15.1621 36.3587 100.0000 stroke3
movl 0 -34.3287 412.4370 171.6547 -171.6478 17.3104 31.3999 100.0000 stroke3
movl 0 -35.5269 412.9851 171.9712 -174.3008 18.0751 28.1626 100.0000 stroke3
movl 0 -32.4351 409.8235 173.1012 -171.7135 17.9677 27.7918 100.0000 stroke3
movl 0 -34.1089 409.5943 173.2930 -173.5829 18.2004 26.5784 100.0000 stroke3
movl 0 -35.0954 409.4876 173.1350 -173.8396 18.0136 26.1722 100.0000 stroke3
movl 0 -33.1872 403.1668 176.8748 -168.6367 16.4462 28.0592 100.0000 stroke3
movl 0 -37.9785 384.9668 221.9362 -152.1559 6.5000 36.4095 100.0000 stroke3
movl 0 -47.2473 370.5524 196.2817 -148.7412 0.2423 48.0536 100.0000 stroke4
movl 0 -43.4886 370.7316 178.9615 -151.8519 1.6041 46.9171 100.0000 stroke4
movl 0 -44.7665 375.4213 174.3373 -153.9160 1.2754 46.5272 100.0000 stroke4
movl 0 -45.3925 375.8369 173.7218 -153.0976 0.5128 47.8334 100.0000 stroke4
movl 0 -47.2570 378.1012 171.5861 -153.3491 -0.6550 50.7833 100.0000 stroke4
movl 0 -48.2787 378.7381 170.5232 -153.8951 -1.4876 52.7340 100.0000 stroke4
movl 0 -50.7653 379.3684 170.0100 -155.6220 -2.3077 52.1431 100.0000 stroke4
movl 0 -53.8734 379.6742 170.1943 -157.2380 -2.7944 51.3854 100.0000 stroke4
movl 0 -55.0783 379.4340 170.2316 -157.7784 -3.4111 51.0844 100.0000 stroke4
movl 0 -53.4625 380.3179 170.2166 -158.1558 -3.5036 49.9633 100.0000 stroke4
movl 0 -51.0792 381.7751 169.9846 -158.4671 -3.3113 48.6405 100.0000 stroke4
movl 0 -49.3384 380.2093 170.6999 -157.2126 -3.3432 48.7955 100.0000 stroke4
movl 0 -49.0617 380.8189 170.9115 -157.6626 -2.8543 48.5475 100.0000 stroke4
movl 0 -48.0932 381.2634 171.0760 -158.1883 -2.0685 47.8594 100.0000 stroke4
movl 0 -47.0041 377.7078 173.2456 -154.5781 -0.5668 50.7672 100.0000 stroke4
movl 0 -38.7136 371.5036 210.9764 -147.2443 -1.7611 51.2873 100.0000 stroke4
movl 0 -35.8335 364.5639 222.0656 -147.6230 1.8894 51.9837 100.0000 stroke5
movl 0 -38.2102 368.5482 175.0019 -152.7126 2.5119 49.4819 100.0000 stroke5
movl 0 -39.7977 366.1605 176.3661 -152.3224 0.2272 49.6370 100.0000 stroke5
movl 0 -41.7184 368.7624 173.5713 -153.0057 1.5154 49.8049 100.0000 stroke5
movl 0 -42.6176 371.5344 171.4888 -153.4987 1.8279 50.2900 100.0000 stroke5
movl 0 -45.6388 373.1370 170.0200 -155.0119 1.0054 50.0609 100.0000 stroke5
movl 0 -49.7070 372.9804 170.0999 -157.0085 -0.0857 49.2714 100.0000 stroke5
movl 0 -52.4937 372.2549 170.4419 -157.6248 -1.0054 48.6846 100.0000 stroke5
movl 0 -51.5036 372.8944 170.3216 -158.2579 -1.3926 47.0820 100.0000 stroke5
movl 0 -47.2166 375.4866 169.8635 -158.8690 -0.9542 44.8765 100.0000 stroke5
movl 0 -46.7001 372.6950 171.1581 -157.2643 -1.1290 45.6100 100.0000 stroke5
movl 0 -46.6358 374.0926 170.8743 -158.5945 -0.4427 45.4620 100.0000 stroke5
movl 0 -47.1430 374.0775 170.8706 -158.5087 -0.1396 45.6447 100.0000 stroke5
movl 0 -46.2122 372.1646 173.3706 -156.7172 0.4056 46.2368 100.0000 stroke5
movl 0 -48.8248 369.7654 218.2371 -151.7421 0.4626 48.1752 100.0000 stroke5
movl 0 -43.1688 364.5788 212.2571 -149.9943 1.5726 49.0568 100.0000 stroke6
movl 0 -54.0057 361.5037 183.7598 -153.0039 2.3401 50.5190 100.0000 stroke6
movl 0 -60.1591 359.7942 180.2204 -153.4572 2.4366 51.6387 100.0000 stroke6
movl 0 -64.8411 358.0541 177.5799 -154.0864 0.9838 52.2515 100.0000 stroke6
movl 0 -65.6406 360.8376 175.2183 -155.4322 1.2185 52.9432 100.0000 stroke6
movl 0 -68.5749 362.2247 173.9250 -156.4007 0.5923 54.2743 100.0000 stroke6
movl 0 -66.5513 363.2197 173.6424 -156.0021 0.5921 55.6852 100.0000 stroke6
movl 0 -62.2729 362.5920 174.5492 -154.7520 0.3534 57.2394 100.0000 stroke6
movl 0 -65.1721 360.6113 174.7230 -154.9683 -0.7566 58.8323 100.0000 stroke6
movl 0 -65.3661 361.2971 174.2601 -155.2572 -0.7980 59.2716 100.0000 stroke6
movl 0 -65.8642 362.3555 173.4213 -155.6444 -0.6900 59.7279 100.0000 stroke6
movl 0 -66.3743 363.2565 173.0631 -155.9768 -0.5399 59.8069 100.0000 stroke6
movl 0 -67.8819 363.7095 172.4718 -156.2945 -0.4021 60.1344 100.0000 stroke6
movl 0 -69.3979 363.5886 172.0699 -156.3838 -0.3021 60.1297 100.0000 stroke6
movl 0 -70.5702 363.7531 171.4644 -157.3898 -0.6707 59.4697 100.0000 stroke6
movl 0 -72.6668 362.7911 171.1798 -158.5849 -1.4175 58.6672 100.0000 stroke6
movl 0 -73.6957 362.3531 171.1299 -159.1432 -1.7907 58.1645 100.0000 stroke6
movl 0 -74.4356 362.0889 171.4383 -160.1604 -1.5853 57.1470 100.0000 stroke6
movl 0 -76.0586 361.6274 171.6139 -160.3344 -2.2804 57.0462 100.0000 stroke6
movl 0 -76.2762 361.8875 171.4425 -160.5448 -2.6036 56.4844 100.0000 stroke6
movl 0 -74.8044 362.3800 171.7909 -160.6046 -2.6728 55.5412 100.0000 stroke6
movl 0 -73.2508 362.6194 172.0063 -160.8269 -2.8315 54.8165 100.0000 stroke6
movl 0 -71.6100 363.2249 172.0157 -161.0270 -2.6872 53.9625 100.0000 stroke6
movl 0 -69.4780 364.1560 172.2693 -161.3475 -2.4422 52.7611 100.0000 stroke6
movl 0 -66.9558 364.9283 172.4727 -161.5193 -2.2608 51.5148 100.0000 stroke6
movl 0 -65.1721 365.7925 172.8984 -162.0439 -2.1765 50.1589 100.0000 stroke6
movl 0 -63.0049 366.4135 173.3675 -162.3612 -2.1729 48.9698 100.0000 stroke6
movl 0 -60.9503 367.0181 173.5466 -162.7564 -2.1310 47.4109 100.0000 stroke6
movl 0 -59.9794 367.6724 173.6297 -163.3933 -2.3487 45.9062 100.0000 stroke6
movl 0 -59.2507 368.2925 173.8053 -164.0431 -2.5796 44.4554 100.0000 stroke6
movl 0 -58.4245 368.9004 174.1968 -164.7731 -2.9630 42.5157 100.0000 stroke6
movl 0 -59.3750 369.1692 174.3631 -165.7542 -3.7466 40.3116 100.0000 stroke6
movl 0 -60.0443 369.8762 174.2601 -166.6146 -4.4204 37.9181 100.0000 stroke6
movl 0 -59.3582 371.5257 174.0646 -167.4862 -4.6845 35.1464 100.0000 stroke6
movl 0 -59.5961 372.9248 173.7593 -168.2849 -5.1102 32.0531 100.0000 stroke6
movl 0 -59.0372 373.9983 173.5689 -168.7586 -5.2631 29.2098 100.0000 stroke6
movl 0 -58.0125 375.2308 173.3524 -169.1625 -5.2903 26.7423 100.0000 stroke6
movl 0 -58.9065 373.4162 173.9204 -168.5319 -5.4152 26.2866 100.0000 stroke6
movl 0 -56.8497 371.2001 175.3621 -166.9088 -5.0156 25.5185 100.0000 stroke6
movl 0 -56.1691 370.8827 175.8711 -166.5335 -4.8539 24.7339 100.0000 stroke6
movl 0 -55.7623 370.9704 176.0964 -166.6582 -4.5799 24.1318 100.0000 stroke6
movl 0 -56.4346 371.6374 175.9688 -167.5838 -4.0644 23.5146 100.0000 stroke6
movl 0 -56.7544 372.2839 176.0089 -168.3977 -3.7271 22.3757 100.0000 stroke6
movl 0 -56.4856 372.7289 176.0682 -168.9389 -3.3392 21.5721 100.0000 stroke6
movl 0 -55.7567 372.3550 176.5217 -169.0025 -3.1166 21.1651 100.0000 stroke6
movl 0 -54.8380 372.1915 176.9782 -169.0475 -2.8373 20.8124 100.0000 stroke6
movl 0 -54.0417 371.5092 177.5286 -169.0351 -2.5946 20.5049 100.0000 stroke6
movl 0 -53.4685 371.0876 177.9592 -169.0479 -2.4393 20.1956 100.0000 stroke6
movl 0 -52.6530 370.6597 178.3685 -168.9839 -2.1682 19.8305 100.0000 stroke6
movl 0 -51.8191 369.2758 178.9324 -168.5083 -2.2915 20.0017 100.0000 stroke6
movl 0 -50.0412 368.7246 179.4090 -167.7219 -1.1164 20.8293 100.0000 stroke6
movl 0 -49.6108 367.7828 179.5364 -166.7340 -0.3488 22.1652 100.0000 stroke6
movl 0 -49.4102 366.9473 179.8080 -166.0143 -0.1854 22.9111 100.0000 stroke6
movl 0 -49.2286 364.8124 180.7019 -164.7406 0.0909 24.1472 100.0000 stroke6
movl 0 -49.5710 361.4599 182.6781 -163.0200 0.1448 24.9993 100.0000 stroke6
movl 0 -49.8521 358.0655 188.2717 -160.2530 0.3230 26.4474 100.0000 stroke6
movl 0 -48.2558 358.7402 208.6774 -156.6072 2.6077 26.7330 100.0000 stroke6
movl 0 -51.0487 373.5179 222.0781 -150.7938 6.3194 57.0937 100.0000 stroke7
movl 0 -48.8251 369.8288 187.2106 -154.1410 5.4184 53.4934 100.0000 stroke7
movl 0 -47.7693 364.8306 181.8151 -155.4811 3.0911 51.3102 100.0000 stroke7
movl 0 -49.3838 363.4481 177.7610 -156.8135 1.7800 51.9341 100.0000 stroke7
movl 0 -48.7382 366.6052 175.5045 -157.5387 2.0936 51.9039 100.0000 stroke7
movl 0 -48.8886 368.3461 174.2005 -157.7979 2.6128 51.4989 100.0000 stroke7
movl 0 -51.1482 371.2690 172.2933 -159.4635 3.3353 51.4283 100.0000 stroke7
movl 0 -50.4513 373.3521 171.6121 -160.5584 4.6018 50.5770 100.0000 stroke7
movl 0 -49.5004 373.8682 171.6057 -160.6691 5.0932 50.4119 100.0000 stroke7
movl 0 -48.9368 374.4771 171.3620 -160.7448 5.4256 50.6964 100.0000 stroke7
movl 0 -49.6068 374.6386 171.0027 -160.6786 6.1391 51.2138 100.0000 stroke7
movl 0 -49.4809 375.1481 170.8880 -160.8526 6.5527 51.0217 100.0000 stroke7
movl 0 -49.8849 375.0831 170.8731 -161.1792 7.0008 50.8062 100.0000 stroke7
movl 0 -50.5502 375.2679 170.8613 -161.5323 7.5312 50.6909 100.0000 stroke7
movl 0 -50.8760 375.2356 171.0143 -161.7455 8.0297 50.6221 100.0000 stroke7
movl 0 -51.6287 375.1293 171.2852 -162.1975 8.6122 50.2853 100.0000 stroke7
movl 0 -52.5559 374.7559 171.5672 -162.6068 9.0579 50.0525 100.0000 stroke7
movl 0 -53.6350 374.1408 171.9027 -162.7967 9.4342 50.3247 100.0000 stroke7
movl 0 -54.5373 373.9303 172.1321 -163.1191 9.8955 50.4317 100.0000 stroke7
movl 0 -55.8193 373.3679 172.4204 -163.2554 10.1647 50.8821 100.0000 stroke7
movl 0 -57.4001 372.5856 172.8548 -163.2408 10.3939 51.7405 100.0000 stroke7
movl 0 -58.8152 372.2617 172.8585 -163.2555 10.7788 52.7320 100.0000 stroke7
movl 0 -60.7415 371.8851 172.6575 -163.3248 11.1017 53.6139 100.0000 stroke7
movl 0 -62.6272 371.2919 172.5688 -163.3086 11.2943 54.3843 100.0000 stroke7
movl 0 -63.8460 370.7908 172.5664 -163.1707 11.4000 54.9976 100.0000 stroke7
movl 0 -64.7675 370.3390 172.7415 -163.0320 11.4465 55.3454 100.0000 stroke7
movl 0 -65.5197 369.8476 173.0914 -162.8897 11.4974 55.4444 100.0000 stroke7
movl 0 -66.2017 369.5060 173.3390 -162.7209 11.4845 55.5911 100.0000 stroke7
movl 0 -66.2792 369.3825 173.7121 -162.5771 11.5410 55.4779 100.0000 stroke7
movl 0 -66.2555 369.2481 174.0152 -162.3381 11.5744 55.4831 100.0000 stroke7
movl 0 -66.5388 369.2738 174.1911 -162.3202 11.6450 55.3227 100.0000 stroke7
movl 0 -67.0212 369.0561 174.5017 -162.1517 11.6476 55.3849 100.0000 stroke7
movl 0 -67.3928 368.8075 174.8279 -161.9828 11.6089 55.3835 100.0000 stroke7
movl 0 -67.3129 368.6187 175.3534 -161.6572 11.7875 55.3870 100.0000 stroke7
movl 0 -63.9013 367.5243 179.5443 -158.3722 12.6638 56.2379 100.0000 stroke7
movl 0 -63.4214 364.0606 208.7564 -151.8188 9.6601 56.9917 100.0000 stroke7
movl 0 -32.8593 362.5644 202.8749 -154.3148 -3.2074 63.8887 100.0000 stroke8
movl 0 -36.8808 360.2357 184.3306 -157.3639 -2.4281 63.3191 100.0000 stroke8
movl 0 -41.2144 361.3323 181.7770 -158.5880 -2.9432 63.7840 100.0000 stroke8
movl 0 -43.0149 363.1978 180.3131 -159.5289 -3.1842 63.5853 100.0000 stroke8
movl 0 -46.1861 364.3029 178.8049 -160.3919 -3.5738 64.1798 100.0000 stroke8
movl 0 -49.3956 365.2365 177.7582 -161.7704 -4.0249 64.0490 100.0000 stroke8
movl 0 -51.7948 365.6067 177.3133 -163.3334 -4.4674 63.3394 100.0000 stroke8
movl 0 -52.2383 365.8615 177.7349 -163.9347 -4.3169 62.7332 100.0000 stroke8
movl 0 -52.6132 366.5432 177.7564 -164.8181 -3.6631 61.9453 100.0000 stroke8
movl 0 -53.3377 367.1070 178.0532 -166.1246 -2.9578 60.4801 100.0000 stroke8
movl 0 -54.9722 368.0830 178.4149 -168.2189 -2.4159 58.3422 100.0000 stroke8
movl 0 -57.2764 370.1151 178.3886 -170.8621 -1.7114 55.5516 100.0000 stroke8
movl 0 -59.3620 372.3356 178.2263 -173.3959 -1.2041 52.1184 100.0000 stroke8
movl 0 -60.9901 374.4435 177.8860 -175.6295 -0.9500 48.7990 100.0000 stroke8
movl 0 -63.2637 377.2117 177.3074 -178.3312 -0.9171 45.4787 100.0000 stroke8
movl 0 -64.7979 379.0095 176.6165 -179.9722 -1.0600 42.6770 100.0000 stroke8
movl 0 -66.7545 380.7777 175.5585 178.2674 -1.5556 39.6612 100.0000 stroke8
movl 0 -69.0126 380.3613 175.6843 177.7898 -2.1346 37.1792 100.0000 stroke8
movl 0 -68.3936 380.9257 175.7828 177.8486 -2.2698 35.3024 100.0000 stroke8
movl 0 -65.0298 382.5461 175.9657 177.8974 -1.9625 33.9935 100.0000 stroke8
movl 0 -64.3247 381.9488 176.5049 178.1424 -1.8364 33.9399 100.0000 stroke8
movl 0 -64.4958 380.3275 177.4790 178.5664 -1.5840 34.2062 100.0000 stroke8
movl 0 -63.4744 381.6133 177.4649 178.5845 -1.7226 32.6626 100.0000 stroke8
movl 0 -62.1437 382.4742 177.5246 178.5485 -1.5692 31.2433 100.0000 stroke8
movl 0 -62.1287 381.0994 178.8060 179.0622 -0.3435 30.9663 100.0000 stroke8
movl 0 -63.8088 380.9538 178.8398 178.9107 -0.7081 29.2743 100.0000 stroke8
movl 0 -60.6414 382.9873 177.6572 178.3874 -1.2801 26.9237 100.0000 stroke8
movl 0 -56.3322 383.5263 178.2932 178.6815 -0.6710 26.1793 100.0000 stroke8
movl 0 -57.1513 381.3045 179.8518 179.4409 -0.0777 27.2424 100.0000 stroke8
movl 0 -53.5679 382.9370 179.2911 179.1204 -0.2119 25.8938 100.0000 stroke8
movl 0 -50.5300 383.1472 179.7287 179.1832 0.2772 25.5524 100.0000 stroke8
movl 0 -50.7862 382.5683 180.3178 179.3573 0.3725 25.6216 100.0000 stroke8
movl 0 -45.0536 383.6013 181.0080 179.4768 0.9266 24.6947 100.0000 stroke8
movl 0 -45.5403 382.3800 181.9664 179.7845 1.0616 24.8626 100.0000 stroke8
movl 0 -40.8267 383.2676 182.6750 179.9949 1.9363 24.4020 100.0000 stroke8
movl 0 -43.8147 382.0153 183.0489 -179.8347 1.5680 24.7400 100.0000 stroke8
movl 0 -39.3444 382.2596 183.4752 -179.6016 1.8728 24.1803 100.0000 stroke8
movl 0 -39.0750 381.4030 184.2751 -179.3068 1.9825 24.1502 100.0000 stroke8
movl 0 -36.3490 380.7294 185.4352 -178.8044 2.3586 24.0044 100.0000 stroke8
movl 0 -21.4584 369.9307 200.4779 -173.7079 5.2406 25.2069 100.0000 stroke8
movl 0 -24.3885 359.3273 192.9137 -147.0689 0.9958 64.3857 100.0000 stroke9
movl 0 -37.9041 346.3950 178.5353 -153.5129 -2.5061 62.4103 100.0000 stroke9
movl 0 -44.3168 343.5290 175.5161 -156.9515 -4.5165 62.7665 100.0000 stroke9
movl 0 -49.1042 340.4973 174.6870 -157.4386 -6.8339 66.0455 100.0000 stroke9
movl 0 -50.4049 342.5686 173.2607 -157.7855 -6.7347 67.8608 100.0000 stroke9
movl 0 -52.2446 343.9685 172.4002 -158.7196 -6.2686 67.7672 100.0000 stroke9
movl 0 -55.3059 345.0189 172.0334 -160.5197 -5.8953 66.7714 100.0000 stroke9
movl 0 -56.6010 345.0446 172.0655 -161.2961 -5.4901 65.5369 100.0000 stroke9
movl 0 -57.8531 345.2054 172.2863 -161.7794 -5.7656 64.5237 100.0000 stroke9
movl 0 -58.2738 345.5784 172.3309 -162.2794 -5.9793 63.1549 100.0000 stroke9
movl 0 -57.3313 346.6594 172.3851 -163.0691 -6.1768 60.9568 100.0000 stroke9
movl 0 -57.2526 347.8069 172.2057 -164.1394 -6.2844 58.3727 100.0000 stroke9
movl 0 -56.6045 348.5401 172.0872 -164.9048 -6.4991 56.1720 100.0000 stroke9
movl 0 -55.6798 347.1563 172.8623 -164.0528 -6.3612 56.2621 100.0000 stroke9
movl 0 -53.5356 345.7082 174.1282 -162.7668 -6.4976 56.1063 100.0000 stroke9
movl 0 -52.9593 345.6512 174.4196 -162.4948 -6.4806 55.8090 100.0000 stroke9
movl 0 -53.1408 345.2867 174.4909 -162.4364 -6.5798 55.7798 100.0000 stroke9
movl 0 -52.6062 345.2614 174.6525 -162.2292 -6.5749 55.7322 100.0000 stroke9
movl 0 -52.2866 345.6697 174.4974 -162.2377 -6.4052 55.7790 100.0000 stroke9
movl 0 -52.6677 346.6065 174.1632 -163.1663 -5.6573 55.6713 100.0000 stroke9
movl 0 -52.2142 347.2732 174.1746 -163.9609 -4.7299 55.1084 100.0000 stroke9
movl 0 -51.5932 347.3594 174.0261 -163.4647 -4.0562 55.9587 100.0000 stroke9
movl 0 -48.7839 345.4902 175.0676 -159.8908 -2.8588 58.7166 100.0000 stroke9
movl 0 -36.5709 340.8694 192.1915 -148.5340 -6.7404 61.1883 100.0000 stroke9
movl 0 -11.2992 385.8081 223.5363 -145.7335 -16.5040 95.4841 100.0000 stroke10
movl 0 -20.8669 373.1278 192.9578 -151.7925 -10.4025 94.7705 100.0000 stroke10
movl 0 -26.6551 367.1246 175.6755 -156.5089 -13.0040 95.9526 100.0000 stroke10
movl 0 -24.4813 365.6156 174.3993 -156.8996 -14.4609 96.1542 100.0000 stroke10
movl 0 -25.2703 368.4357 171.4875 -157.8463 -14.1293 96.8623 100.0000 stroke10
movl 0 -25.7567 370.1457 169.6788 -158.1710 -14.2344 98.2282 100.0000 stroke10
movl 0 -26.4104 371.0324 168.9201 -158.3490 -14.1537 98.9363 100.0000 stroke10
movl 0 -27.3995 373.7447 167.4172 -158.7654 -12.2467 98.7216 100.0000 stroke10
movl 0 -26.8855 374.5994 166.9192 -158.6839 -11.0043 97.4735 100.0000 stroke10
movl 0 -25.9954 375.8485 166.6361 -158.5250 -9.9274 95.9384 100.0000 stroke10
movl 0 -26.7975 376.6580 166.5248 -158.4594 -8.6489 95.0492 100.0000 stroke10
movl 0 -28.2057 376.6646 166.6710 -158.2994 -7.1728 93.4292 100.0000 stroke10
movl 0 -29.0117 376.8244 166.8979 -158.3182 -5.8609 91.4585 100.0000 stroke10
movl 0 -29.5178 376.8449 167.3052 -158.3809 -4.7107 89.8723 100.0000 stroke10
movl 0 -29.9165 376.7847 167.6764 -158.4116 -3.6557 88.4594 100.0000 stroke10
movl 0 -30.2667 376.9680 168.0018 -158.4824 -2.4801 87.1732 100.0000 stroke10
movl 0 -30.7527 376.8927 168.4001 -158.6486 -1.3086 85.7852 100.0000 stroke10
movl 0 -31.0285 377.1678 168.9217 -158.7510 0.1855 84.2020 100.0000 stroke10
movl 0 -31.3936 377.3593 169.3590 -158.8184 1.7116 82.6278 100.0000 stroke10
movl 0 -31.7863 377.6061 169.5397 -159.0813 3.3354 81.1146 100.0000 stroke10
movl 0 -32.0246 378.0251 169.6411 -159.4765 4.8496 79.5254 100.0000 stroke10
movl 0 -32.7524 378.2183 169.6966 -160.0415 6.3919 78.3347 100.0000 stroke10
movl 0 -32.9698 377.7308 169.9665 -160.1852 6.7331 77.7634 100.0000 stroke10
movl 0 -30.8177 376.3750 170.8796 -159.4809 5.9967 76.2084 100.0000 stroke10
movl 0 -32.7531 375.8481 170.9403 -160.2972 6.6347 75.5886 100.0000 stroke10
movl 0 -32.1154 375.5396 171.1996 -160.1892 6.5560 74.6377 100.0000 stroke10
movl 0 -32.6256 374.5972 171.7797 -160.1604 6.1872 73.6511 100.0000 stroke10
movl 0 -32.7389 373.7201 172.1183 -160.0275 5.6037 73.4166 100.0000 stroke10
movl 0 -32.8450 372.7434 172.7058 -159.8210 5.0195 73.2822 100.0000 stroke10
movl 0 -33.0456 371.5590 173.3701 -159.6660 4.3512 73.0268 100.0000 stroke10
movl 0 -33.6506 371.2183 173.5502 -159.8019 3.9857 73.0233 100.0000 stroke10
movl 0 -33.8896 370.9725 173.6181 -160.0147 3.7748 73.1097 100.0000 stroke10
movl 0 -34.7180 371.5078 173.3465 -160.5822 4.5952 72.9543 100.0000 stroke10
movl 0 -35.2511 371.4295 173.1299 -160.8106 4.7025 72.7927 100.0000 stroke10
movl 0 -34.0156 370.1965 174.0740 -159.9104 3.5886 72.0958 100.0000 stroke10
movl 0 -32.6315 362.7182 189.7300 -156.3529 -3.1270 71.4316 100.0000 stroke10
movl 0 -21.4018 356.5286 239.7668 -152.1339 -11.8821 78.0830 100.0000 stroke11
movl 0 -23.6770 355.1978 193.5917 -153.5833 -7.4124 81.7774 100.0000 stroke11
movl 0 -31.7241 348.8584 184.1644 -155.1266 -8.3663 83.0898 100.0000 stroke11
movl 0 -37.4818 347.3035 183.6419 -156.3433 -8.8547 83.2087 100.0000 stroke11
movl 0 -41.3975 345.7268 182.8564 -157.5399 -8.8965 83.0185 100.0000 stroke11
movl 0 -45.5593 344.4604 182.1247 -158.6298 -8.6261 82.7650 100.0000 stroke11
movl 0 -48.3467 344.4704 181.0980 -158.9309 -8.3198 83.5846 100.0000 stroke11
movl 0 -52.3720 344.9569 179.5019 -159.9345 -7.6627 83.6854 100.0000 stroke11
movl 0 -54.5740 345.4436 178.4473 -160.5492 -7.2358 83.3628 100.0000 stroke11
movl 0 -55.6338 345.9404 177.9327 -160.5408 -6.8222 83.0895 100.0000 stroke11
movl 0 -57.5475 347.0366 176.9703 -161.0737 -6.2394 82.7243 100.0000 stroke11
movl 0 -59.8726 347.8363 176.2550 -162.4629 -5.5442 81.5161 100.0000 stroke11
movl 0 -61.4860 347.6997 176.1536 -163.3354 -5.1764 80.4979 100.0000 stroke11
movl 0 -62.0234 348.0010 176.1437 -163.8914 -4.3701 79.2186 100.0000 stroke11
movl 0 -62.9003 347.8650 176.4191 -164.0981 -4.4590 78.1297 100.0000 stroke11
movl 0 -63.1493 348.1082 176.4114 -164.5459 -4.5486 77.0251 100.0000 stroke11
movl 0 -62.3411 348.5421 176.5035 -165.1089 -4.4914 75.6665 100.0000 stroke11
movl 0 -61.3798 349.1422 176.8113 -165.7219 -4.3939 74.0297 100.0000 stroke11
movl 0 -60.9079 349.2713 177.1341 -166.4875 -4.5179 72.2801 100.0000 stroke11
movl 0 -60.2173 349.9274 177.3695 -167.2443 -4.3441 70.1691 100.0000 stroke11
movl 0 -60.0629 350.7695 177.4984 -168.2810 -4.2893 67.9119 100.0000 stroke11
movl 0 -60.0560 351.3889 177.4591 -169.2284 -4.2505 65.6960 100.0000 stroke11
movl 0 -60.6826 351.9113 177.2235 -170.2478 -4.3796 63.5252 100.0000 stroke11
movl 0 -61.0833 352.2208 177.0357 -171.1517 -4.5783 61.4547 100.0000 stroke11
movl 0 -60.7488 353.0205 176.5535 -171.8860 -4.5964 59.8867 100.0000 stroke11
movl 0 -60.1353 352.1064 177.2551 -171.2912 -4.5755 59.8655 100.0000 stroke11
movl 0 -56.9967 351.0117 178.4527 -169.6637 -4.6404 59.7802 100.0000 stroke11
movl 0 -56.1612 350.8977 178.8322 -169.3892 -4.6905 59.5812 100.0000 stroke11
movl 0 -55.4099 350.8100 179.2519 -169.1594 -4.6998 59.3875 100.0000 stroke11
movl 0 -54.5575 350.6145 179.6485 -168.8789 -4.7108 59.2197 100.0000 stroke11
movl 0 -54.1506 350.5528 179.9192 -168.7352 -4.6583 59.2023 100.0000 stroke11
movl 0 -53.9854 350.6936 179.9829 -168.7971 -4.5142 59.1062 100.0000 stroke11
movl 0 -54.5985 351.2730 179.7594 -169.3837 -3.9826 58.8295 100.0000 stroke11
movl 0 -54.7541 351.7798 179.7566 -169.9158 -3.4449 58.4309 100.0000 stroke11
movl 0 -55.0067 352.1267 179.6150 -170.3136 -3.0640 58.0925 100.0000 stroke11
movl 0 -54.9890 352.6344 179.5214 -170.6934 -2.5996 57.8482 100.0000 stroke11
movl 0 -54.9064 352.6720 179.4488 -170.8913 -2.3982 57.8332 100.0000 stroke11
movl 0 -54.2661 352.5216 179.4503 -170.9123 -2.1726 58.0633 100.0000 stroke11
movl 0 -53.3408 352.2105 179.5210 -170.5782 -2.1405 58.1796 100.0000 stroke11
movl 0 -52.1894 351.1725 180.0716 -168.9220 -2.5562 59.8081 100.0000 stroke11
movl 0 -51.7739 350.2623 180.3847 -167.7635 -3.0293 61.0101 100.0000 stroke11
movl 0 -52.1894 349.9655 180.6129 -167.2607 -3.2114 61.5966 100.0000 stroke11
movl 0 -52.9187 349.7888 180.7827 -166.9940 -3.3937 61.9733 100.0000 stroke11
movl 0 -53.3263 349.4599 181.0473 -166.6497 -3.6079 62.3296 100.0000 stroke11
movl 0 -54.3324 349.3005 181.3044 -166.5486 -3.5970 62.5946 100.0000 stroke11
movl 0 -53.7414 349.4940 181.6578 -166.2390 -3.3300 62.7350 100.0000 stroke11
movl 0 -53.3925 349.7387 181.4912 -166.4026 -3.2199 62.5587 100.0000 stroke11
movl 0 -51.9098 348.6648 182.6960 -165.9572 -3.3814 62.6933 100.0000 stroke11
movl 0 -50.0251 344.9318 193.7059 -164.5419 -5.3816 62.7973 100.0000 stroke11
movl 0 -42.2116 336.9520 242.3930 -160.5660 -10.6669 62.0900 100.0000 stroke11
