movl 0 11.2315 405.8115 201.4477 138.3630 21.6604 -96.1102 100.0000 stroke1
movl 0 7.8871 396.5394 168.5522 140.4308 17.8042 -97.0322 100.0000 stroke1
movl 0 -2.0989 398.6974 170.1121 143.7562 15.0600 -97.1578 100.0000 stroke1
movl 0 -12.9327 397.0342 170.2313 147.8638 14.4861 -96.4226 100.0000 stroke1
movl 0 -17.8623 398.9604 168.1626 151.6682 17.7190 -88.4923 100.0000 stroke1
movl 0 -20.8377 398.9040 167.8088 154.8789 20.7720 -81.6820 100.0000 stroke1
movl 0 -23.9186 398.1486 168.2003 157.3568 21.8256 -77.6365 100.0000 stroke1
movl 0 -26.5933 398.2441 168.6036 158.7185 21.2106 -76.2694 100.0000 stroke1
movl 0 -28.5799 398.9615 168.2532 159.3000 20.8867 -76.4580 100.0000 stroke1
movl 0 -29.9641 399.5365 167.9246 159.4858 20.5481 -76.8178 100.0000 stroke1
movl 0 -32.1811 401.4250 167.3383 159.9956 19.1330 -77.4240 100.0000 stroke1
movl 0 -33.1597 403.9635 167.0618 160.2060 16.4172 -78.8481 100.0000 stroke1
movl 0 -33.9012 405.5389 166.9652 160.5243 14.5770 -80.5933 100.0000 stroke1
movl 0 -33.2119 408.1048 166.1887 160.3434 12.5653 -82.5917 100.0000 stroke1
movl 0 -32.7414 410.0858 165.6449 159.4452 10.8683 -83.6319 100.0000 stroke1
movl 0 -33.0715 411.0524 165.6205 158.7199 9.1474 -85.1314 100.0000 stroke1
movl 0 -33.3498 411.2649 166.0879 158.4857 7.6732 -87.0600 100.0000 stroke1
movl 0 -33.7206 411.6616 166.6023 158.2490 6.0384 -88.9901 100.0000 stroke1
movl 0 -33.7786 411.8747 167.1547 158.0312 4.6787 -90.5610 100.0000 stroke1
movl 0 -33.9897 412.0493 167.7341 157.8338 3.3309 -91.7239 100.0000 stroke1
movl 0 -34.3935 412.7915 168.0302 157.8229 1.7981 -93.0487 100.0000 stroke1
movl 0 -34.4834 413.5763 168.3488 157.6966 0.1829 -94.0612 100.0000 stroke1
movl 0 -34.9875 414.6135 168.5531 158.0014 -1.5694 -95.1609 100.0000 stroke1
movl 0 -35.5309 416.0086 168.5794 158.3376 -3.5327 -96.2306 100.0000 stroke1
movl 0 -36.1511 417.4175 168.6804 158.9252 -5.6601 -97.7214 100.0000 stroke1
movl 0 -36.9225 418.5270 168.8119 159.6859 -7.4636 -99.0114 100.0000 stroke1
movl 0 -37.6969 419.6498 168.8746 160.4219 -9.1593 -100.0746 100.0000 stroke1
movl 0 -38.5291 421.1165 168.7478 161.2617 -11.1109 -101.1435 100.0000 stroke1
movl 0 -39.3435 422.6671 168.2592 161.9348 -12.9906 -101.8211 100.0000 stroke1
movl 0 -40.8279 424.3813 167.6373 162.8986 -14.9334 -102.4021 100.0000 stroke1
movl 0 -37.8205 419.5655 170.1341 161.4342 -11.6754 -102.1667 100.0000 stroke1
movl 0 -37.2172 418.9362 170.2655 161.2756 -11.4531 -101.9343 100.0000 stroke1
movl 0 -39.4679 419.3731 170.3682 162.2916 -12.7500 -101.9411 100.0000 stroke1
movl 0 -39.7164 417.4966 171.3104 162.1551 -11.2722 -101.9672 100.0000 stroke1
movl 0 -40.4083 413.4495 173.2940 161.7463 -8.2834 -101.5495 100.0000 stroke1
movl 0 -38.5035 402.1078 181.0453 159.2713 -1.4412 -101.4312 100.0000 stroke1
movl 0 -40.7780 382.7524 221.5629 154.8812 13.0961 -100.3926 100.0000 stroke1
movl 0 -60.8192 363.9193 213.1983 159.2596 23.0362 -87.5653 100.0000 stroke2
movl 0 -63.2943 364.9566 182.4503 161.5876 18.8118 -85.4040 100.0000 stroke2
movl 0 -72.1520 364.3626 181.5398 165.3743 18.4559 -84.0691 100.0000 stroke2
movl 0 -74.9228 364.8561 179.8760 166.7902 18.2189 -82.4116 100.0000 stroke2
movl 0 -78.0377 365.1525 178.9647 167.7990 17.9915 -81.3395 100.0000 stroke2
movl 0 -81.1521 366.8682 177.8070 168.7571 17.4023 -81.2537 100.0000 stroke2
movl 0 -84.5098 368.5866 176.6745 170.2975 16.4590 -82.0434 100.0000 stroke2
movl 0 -87.4059 369.8176 176.0709 171.4967 15.3444 -82.7427 100.0000 stroke2
movl 0 -90.1654 370.7964 175.7489 172.8122 13.9161 -83.3222 100.0000 stroke2
movl 0 -92.7210 371.9370 175.7069 173.9706 12.1351 -84.5209 100.0000 stroke2
movl 0 -95.0416 372.0254 175.8108 174.8591 12.2248 -85.3369 100.0000 stroke2
movl 0 -95.5037 373.0001 175.6508 175.2845 12.3512 -86.2308 100.0000 stroke2
movl 0 -94.2861 374.0225 175.6950 175.3620 12.5068 -87.2024 100.0000 stroke2
movl 0 -93.1079 374.6396 175.9367 175.4710 12.5903 -88.0340 100.0000 stroke2
movl 0 -91.6190 374.8438 176.4093 175.5612 12.9287 -89.0517 100.0000 stroke2
movl 0 -90.1300 375.4938 176.6857 175.6488 13.0505 -90.2233 100.0000 stroke2
movl 0 -88.3908 376.0662 177.1279 175.6000 13.2691 -91.6584 100.0000 stroke2
movl 0 -86.4364 376.7545 177.5667 175.4885 13.5018 -93.1642 100.0000 stroke2
movl 0 -85.3533 376.3449 178.0620 175.4208 14.0641 -94.0671 100.0000 stroke2
movl 0 -85.1191 375.9752 178.2578 175.2394 14.2261 -93.9186 100.0000 stroke2
movl 0 -83.5465 372.0007 180.2349 173.8907 15.5427 -93.1852 100.0000 stroke2
movl 0 -82.2875 358.2636 193.2348 171.9521 20.1826 -92.2436 100.0000 stroke2
movl 0 -64.0358 347.3097 212.1259 166.1896 24.1743 -72.4541 100.0000 stroke3
movl 0 -64.2080 351.9781 187.6951 166.6190 18.2610 -74.0521 100.0000 stroke3
movl 0 -70.3990 349.9265 182.6452 168.4123 17.3982 -74.3120 100.0000 stroke3
movl 0 -74.0165 350.4681 180.5731 169.6586 17.0296 -73.7407 100.0000 stroke3
movl 0 -76.6230 350.5346 179.5546 170.2946 16.6910 -73.2803 100.0000 stroke3
movl 0 -80.1462 351.9221 178.3365 171.5808 15.7823 -72.4601 100.0000 stroke3
movl 0 -83.8066 352.4181 177.7077 173.3175 14.4729 -72.5615 100.0000 stroke3
movl 0 -87.8325 353.1374 176.9150 174.8780 13.1666 -72.8490 100.0000 stroke3
movl 0 -91.3585 353.4568 176.3072 176.4177 12.0282 -72.6193 100.0000 stroke3
movl 0 -94.1142 354.0784 175.8054 177.4113 10.7415 -72.9310 100.0000 stroke3
movl 0 -96.8085 354.6283 175.2801 178.3942 9.4689 -74.3228 100.0000 stroke3
movl 0 -99.6801 352.9498 175.3122 179.6463 10.2384 -73.6774 100.0000 stroke3
movl 0 -100.7487 352.9572 175.3107 -179.3910 11.7700 -74.4667 100.0000 stroke3
movl 0 -99.8640 353.5063 175.0711 -179.2918 12.1834 -75.2772 100.0000 stroke3
movl 0 -99.4685 352.3944 175.3352 -179.6505 11.7281 -73.7507 100.0000 stroke3
movl 0 -99.0350 354.4672 175.0189 -179.1788 12.1183 -75.6031 100.0000 stroke3
movl 0 -96.8822 355.8207 175.0797 -178.9165 12.5154 -77.1997 100.0000 stroke3
movl 0 -96.2179 352.9968 176.1227 -179.6154 12.3314 -74.5432 100.0000 stroke3
movl 0 -95.3332 355.0482 175.8331 -179.3081 12.4383 -76.0759 100.0000 stroke3
movl 0 -93.2205 356.3678 176.1913 -178.8793 13.2400 -78.9017 100.0000 stroke3
movl 0 -92.8852 354.1232 176.9073 -179.2881 13.3460 -77.4359 100.0000 stroke3
movl 0 -92.5842 355.3822 176.6016 -179.1441 13.2307 -77.9382 100.0000 stroke3
movl 0 -91.6321 356.9177 176.5254 -178.4358 13.8474 -80.2333 100.0000 stroke3
movl 0 -90.6736 356.3708 176.9058 -178.6907 13.9045 -80.2759 100.0000 stroke3
movl 0 -90.6901 356.2432 176.8437 -178.5564 14.2291 -80.2049 100.0000 stroke3
movl 0 -89.5237 357.6798 176.7903 -178.2607 14.6352 -81.7558 100.0000 stroke3
movl 0 -89.1586 357.1397 177.0807 -178.0677 15.1817 -82.2132 100.0000 stroke3
movl 0 -88.6482 356.8842 177.3236 -177.9800 15.5935 -82.6178 100.0000 stroke3
movl 0 -88.3176 356.6717 177.5419 -177.9392 15.9596 -82.8958 100.0000 stroke3
movl 0 -87.9494 356.3345 177.7604 -177.9534 16.3263 -83.0406 100.0000 stroke3
movl 0 -87.8475 356.2423 177.8226 -177.8718 16.4193 -83.2029 100.0000 stroke3
movl 0 -87.1772 355.6843 178.1753 -177.9663 16.8259 -83.3105 100.0000 stroke3
movl 0 -86.7480 355.0894 178.4717 -178.1866 17.0180 -83.2610 100.0000 stroke3
movl 0 -86.4061 354.4095 178.7725 -178.3428 17.2788 -83.1874 100.0000 stroke3
movl 0 -86.2318 353.6512 179.0266 -178.4501 17.5553 -83.0042 100.0000 stroke3
movl 0 -86.3533 353.4459 179.0450 -178.4449 17.6027 -82.9780 100.0000 stroke3
movl 0 -86.5168 352.8684 179.2125 -178.4449 17.7682 -82.8645 100.0000 stroke3
movl 0 -86.2841 352.4812 179.3627 -178.5700 17.8727 -82.8224 100.0000 stroke3
movl 0 -86.8346 351.5665 179.5366 -178.4116 18.0998 -82.7834 100.0000 stroke3
movl 0 -85.0136 347.4182 181.3212 -179.3918 19.4293 -82.9695 100.0000 stroke3
movl 0 -72.7534 327.7066 207.2019 172.5091 27.9003 -85.8505 100.0000 stroke3
movl 0 -10.6297 361.0441 201.7721 165.1797 33.1085 -68.7681 100.0000 stroke4
movl 0 -15.3447 354.9039 176.5308 166.4394 28.9061 -72.0698 100.0000 stroke4
movl 0 -28.8233 353.9422 173.1899 171.9633 27.6634 -69.4347 100.0000 stroke4
movl 0 -34.0001 350.2623 173.2244 174.7622 28.1565 -68.2506 100.0000 stroke4
movl 0 -34.9152 352.6436 172.3515 174.9043 27.4788 -69.1698 100.0000 stroke4
movl 0 -36.4482 355.3095 171.4742 175.2811 26.3948 -69.5623 100.0000 stroke4
movl 0 -39.1650 357.2691 170.9935 176.4237 24.7928 -69.0754 100.0000 stroke4
movl 0 -42.7125 358.0758 170.6651 178.0835 23.8402 -69.2612 100.0000 stroke4
movl 0 -45.6171 358.3789 170.3989 179.3020 23.1505 -69.3202 100.0000 stroke4
movl 0 -49.1093 358.2926 170.3565 -179.1840 22.2163 -69.4672 100.0000 stroke4
movl 0 -51.8689 358.6971 169.9930 -177.9285 21.9186 -69.9246 100.0000 stroke4
movl 0 -53.1907 359.4397 169.5995 -177.0989 21.5317 -70.7979 100.0000 stroke4
movl 0 -54.5409 360.0489 169.2437 -176.3639 21.2811 -71.6287 100.0000 stroke4
movl 0 -55.4047 361.7438 168.5810 -175.7733 20.8203 -72.9115 100.0000 stroke4
movl 0 -56.5937 363.1488 167.8900 -175.0613 20.4297 -74.1985 100.0000 stroke4
movl 0 -57.1028 364.5275 167.4040 -174.5795 20.3926 -76.1777 100.0000 stroke4
movl 0 -57.2980 365.1040 167.0450 -174.2248 20.5365 -77.2720 100.0000 stroke4
movl 0 -57.3427 361.8692 167.8089 -173.9815 21.5808 -75.8204 100.0000 stroke4
movl 0 -56.3749 359.6819 168.3529 -174.1627 22.8183 -75.6384 100.0000 stroke4
movl 0 -56.0567 358.7270 168.7121 -174.3361 23.3497 -75.8102 100.0000 stroke4
movl 0 -56.0248 358.9514 168.7303 -174.5325 23.0545 -76.0172 100.0000 stroke4
movl 0 -56.3979 360.3586 169.2402 -175.0935 21.1522 -77.0215 100.0000 stroke4
movl 0 -56.3740 361.1156 169.6271 -175.4588 20.1265 -77.9565 100.0000 stroke4
movl 0 -56.0453 360.8862 169.9922 -175.6395 19.6950 -78.3806 100.0000 stroke4
movl 0 -55.3983 359.7541 170.5228 -175.8170 19.8337 -78.7325 100.0000 stroke4
movl 0 -54.7891 358.4216 170.9966 -176.0246 19.9620 -78.9695 100.0000 stroke4
movl 0 -53.5149 357.5000 171.2737 -177.0639 20.6190 -78.4612 100.0000 stroke4
movl 0 -50.7989 356.0188 171.6314 -179.0802 21.6300 -77.3722 100.0000 stroke4
movl 0 -50.4999 351.6119 173.0557 -179.8329 23.4440 -75.5828 100.0000 stroke4
movl 0 -44.8619 344.0777 189.8182 176.8562 29.0787 -71.6791 100.0000 stroke4
movl 0 3.2832 404.8083 211.4798 -177.4452 40.1575 -30.8459 100.0000 stroke5
movl 0 3.2582 397.4737 171.5762 177.9623 35.7915 -34.9533 100.0000 stroke5
movl 0 -6.3130 393.0814 167.1809 -177.7564 33.6102 -30.0950 100.0000 stroke5
movl 0 -10.4859 392.3130 165.5114 -176.0850 31.9483 -28.4195 100.0000 stroke5
movl 0 -12.4683 392.8897 164.0827 -176.4358 30.8824 -30.9278 100.0000 stroke5
movl 0 -14.8535 393.0514 163.8243 -176.6068 30.4271 -32.4563 100.0000 stroke5
movl 0 -17.3266 396.2885 163.1087 -178.4215 28.1803 -34.7443 100.0000 stroke5
movl 0 -18.3071 398.8759 162.8978 179.4169 26.5412 -37.9123 100.0000 stroke5
movl 0 -16.4561 401.2580 162.4212 176.9421 25.1951 -42.1062 100.0000 stroke5
movl 0 -13.9657 403.0318 162.0080 174.2774 24.5086 -45.9815 100.0000 stroke5
movl 0 -13.7014 403.9928 161.9940 171.4210 23.9124 -50.1329 100.0000 stroke5
movl 0 -15.2070 403.6508 162.6842 169.4814 22.5323 -55.0620 100.0000 stroke5
movl 0 -15.7374 402.9608 163.1584 168.2329 21.7336 -58.6381 100.0000 stroke5
movl 0 -17.1558 402.2421 163.7587 167.4870 20.7782 -61.3029 100.0000 stroke5
movl 0 -17.8274 401.8546 164.2937 166.6267 19.8141 -63.4195 100.0000 stroke5
movl 0 -18.4111 401.5137 164.9684 166.0671 18.9275 -65.0763 100.0000 stroke5
movl 0 -18.7090 401.3505 165.6188 165.1472 17.9246 -67.5959 100.0000 stroke5
movl 0 -18.6481 401.3297 166.1517 164.1398 16.4338 -69.8660 100.0000 stroke5
movl 0 -19.1286 401.4871 166.7766 163.4299 14.9308 -71.6640 100.0000 stroke5
movl 0 -19.3912 401.7808 167.4054 162.7903 13.4061 -73.4031 100.0000 stroke5
movl 0 -19.6627 402.2756 168.0222 162.0332 11.5453 -75.2779 100.0000 stroke5
movl 0 -20.3371 402.6732 168.7938 161.6295 9.5886 -76.9309 100.0000 stroke5
movl 0 -20.4683 402.7314 169.5402 161.1736 8.0017 -78.3648 100.0000 stroke5
movl 0 -21.3411 402.7553 170.6614 160.8159 6.1061 -79.9553 100.0000 stroke5
movl 0 -22.1949 403.1171 171.2566 160.7906 4.0425 -81.6330 100.0000 stroke5
movl 0 -23.1682 403.7374 171.7438 160.7592 1.6040 -83.4301 100.0000 stroke5
movl 0 -24.5009 403.9500 172.2563 160.9682 -0.4089 -84.6560 100.0000 stroke5
movl 0 -25.8337 403.6075 172.7038 161.4407 -1.6582 -85.5599 100.0000 stroke5
movl 0 -27.4537 402.7401 173.2243 162.1481 -2.3127 -85.7481 100.0000 stroke5
movl 0 -29.4458 400.8001 174.3443 163.3240 -2.0975 -85.5462 100.0000 stroke5
movl 0 -31.9673 398.5939 175.4831 164.5959 -1.3971 -85.0795 100.0000 stroke5
movl 0 -34.9149 396.8850 176.1841 166.2784 -1.0940 -84.9337 100.0000 stroke5
movl 0 -38.7569 394.4653 176.9457 168.5789 -0.1987 -83.9726 100.0000 stroke5
movl 0 -41.5632 392.5050 177.5388 170.1076 0.9034 -82.6365 100.0000 stroke5
movl 0 -43.8542 391.7940 177.5482 171.5530 1.2559 -82.4561 100.0000 stroke5
movl 0 -46.5238 391.1649 177.2360 173.4029 1.4418 -82.2448 100.0000 stroke5
movl 0 -46.9377 390.5895 177.4613 174.2350 1.7106 -81.0736 100.0000 stroke5
movl 0 -48.8732 389.7198 177.3818 175.4948 2.0257 -80.9190 100.0000 stroke5
movl 0 -51.7819 388.9572 176.9713 177.1174 2.3282 -82.1866 100.0000 stroke5
movl 0 -54.5906 388.9844 176.3249 178.7946 2.2503 -84.1393 100.0000 stroke5
movl 0 -56.7363 389.3209 175.9226 179.9879 2.0445 -86.9232 100.0000 stroke5
movl 0 -57.7413 389.8468 175.4015 -178.9737 2.0561 -89.1215 100.0000 stroke5
movl 0 -58.8526 390.5606 174.8399 -177.9144 1.9986 -91.6490 100.0000 stroke5
movl 0 -59.4120 391.8821 174.1438 -176.5540 2.0126 -94.6661 100.0000 stroke5
movl 0 -58.5835 393.9213 173.5073 -175.7328 1.6267 -97.6221 100.0000 stroke5
movl 0 -55.5998 390.5526 176.0229 -177.4553 2.7463 -97.4487 100.0000 stroke5
movl 0 -54.6460 391.6843 175.7665 -177.4805 1.8849 -97.3286 100.0000 stroke5
movl 0 -55.1302 391.3868 176.1807 -177.2631 0.8744 -96.6795 100.0000 stroke5
movl 0 -54.0173 388.9703 177.5372 -177.7791 2.2486 -95.8174 100.0000 stroke5
movl 0 -53.1072 387.8403 177.7790 -177.9182 3.3071 -95.1397 100.0000 stroke5
movl 0 -54.2070 388.9084 177.2080 -177.2125 1.2986 -95.2033 100.0000 stroke5
movl 0 -53.9833 387.5527 177.8397 -177.2780 1.8345 -95.0494 100.0000 stroke5
movl 0 -52.5083 387.3767 178.0408 -177.4904 2.2104 -95.3461 100.0000 stroke5
movl 0 -52.9097 387.3606 178.2196 -177.2177 0.9051 -95.5639 100.0000 stroke5
movl 0 -50.8659 386.3108 178.8661 -177.7700 2.0424 -95.8239 100.0000 stroke5
movl 0 -50.6047 386.5353 179.1645 -177.8806 1.0547 -96.2033 100.0000 stroke5
movl 0 -48.6704 386.0947 180.1347 -178.2589 1.1949 -96.6900 100.0000 stroke5
movl 0 -47.7634 385.6418 180.6053 -178.4382 1.2339 -96.9416 100.0000 stroke5
movl 0 -46.5471 384.7889 181.4226 -178.8046 1.4692 -97.1370 100.0000 stroke5
movl 0 -45.5481 384.2946 181.9953 -179.1957 1.5436 -97.2368 100.0000 stroke5
movl 0 -45.1775 383.2634 182.4469 -179.7221 2.0809 -96.5882 100.0000 stroke5
movl 0 -43.8597 382.0621 183.3290 178.7599 2.8105 -94.8450 100.0000 stroke5
movl 0 -43.8802 380.9949 184.1416 177.7438 3.3882 -93.8074 100.0000 stroke5
movl 0 -44.5482 379.7455 185.6730 177.0268 3.9035 -93.5181 100.0000 stroke5
movl 0 -45.2857 375.8146 196.3433 174.8977 6.3301 -92.9170 100.0000 stroke5
