movl 0 -40.0852 385.2009 196.6947 148.4977 -6.7262 -137.2203 100.0000 stroke1
movl 0 -37.7868 387.0072 189.8168 150.7221 -5.5590 -138.0391 100.0000 stroke1
movl 0 -32.9617 391.5723 182.5881 151.3859 -7.6754 -138.6330 100.0000 stroke1
movl 0 -29.2505 393.2561 181.8689 151.5425 -10.2313 -141.6205 100.0000 stroke1
movl 0 -30.5704 391.5034 180.9747 151.2129 -10.7340 -142.7860 100.0000 stroke1
movl 0 -32.6086 388.2906 181.2130 150.4176 -10.1059 -142.8367 100.0000 stroke1
movl 0 -32.6789 386.2330 182.2511 150.2764 -9.3934 -142.3816 100.0000 stroke1
movl 0 -33.8833 385.6376 182.1107 150.4375 -8.6861 -142.4940 100.0000 stroke1
movl 0 -34.6077 387.2593 181.7433 150.5880 -8.4336 -142.4379 100.0000 stroke1
movl 0 -33.3091 388.4689 181.3399 150.6053 -8.5860 -142.2309 100.0000 stroke1
movl 0 -34.3360 390.4081 180.3785 151.3066 -8.9143 -142.3840 100.0000 stroke1
movl 0 -36.4360 390.4398 178.9033 151.6801 -8.6380 -141.6937 100.0000 stroke1
movl 0 -39.0784 392.6750 177.0288 152.4443 -8.1012 -140.8741 100.0000 stroke1
movl 0 -41.0395 393.4452 175.7776 152.7335 -7.3997 -139.6109 100.0000 stroke1
movl 0 -41.7980 394.0466 175.3219 153.1201 -7.5872 -139.9849 100.0000 stroke1
movl 0 -41.9053 394.5140 175.0250 153.3295 -7.7935 -140.3904 100.0000 stroke1
movl 0 -42.4981 394.9316 174.7529 153.5334 -7.5110 -140.2938 100.0000 stroke1
movl 0 -43.1456 395.5627 174.5320 153.8178 -7.6037 -140.1264 100.0000 stroke1
movl 0 -43.0277 395.7321 174.3415 153.8974 -7.6239 -140.2056 100.0000 stroke1
movl 0 -42.9181 395.9666 173.9596 153.6639 -7.8771 -140.2754 100.0000 stroke1
movl 0 -44.9200 397.4468 173.1927 155.1794 -7.9168 -140.6619 100.0000 stroke1
movl 0 -45.8450 398.8497 172.3595 156.6181 -8.1858 -141.5747 100.0000 stroke1
movl 0 -46.2560 400.5358 171.7759 158.0260 -8.6879 -142.6738 100.0000 stroke1
movl 0 -46.1791 402.8379 171.1154 159.7424 -9.3333 -143.7586 100.0000 stroke1
movl 0 -42.9895 407.1567 170.2411 161.6603 -11.3398 -145.9755 100.0000 stroke1
movl 0 -38.4411 412.2042 168.8282 162.5639 -13.8169 -146.8966 100.0000 stroke1
movl 0 -37.3851 414.0973 168.4814 163.1885 -15.3888 -147.2168 100.0000 stroke1
movl 0 -38.6970 413.2519 168.9289 163.7803 -15.6398 -148.5923 100.0000 stroke1
movl 0 -40.4272 412.2495 169.4797 164.6346 -15.7895 -150.3064 100.0000 stroke1
movl 0 -41.1900 411.8544 169.9370 165.4992 -16.2181 -152.0035 100.0000 stroke1
movl 0 -41.9786 411.5289 170.2234 166.3313 -16.5718 -153.3886 100.0000 stroke1
movl 0 -42.7464 411.5040 170.2699 167.3557 -16.8987 -154.8033 100.0000 stroke1
movl 0 -43.4991 411.2664 170.6643 168.5162 -17.3417 -156.3787 100.0000 stroke1
movl 0 -44.1246 411.1160 170.9975 169.7965 -17.7922 -158.0919 100.0000 stroke1
movl 0 -44.9627 411.0157 171.1771 171.0663 -18.1441 -159.7414 100.0000 stroke1
movl 0 -45.8978 410.6901 171.4305 172.0581 -18.3321 -160.9509 100.0000 stroke1
movl 0 -46.7135 410.4320 171.6126 173.2246 -18.5870 -162.6088 100.0000 stroke1
movl 0 -47.4199 410.2278 171.8733 174.6241 -18.9091 -164.6677 100.0000 stroke1
movl 0 -48.0931 409.8489 172.0970 175.4374 -19.0244 -165.7735 100.0000 stroke1
movl 0 -49.0640 409.0888 172.4382 175.9834 -19.0184 -166.4115 100.0000 stroke1
movl 0 -49.7669 408.4474 172.7972 176.4384 -19.0355 -166.8440 100.0000 stroke1
movl 0 -50.5017 407.7826 173.2459 176.9765 -19.0640 -167.3309 100.0000 stroke1
movl 0 -51.6633 407.0273 173.4846 177.3006 -18.9641 -167.4815 100.0000 stroke1
movl 0 -53.0289 406.3701 173.5416 177.8371 -18.8391 -167.7029 100.0000 stroke1
movl 0 -54.2518 405.3399 173.8683 177.9248 -18.6922 -167.5763 100.0000 stroke1
movl 0 -55.1263 404.7603 173.9993 178.1785 -18.6365 -167.5781 100.0000 stroke1
movl 0 -56.3145 404.1127 174.0832 178.5507 -18.5411 -167.5846 100.0000 stroke1
movl 0 -57.6830 403.3047 174.3293 178.9135 -18.4626 -167.5466 100.0000 stroke1
movl 0 -59.0174 402.3182 174.6018 179.0525 -18.4257 -167.1645 100.0000 stroke1
movl 0 -60.4188 401.3376 174.9186 179.1885 -18.3859 -166.7644 100.0000 stroke1
movl 0 -61.8971 400.5094 174.9507 179.3226 -18.3098 -166.3342 100.0000 stroke1
movl 0 -63.2365 399.6773 175.1207 179.5160 -18.2615 -165.9704 100.0000 stroke1
movl 0 -64.7640 398.7551 175.3013 179.7185 -18.2254 -165.6383 100.0000 stroke1
movl 0 -66.2509 397.8081 175.6775 179.8229 -18.2350 -165.2348 100.0000 stroke1
movl 0 -67.6522 396.9299 175.9433 179.9151 -18.3060 -164.7713 100.0000 stroke1
movl 0 -68.9778 396.3256 176.0597 -179.9875 -18.2404 -164.5812 100.0000 stroke1
movl 0 -70.0207 395.7293 176.1476 179.9768 -18.2666 -164.2232 100.0000 stroke1
movl 0 -70.7872 395.1573 176.2808 179.9198 -18.3231 -164.0571 100.0000 stroke1
movl 0 -71.5029 394.6365 176.5008 179.8278 -18.3620 -163.7570 100.0000 stroke1
movl 0 -72.1563 394.0912 176.7927 179.7075 -18.4719 -163.4723 100.0000 stroke1
movl 0 -72.6795 393.6138 177.2275 179.6478 -18.5973 -163.3815 100.0000 stroke1
movl 0 -73.4697 393.2493 177.4084 179.5775 -18.7244 -163.0582 100.0000 stroke1
movl 0 -74.1965 392.8850 177.7460 179.4486 -18.8192 -162.7737 100.0000 stroke1
movl 0 -74.5288 392.6910 177.8847 179.4178 -18.9588 -162.5614 100.0000 stroke1
movl 0 -75.2184 392.5769 178.0075 179.4177 -19.0679 -162.3029 100.0000 stroke1
movl 0 -75.8298 392.1217 178.4172 179.2529 -19.1062 -162.1536 100.0000 stroke1
movl 0 -76.2670 391.9798 178.6066 179.1640 -19.1379 -161.9817 100.0000 stroke1
movl 0 -76.5348 391.9250 178.5957 179.0068 -19.1770 -161.6148 100.0000 stroke1
movl 0 -76.7899 391.8838 178.6710 178.9878 -19.2172 -161.5746 100.0000 stroke1
movl 0 -77.8762 391.6334 178.8767 178.9522 -19.1499 -161.5000 100.0000 stroke1
movl 0 -78.1280 391.4257 179.1444 178.8514 -19.1982 -161.4991 100.0000 stroke1
movl 0 -78.1410 391.6776 179.0789 178.7527 -19.2484 -161.1749 100.0000 stroke1
movl 0 -78.0942 391.6914 179.2522 178.7069 -19.2542 -161.1852 100.0000 stroke1
movl 0 -77.5450 391.7262 179.3651 178.6976 -19.2335 -161.2421 100.0000 stroke1
movl 0 -75.2484 391.3621 180.3875 178.1599 -19.6198 -161.3110 100.0000 stroke1
movl 0 -70.2856 389.3725 183.9036 175.9745 -20.9674 -160.4255 100.0000 stroke1
movl 0 -63.2741 384.7947 194.3530 172.1439 -21.8016 -159.1390 100.0000 stroke1
movl 0 -56.4420 379.3212 217.9193 168.0413 -22.3168 -156.8588 100.0000 stroke1
movl 0 -55.1556 380.3821 229.3218 150.5774 -2.5137 -127.9286 100.0000 stroke2
movl 0 -59.1937 378.8647 204.9351 151.4673 -0.5998 -124.1337 100.0000 stroke2
movl 0 -62.4470 376.1570 193.6916 152.2164 0.8255 -122.8769 100.0000 stroke2
movl 0 -67.1222 373.9389 188.2296 153.4568 1.9756 -122.5648 100.0000 stroke2
movl 0 -72.4903 374.2344 182.2530 155.1206 2.1386 -119.8886 100.0000 stroke2
movl 0 -74.6072 375.3792 180.7803 156.3956 2.2976 -117.9058 100.0000 stroke2
movl 0 -74.5265 377.9759 178.8343 157.4423 1.2921 -117.3882 100.0000 stroke2
movl 0 -74.2882 379.7150 177.6985 158.0873 0.9208 -117.2770 100.0000 stroke2
movl 0 -74.5058 380.3625 176.8952 158.0663 0.5250 -117.0837 100.0000 stroke2
movl 0 -76.2148 380.9218 175.8349 159.2237 0.4433 -117.5903 100.0000 stroke2
movl 0 -77.0824 381.2209 175.4534 160.2522 0.1964 -118.4603 100.0000 stroke2
movl 0 -77.7957 381.1309 175.5001 160.9238 0.1022 -119.2160 100.0000 stroke2
movl 0 -78.0475 380.9905 175.6560 161.4154 0.0262 -119.7888 100.0000 stroke2
movl 0 -79.9030 380.0091 175.9058 161.6162 0.8330 -120.3393 100.0000 stroke2
movl 0 -80.5996 380.0013 175.7985 161.8843 1.1905 -120.9747 100.0000 stroke2
movl 0 -80.1778 380.4745 175.6241 162.1123 1.3958 -121.5042 100.0000 stroke2
movl 0 -79.3827 380.9945 175.7683 162.3132 1.3511 -121.9808 100.0000 stroke2
movl 0 -77.9847 381.3496 175.9992 162.3021 1.4149 -122.4220 100.0000 stroke2
movl 0 -76.1582 381.8815 176.2753 162.3203 1.3505 -122.9666 100.0000 stroke2
movl 0 -74.6193 382.4954 176.5336 162.5243 1.3103 -123.6228 100.0000 stroke2
movl 0 -72.9001 383.3675 176.5856 162.6714 1.2624 -124.2352 100.0000 stroke2
movl 0 -71.0331 384.3128 176.8063 162.8485 1.1060 -125.0589 100.0000 stroke2
movl 0 -69.3465 385.1213 176.9410 163.0169 0.9677 -125.5943 100.0000 stroke2
movl 0 -67.4520 385.8554 177.2109 163.0931 0.8681 -126.1812 100.0000 stroke2
movl 0 -65.1546 386.9483 177.4096 163.1262 0.7072 -126.8464 100.0000 stroke2
movl 0 -63.3724 388.1573 177.2719 163.2097 0.4114 -127.5649 100.0000 stroke2
movl 0 -61.5830 389.2016 177.4153 163.3386 0.2107 -128.4364 100.0000 stroke2
movl 0 -59.5192 390.3139 177.5241 163.4951 0.0380 -129.2243 100.0000 stroke2
movl 0 -56.8598 391.5468 177.8371 163.5796 -0.3936 -130.3816 100.0000 stroke2
movl 0 -54.4495 392.7099 178.0383 163.7816 -0.7462 -131.4024 100.0000 stroke2
movl 0 -52.6600 393.9087 177.8665 164.0136 -0.9105 -132.3737 100.0000 stroke2
movl 0 -50.5769 395.2655 177.6625 164.3021 -1.1950 -133.4266 100.0000 stroke2
movl 0 -48.4879 396.7343 177.3772 164.6394 -1.4064 -134.6554 100.0000 stroke2
movl 0 -47.1858 397.5443 177.0502 164.7421 -1.5782 -135.2711 100.0000 stroke2
movl 0 -47.4494 396.5964 177.5398 164.3840 -1.5813 -134.9169 100.0000 stroke2
movl 0 -46.3569 396.0527 178.0608 163.7392 -1.6757 -134.9700 100.0000 stroke2
movl 0 -45.4242 395.6416 178.6978 163.2293 -1.6644 -135.1509 100.0000 stroke2
movl 0 -45.1797 395.0505 179.1648 162.8743 -1.5972 -135.0281 100.0000 stroke2
movl 0 -44.7875 394.6690 179.5461 162.6222 -1.5918 -134.9680 100.0000 stroke2
movl 0 -45.2969 395.0437 179.3518 163.1871 -1.8759 -135.0921 100.0000 stroke2
movl 0 -45.4034 395.6851 179.0961 163.8039 -2.3041 -135.6171 100.0000 stroke2
movl 0 -44.5574 396.4966 178.6265 163.8308 -2.9014 -135.7525 100.0000 stroke2
movl 0 -44.7267 396.4828 178.5054 163.5264 -3.2791 -135.4314 100.0000 stroke2
movl 0 -44.1432 396.9168 178.3570 163.4194 -3.5817 -135.3356 100.0000 stroke2
movl 0 -44.0850 396.8566 178.5273 163.3446 -3.6558 -135.3893 100.0000 stroke2
movl 0 -44.1594 396.7794 178.6450 163.3381 -3.6420 -135.4137 100.0000 stroke2
movl 0 -44.1917 396.6047 178.8402 163.2312 -3.6755 -135.4154 100.0000 stroke2
movl 0 -44.3136 395.6599 179.8221 162.8642 -3.5679 -135.2918 100.0000 stroke2
movl 0 -42.3480 393.0662 184.5432 161.2362 -3.6850 -135.1492 100.0000 stroke2
movl 0 -34.7620 386.8530 204.2616 156.4647 -4.4065 -135.3915 100.0000 stroke2
movl 0 -26.1966 370.5511 244.9820 148.4227 -4.4683 -135.5773 100.0000 stroke2
movl 0 1.5658 373.0408 220.3163 143.0713 -8.7399 -138.1980 100.0000 stroke3
movl 0 0.2583 376.5611 191.5095 147.2105 -11.0227 -139.3994 100.0000 stroke3
movl 0 -0.2850 380.0306 178.3502 148.7960 -11.4659 -140.6908 100.0000 stroke3
movl 0 -2.9124 383.8171 172.2210 150.3670 -11.7705 -141.1990 100.0000 stroke3
movl 0 -7.2051 385.3869 168.8626 151.4601 -12.0469 -140.5243 100.0000 stroke3
movl 0 -8.4147 386.9289 167.2649 151.7825 -12.0281 -139.8864 100.0000 stroke3
movl 0 -8.5350 388.3018 166.4425 152.4388 -12.3357 -140.2673 100.0000 stroke3
movl 0 -8.9155 392.2959 165.0396 156.0369 -14.0390 -142.6159 100.0000 stroke3
movl 0 -7.6686 395.4329 163.7282 158.0894 -15.8745 -144.8919 100.0000 stroke3
movl 0 -7.0942 397.0618 163.0552 159.0265 -17.5882 -145.9223 100.0000 stroke3
movl 0 -7.8441 397.6658 162.7756 159.6749 -18.5705 -146.5606 100.0000 stroke3
movl 0 -7.7160 398.2801 162.5177 160.2017 -19.2556 -147.4989 100.0000 stroke3
movl 0 -8.6980 397.9867 162.5123 160.5592 -19.5641 -148.0033 100.0000 stroke3
movl 0 -9.1255 397.7056 162.9709 161.0534 -19.9389 -148.5428 100.0000 stroke3
movl 0 -9.2928 397.5052 163.3017 161.7190 -20.7144 -149.2545 100.0000 stroke3
movl 0 -9.8325 397.1550 163.8270 162.6272 -21.4667 -150.0031 100.0000 stroke3
movl 0 -10.6732 396.8692 164.2670 163.6875 -22.3356 -150.7906 100.0000 stroke3
movl 0 -11.6661 396.7750 164.5498 165.0862 -23.1449 -151.7213 100.0000 stroke3
movl 0 -12.7669 396.7504 164.9044 166.8736 -24.1416 -152.7930 100.0000 stroke3
movl 0 -14.2003 396.8523 165.0096 168.4180 -25.1009 -153.3151 100.0000 stroke3
movl 0 -14.6355 396.7709 165.2821 169.1422 -25.5152 -153.4771 100.0000 stroke3
movl 0 -14.4524 396.4594 165.6847 169.1392 -25.5921 -153.2849 100.0000 stroke3
movl 0 -14.3289 396.2062 165.9028 169.0385 -25.4746 -153.0163 100.0000 stroke3
movl 0 -14.5704 396.1212 165.9593 169.1178 -25.3302 -152.7903 100.0000 stroke3
movl 0 -14.6458 396.0359 165.9249 169.2332 -25.2607 -152.6397 100.0000 stroke3
movl 0 -14.8423 395.7667 166.1406 169.4865 -25.0560 -152.6913 100.0000 stroke3
movl 0 -15.1427 395.3593 166.4993 169.4625 -24.4147 -152.7320 100.0000 stroke3
movl 0 -14.8246 395.1336 166.7779 169.5581 -24.3970 -152.9422 100.0000 stroke3
movl 0 -14.2014 394.6162 167.2127 169.3678 -24.1947 -153.1033 100.0000 stroke3
movl 0 -13.5824 394.4054 167.5548 169.6241 -24.0511 -153.5521 100.0000 stroke3
movl 0 -13.9880 393.7133 167.9696 169.8677 -23.4957 -153.8655 100.0000 stroke3
movl 0 -14.6884 392.5529 168.5733 169.9389 -22.6926 -154.1212 100.0000 stroke3
movl 0 -15.3243 391.4617 169.3280 170.0032 -21.8347 -154.5098 100.0000 stroke3
movl 0 -15.1515 391.1814 169.4441 170.1851 -20.8818 -155.0362 100.0000 stroke3
movl 0 -14.9445 391.0933 169.6905 170.4680 -20.1101 -155.5408 100.0000 stroke3
movl 0 -15.1449 391.1828 169.9047 170.9540 -19.2860 -156.3728 100.0000 stroke3
movl 0 -15.3816 391.0762 170.3709 171.5569 -18.2500 -157.6129 100.0000 stroke3
movl 0 -16.4279 390.8903 170.7020 172.2629 -17.0304 -158.9934 100.0000 stroke3
movl 0 -17.6481 390.5807 171.1570 172.6940 -15.6339 -159.9892 100.0000 stroke3
movl 0 -19.2257 389.9639 171.6559 172.9163 -13.9657 -160.8853 100.0000 stroke3
movl 0 -21.2521 389.2503 172.2451 173.2438 -12.0057 -161.9078 100.0000 stroke3
movl 0 -22.5393 388.5992 172.7934 173.5585 -10.7860 -163.0217 100.0000 stroke3
movl 0 -24.3414 388.1332 173.2527 174.0268 -9.1978 -164.4379 100.0000 stroke3
movl 0 -26.5926 387.7052 173.6907 174.4617 -7.5334 -166.2309 100.0000 stroke3
movl 0 -28.5911 387.2193 173.9764 174.7388 -6.0060 -168.0633 100.0000 stroke3
movl 0 -31.1985 386.6144 174.0880 174.9340 -4.6410 -169.9781 100.0000 stroke3
movl 0 -34.3094 385.5821 174.3239 174.8674 -2.6327 -172.3993 100.0000 stroke3
movl 0 -37.6199 384.6399 174.3029 174.5958 -0.7132 -174.8950 100.0000 stroke3
movl 0 -40.3718 383.6264 174.2985 174.1974 0.5952 -176.7112 100.0000 stroke3
movl 0 -42.2332 381.2231 174.8625 173.2501 1.1480 -176.6212 100.0000 stroke3
movl 0 -43.5153 380.2785 174.9525 172.7907 1.6558 -176.6612 100.0000 stroke3
movl 0 -44.0832 379.1879 175.1595 171.8451 2.2752 -176.9081 100.0000 stroke3
movl 0 -44.6706 377.9099 175.6374 171.2733 2.4127 -176.7892 100.0000 stroke3
movl 0 -46.2556 375.5016 176.2889 170.5895 2.6516 -176.2637 100.0000 stroke3
movl 0 -45.6838 376.1607 176.2635 170.2564 2.5268 -176.3654 100.0000 stroke3
movl 0 -46.0722 374.8643 176.6966 170.0573 2.5513 -176.2965 100.0000 stroke3
movl 0 -47.7357 372.9556 177.0641 169.2866 2.8902 -175.7722 100.0000 stroke3
movl 0 -46.5486 374.7789 176.7655 169.3513 2.7672 -176.3025 100.0000 stroke3
movl 0 -47.4055 372.7902 177.2077 169.1526 2.8735 -175.9824 100.0000 stroke3
movl 0 -48.6322 372.3721 177.0580 168.7879 3.2921 -176.0084 100.0000 stroke3
movl 0 -46.5286 374.6363 176.9851 168.6060 3.1889 -176.5214 100.0000 stroke3
movl 0 -47.4326 371.8532 177.7446 168.3551 3.1536 -175.8921 100.0000 stroke3
movl 0 -47.7346 372.5429 177.7935 168.1381 3.2756 -175.8110 100.0000 stroke3
movl 0 -46.5467 374.3866 178.3694 167.7454 3.1531 -175.9015 100.0000 stroke3
movl 0 -47.8011 371.0599 179.0378 167.4314 3.3609 -175.4038 100.0000 stroke3
movl 0 -47.7267 373.2723 178.8539 167.1997 3.5694 -175.5327 100.0000 stroke3
movl 0 -47.2236 372.9721 179.0835 167.0516 3.6130 -175.3977 100.0000 stroke3
movl 0 -47.1923 372.5068 179.4430 166.8307 3.4855 -174.7652 100.0000 stroke3
movl 0 -46.2239 374.4563 180.5601 166.6544 3.1048 -174.6096 100.0000 stroke3
movl 0 -46.9251 372.4231 180.5961 166.3488 3.3084 -174.0639 100.0000 stroke3
movl 0 -45.2282 374.4627 181.4718 166.2385 2.8460 -173.8911 100.0000 stroke3
movl 0 -44.7825 374.0187 181.9324 165.9818 2.7232 -173.5858 100.0000 stroke3
movl 0 -44.0700 373.7616 182.6853 165.5087 2.5112 -173.0965 100.0000 stroke3
movl 0 -43.8896 373.4943 183.2021 165.0645 2.4599 -172.6917 100.0000 stroke3
movl 0 -44.0251 373.3493 183.5378 165.1100 2.4273 -172.4370 100.0000 stroke3
movl 0 -44.2631 372.7680 183.6382 165.0999 2.3985 -172.2399 100.0000 stroke3
movl 0 -44.4525 372.6352 183.1769 165.2270 2.5703 -172.2539 100.0000 stroke3
movl 0 -44.2535 372.1521 183.2010 165.1380 2.5819 -172.0016 100.0000 stroke3
movl 0 -44.5363 371.2218 183.7374 164.9164 2.4660 -171.6641 100.0000 stroke3
movl 0 -44.4616 368.6231 185.1128 163.8999 2.4258 -171.3516 100.0000 stroke3
movl 0 -43.3673 361.2787 190.5614 161.2841 2.1383 -170.3286 100.0000 stroke3
movl 0 -38.9101 350.1817 204.3860 157.0613 1.1505 -167.7620 100.0000 stroke3
movl 0 -31.2494 337.2267 236.9807 150.0247 1.0034 -162.9843 100.0000 stroke3
movl 0 -52.6372 361.5906 231.1755 154.5296 12.6226 -106.9645 100.0000 stroke4
movl 0 -59.1247 365.3574 202.5281 157.3957 5.2502 -115.0188 100.0000 stroke4
movl 0 -63.1684 366.4812 192.7848 158.5385 6.1069 -113.0929 100.0000 stroke4
movl 0 -66.5326 369.0601 187.8796 159.9608 6.1291 -111.7594 100.0000 stroke4
movl 0 -69.4240 370.9939 185.0149 161.1626 6.2167 -113.1294 100.0000 stroke4
movl 0 -71.1122 372.3950 183.6571 162.0657 6.2139 -114.2687 100.0000 stroke4
movl 0 -71.9834 373.3367 182.7293 162.9879 6.0073 -115.0614 100.0000 stroke4
movl 0 -73.5283 374.9926 181.7849 164.4888 5.4884 -116.4156 100.0000 stroke4
movl 0 -74.1427 376.2299 181.4840 165.5714 4.7882 -117.4479 100.0000 stroke4
movl 0 -73.5413 378.1079 181.4099 166.5952 3.8253 -119.0582 100.0000 stroke4
movl 0 -72.1275 381.9392 180.7926 167.6198 1.9726 -121.2078 100.0000 stroke4
movl 0 -69.6751 387.3079 179.6841 168.6874 -0.4453 -123.8747 100.0000 stroke4
movl 0 -66.9532 391.4283 178.6936 169.2856 -1.9856 -126.2638 100.0000 stroke4
movl 0 -63.6815 396.0701 177.5583 169.8909 -3.6030 -128.9516 100.0000 stroke4
movl 0 -61.9719 398.3148 177.7018 170.5917 -6.0038 -129.9730 100.0000 stroke4
movl 0 -62.0998 396.6565 178.5968 169.9999 -5.2294 -130.7651 100.0000 stroke4
movl 0 -63.2096 396.0162 179.0186 170.3831 -4.7951 -131.3762 100.0000 stroke4
movl 0 -63.6844 393.2537 179.9865 170.6263 -4.6779 -131.4753 100.0000 stroke4
movl 0 -64.4186 391.1013 180.9159 169.9358 -3.8090 -131.4432 100.0000 stroke4
movl 0 -64.1203 390.5615 181.0539 169.8829 -3.3774 -131.8102 100.0000 stroke4
movl 0 -64.6313 389.0680 181.2889 170.3563 -3.7348 -132.1130 100.0000 stroke4
movl 0 -63.7668 387.3016 182.8670 168.6432 -2.8915 -131.9335 100.0000 stroke4
movl 0 -64.4934 387.5201 182.2073 169.6631 -3.3405 -131.9969 100.0000 stroke4
movl 0 -64.8156 385.1757 182.8553 169.5217 -2.8914 -131.8545 100.0000 stroke4
movl 0 -64.8209 384.6763 183.4697 169.0189 -2.5294 -131.7833 100.0000 stroke4
movl 0 -64.6464 383.2480 183.9561 169.0275 -2.4261 -131.8524 100.0000 stroke4
movl 0 -63.9760 383.9164 184.0875 168.9302 -2.5641 -132.1048 100.0000 stroke4
movl 0 -63.8673 382.8383 184.5252 168.7285 -2.5278 -132.1459 100.0000 stroke4
movl 0 -64.3905 382.8933 184.2831 169.0111 -2.5943 -132.0242 100.0000 stroke4
movl 0 -63.6730 383.1648 184.3206 168.8388 -2.6165 -131.9361 100.0000 stroke4
movl 0 -63.7749 383.0428 184.2717 168.9685 -2.7399 -131.7437 100.0000 stroke4
movl 0 -64.1381 382.6789 184.1711 168.9154 -2.5463 -131.6637 100.0000 stroke4
movl 0 -64.4524 382.7356 184.0430 168.9289 -2.6207 -131.5761 100.0000 stroke4
movl 0 -64.6262 382.0319 184.4393 168.4793 -2.4890 -131.3832 100.0000 stroke4
movl 0 -64.2959 380.4286 186.2776 167.4811 -2.0612 -131.1515 100.0000 stroke4
movl 0 -58.7284 375.2331 198.1592 163.9930 -1.5467 -131.3929 100.0000 stroke4
movl 0 -51.0181 367.6134 232.9826 160.0621 -1.3285 -131.6573 100.0000 stroke4
