movl 0 -66.4547 342.1407 170.4367 152.9941 23.7917 -97.3965 100.0000 stroke1
movl 0 -66.8837 336.0074 195.9254 152.1852 25.3445 -96.9528 100.0000 stroke1
movl 0 -69.0145 328.0495 246.5650 149.4193 30.1851 -97.1706 100.0000 stroke1
movl 0 -61.9239 356.0325 202.0539 150.4829 16.9106 -98.9445 100.0000 stroke2
movl 0 -59.4231 352.2211 175.4987 153.0328 15.3780 -100.7275 100.0000 stroke2
movl 0 -57.5095 352.9023 168.9284 152.8070 14.7332 -102.2119 100.0000 stroke2
movl 0 -60.3005 354.3547 166.1272 152.7168 14.8691 -102.4827 100.0000 stroke2
movl 0 -61.2712 355.2130 165.1315 152.8139 14.5000 -102.5467 100.0000 stroke2
movl 0 -64.2923 356.0768 165.0033 154.6891 14.0108 -102.7404 100.0000 stroke2
movl 0 -65.4116 355.9263 165.4714 155.8366 13.3895 -103.2207 100.0000 stroke2
movl 0 -67.7273 356.0327 165.9896 156.9116 13.7175 -103.4053 100.0000 stroke2
movl 0 -68.0540 356.0112 165.8500 157.3771 14.0850 -103.7086 100.0000 stroke2
movl 0 -66.9159 356.5427 165.9103 157.5760 14.0834 -104.5292 100.0000 stroke2
movl 0 -64.8399 357.4660 166.0380 157.6943 13.8697 -106.2103 100.0000 stroke2
movl 0 -61.5642 359.1841 166.3173 157.7590 13.3317 -108.7575 100.0000 stroke2
movl 0 -58.8046 360.6052 166.4620 157.5899 12.8700 -110.7260 100.0000 stroke2
movl 0 -56.2790 357.4603 166.8641 155.7618 13.8080 -110.3233 100.0000 stroke2
movl 0 -55.4186 358.0934 166.8298 155.5022 13.5426 -110.4295 100.0000 stroke2
movl 0 -56.3730 359.5996 167.4271 156.6683 12.0568 -110.6021 100.0000 stroke2
movl 0 -55.4518 358.3400 167.2803 155.1337 12.3605 -108.7010 100.0000 stroke2
movl 0 -53.2048 346.3431 186.6306 149.6895 23.1762 -100.0468 100.0000 stroke2
movl 0 -36.5822 375.0322 202.1585 142.7482 16.5741 -102.7649 100.0000 stroke3
movl 0 -38.0947 373.5358 169.9856 145.6437 13.7867 -104.5976 100.0000 stroke3
movl 0 -41.4625 374.9696 164.8258 147.9830 14.3371 -104.8745 100.0000 stroke3
movl 0 -43.0837 376.9795 162.9624 149.5477 13.2548 -105.3084 100.0000 stroke3
movl 0 -45.5802 379.1903 161.4976 150.7653 12.0023 -105.9790 100.0000 stroke3
movl 0 -45.5122 382.9185 161.2809 151.8840 8.5429 -108.2796 100.0000 stroke3
movl 0 -45.4915 385.5823 161.8730 152.4400 5.9349 -110.0298 100.0000 stroke3
movl 0 -44.7043 387.0180 163.0269 152.8580 2.5872 -112.1442 100.0000 stroke3
movl 0 -44.1270 388.9267 164.2666 153.7040 -1.7721 -115.5556 100.0000 stroke3
movl 0 -43.7356 390.6496 165.4923 154.9502 -6.3334 -119.6364 100.0000 stroke3
movl 0 -44.4847 392.5068 166.6485 157.0295 -10.1657 -123.4817 100.0000 stroke3
movl 0 -45.7981 394.1187 167.4016 159.4227 -13.0111 -126.5385 100.0000 stroke3
movl 0 -48.0077 395.4413 168.1066 161.9707 -15.0870 -129.0579 100.0000 stroke3
movl 0 -48.4289 395.6740 168.5338 163.0287 -16.1540 -130.4673 100.0000 stroke3
movl 0 -49.5990 395.6409 168.7722 163.9829 -16.4626 -131.3703 100.0000 stroke3
movl 0 -49.7812 393.7250 169.5940 163.3913 -15.7101 -131.5933 100.0000 stroke3
movl 0 -46.3031 383.2266 179.4498 156.0814 -10.3580 -127.7141 100.0000 stroke3
movl 0 -52.3643 359.7712 193.1384 148.3252 2.9211 -103.9873 100.0000 stroke4
movl 0 -57.2601 353.3803 174.6489 152.0141 4.7714 -105.2117 100.0000 stroke4
movl 0 -61.0864 351.2273 172.1599 153.6458 5.8321 -105.9049 100.0000 stroke4
movl 0 -60.7616 353.2765 170.7814 152.8341 4.6765 -105.5841 100.0000 stroke4
movl 0 -63.8722 353.9888 169.1747 153.8209 4.4702 -105.7961 100.0000 stroke4
movl 0 -69.1908 355.2864 169.4975 157.2037 4.1646 -107.3083 100.0000 stroke4
movl 0 -69.5160 355.7085 170.0419 158.3820 2.9630 -109.0757 100.0000 stroke4
movl 0 -72.3867 354.4365 170.2171 159.1842 3.9204 -109.9124 100.0000 stroke4
movl 0 -69.9777 356.0988 170.2464 159.3838 3.5623 -112.1273 100.0000 stroke4
movl 0 -65.4269 357.8359 170.6510 159.2120 2.9961 -115.0499 100.0000 stroke4
movl 0 -61.6869 359.5925 171.1631 159.1479 2.5697 -117.2390 100.0000 stroke4
movl 0 -58.9400 360.3667 171.6620 158.9775 2.4173 -118.6287 100.0000 stroke4
movl 0 -44.6332 355.1701 178.7246 153.8775 3.4738 -120.8138 100.0000 stroke4
movl 0 -31.0309 340.2448 235.6526 143.6238 15.5078 -119.1303 100.0000 stroke4
movl 0 -19.5583 373.4757 192.9838 147.4237 17.8468 -106.9100 100.0000 stroke5
movl 0 -17.7905 370.1460 172.6946 147.9838 14.9154 -108.0404 100.0000 stroke5
movl 0 -20.3661 368.0558 166.1520 149.7311 14.0352 -109.9375 100.0000 stroke5
movl 0 -22.6331 368.4228 167.7875 150.6643 12.2270 -111.7944 100.0000 stroke5
movl 0 -26.4397 366.8524 168.1381 151.1267 11.4607 -110.9042 100.0000 stroke5
movl 0 -32.3163 367.5388 167.2935 151.4187 11.5877 -109.6865 100.0000 stroke5
movl 0 -34.6792 369.2058 166.2545 151.9316 11.3673 -109.4675 100.0000 stroke5
movl 0 -37.2228 369.6651 166.0642 153.6985 11.4149 -109.8225 100.0000 stroke5
movl 0 -39.4367 369.0480 166.3024 154.7252 11.8404 -110.1466 100.0000 stroke5
movl 0 -39.6386 369.1109 166.3598 155.2260 11.9576 -110.8355 100.0000 stroke5
movl 0 -37.4553 370.1635 166.5943 155.5598 11.6312 -112.9534 100.0000 stroke5
movl 0 -34.0704 371.4306 166.8894 155.9991 11.0969 -115.0832 100.0000 stroke5
movl 0 -29.7260 373.3563 167.0054 156.6702 10.4121 -117.7701 100.0000 stroke5
movl 0 -27.9034 374.3164 166.9101 156.6522 10.0152 -118.7035 100.0000 stroke5
movl 0 -25.8788 372.2030 167.4794 155.3152 10.3633 -118.6021 100.0000 stroke5
movl 0 -25.8492 373.3914 167.7192 156.2119 9.0973 -118.5077 100.0000 stroke5
movl 0 -22.3297 367.4909 173.5797 149.2918 12.5780 -112.5585 100.0000 stroke5
movl 0 -2.5717 396.0237 201.8458 141.6846 13.6553 -109.0244 100.0000 stroke6
movl 0 -3.9488 391.0819 171.5547 143.4575 11.9889 -109.4396 100.0000 stroke6
movl 0 -7.3999 392.8154 165.6842 145.3584 11.2538 -109.2896 100.0000 stroke6
movl 0 -12.2007 393.8377 161.3580 147.2279 10.3965 -108.9873 100.0000 stroke6
movl 0 -14.3570 395.6080 160.4465 148.2943 10.3994 -109.4046 100.0000 stroke6
movl 0 -18.3420 399.4371 160.2951 151.0684 7.7949 -110.7090 100.0000 stroke6
movl 0 -17.0968 401.6494 160.4351 151.5760 5.5953 -112.4714 100.0000 stroke6
movl 0 -15.9826 402.6058 161.3785 151.6782 2.8786 -113.7847 100.0000 stroke6
movl 0 -14.6886 404.3666 162.9596 152.3339 -1.3320 -115.7808 100.0000 stroke6
movl 0 -14.5522 406.5234 164.1919 153.5252 -5.5575 -118.1260 100.0000 stroke6
movl 0 -14.6110 408.3676 165.0719 154.7078 -8.8997 -119.9353 100.0000 stroke6
movl 0 -15.3550 409.2001 165.6632 155.8007 -11.1102 -121.0922 100.0000 stroke6
movl 0 -15.8628 408.8556 166.0663 156.2746 -11.8956 -121.4382 100.0000 stroke6
movl 0 -15.3479 407.1530 167.1065 155.6472 -11.8933 -120.9272 100.0000 stroke6
movl 0 -9.4621 390.3319 190.4003 148.1449 -7.3799 -117.9012 100.0000 stroke6
movl 0 -14.1897 372.2532 235.4969 140.8345 14.1931 -98.9910 100.0000 stroke7
movl 0 -13.9986 379.5680 179.9380 144.8442 5.2473 -103.4443 100.0000 stroke7
movl 0 -18.2390 380.3343 166.8906 147.9216 3.4905 -105.5051 100.0000 stroke7
movl 0 -21.7067 379.0652 166.6564 149.0649 4.3726 -106.1275 100.0000 stroke7
movl 0 -22.9832 379.4987 166.0795 149.8291 4.8476 -106.6734 100.0000 stroke7
movl 0 -25.1378 381.2331 165.0537 150.6622 4.4269 -106.7337 100.0000 stroke7
movl 0 -27.5213 384.9627 165.1744 152.9963 1.1277 -108.6230 100.0000 stroke7
movl 0 -27.8759 387.0930 165.5648 154.1551 -1.2499 -110.5808 100.0000 stroke7
movl 0 -27.9027 388.7856 166.4247 155.1095 -3.8123 -112.2951 100.0000 stroke7
movl 0 -27.5865 389.5796 166.9131 155.7611 -5.5779 -113.6259 100.0000 stroke7
movl 0 -27.5841 388.9740 167.2739 155.8703 -5.8634 -113.9176 100.0000 stroke7
movl 0 -27.2669 384.6807 168.5782 154.5849 -3.6407 -113.6278 100.0000 stroke7
movl 0 -20.7335 362.0470 208.8613 145.9625 12.5388 -108.4600 100.0000 stroke7
movl 0 -20.5588 359.7787 187.2562 151.4720 25.0686 -87.0911 100.0000 stroke8
movl 0 -29.1868 356.8704 171.9597 154.7440 22.0711 -89.7974 100.0000 stroke8
movl 0 -35.1553 356.3312 170.5322 156.1778 20.5641 -91.7045 100.0000 stroke8
movl 0 -36.3186 357.3483 170.0649 156.9945 19.4247 -93.5779 100.0000 stroke8
movl 0 -37.1339 359.3523 169.0844 157.4797 17.9943 -94.0319 100.0000 stroke8
movl 0 -37.8462 360.1816 168.5660 157.5307 17.5148 -93.7283 100.0000 stroke8
movl 0 -39.3512 362.0277 168.0602 158.7950 16.5010 -94.6506 100.0000 stroke8
movl 0 -40.7320 362.2000 168.0794 159.6103 16.4352 -95.2708 100.0000 stroke8
movl 0 -39.8553 362.7457 168.1329 159.9566 16.2009 -96.2628 100.0000 stroke8
movl 0 -35.7170 364.1238 168.4299 159.7505 15.4241 -98.6402 100.0000 stroke8
movl 0 -31.3636 365.7148 168.4988 159.6595 14.5037 -101.1471 100.0000 stroke8
movl 0 -26.4393 367.6474 168.5361 159.5694 13.4866 -103.8869 100.0000 stroke8
movl 0 -22.3930 368.9962 168.3886 158.9050 12.5707 -105.3757 100.0000 stroke8
movl 0 -16.4209 369.0700 168.1303 156.5793 12.0101 -106.1846 100.0000 stroke8
movl 0 -10.6060 375.8925 166.4405 155.8488 7.5522 -108.0311 100.0000 stroke8
movl 0 -2.8926 382.2050 163.9568 154.5174 3.2002 -110.0544 100.0000 stroke8
movl 0 0.1619 386.1787 162.7462 153.6846 -0.1680 -110.7285 100.0000 stroke8
movl 0 0.6053 388.5362 162.9298 153.5039 -3.8800 -111.5215 100.0000 stroke8
movl 0 -0.0070 388.3934 163.4837 153.5918 -5.3886 -112.1652 100.0000 stroke8
movl 0 -0.0139 386.3690 164.1163 153.0011 -4.5304 -112.5835 100.0000 stroke8
movl 0 5.7139 367.3026 179.6099 144.6563 9.3074 -110.7499 100.0000 stroke8
movl 0 -18.5306 366.0061 206.1309 142.4182 12.9817 -107.0005 100.0000 stroke9
movl 0 -21.5095 366.5405 177.7952 146.7652 9.3075 -109.4167 100.0000 stroke9
movl 0 -20.8769 370.5550 169.0934 150.1997 3.0764 -114.1866 100.0000 stroke9
movl 0 -20.0281 371.5535 169.7430 150.7410 0.8578 -115.6211 100.0000 stroke9
movl 0 -23.5486 370.3665 170.1087 151.9119 0.9029 -117.0705 100.0000 stroke9
movl 0 -24.7765 371.2500 169.5401 152.5731 0.7283 -118.0987 100.0000 stroke9
movl 0 -25.7387 372.4631 168.8687 153.1201 0.5770 -118.5208 100.0000 stroke9
movl 0 -27.6419 375.4638 168.1094 154.7487 -1.0557 -119.4951 100.0000 stroke9
movl 0 -28.4210 377.5477 168.0254 156.0118 -2.9657 -120.8698 100.0000 stroke9
movl 0 -27.9805 377.6896 167.9710 156.0070 -3.4026 -121.2645 100.0000 stroke9
movl 0 -27.4433 377.6037 168.3082 156.1675 -4.0280 -121.4577 100.0000 stroke9
movl 0 -27.2375 377.4379 168.4315 156.1997 -4.0755 -121.5584 100.0000 stroke9
movl 0 -23.9774 372.8663 170.3747 153.5637 -1.4229 -120.4426 100.0000 stroke9
movl 0 -11.4815 358.9840 217.0638 143.9568 9.4221 -114.0905 100.0000 stroke9
movl 0 -5.9027 365.8197 184.6548 147.3605 4.9160 -110.9077 100.0000 stroke10
movl 0 -3.9075 369.5006 168.3681 148.4198 2.7378 -112.1249 100.0000 stroke10
movl 0 -7.6699 371.7518 165.7042 149.3676 2.8216 -112.1390 100.0000 stroke10
movl 0 -7.7178 372.6155 164.7580 149.6011 2.5376 -112.5495 100.0000 stroke10
movl 0 -9.5560 374.0152 164.1954 150.6830 2.1992 -113.2130 100.0000 stroke10
movl 0 -10.8250 376.2407 163.3210 152.0788 0.9656 -114.0108 100.0000 stroke10
movl 0 -9.5056 377.7505 162.7719 151.9619 -0.2397 -114.2074 100.0000 stroke10
movl 0 -8.9048 378.5676 163.2997 152.0266 -2.3288 -113.9058 100.0000 stroke10
movl 0 -1.8369 374.9170 166.4941 148.1969 -2.4855 -111.8523 100.0000 stroke10
movl 0 8.6271 357.1976 208.2500 137.0655 4.8255 -106.1407 100.0000 stroke10
movl 0 -24.3007 354.7001 202.2248 155.7991 33.7166 -74.4421 100.0000 stroke11
movl 0 -27.5255 354.7991 178.8584 153.3206 20.5257 -88.5274 100.0000 stroke11
movl 0 -32.3601 353.5570 171.0699 154.4503 16.3466 -94.8185 100.0000 stroke11
movl 0 -39.0942 352.7760 170.2119 155.8685 14.8431 -96.8729 100.0000 stroke11
movl 0 -35.7869 353.9249 170.0565 155.6235 13.6553 -99.7646 100.0000 stroke11
movl 0 -36.1700 355.1653 169.1886 155.6688 12.8831 -100.1957 100.0000 stroke11
movl 0 -37.5120 357.0834 168.1869 156.2246 12.1937 -100.3913 100.0000 stroke11
movl 0 -38.3857 357.9945 168.0845 157.1570 11.4859 -101.3439 100.0000 stroke11
movl 0 -38.8676 357.8904 168.2878 157.6482 11.6767 -102.1148 100.0000 stroke11
movl 0 -36.6963 358.7524 168.4910 157.7454 10.9730 -103.7879 100.0000 stroke11
movl 0 -33.4768 359.2313 169.0213 157.7040 10.3995 -105.8101 100.0000 stroke11
movl 0 -29.1717 360.3306 169.2785 157.6319 9.5749 -107.8947 100.0000 stroke11
movl 0 -25.2355 361.9252 169.2971 157.8230 8.7747 -110.0296 100.0000 stroke11
movl 0 -23.6388 363.1493 169.0555 158.1527 8.2184 -111.3447 100.0000 stroke11
movl 0 -21.5076 361.1285 170.6552 156.1472 8.7267 -110.2378 100.0000 stroke11
movl 0 -21.1658 350.1281 215.8361 150.0459 13.4516 -106.5936 100.0000 stroke11
movl 0 -28.8016 344.8585 214.2572 151.2470 20.3611 -94.6281 100.0000 stroke12
movl 0 -31.3276 343.2410 187.1620 152.4702 17.7583 -96.5976 100.0000 stroke12
movl 0 -31.6536 345.7331 175.1410 152.6180 15.9592 -97.7463 100.0000 stroke12
movl 0 -29.9099 344.8295 173.0808 152.2048 15.4429 -98.8835 100.0000 stroke12
movl 0 -26.3868 345.9073 171.6201 151.7729 14.5708 -101.0572 100.0000 stroke12
movl 0 -26.1387 347.8800 171.6034 152.4165 12.4327 -103.3590 100.0000 stroke12
movl 0 -26.3332 348.6891 171.0369 152.9070 12.1408 -103.9949 100.0000 stroke12
movl 0 -25.4957 351.4270 169.7043 152.8553 11.7509 -104.4910 100.0000 stroke12
movl 0 -27.9894 351.3434 169.2001 152.6413 11.2835 -103.5175 100.0000 stroke12
movl 0 -31.6568 351.6800 168.3390 152.9029 11.1856 -102.5484 100.0000 stroke12
movl 0 -34.7042 351.1974 167.8143 153.5971 11.0132 -101.6073 100.0000 stroke12
movl 0 -37.5355 352.3454 167.2956 154.9388 10.2519 -101.5248 100.0000 stroke12
movl 0 -40.9973 352.0934 167.6219 156.7150 10.1919 -101.7707 100.0000 stroke12
movl 0 -41.5104 351.9515 167.7822 157.3599 10.3588 -102.4364 100.0000 stroke12
movl 0 -37.8235 353.2156 168.1482 157.4875 9.7425 -104.5983 100.0000 stroke12
movl 0 -32.6027 354.9123 168.4315 157.6439 8.9102 -107.2007 100.0000 stroke12
movl 0 -27.7863 356.7463 168.5686 157.8874 8.1742 -109.9157 100.0000 stroke12
movl 0 -25.3835 357.9512 168.4764 158.0655 7.6565 -111.4649 100.0000 stroke12
movl 0 -23.8433 355.7187 169.2435 156.8002 8.4047 -111.1157 100.0000 stroke12
movl 0 -23.6591 357.8069 169.2332 157.7184 6.8222 -111.3997 100.0000 stroke12
movl 0 -22.4567 357.1683 169.1246 156.6294 7.0166 -110.2103 100.0000 stroke12
movl 0 -18.8688 349.2693 176.8673 151.0507 12.6831 -104.1994 100.0000 stroke12
movl 0 -8.5448 349.5421 224.1075 144.1868 21.0170 -94.8544 100.0000 stroke13
movl 0 -10.3469 351.3086 182.1439 147.5144 16.3490 -95.7885 100.0000 stroke13
movl 0 -6.8936 352.9584 171.2311 146.9752 13.5349 -98.6508 100.0000 stroke13
movl 0 -10.6140 352.3978 168.8658 148.3216 13.2743 -99.2504 100.0000 stroke13
movl 0 -12.3468 352.4030 168.3476 148.9506 12.2056 -99.4101 100.0000 stroke13
movl 0 -11.6292 353.4583 168.3170 149.0391 11.3617 -100.3384 100.0000 stroke13
movl 0 -12.9312 354.4129 168.9774 149.8650 9.9088 -101.3383 100.0000 stroke13
movl 0 -14.2597 354.7156 169.3927 150.5631 9.1227 -101.9863 100.0000 stroke13
movl 0 -15.7364 352.9800 170.3131 151.4870 8.9693 -102.1888 100.0000 stroke13
movl 0 -16.7895 352.4472 170.2238 152.0000 8.9624 -102.7998 100.0000 stroke13
movl 0 -18.7597 352.8794 169.7640 152.4014 8.8244 -102.8564 100.0000 stroke13
movl 0 -21.8271 352.9605 168.9862 153.0774 9.3790 -102.7128 100.0000 stroke13
movl 0 -22.3492 354.3072 168.2320 153.6231 9.1789 -102.7956 100.0000 stroke13
movl 0 -24.4223 356.6409 167.1996 154.7444 8.2123 -103.5623 100.0000 stroke13
movl 0 -24.4222 358.6066 166.7406 155.1785 6.6884 -104.5236 100.0000 stroke13
movl 0 -25.1679 357.9186 166.8228 154.8325 6.2247 -103.2872 100.0000 stroke13
movl 0 -26.8850 356.8295 167.0209 154.5156 5.9069 -101.6543 100.0000 stroke13
movl 0 -29.9751 355.5404 167.1710 154.2307 5.9258 -99.4093 100.0000 stroke13
movl 0 -33.2818 354.2198 167.3017 154.1047 6.0647 -97.7896 100.0000 stroke13
movl 0 -36.1389 352.6832 167.6708 153.3253 6.6799 -96.0304 100.0000 stroke13
movl 0 -33.2825 344.5192 176.6895 148.3962 11.8082 -93.9996 100.0000 stroke13
movl 0 -31.5906 325.3579 240.1769 144.4870 25.1790 -93.5091 100.0000 stroke13
movl 0 -13.9413 351.8650 233.7812 144.2950 21.5568 -92.1264 100.0000 stroke14
movl 0 -12.0567 355.3069 183.0229 146.1515 14.5955 -94.8837 100.0000 stroke14
movl 0 -11.3597 353.3689 169.4259 147.4345 12.8217 -96.8127 100.0000 stroke14
movl 0 -14.6018 352.2574 168.7190 149.1261 11.7137 -98.3888 100.0000 stroke14
movl 0 -14.6572 354.3255 169.2546 149.7850 8.9946 -100.8108 100.0000 stroke14
movl 0 -13.8851 355.4621 169.3252 150.0038 7.5967 -102.2010 100.0000 stroke14
movl 0 -14.8981 352.9896 168.6866 149.7095 9.0038 -102.3458 100.0000 stroke14
movl 0 -15.9590 353.4105 169.2116 150.6875 7.7946 -102.8469 100.0000 stroke14
movl 0 -15.8656 355.1185 170.1914 151.5736 5.2367 -103.7003 100.0000 stroke14
movl 0 -18.4370 356.0646 169.3292 151.9803 5.0939 -103.4932 100.0000 stroke14
movl 0 -20.2874 358.2839 168.5310 152.6544 3.9042 -103.0283 100.0000 stroke14
movl 0 -21.9524 361.2904 168.2748 153.9751 2.0908 -104.7791 100.0000 stroke14
movl 0 -22.0857 362.8868 168.5078 154.4103 0.0487 -105.5001 100.0000 stroke14
movl 0 -22.6431 366.2400 168.8725 155.5459 -4.0366 -106.6923 100.0000 stroke14
movl 0 -24.1296 368.3636 168.9187 156.7704 -6.9600 -107.8796 100.0000 stroke14
movl 0 -24.3841 367.5740 169.1615 156.8085 -7.2848 -108.2519 100.0000 stroke14
movl 0 -25.0207 368.0457 168.9948 157.1910 -7.7472 -108.4606 100.0000 stroke14
movl 0 -21.2934 362.2178 172.3018 154.5260 -4.2469 -108.3099 100.0000 stroke14
movl 0 -11.8453 327.9664 234.9603 142.9660 15.1391 -104.1563 100.0000 stroke14
movl 0 -27.2287 336.4039 208.7226 149.8054 16.2044 -92.3898 100.0000 stroke15
movl 0 -24.4817 340.4284 176.1253 151.2074 11.8871 -95.0631 100.0000 stroke15
movl 0 -25.5122 339.6996 173.4864 152.1785 11.8209 -96.2927 100.0000 stroke15
movl 0 -27.2361 339.3067 173.0867 153.4021 10.3315 -97.2467 100.0000 stroke15
movl 0 -25.3862 342.6340 174.1066 153.8456 6.7238 -98.8692 100.0000 stroke15
movl 0 -24.3285 344.4236 173.1531 152.9156 5.0888 -98.1763 100.0000 stroke15
movl 0 -26.7905 344.5345 172.7002 153.5297 4.6032 -97.9753 100.0000 stroke15
movl 0 -30.8104 345.5048 171.9522 154.6131 4.2090 -97.6875 100.0000 stroke15
movl 0 -34.2532 346.4781 171.3198 156.2797 3.8415 -98.5699 100.0000 stroke15
movl 0 -37.6148 347.2436 171.7492 158.3769 2.8131 -100.1787 100.0000 stroke15
movl 0 -39.8843 346.7696 172.0672 159.1294 3.2912 -101.5013 100.0000 stroke15
movl 0 -37.7615 348.3515 171.8261 159.5082 3.0194 -104.0235 100.0000 stroke15
movl 0 -33.4451 350.5782 171.8295 159.5413 2.4935 -107.0329 100.0000 stroke15
movl 0 -26.7095 352.0667 172.4702 158.7046 1.9069 -108.8210 100.0000 stroke15
movl 0 -6.5836 348.8916 182.4931 152.8192 3.1621 -111.2769 100.0000 stroke15
movl 0 14.3477 336.2526 245.4271 143.4352 14.7429 -114.2677 100.0000 stroke15
movl 0 3.2080 373.1583 214.4413 145.2725 4.6937 -104.6307 100.0000 stroke16
movl 0 1.3871 371.7197 184.2862 148.1742 0.6289 -106.0526 100.0000 stroke16
movl 0 2.8620 366.8252 172.2702 150.7028 2.4885 -108.0561 100.0000 stroke16
movl 0 -0.9386 363.9676 171.7513 151.8818 4.1361 -108.3603 100.0000 stroke16
movl 0 -0.2576 365.5981 170.9856 152.2758 3.5126 -108.8223 100.0000 stroke16
movl 0 0.0033 367.2037 169.9138 152.4299 3.0798 -109.2861 100.0000 stroke16
movl 0 -1.9377 371.8034 167.6414 153.9437 2.0024 -109.7787 100.0000 stroke16
movl 0 0.0148 378.0443 166.0614 155.3453 -1.5647 -112.9440 100.0000 stroke16
movl 0 0.8900 379.8996 165.2904 155.0028 -3.1148 -112.7400 100.0000 stroke16
movl 0 -0.8488 379.7420 165.6560 154.6608 -4.1510 -111.2838 100.0000 stroke16
movl 0 -3.2464 378.4207 166.3022 154.4055 -4.1770 -109.5014 100.0000 stroke16
movl 0 -6.9404 374.4501 168.1395 152.9651 -3.0177 -106.2750 100.0000 stroke16
movl 0 -20.1206 358.4679 189.0194 147.8744 4.9830 -99.7416 100.0000 stroke16
movl 0 -37.8493 352.1263 240.0516 147.2763 7.9098 -102.1250 100.0000 stroke17
movl 0 -23.5935 349.6611 191.9806 151.5716 3.8486 -108.5789 100.0000 stroke17
movl 0 -21.0430 348.3201 175.7323 154.4216 2.5932 -113.6686 100.0000 stroke17
movl 0 -23.5728 350.5493 174.0551 154.9460 2.2925 -113.9053 100.0000 stroke17
movl 0 -23.2375 352.9103 172.8578 154.8588 0.8407 -114.2220 100.0000 stroke17
movl 0 -25.3646 354.6712 172.1549 156.0238 0.2617 -114.9525 100.0000 stroke17
movl 0 -27.2994 356.0420 172.1703 157.6963 -0.3941 -117.0181 100.0000 stroke17
movl 0 -28.7546 357.2666 172.4163 159.2836 -0.9615 -120.4152 100.0000 stroke17
movl 0 -30.2090 358.7258 172.9106 161.3215 -1.9462 -122.8616 100.0000 stroke17
movl 0 -32.2355 360.6713 173.7406 163.9961 -2.9655 -126.8556 100.0000 stroke17
movl 0 -33.6460 363.8273 174.8576 167.2410 -4.5409 -132.8777 100.0000 stroke17
movl 0 -33.9473 367.6866 174.8810 170.5871 -5.5114 -139.7360 100.0000 stroke17
movl 0 -32.4027 371.2272 174.7793 172.7448 -6.6906 -145.2341 100.0000 stroke17
movl 0 -32.7780 371.5450 175.0808 173.2598 -7.0709 -147.0800 100.0000 stroke17
movl 0 -32.0976 370.9681 175.6133 173.7030 -7.3836 -148.1939 100.0000 stroke17
movl 0 -31.9333 370.0693 175.8241 173.7275 -7.3583 -148.5145 100.0000 stroke17
movl 0 -30.9815 368.1701 176.7714 173.3604 -7.4322 -148.3063 100.0000 stroke17
movl 0 -29.2437 366.6631 177.4775 172.2679 -7.3333 -147.9189 100.0000 stroke17
movl 0 -28.5851 366.2781 177.6174 172.4708 -7.6926 -147.8271 100.0000 stroke17
movl 0 -28.1856 365.4097 178.2376 172.5187 -7.8615 -147.8324 100.0000 stroke17
movl 0 -27.2225 364.0917 178.9108 172.1723 -7.9457 -147.6792 100.0000 stroke17
movl 0 -26.5221 363.0600 179.3802 171.9144 -8.0831 -147.6591 100.0000 stroke17
movl 0 -26.4595 363.0884 179.3179 171.5209 -8.1576 -147.4071 100.0000 stroke17
movl 0 -25.4271 362.8341 179.1475 170.8790 -8.2884 -147.0253 100.0000 stroke17
movl 0 -26.0228 363.2895 178.9699 171.0292 -8.1988 -146.9428 100.0000 stroke17
movl 0 -25.2573 363.0385 178.9059 170.4535 -8.4309 -146.5070 100.0000 stroke17
movl 0 -17.4730 360.5934 185.8747 166.8326 -9.4016 -145.5512 100.0000 stroke17
movl 0 -0.6195 350.0739 249.0246 157.1973 -10.8858 -143.0528 100.0000 stroke17
