movl 0 -18.8768 408.6891 169.9633 164.8874 28.5623 -58.6659 100.0000 stroke1
movl 0 -16.9066 413.9530 166.5781 164.3927 25.8958 -56.4704 100.0000 stroke1
movl 0 -19.6425 410.5509 168.3216 166.0494 25.5036 -56.5238 100.0000 stroke1
movl 0 -20.7248 411.3675 167.8300 166.9022 25.1639 -55.9383 100.0000 stroke1
movl 0 -23.9718 413.3941 167.2992 167.3826 23.3550 -56.1580 100.0000 stroke1
movl 0 -26.7392 415.7977 167.0710 167.4402 21.2149 -57.4331 100.0000 stroke1
movl 0 -28.4122 417.1244 166.9224 167.4548 19.5397 -58.8189 100.0000 stroke1
movl 0 -27.9765 418.3105 166.8368 167.2700 18.5220 -60.4024 100.0000 stroke1
movl 0 -27.3630 419.1074 166.9210 166.4534 17.9401 -61.5350 100.0000 stroke1
movl 0 -26.3225 418.5301 166.6641 165.3743 17.2625 -62.4476 100.0000 stroke1
movl 0 -25.5614 418.1903 166.8224 164.1999 16.4182 -63.9758 100.0000 stroke1
movl 0 -25.6869 417.9110 167.3443 163.2510 15.5151 -65.8192 100.0000 stroke1
movl 0 -25.8629 417.2670 167.9001 162.4075 14.5397 -67.2332 100.0000 stroke1
movl 0 -26.2069 416.4000 168.6127 161.8405 13.7800 -68.3760 100.0000 stroke1
movl 0 -26.3162 415.5355 169.0757 161.3282 13.5358 -68.9525 100.0000 stroke1
movl 0 -25.7375 413.9977 169.8298 160.5192 13.5692 -69.3265 100.0000 stroke1
movl 0 -19.4495 400.6916 182.9943 156.4325 18.8631 -74.8128 100.0000 stroke1
movl 0 -18.8064 371.3359 243.4542 141.2467 24.0100 -95.7799 100.0000 stroke1
movl 0 -28.4395 392.2261 246.5820 141.0462 14.5022 -98.6442 100.0000 stroke2
movl 0 -17.0834 404.0705 180.2454 142.2015 0.2329 -106.7778 100.0000 stroke2
movl 0 -15.0119 405.1637 163.2051 144.2117 -1.1252 -110.2255 100.0000 stroke2
movl 0 -19.0340 407.7142 160.7593 145.3748 -2.2718 -110.0029 100.0000 stroke2
movl 0 -22.9582 408.4712 160.5506 146.6997 -2.6044 -110.0846 100.0000 stroke2
movl 0 -24.4207 409.2356 159.8556 147.1188 -2.4904 -109.8977 100.0000 stroke2
movl 0 -27.5963 410.9226 158.9576 148.6497 -2.8548 -109.8860 100.0000 stroke2
movl 0 -27.8998 413.1872 158.6301 149.8528 -4.7802 -111.1537 100.0000 stroke2
movl 0 -28.7182 413.7604 158.9582 150.4953 -6.2121 -111.9004 100.0000 stroke2
movl 0 -29.7833 415.2518 159.1834 151.6924 -8.6994 -112.5751 100.0000 stroke2
movl 0 -32.3484 416.3826 159.6299 153.3504 -11.4773 -112.9781 100.0000 stroke2
movl 0 -30.2491 414.9143 160.3246 152.5161 -11.1046 -113.8393 100.0000 stroke2
movl 0 -31.9938 414.8956 160.5946 153.5139 -11.4543 -114.2848 100.0000 stroke2
movl 0 -29.8049 405.4098 164.3016 149.5381 -5.1980 -112.9385 100.0000 stroke2
movl 0 -23.7540 383.1674 217.3299 140.8811 18.3423 -102.5974 100.0000 stroke2
movl 0 -4.6998 407.3225 204.8930 144.8895 0.5687 -107.3956 100.0000 stroke3
movl 0 -13.1359 405.8993 177.1885 148.0948 -0.6752 -110.5612 100.0000 stroke3
movl 0 -25.2851 404.0705 177.1716 152.5078 -0.3158 -111.6734 100.0000 stroke3
movl 0 -33.3936 404.5409 173.3988 153.2671 0.4894 -109.4365 100.0000 stroke3
movl 0 -35.9654 406.5547 170.8909 153.6070 1.3463 -106.8348 100.0000 stroke3
movl 0 -37.3668 406.7139 170.0411 153.6336 1.7777 -105.4078 100.0000 stroke3
movl 0 -40.2375 407.4172 169.5368 155.1207 2.1975 -104.9316 100.0000 stroke3
movl 0 -41.9929 407.1929 169.7728 156.2797 2.4452 -105.1952 100.0000 stroke3
movl 0 -41.3605 407.3799 169.8138 156.5718 2.5409 -105.6977 100.0000 stroke3
movl 0 -39.1272 407.7962 170.0596 156.9497 2.3435 -106.6350 100.0000 stroke3
movl 0 -33.9101 408.1889 170.3661 157.0534 2.0817 -108.0802 100.0000 stroke3
movl 0 -26.3679 409.3296 170.5628 157.1084 1.6608 -109.9947 100.0000 stroke3
movl 0 -19.9240 410.4811 170.6508 157.4545 1.2411 -111.7766 100.0000 stroke3
movl 0 -13.6990 412.4263 170.2447 158.0489 0.4925 -113.7562 100.0000 stroke3
movl 0 -8.5492 413.7601 169.8911 158.1644 -0.2210 -115.2037 100.0000 stroke3
movl 0 -5.1006 415.0543 169.6199 158.3586 -0.6223 -116.3208 100.0000 stroke3
movl 0 0.8598 413.0871 170.0754 155.7276 -1.0502 -116.0736 100.0000 stroke3
movl 0 8.3005 415.2729 169.3372 154.2138 -2.8349 -116.6130 100.0000 stroke3
movl 0 9.8404 419.4728 167.9324 154.5878 -4.6573 -116.9093 100.0000 stroke3
movl 0 12.6809 426.0264 165.5291 156.0815 -8.3372 -118.1200 100.0000 stroke3
movl 0 17.0795 431.6649 162.4894 155.5867 -11.5611 -118.0602 100.0000 stroke3
movl 0 18.4845 434.0686 160.9254 154.7770 -13.3582 -116.7891 100.0000 stroke3
movl 0 17.3382 434.2638 161.0144 154.5601 -13.9490 -115.7008 100.0000 stroke3
movl 0 16.8640 433.1457 161.5457 153.6360 -14.0113 -114.2994 100.0000 stroke3
movl 0 16.6631 420.2644 170.1120 147.0378 -8.6661 -111.1826 100.0000 stroke3
movl 0 4.1712 391.3531 229.3585 137.2411 11.9642 -99.7597 100.0000 stroke3
movl 0 -12.6243 407.5999 185.9960 145.1116 2.4611 -96.5474 100.0000 stroke4
movl 0 -16.5980 410.4010 167.5383 148.3493 0.0469 -98.3130 100.0000 stroke4
movl 0 -23.9952 409.1639 169.3584 151.4246 -0.1672 -98.5982 100.0000 stroke4
movl 0 -23.9573 409.3585 169.1050 152.3192 -0.3910 -100.0596 100.0000 stroke4
movl 0 -24.3065 410.0071 168.9801 152.9754 -0.7423 -100.6957 100.0000 stroke4
movl 0 -29.2764 413.3311 167.4810 154.8705 -2.3628 -100.9873 100.0000 stroke4
movl 0 -30.0072 415.7918 166.4193 156.3440 -4.6250 -103.0616 100.0000 stroke4
movl 0 -30.9246 417.8008 166.7232 157.6177 -7.1212 -105.3114 100.0000 stroke4
movl 0 -31.6937 419.9060 167.1519 159.1264 -10.0075 -107.8373 100.0000 stroke4
movl 0 -33.2404 422.8663 167.3240 161.5731 -13.7255 -111.4722 100.0000 stroke4
movl 0 -32.9158 422.4942 167.8355 162.2029 -15.0921 -114.1060 100.0000 stroke4
movl 0 -33.3154 422.5494 167.7468 162.7137 -15.5879 -115.0916 100.0000 stroke4
movl 0 -30.5189 415.6311 170.7787 160.0862 -12.9185 -116.0109 100.0000 stroke4
movl 0 -29.7267 393.6114 195.2684 151.7976 -1.7908 -119.2120 100.0000 stroke4
movl 0 -4.5878 389.9348 245.4654 143.5966 1.5209 -110.0953 100.0000 stroke5
movl 0 -11.0544 391.9499 186.8620 147.6662 -3.6885 -114.6100 100.0000 stroke5
movl 0 -15.3148 394.0871 176.5526 150.8951 -5.2638 -116.2786 100.0000 stroke5
movl 0 -24.7111 395.0344 172.3261 154.1476 -3.9101 -115.8592 100.0000 stroke5
movl 0 -28.4443 393.7060 171.8480 154.5898 -2.4587 -114.7013 100.0000 stroke5
movl 0 -28.7571 395.0549 171.0275 154.8729 -2.7247 -114.4434 100.0000 stroke5
movl 0 -31.6285 395.6173 170.7120 156.4893 -2.1109 -114.4809 100.0000 stroke5
movl 0 -32.3210 396.1426 170.6634 157.2588 -1.9088 -115.0874 100.0000 stroke5
movl 0 -30.6982 397.0404 170.6032 157.6545 -2.1150 -116.5243 100.0000 stroke5
movl 0 -27.0576 398.8463 170.4041 158.1571 -2.7538 -119.0177 100.0000 stroke5
movl 0 -22.8548 400.4841 170.1458 158.5165 -3.4080 -121.2545 100.0000 stroke5
movl 0 -19.1020 400.3741 170.2835 157.2425 -4.0731 -121.4556 100.0000 stroke5
movl 0 -17.7015 404.7478 169.1377 158.2289 -6.0865 -122.3284 100.0000 stroke5
movl 0 -16.3371 407.0948 168.0184 158.3821 -8.4461 -122.4698 100.0000 stroke5
movl 0 -16.8295 408.3891 168.0043 159.2357 -10.7204 -122.4007 100.0000 stroke5
movl 0 -17.5828 408.7285 168.3473 159.7838 -12.2526 -122.1307 100.0000 stroke5
movl 0 -16.6405 406.0569 169.6136 158.8873 -12.3386 -121.2613 100.0000 stroke5
movl 0 -4.5885 381.3738 204.4542 146.3558 -3.9106 -116.4190 100.0000 stroke5
movl 0 -11.1320 387.2408 203.2543 149.3323 5.3970 -98.8212 100.0000 stroke6
movl 0 -15.0631 390.6187 178.8797 153.2731 3.4154 -102.4867 100.0000 stroke6
movl 0 -23.8049 389.5121 176.1854 155.5701 1.7659 -104.1572 100.0000 stroke6
movl 0 -29.6769 389.6297 174.3553 156.3595 1.0120 -104.3674 100.0000 stroke6
movl 0 -31.2112 390.7067 173.0883 156.4616 0.3408 -104.4938 100.0000 stroke6
movl 0 -33.4318 391.6541 172.4690 157.3979 -0.1479 -105.0054 100.0000 stroke6
movl 0 -36.3374 390.5304 172.0844 158.7069 0.0274 -106.5678 100.0000 stroke6
movl 0 -36.7462 390.8566 171.8758 159.6138 0.0097 -107.9986 100.0000 stroke6
movl 0 -35.2966 391.8498 171.8132 160.2146 -0.3195 -109.6969 100.0000 stroke6
movl 0 -33.5211 392.7391 171.9591 160.8311 -0.6806 -111.5097 100.0000 stroke6
movl 0 -31.5093 394.0939 171.9162 161.5050 -1.1661 -113.5450 100.0000 stroke6
movl 0 -29.9161 393.8516 172.2182 161.2136 -1.3194 -114.0422 100.0000 stroke6
movl 0 -26.8508 391.3683 173.2055 159.5996 -0.5503 -114.3201 100.0000 stroke6
movl 0 -28.3705 392.4645 173.0447 160.6637 -1.1910 -114.2206 100.0000 stroke6
movl 0 -28.4552 392.9143 172.9126 161.1495 -1.7369 -114.1113 100.0000 stroke6
movl 0 -21.8787 385.7793 182.1874 152.5073 2.0422 -106.8899 100.0000 stroke6
movl 0 -18.4422 383.7221 190.5673 148.5464 0.4801 -99.3367 100.0000 stroke7
movl 0 -17.0659 386.0391 169.1838 150.1569 -1.4212 -101.2682 100.0000 stroke7
movl 0 -21.3453 383.0409 169.8115 151.2974 0.9462 -100.4216 100.0000 stroke7
movl 0 -19.9947 385.5171 168.4435 151.2659 0.0611 -100.4150 100.0000 stroke7
movl 0 -25.4428 387.7678 167.3660 152.9299 -0.6269 -99.9138 100.0000 stroke7
movl 0 -28.3810 391.6032 166.3903 155.1972 -3.4573 -101.8422 100.0000 stroke7
movl 0 -28.9245 393.6073 166.5531 156.3143 -6.2192 -104.0675 100.0000 stroke7
movl 0 -29.1945 396.2834 166.7719 157.9444 -10.1333 -107.0223 100.0000 stroke7
movl 0 -30.5370 398.5161 167.0564 160.4524 -14.2881 -111.2139 100.0000 stroke7
movl 0 -32.7157 400.4083 167.0978 163.1008 -17.3314 -114.0769 100.0000 stroke7
movl 0 -31.0695 398.9975 167.6741 162.3597 -16.8954 -114.3432 100.0000 stroke7
movl 0 -29.1885 393.7391 170.3124 160.1703 -14.4846 -113.8171 100.0000 stroke7
movl 0 -15.9735 360.2917 228.7922 146.6716 7.3735 -107.1712 100.0000 stroke7
movl 0 -17.4187 375.1198 214.9363 150.9984 15.0151 -85.7694 100.0000 stroke8
movl 0 -21.4603 378.8684 172.2860 153.6567 6.0429 -94.4873 100.0000 stroke8
movl 0 -29.5690 373.6640 175.0119 156.1403 5.9265 -97.8540 100.0000 stroke8
movl 0 -34.8641 372.7895 174.6841 157.0111 4.8865 -98.0593 100.0000 stroke8
movl 0 -38.4267 374.0779 173.3928 158.1846 4.0254 -97.9205 100.0000 stroke8
movl 0 -42.9819 373.4348 172.5280 160.0667 3.9965 -98.7276 100.0000 stroke8
movl 0 -45.7801 372.9604 172.4916 161.5172 4.1328 -100.0136 100.0000 stroke8
movl 0 -44.0098 374.2385 172.6543 161.9945 3.7133 -101.8030 100.0000 stroke8
movl 0 -39.9068 375.8382 172.9314 162.2555 3.2303 -104.0149 100.0000 stroke8
movl 0 -34.2760 377.9521 173.0810 162.5520 2.5843 -106.6500 100.0000 stroke8
movl 0 -27.8573 381.1780 172.9913 163.1061 1.7650 -109.9519 100.0000 stroke8
movl 0 -24.1418 380.1358 173.8010 161.6949 1.6377 -110.2451 100.0000 stroke8
movl 0 -19.2808 380.8649 174.1100 160.2575 0.8921 -110.9784 100.0000 stroke8
movl 0 -17.6380 387.4297 172.5262 161.6434 -2.3930 -112.5542 100.0000 stroke8
movl 0 -12.3845 394.0678 170.3462 161.2864 -6.0943 -113.5395 100.0000 stroke8
movl 0 -11.5152 398.8619 169.1614 161.5841 -9.5038 -113.3124 100.0000 stroke8
movl 0 -13.1351 401.3956 168.8609 162.5286 -12.5479 -113.2501 100.0000 stroke8
movl 0 -14.4936 402.1020 168.6510 163.0461 -14.2338 -113.0264 100.0000 stroke8
movl 0 -16.1950 401.0497 168.9711 163.3510 -14.4756 -112.7326 100.0000 stroke8
movl 0 -11.9846 395.9096 172.2311 160.5939 -12.6161 -112.5121 100.0000 stroke8
movl 0 3.5673 369.7221 226.7718 147.1262 3.2060 -107.4195 100.0000 stroke8
movl 0 -32.8073 359.4124 203.3712 158.2433 12.2164 -84.6918 100.0000 stroke9
movl 0 -37.3704 358.7254 180.4882 160.7106 9.7726 -87.6825 100.0000 stroke9
movl 0 -46.8955 356.3154 178.5626 163.2728 9.1983 -88.0032 100.0000 stroke9
movl 0 -48.4658 355.8012 177.7831 163.0949 9.1555 -88.6522 100.0000 stroke9
movl 0 -53.8662 357.1706 176.3220 164.7473 8.1083 -89.1416 100.0000 stroke9
movl 0 -57.1438 357.3946 175.7957 166.2295 7.5824 -90.1973 100.0000 stroke9
movl 0 -58.7988 358.1264 175.7796 167.2561 7.3387 -91.8185 100.0000 stroke9
movl 0 -59.0943 358.8628 175.9859 167.9953 6.9302 -93.5168 100.0000 stroke9
movl 0 -57.6543 360.1877 176.4310 168.2861 6.4422 -95.2627 100.0000 stroke9
movl 0 -55.4564 361.6411 176.7343 168.8221 5.9047 -97.5218 100.0000 stroke9
movl 0 -52.6338 363.6190 177.0545 169.4549 5.2553 -99.6353 100.0000 stroke9
movl 0 -50.2742 365.3347 177.2221 170.1799 4.7570 -101.8693 100.0000 stroke9
movl 0 -48.4538 366.8997 177.0440 170.6948 4.3808 -103.3461 100.0000 stroke9
movl 0 -45.6160 363.3301 178.6794 169.0321 5.5734 -103.0222 100.0000 stroke9
movl 0 -44.7156 363.4447 178.8040 168.7088 5.5635 -103.2409 100.0000 stroke9
movl 0 -45.4071 364.3264 178.8587 169.3717 4.7073 -103.3150 100.0000 stroke9
movl 0 -45.9589 365.2918 178.6879 169.9493 3.6549 -103.6437 100.0000 stroke9
movl 0 -45.6899 365.7426 178.3037 169.6646 3.2047 -102.8730 100.0000 stroke9
movl 0 -33.9856 356.7636 180.1456 162.3271 7.9053 -99.2544 100.0000 stroke9
movl 0 -19.2559 350.1644 188.9281 155.0565 15.0468 -99.2540 100.0000 stroke9
