movl 0 -12.0137 377.4910 162.5378 135.3796 4.0889 -115.7457 100.0000 stroke1
movl 0 -13.7127 379.2556 162.7475 139.2601 4.9869 -115.2811 100.0000 stroke1
movl 0 -15.2415 380.7224 163.8360 140.9558 4.0028 -113.9043 100.0000 stroke1
movl 0 -15.9463 379.9182 163.9279 141.3049 6.4063 -110.8495 100.0000 stroke1
movl 0 -19.2865 381.2519 164.4466 145.9730 20.4628 -91.8920 100.0000 stroke1
movl 0 -22.9630 390.4752 169.6605 146.7059 19.8741 -88.9154 100.0000 stroke1
movl 0 -29.2118 396.6245 174.7041 146.8544 14.5671 -93.6464 100.0000 stroke1
movl 0 -42.7262 395.3059 176.7971 152.9990 12.9708 -96.5657 100.0000 stroke1
movl 0 -39.9397 398.3501 174.6802 153.8817 10.4968 -97.2841 100.0000 stroke1
movl 0 -42.8029 393.6087 174.6614 154.9072 10.0003 -99.7087 100.0000 stroke1
movl 0 -46.0189 389.2267 175.2496 155.2697 10.9602 -98.7060 100.0000 stroke1
movl 0 -49.2101 387.3594 174.2176 155.5163 12.1831 -95.9717 100.0000 stroke1
movl 0 -50.2170 388.1296 172.3725 155.5381 12.6943 -93.6057 100.0000 stroke1
movl 0 -52.8867 388.1225 171.5689 156.3863 12.8485 -92.5310 100.0000 stroke1
movl 0 -55.9220 388.4709 171.4155 158.2585 12.6772 -92.5606 100.0000 stroke1
movl 0 -58.0613 387.9617 171.7851 159.3437 12.6268 -92.5749 100.0000 stroke1
movl 0 -59.2858 387.9076 172.0240 160.2710 12.3350 -92.7710 100.0000 stroke1
movl 0 -61.1853 386.9553 172.1295 161.1147 12.8281 -92.9454 100.0000 stroke1
movl 0 -60.9550 387.1292 172.2854 161.5547 12.9293 -93.7483 100.0000 stroke1
movl 0 -60.8258 387.5103 172.4652 162.1121 12.7955 -94.8534 100.0000 stroke1
movl 0 -60.4857 387.9840 172.6379 162.6627 12.6798 -95.9251 100.0000 stroke1
movl 0 -60.5063 388.5824 172.6993 163.3314 12.5075 -97.2601 100.0000 stroke1
movl 0 -60.0109 389.4653 172.2965 164.0462 12.3080 -98.7545 100.0000 stroke1
movl 0 -60.3551 388.3231 172.4189 164.0078 12.6768 -98.7634 100.0000 stroke1
movl 0 -58.6163 386.5496 172.8427 163.0085 13.4124 -98.8143 100.0000 stroke1
movl 0 -57.9947 385.7120 173.0074 162.6785 13.8444 -98.9471 100.0000 stroke1
movl 0 -57.4798 385.1281 173.1831 162.4881 14.1273 -99.0784 100.0000 stroke1
movl 0 -57.6582 385.1845 173.1764 162.6094 13.8544 -98.9846 100.0000 stroke1
movl 0 -58.0438 385.7201 173.4777 163.0492 12.9346 -99.1626 100.0000 stroke1
movl 0 -57.7827 386.1833 173.4008 163.1621 12.3080 -99.3720 100.0000 stroke1
movl 0 -57.8765 385.9172 173.6034 162.8428 12.1837 -98.8196 100.0000 stroke1
movl 0 -57.8708 385.7546 173.5886 162.5153 12.1492 -98.4653 100.0000 stroke1
movl 0 -53.1675 383.4394 175.1175 159.9407 12.8806 -97.8676 100.0000 stroke1
movl 0 -40.1004 376.1026 210.7439 153.1354 21.1650 -91.8108 100.0000 stroke1
movl 0 -23.7520 405.6733 208.5472 148.2761 19.0548 -84.6429 100.0000 stroke2
movl 0 -29.4379 393.2785 167.2022 153.5547 23.9410 -81.4587 100.0000 stroke2
movl 0 -34.6017 387.7774 168.1191 159.0900 27.8345 -78.7653 100.0000 stroke2
movl 0 -33.6870 391.5306 165.3542 159.2006 26.2316 -80.1198 100.0000 stroke2
movl 0 -34.4690 393.8833 164.2798 158.5280 25.0761 -81.3235 100.0000 stroke2
movl 0 -36.3731 398.0593 163.0344 157.9469 22.0173 -83.8740 100.0000 stroke2
movl 0 -35.5971 403.8096 162.7445 156.6323 16.2823 -88.8822 100.0000 stroke2
movl 0 -34.0234 407.2820 162.0308 154.7649 12.3170 -92.3835 100.0000 stroke2
movl 0 -33.0289 408.4366 161.8870 153.8028 10.3154 -94.5665 100.0000 stroke2
movl 0 -32.5330 408.8768 162.1467 153.3077 8.5373 -96.5040 100.0000 stroke2
movl 0 -32.1491 408.5610 162.6785 152.9361 7.0375 -97.7456 100.0000 stroke2
movl 0 -32.2099 408.8055 163.2118 152.9160 5.2722 -98.7116 100.0000 stroke2
movl 0 -32.3903 408.8447 163.9164 153.0412 3.5114 -99.6779 100.0000 stroke2
movl 0 -32.5634 408.3665 164.7031 153.1482 2.1053 -100.4810 100.0000 stroke2
movl 0 -33.1905 408.0919 165.5615 153.5136 0.5000 -101.2987 100.0000 stroke2
movl 0 -33.4990 408.3546 166.3358 153.8728 -1.6150 -102.3837 100.0000 stroke2
movl 0 -33.7156 408.1852 166.8259 154.3653 -3.8081 -103.5179 100.0000 stroke2
movl 0 -34.4161 407.8130 167.3055 155.2157 -6.0487 -104.6246 100.0000 stroke2
movl 0 -35.4837 408.1788 167.7202 156.6768 -9.0335 -106.6041 100.0000 stroke2
movl 0 -37.0214 408.3058 167.8439 158.3443 -11.6972 -108.5829 100.0000 stroke2
movl 0 -39.4303 408.7943 167.9555 160.7172 -14.3101 -110.7283 100.0000 stroke2
movl 0 -41.9233 409.2012 167.9918 162.9708 -16.4597 -112.5068 100.0000 stroke2
movl 0 -43.7643 410.0311 167.9931 164.7950 -18.0379 -113.6386 100.0000 stroke2
movl 0 -45.4840 410.4044 167.9820 166.0295 -19.0962 -114.1015 100.0000 stroke2
movl 0 -46.5074 408.6833 168.3810 166.1809 -18.9445 -114.1201 100.0000 stroke2
movl 0 -42.2203 407.9386 168.9571 164.4633 -18.4531 -114.1436 100.0000 stroke2
movl 0 -41.0903 406.8818 169.3801 164.0351 -18.0491 -114.2760 100.0000 stroke2
movl 0 -41.3746 406.9299 169.5136 164.4675 -18.5975 -114.4226 100.0000 stroke2
movl 0 -41.0591 406.3528 169.8135 164.3205 -18.4114 -114.4580 100.0000 stroke2
movl 0 -41.8886 406.3764 169.6752 164.7044 -18.4826 -114.0491 100.0000 stroke2
movl 0 -38.8097 401.8316 171.3552 162.0447 -15.7745 -113.1407 100.0000 stroke2
movl 0 -35.0875 394.3037 173.3595 158.3296 -11.6120 -111.9041 100.0000 stroke2
movl 0 -35.0826 393.5167 173.0759 157.9335 -10.9171 -111.7116 100.0000 stroke2
movl 0 -38.5456 396.3138 171.6286 159.6468 -12.5477 -110.9015 100.0000 stroke2
movl 0 -41.5939 396.6502 170.6496 160.0020 -12.9191 -108.8389 100.0000 stroke2
movl 0 -41.4806 396.6606 170.0507 159.3483 -12.6466 -107.1931 100.0000 stroke2
movl 0 -40.3938 396.3037 169.9240 158.1731 -12.1894 -105.8410 100.0000 stroke2
movl 0 -39.5208 395.5249 170.0206 157.1233 -11.4929 -105.0362 100.0000 stroke2
movl 0 -38.8525 395.2476 170.0454 156.4669 -11.1487 -104.7471 100.0000 stroke2
movl 0 -37.1555 394.4999 170.4361 155.4340 -10.6119 -104.7371 100.0000 stroke2
movl 0 -28.0407 377.8077 185.4493 148.0742 0.6543 -103.5805 100.0000 stroke2
movl 0 -23.8096 355.2551 232.1790 137.8208 25.5878 -100.5578 100.0000 stroke2
movl 0 -28.6375 403.3904 201.3290 144.9245 3.9301 -96.5236 100.0000 stroke3
movl 0 -33.9230 402.4002 174.6114 149.0772 -0.8467 -100.1511 100.0000 stroke3
movl 0 -44.7254 395.5720 174.0774 152.7965 -0.5048 -101.8775 100.0000 stroke3
movl 0 -47.5062 395.4589 173.2696 153.6172 -2.0530 -101.2151 100.0000 stroke3
movl 0 -52.8339 395.6548 171.9763 154.8315 -2.9324 -100.0087 100.0000 stroke3
movl 0 -57.7723 395.5873 171.6664 157.2327 -3.5885 -100.9570 100.0000 stroke3
movl 0 -59.0649 397.6591 171.4643 158.5315 -5.2674 -102.0340 100.0000 stroke3
movl 0 -61.3997 397.1023 171.8419 159.6156 -5.8017 -102.7428 100.0000 stroke3
movl 0 -62.5244 395.9490 172.5094 159.9214 -5.0295 -104.0128 100.0000 stroke3
movl 0 -63.1729 394.4413 173.0448 160.1540 -3.7865 -105.2957 100.0000 stroke3
movl 0 -62.7896 394.5932 173.0180 160.2554 -3.4262 -106.2313 100.0000 stroke3
movl 0 -60.8227 395.4205 173.1750 160.2235 -3.2356 -107.2240 100.0000 stroke3
movl 0 -57.4467 397.4476 173.4394 160.1136 -3.1699 -108.4028 100.0000 stroke3
movl 0 -53.3540 400.1260 173.7411 159.9395 -3.1912 -109.5240 100.0000 stroke3
movl 0 -49.6666 402.7233 174.0104 159.8435 -3.2255 -110.4566 100.0000 stroke3
movl 0 -45.6838 405.4574 174.3595 159.6861 -3.3153 -111.3382 100.0000 stroke3
movl 0 -34.9989 406.5589 179.4811 157.3444 -2.2952 -112.7299 100.0000 stroke3
movl 0 -16.6971 403.8938 214.4190 151.3228 3.5546 -114.0540 100.0000 stroke3
movl 0 -11.8115 398.5186 206.5521 150.2252 17.3152 -98.7344 100.0000 stroke4
movl 0 -17.3192 396.2150 176.6709 152.2202 13.9599 -100.7813 100.0000 stroke4
movl 0 -22.7083 397.0011 173.9921 154.1393 13.4581 -100.2481 100.0000 stroke4
movl 0 -25.4668 397.7335 172.0423 154.5210 12.8839 -99.6518 100.0000 stroke4
movl 0 -28.6134 398.8611 170.5475 154.9870 12.5567 -98.4018 100.0000 stroke4
movl 0 -32.8306 399.4733 170.1680 157.3398 12.5803 -97.8831 100.0000 stroke4
movl 0 -35.3325 399.7716 170.6383 158.9858 12.0769 -98.1275 100.0000 stroke4
movl 0 -37.5320 399.0478 170.9510 160.1112 12.2984 -98.2685 100.0000 stroke4
movl 0 -38.1125 398.5023 171.1096 160.6398 12.7203 -98.9121 100.0000 stroke4
movl 0 -36.9083 399.2121 171.4370 161.1026 12.5991 -100.5159 100.0000 stroke4
movl 0 -35.9612 400.4936 171.6438 162.0453 12.3890 -102.7023 100.0000 stroke4
movl 0 -34.7921 402.8176 171.6685 163.0963 11.8521 -105.5943 100.0000 stroke4
movl 0 -33.8027 404.6650 171.4547 163.7157 11.3337 -107.5895 100.0000 stroke4
movl 0 -30.7093 402.2423 172.1087 161.7580 11.9340 -107.2104 100.0000 stroke4
movl 0 -29.1090 401.0933 172.4624 160.9427 12.3938 -107.3575 100.0000 stroke4
movl 0 -28.3170 400.6882 172.7258 160.6431 12.5991 -107.5751 100.0000 stroke4
movl 0 -28.0438 400.9992 172.6682 160.6409 12.3937 -107.6855 100.0000 stroke4
movl 0 -28.2547 402.3276 172.8959 161.4140 11.0594 -107.8195 100.0000 stroke4
movl 0 -27.8281 403.7767 172.9569 161.9927 9.7890 -108.4444 100.0000 stroke4
movl 0 -27.7137 404.6172 172.6378 161.9731 9.0000 -108.4344 100.0000 stroke4
movl 0 -22.9241 402.0007 173.1962 157.7995 8.9450 -105.3562 100.0000 stroke4
movl 0 -9.1699 389.4762 212.9925 146.2883 12.4655 -100.8157 100.0000 stroke4
movl 0 -4.7380 411.0852 186.2341 149.0592 1.4283 -103.1642 100.0000 stroke5
movl 0 -4.1148 413.5314 172.6552 151.2846 0.9083 -105.2203 100.0000 stroke5
movl 0 -3.8546 414.0079 170.8414 152.1702 1.0349 -106.2452 100.0000 stroke5
movl 0 -3.3724 414.9644 169.6278 151.7895 1.5016 -106.9414 100.0000 stroke5
movl 0 -3.7305 416.2522 168.6807 151.7319 1.2698 -107.1093 100.0000 stroke5
movl 0 -5.6774 419.2583 167.4489 152.9296 -0.0838 -107.1468 100.0000 stroke5
movl 0 -5.7589 421.3733 166.6408 153.9279 -1.4080 -107.8444 100.0000 stroke5
movl 0 -5.8895 421.7771 166.5147 153.9377 -2.1941 -107.5401 100.0000 stroke5
movl 0 -5.9356 421.5135 166.6032 153.6429 -2.7362 -106.8192 100.0000 stroke5
movl 0 -5.9553 420.5437 166.9888 153.0995 -2.9600 -105.9586 100.0000 stroke5
movl 0 -6.4153 417.9068 168.1808 152.2531 -2.6409 -105.2694 100.0000 stroke5
movl 0 -7.8061 407.9859 183.4771 148.0368 -0.3851 -106.7310 100.0000 stroke5
movl 0 -6.3894 406.7098 192.7762 147.5950 -2.4301 -111.0430 100.0000 stroke6
movl 0 -6.1563 409.7689 171.5227 149.8436 -4.0163 -112.0551 100.0000 stroke6
movl 0 -9.3408 408.9776 170.0672 151.0696 -3.5164 -112.1330 100.0000 stroke6
movl 0 -9.3825 409.4193 169.6889 151.2983 -3.4720 -112.8636 100.0000 stroke6
movl 0 -9.8737 410.5872 168.9658 151.4652 -3.7895 -113.0654 100.0000 stroke6
movl 0 -12.4804 412.2721 168.0880 152.7710 -4.0386 -113.3985 100.0000 stroke6
movl 0 -12.7968 413.8136 167.9476 153.8820 -5.0058 -114.4431 100.0000 stroke6
movl 0 -13.0618 414.4325 168.0731 154.4211 -5.9896 -114.7937 100.0000 stroke6
movl 0 -12.8745 415.1178 168.3790 155.0191 -7.5212 -115.1481 100.0000 stroke6
movl 0 -13.5094 416.4418 168.7609 156.2718 -9.6224 -115.8339 100.0000 stroke6
movl 0 -14.7371 418.7285 169.0648 158.2700 -12.2165 -116.9932 100.0000 stroke6
movl 0 -14.4975 417.7471 169.6427 158.3081 -12.3724 -117.8724 100.0000 stroke6
movl 0 -15.2535 418.1679 169.7437 159.1907 -13.2004 -118.2446 100.0000 stroke6
movl 0 -15.0965 417.3048 170.0552 158.9923 -12.8263 -118.3339 100.0000 stroke6
movl 0 -15.5458 413.5480 170.8421 157.6291 -10.2016 -117.8404 100.0000 stroke6
movl 0 -14.0971 408.8276 171.2043 154.9128 -6.0433 -116.5651 100.0000 stroke6
movl 0 -11.7519 397.9723 174.1837 149.5613 4.9040 -112.4076 100.0000 stroke6
movl 0 -8.3667 381.0447 213.7425 146.1685 27.8726 -104.9626 100.0000 stroke6
movl 0 4.1828 393.7586 221.0270 160.6291 36.0290 -68.7246 100.0000 stroke7
movl 0 6.9881 399.0759 182.5588 153.9445 23.8085 -78.3767 100.0000 stroke7
movl 0 -0.6448 399.9879 170.7573 156.4880 19.7938 -79.6860 100.0000 stroke7
movl 0 -8.5278 396.8210 171.0165 158.4341 19.3885 -78.8620 100.0000 stroke7
movl 0 -11.7422 396.2988 170.4371 159.0814 19.3590 -78.7293 100.0000 stroke7
movl 0 -13.8924 397.1255 169.9624 160.1254 18.5837 -78.8185 100.0000 stroke7
movl 0 -14.3299 398.1784 169.9551 160.7964 17.8592 -79.8709 100.0000 stroke7
movl 0 -12.1011 400.2156 169.9345 161.1215 16.7575 -82.5954 100.0000 stroke7
movl 0 -6.8283 402.6017 169.6865 159.1816 15.8565 -84.3259 100.0000 stroke7
movl 0 -1.3437 409.5887 168.2138 157.0966 12.2466 -86.4879 100.0000 stroke7
movl 0 0.6249 415.4149 167.4677 156.4525 7.8395 -88.7539 100.0000 stroke7
movl 0 1.8894 418.5005 166.6018 155.5062 5.7208 -89.1440 100.0000 stroke7
movl 0 1.4537 420.5107 166.9078 155.2297 2.8215 -89.5253 100.0000 stroke7
movl 0 0.5281 422.7824 167.1038 155.2237 -0.5168 -89.5429 100.0000 stroke7
movl 0 -0.5481 423.4595 167.3976 155.3430 -2.6253 -89.7994 100.0000 stroke7
movl 0 1.5257 421.2366 168.1906 154.8100 -1.2411 -90.8965 100.0000 stroke7
movl 0 -0.3660 421.9823 168.1402 155.3746 -2.8688 -90.4326 100.0000 stroke7
movl 0 0.9207 420.0739 168.5920 154.9498 -1.4185 -90.9286 100.0000 stroke7
movl 0 -0.8638 417.0179 169.8276 155.3998 -0.0659 -90.7590 100.0000 stroke7
movl 0 1.2942 397.8804 184.0750 153.2120 14.9533 -88.3701 100.0000 stroke7
movl 0 -9.8899 384.7688 248.6431 159.5110 28.8057 -71.4932 100.0000 stroke8
movl 0 -12.2070 391.0217 188.3430 158.3539 18.9712 -76.7220 100.0000 stroke8
movl 0 -17.1429 389.3126 177.6502 159.9612 17.7273 -78.9642 100.0000 stroke8
movl 0 -23.6843 387.0585 175.7728 162.0434 18.2780 -77.9766 100.0000 stroke8
movl 0 -28.1913 385.7350 174.8443 163.3678 18.5356 -77.2876 100.0000 stroke8
movl 0 -29.3142 387.4862 174.0595 163.4269 17.9738 -77.2555 100.0000 stroke8
movl 0 -31.2697 388.5358 173.8098 164.2097 17.1873 -77.8568 100.0000 stroke8
movl 0 -32.5329 388.5366 173.8604 164.8834 16.9528 -78.1842 100.0000 stroke8
movl 0 -32.1794 388.8695 173.8603 165.0612 16.7739 -78.8036 100.0000 stroke8
movl 0 -31.9004 389.3065 173.9724 165.4582 16.4685 -79.7250 100.0000 stroke8
movl 0 -31.2557 390.2860 173.9034 165.8501 16.0540 -80.9285 100.0000 stroke8
movl 0 -30.9359 390.6148 173.8848 166.0788 15.9918 -81.5468 100.0000 stroke8
movl 0 -29.2734 389.1705 174.3782 165.3236 16.8167 -81.6907 100.0000 stroke8
movl 0 -28.2600 388.7549 174.6178 164.9679 17.1372 -81.9414 100.0000 stroke8
movl 0 -28.5535 389.3882 174.5514 165.1184 16.3806 -81.9472 100.0000 stroke8
movl 0 -28.4467 389.9066 174.4389 165.0347 15.8471 -81.9024 100.0000 stroke8
movl 0 -24.1528 387.5334 176.2214 161.5806 17.8168 -79.3177 100.0000 stroke8
movl 0 -22.9485 369.9844 228.7597 158.2589 28.3771 -76.8895 100.0000 stroke8
movl 0 -5.4953 393.0000 195.0989 153.6271 15.0733 -80.5684 100.0000 stroke9
movl 0 -12.5646 393.2186 177.1636 156.5001 13.3945 -82.0401 100.0000 stroke9
movl 0 -16.8874 389.9056 175.5679 158.2728 14.0459 -82.2447 100.0000 stroke9
movl 0 -19.3003 389.3764 174.7322 158.7695 14.2880 -82.7024 100.0000 stroke9
movl 0 -21.9670 390.5692 173.7201 159.1882 13.7340 -82.2585 100.0000 stroke9
movl 0 -24.0359 391.0820 173.0964 159.7620 13.4482 -82.1455 100.0000 stroke9
movl 0 -27.0967 391.4119 172.8614 161.2877 12.9065 -82.4627 100.0000 stroke9
movl 0 -28.0843 391.2549 173.1871 161.8993 12.7433 -82.9588 100.0000 stroke9
movl 0 -26.1843 392.2117 173.1849 162.1314 12.2407 -84.6083 100.0000 stroke9
movl 0 -23.3245 393.8801 173.0985 162.3281 11.5258 -86.8879 100.0000 stroke9
movl 0 -21.8497 392.4661 173.6429 161.9402 12.2408 -87.4135 100.0000 stroke9
movl 0 -22.4877 393.1804 173.5666 162.3232 11.7297 -87.2416 100.0000 stroke9
movl 0 -22.6034 394.2782 173.5162 162.2839 11.0577 -87.0429 100.0000 stroke9
movl 0 -20.1500 392.8446 174.3108 160.7712 11.8197 -86.5187 100.0000 stroke9
movl 0 -17.5413 385.0525 205.4003 157.0865 17.7433 -83.4485 100.0000 stroke9
movl 0 -11.7974 389.6809 217.8913 152.0464 18.7463 -77.7441 100.0000 stroke10
movl 0 -15.5558 387.3390 182.3641 153.4434 16.3931 -78.2899 100.0000 stroke10
movl 0 -18.8179 389.3968 173.1872 155.0269 14.7722 -78.4803 100.0000 stroke10
movl 0 -19.9940 389.0855 172.0164 155.8338 14.6365 -79.1196 100.0000 stroke10
movl 0 -20.6481 390.4156 171.3130 156.3227 14.4072 -80.0488 100.0000 stroke10
movl 0 -23.1978 392.1495 170.5152 157.2467 13.5101 -80.4600 100.0000 stroke10
movl 0 -26.4860 395.0651 170.0709 158.8302 10.7870 -81.3606 100.0000 stroke10
movl 0 -25.4748 397.1014 169.8067 158.4216 9.6150 -82.2439 100.0000 stroke10
movl 0 -25.3483 399.2469 169.6780 157.7384 7.1189 -82.4757 100.0000 stroke10
movl 0 -27.5618 399.7793 169.8227 157.3078 4.5600 -81.6567 100.0000 stroke10
movl 0 -24.6346 398.8533 170.3828 156.5784 5.6544 -82.7429 100.0000 stroke10
movl 0 -25.6861 399.3587 170.0913 156.8468 4.5733 -82.7028 100.0000 stroke10
movl 0 -26.4088 398.2003 170.3683 157.2754 5.2288 -82.7850 100.0000 stroke10
movl 0 -27.4688 395.2845 170.9778 158.0636 7.1536 -82.6848 100.0000 stroke10
movl 0 -28.0633 393.6075 171.3360 158.4654 8.3522 -82.7474 100.0000 stroke10
movl 0 -26.6814 391.2609 172.1302 158.3137 10.0011 -83.1523 100.0000 stroke10
movl 0 -24.3159 371.7413 195.3292 159.0747 20.2958 -80.3555 100.0000 stroke10
movl 0 -0.4074 381.0288 190.6975 159.3706 21.7754 -75.6707 100.0000 stroke11
movl 0 -18.0127 379.0990 177.7569 162.9174 20.2651 -74.9675 100.0000 stroke11
movl 0 -23.5172 378.1702 176.4150 163.8398 19.6023 -74.7661 100.0000 stroke11
movl 0 -28.0385 378.0874 175.3278 163.2395 18.9770 -73.6903 100.0000 stroke11
movl 0 -30.0393 378.5184 174.4750 163.2357 18.3581 -73.3380 100.0000 stroke11
movl 0 -33.0425 379.6238 174.0778 164.3515 16.7620 -73.9075 100.0000 stroke11
movl 0 -35.1551 379.6962 174.3981 165.2198 16.0131 -74.3732 100.0000 stroke11
movl 0 -34.1058 380.4174 174.3774 165.5444 15.8511 -75.6979 100.0000 stroke11
movl 0 -30.8932 381.7791 174.6411 165.5090 15.5414 -77.3447 100.0000 stroke11
movl 0 -27.2330 383.3222 174.8379 165.5426 15.0132 -78.8752 100.0000 stroke11
movl 0 -22.4899 385.3259 174.9574 165.6205 14.4670 -81.1293 100.0000 stroke11
movl 0 -16.5056 388.3898 174.8187 166.0431 13.4392 -84.4855 100.0000 stroke11
movl 0 -10.3985 391.2332 174.1317 165.8838 12.3827 -86.9571 100.0000 stroke11
movl 0 -4.2545 390.6112 174.8065 163.1000 12.6223 -87.1527 100.0000 stroke11
movl 0 3.7373 395.8217 173.4897 160.5933 10.7032 -88.9540 100.0000 stroke11
movl 0 7.5364 404.8101 171.5575 159.9921 5.2407 -90.5866 100.0000 stroke11
movl 0 13.4262 412.0335 169.0320 157.7804 1.9912 -91.0500 100.0000 stroke11
movl 0 14.4393 413.7378 168.0583 156.6622 1.0994 -90.0454 100.0000 stroke11
movl 0 13.8556 412.8507 168.1926 155.9295 1.2109 -88.4171 100.0000 stroke11
movl 0 13.3584 411.5858 168.6760 155.5250 1.4979 -87.4670 100.0000 stroke11
movl 0 15.9450 405.1020 172.0844 153.1047 4.3407 -86.7077 100.0000 stroke11
movl 0 12.8304 381.8555 213.6213 149.2116 19.8754 -82.9760 100.0000 stroke11
movl 0 1.2194 391.8171 194.5404 154.2558 17.8361 -70.4610 100.0000 stroke12
movl 0 -6.8325 389.2785 173.3201 157.5576 15.5537 -70.8414 100.0000 stroke12
movl 0 -14.2392 385.2717 174.7198 160.2462 15.2207 -69.3348 100.0000 stroke12
movl 0 -16.0809 382.8813 174.7137 160.9078 15.9405 -69.3092 100.0000 stroke12
movl 0 -16.9636 382.4394 174.5052 161.3210 16.1527 -69.1883 100.0000 stroke12
movl 0 -18.7738 382.2477 174.0656 161.9775 16.3064 -69.1779 100.0000 stroke12
movl 0 -23.8081 382.8107 173.2221 163.1654 14.8772 -67.2995 100.0000 stroke12
movl 0 -28.0584 383.5165 172.7110 163.5051 13.2712 -65.9145 100.0000 stroke12
movl 0 -27.7924 381.6060 173.1407 163.7800 14.0838 -66.0020 100.0000 stroke12
movl 0 -29.2267 381.2597 173.0071 164.1259 13.6973 -65.5091 100.0000 stroke12
movl 0 -28.9063 381.5048 173.1066 164.7206 14.1942 -66.1745 100.0000 stroke12
movl 0 -27.5475 381.2933 173.3322 165.0014 14.9010 -66.9154 100.0000 stroke12
movl 0 -23.9830 380.6543 174.3066 164.7003 15.6900 -67.8119 100.0000 stroke12
movl 0 -16.8490 375.1929 180.1542 163.0569 19.4058 -68.1371 100.0000 stroke12
movl 0 -12.2963 364.7056 231.8305 165.7822 28.9135 -66.7479 100.0000 stroke12
movl 0 -3.7087 377.1118 205.4733 165.4265 26.3514 -59.0184 100.0000 stroke13
movl 0 -9.0410 376.0994 178.8010 165.6415 24.6406 -60.6602 100.0000 stroke13
movl 0 -12.9130 377.0148 176.4489 166.4349 22.8279 -61.1248 100.0000 stroke13
movl 0 -16.4685 376.5385 174.8283 166.2835 21.8771 -60.2960 100.0000 stroke13
movl 0 -18.9565 377.0912 174.3384 166.9210 20.9972 -59.9571 100.0000 stroke13
movl 0 -22.0633 378.7422 173.6277 167.4674 19.1237 -59.9888 100.0000 stroke13
movl 0 -22.5132 380.3539 173.8956 167.4373 17.1131 -60.6646 100.0000 stroke13
movl 0 -21.4541 381.0357 174.1929 167.1412 16.2740 -61.1414 100.0000 stroke13
movl 0 -19.9658 381.4336 174.4956 166.9929 15.6493 -61.5614 100.0000 stroke13
movl 0 -18.5533 382.0510 174.7347 167.0370 15.0687 -61.9016 100.0000 stroke13
movl 0 -16.6463 382.7313 174.8675 167.1012 14.4965 -62.3625 100.0000 stroke13
movl 0 -14.0114 383.8047 174.9316 167.4084 13.8610 -62.9928 100.0000 stroke13
movl 0 -10.7946 385.3389 174.8475 168.0372 13.0656 -64.2787 100.0000 stroke13
movl 0 -10.7575 385.6617 174.9611 168.4505 12.9877 -64.9413 100.0000 stroke13
movl 0 -12.2937 384.2627 175.3206 169.0937 13.6523 -64.6090 100.0000 stroke13
movl 0 -13.3887 383.8098 175.5413 169.2478 14.2491 -64.4046 100.0000 stroke13
movl 0 -13.3341 383.5699 175.6929 169.1551 14.7424 -64.4388 100.0000 stroke13
movl 0 -13.3141 383.6973 175.7759 168.9878 15.2379 -64.3868 100.0000 stroke13
movl 0 -13.2079 383.5256 175.8726 168.8551 15.5648 -64.3050 100.0000 stroke13
movl 0 -13.1766 383.4792 175.9566 168.7670 15.9049 -64.2547 100.0000 stroke13
movl 0 -13.1043 383.5323 176.0407 168.6290 16.1842 -64.1980 100.0000 stroke13
movl 0 -12.1727 383.0184 176.3018 168.3195 16.6011 -64.1091 100.0000 stroke13
movl 0 -5.8821 378.2497 182.1049 165.3400 19.6312 -64.7363 100.0000 stroke13
movl 0 -7.8008 353.4128 234.3390 166.2485 34.1614 -60.9546 100.0000 stroke13
movl 0 -20.1626 371.4728 213.7886 163.4149 26.4144 -66.3359 100.0000 stroke14
movl 0 -21.2855 373.3398 183.4154 165.0100 21.5507 -68.2674 100.0000 stroke14
movl 0 -25.5428 373.6120 177.9237 166.5600 19.8780 -69.1949 100.0000 stroke14
movl 0 -27.5907 372.3119 177.8463 167.7756 19.8528 -69.8671 100.0000 stroke14
movl 0 -29.3172 372.4878 177.3568 168.3148 19.3330 -70.1027 100.0000 stroke14
movl 0 -31.9052 375.2938 176.5124 169.0422 17.1886 -70.3241 100.0000 stroke14
movl 0 -33.6254 376.2964 176.3202 169.4392 15.8531 -70.3225 100.0000 stroke14
movl 0 -33.6740 376.5658 176.4911 169.3257 15.1557 -70.6857 100.0000 stroke14
movl 0 -34.8635 375.5069 176.6001 169.8333 15.4000 -70.6807 100.0000 stroke14
movl 0 -34.2896 376.5584 176.4817 169.8746 15.4769 -71.6429 100.0000 stroke14
movl 0 -32.1665 377.5915 176.7358 169.5847 15.6560 -72.9575 100.0000 stroke14
movl 0 -22.3209 377.2052 180.8297 167.2972 17.5456 -74.3412 100.0000 stroke14
movl 0 -10.3080 371.4479 223.4094 164.8746 24.4201 -75.0134 100.0000 stroke14
movl 0 1.4975 396.1075 202.4755 157.2579 12.3451 -79.8009 100.0000 stroke15
movl 0 0.6621 400.0941 179.4137 157.6027 9.2593 -80.0258 100.0000 stroke15
movl 0 -0.5556 399.0680 178.9168 158.3055 9.3960 -79.9702 100.0000 stroke15
movl 0 -2.5923 399.1592 177.8182 158.4228 9.4136 -80.2346 100.0000 stroke15
movl 0 -6.5877 397.8568 177.3810 159.9170 10.0257 -80.1977 100.0000 stroke15
movl 0 -11.4874 399.6546 176.3332 161.9684 8.4846 -79.4143 100.0000 stroke15
movl 0 -12.4643 401.2554 175.6737 162.3106 7.4605 -79.3048 100.0000 stroke15
movl 0 -12.9357 400.8167 175.5993 161.8780 7.0663 -78.7035 100.0000 stroke15
movl 0 -14.4481 399.1660 175.6829 161.5487 6.6477 -77.8611 100.0000 stroke15
movl 0 -17.7189 396.4669 175.6959 161.1986 6.3799 -76.1331 100.0000 stroke15
movl 0 -21.9521 393.5311 175.7059 161.0265 6.1293 -74.5073 100.0000 stroke15
movl 0 -26.0088 390.6027 175.8850 160.9263 6.1808 -73.1804 100.0000 stroke15
movl 0 -29.1195 388.5665 176.1844 160.6957 6.3038 -72.3802 100.0000 stroke15
movl 0 -31.1370 387.7447 176.3105 160.6307 6.3589 -72.0590 100.0000 stroke15
movl 0 -32.3952 387.2306 176.3767 160.5756 6.4295 -71.9152 100.0000 stroke15
movl 0 -32.9726 386.8502 176.5653 160.5095 6.5858 -71.8599 100.0000 stroke15
movl 0 -33.1474 386.6763 176.7731 160.3834 6.6766 -71.8524 100.0000 stroke15
movl 0 -33.4375 386.7308 176.8964 160.3881 6.7212 -71.9012 100.0000 stroke15
movl 0 -33.5424 386.7592 176.9821 160.3184 6.7849 -71.9079 100.0000 stroke15
movl 0 -33.5981 386.7239 177.2216 160.1471 6.8507 -71.9416 100.0000 stroke15
movl 0 -33.5844 385.3569 178.8471 159.8602 7.6178 -72.0126 100.0000 stroke15
movl 0 -37.0393 381.5558 188.5600 159.8058 9.7085 -71.4883 100.0000 stroke15
movl 0 -50.0143 369.8247 232.2943 161.0875 17.0676 -69.3499 100.0000 stroke15
movl 0 -7.4167 391.2896 243.2617 156.2363 14.4193 -72.7790 100.0000 stroke16
movl 0 -2.0202 389.1774 199.9619 157.2894 10.2833 -75.0267 100.0000 stroke16
movl 0 -0.4278 392.0685 183.2832 157.8536 8.2527 -75.8742 100.0000 stroke16
movl 0 -4.6620 389.7661 180.5593 159.0269 8.2574 -75.3113 100.0000 stroke16
movl 0 -5.4248 389.7062 179.4307 159.4993 8.7978 -75.6493 100.0000 stroke16
movl 0 -7.3216 391.2106 178.2295 160.3471 8.2747 -76.0400 100.0000 stroke16
movl 0 -10.6953 395.3629 176.5636 161.4252 6.0207 -75.8969 100.0000 stroke16
movl 0 -10.9668 397.6912 175.8180 161.2941 4.5066 -75.8734 100.0000 stroke16
movl 0 -11.9813 396.9746 175.8001 160.9845 4.0333 -75.0699 100.0000 stroke16
movl 0 -14.1542 395.3519 175.9230 160.7848 3.6811 -73.7229 100.0000 stroke16
movl 0 -16.4872 393.3001 176.0698 160.5217 3.5054 -72.5904 100.0000 stroke16
movl 0 -18.7102 391.5899 176.2241 160.2767 3.4626 -71.9266 100.0000 stroke16
movl 0 -20.8487 390.2309 176.4104 160.1006 3.5222 -71.5996 100.0000 stroke16
movl 0 -21.7887 389.3462 176.6928 159.8555 3.6203 -71.6132 100.0000 stroke16
movl 0 -21.9186 389.1085 176.8217 159.6562 3.6431 -71.7973 100.0000 stroke16
movl 0 -21.7949 389.1051 176.8604 159.5469 3.6089 -72.0348 100.0000 stroke16
movl 0 -22.1569 388.8133 177.0290 159.4292 3.6417 -72.1615 100.0000 stroke16
movl 0 -22.7812 388.5506 177.1534 159.3895 3.6378 -72.2994 100.0000 stroke16
movl 0 -23.1993 388.5748 177.1391 159.3389 3.6036 -72.3663 100.0000 stroke16
movl 0 -23.6497 388.6809 177.1621 159.3290 3.5898 -72.4136 100.0000 stroke16
movl 0 -23.9491 388.2228 177.6089 159.2002 3.7293 -72.5442 100.0000 stroke16
movl 0 -24.8753 387.2383 179.3736 158.8967 4.3787 -72.8574 100.0000 stroke16
movl 0 -30.8783 388.0523 194.4068 157.7035 6.5482 -72.9465 100.0000 stroke16
movl 0 -50.1549 384.1719 247.5757 157.6208 14.2565 -71.2710 100.0000 stroke16
movl 0 -24.2947 376.1464 211.4095 160.4500 16.0589 -70.7565 100.0000 stroke17
movl 0 -22.0296 374.9463 186.9303 160.6188 13.9483 -71.7462 100.0000 stroke17
movl 0 -27.1683 377.0087 181.2762 161.4843 12.6470 -71.7235 100.0000 stroke17
movl 0 -31.1386 377.4531 179.7261 162.0305 11.9928 -71.6552 100.0000 stroke17
movl 0 -34.1527 378.6582 178.8260 162.9935 11.1207 -72.3146 100.0000 stroke17
movl 0 -36.9246 380.5888 178.6748 164.3445 9.2844 -73.7820 100.0000 stroke17
movl 0 -37.8784 381.6447 178.8651 165.1409 8.0817 -75.4262 100.0000 stroke17
movl 0 -38.7385 382.4113 179.1082 165.9807 6.9299 -76.7293 100.0000 stroke17
movl 0 -39.2352 383.2085 179.5558 167.0673 5.6283 -78.1494 100.0000 stroke17
movl 0 -40.3459 384.4826 180.0107 168.4854 3.8067 -79.9956 100.0000 stroke17
movl 0 -42.2189 385.6880 180.2322 170.1531 2.0016 -82.3654 100.0000 stroke17
movl 0 -43.9933 387.0183 180.0815 171.6487 0.5072 -84.7467 100.0000 stroke17
movl 0 -45.5428 388.5247 179.8190 173.1015 -0.7754 -87.4100 100.0000 stroke17
movl 0 -47.2893 390.2865 179.4012 174.7813 -1.9673 -90.1186 100.0000 stroke17
movl 0 -48.6002 392.0160 178.9811 176.4332 -3.0005 -93.2629 100.0000 stroke17
movl 0 -49.5953 393.5555 178.5330 178.0453 -3.8099 -96.5029 100.0000 stroke17
movl 0 -50.3905 394.9528 178.0959 179.5007 -4.4322 -99.8437 100.0000 stroke17
movl 0 -51.1795 395.9398 177.7865 -179.4102 -4.7917 -102.8993 100.0000 stroke17
movl 0 -51.5322 396.4983 177.7103 -178.6242 -5.0762 -105.5092 100.0000 stroke17
movl 0 -50.5537 396.3024 178.2187 -178.7506 -5.1552 -106.4359 100.0000 stroke17
movl 0 -49.2888 396.4332 178.6266 -178.7029 -5.4267 -106.8052 100.0000 stroke17
movl 0 -47.7828 396.4324 179.1311 -178.7179 -5.8162 -107.0689 100.0000 stroke17
movl 0 -46.4880 395.8561 179.7048 -179.0344 -5.9020 -107.0364 100.0000 stroke17
movl 0 -45.8931 395.6437 180.1395 -178.9394 -6.0877 -107.3405 100.0000 stroke17
movl 0 -45.3612 395.0362 180.5980 -179.0977 -6.1695 -107.3085 100.0000 stroke17
movl 0 -44.6848 394.7748 181.0741 -179.2443 -6.3052 -107.4185 100.0000 stroke17
movl 0 -43.9939 394.3745 181.6021 -179.3647 -6.3514 -107.6752 100.0000 stroke17
movl 0 -43.6844 393.9815 181.9960 -179.4585 -6.4060 -107.7928 100.0000 stroke17
movl 0 -43.1583 393.7945 182.3816 -179.5947 -6.4903 -107.8278 100.0000 stroke17
movl 0 -42.5380 393.5413 182.8457 -179.7964 -6.5909 -107.7548 100.0000 stroke17
movl 0 -41.9280 393.2223 183.3841 -179.9372 -6.6570 -107.6956 100.0000 stroke17
movl 0 -41.3011 392.6110 184.0431 179.8621 -6.5903 -107.6773 100.0000 stroke17
movl 0 -41.3895 391.1533 184.9348 179.6817 -6.3008 -107.5224 100.0000 stroke17
movl 0 -40.7726 390.7350 185.4818 179.4674 -6.2572 -107.4976 100.0000 stroke17
movl 0 -40.7645 390.6580 185.4295 179.3120 -6.1972 -107.3962 100.0000 stroke17
movl 0 -39.0135 390.0987 186.1366 178.2032 -6.0451 -106.8911 100.0000 stroke17
movl 0 -28.8759 386.4048 193.3303 172.9738 -4.4488 -104.6008 100.0000 stroke17
movl 0 -16.6119 378.7255 230.2226 167.1018 0.3968 -102.7561 100.0000 stroke17
