movl 0 -27.0976 407.8490 172.5519 -151.8039 13.6123 56.3551 100.0000 stroke1
movl 0 -28.7964 406.9575 171.8974 -151.4274 12.0410 58.7549 100.0000 stroke1
movl 0 -30.7217 406.5174 171.7466 -151.7276 10.7209 60.7304 100.0000 stroke1
movl 0 -32.9849 406.0433 171.5684 -151.8992 8.8527 63.4418 100.0000 stroke1
movl 0 -32.9366 407.2355 170.7742 -151.5806 8.6121 65.2415 100.0000 stroke1
movl 0 -34.7032 408.5200 170.1064 -152.3536 8.3564 65.7439 100.0000 stroke1
movl 0 -36.8830 410.4718 169.0147 -153.8644 8.8720 65.1037 100.0000 stroke1
movl 0 -38.1232 412.6327 168.2058 -155.5485 10.1103 63.1017 100.0000 stroke1
movl 0 -38.4144 413.4784 168.1834 -156.9301 11.1794 60.4139 100.0000 stroke1
movl 0 -38.4430 414.4874 168.1217 -157.5752 12.3681 58.8001 100.0000 stroke1
movl 0 -39.7236 414.5430 168.2704 -158.5219 13.6115 56.3334 100.0000 stroke1
movl 0 -39.9602 414.9622 168.3959 -159.5683 14.9797 53.2411 100.0000 stroke1
movl 0 -40.7863 414.6406 168.7397 -160.5601 15.9179 50.4645 100.0000 stroke1
movl 0 -41.2752 414.5537 169.1362 -161.5995 16.8685 47.8209 100.0000 stroke1
movl 0 -41.7077 414.7144 169.3510 -162.6649 17.7734 45.4407 100.0000 stroke1
movl 0 -42.2720 414.6759 169.7489 -163.8956 18.6338 42.7386 100.0000 stroke1
movl 0 -42.8432 415.3072 170.0471 -165.6319 19.7956 39.4984 100.0000 stroke1
movl 0 -43.4959 415.7592 170.6746 -167.3997 20.7257 36.2760 100.0000 stroke1
movl 0 -44.1327 416.5278 171.0818 -169.2661 21.4204 33.7777 100.0000 stroke1
movl 0 -44.8048 416.8966 171.5973 -170.9253 21.9447 31.8554 100.0000 stroke1
movl 0 -45.5729 417.3340 171.9501 -172.6735 22.4823 29.8587 100.0000 stroke1
movl 0 -46.4582 417.4757 172.2828 -174.0532 22.9337 28.2593 100.0000 stroke1
movl 0 -44.9159 415.7676 173.0833 -172.8225 22.9376 28.2175 100.0000 stroke1
movl 0 -42.3528 414.6352 173.5040 -171.5889 22.9285 28.1212 100.0000 stroke1
movl 0 -42.5683 414.5667 173.8148 -172.0518 22.9940 27.5544 100.0000 stroke1
movl 0 -43.2910 415.1829 173.7756 -173.4703 23.2717 26.5332 100.0000 stroke1
movl 0 -43.9739 414.6946 173.9431 -173.6026 23.1613 26.1667 100.0000 stroke1
movl 0 -43.9338 414.4119 173.8959 -173.4315 22.9618 25.6527 100.0000 stroke1
movl 0 -43.8374 413.6808 174.0095 -172.8102 22.6223 25.5129 100.0000 stroke1
movl 0 -39.3713 407.8520 180.2069 -168.7222 22.8392 26.1849 100.0000 stroke1
movl 0 -15.0180 392.2847 242.9871 -154.0609 24.1380 30.1440 100.0000 stroke2
movl 0 -17.7791 395.1091 189.9158 -157.7083 25.1248 27.9758 100.0000 stroke2
movl 0 -22.3517 397.5874 183.4830 -160.4601 23.9776 25.1311 100.0000 stroke2
movl 0 -26.2611 398.5794 177.0729 -162.5086 24.0030 22.5792 100.0000 stroke2
movl 0 -28.4668 399.4130 175.3793 -162.4069 23.0638 24.1081 100.0000 stroke2
movl 0 -29.2784 400.7774 173.4074 -161.3788 22.0183 28.1429 100.0000 stroke2
movl 0 -29.8131 401.0313 172.9393 -161.1399 21.4451 29.2207 100.0000 stroke2
movl 0 -30.5741 401.3988 172.5514 -160.7250 20.4568 30.9812 100.0000 stroke2
movl 0 -31.5997 401.8844 172.2633 -160.5399 20.0901 32.0626 100.0000 stroke2
movl 0 -32.8492 402.8237 171.9951 -161.4166 19.5182 31.5933 100.0000 stroke2
movl 0 -35.5692 402.2467 172.3087 -162.0249 18.0864 31.2518 100.0000 stroke2
movl 0 -39.0944 401.7815 172.9366 -162.7126 16.8009 31.0914 100.0000 stroke2
movl 0 -40.7696 401.7013 173.5852 -163.6920 16.1708 30.3392 100.0000 stroke2
movl 0 -42.1652 401.3343 173.7512 -163.8604 15.4880 30.1444 100.0000 stroke2
movl 0 -43.0443 401.0813 173.9217 -163.9953 14.9008 29.6766 100.0000 stroke2
movl 0 -42.9835 400.9697 174.1297 -164.2091 14.4520 29.0708 100.0000 stroke2
movl 0 -42.6770 400.9644 174.3361 -164.4051 14.1114 28.5010 100.0000 stroke2
movl 0 -41.2957 401.3569 174.6997 -164.6926 13.9089 27.5432 100.0000 stroke2
movl 0 -40.6895 401.1898 175.0812 -164.9335 13.4159 26.7149 100.0000 stroke2
movl 0 -40.1995 401.6183 175.2947 -165.3307 12.9901 25.7558 100.0000 stroke2
movl 0 -39.2623 401.9345 175.6199 -165.7153 12.5333 24.7272 100.0000 stroke2
movl 0 -37.8315 402.1710 175.9727 -165.9539 12.1938 23.7103 100.0000 stroke2
movl 0 -36.0573 402.8234 176.0486 -166.2801 11.9261 22.7323 100.0000 stroke2
movl 0 -34.1265 403.4501 176.1401 -166.5790 11.5487 21.6223 100.0000 stroke2
movl 0 -32.2917 404.1440 176.1385 -166.9241 11.2207 20.5546 100.0000 stroke2
movl 0 -30.1903 405.0480 175.9509 -167.2509 10.9526 19.5437 100.0000 stroke2
movl 0 -27.5865 405.3807 176.0720 -167.3344 10.8386 18.6352 100.0000 stroke2
movl 0 -25.5615 406.2276 175.6978 -167.6532 10.6009 17.6949 100.0000 stroke2
movl 0 -23.6440 406.9990 175.3633 -167.9384 10.3256 16.5034 100.0000 stroke2
movl 0 -20.6679 408.0163 175.0319 -168.2160 10.5386 15.6439 100.0000 stroke2
movl 0 -18.6182 406.6206 175.6337 -167.4952 11.6606 16.6922 100.0000 stroke2
movl 0 -16.0465 404.5856 177.2283 -166.3591 12.4428 17.0232 100.0000 stroke2
movl 0 -16.0593 406.0164 176.5448 -167.5330 12.4395 16.4315 100.0000 stroke2
movl 0 -15.3031 406.6446 176.2403 -168.1970 12.5496 15.8569 100.0000 stroke2
movl 0 -15.2542 406.2017 176.1089 -167.9691 12.8679 16.4979 100.0000 stroke2
movl 0 -14.8679 405.3473 176.3875 -167.3618 13.5251 17.3662 100.0000 stroke2
movl 0 -13.2021 404.5151 177.3157 -166.5069 14.5602 18.2776 100.0000 stroke2
movl 0 -4.2261 396.2996 197.9734 -159.0462 16.7910 24.0697 100.0000 stroke2
movl 0 17.6218 398.2503 188.3615 -150.1164 19.5162 38.8316 100.0000 stroke3
movl 0 16.1392 401.0146 177.6360 -154.1884 20.4879 34.8768 100.0000 stroke3
movl 0 11.3503 400.7278 174.5457 -156.7594 18.0428 32.3743 100.0000 stroke3
movl 0 11.9547 403.4938 172.8914 -158.5535 18.8210 30.5684 100.0000 stroke3
movl 0 10.6067 403.5413 171.5276 -158.8623 18.1946 30.0602 100.0000 stroke3
movl 0 9.6678 406.5669 169.7321 -160.4750 18.3236 28.7691 100.0000 stroke3
movl 0 9.9182 410.9268 168.6575 -164.1155 19.7081 25.4115 100.0000 stroke3
movl 0 14.4239 415.8938 166.8076 -166.8853 21.9065 22.0733 100.0000 stroke3
movl 0 18.9771 421.4215 163.6922 -168.6469 24.9160 21.1832 100.0000 stroke3
movl 0 21.3566 425.0737 161.5147 -170.0166 27.1764 20.8137 100.0000 stroke3
movl 0 20.1154 425.4676 161.2728 -170.9853 27.6939 20.1126 100.0000 stroke3
movl 0 18.1797 426.2640 161.6983 -172.6847 28.1917 18.8271 100.0000 stroke3
movl 0 17.0383 426.3380 162.1067 -174.3792 28.5977 17.1307 100.0000 stroke3
movl 0 15.7100 426.7673 162.1273 -175.8927 29.0916 16.2508 100.0000 stroke3
movl 0 14.1786 427.1142 162.0777 -177.7904 29.4841 15.0408 100.0000 stroke3
movl 0 12.0805 426.1590 162.7215 -178.7984 29.3699 14.5511 100.0000 stroke3
movl 0 14.1560 424.0369 164.1738 -177.0088 29.3476 15.0794 100.0000 stroke3
movl 0 14.6479 423.9601 164.3182 -177.1735 29.6679 15.4104 100.0000 stroke3
movl 0 13.1901 422.7450 165.0193 -176.9728 29.2027 15.4412 100.0000 stroke3
movl 0 12.9805 422.9597 164.8633 -177.4114 29.3089 15.4907 100.0000 stroke3
movl 0 12.9046 422.0930 165.3227 -176.7268 28.9227 15.6584 100.0000 stroke3
movl 0 13.6650 422.2672 165.1133 -176.6546 29.1244 15.9478 100.0000 stroke3
movl 0 12.8333 421.4063 165.6899 -176.1409 28.7090 16.2256 100.0000 stroke3
movl 0 11.7097 420.6343 165.7956 -176.3441 28.5699 16.4247 100.0000 stroke3
movl 0 12.1349 419.8807 166.2127 -175.6248 28.5005 16.6349 100.0000 stroke3
movl 0 12.3179 418.6023 166.9703 -174.6068 27.9336 17.0823 100.0000 stroke3
movl 0 11.8163 416.5448 167.6099 -173.7011 27.3207 17.3445 100.0000 stroke3
movl 0 12.9084 411.1067 171.5884 -170.2235 26.1059 18.5187 100.0000 stroke3
movl 0 11.2399 403.5925 202.9781 -163.6138 23.3886 21.3319 100.0000 stroke3
movl 0 -22.2138 380.1063 227.9631 -150.9146 8.4606 58.0129 100.0000 stroke4
movl 0 -29.2230 381.1031 184.3576 -154.0721 10.1123 54.8583 100.0000 stroke4
movl 0 -38.0600 373.2469 187.2063 -154.2614 6.7537 56.3968 100.0000 stroke4
movl 0 -50.2021 368.9838 184.7759 -156.9466 3.2208 57.4594 100.0000 stroke4
movl 0 -55.7724 367.3177 183.5299 -157.8056 0.6862 58.4727 100.0000 stroke4
movl 0 -59.8327 368.3518 182.4195 -158.7217 0.0822 58.2497 100.0000 stroke4
movl 0 -63.2157 369.2054 181.3914 -159.6862 0.0495 57.4254 100.0000 stroke4
movl 0 -64.4561 369.7287 180.6841 -159.8606 0.3006 57.0909 100.0000 stroke4
movl 0 -67.5724 371.3361 179.8882 -161.3524 0.2060 56.7103 100.0000 stroke4
movl 0 -71.2193 372.0005 179.5303 -163.1192 -0.0212 55.6670 100.0000 stroke4
movl 0 -73.0351 372.2948 179.5582 -164.1754 0.6356 54.0681 100.0000 stroke4
movl 0 -74.4017 371.5099 179.8352 -164.1536 0.4217 52.0052 100.0000 stroke4
movl 0 -75.8519 371.8217 179.7096 -164.5590 -0.1865 50.0668 100.0000 stroke4
movl 0 -75.3378 372.7038 179.7594 -164.9594 -0.4986 49.0647 100.0000 stroke4
movl 0 -74.0907 373.6928 179.9783 -165.2830 -0.6047 48.4632 100.0000 stroke4
movl 0 -73.1841 374.6083 180.0292 -165.7483 -0.6737 47.7713 100.0000 stroke4
movl 0 -71.9962 375.3072 180.1570 -166.1579 -0.7417 46.9677 100.0000 stroke4
movl 0 -70.2289 375.2059 180.0364 -166.1012 -0.8815 46.1929 100.0000 stroke4
movl 0 -69.0351 375.6274 180.1505 -166.4308 -1.0838 45.2518 100.0000 stroke4
movl 0 -67.9558 376.4849 180.1633 -166.9010 -1.2678 44.0597 100.0000 stroke4
movl 0 -67.2380 377.1707 180.2170 -167.3671 -1.4995 42.8381 100.0000 stroke4
movl 0 -67.0376 377.6513 179.9080 -168.0968 -1.9702 41.2914 100.0000 stroke4
movl 0 -66.9506 378.2746 179.7860 -168.7679 -2.5089 39.3932 100.0000 stroke4
movl 0 -67.0873 378.9559 179.6110 -169.4859 -3.0558 37.4129 100.0000 stroke4
movl 0 -67.6898 380.3667 179.5890 -170.4261 -3.5238 35.5052 100.0000 stroke4
movl 0 -67.6443 381.4235 179.3420 -171.0597 -3.8895 33.4129 100.0000 stroke4
movl 0 -67.4706 382.3682 179.1622 -171.5295 -4.1715 30.9576 100.0000 stroke4
movl 0 -67.0148 383.5785 178.9717 -172.0063 -4.5125 28.4147 100.0000 stroke4
movl 0 -67.1300 384.5911 178.5680 -172.4861 -4.8886 26.3019 100.0000 stroke4
movl 0 -66.3045 385.8961 178.0740 -172.8696 -4.8372 24.6386 100.0000 stroke4
movl 0 -65.2976 385.3500 178.5849 -172.5243 -4.4380 24.6081 100.0000 stroke4
movl 0 -60.6238 383.1181 180.7186 -170.5213 -3.5360 24.7200 100.0000 stroke4
movl 0 -58.7628 383.1182 181.5500 -170.1748 -3.2516 24.2449 100.0000 stroke4
movl 0 -58.4485 383.4325 181.6102 -170.2529 -3.1407 24.1100 100.0000 stroke4
movl 0 -58.0575 384.7565 181.3037 -171.1123 -2.5462 24.0414 100.0000 stroke4
movl 0 -57.7353 386.1179 181.3330 -172.3700 -1.9917 23.2929 100.0000 stroke4
movl 0 -56.9302 385.4383 181.8108 -172.1239 -1.7873 23.2945 100.0000 stroke4
movl 0 -55.2530 384.5276 182.6056 -171.2600 -1.6911 23.4023 100.0000 stroke4
movl 0 -55.6014 385.4875 182.5265 -172.4218 -1.1612 23.2527 100.0000 stroke4
movl 0 -54.8127 385.0269 182.8214 -172.4110 -1.0216 23.1673 100.0000 stroke4
movl 0 -53.0237 384.0594 183.2511 -171.6288 -0.8097 23.2824 100.0000 stroke4
movl 0 -52.3920 383.6484 183.7858 -171.7824 -0.5086 23.4247 100.0000 stroke4
movl 0 -51.0871 382.5754 184.8417 -171.3569 -0.2455 23.4391 100.0000 stroke4
movl 0 -50.2223 381.8353 185.1871 -171.0757 0.0954 23.6555 100.0000 stroke4
movl 0 -49.4278 381.2463 184.9698 -170.4824 0.5748 24.3802 100.0000 stroke4
movl 0 -48.8775 380.3212 185.2189 -169.5030 1.1888 25.5693 100.0000 stroke4
movl 0 -49.4650 379.8772 185.4147 -168.9595 1.4432 26.3956 100.0000 stroke4
movl 0 -49.5831 379.2774 186.0091 -168.3877 1.9294 27.2381 100.0000 stroke4
movl 0 -38.5744 375.1638 191.7557 -161.3038 3.6692 36.8913 100.0000 stroke4
movl 0 -24.9292 361.3316 245.2515 -145.5936 -5.0990 54.5873 100.0000 stroke4
movl 0 0.0580 398.1978 183.5001 -146.5537 -19.2851 94.1309 100.0000 stroke5
movl 0 -4.8862 395.8218 172.4681 -153.7056 -25.3891 101.9352 100.0000 stroke5
movl 0 -9.3643 396.3087 166.4393 -161.7556 -29.5369 111.2598 100.0000 stroke5
movl 0 -11.6294 396.8680 165.4534 -163.9298 -29.7132 113.8653 100.0000 stroke5
movl 0 -12.9353 397.2095 164.8987 -165.4038 -29.6078 115.5210 100.0000 stroke5
movl 0 -15.1674 399.3926 164.3686 -166.0813 -27.7718 115.9642 100.0000 stroke5
movl 0 -17.6812 401.3767 164.0025 -166.2417 -25.7038 115.1974 100.0000 stroke5
movl 0 -19.4401 403.5260 164.3279 -165.6661 -23.1603 112.7437 100.0000 stroke5
movl 0 -20.6362 404.3227 164.4677 -165.3928 -21.7409 110.8891 100.0000 stroke5
movl 0 -19.4287 405.9864 164.3870 -164.3415 -20.2922 108.3459 100.0000 stroke5
movl 0 -20.3484 406.7865 164.6499 -163.5591 -18.9587 106.7739 100.0000 stroke5
movl 0 -21.9245 407.7090 165.1447 -162.3717 -16.8609 103.9684 100.0000 stroke5
movl 0 -24.0341 408.2191 165.6689 -161.4314 -14.7939 100.2514 100.0000 stroke5
movl 0 -26.2851 408.5870 166.1723 -160.4960 -12.4367 95.3833 100.0000 stroke5
movl 0 -27.5789 408.7399 166.4771 -159.9238 -10.8413 91.9551 100.0000 stroke5
movl 0 -28.2671 409.0478 166.6674 -159.3080 -9.3108 89.6601 100.0000 stroke5
movl 0 -27.5121 409.8985 166.7758 -158.9657 -8.1734 87.9496 100.0000 stroke5
movl 0 -27.9269 410.1477 166.9791 -158.8677 -6.9448 86.0900 100.0000 stroke5
movl 0 -28.6968 410.6178 167.2674 -158.7038 -5.3564 84.1187 100.0000 stroke5
movl 0 -29.2401 411.3186 167.8652 -158.7864 -3.9517 82.4295 100.0000 stroke5
movl 0 -29.5789 411.8741 168.3929 -158.9336 -2.7333 81.0129 100.0000 stroke5
movl 0 -29.7812 412.0713 168.7891 -159.0262 -1.3721 79.3050 100.0000 stroke5
movl 0 -29.9188 412.1627 169.0633 -159.1140 -0.4311 78.2390 100.0000 stroke5
movl 0 -30.0038 412.2110 169.2914 -159.2276 0.5020 77.1442 100.0000 stroke5
movl 0 -30.1155 412.1844 169.3449 -159.3406 1.4429 76.1547 100.0000 stroke5
movl 0 -30.1353 412.2268 169.5119 -159.4363 2.4912 75.0919 100.0000 stroke5
movl 0 -30.3186 412.2268 169.8068 -159.6616 3.5528 73.8599 100.0000 stroke5
movl 0 -30.3830 412.4838 170.0356 -159.9481 4.6564 72.6338 100.0000 stroke5
movl 0 -30.6086 412.5340 170.2766 -160.2322 5.6272 71.5248 100.0000 stroke5
movl 0 -30.8516 412.5559 170.4981 -160.6038 6.6454 70.2353 100.0000 stroke5
movl 0 -30.9154 412.9428 170.9236 -160.8132 7.7291 68.9761 100.0000 stroke5
movl 0 -31.1572 412.8960 171.1235 -161.2421 8.6326 67.9944 100.0000 stroke5
movl 0 -31.4693 413.0419 171.2690 -161.7520 9.6487 66.9388 100.0000 stroke5
movl 0 -32.0539 413.3172 171.3773 -162.4848 11.0330 65.2862 100.0000 stroke5
movl 0 -32.4804 413.1336 171.3998 -162.9080 11.4844 64.6395 100.0000 stroke5
movl 0 -32.7254 413.2282 171.3666 -163.4199 12.2289 63.7162 100.0000 stroke5
movl 0 -32.8123 413.2241 171.4186 -163.9259 12.9501 62.6683 100.0000 stroke5
movl 0 -32.9150 413.3403 171.4760 -164.5723 13.8704 61.2344 100.0000 stroke5
movl 0 -33.1275 413.1018 171.6169 -164.9896 14.3215 60.5775 100.0000 stroke5
movl 0 -33.2965 412.8804 171.7454 -165.6337 15.0895 59.4146 100.0000 stroke5
movl 0 -33.8123 412.8398 171.7624 -166.3102 15.7783 58.4844 100.0000 stroke5
movl 0 -34.3478 412.9312 171.6734 -167.0711 16.3938 57.6381 100.0000 stroke5
movl 0 -34.9329 412.8674 171.6581 -167.7303 16.9301 56.9816 100.0000 stroke5
movl 0 -35.9483 412.3863 171.8826 -168.4523 17.2724 56.3092 100.0000 stroke5
movl 0 -37.0736 412.3051 171.8886 -169.5328 17.8523 55.0939 100.0000 stroke5
movl 0 -37.9043 412.1789 171.9226 -170.5133 18.4614 53.9283 100.0000 stroke5
movl 0 -38.7339 411.7954 171.8325 -171.3417 18.8720 52.6800 100.0000 stroke5
movl 0 -39.6281 412.0122 171.6954 -172.1306 19.2576 52.3703 100.0000 stroke5
movl 0 -40.5119 412.2417 171.5402 -172.9343 19.6547 52.0544 100.0000 stroke5
movl 0 -41.4438 412.4441 171.4021 -174.1006 20.2013 51.1142 100.0000 stroke5
movl 0 -42.3542 412.4736 171.3108 -174.9057 20.6036 50.5445 100.0000 stroke5
movl 0 -43.4934 412.2079 171.2709 -175.4690 20.7492 50.6818 100.0000 stroke5
movl 0 -44.8029 412.3542 170.9481 -176.1641 21.0209 50.6669 100.0000 stroke5
movl 0 -45.9303 412.4430 170.6392 -176.6712 21.2058 51.1276 100.0000 stroke5
movl 0 -47.5264 412.2280 170.4492 -177.3231 21.3715 51.3205 100.0000 stroke5
movl 0 -49.1033 411.6342 170.5437 -177.7654 21.4226 51.7068 100.0000 stroke5
movl 0 -48.1650 410.7331 172.0395 -177.3472 20.6467 51.9183 100.0000 stroke5
movl 0 -45.4885 410.2417 173.1217 -176.3870 20.2956 52.1125 100.0000 stroke5
movl 0 -46.5438 409.8911 172.9672 -176.6950 20.1904 52.0206 100.0000 stroke5
movl 0 -47.2023 409.8249 172.6378 -177.1773 20.3944 51.8009 100.0000 stroke5
movl 0 -48.2368 409.3339 172.5602 -177.6608 20.7684 51.9449 100.0000 stroke5
movl 0 -47.3472 407.9746 173.7156 -177.0344 20.4544 51.9076 100.0000 stroke5
movl 0 -43.5962 407.1802 175.3331 -175.9265 19.9162 51.0770 100.0000 stroke5
movl 0 -43.8605 407.4276 175.0464 -176.2668 20.0325 50.8081 100.0000 stroke5
movl 0 -45.7748 407.0644 174.9495 -177.0554 20.6004 51.3228 100.0000 stroke5
movl 0 -43.8028 405.9957 176.1899 -176.2014 20.2528 50.7969 100.0000 stroke5
movl 0 -40.7042 405.4057 177.2066 -175.3176 20.0984 50.2244 100.0000 stroke5
movl 0 -43.2027 404.8794 177.1471 -176.0396 20.5390 50.8567 100.0000 stroke5
movl 0 -40.5139 403.9766 178.2875 -174.9764 20.1180 50.1112 100.0000 stroke5
movl 0 -38.9304 404.4312 178.4015 -174.9750 20.2579 49.7750 100.0000 stroke5
movl 0 -41.3427 403.9275 178.3328 -175.6540 20.4343 50.0432 100.0000 stroke5
movl 0 -39.5889 404.3569 178.4427 -175.3515 20.5861 49.7789 100.0000 stroke5
movl 0 -39.4893 404.4250 178.5639 -175.2036 20.4194 49.4490 100.0000 stroke5
movl 0 -39.2777 404.6488 178.4045 -175.3669 20.2962 48.9771 100.0000 stroke5
movl 0 -38.4692 404.6952 178.8642 -174.9029 20.3082 49.0271 100.0000 stroke5
movl 0 -25.8624 402.9208 196.5174 -169.1551 19.6824 49.1157 100.0000 stroke5
