movl 0 12.7133 407.3213 164.5632 -162.3880 -37.9737 129.0172 100.0000 stroke1
movl 0 6.2143 404.9061 166.5662 -163.3219 -36.4451 129.1215 100.0000 stroke1
movl 0 8.3135 402.8644 169.0419 -160.4949 -33.6461 124.9173 100.0000 stroke1
movl 0 5.7533 401.0664 169.1273 -159.9007 -30.1649 120.5125 100.0000 stroke1
movl 0 2.4899 401.5717 170.2697 -160.3244 -28.3250 117.6491 100.0000 stroke1
movl 0 -8.7189 405.6289 170.0997 -163.0088 -26.8570 117.7050 100.0000 stroke1
movl 0 -22.5267 406.6645 168.9115 -168.6207 -28.1919 123.5463 100.0000 stroke1
movl 0 -26.9514 402.8496 167.1880 -173.1419 -29.6571 129.0257 100.0000 stroke1
movl 0 -30.4145 403.9336 166.1841 -173.4429 -28.7038 129.5829 100.0000 stroke1
movl 0 -33.2306 407.7825 165.6827 -170.9808 -25.9944 124.6208 100.0000 stroke1
movl 0 -33.6942 410.4306 165.8052 -169.0339 -23.5671 120.3460 100.0000 stroke1
movl 0 -33.1731 412.8426 165.9246 -167.7697 -20.8947 117.5246 100.0000 stroke1
movl 0 -32.3657 414.9423 166.3496 -165.2822 -18.7650 113.7807 100.0000 stroke1
movl 0 -31.6040 416.2476 166.5799 -163.2095 -17.2365 110.8452 100.0000 stroke1
movl 0 -30.9318 416.6113 167.2280 -162.0767 -15.8475 108.7667 100.0000 stroke1
movl 0 -30.0228 417.2277 168.0130 -160.5783 -13.9846 106.3321 100.0000 stroke1
movl 0 -28.9028 418.1437 168.4635 -159.1753 -11.8184 103.7791 100.0000 stroke1
movl 0 -28.7210 419.4766 169.0332 -158.1160 -9.1025 100.9374 100.0000 stroke1
movl 0 -28.5681 421.1790 169.4990 -157.0766 -5.6188 97.5382 100.0000 stroke1
movl 0 -28.7151 423.6034 169.8943 -156.5888 -1.4172 93.9158 100.0000 stroke1
movl 0 -29.2784 426.6867 169.8901 -156.6707 3.1460 90.1943 100.0000 stroke1
movl 0 -30.0287 429.5123 169.5930 -157.2408 7.2967 86.7913 100.0000 stroke1
movl 0 -31.2501 431.8024 169.2423 -158.3633 10.6444 83.7182 100.0000 stroke1
movl 0 -32.2491 432.7829 169.0284 -159.4183 12.6916 81.0885 100.0000 stroke1
movl 0 -32.5584 433.3400 169.0460 -159.7626 13.2410 80.3039 100.0000 stroke1
movl 0 -32.3202 432.7998 169.3111 -159.5924 12.9588 80.4698 100.0000 stroke1
movl 0 -31.2602 431.3135 169.8114 -158.7964 11.3225 81.5695 100.0000 stroke1
movl 0 -31.0224 429.7219 170.2582 -158.4177 10.3295 82.3696 100.0000 stroke1
movl 0 -31.7928 429.7665 170.2510 -158.6733 10.3978 82.3534 100.0000 stroke1
movl 0 -29.6975 426.9381 171.3041 -157.6718 8.2705 82.6614 100.0000 stroke1
movl 0 -29.5743 426.8430 171.3498 -157.6136 8.1637 82.8927 100.0000 stroke1
movl 0 -31.0899 428.3152 171.1512 -158.4973 9.8966 82.2881 100.0000 stroke1
movl 0 -29.3736 424.5797 172.1572 -157.1288 7.0275 82.5873 100.0000 stroke1
movl 0 -21.0367 407.7399 181.9633 -150.6381 -7.7448 86.6607 100.0000 stroke1
movl 0 -17.6904 426.9077 208.6854 -148.6132 -17.5430 96.2459 100.0000 stroke2
movl 0 -11.3764 423.4318 169.2996 -149.2673 -14.0290 93.3497 100.0000 stroke2
movl 0 -20.8671 421.1974 170.0860 -151.7799 -14.2235 95.5445 100.0000 stroke2
movl 0 -27.5169 420.1830 168.6017 -153.3436 -14.8067 98.2733 100.0000 stroke2
movl 0 -30.0528 420.7823 167.6244 -154.0999 -15.1767 99.8414 100.0000 stroke2
movl 0 -33.4584 422.7595 166.5520 -155.5661 -14.6494 101.5331 100.0000 stroke2
movl 0 -36.7113 425.6569 166.3735 -156.8282 -11.1304 99.6938 100.0000 stroke2
movl 0 -35.8117 427.5958 166.2473 -156.4071 -9.3472 97.7893 100.0000 stroke2
movl 0 -35.3419 428.0336 166.8362 -155.8360 -7.6512 96.3048 100.0000 stroke2
movl 0 -35.1963 428.0709 167.4666 -155.5108 -6.2853 95.3122 100.0000 stroke2
movl 0 -34.8559 428.3489 167.7543 -155.0478 -4.9612 94.7600 100.0000 stroke2
movl 0 -34.8317 427.9063 168.1359 -154.6037 -4.2535 94.6744 100.0000 stroke2
movl 0 -31.1042 421.0583 172.8913 -151.0795 -6.0240 95.7107 100.0000 stroke2
movl 0 -38.9851 400.2142 223.3675 -148.0020 -17.7571 100.4851 100.0000 stroke2
movl 0 -38.7609 390.3347 244.4093 -165.4172 -35.6038 124.3596 100.0000 stroke3
movl 0 -28.8468 395.6260 182.6549 -160.4200 -26.6534 115.9876 100.0000 stroke3
movl 0 -34.4466 396.4987 176.1444 -160.2141 -21.9955 111.7833 100.0000 stroke3
movl 0 -43.9522 396.6666 173.8042 -162.4340 -20.6894 114.5261 100.0000 stroke3
movl 0 -52.2906 394.8751 172.6274 -165.8306 -20.8003 115.6305 100.0000 stroke3
movl 0 -55.8801 395.0834 171.9865 -167.1175 -20.0808 115.4153 100.0000 stroke3
movl 0 -61.9615 395.6311 172.2450 -168.6641 -17.3757 113.0703 100.0000 stroke3
movl 0 -65.5559 394.2624 172.3582 -169.9417 -17.2336 111.8746 100.0000 stroke3
movl 0 -65.8660 394.2547 172.2407 -170.2440 -17.4035 110.6547 100.0000 stroke3
movl 0 -64.6787 394.7251 172.4258 -170.2043 -17.1927 109.1779 100.0000 stroke3
movl 0 -61.9929 395.8609 172.7768 -169.8337 -16.7537 106.9656 100.0000 stroke3
movl 0 -58.0803 397.5793 173.1859 -169.2832 -16.2365 104.1134 100.0000 stroke3
movl 0 -53.3243 399.7560 173.3646 -168.5450 -15.5434 100.9173 100.0000 stroke3
movl 0 -53.1713 400.6403 173.3719 -168.3618 -14.9619 99.6378 100.0000 stroke3
movl 0 -48.8438 395.2166 175.9705 -164.9769 -17.1134 100.0668 100.0000 stroke3
movl 0 -41.9352 381.9459 223.1935 -162.4193 -30.0749 102.7587 100.0000 stroke3
movl 0 -27.8894 398.9933 217.1011 -153.7200 -19.9126 99.6050 100.0000 stroke4
movl 0 -25.2630 395.9495 179.8871 -153.4033 -16.6201 96.9412 100.0000 stroke4
movl 0 -31.4671 393.6876 176.0383 -155.5257 -14.1828 95.6240 100.0000 stroke4
movl 0 -38.9401 392.4090 175.1678 -157.2117 -13.1360 96.5667 100.0000 stroke4
movl 0 -45.2645 390.1822 174.5577 -158.3215 -13.6792 97.8070 100.0000 stroke4
movl 0 -48.1246 391.6193 173.2492 -159.4718 -14.1102 99.0062 100.0000 stroke4
movl 0 -48.7544 391.5641 172.6057 -160.1321 -14.2548 100.0060 100.0000 stroke4
movl 0 -52.8703 391.1272 172.8215 -162.4442 -13.8979 99.8143 100.0000 stroke4
movl 0 -55.4291 390.5814 173.0761 -163.8345 -13.5597 99.3262 100.0000 stroke4
movl 0 -55.8944 390.5187 173.1936 -164.5068 -13.6824 98.4879 100.0000 stroke4
movl 0 -52.4880 392.1743 173.1538 -164.8775 -13.1758 95.4782 100.0000 stroke4
movl 0 -47.8337 394.8136 172.9452 -164.5629 -12.5053 92.7013 100.0000 stroke4
movl 0 -48.5609 394.1922 173.1284 -164.4211 -12.4721 93.0707 100.0000 stroke4
movl 0 -45.5289 393.7550 174.1300 -162.8566 -12.7903 92.9902 100.0000 stroke4
movl 0 -38.5753 388.2417 195.0202 -158.3962 -18.2358 93.8172 100.0000 stroke4
movl 0 -30.9259 390.4465 200.8782 -151.6076 -9.3711 84.4008 100.0000 stroke5
movl 0 -33.9567 387.5157 175.2293 -153.7666 -8.0883 84.0306 100.0000 stroke5
movl 0 -39.5666 387.9975 173.6851 -155.7108 -8.5522 84.4267 100.0000 stroke5
movl 0 -43.5214 387.3916 173.1861 -156.7896 -9.3085 85.2524 100.0000 stroke5
movl 0 -44.9950 387.9178 172.2310 -157.1865 -9.6386 85.8294 100.0000 stroke5
movl 0 -46.3305 390.6367 171.3907 -158.1164 -7.8460 85.7575 100.0000 stroke5
movl 0 -46.6173 391.7843 171.2302 -158.1330 -6.6189 85.8368 100.0000 stroke5
movl 0 -47.4793 393.6333 170.9385 -158.3384 -4.1661 86.0952 100.0000 stroke5
movl 0 -49.7688 393.5269 170.8794 -158.5950 -2.5797 87.1382 100.0000 stroke5
movl 0 -47.7309 392.0321 171.4566 -157.6066 -3.4505 86.7027 100.0000 stroke5
movl 0 -45.5130 391.5285 171.8251 -157.3580 -3.9007 85.6014 100.0000 stroke5
movl 0 -46.2503 391.7766 171.9184 -157.6914 -3.0663 85.4009 100.0000 stroke5
movl 0 -47.0803 391.5923 171.9024 -158.0452 -3.1343 84.8453 100.0000 stroke5
movl 0 -44.5766 389.2355 172.6613 -156.8344 -5.1045 81.9140 100.0000 stroke5
movl 0 -42.7836 387.8394 173.5424 -155.9805 -6.5212 80.7194 100.0000 stroke5
movl 0 -31.7055 379.5379 188.0550 -151.2940 -17.0000 80.7234 100.0000 stroke5
movl 0 -10.3952 393.5973 235.5197 -151.0106 -22.2131 81.4941 100.0000 stroke6
movl 0 -2.6124 396.6197 185.5167 -150.7462 -15.1684 79.9427 100.0000 stroke6
movl 0 -6.9538 394.3345 171.1839 -151.5811 -10.4964 77.8246 100.0000 stroke6
movl 0 -20.1089 388.7716 172.7807 -154.6304 -10.3408 77.7437 100.0000 stroke6
movl 0 -23.9181 388.8416 172.5581 -154.8726 -9.9534 78.2706 100.0000 stroke6
movl 0 -26.2374 390.0437 171.6377 -155.6530 -9.5454 79.0533 100.0000 stroke6
movl 0 -28.8123 390.4431 171.1190 -156.8781 -9.6371 79.6533 100.0000 stroke6
movl 0 -32.4782 389.7661 171.4736 -159.0575 -9.7106 79.6136 100.0000 stroke6
movl 0 -34.8043 388.3515 172.0176 -160.2253 -10.1414 79.3811 100.0000 stroke6
movl 0 -37.3219 386.5428 172.2859 -161.1211 -11.1122 78.8644 100.0000 stroke6
movl 0 -36.5765 387.0595 172.4108 -161.6793 -11.1094 77.4254 100.0000 stroke6
movl 0 -34.2355 388.1483 172.5003 -162.0839 -10.7872 75.3880 100.0000 stroke6
movl 0 -32.7525 388.9155 172.6560 -162.8132 -10.7083 73.0349 100.0000 stroke6
movl 0 -31.4040 390.3273 172.5084 -163.7394 -10.6057 70.3948 100.0000 stroke6
movl 0 -29.9427 391.7688 172.3225 -164.4065 -10.4682 68.3258 100.0000 stroke6
movl 0 -28.5688 391.0636 172.5510 -163.5433 -10.3184 68.8320 100.0000 stroke6
movl 0 -24.9752 389.1162 173.4536 -161.7138 -10.8896 68.9260 100.0000 stroke6
movl 0 -24.1561 389.1119 173.6203 -161.5440 -10.8775 68.7260 100.0000 stroke6
movl 0 -24.0910 389.6045 173.7292 -162.1339 -10.2231 68.8546 100.0000 stroke6
movl 0 -23.5376 390.4949 173.8213 -162.5983 -9.1238 68.6973 100.0000 stroke6
movl 0 -19.5046 389.4684 173.3978 -158.6517 -9.0406 73.9198 100.0000 stroke6
movl 0 -5.7214 382.3024 183.6298 -151.7536 -24.4801 87.4742 100.0000 stroke6
movl 0 -3.6208 378.0548 249.7651 -165.1919 -48.1771 112.0842 100.0000 stroke6
movl 0 -2.9456 420.2647 225.9235 -154.0167 -22.4335 101.7337 100.0000 stroke7
movl 0 8.3929 413.6240 179.2160 -152.3337 -19.9687 96.3496 100.0000 stroke7
movl 0 0.8487 412.7209 167.7315 -156.1760 -19.7399 97.8175 100.0000 stroke7
movl 0 -1.4978 411.1846 166.9835 -157.7934 -21.0179 99.5806 100.0000 stroke7
movl 0 -5.6256 416.2895 165.9666 -158.8628 -17.6491 99.7565 100.0000 stroke7
movl 0 -6.3973 421.2574 166.1574 -158.7159 -13.4198 95.7960 100.0000 stroke7
movl 0 -4.1485 424.1117 165.5697 -157.6899 -10.4751 92.4169 100.0000 stroke7
movl 0 -3.3553 426.3099 165.4396 -156.6365 -7.7688 90.8050 100.0000 stroke7
movl 0 -2.8948 427.6345 165.9841 -156.0169 -4.9034 89.0727 100.0000 stroke7
movl 0 -2.6110 428.9271 166.7546 -155.7449 -1.7092 86.9083 100.0000 stroke7
movl 0 -2.6337 430.8856 167.3151 -155.8605 1.9479 84.8170 100.0000 stroke7
movl 0 -4.2285 434.8183 167.7369 -157.1590 6.6170 82.3380 100.0000 stroke7
movl 0 -6.0822 439.0362 167.4740 -158.7288 10.9989 80.2153 100.0000 stroke7
movl 0 -5.8336 438.9830 167.8048 -158.8962 11.8095 79.6490 100.0000 stroke7
movl 0 -6.1114 438.2901 167.9900 -159.0362 11.8955 79.7050 100.0000 stroke7
movl 0 -6.3176 437.9856 168.0821 -159.0356 11.8009 79.7602 100.0000 stroke7
movl 0 -5.7042 436.9698 168.4880 -158.8019 11.5528 79.7085 100.0000 stroke7
movl 0 -5.6728 435.6253 168.9071 -158.6784 10.8601 79.7229 100.0000 stroke7
movl 0 -2.9621 429.9704 170.4249 -157.0022 7.2345 79.8626 100.0000 stroke7
movl 0 1.5612 415.7149 175.3950 -152.7315 -3.7005 82.7605 100.0000 stroke7
movl 0 -0.6914 388.1939 244.0037 -150.2504 -28.4834 89.4417 100.0000 stroke7
movl 0 -4.1849 375.7633 216.5832 -156.5488 -26.1658 96.6564 100.0000 stroke8
movl 0 -8.7177 371.8620 178.8510 -157.1647 -19.3300 94.7206 100.0000 stroke8
movl 0 -22.2470 368.0532 175.8463 -161.6215 -19.3204 96.0060 100.0000 stroke8
movl 0 -28.0980 369.3073 173.7227 -162.8770 -19.0978 97.7409 100.0000 stroke8
movl 0 -29.7364 370.9605 172.5176 -163.2292 -18.7429 99.2003 100.0000 stroke8
movl 0 -32.4572 371.3113 171.8286 -164.8004 -18.4802 99.7088 100.0000 stroke8
movl 0 -36.5476 370.2769 171.9585 -166.9980 -18.0653 99.4056 100.0000 stroke8
movl 0 -38.7049 370.0158 172.3361 -167.9810 -17.4376 98.8124 100.0000 stroke8
movl 0 -40.3764 369.4049 172.4292 -168.8645 -17.6657 97.9785 100.0000 stroke8
movl 0 -38.9222 370.4703 172.6918 -169.2405 -17.2176 95.6226 100.0000 stroke8
movl 0 -37.9449 371.9275 172.9305 -169.8870 -16.5524 92.8390 100.0000 stroke8
movl 0 -36.4176 373.9520 173.1464 -170.4336 -15.7804 89.7339 100.0000 stroke8
movl 0 -35.6578 375.1880 173.0144 -170.7984 -15.3430 88.1433 100.0000 stroke8
movl 0 -32.4157 372.0402 174.1200 -169.0149 -16.9016 88.5248 100.0000 stroke8
movl 0 -30.6394 371.7661 174.4878 -168.4651 -17.1999 88.2671 100.0000 stroke8
movl 0 -30.6241 372.6858 174.8316 -168.7272 -15.6945 88.2129 100.0000 stroke8
movl 0 -30.4576 373.8598 174.5960 -168.4821 -14.8292 88.2179 100.0000 stroke8
movl 0 -29.8156 373.4923 174.5410 -167.5499 -15.1470 88.9203 100.0000 stroke8
movl 0 -29.8464 374.0535 174.6090 -167.2477 -15.0711 88.9833 100.0000 stroke8
movl 0 -29.7077 374.3349 174.4745 -167.1767 -14.9329 88.9911 100.0000 stroke8
movl 0 -28.5882 373.4165 174.8229 -166.6213 -15.3758 89.0396 100.0000 stroke8
movl 0 -17.6104 374.6448 187.5866 -161.8907 -17.1028 87.1263 100.0000 stroke8
movl 0 -21.2552 373.0631 204.1674 -156.3983 -17.8051 95.7075 100.0000 stroke9
movl 0 -30.9065 366.3638 179.4660 -157.9171 -16.1726 96.4322 100.0000 stroke9
movl 0 -45.4585 364.3230 176.4362 -159.9231 -16.3538 99.3223 100.0000 stroke9
movl 0 -55.6919 363.8298 174.4039 -161.0622 -16.1069 102.0046 100.0000 stroke9
movl 0 -57.3314 363.8674 173.1291 -160.8714 -16.1773 102.5973 100.0000 stroke9
movl 0 -59.5465 363.2163 172.1844 -161.3958 -16.6320 103.1541 100.0000 stroke9
movl 0 -63.3772 362.1602 172.0149 -163.5350 -16.4578 103.1794 100.0000 stroke9
movl 0 -64.8795 362.5007 172.3731 -164.5671 -15.5020 102.7404 100.0000 stroke9
movl 0 -66.1883 362.9641 172.9604 -165.4938 -14.2880 102.0203 100.0000 stroke9
movl 0 -66.9209 362.5318 173.1802 -165.9931 -14.4805 101.3874 100.0000 stroke9
movl 0 -65.1078 363.1763 173.3860 -166.1975 -14.3353 100.0380 100.0000 stroke9
movl 0 -63.4251 364.0744 173.5862 -166.4313 -13.9987 98.9240 100.0000 stroke9
movl 0 -60.1408 365.2334 173.8345 -166.3584 -13.6882 97.5363 100.0000 stroke9
movl 0 -55.9406 366.1259 174.1918 -166.3215 -13.3513 96.0797 100.0000 stroke9
movl 0 -51.8682 367.1753 174.4428 -166.4854 -13.0767 94.4088 100.0000 stroke9
movl 0 -47.3159 368.4194 174.5970 -166.5281 -12.5818 92.4679 100.0000 stroke9
movl 0 -42.8437 369.9813 175.0358 -166.9331 -11.9171 89.8566 100.0000 stroke9
movl 0 -39.3782 371.4056 175.4901 -168.0004 -11.3561 86.8604 100.0000 stroke9
movl 0 -37.1078 373.3866 175.8048 -169.2920 -10.6471 83.6409 100.0000 stroke9
movl 0 -34.8602 375.7278 175.9896 -170.3103 -9.8193 80.5085 100.0000 stroke9
movl 0 -32.8532 377.2379 175.9929 -171.5185 -9.4376 77.4706 100.0000 stroke9
movl 0 -30.5234 377.2987 176.1206 -171.1915 -9.2397 76.9194 100.0000 stroke9
movl 0 -27.1614 373.3329 177.7026 -168.9896 -10.9581 77.4604 100.0000 stroke9
movl 0 -25.1347 373.0025 178.0187 -168.3779 -11.2116 77.2218 100.0000 stroke9
movl 0 -23.8292 372.8545 178.3300 -168.1321 -11.1564 76.9780 100.0000 stroke9
movl 0 -22.7545 372.4284 178.6412 -167.7410 -11.3270 76.9008 100.0000 stroke9
movl 0 -21.8735 373.8932 178.5463 -167.7319 -10.2356 76.8424 100.0000 stroke9
movl 0 -21.6133 376.9836 178.7417 -168.2093 -7.7952 76.1074 100.0000 stroke9
movl 0 -22.1877 377.6100 178.4087 -168.3680 -7.1440 76.1572 100.0000 stroke9
movl 0 -19.7959 375.3998 178.2954 -165.6683 -8.1852 79.4456 100.0000 stroke9
movl 0 -11.2186 362.1245 182.8927 -157.7920 -21.3719 90.1449 100.0000 stroke9
movl 0 -12.3033 423.9225 241.7550 -150.3812 -17.7763 117.7395 100.0000 stroke10
movl 0 -6.3687 415.5823 181.3582 -150.4275 -13.2426 113.4991 100.0000 stroke10
movl 0 -15.9730 401.3569 179.1821 -157.1627 -14.8430 114.1793 100.0000 stroke10
movl 0 -22.5211 401.4017 178.1776 -160.2599 -13.4740 115.1239 100.0000 stroke10
movl 0 -22.8837 403.1671 177.2076 -160.6643 -12.6895 115.1090 100.0000 stroke10
movl 0 -24.5518 405.3765 176.2242 -160.9537 -12.0429 115.2749 100.0000 stroke10
movl 0 -26.4217 409.7380 174.3964 -161.1194 -10.5958 115.4625 100.0000 stroke10
movl 0 -28.5808 415.3608 172.8515 -161.2725 -7.0804 114.0841 100.0000 stroke10
movl 0 -27.0990 419.4515 171.7375 -160.8237 -4.6007 112.1439 100.0000 stroke10
movl 0 -27.3429 420.5136 171.6505 -160.3636 -3.4589 111.4063 100.0000 stroke10
movl 0 -28.6114 420.6770 171.8830 -160.1147 -1.9553 110.7561 100.0000 stroke10
movl 0 -30.0559 420.9404 172.0489 -159.8997 -0.4478 109.9157 100.0000 stroke10
movl 0 -31.6413 420.6747 172.0464 -159.6908 0.7574 109.7976 100.0000 stroke10
movl 0 -33.2024 420.0412 172.1216 -159.5994 1.6067 109.9980 100.0000 stroke10
movl 0 -34.5849 419.2562 172.1200 -159.3714 2.2557 110.3414 100.0000 stroke10
movl 0 -36.4586 417.6716 172.3346 -159.2824 2.4977 110.9955 100.0000 stroke10
movl 0 -38.5715 416.3091 172.5615 -159.1436 2.5534 111.8617 100.0000 stroke10
movl 0 -40.9848 414.8238 172.8458 -158.9499 2.4990 112.6941 100.0000 stroke10
movl 0 -42.3583 414.0978 173.1121 -158.7103 2.3460 113.1561 100.0000 stroke10
movl 0 -43.2946 413.7880 173.3603 -158.4486 2.2217 113.3734 100.0000 stroke10
movl 0 -44.2311 413.5367 173.6486 -158.2662 2.0286 113.5862 100.0000 stroke10
movl 0 -44.6684 413.6170 173.8973 -158.0412 1.8631 113.5020 100.0000 stroke10
movl 0 -45.2326 413.6760 174.0459 -157.8783 1.7501 113.5504 100.0000 stroke10
movl 0 -45.5258 413.9447 174.1775 -157.7236 1.6554 113.5926 100.0000 stroke10
movl 0 -45.8241 414.3842 174.1605 -157.5701 1.6992 113.5412 100.0000 stroke10
movl 0 -46.1596 414.4865 174.2679 -157.3799 1.6686 113.5540 100.0000 stroke10
movl 0 -46.4273 414.4262 174.4550 -157.3075 1.5766 113.5175 100.0000 stroke10
movl 0 -46.3348 414.4115 174.6902 -157.1854 1.4715 113.4811 100.0000 stroke10
movl 0 -44.3706 412.6295 176.1596 -156.5046 0.3582 113.2477 100.0000 stroke10
movl 0 -37.5151 406.4865 178.2911 -155.3811 -3.8392 111.2585 100.0000 stroke10
movl 0 -31.5013 403.3326 185.9725 -153.4135 -8.6001 108.5041 100.0000 stroke10
movl 0 -33.0367 404.0885 240.6530 -153.5536 -16.9042 108.6106 100.0000 stroke10
movl 0 -1.4613 404.8634 193.5923 -152.0712 -1.6535 95.5009 100.0000 stroke11
movl 0 -2.4042 400.0485 177.1426 -153.9970 0.3124 93.3937 100.0000 stroke11
movl 0 -8.1211 401.2744 176.7245 -155.3026 -0.5243 93.4640 100.0000 stroke11
movl 0 -10.8600 403.3640 176.1109 -155.9618 0.1130 93.4112 100.0000 stroke11
movl 0 -12.9392 404.7362 175.2386 -156.3508 0.6999 93.3047 100.0000 stroke11
movl 0 -15.5622 406.2803 174.6484 -157.7607 2.0709 92.5177 100.0000 stroke11
movl 0 -18.6585 409.7902 174.2302 -160.2004 4.9693 89.4295 100.0000 stroke11
movl 0 -21.2885 414.7333 173.4116 -162.9487 8.8998 84.5929 100.0000 stroke11
movl 0 -24.0602 418.2982 172.7927 -165.9160 11.7308 79.8888 100.0000 stroke11
movl 0 -25.5745 421.3779 172.1053 -168.4339 13.6862 75.8153 100.0000 stroke11
movl 0 -27.1429 425.0390 171.0737 -171.1614 15.4330 72.0357 100.0000 stroke11
movl 0 -26.6424 428.1153 170.1282 -172.8758 16.7596 69.1592 100.0000 stroke11
movl 0 -25.5104 429.9305 169.5294 -173.1278 17.5801 68.3423 100.0000 stroke11
movl 0 -26.5583 428.2114 170.7592 -173.2093 17.7943 69.1252 100.0000 stroke11
movl 0 -24.0934 423.9758 172.8190 -171.5231 15.7460 69.2546 100.0000 stroke11
movl 0 -24.3107 424.6015 172.3653 -172.3286 16.0052 68.5622 100.0000 stroke11
movl 0 -25.8325 423.9447 172.4147 -173.1101 17.0567 69.0602 100.0000 stroke11
movl 0 -22.8575 419.2220 174.3413 -171.1679 15.2423 69.3524 100.0000 stroke11
movl 0 -21.8311 418.2342 174.5445 -171.0275 15.2119 69.3637 100.0000 stroke11
movl 0 -22.3232 416.7203 174.6354 -171.2286 15.5500 69.7176 100.0000 stroke11
movl 0 -21.3106 415.6050 175.0499 -170.7874 15.3599 69.8352 100.0000 stroke11
movl 0 -18.4041 413.0713 176.3990 -168.6690 14.0606 70.5735 100.0000 stroke11
movl 0 -13.2256 408.8544 178.7706 -165.4197 12.2043 71.7500 100.0000 stroke11
movl 0 -9.1699 402.3538 183.4207 -162.1079 8.1662 73.7036 100.0000 stroke11
movl 0 -3.2589 402.8326 203.4001 -158.9672 5.5492 74.3849 100.0000 stroke11
