movl 0 -49.7688 386.9291 166.0281 -168.6686 26.9498 -12.9960 100.0000 stroke1
movl 0 -50.3172 387.6769 165.4574 -169.4558 27.0181 -14.7563 100.0000 stroke1
movl 0 -52.8326 389.2006 165.1508 -171.7325 25.7904 -17.8732 100.0000 stroke1
movl 0 -53.8787 389.9483 165.6598 -173.9489 24.9587 -21.7609 100.0000 stroke1
movl 0 -54.5998 390.3977 165.6236 -175.9170 24.7410 -25.0542 100.0000 stroke1
movl 0 -55.8946 389.5824 166.4442 -177.9993 24.1899 -27.7899 100.0000 stroke1
movl 0 -57.5571 387.8628 167.6451 179.1912 23.5831 -31.0493 100.0000 stroke1
movl 0 -59.3121 383.9071 169.2721 177.3418 23.8073 -33.0437 100.0000 stroke1
movl 0 -57.6767 382.3802 170.5531 176.5008 24.5981 -35.2996 100.0000 stroke1
movl 0 -57.5410 382.5186 170.4365 176.3118 24.4299 -36.1505 100.0000 stroke1
movl 0 -57.4269 382.3035 170.4639 175.9651 24.5227 -37.1178 100.0000 stroke1
movl 0 -57.4265 382.1600 170.6148 175.6081 24.5003 -38.2988 100.0000 stroke1
movl 0 -57.7832 382.1466 170.4037 175.5419 24.2830 -39.1169 100.0000 stroke1
movl 0 -57.6925 382.2003 170.3705 175.4127 24.2706 -39.7010 100.0000 stroke1
movl 0 -55.8178 380.4010 171.9828 175.8880 25.1646 -40.3767 100.0000 stroke1
movl 0 -51.4615 372.3111 183.7079 -177.0512 31.3169 -32.8834 100.0000 stroke1
movl 0 -38.6831 367.7861 235.9432 -165.0634 40.7641 -15.7763 100.0000 stroke1
movl 0 -47.0737 373.9784 197.1019 158.0250 27.7433 -71.7357 100.0000 stroke2
movl 0 -52.9998 373.0579 170.6117 158.7098 22.4880 -74.7375 100.0000 stroke2
movl 0 -57.9987 372.0844 170.7738 161.7858 22.4159 -73.4878 100.0000 stroke2
movl 0 -55.1661 373.4459 169.6478 160.6597 21.4647 -73.8037 100.0000 stroke2
movl 0 -53.2380 375.0588 168.7737 159.8709 20.9152 -74.0767 100.0000 stroke2
movl 0 -54.0243 375.9199 167.8669 159.7609 20.7286 -73.7528 100.0000 stroke2
movl 0 -55.8577 377.3965 167.0636 160.6706 20.0850 -73.8306 100.0000 stroke2
movl 0 -58.1440 376.8346 167.4928 162.3242 19.6546 -73.6628 100.0000 stroke2
movl 0 -59.4744 376.7191 167.7598 163.1731 19.4529 -73.6671 100.0000 stroke2
movl 0 -60.4812 377.0933 167.6916 163.8094 19.3936 -73.6673 100.0000 stroke2
movl 0 -59.8332 377.8209 167.4955 164.3772 19.2453 -74.1252 100.0000 stroke2
movl 0 -58.3668 378.9704 167.3346 164.6535 18.8625 -75.0279 100.0000 stroke2
movl 0 -56.1727 380.2181 167.3394 164.8338 18.4030 -76.5144 100.0000 stroke2
movl 0 -53.0719 381.8094 167.3608 165.1474 17.7722 -78.6073 100.0000 stroke2
movl 0 -51.1595 382.1746 167.4761 165.1387 17.6592 -79.3460 100.0000 stroke2
movl 0 -50.5542 379.0309 168.5499 164.7594 19.2894 -78.4951 100.0000 stroke2
movl 0 -49.7717 378.9546 168.6218 164.7562 19.5016 -78.2724 100.0000 stroke2
movl 0 -50.4656 379.1829 168.5605 165.2392 18.9821 -77.4896 100.0000 stroke2
movl 0 -50.9091 379.2135 168.4164 165.4635 18.5997 -76.9569 100.0000 stroke2
movl 0 -52.4040 377.9171 168.3798 165.2525 19.1105 -75.1725 100.0000 stroke2
movl 0 -51.9979 377.2119 168.8487 165.0287 19.5435 -74.4102 100.0000 stroke2
movl 0 -50.4450 375.8970 170.4633 164.6364 20.5661 -73.3902 100.0000 stroke2
movl 0 -52.7595 373.0582 182.2102 165.4850 23.2093 -70.8292 100.0000 stroke2
movl 0 -57.2366 367.2877 242.3489 166.2539 27.6204 -67.6676 100.0000 stroke2
movl 0 -39.2877 375.9238 216.6577 160.9243 26.2741 -58.9047 100.0000 stroke3
movl 0 -40.5086 369.3257 181.4385 160.2288 24.1131 -60.0507 100.0000 stroke3
movl 0 -49.6392 365.3870 171.6469 162.0244 23.3199 -59.1775 100.0000 stroke3
movl 0 -58.3267 363.5705 170.5022 163.7102 23.1204 -57.4224 100.0000 stroke3
movl 0 -58.1694 365.4167 168.7444 162.9617 22.7072 -57.4383 100.0000 stroke3
movl 0 -58.9066 367.1665 167.5620 162.3440 22.0393 -57.5182 100.0000 stroke3
movl 0 -64.8613 366.3734 167.5985 164.7738 20.0490 -57.9410 100.0000 stroke3
movl 0 -67.2400 365.5463 168.1163 165.7245 18.7484 -58.9546 100.0000 stroke3
movl 0 -67.3683 365.9197 168.1469 166.0450 18.5959 -59.3427 100.0000 stroke3
movl 0 -65.2137 366.4874 168.4558 166.2442 18.5370 -60.1315 100.0000 stroke3
movl 0 -60.0298 368.9257 168.2070 165.9921 18.1416 -61.8431 100.0000 stroke3
movl 0 -54.1364 371.0709 168.2965 165.7808 17.8549 -64.3433 100.0000 stroke3
movl 0 -46.6731 374.4531 168.1032 165.4298 16.9867 -67.5558 100.0000 stroke3
movl 0 -44.1100 375.7866 167.9853 165.2198 16.7771 -69.4145 100.0000 stroke3
movl 0 -43.6188 373.7003 169.0281 165.2944 17.9976 -69.1789 100.0000 stroke3
movl 0 -43.0005 373.7443 169.2885 165.3258 18.1228 -69.2524 100.0000 stroke3
movl 0 -43.0927 373.2895 169.3786 165.6231 17.6270 -68.6670 100.0000 stroke3
movl 0 -40.7985 373.3732 169.1024 165.3248 17.3579 -68.6618 100.0000 stroke3
movl 0 -42.5277 370.0393 169.6406 164.0642 19.8105 -64.1733 100.0000 stroke3
movl 0 -28.7785 367.8316 172.6618 164.1880 28.0528 -60.0505 100.0000 stroke3
movl 0 -28.3300 365.7871 210.2907 169.2309 34.5079 -53.5351 100.0000 stroke3
movl 0 -38.5469 388.8234 186.4802 164.7922 27.6449 -46.1893 100.0000 stroke4
movl 0 -47.2983 376.7074 174.8506 170.9201 27.0482 -43.8747 100.0000 stroke4
movl 0 -52.0272 375.3313 172.0847 174.1644 25.2846 -42.0398 100.0000 stroke4
movl 0 -51.1710 376.8241 171.4927 173.8853 25.0663 -42.3202 100.0000 stroke4
movl 0 -50.5819 377.7486 170.8796 173.5767 24.6963 -42.8539 100.0000 stroke4
movl 0 -53.7578 381.3171 169.9487 172.8008 22.2030 -43.5482 100.0000 stroke4
movl 0 -56.2515 383.8151 169.9082 170.9473 19.0006 -46.8269 100.0000 stroke4
movl 0 -55.1821 385.5746 169.9336 169.0062 17.6009 -49.6862 100.0000 stroke4
movl 0 -55.3890 386.2561 170.0284 167.7034 16.3417 -51.1828 100.0000 stroke4
movl 0 -55.5811 386.7385 170.0374 166.3920 14.9062 -52.2422 100.0000 stroke4
movl 0 -55.8452 386.4378 170.2637 165.4304 13.8949 -52.9671 100.0000 stroke4
movl 0 -56.5594 386.0071 170.5348 164.6975 12.8695 -53.5137 100.0000 stroke4
movl 0 -57.3028 385.5404 170.8284 164.2541 12.2844 -53.1439 100.0000 stroke4
movl 0 -58.1211 385.0331 171.1340 163.5505 11.5163 -53.5512 100.0000 stroke4
movl 0 -59.6666 383.6369 171.5222 163.3868 11.2452 -52.9724 100.0000 stroke4
movl 0 -61.1725 382.4561 171.8820 163.2399 11.0775 -52.4084 100.0000 stroke4
movl 0 -62.0182 381.3175 172.4415 162.9565 11.0884 -52.1630 100.0000 stroke4
movl 0 -62.8095 380.1949 173.0197 162.6639 11.2757 -51.7537 100.0000 stroke4
movl 0 -63.4551 379.2224 173.5622 162.4410 11.6244 -51.3933 100.0000 stroke4
movl 0 -63.5845 378.5193 174.1659 162.1191 12.0152 -51.2751 100.0000 stroke4
movl 0 -61.3583 377.7904 175.9524 160.7527 13.5275 -51.4134 100.0000 stroke4
movl 0 -39.5047 379.6827 187.5282 153.9575 21.3426 -58.3343 100.0000 stroke4
movl 0 -24.5890 374.7223 245.6110 152.5756 34.1785 -59.9064 100.0000 stroke4
movl 0 -0.2888 414.0962 198.7245 142.7691 16.2157 -65.2951 100.0000 stroke5
movl 0 -2.9238 400.3617 167.8979 146.5682 15.0235 -65.6581 100.0000 stroke5
movl 0 -10.9576 392.4462 169.6573 151.2272 18.3813 -62.0147 100.0000 stroke5
movl 0 -16.1187 390.1978 168.1226 153.2881 18.9329 -59.3331 100.0000 stroke5
movl 0 -18.7496 390.3587 167.2517 154.3133 18.8605 -58.0554 100.0000 stroke5
movl 0 -20.2390 390.6328 166.7012 155.0685 19.1630 -57.3335 100.0000 stroke5
movl 0 -24.3126 392.5903 165.7954 156.0264 18.0272 -56.2878 100.0000 stroke5
movl 0 -29.2340 394.8928 165.9603 156.9458 14.2300 -57.3601 100.0000 stroke5
movl 0 -32.4521 396.7013 166.1110 157.5146 11.4980 -58.5168 100.0000 stroke5
movl 0 -33.2137 398.3693 165.9255 157.5700 9.5775 -59.7499 100.0000 stroke5
movl 0 -31.9212 400.2954 165.3558 157.3111 8.5491 -60.8148 100.0000 stroke5
movl 0 -31.7623 401.9973 164.9070 156.1518 7.1149 -60.5877 100.0000 stroke5
movl 0 -30.0322 399.6603 165.8234 156.5414 8.3612 -61.2678 100.0000 stroke5
movl 0 -30.6833 399.4740 165.8260 156.2257 7.5811 -60.5797 100.0000 stroke5
movl 0 -30.1772 399.1067 165.9404 155.9854 7.5400 -60.5896 100.0000 stroke5
movl 0 -30.1077 398.2212 166.2909 156.2314 8.1586 -60.6809 100.0000 stroke5
movl 0 -23.1487 393.9195 168.1950 155.4706 12.2560 -62.0901 100.0000 stroke5
movl 0 -8.7916 386.9922 182.5090 154.9007 24.1169 -64.1977 100.0000 stroke5
movl 0 7.8335 394.5152 233.9594 155.9151 31.7895 -67.7210 100.0000 stroke6
movl 0 7.5432 388.8183 181.1704 152.6042 27.2113 -69.8478 100.0000 stroke6
movl 0 -0.7232 384.1684 163.5847 154.8307 24.8316 -69.1857 100.0000 stroke6
movl 0 -8.6940 378.4451 165.8936 159.3845 25.8641 -67.0909 100.0000 stroke6
movl 0 -10.7425 380.1247 164.6236 159.8766 25.5477 -67.3391 100.0000 stroke6
movl 0 -10.2851 382.5717 162.7739 159.8565 25.6142 -66.8525 100.0000 stroke6
movl 0 -12.0248 384.6465 161.3028 160.5109 25.2371 -66.1827 100.0000 stroke6
movl 0 -14.4416 388.4753 161.0209 160.0923 21.5728 -67.7780 100.0000 stroke6
movl 0 -14.0728 391.2340 160.7409 158.6061 19.1123 -70.3215 100.0000 stroke6
movl 0 -14.3666 392.3094 160.5997 157.8141 18.0179 -71.0928 100.0000 stroke6
movl 0 -13.7516 393.1967 160.5965 156.8874 16.7326 -72.1365 100.0000 stroke6
movl 0 -13.3033 393.5997 160.9297 155.9061 15.2976 -73.0456 100.0000 stroke6
movl 0 -13.2892 394.2009 161.2710 155.0337 13.4526 -74.0886 100.0000 stroke6
movl 0 -13.0148 394.6678 161.7058 153.9022 11.3737 -75.3397 100.0000 stroke6
movl 0 -13.4753 395.0890 161.9734 153.2550 9.1337 -76.4882 100.0000 stroke6
movl 0 -14.5229 395.2266 162.3176 152.9266 6.7286 -77.9118 100.0000 stroke6
movl 0 -15.4891 395.0792 162.5500 152.8183 4.8312 -78.9409 100.0000 stroke6
movl 0 -15.9256 395.3324 162.7965 152.5034 2.6951 -79.7931 100.0000 stroke6
movl 0 -16.7757 395.9946 162.9745 152.4602 0.3132 -80.7320 100.0000 stroke6
movl 0 -17.7816 396.9693 163.0087 152.4394 -2.1899 -81.7702 100.0000 stroke6
movl 0 -19.0113 398.0533 163.0204 152.6516 -4.3229 -82.3589 100.0000 stroke6
movl 0 -20.1514 398.9265 162.9990 152.9591 -6.3262 -82.9967 100.0000 stroke6
movl 0 -21.8637 399.4238 162.8757 153.3676 -7.8350 -83.0324 100.0000 stroke6
movl 0 -20.9505 397.8352 163.7173 153.2497 -6.9343 -83.1313 100.0000 stroke6
movl 0 -17.0064 396.3556 164.4261 152.3458 -5.0030 -83.2914 100.0000 stroke6
movl 0 -17.8764 397.2435 164.1357 152.4542 -6.0742 -82.9327 100.0000 stroke6
movl 0 -18.3650 396.3841 164.5202 152.6824 -5.9561 -82.8599 100.0000 stroke6
movl 0 -17.5817 396.7072 164.4658 152.4976 -6.2496 -82.6493 100.0000 stroke6
movl 0 -17.1174 394.8889 165.2609 152.5674 -4.5831 -82.9566 100.0000 stroke6
movl 0 -14.2864 390.5998 167.0787 152.0527 -0.6659 -83.5337 100.0000 stroke6
movl 0 -5.3662 382.9273 184.4124 150.3561 15.1167 -80.6401 100.0000 stroke6
movl 0 6.7521 395.5705 181.2014 147.2382 19.9651 -83.9669 100.0000 stroke7
movl 0 -1.9987 387.7362 170.2400 150.3325 20.4740 -83.3797 100.0000 stroke7
movl 0 -14.3951 383.9611 168.9517 155.4176 19.0708 -82.0241 100.0000 stroke7
movl 0 -13.5088 382.3724 167.9995 156.5370 19.9378 -80.4794 100.0000 stroke7
movl 0 -12.8126 382.9514 166.6569 156.9773 20.6505 -78.6932 100.0000 stroke7
movl 0 -15.2509 383.5012 166.0128 158.4957 20.9717 -76.6975 100.0000 stroke7
movl 0 -18.4177 384.4690 166.2865 160.5180 19.9214 -75.8759 100.0000 stroke7
movl 0 -20.6896 384.1374 166.8566 161.8532 19.6533 -75.5531 100.0000 stroke7
movl 0 -20.9858 384.4616 167.0000 162.2317 19.3997 -76.0003 100.0000 stroke7
movl 0 -19.4815 385.0617 167.0504 162.3889 18.8728 -77.3694 100.0000 stroke7
movl 0 -17.4248 385.8989 167.0969 162.6922 18.2577 -79.3404 100.0000 stroke7
movl 0 -14.3957 387.1470 167.0864 162.8128 17.5315 -81.9206 100.0000 stroke7
movl 0 -12.9894 387.6159 166.9666 162.6598 17.2092 -82.8665 100.0000 stroke7
movl 0 -12.0054 384.9995 167.7258 162.1150 18.6374 -82.9210 100.0000 stroke7
movl 0 -12.3070 386.1687 167.5729 162.3497 17.6124 -82.7488 100.0000 stroke7
movl 0 -12.7986 386.4744 167.6806 161.9658 17.1935 -81.5537 100.0000 stroke7
movl 0 -4.9930 380.8729 169.2777 157.2543 23.1578 -78.1957 100.0000 stroke7
movl 0 2.0774 374.3074 195.2935 155.5204 32.4212 -76.1091 100.0000 stroke7
movl 0 12.9214 374.5059 217.1007 148.1237 25.2043 -80.5465 100.0000 stroke8
movl 0 9.2440 374.4374 168.8176 149.5628 19.1927 -82.1195 100.0000 stroke8
movl 0 -1.8978 370.2354 170.1116 153.1534 20.0901 -81.1507 100.0000 stroke8
movl 0 -4.6708 372.8562 166.6071 154.4247 19.6707 -79.6825 100.0000 stroke8
movl 0 -6.8212 375.3316 165.0473 154.7956 19.2002 -78.7857 100.0000 stroke8
movl 0 -8.4636 377.2086 163.8283 154.9187 18.8122 -77.7166 100.0000 stroke8
movl 0 -9.0785 377.6839 163.6413 155.6153 18.4138 -77.4994 100.0000 stroke8
movl 0 -12.0718 377.8206 164.1918 157.5613 17.5779 -77.2820 100.0000 stroke8
movl 0 -11.7618 377.9959 164.2419 158.1023 17.5793 -77.5687 100.0000 stroke8
movl 0 -7.2296 378.7735 164.2279 157.8683 17.0840 -79.5318 100.0000 stroke8
movl 0 0.8229 380.0124 163.8890 157.2310 16.2314 -82.9088 100.0000 stroke8
movl 0 4.4212 380.1579 163.5226 156.0285 16.0707 -83.7791 100.0000 stroke8
movl 0 9.6053 383.8643 161.5155 154.2452 14.4491 -84.9622 100.0000 stroke8
movl 0 12.4961 388.9947 159.2461 152.9253 11.4102 -85.8646 100.0000 stroke8
movl 0 13.3371 391.2165 158.3294 151.6354 9.6081 -85.4259 100.0000 stroke8
movl 0 12.7308 393.5205 158.7399 149.9649 6.5356 -83.4758 100.0000 stroke8
movl 0 12.8355 392.8411 159.1688 149.5444 6.4448 -82.9511 100.0000 stroke8
movl 0 17.5312 384.3983 162.2672 149.0174 12.8809 -83.0825 100.0000 stroke8
movl 0 19.5253 360.3893 175.7333 156.0110 36.1517 -75.9601 100.0000 stroke8
movl 0 14.6062 340.2051 249.9709 179.9313 51.9865 -51.6988 100.0000 stroke8
movl 0 -2.1439 377.3119 239.8509 162.9477 31.0016 -57.2028 100.0000 stroke9
movl 0 -10.0445 369.3912 178.9058 162.7886 24.5662 -61.1718 100.0000 stroke9
movl 0 -15.2922 363.2901 173.9586 163.9136 23.6431 -62.3432 100.0000 stroke9
movl 0 -20.8490 361.7396 171.9951 165.6618 22.6523 -61.7988 100.0000 stroke9
movl 0 -20.5537 362.5242 170.7809 165.6299 22.5126 -61.5878 100.0000 stroke9
movl 0 -21.5042 363.8593 169.8041 165.5331 22.3317 -60.9517 100.0000 stroke9
movl 0 -22.9247 365.2861 169.1634 165.6417 21.5913 -60.5834 100.0000 stroke9
movl 0 -25.3536 365.6424 169.4116 167.0393 20.1870 -60.8948 100.0000 stroke9
movl 0 -28.1024 365.1581 169.7113 168.2073 19.5108 -60.8512 100.0000 stroke9
movl 0 -28.4026 365.4123 169.7822 168.6156 19.1725 -61.4134 100.0000 stroke9
movl 0 -26.3836 366.1063 169.8990 168.6527 18.7263 -62.8916 100.0000 stroke9
movl 0 -23.8308 366.8047 169.9778 168.7312 18.2364 -64.2828 100.0000 stroke9
movl 0 -20.7626 367.7470 170.0500 168.6153 17.6314 -66.0632 100.0000 stroke9
movl 0 -18.4631 368.6315 169.9457 168.4254 17.1404 -68.3001 100.0000 stroke9
movl 0 -17.8260 366.0355 170.8904 168.1717 18.5039 -68.1132 100.0000 stroke9
movl 0 -16.4878 366.2677 170.9262 167.9529 18.5874 -68.3854 100.0000 stroke9
movl 0 -16.1576 367.0067 170.9338 167.7930 17.4671 -68.1114 100.0000 stroke9
movl 0 -16.7677 366.0594 170.6172 166.9802 18.6281 -65.4551 100.0000 stroke9
movl 0 -7.8722 364.3333 171.5239 164.4645 23.4236 -64.1123 100.0000 stroke9
movl 0 -0.7058 359.3818 195.3885 168.4676 35.0803 -55.6130 100.0000 stroke9
movl 0 22.9425 392.7361 199.2543 -155.2759 -32.5093 130.5576 100.0000 stroke10
movl 0 18.5657 383.9964 163.4980 -153.9802 -25.9965 123.2197 100.0000 stroke10
movl 0 10.9553 377.9591 165.9799 -159.0156 -24.7922 124.7138 100.0000 stroke10
movl 0 10.0359 378.0427 165.3829 -159.1979 -23.8522 124.3020 100.0000 stroke10
movl 0 10.8044 379.9864 164.2669 -158.8882 -23.1451 123.9198 100.0000 stroke10
movl 0 9.9137 380.5397 163.6568 -159.1122 -22.8069 124.3262 100.0000 stroke10
movl 0 10.8321 381.5151 163.0972 -158.7444 -22.7045 124.1285 100.0000 stroke10
movl 0 7.4795 385.5506 162.5133 -158.6992 -19.3268 123.8949 100.0000 stroke10
movl 0 8.3141 387.8741 161.9375 -158.0032 -17.3596 122.5732 100.0000 stroke10
movl 0 8.0882 389.9048 161.2862 -157.0610 -16.4390 122.4570 100.0000 stroke10
movl 0 7.2839 389.5711 161.0559 -156.1130 -15.7692 123.2211 100.0000 stroke10
movl 0 6.5238 388.2699 161.6227 -155.7149 -16.0615 124.2350 100.0000 stroke10
movl 0 6.9816 386.6056 163.0114 -155.4076 -17.4868 124.8224 100.0000 stroke10
movl 0 10.7371 381.0183 167.3182 -155.2545 -21.5546 124.4905 100.0000 stroke10
movl 0 9.9935 374.3620 199.6774 -157.0458 -27.7792 125.9297 100.0000 stroke10
movl 0 -5.2963 356.9582 189.6964 -162.0358 -27.0018 127.5740 100.0000 stroke11
movl 0 -9.7268 352.7699 174.5855 -163.9531 -24.5776 126.9683 100.0000 stroke11
movl 0 -15.3573 351.8005 173.1594 -166.3664 -23.6064 127.5744 100.0000 stroke11
movl 0 -18.8583 352.0792 172.2597 -167.1115 -23.3819 128.0163 100.0000 stroke11
movl 0 -19.5497 353.5060 171.3804 -167.0837 -23.0736 127.9078 100.0000 stroke11
movl 0 -20.8138 354.9128 170.4952 -166.9788 -22.5502 127.7173 100.0000 stroke11
movl 0 -23.2989 356.4448 169.9028 -167.5791 -21.3929 127.4172 100.0000 stroke11
movl 0 -26.4063 356.0573 170.4699 -168.6649 -19.8679 127.0627 100.0000 stroke11
movl 0 -28.0224 355.4488 170.8028 -169.1092 -19.3290 126.9526 100.0000 stroke11
movl 0 -27.7214 355.4397 170.9001 -169.2935 -19.2617 126.2650 100.0000 stroke11
movl 0 -26.2289 356.2844 170.9450 -169.1936 -18.8229 125.1315 100.0000 stroke11
movl 0 -24.8026 356.5159 171.1754 -169.2160 -18.4041 123.9078 100.0000 stroke11
movl 0 -23.4366 356.9178 171.4138 -169.1779 -17.8606 122.7477 100.0000 stroke11
movl 0 -21.2529 357.1998 171.6444 -169.0454 -17.4974 121.4974 100.0000 stroke11
movl 0 -19.0985 357.7881 171.7638 -168.9422 -16.7513 119.8311 100.0000 stroke11
movl 0 -17.3967 358.1275 171.9387 -169.0828 -16.0051 118.3854 100.0000 stroke11
movl 0 -15.9373 358.6838 172.2657 -169.4712 -15.2574 117.0520 100.0000 stroke11
movl 0 -15.7779 359.6904 172.7541 -170.0686 -14.3029 115.4759 100.0000 stroke11
movl 0 -15.9421 360.0702 173.1894 -170.5688 -13.4957 113.7593 100.0000 stroke11
movl 0 -14.2049 360.7737 173.4351 -170.5493 -12.7900 111.7243 100.0000 stroke11
movl 0 -13.2804 361.1333 173.4737 -170.4994 -12.3296 110.3413 100.0000 stroke11
movl 0 -13.5913 361.1251 173.4433 -170.6164 -12.1410 109.8493 100.0000 stroke11
movl 0 -14.3706 359.2619 174.0732 -170.8700 -12.8120 110.1232 100.0000 stroke11
movl 0 -12.8486 357.8269 174.3194 -170.5173 -13.6606 109.9481 100.0000 stroke11
movl 0 -11.9905 357.5478 174.6701 -170.4746 -14.0741 109.7351 100.0000 stroke11
movl 0 -11.3185 357.1302 174.8927 -170.3348 -14.3690 109.4956 100.0000 stroke11
movl 0 -10.6402 356.5051 175.1637 -170.2592 -14.7804 109.2355 100.0000 stroke11
movl 0 -10.3460 356.2642 175.3175 -170.1914 -14.9378 109.0261 100.0000 stroke11
movl 0 -9.7643 356.1033 175.4672 -170.1563 -15.1023 108.8613 100.0000 stroke11
movl 0 -9.6857 356.3412 175.3817 -170.0310 -14.7625 108.7585 100.0000 stroke11
movl 0 -10.1582 357.4450 175.2960 -169.8136 -13.5422 108.7082 100.0000 stroke11
movl 0 -9.9532 358.5656 175.0872 -169.3551 -12.5896 108.2874 100.0000 stroke11
movl 0 -9.9491 358.7002 175.1796 -169.2158 -12.0296 108.0586 100.0000 stroke11
movl 0 -9.8017 358.3305 175.1039 -169.0370 -12.0517 108.1825 100.0000 stroke11
movl 0 -9.9359 356.7758 175.2134 -168.8642 -13.3583 109.0083 100.0000 stroke11
movl 0 -10.0601 356.3913 175.2759 -168.7715 -13.8865 109.3915 100.0000 stroke11
movl 0 -10.5518 356.2921 175.3579 -168.8048 -14.1740 109.7819 100.0000 stroke11
movl 0 -10.8239 355.6952 175.5407 -168.9059 -14.4596 109.9664 100.0000 stroke11
movl 0 -10.8843 354.7148 175.9139 -168.8763 -14.8937 110.1708 100.0000 stroke11
movl 0 -11.4676 353.7021 176.2413 -168.9718 -15.2268 110.5466 100.0000 stroke11
movl 0 -12.5264 353.0712 176.3101 -169.0631 -15.3290 110.8929 100.0000 stroke11
movl 0 -13.3236 352.5792 176.3217 -169.2496 -15.4277 111.1307 100.0000 stroke11
movl 0 -12.1195 352.4542 176.5255 -168.8778 -15.6553 110.8703 100.0000 stroke11
movl 0 -8.2213 350.8782 178.4374 -167.9479 -17.2678 110.3567 100.0000 stroke11
movl 0 -5.0612 343.2176 211.0773 -168.7060 -22.6605 111.6992 100.0000 stroke11
