movl 0 -4.7612 373.1014 241.9101 133.8906 0.7610 -123.1097 100.0000 stroke1
movl 0 -4.8808 378.3404 180.2149 140.2309 -7.3259 -126.0478 100.0000 stroke1
movl 0 -12.3928 374.9623 171.1925 143.6731 -4.5619 -127.6602 100.0000 stroke1
movl 0 -18.8677 380.2315 170.1887 148.1380 -8.3659 -131.1132 100.0000 stroke1
movl 0 -30.4541 379.0009 170.8181 150.3952 -9.8520 -134.8407 100.0000 stroke1
movl 0 -39.4404 376.7038 168.8987 151.7285 -8.3167 -135.4357 100.0000 stroke1
movl 0 -40.1518 378.7637 167.5117 152.3275 -7.4278 -133.6370 100.0000 stroke1
movl 0 -42.5818 379.3829 167.0972 153.5382 -6.2380 -132.7845 100.0000 stroke1
movl 0 -46.2866 378.9660 167.1817 155.1017 -4.9700 -133.4410 100.0000 stroke1
movl 0 -47.7168 378.6668 167.4899 155.9376 -4.3047 -134.1321 100.0000 stroke1
movl 0 -48.8183 378.1535 167.7450 156.7385 -3.6602 -134.7497 100.0000 stroke1
movl 0 -51.1110 376.7282 167.8635 156.9896 -2.4299 -135.2894 100.0000 stroke1
movl 0 -51.0598 377.0268 168.1487 157.4425 -2.1267 -136.4517 100.0000 stroke1
movl 0 -50.4585 377.9169 168.0793 157.9663 -1.8719 -137.9098 100.0000 stroke1
movl 0 -49.0737 379.1230 168.1826 158.5009 -1.7183 -139.7573 100.0000 stroke1
movl 0 -47.7567 380.5567 168.1989 159.1370 -1.3810 -141.9104 100.0000 stroke1
movl 0 -46.5145 382.2253 168.0790 159.6561 -1.0997 -143.8540 100.0000 stroke1
movl 0 -44.8470 380.8809 168.6637 158.5492 -1.5583 -143.1199 100.0000 stroke1
movl 0 -42.5237 380.2627 169.0947 157.4134 -1.9796 -142.5730 100.0000 stroke1
movl 0 -41.1812 379.7074 169.3034 156.6643 -2.1129 -142.3187 100.0000 stroke1
movl 0 -40.6360 379.7210 169.3466 156.5011 -2.1629 -142.2627 100.0000 stroke1
movl 0 -40.4817 380.8961 169.3118 157.5790 -2.8796 -142.5045 100.0000 stroke1
movl 0 -39.9771 381.8507 169.1473 158.7300 -3.5154 -142.8781 100.0000 stroke1
movl 0 -37.6890 382.5316 168.8284 157.3660 -5.0039 -140.0962 100.0000 stroke1
movl 0 -31.9481 377.6840 173.2185 150.7571 -2.0108 -133.1326 100.0000 stroke1
movl 0 -15.3348 370.2465 226.4996 138.7709 3.6528 -128.4107 100.0000 stroke1
movl 0 -2.0780 376.8673 219.2063 141.2692 -9.9717 -125.5440 100.0000 stroke2
movl 0 -5.0199 378.9361 176.1366 146.6587 -12.3414 -128.9148 100.0000 stroke2
movl 0 -10.9279 380.3656 170.2636 151.3925 -12.8138 -132.6677 100.0000 stroke2
movl 0 -20.6789 376.0530 172.2563 153.9031 -11.0453 -134.1631 100.0000 stroke2
movl 0 -30.7483 372.6482 172.2055 154.3997 -10.4342 -132.3368 100.0000 stroke2
movl 0 -36.3299 372.8690 170.4802 154.5107 -10.0729 -130.9781 100.0000 stroke2
movl 0 -38.9790 374.6231 168.7354 154.7431 -10.2579 -130.3952 100.0000 stroke2
movl 0 -42.1499 374.5589 167.7453 155.6549 -9.4889 -130.8027 100.0000 stroke2
movl 0 -44.1426 374.4239 168.5599 157.8187 -9.1189 -132.9687 100.0000 stroke2
movl 0 -46.1001 372.6929 169.1757 158.1161 -8.0945 -133.7113 100.0000 stroke2
movl 0 -46.4481 372.4723 169.4178 158.5122 -7.5989 -135.1178 100.0000 stroke2
movl 0 -45.1074 373.4275 169.8903 159.2992 -7.4733 -137.2761 100.0000 stroke2
movl 0 -42.7228 374.5060 170.2728 159.9888 -7.1851 -139.6100 100.0000 stroke2
movl 0 -39.6815 375.7481 170.6378 160.6852 -6.9832 -142.0218 100.0000 stroke2
movl 0 -36.7676 377.2507 170.7981 161.4383 -6.6898 -144.4359 100.0000 stroke2
movl 0 -33.9923 379.1113 170.7011 162.3559 -6.1147 -147.1548 100.0000 stroke2
movl 0 -32.2186 379.3198 170.9008 162.1376 -6.1645 -147.6359 100.0000 stroke2
movl 0 -29.9051 377.4773 171.5608 160.2828 -6.6808 -146.6157 100.0000 stroke2
movl 0 -28.7271 376.4357 171.6228 159.3515 -6.6409 -146.2951 100.0000 stroke2
movl 0 -27.8716 376.4793 171.6893 159.1916 -6.7483 -146.2312 100.0000 stroke2
movl 0 -27.7035 376.9700 172.0172 160.2852 -6.8802 -146.4392 100.0000 stroke2
movl 0 -27.9432 377.2151 171.6895 161.2419 -7.1640 -146.1413 100.0000 stroke2
movl 0 -28.4233 376.9627 171.4848 160.9547 -7.5963 -145.0338 100.0000 stroke2
movl 0 -23.8988 375.7617 171.5865 157.5112 -9.7000 -140.4123 100.0000 stroke2
movl 0 -6.0426 377.2918 204.1567 143.2411 -6.2320 -127.8095 100.0000 stroke2
movl 0 0.2021 408.3882 247.3440 138.8809 2.8798 -104.6773 100.0000 stroke3
movl 0 -2.6362 401.1447 176.1348 141.6785 -0.4252 -105.1487 100.0000 stroke3
movl 0 -9.5812 393.3300 163.7329 145.3021 5.0076 -106.9955 100.0000 stroke3
movl 0 -19.9854 391.8838 163.5893 148.5728 10.2092 -105.6910 100.0000 stroke3
movl 0 -20.9143 393.1523 162.7708 149.0958 11.4140 -106.0320 100.0000 stroke3
movl 0 -22.0155 395.5410 161.4668 149.5568 12.2431 -105.3725 100.0000 stroke3
movl 0 -24.7041 400.5210 160.1437 151.1668 9.6716 -106.2084 100.0000 stroke3
movl 0 -25.6638 404.3693 159.7924 152.6653 5.7487 -110.2477 100.0000 stroke3
movl 0 -23.7273 408.9771 159.3585 153.4459 1.0491 -114.5039 100.0000 stroke3
movl 0 -24.4003 410.3985 159.1153 153.4712 -2.6306 -117.5461 100.0000 stroke3
movl 0 -22.5913 411.6982 158.8376 153.4264 -5.0258 -120.3278 100.0000 stroke3
movl 0 -21.9663 412.0539 158.8074 153.6169 -7.0285 -122.5248 100.0000 stroke3
movl 0 -21.5076 411.8174 159.1054 153.9632 -8.5955 -124.2215 100.0000 stroke3
movl 0 -21.2746 411.7465 159.5697 154.5692 -10.2295 -126.0007 100.0000 stroke3
movl 0 -21.2614 411.4485 160.0457 155.3390 -11.7686 -127.7029 100.0000 stroke3
movl 0 -21.2634 411.0131 160.7592 156.3251 -13.4277 -129.5564 100.0000 stroke3
movl 0 -21.4219 410.5696 161.4600 157.2585 -14.7293 -131.3063 100.0000 stroke3
movl 0 -21.4884 410.2256 162.2310 158.4578 -16.3143 -133.5037 100.0000 stroke3
movl 0 -21.6625 409.9246 162.7094 159.8604 -17.8903 -135.8118 100.0000 stroke3
movl 0 -22.0495 409.4222 163.1326 161.3324 -19.2258 -138.1480 100.0000 stroke3
movl 0 -22.1972 408.9058 163.5171 162.8433 -20.5129 -140.3821 100.0000 stroke3
movl 0 -22.4592 408.1843 163.8862 164.2749 -21.5792 -142.3589 100.0000 stroke3
movl 0 -22.8203 407.5593 164.1099 165.8506 -22.5855 -144.6280 100.0000 stroke3
movl 0 -23.2316 406.8603 164.3134 167.4466 -23.3721 -146.5876 100.0000 stroke3
movl 0 -23.8258 406.0287 164.5502 169.3217 -24.2211 -149.1284 100.0000 stroke3
movl 0 -24.7367 405.4311 164.7289 171.0687 -24.7380 -151.2282 100.0000 stroke3
movl 0 -25.6240 404.4974 164.9367 172.7639 -25.0537 -153.2682 100.0000 stroke3
movl 0 -26.5446 404.1084 165.0128 174.1755 -25.2251 -154.4515 100.0000 stroke3
movl 0 -27.2398 403.3672 165.1618 175.7872 -25.5253 -156.4225 100.0000 stroke3
movl 0 -28.3582 402.4731 165.2941 177.4278 -25.6295 -158.3032 100.0000 stroke3
movl 0 -29.4382 401.6513 165.3789 178.8362 -25.5898 -159.8638 100.0000 stroke3
movl 0 -30.6812 400.8118 165.5335 -179.5659 -25.4715 -161.3746 100.0000 stroke3
movl 0 -32.2379 399.9749 165.5823 -178.1528 -25.2334 -162.3268 100.0000 stroke3
movl 0 -33.8214 399.5252 165.6186 -176.5596 -24.8712 -163.4669 100.0000 stroke3
movl 0 -35.2539 399.0226 165.6070 -175.6014 -24.6723 -163.3357 100.0000 stroke3
movl 0 -36.6716 397.7998 165.6786 -175.2546 -24.5764 -162.8839 100.0000 stroke3
movl 0 -38.2719 396.3666 165.8140 -175.0341 -24.5440 -162.1345 100.0000 stroke3
movl 0 -37.4683 395.4189 166.3473 -175.8332 -24.7485 -161.5092 100.0000 stroke3
movl 0 -33.4960 394.5783 167.4182 -177.4708 -25.1647 -161.4006 100.0000 stroke3
movl 0 -33.1801 393.7927 167.7040 -177.5974 -25.1493 -161.6105 100.0000 stroke3
movl 0 -34.1976 393.1919 167.8544 -176.9815 -25.0886 -161.2959 100.0000 stroke3
movl 0 -32.9234 390.9870 168.9232 -178.6212 -24.8784 -161.1745 100.0000 stroke3
movl 0 -33.5145 381.4253 171.8789 176.9491 -23.1545 -160.4644 100.0000 stroke3
movl 0 -32.8309 366.5363 174.8817 169.4393 -20.8754 -158.3588 100.0000 stroke3
movl 0 -33.9936 358.2879 175.5823 165.9235 -18.6694 -157.0485 100.0000 stroke3
movl 0 -37.0371 355.6522 175.4022 165.1664 -17.0918 -156.8561 100.0000 stroke3
movl 0 -40.5933 356.3190 174.1426 166.8130 -16.7842 -156.0885 100.0000 stroke3
movl 0 -44.7320 355.3085 172.9951 168.0188 -16.4497 -153.9699 100.0000 stroke3
movl 0 -46.5109 353.9383 172.4425 167.8431 -16.1331 -152.1963 100.0000 stroke3
movl 0 -46.6852 353.0971 172.4548 167.3189 -16.1973 -151.2166 100.0000 stroke3
movl 0 -46.2867 352.5968 172.6186 166.7593 -16.4189 -150.8039 100.0000 stroke3
movl 0 -44.3124 352.2311 173.2643 165.6412 -17.0703 -150.8391 100.0000 stroke3
movl 0 -36.3625 350.1998 176.8402 160.4496 -17.9514 -150.9883 100.0000 stroke3
movl 0 -26.0593 347.7299 201.2053 145.7906 -13.3692 -141.9935 100.0000 stroke3
movl 0 -11.1689 384.3929 192.9554 149.8144 -26.5169 -147.1980 100.0000 stroke4
movl 0 -11.4047 388.0315 176.2840 159.2806 -27.8406 -156.3819 100.0000 stroke4
movl 0 -13.3355 394.5803 173.3174 167.7453 -28.9767 -164.5339 100.0000 stroke4
movl 0 -12.8274 396.6161 173.2421 170.8705 -29.3143 -168.9920 100.0000 stroke4
movl 0 -12.8380 396.8381 173.0002 171.8106 -29.2005 -170.0778 100.0000 stroke4
movl 0 -13.2870 396.1247 173.5407 171.7198 -28.9711 -169.9406 100.0000 stroke4
movl 0 -12.2149 395.8189 173.5525 171.0484 -28.8983 -169.5459 100.0000 stroke4
movl 0 -15.2115 392.8413 174.1185 170.4387 -27.7774 -169.0924 100.0000 stroke4
movl 0 -16.7404 392.8255 173.6920 170.7938 -27.5796 -168.6889 100.0000 stroke4
movl 0 -19.1156 393.1643 172.6894 170.8309 -27.0465 -167.9835 100.0000 stroke4
movl 0 -22.7311 393.0329 171.9347 171.0141 -25.9610 -167.6649 100.0000 stroke4
movl 0 -26.4499 393.7807 170.9637 171.9699 -24.8172 -167.9898 100.0000 stroke4
movl 0 -29.5201 394.2551 170.2600 173.1080 -24.2736 -167.9197 100.0000 stroke4
movl 0 -31.4752 394.3725 169.8691 173.5982 -24.1783 -167.2001 100.0000 stroke4
movl 0 -33.3742 393.8046 169.5736 173.6593 -24.0798 -166.0895 100.0000 stroke4
movl 0 -34.8727 392.9706 169.4920 173.8055 -24.1711 -165.2551 100.0000 stroke4
movl 0 -36.8443 391.8316 169.4038 173.9271 -24.3892 -164.2440 100.0000 stroke4
movl 0 -39.7180 390.0398 169.3849 173.8482 -24.6240 -162.8967 100.0000 stroke4
movl 0 -42.6081 388.7332 169.3906 173.8600 -24.7298 -161.9594 100.0000 stroke4
movl 0 -44.5629 387.8386 169.5150 173.7796 -24.9334 -161.3802 100.0000 stroke4
movl 0 -46.3122 386.8050 169.7718 173.5044 -25.0854 -160.8974 100.0000 stroke4
movl 0 -46.8787 385.5900 170.4890 172.8347 -25.5552 -160.5251 100.0000 stroke4
movl 0 -48.5001 378.1897 180.4011 166.4561 -26.7082 -156.7025 100.0000 stroke4
movl 0 -70.7611 361.3327 244.0788 153.1527 -18.0229 -146.4574 100.0000 stroke4
movl 0 -29.3087 366.0250 193.0852 157.6289 -16.6776 -147.6410 100.0000 stroke5
movl 0 -32.3441 357.3922 180.2376 157.3652 -14.6122 -149.5303 100.0000 stroke5
movl 0 -37.1294 361.7288 177.4103 159.1909 -13.6292 -150.9184 100.0000 stroke5
movl 0 -39.6805 362.5514 176.4252 159.6737 -13.0526 -151.9482 100.0000 stroke5
movl 0 -42.4298 363.3765 175.7659 160.3182 -12.3319 -152.7806 100.0000 stroke5
movl 0 -45.1680 363.9056 175.3206 161.1599 -11.5982 -154.0434 100.0000 stroke5
movl 0 -48.0401 364.9206 174.7982 162.3208 -10.9853 -155.2586 100.0000 stroke5
movl 0 -49.6043 366.0539 174.6722 163.4824 -10.7480 -156.6354 100.0000 stroke5
movl 0 -51.1836 366.7698 174.7344 164.4585 -10.3466 -157.9287 100.0000 stroke5
movl 0 -51.9082 367.2347 175.0659 165.2961 -10.1712 -159.1061 100.0000 stroke5
movl 0 -52.3108 367.7532 175.2926 165.9967 -10.1023 -159.9526 100.0000 stroke5
movl 0 -52.5351 367.9644 175.4530 166.4402 -10.0090 -160.5759 100.0000 stroke5
movl 0 -53.0610 368.6581 175.8436 167.4741 -9.8767 -161.6165 100.0000 stroke5
movl 0 -54.0823 370.0680 176.3247 169.1333 -9.6052 -163.4590 100.0000 stroke5
movl 0 -55.8370 372.0346 176.7710 171.2475 -9.0337 -165.9995 100.0000 stroke5
movl 0 -59.0510 374.5734 176.9580 173.7573 -7.7643 -168.9444 100.0000 stroke5
movl 0 -63.1025 377.7103 176.6869 176.4552 -5.9641 -173.0548 100.0000 stroke5
movl 0 -68.0088 380.7278 175.9978 178.8236 -3.5262 -177.7835 100.0000 stroke5
movl 0 -72.1679 383.9262 175.2192 -179.2207 -0.9817 176.9399 100.0000 stroke5
movl 0 -75.7235 386.0856 174.4035 -178.0102 1.3678 171.9225 100.0000 stroke5
movl 0 -78.7400 388.4696 173.1975 -177.2778 3.7113 166.8593 100.0000 stroke5
movl 0 -81.4257 389.5659 172.2281 -177.2834 5.3477 163.6553 100.0000 stroke5
movl 0 -83.4366 387.5205 172.6983 -178.4341 5.6502 160.5480 100.0000 stroke5
movl 0 -82.8360 388.6214 172.6411 -179.1654 5.8984 157.1428 100.0000 stroke5
movl 0 -80.0705 390.7889 172.8960 -178.7564 5.6239 156.3361 100.0000 stroke5
movl 0 -80.5467 387.7025 173.5109 -178.7202 5.2035 158.0351 100.0000 stroke5
movl 0 -77.1627 390.7913 173.6004 -178.1359 5.0773 157.6715 100.0000 stroke5
movl 0 -75.5467 391.7543 173.8502 -177.8718 4.8713 157.7374 100.0000 stroke5
movl 0 -74.3562 391.4891 174.3517 -177.5003 4.4770 158.5542 100.0000 stroke5
movl 0 -72.7093 391.9836 174.5141 -177.1735 4.3977 159.3275 100.0000 stroke5
movl 0 -71.0325 392.6355 174.8206 -176.9900 4.2013 159.4981 100.0000 stroke5
movl 0 -68.6289 393.1003 175.1194 -176.5092 3.8738 160.4541 100.0000 stroke5
movl 0 -66.9445 393.2620 175.3717 -176.2535 3.5696 160.5335 100.0000 stroke5
movl 0 -64.3371 393.7284 175.7674 -175.9870 3.2750 160.4075 100.0000 stroke5
movl 0 -63.2757 393.7794 175.9899 -175.9014 3.1968 160.4103 100.0000 stroke5
movl 0 -61.5523 394.3071 176.2594 -175.7296 3.0466 160.3213 100.0000 stroke5
movl 0 -59.8424 394.2280 176.6785 -175.6276 2.8584 160.3280 100.0000 stroke5
movl 0 -59.0261 393.9446 177.1410 -175.5476 2.6766 160.2799 100.0000 stroke5
movl 0 -56.7550 394.5993 177.7401 -175.4213 2.4599 159.8375 100.0000 stroke5
movl 0 -55.8614 394.6201 178.1997 -175.2948 2.3992 159.5994 100.0000 stroke5
movl 0 -54.6759 394.8080 178.8897 -175.2103 2.2788 159.3169 100.0000 stroke5
movl 0 -53.6364 394.9372 179.2469 -175.1279 2.1837 159.0866 100.0000 stroke5
movl 0 -52.7992 394.8843 179.6601 -175.1747 2.0918 158.8658 100.0000 stroke5
movl 0 -51.8630 394.8186 180.1233 -175.1637 1.8790 158.7807 100.0000 stroke5
movl 0 -50.6262 394.8608 180.7193 -175.1508 1.6311 158.6223 100.0000 stroke5
movl 0 -49.5234 394.2756 181.6176 -175.1531 1.2530 158.6537 100.0000 stroke5
movl 0 -47.9959 393.6354 182.6243 -175.2100 0.7659 158.5945 100.0000 stroke5
movl 0 -48.8608 392.7693 182.7124 -175.2809 0.4097 158.8695 100.0000 stroke5
movl 0 -46.6057 391.8281 183.9676 -175.2434 -0.8773 159.1355 100.0000 stroke5
movl 0 -44.9138 390.9825 185.1151 -175.3256 -1.9507 159.4915 100.0000 stroke5
movl 0 -39.6178 390.5623 187.8319 -174.8909 -4.4384 160.1549 100.0000 stroke5
movl 0 -32.8239 389.5881 195.8335 -175.2339 -7.5603 160.7808 100.0000 stroke5
movl 0 -15.9981 394.5145 232.0692 -175.5477 -13.4073 161.2385 100.0000 stroke5
