movl 0 -44.7966 395.0172 195.8071 141.4139 -3.3009 -128.2332 100.0000 stroke1
movl 0 -46.6137 387.3562 183.1782 142.9159 -1.6148 -130.1863 100.0000 stroke1
movl 0 -45.2424 383.7143 179.4741 144.5705 -2.4496 -132.9413 100.0000 stroke1
movl 0 -46.4872 380.9231 176.6721 146.9465 -4.1278 -135.5366 100.0000 stroke1
movl 0 -46.2533 383.0089 176.3109 148.4170 -5.0879 -137.3318 100.0000 stroke1
movl 0 -45.4432 387.2195 174.7158 150.3379 -7.6315 -140.3048 100.0000 stroke1
movl 0 -43.8151 389.1546 174.7140 151.3876 -10.2926 -143.8315 100.0000 stroke1
movl 0 -43.3107 389.7897 174.7333 151.8304 -11.6883 -145.6520 100.0000 stroke1
movl 0 -42.5963 389.6443 174.9973 151.1877 -11.0845 -144.8668 100.0000 stroke1
movl 0 -43.5143 388.0447 176.1120 149.6376 -7.3365 -142.1042 100.0000 stroke1
movl 0 -47.2537 387.5442 177.6318 149.9502 -3.0930 -139.8639 100.0000 stroke1
movl 0 -45.3294 391.4513 175.9517 149.6202 -2.1260 -133.8926 100.0000 stroke1
movl 0 -44.5261 394.1481 174.2828 149.8808 -1.4998 -129.7617 100.0000 stroke1
movl 0 -45.1676 396.1445 173.2202 150.3506 -0.0697 -126.0263 100.0000 stroke1
movl 0 -45.4951 398.0849 172.4344 150.7574 0.2628 -124.2296 100.0000 stroke1
movl 0 -46.0799 399.1394 171.9085 151.0126 0.8004 -122.6147 100.0000 stroke1
movl 0 -47.2697 400.7599 170.9477 152.0331 0.8889 -121.1112 100.0000 stroke1
movl 0 -48.1591 403.0362 169.6981 153.4987 -0.0626 -120.5470 100.0000 stroke1
movl 0 -48.1409 405.3293 168.6596 154.6583 -1.1943 -120.7649 100.0000 stroke1
movl 0 -47.2148 407.6009 167.8177 155.5524 -2.5131 -121.3895 100.0000 stroke1
movl 0 -45.4188 409.9128 166.9720 156.0584 -3.8802 -122.2073 100.0000 stroke1
movl 0 -44.3043 411.8215 166.4189 156.1628 -4.8768 -122.3338 100.0000 stroke1
movl 0 -45.6805 411.7191 166.5371 156.3952 -5.4352 -122.1103 100.0000 stroke1
movl 0 -45.9375 411.8939 166.6110 156.7400 -5.8873 -122.5337 100.0000 stroke1
movl 0 -46.2869 411.5979 167.0373 157.1958 -6.4238 -123.1485 100.0000 stroke1
movl 0 -46.7954 411.2513 167.5498 157.6326 -7.0391 -123.7003 100.0000 stroke1
movl 0 -46.7783 411.1676 167.9397 158.0900 -7.7724 -124.2105 100.0000 stroke1
movl 0 -47.1207 410.8679 168.4209 158.7737 -8.6841 -125.0343 100.0000 stroke1
movl 0 -47.4740 410.5078 169.0911 159.5258 -9.5214 -125.7881 100.0000 stroke1
movl 0 -47.6043 410.6463 169.4169 160.4237 -10.6833 -126.8227 100.0000 stroke1
movl 0 -47.8678 410.6443 169.6824 161.1939 -11.8210 -127.6286 100.0000 stroke1
movl 0 -48.3112 410.6636 170.0128 162.1637 -12.8794 -128.4804 100.0000 stroke1
movl 0 -48.7399 410.8830 170.1928 163.2571 -13.9646 -129.2861 100.0000 stroke1
movl 0 -49.6015 410.9347 170.3639 164.3934 -14.8609 -129.9020 100.0000 stroke1
movl 0 -49.8610 410.2217 170.7857 164.5717 -14.7529 -130.1238 100.0000 stroke1
movl 0 -48.4740 409.0788 171.7563 163.7704 -14.2221 -130.3588 100.0000 stroke1
movl 0 -48.8322 409.2201 171.6974 164.1499 -14.4890 -130.3328 100.0000 stroke1
movl 0 -48.2423 407.5556 172.4770 163.2135 -13.5673 -130.5115 100.0000 stroke1
movl 0 -49.9154 408.0266 171.9776 164.3235 -14.1383 -130.2308 100.0000 stroke1
movl 0 -47.8091 406.9213 172.8466 163.0233 -13.6168 -130.5083 100.0000 stroke1
movl 0 -49.2769 407.1106 172.5292 164.0452 -14.0558 -130.3037 100.0000 stroke1
movl 0 -48.6400 406.9088 172.6791 163.7117 -14.0076 -130.2725 100.0000 stroke1
movl 0 -48.1247 405.6023 173.4268 162.8717 -13.2842 -130.2437 100.0000 stroke1
movl 0 -40.9373 397.6147 177.6251 155.2915 -8.8146 -128.0416 100.0000 stroke1
movl 0 -29.8794 387.8820 198.1843 144.6694 0.9753 -126.3482 100.0000 stroke1
movl 0 -31.7764 403.1509 244.3234 154.0639 6.8289 -114.1533 100.0000 stroke2
movl 0 -34.4362 401.3919 205.1318 154.9514 9.7962 -102.7104 100.0000 stroke2
movl 0 -40.5322 397.0800 189.7116 159.2239 17.6487 -84.7775 100.0000 stroke2
movl 0 -44.4428 393.7462 184.1179 163.0477 20.5619 -76.5750 100.0000 stroke2
movl 0 -51.7857 392.0938 179.5492 166.5757 21.5160 -72.1791 100.0000 stroke2
movl 0 -53.1181 393.5504 177.6536 167.5418 21.7775 -70.0859 100.0000 stroke2
movl 0 -52.9610 394.7173 176.7831 168.2609 21.9161 -68.6213 100.0000 stroke2
movl 0 -52.9964 396.0912 176.0422 168.0976 21.5833 -67.7906 100.0000 stroke2
movl 0 -54.1515 396.6262 175.1021 168.7340 21.0130 -67.2445 100.0000 stroke2
movl 0 -54.5688 397.1869 174.5894 169.3295 20.4900 -67.2860 100.0000 stroke2
movl 0 -54.9993 397.1338 174.3748 169.7293 20.1673 -67.2828 100.0000 stroke2
movl 0 -54.9192 397.4647 174.2900 169.7686 20.0575 -67.5525 100.0000 stroke2
movl 0 -54.0798 398.2263 174.0728 169.8020 19.8307 -68.0869 100.0000 stroke2
movl 0 -52.7570 399.1561 173.8370 169.8743 19.4948 -68.8962 100.0000 stroke2
movl 0 -51.0451 400.1907 173.7142 170.0803 19.1515 -69.9004 100.0000 stroke2
movl 0 -48.5346 402.2237 173.0276 170.3965 18.5742 -71.5373 100.0000 stroke2
movl 0 -46.3004 403.6617 172.4854 170.0826 18.1975 -72.5452 100.0000 stroke2
movl 0 -45.8012 402.5595 173.7264 169.8425 18.8908 -72.8357 100.0000 stroke2
movl 0 -44.4299 402.4849 174.6797 169.7128 19.1933 -73.3453 100.0000 stroke2
movl 0 -44.7561 402.1218 174.9258 169.8653 19.1083 -73.3213 100.0000 stroke2
movl 0 -45.0380 401.8468 174.8567 169.8255 18.1727 -73.2502 100.0000 stroke2
movl 0 -45.7197 401.5850 174.6551 169.1794 18.1470 -72.6522 100.0000 stroke2
movl 0 -47.8842 400.1658 175.2184 169.2314 18.5861 -72.1703 100.0000 stroke2
movl 0 -47.1581 400.5161 175.0976 169.0877 18.5713 -72.2479 100.0000 stroke2
movl 0 -47.2320 400.1537 175.2245 169.0558 18.7363 -72.2807 100.0000 stroke2
movl 0 -45.8068 398.2621 176.5504 168.6840 19.6121 -72.6094 100.0000 stroke2
movl 0 -43.7914 393.6691 182.9231 167.9294 21.7621 -73.3591 100.0000 stroke2
movl 0 -44.6576 388.0396 207.3792 168.7797 24.2977 -72.8568 100.0000 stroke2
movl 0 -31.0870 393.0444 219.5463 167.1113 23.5792 -63.5252 100.0000 stroke3
movl 0 -37.0219 390.3167 195.7781 168.2994 23.6183 -63.2320 100.0000 stroke3
movl 0 -41.1548 392.5094 182.5740 168.4768 22.5653 -62.8435 100.0000 stroke3
movl 0 -42.6142 393.6695 179.4719 170.4130 23.1238 -60.2587 100.0000 stroke3
movl 0 -42.8896 395.5809 177.0910 170.6655 22.7646 -59.0515 100.0000 stroke3
movl 0 -43.0466 396.4726 176.3592 170.6007 22.6362 -59.3669 100.0000 stroke3
movl 0 -44.9742 399.7720 174.0929 170.5368 20.8511 -60.1037 100.0000 stroke3
movl 0 -44.8356 402.0224 173.0427 170.3502 18.8845 -61.1284 100.0000 stroke3
movl 0 -45.0836 402.5771 172.9981 169.6590 17.9775 -61.7557 100.0000 stroke3
movl 0 -45.4950 402.6901 173.3249 168.9391 17.0143 -62.4417 100.0000 stroke3
movl 0 -45.5789 402.6138 173.6119 168.3252 16.0680 -63.3023 100.0000 stroke3
movl 0 -45.7747 402.2122 174.1517 167.5298 15.0157 -64.4550 100.0000 stroke3
movl 0 -45.8777 402.2932 174.4107 166.6788 13.6268 -65.6530 100.0000 stroke3
movl 0 -46.2110 401.9626 174.8151 165.9743 12.3158 -67.0234 100.0000 stroke3
movl 0 -46.8052 401.5214 175.3308 165.4019 10.9215 -68.9762 100.0000 stroke3
movl 0 -47.3949 401.4583 175.4370 164.8305 9.3954 -70.4564 100.0000 stroke3
movl 0 -47.4830 400.8076 175.8194 164.5456 8.5943 -71.5931 100.0000 stroke3
movl 0 -46.5307 401.4040 176.1741 164.1455 8.3287 -71.7259 100.0000 stroke3
movl 0 -46.7584 400.7516 176.4263 164.1023 8.3191 -71.9102 100.0000 stroke3
movl 0 -47.0648 400.7202 176.3096 164.1265 8.0268 -71.8614 100.0000 stroke3
movl 0 -46.4466 401.0201 176.1151 164.0614 8.4205 -71.7440 100.0000 stroke3
movl 0 -46.2548 401.0685 176.1674 164.0631 8.8122 -71.5785 100.0000 stroke3
movl 0 -46.2713 401.1645 176.3162 164.1123 9.0493 -71.5298 100.0000 stroke3
movl 0 -45.9499 400.9783 176.4167 164.1784 9.2388 -71.6052 100.0000 stroke3
movl 0 -45.3476 399.9897 177.2342 164.2566 9.8614 -71.6515 100.0000 stroke3
movl 0 -43.8232 394.0204 187.7634 165.8599 14.3125 -71.8154 100.0000 stroke3
movl 0 -38.6292 383.9791 242.0215 168.3624 23.0322 -71.9720 100.0000 stroke3
movl 0 -27.0076 386.6670 216.9052 164.3770 28.8613 -64.4039 100.0000 stroke4
movl 0 -33.0141 383.8905 186.9363 163.4241 25.3019 -65.3131 100.0000 stroke4
movl 0 -41.0945 382.6013 184.6871 166.7403 24.5599 -63.3742 100.0000 stroke4
movl 0 -45.9186 384.9486 179.7019 168.6118 23.8090 -60.7582 100.0000 stroke4
movl 0 -46.4832 387.6829 177.4788 170.2444 23.3313 -55.6964 100.0000 stroke4
movl 0 -47.3294 388.3986 176.6733 170.7123 23.5156 -54.5384 100.0000 stroke4
movl 0 -47.6497 390.1915 175.6014 171.2111 23.5148 -52.5882 100.0000 stroke4
movl 0 -48.9884 391.5393 174.8939 171.8075 22.5709 -51.8572 100.0000 stroke4
movl 0 -50.0182 391.9184 174.7863 172.4029 21.6191 -52.2273 100.0000 stroke4
movl 0 -50.3217 392.0168 174.9486 172.3986 21.1829 -53.0112 100.0000 stroke4
movl 0 -50.1145 392.4533 174.8262 172.4594 20.9889 -53.4859 100.0000 stroke4
movl 0 -48.7582 393.0605 174.8885 172.4560 20.7361 -54.2835 100.0000 stroke4
movl 0 -46.9697 393.7689 174.8248 172.4232 20.4037 -55.2638 100.0000 stroke4
movl 0 -44.8155 394.6796 174.6931 172.3143 19.9329 -56.4708 100.0000 stroke4
movl 0 -42.1262 395.8356 174.4281 172.3199 19.4292 -58.0274 100.0000 stroke4
movl 0 -39.8130 396.3528 174.5382 171.9895 19.1366 -59.0929 100.0000 stroke4
movl 0 -39.0003 395.2213 175.5558 171.6464 20.0915 -59.5060 100.0000 stroke4
movl 0 -39.1668 395.3678 175.3275 171.6287 19.7228 -59.8847 100.0000 stroke4
movl 0 -39.3432 395.4854 175.1042 170.9771 18.8716 -60.1931 100.0000 stroke4
movl 0 -41.3201 394.9131 174.9930 170.8923 18.7993 -60.0415 100.0000 stroke4
movl 0 -39.1194 392.2741 176.7571 168.7972 21.2066 -59.2078 100.0000 stroke4
movl 0 -32.2390 374.2951 211.3125 165.0505 30.8273 -59.5372 100.0000 stroke4
movl 0 -32.2613 377.6637 212.2756 167.5871 25.5241 -56.0687 100.0000 stroke5
movl 0 -35.1216 377.3708 184.1009 167.0714 24.4346 -57.3528 100.0000 stroke5
movl 0 -42.7104 376.7470 179.7602 167.7498 23.7742 -56.3705 100.0000 stroke5
movl 0 -44.8773 378.0741 177.5275 169.1103 23.3721 -54.7892 100.0000 stroke5
movl 0 -45.0091 380.5366 175.5509 168.8620 22.8256 -54.9376 100.0000 stroke5
movl 0 -46.4097 381.1343 174.7810 169.1576 22.5652 -54.8560 100.0000 stroke5
movl 0 -46.5957 382.0178 174.2565 169.1690 22.3208 -55.0714 100.0000 stroke5
movl 0 -47.0325 383.1924 173.7196 169.1588 21.6129 -55.4830 100.0000 stroke5
movl 0 -47.2211 383.6252 173.4976 169.5684 20.8581 -55.7238 100.0000 stroke5
movl 0 -47.0065 383.8691 173.5128 169.7456 20.6094 -55.9412 100.0000 stroke5
movl 0 -46.2614 384.3928 173.5797 169.9699 20.2922 -56.3602 100.0000 stroke5
movl 0 -44.2605 385.2623 173.3105 170.1539 19.8830 -57.0533 100.0000 stroke5
movl 0 -41.5624 386.2374 172.8009 170.0611 19.2566 -58.1329 100.0000 stroke5
movl 0 -38.4347 387.3295 172.4625 169.9467 18.6209 -59.6377 100.0000 stroke5
movl 0 -35.6158 388.6769 171.7404 169.9255 18.0067 -61.0892 100.0000 stroke5
movl 0 -35.0075 386.8954 172.9146 169.7933 18.9159 -61.2360 100.0000 stroke5
movl 0 -34.6736 386.9547 173.0756 169.8590 18.8300 -61.4797 100.0000 stroke5
movl 0 -33.7913 386.3766 173.0709 169.7621 18.3878 -61.7495 100.0000 stroke5
movl 0 -35.4531 385.7499 172.8728 169.4169 18.2585 -61.5631 100.0000 stroke5
movl 0 -36.1550 385.3998 173.3836 169.2937 18.5859 -61.4734 100.0000 stroke5
movl 0 -36.1748 385.5190 173.3574 169.2617 18.5732 -61.4960 100.0000 stroke5
movl 0 -36.0664 385.0436 173.4898 169.2143 18.8385 -61.5638 100.0000 stroke5
movl 0 -35.0395 382.2519 177.1032 169.1352 20.5093 -61.9899 100.0000 stroke5
movl 0 -35.0408 375.9286 201.1676 169.1709 24.3274 -61.9171 100.0000 stroke5
movl 0 -28.4936 370.6442 225.8940 164.7170 27.5803 -59.4152 100.0000 stroke6
movl 0 -30.8643 369.6823 191.5748 164.4205 24.5884 -60.5111 100.0000 stroke6
movl 0 -37.7741 370.9265 178.1965 165.6986 22.7703 -59.0153 100.0000 stroke6
movl 0 -43.6557 370.1399 176.6572 168.5440 23.4916 -55.3534 100.0000 stroke6
movl 0 -44.0546 371.0806 175.7218 168.8021 23.5939 -54.3021 100.0000 stroke6
movl 0 -45.1308 372.1713 174.9447 169.9667 23.1332 -51.3800 100.0000 stroke6
movl 0 -47.3793 373.7083 173.8938 170.9413 22.0359 -49.8801 100.0000 stroke6
movl 0 -47.9768 373.8404 173.8042 171.4531 21.3141 -49.9512 100.0000 stroke6
movl 0 -47.6489 374.3711 173.7234 171.5136 20.9849 -50.3062 100.0000 stroke6
movl 0 -45.9449 374.7108 173.7388 171.4292 20.7826 -51.0894 100.0000 stroke6
movl 0 -43.2639 375.1120 173.8057 171.4461 20.5194 -52.2571 100.0000 stroke6
movl 0 -39.5871 375.5566 173.9102 171.3364 20.2458 -53.5750 100.0000 stroke6
movl 0 -35.0807 376.3884 173.7336 171.0907 19.8622 -55.0585 100.0000 stroke6
movl 0 -32.2032 377.2772 173.1244 170.7929 19.5258 -56.0713 100.0000 stroke6
movl 0 -31.1235 376.3256 173.8757 170.5344 20.0890 -56.6409 100.0000 stroke6
movl 0 -31.3755 378.0169 172.8644 170.0386 18.5976 -57.2964 100.0000 stroke6
movl 0 -29.4022 379.6876 172.1752 168.9344 17.4259 -58.6038 100.0000 stroke6
movl 0 -31.2897 380.1197 171.8925 168.0609 16.7943 -58.5020 100.0000 stroke6
movl 0 -30.1342 380.6039 171.8280 167.4151 16.2892 -59.3586 100.0000 stroke6
movl 0 -30.7993 380.5952 171.8467 166.9310 15.7555 -59.8248 100.0000 stroke6
movl 0 -30.7589 380.3766 172.0821 166.4127 15.2541 -60.3985 100.0000 stroke6
movl 0 -30.9676 380.1635 172.4046 165.9391 14.6842 -60.8542 100.0000 stroke6
movl 0 -31.2984 379.9665 172.6977 165.2936 14.0130 -61.1790 100.0000 stroke6
movl 0 -31.8780 379.8662 172.8223 164.7095 13.2099 -61.7029 100.0000 stroke6
movl 0 -32.4465 379.7006 173.0199 164.0926 12.3510 -62.2778 100.0000 stroke6
movl 0 -32.9768 379.7189 173.0851 163.3788 11.3921 -62.6979 100.0000 stroke6
movl 0 -34.2002 379.4269 172.9705 162.7890 10.4636 -62.8022 100.0000 stroke6
movl 0 -35.7353 378.9431 173.0669 162.4054 9.7333 -62.7226 100.0000 stroke6
movl 0 -37.4746 378.4823 173.0251 162.1410 9.3657 -62.1347 100.0000 stroke6
movl 0 -41.2159 376.5539 173.2324 162.4125 9.7229 -60.5666 100.0000 stroke6
movl 0 -39.7835 376.1935 173.6594 162.5868 10.2693 -60.8096 100.0000 stroke6
movl 0 -35.9941 375.6698 174.2954 162.4709 10.9603 -61.5026 100.0000 stroke6
movl 0 -37.8803 375.1862 174.2375 162.2587 10.5182 -60.8703 100.0000 stroke6
movl 0 -37.4916 374.4632 174.5864 162.5016 10.9275 -61.0648 100.0000 stroke6
movl 0 -35.1158 369.7344 177.0661 164.1192 13.6359 -62.3242 100.0000 stroke6
movl 0 -35.0106 368.1382 177.6034 165.1137 14.5261 -62.8033 100.0000 stroke6
movl 0 -36.6461 368.8370 176.5578 165.1084 14.0391 -62.4008 100.0000 stroke6
movl 0 -42.1556 367.3467 175.6285 165.7758 13.8928 -60.0954 100.0000 stroke6
movl 0 -43.5910 366.7195 175.2716 165.6691 14.1671 -58.7677 100.0000 stroke6
movl 0 -44.5846 365.8299 175.2473 165.9850 14.7891 -57.7134 100.0000 stroke6
movl 0 -44.7196 365.7203 175.0569 166.1745 15.3168 -56.3559 100.0000 stroke6
movl 0 -44.3990 365.3931 175.2647 166.2110 15.9435 -55.9336 100.0000 stroke6
movl 0 -43.3847 364.7088 175.9784 166.3211 16.7860 -56.0008 100.0000 stroke6
movl 0 -34.2636 359.6937 180.8131 165.2048 21.4501 -59.1631 100.0000 stroke6
movl 0 -32.1375 360.9786 180.4382 164.3795 22.0833 -59.7648 100.0000 stroke6
movl 0 -31.2691 360.8629 180.2645 164.0100 22.7865 -61.4533 100.0000 stroke6
movl 0 -31.6619 361.2785 179.7201 164.2711 22.6052 -60.7953 100.0000 stroke6
movl 0 -34.1111 362.6332 179.0274 165.0427 20.5851 -57.8054 100.0000 stroke6
movl 0 -34.6812 363.4096 178.6627 164.8328 19.6046 -58.0658 100.0000 stroke6
movl 0 -32.8798 362.3813 179.2708 164.9673 21.0530 -58.3348 100.0000 stroke6
movl 0 -28.6783 362.4982 185.5856 164.1180 24.4594 -60.1106 100.0000 stroke6
movl 0 -30.3502 358.1197 224.4796 171.6507 32.1883 -53.1204 100.0000 stroke6
movl 0 -50.2611 382.3231 234.6445 169.7164 26.6645 -43.4791 100.0000 stroke7
movl 0 -51.2469 378.3862 201.8110 167.5287 21.5125 -47.6146 100.0000 stroke7
movl 0 -48.5754 379.1483 180.8108 165.7034 20.0762 -48.7112 100.0000 stroke7
movl 0 -48.6310 374.7455 181.2126 167.7083 21.4573 -48.3776 100.0000 stroke7
movl 0 -49.0845 374.4160 178.9454 168.5285 21.9185 -48.5025 100.0000 stroke7
movl 0 -50.0608 375.1327 177.7130 168.9899 21.6180 -48.5405 100.0000 stroke7
movl 0 -51.3337 375.6979 176.7110 168.9574 21.2935 -48.8834 100.0000 stroke7
movl 0 -53.6168 377.5429 175.1934 168.4806 19.5059 -48.9901 100.0000 stroke7
movl 0 -54.9830 378.7351 174.3621 167.6820 17.8822 -49.1227 100.0000 stroke7
movl 0 -56.3271 379.5725 173.7409 166.8159 16.4611 -49.0158 100.0000 stroke7
movl 0 -58.6278 379.8140 173.1669 166.5205 15.4956 -47.5858 100.0000 stroke7
movl 0 -56.8787 379.3060 173.8302 166.5558 16.1277 -48.0815 100.0000 stroke7
movl 0 -56.8391 378.8184 174.1368 166.4654 15.9316 -47.8456 100.0000 stroke7
movl 0 -56.3649 379.0511 174.3185 166.5680 16.0507 -48.2388 100.0000 stroke7
movl 0 -55.8503 378.4842 174.7791 166.8773 16.4710 -48.3217 100.0000 stroke7
movl 0 -52.8896 375.5381 181.6766 168.5963 19.7247 -48.9859 100.0000 stroke7
movl 0 -44.7255 370.9288 230.9380 173.4514 26.6827 -48.9091 100.0000 stroke7
movl 0 -30.2110 382.1303 197.0202 164.8858 22.7750 -49.6838 100.0000 stroke8
movl 0 -34.6819 376.1871 183.2741 165.6194 21.6562 -49.6385 100.0000 stroke8
movl 0 -38.3891 375.8600 179.2169 166.6930 21.2594 -49.3712 100.0000 stroke8
movl 0 -39.1642 375.9091 178.2925 167.2047 21.4362 -49.6581 100.0000 stroke8
movl 0 -39.8024 377.4454 176.7460 167.2405 21.1836 -50.0863 100.0000 stroke8
movl 0 -42.0312 379.3205 174.6641 167.0712 19.9609 -50.0231 100.0000 stroke8
movl 0 -43.8224 381.8362 172.6909 166.0272 17.2218 -50.0491 100.0000 stroke8
movl 0 -43.6639 383.1970 172.1216 165.3864 15.8062 -50.7653 100.0000 stroke8
movl 0 -42.1916 384.0190 171.8377 164.9745 15.5992 -51.5336 100.0000 stroke8
movl 0 -43.5425 382.6097 172.7166 164.7798 15.1125 -51.1330 100.0000 stroke8
movl 0 -42.2947 382.9930 172.9308 164.6602 15.3675 -51.6787 100.0000 stroke8
movl 0 -42.7574 382.4050 173.1660 164.8702 15.4895 -51.7385 100.0000 stroke8
movl 0 -40.3300 380.9177 175.3479 164.9959 17.0634 -52.7485 100.0000 stroke8
movl 0 -36.8255 373.4955 205.9998 168.8063 25.0615 -53.5123 100.0000 stroke8
movl 0 -24.8659 385.8455 199.3507 160.7217 21.0345 -56.0994 100.0000 stroke9
movl 0 -28.9432 381.8155 179.0542 161.5217 19.7634 -57.2275 100.0000 stroke9
movl 0 -31.9963 380.1861 176.6770 164.2274 19.7423 -56.7150 100.0000 stroke9
movl 0 -32.1126 381.0691 175.9267 163.7571 19.3352 -57.0361 100.0000 stroke9
movl 0 -32.6394 381.9949 175.0886 163.3513 18.6671 -57.5751 100.0000 stroke9
movl 0 -33.9406 383.8397 173.9071 163.4755 17.1093 -58.1165 100.0000 stroke9
movl 0 -36.0039 385.9097 172.7732 164.0884 15.0535 -58.4335 100.0000 stroke9
movl 0 -36.5735 387.8627 171.9298 164.4529 13.1828 -59.2060 100.0000 stroke9
movl 0 -34.7151 386.8858 172.5045 164.1883 13.9596 -59.9221 100.0000 stroke9
movl 0 -34.4426 387.4496 172.3991 163.8258 13.2945 -59.6377 100.0000 stroke9
movl 0 -35.3541 386.5250 172.9337 163.8994 13.2220 -59.3875 100.0000 stroke9
movl 0 -34.6359 386.3769 172.7695 163.6825 13.6384 -59.3358 100.0000 stroke9
movl 0 -33.7033 386.1265 172.9228 163.5411 14.2364 -59.3690 100.0000 stroke9
movl 0 -27.1542 378.1793 184.3279 164.8064 23.1635 -60.7068 100.0000 stroke9
movl 0 -2.4995 414.8469 245.2938 165.6583 26.8008 -63.1374 100.0000 stroke10
movl 0 -5.0131 411.7577 210.0272 162.0914 21.0773 -69.2746 100.0000 stroke10
movl 0 -3.6746 413.1195 192.4691 161.4944 20.2842 -70.5437 100.0000 stroke10
movl 0 -4.6919 415.6318 179.0262 161.4876 18.7892 -70.1671 100.0000 stroke10
movl 0 -5.7458 415.8381 175.9426 162.4698 19.6129 -68.4862 100.0000 stroke10
movl 0 -4.6593 416.6906 175.4864 163.0558 20.5076 -66.3640 100.0000 stroke10
movl 0 -4.4556 417.4766 174.7165 163.8810 20.4253 -63.6809 100.0000 stroke10
movl 0 -5.8532 418.8613 173.3229 164.4271 19.6514 -62.8518 100.0000 stroke10
movl 0 -8.9170 420.7705 171.5024 165.4367 17.7371 -61.9582 100.0000 stroke10
movl 0 -7.7802 422.3569 170.9068 165.2960 17.0320 -62.6833 100.0000 stroke10
movl 0 -9.1607 422.2796 170.7110 165.2254 16.5431 -62.5653 100.0000 stroke10
movl 0 -9.5888 422.0935 170.8429 164.7377 15.8085 -62.5908 100.0000 stroke10
movl 0 -9.8047 421.9058 171.2819 164.1782 15.0574 -62.9712 100.0000 stroke10
movl 0 -10.5908 421.5381 171.5116 163.7785 14.2758 -63.0015 100.0000 stroke10
movl 0 -11.0676 421.4113 171.4307 163.4324 13.6597 -62.9966 100.0000 stroke10
movl 0 -11.5747 421.1405 171.6955 163.1365 13.1203 -62.9570 100.0000 stroke10
movl 0 -12.4199 420.3733 172.0668 162.9233 12.7435 -62.8424 100.0000 stroke10
movl 0 -13.2291 419.4707 172.5886 162.6908 12.4703 -62.6444 100.0000 stroke10
movl 0 -14.0773 418.6708 173.0451 162.4739 12.1749 -62.4773 100.0000 stroke10
movl 0 -14.9072 417.7775 173.4098 162.3074 12.0481 -62.2513 100.0000 stroke10
movl 0 -15.9063 416.8263 173.8263 162.2486 11.9561 -62.0742 100.0000 stroke10
movl 0 -16.6698 416.0722 174.2584 162.1082 11.8703 -61.9464 100.0000 stroke10
movl 0 -17.0924 415.2512 174.7819 161.9825 11.9270 -61.9001 100.0000 stroke10
movl 0 -17.4228 414.6588 175.1830 161.8925 11.9577 -61.8947 100.0000 stroke10
movl 0 -18.0580 414.0627 175.5087 161.8433 11.9788 -61.8450 100.0000 stroke10
movl 0 -18.6575 413.3595 175.9989 161.7821 12.0852 -61.7208 100.0000 stroke10
movl 0 -19.1105 412.6593 176.5125 161.7321 12.2511 -61.6029 100.0000 stroke10
movl 0 -19.4063 412.1318 176.9991 161.7480 12.3672 -61.5719 100.0000 stroke10
movl 0 -19.7466 411.5392 177.5542 161.7272 12.5180 -61.4846 100.0000 stroke10
movl 0 -20.2288 410.8514 178.0603 161.7527 12.6581 -61.3985 100.0000 stroke10
movl 0 -19.9704 410.2553 178.6612 161.7191 12.8799 -61.5189 100.0000 stroke10
movl 0 -20.7873 409.5773 178.8175 162.0296 12.8689 -61.5911 100.0000 stroke10
movl 0 -21.2526 408.0015 180.0020 162.2736 13.2406 -61.9356 100.0000 stroke10
movl 0 -24.9608 403.7600 185.1007 163.8666 14.0831 -63.1763 100.0000 stroke10
movl 0 -36.4461 395.7418 219.0673 167.5312 17.2851 -65.4526 100.0000 stroke10
movl 0 3.0925 407.0793 218.9890 158.5909 18.4716 -73.3611 100.0000 stroke11
movl 0 2.4093 404.0986 195.6031 159.7697 19.1312 -73.7091 100.0000 stroke11
movl 0 -3.1871 407.5475 186.0647 162.0455 18.3537 -72.0392 100.0000 stroke11
movl 0 -6.8869 409.5012 182.6793 163.0870 18.0719 -70.0375 100.0000 stroke11
movl 0 -10.2917 411.3077 180.5848 164.5834 17.8657 -68.0274 100.0000 stroke11
movl 0 -10.9994 412.8817 179.1892 164.7754 17.5488 -67.3518 100.0000 stroke11
movl 0 -12.9618 413.7019 177.9489 165.2354 16.7234 -66.3750 100.0000 stroke11
movl 0 -13.0406 414.2913 177.8161 165.1159 16.7441 -67.3885 100.0000 stroke11
movl 0 -14.0115 414.5337 177.4304 165.2341 16.4721 -67.6488 100.0000 stroke11
movl 0 -16.0981 415.2663 176.5644 166.1970 15.3170 -67.3109 100.0000 stroke11
movl 0 -16.7044 415.7313 176.4892 166.5588 14.9144 -67.8755 100.0000 stroke11
movl 0 -17.3475 415.7171 176.5958 167.0158 14.4294 -68.0639 100.0000 stroke11
movl 0 -17.2315 415.5651 176.5783 167.1652 14.1741 -68.4229 100.0000 stroke11
movl 0 -16.9380 415.4169 176.8846 167.1930 14.0011 -68.8991 100.0000 stroke11
movl 0 -17.1687 415.3487 176.9432 167.2095 13.6038 -69.3128 100.0000 stroke11
movl 0 -17.5067 415.2168 177.0469 167.2575 13.2000 -69.7716 100.0000 stroke11
movl 0 -17.8689 415.3464 177.0852 167.2706 12.5448 -70.4832 100.0000 stroke11
movl 0 -18.5038 415.3763 177.1901 167.3987 11.8152 -71.4704 100.0000 stroke11
movl 0 -18.8941 415.6847 177.3140 167.6213 10.9611 -72.2687 100.0000 stroke11
movl 0 -19.1983 416.0785 177.5477 167.8127 9.9878 -73.3172 100.0000 stroke11
movl 0 -19.9688 416.4932 178.0944 168.2321 8.8716 -74.5613 100.0000 stroke11
movl 0 -21.2478 417.1498 178.4011 168.7920 7.6253 -76.3049 100.0000 stroke11
movl 0 -22.7327 417.8121 178.7626 169.4490 6.1223 -78.6994 100.0000 stroke11
movl 0 -24.8822 418.4422 178.9300 170.3805 4.6310 -81.5898 100.0000 stroke11
movl 0 -26.5449 419.2149 178.7256 171.2745 3.1335 -84.8208 100.0000 stroke11
movl 0 -27.4540 419.9115 178.6881 171.8911 2.2295 -87.6101 100.0000 stroke11
movl 0 -28.6150 420.2688 178.9246 172.7111 1.5036 -90.2338 100.0000 stroke11
movl 0 -29.6844 420.6940 178.9451 173.4978 0.7592 -93.1667 100.0000 stroke11
movl 0 -30.8274 420.5150 179.2195 174.1715 0.2605 -96.3138 100.0000 stroke11
movl 0 -31.0873 420.5280 179.3332 174.5286 -0.1800 -99.0434 100.0000 stroke11
movl 0 -31.2015 420.5215 179.3461 174.7495 -0.4622 -101.1864 100.0000 stroke11
movl 0 -31.2879 420.6731 179.4207 175.1355 -0.7846 -103.3000 100.0000 stroke11
movl 0 -31.3355 420.8350 179.4014 175.4582 -1.2002 -105.1313 100.0000 stroke11
movl 0 -31.1423 420.9081 179.3951 175.5413 -1.4260 -106.3190 100.0000 stroke11
movl 0 -30.3870 421.3851 179.3483 175.4756 -1.5426 -107.1187 100.0000 stroke11
movl 0 -28.3124 422.6598 178.9710 175.4110 -1.7235 -107.9467 100.0000 stroke11
movl 0 -27.3549 422.7965 178.9962 175.3449 -1.6780 -108.2237 100.0000 stroke11
movl 0 -26.1970 422.8950 179.1645 175.2148 -1.7690 -108.3460 100.0000 stroke11
movl 0 -25.2577 422.7845 179.4031 175.1148 -1.9141 -108.5364 100.0000 stroke11
movl 0 -24.8369 422.4345 179.6724 175.0887 -1.9364 -108.6894 100.0000 stroke11
movl 0 -23.5751 422.5297 179.8350 175.0439 -2.0047 -108.8969 100.0000 stroke11
movl 0 -22.5080 422.3258 180.1416 174.9706 -2.1060 -109.1531 100.0000 stroke11
movl 0 -21.6244 421.8823 180.6484 174.8831 -2.1616 -109.3163 100.0000 stroke11
movl 0 -20.0030 421.9826 180.8860 174.7427 -2.2818 -109.5860 100.0000 stroke11
movl 0 -17.7612 421.5571 181.3641 174.4696 -2.3100 -109.8952 100.0000 stroke11
movl 0 -17.1543 421.1257 181.6780 174.4466 -2.3483 -110.0447 100.0000 stroke11
movl 0 -16.0694 420.9892 181.9246 174.2916 -2.4224 -110.1891 100.0000 stroke11
movl 0 -14.2329 420.7345 182.3960 174.0318 -2.4341 -110.4817 100.0000 stroke11
movl 0 -13.1264 420.1259 183.0071 173.8289 -2.4216 -110.6410 100.0000 stroke11
movl 0 -11.7409 419.8471 183.4971 173.6185 -2.4027 -110.8673 100.0000 stroke11
movl 0 -10.3811 419.6607 183.8764 173.4458 -2.4483 -111.0879 100.0000 stroke11
movl 0 -9.9538 418.8561 184.5241 173.2779 -2.3037 -111.1500 100.0000 stroke11
movl 0 -8.7881 418.1214 185.2152 173.0097 -2.1893 -111.2933 100.0000 stroke11
movl 0 -7.6133 417.3042 185.9535 172.6254 -2.0940 -111.3247 100.0000 stroke11
movl 0 -7.4243 416.3709 186.2383 171.8388 -1.8692 -110.6600 100.0000 stroke11
movl 0 2.0390 411.6248 189.9829 165.1372 0.3167 -105.9012 100.0000 stroke11
movl 0 32.0424 402.2521 226.9249 148.4483 8.4424 -98.9133 100.0000 stroke11
movl 0 3.0371 411.3016 221.2719 164.5144 24.8298 -55.3315 100.0000 stroke12
movl 0 -5.9591 401.3536 189.3860 167.1547 22.5111 -55.9615 100.0000 stroke12
movl 0 -16.2245 394.6052 187.0738 171.7789 20.5992 -53.4276 100.0000 stroke12
movl 0 -19.5883 393.2086 184.6458 172.7646 19.5814 -53.3596 100.0000 stroke12
movl 0 -21.1248 393.8914 183.2662 172.5864 18.8449 -53.6278 100.0000 stroke12
movl 0 -23.8392 395.0427 181.9144 172.5814 18.0938 -54.2522 100.0000 stroke12
movl 0 -25.5599 396.2380 180.6143 172.4488 17.4836 -54.7945 100.0000 stroke12
movl 0 -26.0358 396.6866 180.3313 172.3071 17.0509 -55.5344 100.0000 stroke12
movl 0 -26.7918 397.6108 179.8419 172.3798 16.2698 -56.4189 100.0000 stroke12
movl 0 -27.0122 398.0603 179.8636 172.5763 15.7607 -57.1948 100.0000 stroke12
movl 0 -27.0857 398.0594 179.8622 172.6021 15.5830 -57.6352 100.0000 stroke12
movl 0 -26.1585 396.8387 181.0509 171.9150 16.6175 -57.9302 100.0000 stroke12
movl 0 -28.2662 397.6888 180.1214 171.9627 15.9427 -58.3370 100.0000 stroke12
movl 0 -29.1586 398.3230 179.7032 172.3722 15.2276 -59.0963 100.0000 stroke12
movl 0 -30.6291 398.4572 179.4493 172.8624 14.5348 -59.7468 100.0000 stroke12
movl 0 -31.2036 398.5894 179.4129 173.0504 14.3471 -60.3240 100.0000 stroke12
movl 0 -31.2634 399.3478 179.0722 173.3300 14.0124 -60.9135 100.0000 stroke12
movl 0 -30.5395 399.9316 178.9663 173.5540 13.6929 -61.6517 100.0000 stroke12
movl 0 -29.0172 401.0360 178.9627 173.6558 13.2866 -62.7018 100.0000 stroke12
movl 0 -27.0589 402.5886 178.6173 173.7520 12.7946 -64.0282 100.0000 stroke12
movl 0 -26.4850 401.9270 179.2237 173.6598 13.0503 -64.1618 100.0000 stroke12
movl 0 -24.9668 400.8381 180.3601 173.5448 13.7778 -64.4794 100.0000 stroke12
movl 0 -24.6524 400.9508 180.4176 173.5186 13.6367 -64.5817 100.0000 stroke12
movl 0 -24.8676 401.2407 180.1781 173.4902 13.0940 -64.5435 100.0000 stroke12
movl 0 -24.8803 401.5530 179.7759 173.1838 12.6602 -64.5080 100.0000 stroke12
movl 0 -26.8258 399.3525 181.0035 172.8549 13.3658 -63.4957 100.0000 stroke12
movl 0 -26.4602 398.6615 181.9844 172.5015 13.7084 -63.4399 100.0000 stroke12
movl 0 -25.6861 398.6602 182.0985 172.3610 13.7823 -63.5081 100.0000 stroke12
movl 0 -18.9723 398.4999 185.9470 170.4193 15.1705 -64.2367 100.0000 stroke12
movl 0 -3.1596 398.6848 213.7607 166.5572 20.3491 -64.6648 100.0000 stroke12
movl 0 -12.8583 409.8993 228.1731 161.1028 19.0957 -59.6199 100.0000 stroke13
movl 0 -9.0625 404.3648 192.1065 160.5290 17.1251 -62.3493 100.0000 stroke13
movl 0 -10.9117 400.1637 184.4233 162.5464 16.0107 -62.8764 100.0000 stroke13
movl 0 -13.9195 399.3672 181.4270 164.2095 15.4844 -62.1985 100.0000 stroke13
movl 0 -12.9017 400.8018 180.5193 163.9056 15.5858 -62.0519 100.0000 stroke13
movl 0 -13.8561 401.6947 179.1507 163.8799 15.4109 -61.6175 100.0000 stroke13
movl 0 -15.1061 402.9439 177.9923 163.9065 15.0165 -61.2748 100.0000 stroke13
movl 0 -15.8550 405.7647 176.6656 163.9787 13.4455 -61.6070 100.0000 stroke13
movl 0 -17.3291 406.9835 176.3542 164.1685 12.1515 -62.1328 100.0000 stroke13
movl 0 -18.8044 407.7196 175.9417 164.3035 11.0398 -62.3592 100.0000 stroke13
movl 0 -20.0534 408.3540 175.6930 164.3356 9.8451 -62.4710 100.0000 stroke13
movl 0 -20.9331 408.9070 175.7179 164.1274 8.5473 -62.9489 100.0000 stroke13
movl 0 -21.6585 409.1454 175.9712 163.7654 7.2526 -63.6688 100.0000 stroke13
movl 0 -21.0929 408.4737 176.6195 163.4504 7.1134 -64.9440 100.0000 stroke13
movl 0 -21.3841 408.2797 176.9069 163.2395 6.5113 -65.5749 100.0000 stroke13
movl 0 -20.7862 408.4194 177.0304 163.0148 6.4544 -66.0915 100.0000 stroke13
movl 0 -21.0690 408.5994 176.9130 162.9781 6.2590 -66.5518 100.0000 stroke13
movl 0 -20.7211 408.3809 176.9940 163.0045 6.6200 -66.7468 100.0000 stroke13
movl 0 -20.7972 408.0845 177.1944 163.1036 7.0357 -66.9430 100.0000 stroke13
movl 0 -20.6724 407.9848 177.2568 163.1423 7.2952 -67.0007 100.0000 stroke13
movl 0 -20.5474 407.7097 177.3955 163.1954 7.5418 -66.9825 100.0000 stroke13
movl 0 -18.7643 405.3813 179.8333 163.1732 9.4377 -66.4609 100.0000 stroke13
movl 0 -18.1720 399.0509 196.7267 164.3650 13.3444 -64.9228 100.0000 stroke13
movl 0 -10.0125 408.3684 219.9511 163.0056 17.1134 -63.2185 100.0000 stroke14
movl 0 -9.3140 406.7266 191.3029 161.9811 14.4706 -63.4572 100.0000 stroke14
movl 0 -17.5203 401.8329 187.4598 164.5919 14.1698 -61.9922 100.0000 stroke14
movl 0 -21.6457 400.7867 184.8920 166.3272 14.0496 -60.9009 100.0000 stroke14
movl 0 -21.2981 403.2701 182.5093 166.5060 13.5913 -60.1565 100.0000 stroke14
movl 0 -22.3644 404.1671 181.6608 166.5388 13.5303 -58.9448 100.0000 stroke14
movl 0 -23.1606 405.1438 181.1486 166.9032 13.0014 -58.6321 100.0000 stroke14
movl 0 -24.6736 405.8862 180.5105 167.7129 12.3061 -59.0146 100.0000 stroke14
movl 0 -22.1478 408.1518 179.6791 167.8024 11.4933 -60.1029 100.0000 stroke14
movl 0 -19.6824 409.0914 179.6655 167.5156 11.3432 -60.6600 100.0000 stroke14
movl 0 -18.9083 408.8041 180.3116 167.5852 11.4723 -61.2121 100.0000 stroke14
movl 0 -18.9995 409.5585 179.7913 167.6424 10.9060 -61.3260 100.0000 stroke14
movl 0 -20.7114 410.4600 179.2383 167.2336 9.8231 -60.7783 100.0000 stroke14
movl 0 -23.1116 411.0624 179.0183 166.3687 7.8286 -59.5499 100.0000 stroke14
movl 0 -23.9370 409.7016 179.8773 166.3097 7.7405 -59.3824 100.0000 stroke14
movl 0 -23.4386 408.9793 180.4024 166.1816 8.1236 -59.6524 100.0000 stroke14
movl 0 -23.6181 408.8055 180.4522 166.2232 8.1305 -59.6319 100.0000 stroke14
movl 0 -22.9973 408.6591 180.5478 166.1794 8.3513 -59.8864 100.0000 stroke14
movl 0 -21.5837 407.0979 182.3943 166.0836 9.3519 -60.4937 100.0000 stroke14
movl 0 -17.9391 396.6914 210.5675 164.2112 14.5727 -61.3643 100.0000 stroke14
movl 0 -7.7115 398.0153 214.1030 162.2767 15.1680 -61.7906 100.0000 stroke15
movl 0 -8.4085 395.8354 189.7730 162.1244 13.6461 -63.2372 100.0000 stroke15
movl 0 -14.8592 391.3385 187.3699 164.5633 13.7090 -62.9871 100.0000 stroke15
movl 0 -18.7126 391.6055 183.2305 165.1731 13.5191 -61.9653 100.0000 stroke15
movl 0 -20.2746 392.7360 181.5727 165.7690 13.4083 -61.2751 100.0000 stroke15
movl 0 -20.2468 393.8195 180.6186 165.6365 13.4170 -61.2668 100.0000 stroke15
movl 0 -21.8945 395.5066 179.2155 166.1591 12.5673 -61.4292 100.0000 stroke15
movl 0 -23.5858 395.5514 179.0171 167.0900 11.8112 -61.9213 100.0000 stroke15
movl 0 -23.9791 395.8212 179.0042 167.3805 11.5906 -62.1459 100.0000 stroke15
movl 0 -22.9102 396.7241 178.5522 167.6583 11.2131 -62.5975 100.0000 stroke15
movl 0 -21.6896 397.4190 178.3380 167.8874 10.9181 -63.0820 100.0000 stroke15
movl 0 -20.3398 397.8487 178.1528 167.8665 10.7629 -63.4765 100.0000 stroke15
movl 0 -18.7754 397.2295 179.1755 167.7376 11.2467 -63.8396 100.0000 stroke15
movl 0 -18.5579 397.2520 178.9558 167.7758 10.9800 -63.7167 100.0000 stroke15
movl 0 -20.1091 396.3872 179.0782 167.5891 11.0992 -63.0851 100.0000 stroke15
movl 0 -22.1614 395.4294 179.1474 167.5078 11.3722 -62.5299 100.0000 stroke15
movl 0 -21.2992 395.5957 179.2187 167.3754 11.5176 -62.5474 100.0000 stroke15
movl 0 -17.6683 394.7416 181.2134 166.4654 12.8020 -62.7814 100.0000 stroke15
movl 0 -10.0094 393.0808 202.7811 165.2040 17.6211 -63.2298 100.0000 stroke15
movl 0 23.7043 419.0424 220.0124 162.2385 26.7884 -51.2106 100.0000 stroke16
movl 0 23.3160 417.1425 187.5834 158.7440 21.5900 -56.2820 100.0000 stroke16
movl 0 14.3726 411.9861 186.0026 160.7471 17.7515 -57.2542 100.0000 stroke16
movl 0 6.6364 409.7481 182.9908 163.1511 15.7445 -57.2678 100.0000 stroke16
movl 0 5.5415 410.9151 181.2122 163.4152 15.4608 -57.1752 100.0000 stroke16
movl 0 2.3829 412.4052 179.1011 163.8759 15.1756 -56.1316 100.0000 stroke16
movl 0 2.1374 413.2672 178.0687 163.7932 15.2539 -55.5168 100.0000 stroke16
movl 0 1.5796 413.8790 177.2787 163.7035 15.1194 -54.9531 100.0000 stroke16
movl 0 -1.5557 416.1231 175.8664 164.2343 12.9322 -54.9096 100.0000 stroke16
movl 0 -2.5852 416.9183 175.7183 164.1144 11.5681 -55.9016 100.0000 stroke16
movl 0 -3.3753 417.7497 175.8744 163.4913 9.7764 -55.7158 100.0000 stroke16
movl 0 -3.9093 417.7133 176.4660 163.1522 8.8166 -55.9852 100.0000 stroke16
movl 0 -4.1428 417.5689 176.7964 162.8743 8.3928 -56.1768 100.0000 stroke16
movl 0 -4.4585 417.3725 176.9185 162.8094 8.2535 -56.3049 100.0000 stroke16
movl 0 -4.2349 416.7522 177.1490 162.9131 8.6040 -56.6057 100.0000 stroke16
movl 0 -2.6620 415.5393 178.0675 163.1487 9.9033 -57.4436 100.0000 stroke16
movl 0 0.6244 416.1254 192.7530 163.8432 14.6725 -57.7730 100.0000 stroke16
movl 0 23.8405 406.4732 197.5957 158.6523 20.2492 -60.1061 100.0000 stroke17
movl 0 15.8753 400.0751 189.2234 161.5135 18.6959 -59.6755 100.0000 stroke17
movl 0 6.1104 399.7792 184.6258 164.0613 17.3168 -58.4341 100.0000 stroke17
movl 0 0.3893 399.4462 183.2576 165.4167 16.6921 -57.8013 100.0000 stroke17
movl 0 -2.7969 400.2649 181.5424 166.5221 15.8706 -57.6764 100.0000 stroke17
movl 0 -4.2118 401.6452 179.8916 166.8414 15.4453 -57.6053 100.0000 stroke17
movl 0 -5.1253 402.8010 179.0008 166.9082 15.0798 -57.6831 100.0000 stroke17
movl 0 -6.1297 403.7461 178.2354 167.3543 14.4506 -57.9135 100.0000 stroke17
movl 0 -3.8934 405.2719 177.7635 167.4973 13.9140 -59.1081 100.0000 stroke17
movl 0 1.4791 407.7078 177.0831 166.8243 13.4632 -60.7675 100.0000 stroke17
movl 0 1.9381 406.9999 177.5743 166.8676 13.6541 -60.8919 100.0000 stroke17
movl 0 2.5466 406.8770 177.6594 166.8762 13.6609 -61.2062 100.0000 stroke17
movl 0 3.1950 407.1039 177.5969 166.8600 13.4806 -61.7366 100.0000 stroke17
movl 0 2.7748 407.4068 177.3393 166.8530 13.1224 -62.1763 100.0000 stroke17
movl 0 1.3915 408.0081 176.7825 166.5357 12.2102 -62.2917 100.0000 stroke17
movl 0 0.2826 408.7306 176.4611 165.6555 10.7354 -62.0566 100.0000 stroke17
movl 0 -0.3597 409.0971 176.7859 164.5358 9.4145 -61.4541 100.0000 stroke17
movl 0 0.1553 407.8812 177.5744 164.5399 9.8642 -61.6576 100.0000 stroke17
movl 0 -0.0526 407.7214 177.5254 164.6295 9.9551 -61.7619 100.0000 stroke17
movl 0 0.0927 407.5468 177.6426 164.6356 10.0254 -61.9560 100.0000 stroke17
movl 0 0.2961 406.6333 178.0973 164.7719 10.4488 -62.0670 100.0000 stroke17
movl 0 2.1786 400.0662 185.7279 165.5234 13.4193 -62.2444 100.0000 stroke17
movl 0 3.7778 388.7402 234.2987 166.1776 18.9869 -61.7359 100.0000 stroke17
movl 0 8.2639 394.3444 194.8694 162.1342 14.9755 -66.0028 100.0000 stroke18
movl 0 5.5919 392.4053 189.1550 162.0464 14.6298 -67.0953 100.0000 stroke18
movl 0 -1.8719 395.0691 182.1220 163.5571 12.6866 -66.2870 100.0000 stroke18
movl 0 -2.2057 396.5431 180.5252 163.6234 12.2528 -66.6409 100.0000 stroke18
movl 0 -3.3886 397.5211 179.2940 163.7204 11.8138 -66.8177 100.0000 stroke18
movl 0 -3.3500 398.1058 178.6083 163.5650 11.7939 -67.1661 100.0000 stroke18
movl 0 -3.3153 398.5445 178.3678 163.5598 11.6321 -67.4937 100.0000 stroke18
movl 0 -2.9380 399.3511 177.8109 163.7023 11.1087 -68.0176 100.0000 stroke18
movl 0 -3.6354 399.3977 177.5768 164.0534 10.8505 -68.1807 100.0000 stroke18
movl 0 -3.6238 399.3994 177.4953 164.2193 10.7356 -68.3671 100.0000 stroke18
movl 0 -3.0991 399.3703 177.4132 164.2306 10.6412 -68.6231 100.0000 stroke18
movl 0 -2.5308 399.4269 177.5038 164.2687 10.5074 -68.9988 100.0000 stroke18
movl 0 -1.3117 399.5248 177.6943 164.3066 10.3715 -69.6167 100.0000 stroke18
movl 0 -0.4543 399.7693 177.6161 164.3841 10.1304 -70.1182 100.0000 stroke18
movl 0 0.3481 399.9750 177.3806 164.5577 9.8517 -70.9158 100.0000 stroke18
movl 0 1.3695 400.0895 177.3186 164.6444 9.6898 -71.5269 100.0000 stroke18
movl 0 1.2935 399.5953 177.5626 164.6994 9.8639 -71.5037 100.0000 stroke18
movl 0 2.1727 398.2670 178.5194 164.4742 10.6190 -71.6933 100.0000 stroke18
movl 0 2.4524 397.8704 178.8848 164.4582 10.9050 -71.8114 100.0000 stroke18
movl 0 2.5352 397.9433 178.9346 164.5266 10.8436 -71.9179 100.0000 stroke18
movl 0 1.9606 398.4647 178.4659 164.7537 10.2526 -71.8181 100.0000 stroke18
movl 0 1.9713 398.5388 178.0632 164.8569 9.9202 -71.8265 100.0000 stroke18
movl 0 1.7252 397.8790 178.1046 164.9192 9.9849 -71.6853 100.0000 stroke18
movl 0 0.4491 397.6233 178.1658 164.8919 10.0675 -71.3119 100.0000 stroke18
movl 0 -0.4387 397.6073 178.3081 164.8719 10.1239 -71.1855 100.0000 stroke18
movl 0 -0.9629 397.5479 178.4758 164.8820 10.2207 -70.9755 100.0000 stroke18
movl 0 -1.3444 397.5156 178.5400 164.8671 10.2411 -71.0093 100.0000 stroke18
movl 0 -1.8992 397.4123 178.7121 164.9990 10.2114 -71.0087 100.0000 stroke18
movl 0 -2.0925 397.0407 179.0272 164.8837 10.4352 -70.7757 100.0000 stroke18
movl 0 -2.3824 396.3539 179.6242 164.8450 10.6834 -70.4936 100.0000 stroke18
movl 0 -1.5016 394.1585 181.5061 164.6074 11.4635 -70.2161 100.0000 stroke18
movl 0 -1.2733 391.3602 185.2602 164.3539 12.4950 -69.9208 100.0000 stroke18
movl 0 -4.2928 388.0312 189.4409 164.8613 13.3936 -69.3473 100.0000 stroke18
movl 0 -8.6572 384.5897 199.9581 165.5227 14.5853 -68.1282 100.0000 stroke18
movl 0 -13.8127 374.6902 245.4495 167.2709 19.3463 -65.1691 100.0000 stroke18
movl 0 -24.0401 374.7321 217.6078 167.7168 18.1221 -56.8873 100.0000 stroke19
movl 0 -22.8630 375.7352 189.3005 166.9051 15.3864 -59.1528 100.0000 stroke19
movl 0 -26.0588 371.2968 186.4702 169.4218 17.0399 -59.2956 100.0000 stroke19
movl 0 -27.9784 370.9396 183.7159 170.2506 17.1489 -59.2494 100.0000 stroke19
movl 0 -28.9857 372.8165 182.0302 170.2144 16.6049 -59.2273 100.0000 stroke19
movl 0 -29.6013 373.8432 181.1349 170.2539 16.1166 -59.2232 100.0000 stroke19
movl 0 -31.1183 375.8597 179.4797 169.8995 14.7034 -59.1657 100.0000 stroke19
movl 0 -32.9496 376.9612 178.7120 169.3169 13.5851 -59.0222 100.0000 stroke19
movl 0 -34.7422 377.6537 178.1085 168.9030 12.7021 -58.9128 100.0000 stroke19
movl 0 -36.0605 377.9333 177.4670 168.4113 12.0061 -58.3509 100.0000 stroke19
movl 0 -37.2967 376.8579 177.7522 168.3777 11.9350 -57.5581 100.0000 stroke19
movl 0 -34.6598 376.2208 178.7916 168.2738 12.8545 -57.8388 100.0000 stroke19
movl 0 -34.0048 376.7490 178.5506 168.2713 12.6813 -57.8635 100.0000 stroke19
movl 0 -35.2102 376.7718 178.1605 168.3279 12.0998 -57.4434 100.0000 stroke19
movl 0 -34.4484 376.6620 178.3644 168.5129 12.5132 -57.8336 100.0000 stroke19
movl 0 -34.3103 376.4921 178.5543 169.0175 12.7184 -58.0031 100.0000 stroke19
movl 0 -34.0754 376.2708 178.7779 169.4546 13.0793 -58.1515 100.0000 stroke19
movl 0 -33.6344 376.1013 179.0405 169.7299 13.4320 -58.2449 100.0000 stroke19
movl 0 -32.7225 374.2354 179.9336 170.2904 14.6437 -56.8554 100.0000 stroke19
movl 0 -30.0822 369.1054 186.5376 171.7410 17.6473 -55.1931 100.0000 stroke19
movl 0 -28.3592 358.0733 223.8008 175.2771 22.9196 -53.2066 100.0000 stroke19
movl 0 0.1141 384.5584 198.6559 165.1386 18.7400 -53.5988 100.0000 stroke20
movl 0 -5.3532 376.1661 187.2794 166.4840 19.1555 -54.3091 100.0000 stroke20
movl 0 -12.5582 377.1332 182.0985 168.6178 17.6501 -54.1289 100.0000 stroke20
movl 0 -13.5301 377.5579 181.0640 168.8825 17.7411 -54.1394 100.0000 stroke20
movl 0 -14.0541 378.8850 180.3193 168.7549 17.6285 -54.2719 100.0000 stroke20
movl 0 -14.6358 379.6380 179.1781 168.8154 17.5138 -54.1416 100.0000 stroke20
movl 0 -15.4138 381.2739 178.1060 168.6091 16.3233 -54.1701 100.0000 stroke20
movl 0 -16.5478 383.5624 177.2039 168.3276 14.3768 -54.7434 100.0000 stroke20
movl 0 -16.6251 385.2342 176.5952 167.9539 13.1165 -55.4149 100.0000 stroke20
movl 0 -16.7804 386.9082 175.8898 167.7913 12.0323 -55.9122 100.0000 stroke20
movl 0 -15.1316 388.9196 175.2210 167.4400 11.6029 -57.0446 100.0000 stroke20
movl 0 -16.5901 388.5536 175.5441 166.9244 10.8207 -56.2364 100.0000 stroke20
movl 0 -16.6507 387.2243 176.3912 167.1668 11.1584 -56.4549 100.0000 stroke20
movl 0 -15.7485 387.3686 176.4058 166.8494 10.9080 -56.5841 100.0000 stroke20
movl 0 -16.7707 387.0005 176.5911 166.8629 10.7751 -56.7141 100.0000 stroke20
movl 0 -16.4542 386.9421 176.5398 166.7893 10.9774 -57.5023 100.0000 stroke20
movl 0 -16.5026 385.9903 177.0646 166.8426 11.4009 -58.1092 100.0000 stroke20
movl 0 -14.2699 380.3276 187.7910 167.1551 14.1038 -59.7422 100.0000 stroke20
movl 0 12.7451 397.6860 198.4791 157.0970 10.4233 -72.5044 100.0000 stroke21
movl 0 7.9675 393.4716 187.5960 158.5206 10.0387 -71.5762 100.0000 stroke21
movl 0 0.2037 393.4753 181.8965 160.8536 9.1118 -71.3315 100.0000 stroke21
movl 0 -0.9699 394.6430 180.4554 161.0573 8.5410 -72.2463 100.0000 stroke21
movl 0 -2.9233 395.0538 179.7060 161.0491 8.4238 -72.8943 100.0000 stroke21
movl 0 -3.4565 396.0805 178.8809 161.1453 7.9991 -73.3760 100.0000 stroke21
movl 0 -6.0158 397.5702 177.8583 162.4055 6.3280 -74.3459 100.0000 stroke21
movl 0 -9.4464 398.1521 177.4678 163.7471 4.7782 -75.8995 100.0000 stroke21
movl 0 -11.4962 399.5235 176.9439 164.7186 2.8737 -78.3225 100.0000 stroke21
movl 0 -11.9284 400.9956 176.4689 165.2149 1.0438 -81.5721 100.0000 stroke21
movl 0 -10.9992 400.4665 177.1372 164.5756 0.8471 -83.8315 100.0000 stroke21
movl 0 -8.2485 400.6791 177.2348 163.9608 0.8312 -84.7530 100.0000 stroke21
movl 0 -7.1479 401.0032 177.2552 163.8648 0.7345 -85.1959 100.0000 stroke21
movl 0 -6.4634 401.5676 176.8170 163.8858 0.4018 -85.4775 100.0000 stroke21
movl 0 -6.1447 401.7398 176.7937 163.7412 -0.0385 -85.2689 100.0000 stroke21
movl 0 -6.9997 401.5864 177.0249 163.7261 -0.4403 -84.6212 100.0000 stroke21
movl 0 -7.4883 401.0925 177.0944 163.8630 -0.5119 -83.9284 100.0000 stroke21
movl 0 -7.8649 399.9968 177.4755 163.9557 -0.1181 -83.4643 100.0000 stroke21
movl 0 -7.5874 399.0153 177.8602 163.8333 0.7971 -82.6727 100.0000 stroke21
movl 0 -7.3120 397.5149 178.4988 163.6506 2.5583 -80.8776 100.0000 stroke21
movl 0 -6.7967 396.6068 178.9256 163.3013 3.4529 -79.9073 100.0000 stroke21
movl 0 -5.3537 391.6843 184.7895 162.2730 6.8313 -79.2833 100.0000 stroke21
movl 0 -8.0615 379.5460 232.5997 161.9033 15.2644 -77.7001 100.0000 stroke21
movl 0 7.8922 396.6715 229.0306 159.7743 6.0908 -85.9663 100.0000 stroke22
movl 0 2.1018 387.6414 194.0403 161.1804 5.2578 -87.5692 100.0000 stroke22
movl 0 -5.1538 380.8743 190.5486 163.5768 7.0026 -87.5138 100.0000 stroke22
movl 0 -7.9475 382.5747 186.7992 164.9137 7.4168 -87.1011 100.0000 stroke22
movl 0 -7.5457 384.5332 185.1155 165.0847 7.5605 -85.6319 100.0000 stroke22
movl 0 -8.7811 385.5788 184.0617 165.5325 8.2973 -82.6468 100.0000 stroke22
movl 0 -9.2532 386.6974 183.2818 166.1702 8.2750 -81.1756 100.0000 stroke22
movl 0 -10.8782 387.6307 183.0808 167.2303 7.3071 -82.3725 100.0000 stroke22
movl 0 -13.5835 388.6280 182.7165 168.4744 6.1954 -83.9265 100.0000 stroke22
movl 0 -16.4183 389.3998 182.4891 169.8226 4.9185 -86.3010 100.0000 stroke22
movl 0 -20.2966 390.3551 181.7948 171.4259 3.3297 -90.6222 100.0000 stroke22
movl 0 -22.8568 391.4105 181.0190 172.7630 2.2822 -94.8305 100.0000 stroke22
movl 0 -23.3082 392.7089 180.3620 173.7015 1.4122 -98.0102 100.0000 stroke22
movl 0 -23.1403 393.3216 180.1867 174.0362 0.9426 -100.1364 100.0000 stroke22
movl 0 -23.5851 392.0610 180.8879 173.8151 1.2382 -101.2163 100.0000 stroke22
movl 0 -21.2791 391.2339 181.7904 172.8930 1.6424 -101.8971 100.0000 stroke22
movl 0 -19.9444 391.0569 182.4134 172.6048 1.8050 -102.4016 100.0000 stroke22
movl 0 -18.4264 390.8285 182.8744 172.4713 1.8403 -102.9590 100.0000 stroke22
movl 0 -17.6666 391.0150 182.9551 172.4601 1.7356 -103.3229 100.0000 stroke22
movl 0 -17.3030 391.0957 182.9203 172.3725 1.4744 -103.2362 100.0000 stroke22
movl 0 -17.9876 391.3093 182.6231 172.5448 0.7579 -102.5638 100.0000 stroke22
movl 0 -18.0400 391.6036 182.4048 172.6730 0.2004 -102.0978 100.0000 stroke22
movl 0 -18.0083 391.2243 182.5499 172.7463 -0.0618 -101.8367 100.0000 stroke22
movl 0 -18.0281 390.3958 182.6682 172.6806 0.0698 -101.4479 100.0000 stroke22
movl 0 -17.4001 389.3392 183.1064 171.8113 0.9055 -99.6177 100.0000 stroke22
movl 0 -16.6083 388.4180 183.6883 170.9876 2.2577 -95.7626 100.0000 stroke22
movl 0 -16.0058 387.9197 183.9482 170.5325 2.8658 -93.8343 100.0000 stroke22
movl 0 -15.9508 387.6527 184.1926 170.3172 3.4440 -92.0172 100.0000 stroke22
movl 0 -14.6721 386.8824 184.4913 169.7859 4.7422 -87.9099 100.0000 stroke22
movl 0 -14.5099 386.5987 184.6386 169.6612 5.1908 -86.0524 100.0000 stroke22
movl 0 -14.6756 386.6209 184.6776 169.6078 5.2997 -85.3868 100.0000 stroke22
movl 0 -14.4826 386.6889 184.6103 169.7060 5.2024 -85.3344 100.0000 stroke22
movl 0 -14.3299 386.5437 184.7381 169.7157 5.1712 -85.4165 100.0000 stroke22
movl 0 -14.0017 384.9453 186.8610 169.5495 5.7174 -85.3996 100.0000 stroke22
movl 0 -13.8827 381.2023 196.4069 169.6085 7.2388 -85.5775 100.0000 stroke22
movl 0 -10.6097 372.3137 231.9068 168.3549 10.8136 -85.5294 100.0000 stroke22
