movl 0 -35.4224 384.1491 197.5420 -148.9548 -19.5319 89.8976 100.0000 stroke1
movl 0 -37.5230 389.4494 174.9953 -151.4354 -13.5065 87.3533 100.0000 stroke1
movl 0 -36.5102 389.9554 174.6718 -152.1343 -14.0303 86.6471 100.0000 stroke1
movl 0 -38.2991 395.2471 172.2003 -153.3943 -12.1137 86.0843 100.0000 stroke1
movl 0 -39.7317 397.6508 171.1565 -153.8867 -10.9931 86.0904 100.0000 stroke1
movl 0 -41.2896 400.0189 170.0926 -154.6728 -10.0580 85.5883 100.0000 stroke1
movl 0 -43.8391 405.1470 169.0504 -156.2868 -6.9825 84.3637 100.0000 stroke1
movl 0 -45.1084 409.3252 168.6725 -157.6028 -3.8263 82.2011 100.0000 stroke1
movl 0 -44.0435 412.7421 168.1051 -157.8324 -1.5631 80.4247 100.0000 stroke1
movl 0 -43.9482 413.0332 167.8954 -157.2364 -1.0067 80.8558 100.0000 stroke1
movl 0 -44.5820 412.8492 167.9211 -156.9832 -0.5003 81.3707 100.0000 stroke1
movl 0 -44.9988 412.8875 167.8808 -156.8649 0.2346 81.4802 100.0000 stroke1
movl 0 -45.4189 412.7133 167.9160 -156.7652 0.6587 81.6523 100.0000 stroke1
movl 0 -46.2716 412.5449 167.8933 -156.7676 0.9465 82.0301 100.0000 stroke1
movl 0 -46.3069 412.5004 167.9186 -156.5791 1.2794 82.1770 100.0000 stroke1
movl 0 -47.0359 411.9509 168.0699 -156.5183 1.3289 82.6576 100.0000 stroke1
movl 0 -46.6738 411.8966 168.1558 -156.2346 1.5378 82.8287 100.0000 stroke1
movl 0 -46.7332 411.8674 168.1778 -156.0686 1.7088 83.0047 100.0000 stroke1
movl 0 -46.4503 411.8578 168.1964 -155.8293 1.8186 83.0471 100.0000 stroke1
movl 0 -46.3297 411.6410 168.2629 -155.5539 1.8434 83.3486 100.0000 stroke1
movl 0 -46.3451 411.6752 168.2319 -155.4213 1.8814 83.5367 100.0000 stroke1
movl 0 -45.8529 410.8411 168.6740 -154.7706 1.7248 84.0186 100.0000 stroke1
movl 0 -36.0179 402.6421 188.1914 -145.1427 -2.7692 85.4936 100.0000 stroke1
movl 0 4.2275 407.1052 194.4269 -149.3121 13.8003 49.4743 100.0000 stroke2
movl 0 -7.3426 404.6556 180.2156 -155.4042 14.9950 43.3150 100.0000 stroke2
movl 0 -14.6776 404.1438 177.3711 -157.3369 14.1949 40.7688 100.0000 stroke2
movl 0 -14.9815 406.3978 175.0464 -157.7173 14.8419 38.4907 100.0000 stroke2
movl 0 -16.7606 406.0827 174.1906 -157.2770 14.3087 38.9827 100.0000 stroke2
movl 0 -22.9830 406.1037 174.4310 -159.5167 12.4000 38.1879 100.0000 stroke2
movl 0 -32.0317 405.0001 175.6462 -162.3980 9.3102 36.2628 100.0000 stroke2
movl 0 -38.8879 405.2613 176.0929 -164.8019 7.2660 34.0093 100.0000 stroke2
movl 0 -44.7682 405.5429 176.4162 -166.9947 5.4999 31.1845 100.0000 stroke2
movl 0 -50.2876 407.1728 176.4939 -169.6504 4.2264 27.3976 100.0000 stroke2
movl 0 -55.4882 408.7545 176.0022 -171.7812 2.2818 22.7741 100.0000 stroke2
movl 0 -56.4124 409.4900 176.1558 -172.4094 2.3390 20.5142 100.0000 stroke2
movl 0 -44.9620 411.7487 177.1755 -171.1364 5.6469 20.2772 100.0000 stroke2
movl 0 -40.0407 416.6721 176.5424 -172.2638 7.5397 19.7248 100.0000 stroke2
movl 0 -36.8697 422.8110 175.8941 -175.1449 10.1828 21.1893 100.0000 stroke2
movl 0 -34.4050 422.6393 176.3234 -174.6282 10.9795 22.9634 100.0000 stroke2
movl 0 -33.0019 423.1268 176.8343 -175.0014 11.5167 24.1228 100.0000 stroke2
movl 0 -32.5398 421.8266 177.2003 -174.1615 11.3504 24.8099 100.0000 stroke2
movl 0 -26.3603 417.0341 177.7362 -169.3677 12.7406 29.6936 100.0000 stroke2
movl 0 -13.5111 404.4458 181.1642 -155.7511 11.9581 45.1785 100.0000 stroke2
movl 0 -28.1571 375.7230 236.7149 -146.4458 -8.5315 79.2860 100.0000 stroke3
movl 0 -25.4827 379.9731 186.0010 -150.6342 -4.1739 74.3534 100.0000 stroke3
movl 0 -29.6622 381.2625 178.7520 -154.1439 -3.4861 70.4318 100.0000 stroke3
movl 0 -29.1007 384.2293 175.9819 -154.3767 -3.5538 72.6159 100.0000 stroke3
movl 0 -28.2907 387.2517 174.5586 -154.4635 -2.8923 73.3476 100.0000 stroke3
movl 0 -30.8636 390.3233 173.3591 -155.6093 -1.7727 73.1864 100.0000 stroke3
movl 0 -34.7093 394.8560 172.1714 -157.9757 0.2736 72.7862 100.0000 stroke3
movl 0 -35.3636 399.6265 171.4255 -159.6595 2.7398 71.3534 100.0000 stroke3
movl 0 -33.8402 402.4447 170.8123 -159.8404 4.1655 70.4721 100.0000 stroke3
movl 0 -34.6088 403.1407 170.6957 -159.9375 5.1746 71.0864 100.0000 stroke3
movl 0 -36.0760 402.8650 171.0560 -160.2328 5.8627 71.9770 100.0000 stroke3
movl 0 -37.3591 402.0724 171.4775 -160.3506 6.3835 72.8570 100.0000 stroke3
movl 0 -38.8612 401.2457 171.8308 -160.4652 6.7701 73.8341 100.0000 stroke3
movl 0 -40.3422 400.1810 172.1386 -160.4449 6.7699 74.8167 100.0000 stroke3
movl 0 -40.8416 399.2977 172.4565 -160.1431 6.7812 75.5555 100.0000 stroke3
movl 0 -41.0922 398.5791 172.7017 -159.8468 6.6799 75.9919 100.0000 stroke3
movl 0 -41.0289 397.8763 172.9920 -159.4067 6.6665 76.4227 100.0000 stroke3
movl 0 -38.8671 393.9706 175.6028 -157.2168 5.8845 77.4018 100.0000 stroke3
movl 0 -34.5250 373.4549 208.4937 -146.9818 -4.2664 81.8813 100.0000 stroke3
movl 0 -47.3744 369.1559 229.2067 -156.0252 -11.4653 89.1867 100.0000 stroke4
movl 0 -54.5749 366.4038 193.4799 -160.6526 -8.8849 85.9949 100.0000 stroke4
movl 0 -63.1285 367.2314 183.1730 -163.1466 -7.4187 84.7123 100.0000 stroke4
movl 0 -66.1446 364.5999 182.1706 -163.9033 -8.1488 83.7803 100.0000 stroke4
movl 0 -68.1496 366.8427 180.9166 -164.3507 -7.3146 82.7907 100.0000 stroke4
movl 0 -73.8737 370.3044 179.2829 -166.8729 -5.9528 81.4966 100.0000 stroke4
movl 0 -77.1270 373.7067 178.6290 -168.7338 -3.6963 79.6516 100.0000 stroke4
movl 0 -78.3354 374.0572 178.6070 -168.8498 -3.1077 76.6808 100.0000 stroke4
movl 0 -78.8400 373.9059 178.5078 -168.8717 -3.2501 71.2916 100.0000 stroke4
movl 0 -77.3206 375.6719 178.4686 -169.1214 -3.1148 68.6984 100.0000 stroke4
movl 0 -75.9078 376.4872 178.8804 -169.4070 -2.8888 67.3636 100.0000 stroke4
movl 0 -74.4877 377.1599 179.2382 -169.4981 -2.7437 66.1890 100.0000 stroke4
movl 0 -72.6256 378.2141 179.6452 -169.5492 -2.5457 64.7921 100.0000 stroke4
movl 0 -71.1374 379.0431 180.0302 -169.6790 -2.4452 63.5265 100.0000 stroke4
movl 0 -70.2189 379.4396 180.3565 -169.8351 -2.4458 62.5441 100.0000 stroke4
movl 0 -68.7710 379.5994 180.7180 -169.7659 -2.4798 61.9154 100.0000 stroke4
movl 0 -67.0086 380.1464 181.1095 -169.7330 -2.3530 61.4559 100.0000 stroke4
movl 0 -65.1535 380.5204 181.4986 -169.6140 -2.2669 61.0762 100.0000 stroke4
movl 0 -64.1354 380.4308 181.8431 -169.5057 -2.2847 60.8835 100.0000 stroke4
movl 0 -63.8143 379.7601 182.3652 -169.5064 -2.6092 59.9173 100.0000 stroke4
movl 0 -60.2584 377.9595 184.8476 -168.4178 -2.8160 60.2613 100.0000 stroke4
movl 0 -47.5890 356.1567 220.6282 -160.7395 -6.0063 62.4977 100.0000 stroke4
movl 0 -20.7999 380.8915 211.9662 -154.9208 9.7498 50.5799 100.0000 stroke5
movl 0 -28.8685 381.7590 186.5454 -159.2740 9.0856 46.1114 100.0000 stroke5
movl 0 -31.4557 383.5932 184.2304 -161.6210 8.6439 43.7872 100.0000 stroke5
movl 0 -29.4035 387.8813 182.6037 -162.8544 10.4400 41.9494 100.0000 stroke5
movl 0 -30.2470 390.8406 180.7882 -163.6042 11.1952 41.3284 100.0000 stroke5
movl 0 -33.8881 395.7254 178.8280 -166.3762 11.3915 39.8988 100.0000 stroke5
movl 0 -40.0146 400.0999 178.0288 -170.2868 10.4945 37.9945 100.0000 stroke5
movl 0 -43.0821 403.5107 177.2923 -172.8832 10.1516 36.1438 100.0000 stroke5
movl 0 -42.7302 409.7285 175.7688 -175.5702 11.2912 34.3299 100.0000 stroke5
movl 0 -37.2970 416.2297 174.1212 -176.8409 13.4235 32.7057 100.0000 stroke5
movl 0 -33.1472 422.9580 172.1479 -178.1598 15.6503 32.3802 100.0000 stroke5
movl 0 -33.9889 424.9607 171.6786 -179.5486 16.7876 33.7493 100.0000 stroke5
movl 0 -31.1769 422.9002 173.2164 -177.4383 16.1296 34.1597 100.0000 stroke5
movl 0 -31.3565 424.0277 172.7791 -178.1832 16.1868 33.6786 100.0000 stroke5
movl 0 -33.6805 425.2758 172.2988 179.9913 17.1591 34.6313 100.0000 stroke5
movl 0 -32.6723 424.1047 173.1750 -179.0893 17.1517 35.2897 100.0000 stroke5
movl 0 -32.8056 420.8939 174.6192 -177.9699 15.9229 35.1758 100.0000 stroke5
movl 0 -34.9277 420.8339 174.9238 -179.1481 16.4716 36.1099 100.0000 stroke5
movl 0 -32.1904 419.4999 175.6980 -177.7777 16.2421 35.6937 100.0000 stroke5
movl 0 -33.9336 419.2350 175.7889 -178.7576 16.4431 35.9078 100.0000 stroke5
movl 0 -32.8817 419.6893 175.7456 -178.3693 16.6491 36.0258 100.0000 stroke5
movl 0 -32.7431 417.9373 175.9529 -177.3090 16.2791 36.3984 100.0000 stroke5
movl 0 -29.8654 414.6869 178.1238 -174.9455 16.2528 36.9257 100.0000 stroke5
movl 0 -23.2805 404.0333 230.1094 -164.9424 14.5449 41.1403 100.0000 stroke5
