movl 0 -42.1296 377.6172 174.7126 159.3556 31.4136 -68.0967 100.0000 stroke1
movl 0 -44.9023 375.4211 169.2661 161.1053 29.5469 -67.6053 100.0000 stroke1
movl 0 -48.3492 374.3373 170.0854 162.4282 28.4183 -68.5224 100.0000 stroke1
movl 0 -53.7831 374.5523 169.8953 163.1959 27.0903 -70.2044 100.0000 stroke1
movl 0 -55.5452 378.6990 169.6858 161.1352 22.6267 -74.5994 100.0000 stroke1
movl 0 -56.6807 382.2648 169.9576 159.7149 17.6836 -80.0181 100.0000 stroke1
movl 0 -57.2817 384.1030 170.2082 158.9534 14.1524 -84.9715 100.0000 stroke1
movl 0 -57.8759 386.3645 170.4377 158.1441 10.1692 -91.1327 100.0000 stroke1
movl 0 -59.6659 387.2438 170.9929 158.0807 6.6875 -97.4165 100.0000 stroke1
movl 0 -60.1820 388.0442 171.4497 158.0317 3.8594 -102.1367 100.0000 stroke1
movl 0 -60.6279 388.9837 172.1543 158.3714 0.5101 -107.2496 100.0000 stroke1
movl 0 -61.6586 390.2896 172.5948 159.5912 -3.1661 -113.2511 100.0000 stroke1
movl 0 -61.0375 391.1267 172.7136 160.6558 -7.3115 -120.1635 100.0000 stroke1
movl 0 -61.2194 391.2388 172.9099 162.1871 -10.1237 -125.1623 100.0000 stroke1
movl 0 -60.9821 389.9591 173.3470 162.1562 -10.8031 -127.9135 100.0000 stroke1
movl 0 -59.3851 387.9283 173.9670 161.0988 -9.6146 -128.3015 100.0000 stroke1
movl 0 -61.6870 388.3495 173.4904 162.3798 -10.4797 -128.0174 100.0000 stroke1
movl 0 -60.5682 386.4696 173.8232 160.3454 -7.5510 -125.4413 100.0000 stroke1
movl 0 -60.9126 384.3368 174.0538 158.9438 -4.2457 -121.5756 100.0000 stroke1
movl 0 -60.6410 380.6430 175.6358 156.4523 0.4743 -116.8677 100.0000 stroke1
movl 0 -60.5411 372.2927 194.2876 151.8299 9.0054 -111.4282 100.0000 stroke1
movl 0 -26.2617 396.4970 188.6094 144.5142 16.2269 -85.4413 100.0000 stroke2
movl 0 -20.9757 384.3874 170.4210 148.8057 17.2104 -87.4020 100.0000 stroke2
movl 0 -34.4153 378.4312 171.0791 153.1199 18.4532 -85.9892 100.0000 stroke2
movl 0 -44.5654 376.6905 171.0744 157.5270 20.3476 -79.4801 100.0000 stroke2
movl 0 -43.1997 378.0559 170.5625 157.9868 20.8620 -76.8038 100.0000 stroke2
movl 0 -46.7063 380.4157 170.2019 159.6754 18.8745 -76.0284 100.0000 stroke2
movl 0 -48.3618 380.0344 170.4845 160.6763 18.5951 -76.8861 100.0000 stroke2
movl 0 -46.8028 381.6612 170.3051 160.7519 17.6072 -78.4279 100.0000 stroke2
movl 0 -43.2102 384.4041 170.0126 160.8213 16.3169 -81.9746 100.0000 stroke2
movl 0 -40.4083 384.3436 170.4710 159.6590 15.9124 -84.9180 100.0000 stroke2
movl 0 -38.9035 386.4213 170.3089 158.1598 13.5162 -88.8441 100.0000 stroke2
movl 0 -38.0622 389.0716 170.0852 157.5220 9.3795 -94.4537 100.0000 stroke2
movl 0 -36.3244 393.8266 168.9296 156.6298 4.3706 -100.8313 100.0000 stroke2
movl 0 -36.7660 396.0649 168.4115 155.9985 1.0201 -104.3571 100.0000 stroke2
movl 0 -36.5311 395.9938 168.6510 155.4650 -1.9374 -107.2561 100.0000 stroke2
movl 0 -37.2564 395.8156 169.3131 155.8069 -5.3411 -109.5250 100.0000 stroke2
movl 0 -37.4538 394.2138 169.8120 155.8125 -6.5141 -111.4455 100.0000 stroke2
movl 0 -35.1034 394.0184 169.8557 155.1394 -7.0435 -113.2489 100.0000 stroke2
movl 0 -37.3169 393.4248 169.7109 155.8017 -7.6571 -114.0031 100.0000 stroke2
movl 0 -35.0945 388.9344 170.9599 153.8310 -5.3289 -116.0385 100.0000 stroke2
movl 0 -25.6865 382.6527 182.4134 145.8395 -0.6498 -117.1964 100.0000 stroke2
movl 0 -29.9109 384.4398 194.0018 141.4729 3.1112 -107.6498 100.0000 stroke3
movl 0 -31.5249 370.2772 168.5852 145.5687 1.0131 -112.2624 100.0000 stroke3
movl 0 -39.6256 368.1734 173.7571 150.3027 0.3573 -114.0797 100.0000 stroke3
movl 0 -43.7071 365.8274 174.2953 150.7785 0.3903 -113.8708 100.0000 stroke3
movl 0 -46.2348 367.2751 172.5271 151.1894 1.5358 -112.8035 100.0000 stroke3
movl 0 -48.5739 367.9937 171.5899 152.4848 2.8601 -110.7799 100.0000 stroke3
movl 0 -50.9995 367.7770 171.2903 154.2738 4.0235 -109.6405 100.0000 stroke3
movl 0 -53.0598 367.5807 171.4579 155.3791 4.7143 -109.1249 100.0000 stroke3
movl 0 -53.6861 367.7146 171.5976 156.2002 4.9739 -109.2436 100.0000 stroke3
movl 0 -53.1405 368.7581 171.7858 157.2328 4.6566 -110.4456 100.0000 stroke3
movl 0 -52.4722 369.4625 172.0069 158.0911 4.4643 -111.8555 100.0000 stroke3
movl 0 -51.2159 370.6086 172.0883 159.0467 4.2303 -113.3531 100.0000 stroke3
movl 0 -47.6088 369.2296 172.6402 157.0095 4.2651 -112.8511 100.0000 stroke3
movl 0 -47.7438 369.8559 172.7027 157.9210 3.8521 -112.5794 100.0000 stroke3
movl 0 -47.5363 370.8997 172.2593 157.5293 3.2007 -111.1796 100.0000 stroke3
movl 0 -37.0767 364.2442 173.6832 150.0453 9.3389 -107.2401 100.0000 stroke3
movl 0 -33.3009 365.2366 205.5720 146.3792 21.1788 -100.9542 100.0000 stroke3
movl 0 -16.4735 405.8754 192.2237 152.7594 24.0955 -79.9389 100.0000 stroke4
movl 0 -10.3803 397.9850 169.2077 154.0716 23.1164 -82.0972 100.0000 stroke4
movl 0 -12.5548 398.5986 167.2238 156.1895 22.7162 -80.8374 100.0000 stroke4
movl 0 -13.6532 399.6794 166.9569 156.7173 22.0338 -81.0377 100.0000 stroke4
movl 0 -17.9699 405.7754 166.8026 157.3985 16.2936 -83.9742 100.0000 stroke4
movl 0 -17.6693 409.2281 166.3255 157.5439 12.6955 -88.0679 100.0000 stroke4
movl 0 -15.7899 412.2109 165.7462 156.5068 9.7903 -91.7214 100.0000 stroke4
movl 0 -16.3677 412.7602 166.0990 155.8919 7.2837 -94.7765 100.0000 stroke4
movl 0 -16.6360 413.1384 166.8442 155.4491 4.1449 -97.8921 100.0000 stroke4
movl 0 -16.5641 413.4390 167.5103 155.0742 1.0412 -100.7954 100.0000 stroke4
movl 0 -17.3130 413.1379 168.3257 155.0557 -1.1090 -102.5928 100.0000 stroke4
movl 0 -18.1539 413.0725 168.5864 155.2260 -2.5245 -103.4159 100.0000 stroke4
movl 0 -19.0021 412.1803 169.1481 155.3523 -3.2101 -103.8140 100.0000 stroke4
movl 0 -19.8320 410.8678 169.7968 155.3147 -3.5610 -103.9722 100.0000 stroke4
movl 0 -20.4283 409.5889 170.3391 155.1891 -3.7545 -103.9367 100.0000 stroke4
movl 0 -20.9260 407.9412 171.1660 154.7357 -3.6805 -103.5904 100.0000 stroke4
movl 0 -20.9604 398.1553 178.5244 151.6744 -0.8425 -101.2557 100.0000 stroke4
movl 0 -22.1609 386.2963 211.5886 143.7634 6.2348 -100.4540 100.0000 stroke4
movl 0 1.3840 402.3728 183.4931 149.3985 15.3672 -88.4690 100.0000 stroke5
movl 0 0.3302 399.9768 176.7070 151.5871 12.4967 -90.4407 100.0000 stroke5
movl 0 -6.1467 399.6306 173.0601 153.2805 11.1367 -89.4988 100.0000 stroke5
movl 0 -10.6217 399.8534 171.6788 153.4142 10.6930 -87.2843 100.0000 stroke5
movl 0 -15.8729 401.1370 170.9787 156.1508 10.1581 -86.8636 100.0000 stroke5
movl 0 -19.1093 401.3577 171.7024 158.4941 8.9055 -88.5514 100.0000 stroke5
movl 0 -20.2670 401.0986 171.8739 159.3288 8.8612 -89.3542 100.0000 stroke5
movl 0 -13.7285 403.2179 171.9245 159.4999 8.1342 -92.9581 100.0000 stroke5
movl 0 -4.3835 406.4626 171.6893 158.9055 7.1128 -96.9999 100.0000 stroke5
movl 0 0.2116 404.9442 172.6628 156.5118 7.3795 -97.8664 100.0000 stroke5
movl 0 1.1679 411.1159 170.9212 156.9147 3.5669 -99.6893 100.0000 stroke5
movl 0 4.2536 417.0193 169.2946 157.2452 -1.3333 -103.7810 100.0000 stroke5
movl 0 6.9550 420.4026 167.8152 156.0848 -4.5543 -105.1558 100.0000 stroke5
movl 0 6.3277 421.1037 167.6987 155.9488 -6.7118 -105.7800 100.0000 stroke5
movl 0 5.3155 420.6078 168.0656 156.0251 -7.9238 -105.9621 100.0000 stroke5
movl 0 4.6189 419.2930 168.4959 155.6510 -8.1698 -105.4519 100.0000 stroke5
movl 0 4.1651 418.1205 169.0675 155.4078 -8.2355 -105.2183 100.0000 stroke5
movl 0 4.3045 416.4863 170.1346 154.4428 -8.0621 -104.3866 100.0000 stroke5
movl 0 9.0496 407.1621 178.3202 148.8480 -4.0995 -103.8902 100.0000 stroke5
movl 0 0.1740 394.1720 230.3243 141.9670 15.0399 -100.2511 100.0000 stroke5
movl 0 10.2656 404.7801 191.3089 142.8594 10.5476 -83.7656 100.0000 stroke6
movl 0 3.3905 386.3598 171.8677 149.3503 13.8438 -82.4251 100.0000 stroke6
movl 0 -4.4476 380.8285 172.3640 154.0119 16.1030 -80.5553 100.0000 stroke6
movl 0 -7.4051 379.8138 171.9574 156.0902 18.1475 -79.0796 100.0000 stroke6
movl 0 -10.9173 385.7520 169.7570 157.1696 16.1221 -77.0050 100.0000 stroke6
movl 0 -14.5417 393.6783 168.6442 157.9167 10.1500 -78.6579 100.0000 stroke6
movl 0 -11.7383 399.0345 167.5368 156.7917 6.3722 -82.6154 100.0000 stroke6
movl 0 -15.3811 400.1353 168.1845 157.2325 4.4318 -84.4592 100.0000 stroke6
movl 0 -15.3149 400.6268 168.4030 156.7736 1.9175 -86.9971 100.0000 stroke6
movl 0 -15.9200 401.5465 168.6310 156.5518 -1.4462 -90.2257 100.0000 stroke6
movl 0 -17.1800 401.6436 168.8157 156.7127 -4.3159 -93.1569 100.0000 stroke6
movl 0 -18.3484 401.2004 168.9862 156.8672 -6.1112 -94.8735 100.0000 stroke6
movl 0 -19.8192 399.9609 169.1711 157.0116 -7.2074 -96.0320 100.0000 stroke6
movl 0 -21.8436 399.1609 169.2219 157.3549 -8.1630 -96.9772 100.0000 stroke6
movl 0 -23.6711 397.8688 169.4954 157.4521 -8.6311 -97.4217 100.0000 stroke6
movl 0 -25.4880 396.5945 169.8427 157.4357 -8.9600 -97.7196 100.0000 stroke6
movl 0 -26.8508 395.2521 170.3383 157.1894 -9.0332 -98.0129 100.0000 stroke6
movl 0 -28.1782 394.3140 170.9014 156.8879 -9.0608 -98.1612 100.0000 stroke6
movl 0 -29.5173 393.4917 171.3084 156.5290 -8.9508 -98.1995 100.0000 stroke6
movl 0 -26.7548 389.4299 173.3079 153.1366 -7.8145 -100.3618 100.0000 stroke6
movl 0 -23.4653 372.9417 213.5690 141.8770 3.4374 -106.6901 100.0000 stroke6
movl 0 -19.6931 363.5338 211.8012 150.9868 5.7547 -113.7905 100.0000 stroke7
movl 0 -21.6056 352.7848 188.8750 152.4488 6.3682 -116.5811 100.0000 stroke7
movl 0 -30.5208 351.1332 181.0779 154.7095 7.1209 -117.6083 100.0000 stroke7
movl 0 -34.4049 351.6725 179.0635 155.3774 7.7977 -117.9507 100.0000 stroke7
movl 0 -38.9649 353.7998 177.2829 157.1725 8.7167 -117.5053 100.0000 stroke7
movl 0 -44.5777 357.7425 176.4575 160.6568 8.2974 -117.5115 100.0000 stroke7
movl 0 -46.4617 360.9148 176.4988 162.6741 6.8221 -117.5966 100.0000 stroke7
movl 0 -46.6497 362.9053 177.0553 163.8749 5.5773 -118.4904 100.0000 stroke7
movl 0 -47.0842 364.5376 177.8462 165.1566 4.5153 -120.2504 100.0000 stroke7
movl 0 -47.2995 366.8302 178.4572 166.7673 3.1905 -122.3642 100.0000 stroke7
movl 0 -49.2188 369.5969 179.1081 169.4052 2.0252 -125.2803 100.0000 stroke7
movl 0 -51.2814 372.9350 179.1654 172.4019 0.8710 -128.7048 100.0000 stroke7
movl 0 -54.3075 376.4310 178.8972 175.7556 0.4194 -132.5039 100.0000 stroke7
movl 0 -57.1329 379.7049 178.3409 178.8273 0.3686 -136.0491 100.0000 stroke7
movl 0 -60.1990 382.8752 177.5753 -178.2378 0.7606 -139.2594 100.0000 stroke7
movl 0 -63.8704 385.7321 176.3331 -175.5996 1.6882 -142.2676 100.0000 stroke7
movl 0 -66.0304 387.9073 175.3458 -173.7734 2.4551 -145.1429 100.0000 stroke7
movl 0 -67.0159 388.1580 175.2626 -173.0906 2.9617 -146.7479 100.0000 stroke7
movl 0 -66.1454 386.6644 176.1522 -174.2889 3.4960 -146.7712 100.0000 stroke7
movl 0 -63.2183 387.2980 176.5782 -174.7921 3.3298 -147.7566 100.0000 stroke7
movl 0 -62.5682 386.1048 177.0977 -175.0816 2.8569 -146.8380 100.0000 stroke7
movl 0 -61.8596 385.1397 177.2991 -175.2493 3.1821 -146.5705 100.0000 stroke7
movl 0 -58.4149 386.1609 177.5877 -175.3818 2.8661 -146.9808 100.0000 stroke7
movl 0 -58.6735 384.1074 178.3019 -175.7335 2.6107 -145.3549 100.0000 stroke7
movl 0 -55.8545 384.8173 178.4766 -175.6310 2.4024 -145.8305 100.0000 stroke7
movl 0 -52.2412 385.2129 178.9750 -175.7503 2.1104 -146.5534 100.0000 stroke7
movl 0 -51.6841 384.3186 179.4470 -175.9189 1.9390 -146.3485 100.0000 stroke7
movl 0 -47.5024 385.3160 179.7691 -175.9535 1.6286 -147.3817 100.0000 stroke7
movl 0 -45.4966 384.5909 180.5842 -176.3081 1.1964 -147.4562 100.0000 stroke7
movl 0 -44.0253 384.2855 181.1272 -176.5489 1.1885 -147.7519 100.0000 stroke7
movl 0 -41.8927 383.8376 181.9273 -176.9311 0.8979 -148.0080 100.0000 stroke7
movl 0 -40.7419 383.1783 182.5733 -177.1974 0.7812 -148.2657 100.0000 stroke7
movl 0 -38.0169 382.9005 183.4461 -177.5491 0.3774 -148.7018 100.0000 stroke7
movl 0 -36.4944 381.9364 184.3015 -178.0202 0.1566 -148.8702 100.0000 stroke7
movl 0 -35.3677 381.1066 185.1576 -178.4385 0.0018 -149.0158 100.0000 stroke7
movl 0 -30.9857 379.2350 187.0557 -179.5521 -0.4234 -149.4522 100.0000 stroke7
movl 0 -13.3158 364.0270 211.2631 171.4027 -3.8600 -147.3245 100.0000 stroke7
