movl 0 -10.5427 419.4601 184.7551 -178.5875 38.0494 -16.7350 100.0000 stroke1
movl 0 -10.5022 412.3365 174.1749 176.8374 37.1408 -26.0907 100.0000 stroke1
movl 0 -13.6294 411.8908 172.6691 174.1872 35.3193 -32.1753 100.0000 stroke1
movl 0 -14.1152 412.8973 172.0353 172.7703 34.3396 -34.8273 100.0000 stroke1
movl 0 -16.0518 412.1810 172.7862 173.6921 33.6538 -35.3685 100.0000 stroke1
movl 0 -17.4675 413.8037 172.1147 174.7357 33.1267 -33.9311 100.0000 stroke1
movl 0 -20.9641 412.7851 172.0198 177.6351 32.6928 -30.8650 100.0000 stroke1
movl 0 -25.5564 411.7257 171.9556 179.2826 31.6844 -29.0773 100.0000 stroke1
movl 0 -27.6887 410.9933 171.0777 -179.9199 31.0685 -28.3402 100.0000 stroke1
movl 0 -28.2811 411.8199 169.9796 -179.2723 30.6850 -27.0805 100.0000 stroke1
movl 0 -29.7631 411.3957 169.7547 -179.3861 30.5055 -27.7645 100.0000 stroke1
movl 0 -31.3738 412.6639 169.3471 179.6444 29.3387 -29.0541 100.0000 stroke1
movl 0 -34.6902 413.8336 169.4187 178.2546 26.9483 -31.7488 100.0000 stroke1
movl 0 -36.3124 415.4329 169.1746 177.2819 25.3923 -33.2073 100.0000 stroke1
movl 0 -37.3094 416.8838 168.9446 176.4654 23.8723 -34.9597 100.0000 stroke1
movl 0 -35.6070 418.7036 168.2980 175.0849 23.2612 -36.9606 100.0000 stroke1
movl 0 -36.7643 418.6231 168.4224 174.4300 23.1488 -36.9951 100.0000 stroke1
movl 0 -37.6987 418.4732 168.3712 173.8261 22.7871 -37.7915 100.0000 stroke1
movl 0 -38.3819 418.0610 168.3805 173.4505 22.6818 -38.1484 100.0000 stroke1
movl 0 -39.0009 417.5754 168.4020 173.1269 22.5678 -38.4954 100.0000 stroke1
movl 0 -39.7017 416.9836 168.5381 172.7614 22.4009 -38.8661 100.0000 stroke1
movl 0 -39.9740 416.3995 168.7698 172.2974 22.2591 -39.3486 100.0000 stroke1
movl 0 -40.5045 415.6398 169.3317 171.6418 22.0047 -39.8926 100.0000 stroke1
movl 0 -40.8918 414.8490 169.8157 171.2387 21.8731 -40.2203 100.0000 stroke1
movl 0 -41.5244 414.2672 170.1061 170.8040 21.5797 -40.7511 100.0000 stroke1
movl 0 -42.0960 413.5077 170.4762 170.4739 21.3733 -40.9711 100.0000 stroke1
movl 0 -42.9889 412.7073 170.7806 170.3963 21.1224 -40.7435 100.0000 stroke1
movl 0 -43.8906 412.0725 171.0451 170.2418 20.8752 -40.9853 100.0000 stroke1
movl 0 -44.5725 411.6926 171.1533 169.8722 20.6175 -41.2691 100.0000 stroke1
movl 0 -45.2131 411.1572 171.3792 169.4057 20.3793 -41.6880 100.0000 stroke1
movl 0 -45.7328 410.8847 171.4413 169.0462 20.1977 -41.7120 100.0000 stroke1
movl 0 -46.6854 410.3733 171.5860 168.7631 20.0543 -41.6490 100.0000 stroke1
movl 0 -47.5359 410.0263 171.6352 168.5657 19.8908 -41.5156 100.0000 stroke1
movl 0 -48.4060 409.5907 171.6407 168.3732 19.7813 -41.3582 100.0000 stroke1
movl 0 -49.2592 409.1264 171.7621 168.1953 19.6521 -41.2166 100.0000 stroke1
movl 0 -50.1647 408.4727 171.8606 168.1639 19.5945 -40.9510 100.0000 stroke1
movl 0 -50.8697 407.9242 171.9658 168.0950 19.6755 -40.5811 100.0000 stroke1
movl 0 -51.5423 407.2457 172.2327 168.0696 19.7572 -40.2911 100.0000 stroke1
movl 0 -52.3870 406.8091 172.3794 168.0213 19.8253 -39.9484 100.0000 stroke1
movl 0 -53.0683 406.3367 172.6027 168.0546 19.8926 -39.6478 100.0000 stroke1
movl 0 -53.7656 406.0357 172.7637 168.0763 19.8725 -39.5119 100.0000 stroke1
movl 0 -54.2869 405.7563 172.9392 168.0221 19.9374 -39.3755 100.0000 stroke1
movl 0 -54.9760 405.2699 173.1835 168.0638 20.0215 -39.2137 100.0000 stroke1
movl 0 -55.5970 404.8097 173.4274 168.0881 20.1406 -38.9879 100.0000 stroke1
movl 0 -56.5617 404.3440 173.5399 168.1647 20.2072 -38.7880 100.0000 stroke1
movl 0 -56.8535 403.9840 173.7211 168.2379 20.2613 -38.6997 100.0000 stroke1
movl 0 -57.3194 403.2933 173.9173 168.3824 20.3408 -38.6619 100.0000 stroke1
movl 0 -57.2029 403.0763 174.1291 168.3149 20.5735 -38.5498 100.0000 stroke1
movl 0 -57.1976 402.9315 174.2110 168.2281 20.6345 -38.6011 100.0000 stroke1
movl 0 -55.7941 401.4419 174.9472 167.6290 21.8396 -38.8951 100.0000 stroke1
movl 0 -49.4525 397.6779 177.3722 165.3275 26.0952 -42.7133 100.0000 stroke1
movl 0 -45.9177 392.3318 187.5439 166.0226 31.4969 -45.0450 100.0000 stroke1
movl 0 -51.9265 390.4116 239.4559 169.2168 36.0462 -42.5110 100.0000 stroke1
movl 0 -9.6335 413.8702 184.4520 162.3018 33.0934 -44.0707 100.0000 stroke2
movl 0 -14.9063 398.7721 169.4953 167.3054 32.6921 -40.7418 100.0000 stroke2
movl 0 -21.3488 395.8073 169.4929 170.9142 31.0706 -39.0012 100.0000 stroke2
movl 0 -25.4458 394.3925 168.7503 172.4038 30.2631 -37.9871 100.0000 stroke2
movl 0 -27.2654 394.7918 168.2960 172.2999 29.6904 -38.5214 100.0000 stroke2
movl 0 -29.8631 397.1560 167.5793 170.9668 27.7333 -40.2115 100.0000 stroke2
movl 0 -32.3729 398.5364 167.5410 170.0147 25.6653 -42.2151 100.0000 stroke2
movl 0 -33.1753 399.8937 167.8510 168.4065 23.6647 -45.0224 100.0000 stroke2
movl 0 -33.6899 400.6005 167.9845 167.1906 22.2978 -47.7949 100.0000 stroke2
movl 0 -34.0471 401.0816 168.2833 166.0314 21.1484 -50.1660 100.0000 stroke2
movl 0 -35.0339 401.3709 168.4734 165.0322 19.9218 -52.3324 100.0000 stroke2
movl 0 -34.8878 401.8045 168.7617 163.8011 18.9695 -54.5558 100.0000 stroke2
movl 0 -35.1519 402.3509 168.9886 162.7849 17.5781 -56.7059 100.0000 stroke2
movl 0 -35.6607 402.9384 169.1386 162.0967 16.3798 -57.9055 100.0000 stroke2
movl 0 -35.7596 403.3240 169.3688 161.4692 15.3098 -59.1498 100.0000 stroke2
movl 0 -36.1091 403.5779 169.5512 160.8911 14.1850 -60.3727 100.0000 stroke2
movl 0 -36.1954 403.9462 169.7154 160.3666 13.2100 -61.2134 100.0000 stroke2
movl 0 -36.3398 404.5844 169.7943 159.7770 12.0368 -62.1562 100.0000 stroke2
movl 0 -36.7497 404.9493 169.9195 159.2797 10.7421 -63.1794 100.0000 stroke2
movl 0 -37.3827 405.6464 169.9853 158.7487 9.0652 -64.2467 100.0000 stroke2
movl 0 -37.4600 406.3126 169.7677 158.1278 7.4487 -64.7701 100.0000 stroke2
movl 0 -37.8440 406.9336 169.6849 157.6256 5.8483 -66.2592 100.0000 stroke2
movl 0 -38.2938 407.5347 169.6231 157.2360 4.3108 -67.4412 100.0000 stroke2
movl 0 -39.0487 407.6776 169.5054 157.0822 3.1478 -68.4269 100.0000 stroke2
movl 0 -39.7611 408.0196 169.3721 157.0179 1.7929 -69.6841 100.0000 stroke2
movl 0 -40.4006 408.1127 169.2254 156.9280 0.4410 -70.9897 100.0000 stroke2
movl 0 -41.0298 408.5115 169.0955 156.9070 -0.7905 -71.9975 100.0000 stroke2
movl 0 -41.9688 408.6489 168.9770 156.8717 -1.9465 -72.2685 100.0000 stroke2
movl 0 -43.6398 408.4704 168.8588 157.0533 -3.0702 -72.6401 100.0000 stroke2
movl 0 -44.5445 408.3924 168.7206 157.1038 -4.0199 -72.9940 100.0000 stroke2
movl 0 -46.0594 407.5303 168.7733 157.0807 -4.3723 -72.3660 100.0000 stroke2
movl 0 -46.1887 406.8690 168.9427 156.8577 -4.2943 -72.0174 100.0000 stroke2
movl 0 -45.0394 406.4554 169.1806 156.4973 -3.6055 -71.5060 100.0000 stroke2
movl 0 -42.8636 406.1046 170.0406 156.8720 -2.8523 -72.0934 100.0000 stroke2
movl 0 -41.9598 405.8580 170.2272 156.7054 -2.6347 -72.2650 100.0000 stroke2
movl 0 -42.3812 405.8959 170.2060 156.6504 -3.2837 -72.2490 100.0000 stroke2
movl 0 -42.7578 405.0847 170.5016 156.8593 -3.3921 -72.4936 100.0000 stroke2
movl 0 -40.4088 404.5304 171.2810 156.5556 -2.3282 -73.2497 100.0000 stroke2
movl 0 -40.2673 404.2676 171.4272 156.5783 -2.4897 -73.3737 100.0000 stroke2
movl 0 -41.6963 404.0369 171.2603 156.7160 -3.2654 -73.1031 100.0000 stroke2
movl 0 -40.8189 404.3455 171.4559 156.6476 -2.8875 -73.4895 100.0000 stroke2
movl 0 -40.3129 404.1048 171.7124 156.5795 -2.5483 -73.7050 100.0000 stroke2
movl 0 -38.9490 403.8887 172.4224 156.3298 -1.9295 -74.0042 100.0000 stroke2
movl 0 -32.5478 402.7931 176.4798 154.8634 0.5851 -74.7917 100.0000 stroke2
movl 0 -28.5665 397.1467 204.5883 155.5899 11.1848 -74.2017 100.0000 stroke2
movl 0 20.3888 414.5684 186.9349 159.7412 33.6744 -58.3370 100.0000 stroke3
movl 0 10.4855 410.1072 170.6133 158.2497 28.3601 -60.8705 100.0000 stroke3
movl 0 -2.4877 408.3257 169.6831 161.8399 27.5715 -59.6605 100.0000 stroke3
movl 0 -6.8620 407.8328 169.2118 164.2896 27.0665 -57.0851 100.0000 stroke3
movl 0 -8.7602 408.0090 168.8930 165.0633 26.7995 -56.5001 100.0000 stroke3
movl 0 -14.0773 411.5281 168.5460 164.5756 23.3932 -58.1002 100.0000 stroke3
movl 0 -15.1030 414.0928 168.2149 163.2378 20.1617 -61.4111 100.0000 stroke3
movl 0 -15.0912 415.9456 168.2945 162.2256 18.0129 -64.0423 100.0000 stroke3
movl 0 -15.6042 416.4279 168.5423 161.4596 16.5380 -66.1258 100.0000 stroke3
movl 0 -15.4886 417.3469 169.1312 159.9427 14.1779 -70.0846 100.0000 stroke3
movl 0 -15.5710 418.6459 169.5599 158.7598 11.1454 -73.3651 100.0000 stroke3
movl 0 -16.0673 420.2068 169.7839 157.9489 7.9147 -75.6882 100.0000 stroke3
movl 0 -16.4562 422.0493 169.6890 157.1339 4.2264 -79.0070 100.0000 stroke3
movl 0 -16.7554 423.6426 169.6101 156.8255 1.0598 -81.8678 100.0000 stroke3
movl 0 -17.2729 424.6268 169.5453 156.8240 -1.5613 -83.9478 100.0000 stroke3
movl 0 -17.8700 425.2206 169.4922 156.9819 -3.6474 -85.6329 100.0000 stroke3
movl 0 -18.5226 426.1738 169.3139 157.3334 -6.0376 -87.1598 100.0000 stroke3
movl 0 -19.6042 426.7037 169.0977 157.8195 -8.1228 -88.1898 100.0000 stroke3
movl 0 -21.1545 425.6570 169.4948 158.3399 -8.9411 -88.8450 100.0000 stroke3
movl 0 -18.1044 424.8409 170.1169 157.3972 -8.0365 -88.9062 100.0000 stroke3
movl 0 -20.2856 423.8958 170.0720 157.9981 -8.4437 -88.3970 100.0000 stroke3
movl 0 -18.7794 423.8534 170.4068 157.4450 -7.4455 -88.2323 100.0000 stroke3
movl 0 -17.5966 422.1767 171.2862 157.1129 -5.7239 -87.6653 100.0000 stroke3
movl 0 -12.2863 413.7814 183.3263 156.6078 4.9483 -86.1219 100.0000 stroke3
movl 0 -13.5683 403.7259 247.9542 158.1920 23.3212 -79.9830 100.0000 stroke3
movl 0 -9.4922 404.1665 213.2526 176.9375 35.7836 -44.0650 100.0000 stroke4
movl 0 -7.4323 403.3147 179.5192 168.8177 28.5961 -53.9221 100.0000 stroke4
movl 0 -13.0947 402.7753 177.2006 169.7372 26.7464 -55.7374 100.0000 stroke4
movl 0 -14.2075 403.9368 174.1580 171.9310 26.3049 -49.9190 100.0000 stroke4
movl 0 -15.2122 406.1188 172.6046 172.6779 26.2850 -45.2726 100.0000 stroke4
movl 0 -16.3742 407.4346 172.3671 172.8411 25.4457 -45.1319 100.0000 stroke4
movl 0 -20.4347 407.8680 172.6553 174.4430 23.1570 -44.4724 100.0000 stroke4
movl 0 -23.4077 407.4088 172.7564 175.6266 22.2654 -44.6486 100.0000 stroke4
movl 0 -22.6681 408.1977 172.8221 176.0262 21.9504 -44.9586 100.0000 stroke4
movl 0 -19.4661 409.7612 172.8202 175.4216 21.5438 -47.5950 100.0000 stroke4
movl 0 -15.9011 411.3734 172.8568 174.6896 21.3253 -50.6008 100.0000 stroke4
movl 0 -12.8011 413.2849 172.8578 174.3907 21.0095 -52.9926 100.0000 stroke4
movl 0 -9.8429 412.4157 173.3442 173.5478 21.9672 -53.8048 100.0000 stroke4
movl 0 -8.9673 413.9191 172.9332 172.4519 21.3751 -55.4082 100.0000 stroke4
movl 0 -7.8901 418.1924 172.3438 169.9227 18.1217 -60.0924 100.0000 stroke4
movl 0 -3.9035 422.7651 171.0197 167.1901 15.8906 -63.1693 100.0000 stroke4
movl 0 -3.1938 425.6408 170.0249 164.6609 14.4798 -64.5096 100.0000 stroke4
movl 0 -2.8503 426.3096 170.0015 163.4563 13.6236 -65.9938 100.0000 stroke4
movl 0 -2.5007 426.6095 170.3084 162.5852 12.6941 -67.2827 100.0000 stroke4
movl 0 -2.4368 426.8538 170.6835 161.8822 11.5594 -67.6250 100.0000 stroke4
movl 0 -2.5371 427.6287 170.9632 160.8923 9.7213 -70.1172 100.0000 stroke4
movl 0 -2.7178 429.1431 170.9796 159.9556 7.2211 -72.3262 100.0000 stroke4
movl 0 -3.2484 430.9372 170.9963 159.0677 4.1223 -74.7294 100.0000 stroke4
movl 0 -3.8516 432.8787 170.9324 158.5221 0.9591 -77.1478 100.0000 stroke4
movl 0 -4.9011 435.1664 170.6288 158.4105 -2.3206 -79.3319 100.0000 stroke4
movl 0 -6.3975 436.8042 170.3326 158.6497 -5.1245 -81.1797 100.0000 stroke4
movl 0 -8.0130 438.7456 169.8691 159.1530 -8.2071 -82.9279 100.0000 stroke4
movl 0 -9.6692 440.5812 169.2566 159.7931 -11.0595 -84.5121 100.0000 stroke4
movl 0 -11.0737 441.5836 168.8224 160.3445 -13.0181 -85.5346 100.0000 stroke4
movl 0 -10.8792 440.3483 169.6609 160.4706 -12.8144 -85.9838 100.0000 stroke4
movl 0 -6.5227 438.2645 171.0340 159.1176 -10.6548 -85.7334 100.0000 stroke4
movl 0 -9.3529 439.0136 170.2117 159.7816 -12.3926 -85.4427 100.0000 stroke4
movl 0 -7.8132 437.2316 171.4294 159.5123 -11.1074 -85.9281 100.0000 stroke4
movl 0 -10.5282 436.7427 171.2442 160.3359 -11.7256 -85.8391 100.0000 stroke4
movl 0 -9.9931 435.7818 172.1751 160.3909 -11.1213 -87.0281 100.0000 stroke4
movl 0 -8.9759 433.5400 173.7276 160.1123 -10.0732 -88.2860 100.0000 stroke4
movl 0 0.3185 422.8498 190.6459 155.9840 0.0263 -89.6635 100.0000 stroke4
movl 0 -0.9997 408.4586 207.9853 151.5762 19.3939 -76.5352 100.0000 stroke5
movl 0 1.4174 403.6169 175.9229 153.6116 15.3212 -77.3326 100.0000 stroke5
movl 0 -2.8120 403.3646 174.2379 156.7158 16.9846 -75.9786 100.0000 stroke5
movl 0 -6.4175 403.3978 173.7645 159.2973 18.9227 -68.2442 100.0000 stroke5
movl 0 -5.9995 405.9801 172.7887 159.6426 18.8739 -65.9455 100.0000 stroke5
movl 0 -8.0402 407.4424 172.1576 159.7422 18.4240 -64.7783 100.0000 stroke5
movl 0 -12.1115 407.5391 172.6446 161.9087 17.1237 -64.7567 100.0000 stroke5
movl 0 -14.1368 407.1877 172.9778 163.2170 16.7502 -65.1990 100.0000 stroke5
movl 0 -13.9441 406.9666 173.1550 163.7482 16.7141 -65.7264 100.0000 stroke5
movl 0 -13.2462 407.4142 173.1203 164.1751 16.4744 -66.5888 100.0000 stroke5
movl 0 -12.1188 408.0619 173.0874 164.3728 16.2093 -68.1234 100.0000 stroke5
movl 0 -10.7583 405.8314 173.7760 164.0040 17.4441 -67.7392 100.0000 stroke5
movl 0 -10.9519 406.1602 173.6723 163.9130 17.0690 -68.4769 100.0000 stroke5
movl 0 -11.0829 406.7614 173.7514 164.1373 16.1510 -68.0311 100.0000 stroke5
movl 0 -10.8342 407.0146 173.5293 162.4302 16.1881 -67.5754 100.0000 stroke5
movl 0 6.9306 404.2977 181.2301 153.7573 21.2743 -72.4272 100.0000 stroke5
movl 0 12.9899 389.3471 246.7484 148.2639 29.1127 -75.9455 100.0000 stroke5
movl 0 8.0600 399.8327 236.4703 148.5455 24.6013 -71.1349 100.0000 stroke6
movl 0 9.3848 401.1774 175.8863 149.2643 16.0005 -76.2410 100.0000 stroke6
movl 0 7.8124 401.7713 172.4098 151.0329 14.6510 -76.6978 100.0000 stroke6
movl 0 1.8472 402.0351 170.7269 152.7496 13.4820 -76.9279 100.0000 stroke6
movl 0 -2.5200 399.9050 171.5106 155.0318 14.3150 -76.1243 100.0000 stroke6
movl 0 -2.6830 400.6354 171.0113 155.4603 14.7024 -75.7813 100.0000 stroke6
movl 0 -4.9413 401.5506 170.6566 156.1285 13.9565 -75.4127 100.0000 stroke6
movl 0 -8.8824 401.4465 171.2390 158.5412 13.2425 -75.4799 100.0000 stroke6
movl 0 -10.4499 401.0878 171.4537 159.8705 13.1721 -75.1871 100.0000 stroke6
movl 0 -10.0803 401.2719 171.5846 160.4458 12.9073 -76.1650 100.0000 stroke6
movl 0 -8.0152 401.7970 171.5930 160.7053 12.5315 -78.0139 100.0000 stroke6
movl 0 -7.4147 401.0354 171.9142 160.4285 12.7879 -78.4196 100.0000 stroke6
movl 0 -6.4250 399.2819 172.5819 160.2180 13.7554 -78.4404 100.0000 stroke6
movl 0 -7.5476 398.8871 172.8202 160.7451 13.5751 -78.4563 100.0000 stroke6
movl 0 -8.2889 399.2349 172.6399 161.1173 12.9383 -78.3854 100.0000 stroke6
movl 0 -9.3151 398.7846 172.3739 159.6616 13.0059 -76.7656 100.0000 stroke6
movl 0 -1.5045 390.7136 179.6135 154.0113 19.7007 -78.0019 100.0000 stroke6
movl 0 -0.4572 373.6558 246.7352 149.7060 30.5372 -80.2368 100.0000 stroke6
movl 0 3.1679 401.4130 214.1186 147.0647 13.9465 -79.8181 100.0000 stroke7
movl 0 2.5511 397.0545 171.9825 150.8885 9.2715 -81.1711 100.0000 stroke7
movl 0 -1.1384 392.9240 172.9878 154.0173 10.6043 -80.4742 100.0000 stroke7
movl 0 -3.1318 390.7211 173.4725 154.2506 11.8179 -79.7882 100.0000 stroke7
movl 0 -4.1760 392.0635 172.7664 154.6346 11.4533 -80.5935 100.0000 stroke7
movl 0 -7.1255 392.1382 172.6915 155.5352 11.3069 -80.4721 100.0000 stroke7
movl 0 -9.7778 392.7729 172.8084 156.8656 10.4447 -81.0372 100.0000 stroke7
movl 0 -13.0320 392.2567 173.5032 158.9633 9.9684 -81.7573 100.0000 stroke7
movl 0 -15.2506 391.6865 173.8174 160.1323 9.9693 -82.2414 100.0000 stroke7
movl 0 -12.7514 392.3986 173.6381 160.5063 9.6503 -84.5874 100.0000 stroke7
movl 0 -10.9410 393.1980 173.4720 160.8253 9.2990 -86.5766 100.0000 stroke7
movl 0 -9.4492 390.8238 174.2604 160.0975 10.6168 -86.2213 100.0000 stroke7
movl 0 -11.1250 392.5448 173.9635 160.8684 9.0049 -86.1797 100.0000 stroke7
movl 0 -11.7423 393.5311 173.7305 160.7975 8.1797 -86.2101 100.0000 stroke7
movl 0 -12.2062 392.6560 173.8886 159.8905 8.3048 -85.7746 100.0000 stroke7
movl 0 -10.5327 390.7071 175.0553 158.0123 8.6324 -86.3246 100.0000 stroke7
movl 0 -16.1088 384.8576 196.0007 154.5216 11.6803 -86.7448 100.0000 stroke7
movl 0 -0.0799 383.8917 195.8067 145.3092 7.7427 -93.0740 100.0000 stroke8
movl 0 0.2466 380.0762 177.6919 146.8755 8.3394 -94.5455 100.0000 stroke8
movl 0 1.1536 385.8082 173.7401 148.0505 5.3513 -96.6000 100.0000 stroke8
movl 0 -2.4061 386.4935 173.4186 149.3594 3.7707 -97.3592 100.0000 stroke8
movl 0 -9.0783 386.2191 173.1293 150.3037 3.3121 -95.9584 100.0000 stroke8
movl 0 -12.3510 388.2925 171.6259 150.7514 2.3415 -95.0557 100.0000 stroke8
movl 0 -15.5561 388.5409 171.0404 151.0975 2.1305 -94.1633 100.0000 stroke8
movl 0 -19.7630 387.7222 171.1275 152.5588 2.7733 -93.4515 100.0000 stroke8
movl 0 -26.0980 385.7621 171.9885 155.6168 3.8970 -92.7245 100.0000 stroke8
movl 0 -29.4111 385.7909 172.3355 157.5576 3.7009 -92.5602 100.0000 stroke8
movl 0 -30.5818 386.0977 172.8165 158.8722 3.2903 -92.3158 100.0000 stroke8
movl 0 -32.4689 385.3410 173.3347 159.9197 3.5161 -91.7719 100.0000 stroke8
movl 0 -33.3400 385.2350 173.5103 160.4611 4.0121 -91.9220 100.0000 stroke8
movl 0 -31.7428 385.6602 173.5494 160.5558 4.1346 -92.1214 100.0000 stroke8
movl 0 -28.4012 386.3964 173.7608 160.3960 3.9984 -92.9093 100.0000 stroke8
movl 0 -25.0855 386.8808 173.9600 160.2021 3.7384 -93.7118 100.0000 stroke8
movl 0 -22.5380 387.4232 174.0043 160.1651 3.5574 -94.2885 100.0000 stroke8
movl 0 -20.5071 387.6888 174.1669 160.4059 3.4583 -95.0528 100.0000 stroke8
movl 0 -18.3196 387.9127 174.3074 160.5637 3.2997 -95.7625 100.0000 stroke8
movl 0 -15.2681 388.3532 174.2736 160.7673 3.0767 -96.9112 100.0000 stroke8
movl 0 -12.0369 388.8572 174.3669 161.1160 2.8312 -98.3441 100.0000 stroke8
movl 0 -9.3738 389.4858 174.3501 161.5641 2.5721 -99.6584 100.0000 stroke8
movl 0 -5.9862 390.0545 174.3479 162.1130 2.1983 -101.2402 100.0000 stroke8
movl 0 -3.9089 390.4626 174.6212 163.2882 2.0795 -103.1248 100.0000 stroke8
movl 0 -2.8265 390.9736 175.0064 164.7310 1.9877 -105.3039 100.0000 stroke8
movl 0 -1.3880 391.4270 175.2831 165.9620 1.8961 -107.8515 100.0000 stroke8
movl 0 -1.3619 391.6223 175.7218 167.6176 2.2842 -110.5062 100.0000 stroke8
movl 0 -1.1979 392.1480 175.7786 168.5963 2.0871 -112.3604 100.0000 stroke8
movl 0 -1.5756 390.1353 176.5853 167.9798 2.5382 -111.7591 100.0000 stroke8
movl 0 0.7839 388.2855 177.3675 166.5021 2.8983 -111.8270 100.0000 stroke8
movl 0 2.0400 386.9725 177.8629 165.6795 3.3360 -111.8071 100.0000 stroke8
movl 0 3.3221 386.1405 178.2251 165.1109 3.6666 -111.7855 100.0000 stroke8
movl 0 4.4445 385.1974 178.6544 164.5805 4.0908 -111.9214 100.0000 stroke8
movl 0 4.5006 384.3405 178.9997 164.4776 4.5143 -112.0037 100.0000 stroke8
movl 0 4.6101 384.4546 178.9407 164.5120 4.4328 -112.0456 100.0000 stroke8
movl 0 3.6203 385.7428 178.8675 165.3991 3.4366 -112.2307 100.0000 stroke8
movl 0 3.2028 387.6399 178.9498 166.3901 1.8033 -113.1135 100.0000 stroke8
movl 0 3.3713 388.9152 179.1792 166.9674 0.4920 -114.0193 100.0000 stroke8
movl 0 3.7585 389.2935 179.4408 167.1593 -0.2002 -114.6940 100.0000 stroke8
movl 0 4.3879 389.1992 179.8407 167.1958 -0.5589 -115.2166 100.0000 stroke8
movl 0 5.3047 388.1766 180.3215 166.8247 -0.3388 -115.3620 100.0000 stroke8
movl 0 6.6227 387.0406 180.5700 166.2293 0.2129 -115.3615 100.0000 stroke8
movl 0 7.3146 387.7744 180.5165 166.5538 -0.5508 -115.5193 100.0000 stroke8
movl 0 7.5290 386.4401 180.6623 165.8764 -0.1232 -114.4578 100.0000 stroke8
movl 0 7.7971 383.8436 180.5057 163.7310 1.3328 -112.6187 100.0000 stroke8
movl 0 7.3242 383.1045 180.1544 162.6111 1.9730 -111.4389 100.0000 stroke8
movl 0 6.4634 382.1804 180.1496 161.5398 2.4802 -110.0352 100.0000 stroke8
movl 0 10.3767 375.4622 182.7134 154.5222 7.3367 -102.7162 100.0000 stroke8
movl 0 9.0281 358.8397 226.6352 146.2986 24.7005 -90.5488 100.0000 stroke8
movl 0 -1.0806 393.2813 228.0924 154.4546 32.1776 -58.1223 100.0000 stroke9
movl 0 7.1201 395.6636 175.7649 149.2463 22.5597 -66.3124 100.0000 stroke9
movl 0 4.5612 391.2720 172.1605 150.8104 19.0788 -69.6674 100.0000 stroke9
movl 0 4.1366 393.6638 171.4945 149.9630 13.5619 -75.1256 100.0000 stroke9
movl 0 1.0273 393.9014 172.7905 151.0164 9.8632 -77.1395 100.0000 stroke9
movl 0 -3.6276 392.9788 174.6888 152.5928 7.4833 -78.4964 100.0000 stroke9
movl 0 -6.2217 391.0491 175.3605 153.4934 7.9269 -78.3754 100.0000 stroke9
movl 0 -6.6222 389.4140 175.7860 153.5817 8.3708 -79.0881 100.0000 stroke9
movl 0 -6.0471 389.6372 175.4836 153.4239 8.3881 -79.0265 100.0000 stroke9
movl 0 -6.2508 390.0393 175.1834 153.4345 8.3526 -78.7471 100.0000 stroke9
movl 0 -6.1157 389.8994 175.0364 153.3853 8.6055 -78.6085 100.0000 stroke9
movl 0 -8.0083 384.8117 176.0691 154.6616 11.6577 -77.8908 100.0000 stroke9
movl 0 -10.3934 384.1404 176.3340 155.9866 12.0933 -76.9867 100.0000 stroke9
movl 0 -11.6346 384.8957 176.0870 157.1055 12.1127 -75.0655 100.0000 stroke9
movl 0 -9.6324 385.9049 176.0038 157.3589 12.1521 -75.4915 100.0000 stroke9
movl 0 -9.9321 386.4354 175.5232 157.5139 12.4613 -74.6840 100.0000 stroke9
movl 0 -12.8279 389.4752 174.2718 158.8148 10.7548 -73.1500 100.0000 stroke9
movl 0 -14.2063 393.1270 173.4674 159.7228 7.9754 -73.1821 100.0000 stroke9
movl 0 -12.9380 395.9149 172.6247 159.5001 6.2007 -74.2894 100.0000 stroke9
movl 0 -11.7993 398.1853 171.6592 158.6969 5.4384 -73.8739 100.0000 stroke9
movl 0 -12.5010 398.5751 171.2483 158.1605 4.8940 -73.2887 100.0000 stroke9
movl 0 -13.8023 398.2978 171.2339 158.0891 4.5793 -72.6934 100.0000 stroke9
movl 0 -14.6286 397.9006 171.2727 157.9711 4.2310 -72.5023 100.0000 stroke9
movl 0 -15.2629 397.5092 171.3489 157.7775 3.9201 -72.2900 100.0000 stroke9
movl 0 -16.0443 396.8632 171.5431 157.6889 3.7307 -72.0684 100.0000 stroke9
movl 0 -16.8913 396.2139 171.7862 157.5882 3.6137 -71.7787 100.0000 stroke9
movl 0 -18.0125 395.5197 172.0078 157.5154 3.5487 -71.3024 100.0000 stroke9
movl 0 -18.9451 395.0580 172.1858 157.4180 3.4881 -70.9896 100.0000 stroke9
movl 0 -19.9195 394.4928 172.4947 157.2456 3.5250 -70.5553 100.0000 stroke9
movl 0 -20.8340 393.7706 172.8125 157.0394 3.6641 -70.1847 100.0000 stroke9
movl 0 -21.6538 393.3952 173.0121 156.9350 3.7430 -70.0319 100.0000 stroke9
movl 0 -22.3229 393.1694 173.2200 156.6886 3.8991 -69.7708 100.0000 stroke9
movl 0 -23.1316 392.8612 173.4976 156.6242 4.0185 -69.6884 100.0000 stroke9
movl 0 -23.7223 392.5352 173.7603 156.5592 4.1439 -69.6667 100.0000 stroke9
movl 0 -24.3233 392.2627 174.0771 156.4705 4.2768 -69.5972 100.0000 stroke9
movl 0 -24.5706 392.0062 174.4586 156.2629 4.5144 -69.6234 100.0000 stroke9
movl 0 -24.5479 391.5712 174.7030 156.1121 4.8332 -69.6088 100.0000 stroke9
movl 0 -23.0273 390.1188 175.5980 155.3733 5.7286 -69.9912 100.0000 stroke9
movl 0 -17.0799 384.5098 181.6123 151.2125 10.5014 -75.2958 100.0000 stroke9
movl 0 -18.8148 374.6722 216.8349 146.9418 20.4318 -79.2343 100.0000 stroke9
movl 0 10.2984 383.0692 214.6169 158.2610 24.6395 -65.5557 100.0000 stroke10
movl 0 16.1707 379.2841 186.4781 155.8169 19.5437 -70.0722 100.0000 stroke10
movl 0 12.7687 380.8875 181.1240 155.0860 13.8140 -74.6696 100.0000 stroke10
movl 0 8.8634 383.8664 179.5621 155.5855 10.3934 -77.1709 100.0000 stroke10
movl 0 4.5810 385.1971 178.6240 156.4169 8.6968 -79.6410 100.0000 stroke10
movl 0 2.8492 385.7042 177.7254 156.4016 8.6558 -81.0160 100.0000 stroke10
movl 0 1.2238 386.7726 177.0063 156.8944 8.4686 -80.7829 100.0000 stroke10
movl 0 -0.8478 386.7712 176.7541 157.5819 8.6505 -80.0467 100.0000 stroke10
movl 0 -2.0411 388.0728 176.3469 158.1426 7.7637 -81.0012 100.0000 stroke10
movl 0 -5.6896 388.7497 176.6892 159.7569 6.1048 -82.3373 100.0000 stroke10
movl 0 -8.3399 389.7359 176.9092 161.0167 4.4050 -84.3741 100.0000 stroke10
movl 0 -10.8729 390.7252 177.2934 162.4080 2.7109 -86.6713 100.0000 stroke10
movl 0 -13.6381 391.4528 177.7995 164.0359 1.0548 -89.3493 100.0000 stroke10
movl 0 -16.3567 392.9654 178.0731 166.0588 -0.8849 -92.5434 100.0000 stroke10
movl 0 -18.7195 395.4807 177.9534 168.0180 -3.1075 -96.7782 100.0000 stroke10
movl 0 -20.7395 397.6457 177.5877 170.0859 -4.9122 -101.4354 100.0000 stroke10
movl 0 -20.8353 400.4848 177.0715 171.7067 -6.5177 -105.2667 100.0000 stroke10
movl 0 -19.7725 402.9958 176.4462 172.7916 -7.9783 -108.7149 100.0000 stroke10
movl 0 -18.8819 403.9378 176.4681 173.1819 -8.5888 -110.2443 100.0000 stroke10
movl 0 -17.4558 403.8119 176.8009 172.9271 -8.5192 -110.7629 100.0000 stroke10
movl 0 -16.8945 403.7361 176.8119 172.6835 -8.9557 -110.6515 100.0000 stroke10
movl 0 -16.7217 401.3834 177.5440 172.3399 -8.6326 -110.0187 100.0000 stroke10
movl 0 -14.4231 400.6965 178.0839 171.5752 -7.8494 -109.9019 100.0000 stroke10
movl 0 -15.1389 400.0642 178.0744 171.8871 -8.6991 -109.0058 100.0000 stroke10
movl 0 -13.4040 398.5914 178.9183 171.0961 -7.7963 -108.4929 100.0000 stroke10
movl 0 -12.2199 398.3154 179.0698 170.6653 -7.5961 -108.2153 100.0000 stroke10
movl 0 -11.7590 397.2713 179.2745 170.7404 -8.1251 -107.6566 100.0000 stroke10
movl 0 -10.2309 397.0162 179.6472 170.3442 -8.2417 -107.3625 100.0000 stroke10
movl 0 -8.7658 395.7724 180.2302 169.7521 -7.9844 -107.1852 100.0000 stroke10
movl 0 -8.4959 395.2261 180.2697 169.6744 -8.1957 -106.9722 100.0000 stroke10
movl 0 -8.7895 394.7714 180.4028 169.5669 -8.1579 -106.6656 100.0000 stroke10
movl 0 -7.9533 394.0959 180.7339 169.1821 -7.9938 -106.3260 100.0000 stroke10
movl 0 -7.6894 393.7955 180.8578 168.7281 -7.4855 -106.0339 100.0000 stroke10
movl 0 -7.0356 392.4167 181.4771 167.8058 -6.3250 -105.1440 100.0000 stroke10
movl 0 -4.8571 389.8136 183.3184 165.6259 -4.6645 -103.4952 100.0000 stroke10
movl 0 -0.0031 385.9285 210.2295 160.7128 0.1760 -99.1732 100.0000 stroke10
