movl 0 -7.2544 408.4398 200.7366 172.6539 31.9443 -41.7739 100.0000 stroke1
movl 0 -1.7781 402.5566 180.7095 173.5186 33.0809 -40.7018 100.0000 stroke1
movl 0 -2.6631 404.0235 180.8907 173.7618 32.1891 -41.5429 100.0000 stroke1
movl 0 -9.3629 403.7425 182.1505 171.5248 27.8306 -47.5380 100.0000 stroke1
movl 0 -11.8766 404.6537 182.2092 168.1848 25.6671 -55.5636 100.0000 stroke1
movl 0 -14.1356 408.7749 179.9867 165.8206 23.3187 -60.8027 100.0000 stroke1
movl 0 -16.5432 410.3155 178.2866 163.1576 20.9998 -68.7666 100.0000 stroke1
movl 0 -18.4005 411.0148 177.3744 162.6403 20.2133 -70.2794 100.0000 stroke1
movl 0 -20.1630 409.8291 177.8992 162.9505 19.6772 -70.9852 100.0000 stroke1
movl 0 -20.8969 409.6138 178.0264 162.8636 19.2878 -71.5830 100.0000 stroke1
movl 0 -21.8716 409.8723 177.8604 162.6061 18.4937 -72.7364 100.0000 stroke1
movl 0 -22.3412 410.3672 177.2173 162.7241 18.1691 -73.1893 100.0000 stroke1
movl 0 -23.0856 411.3012 176.0881 163.2996 18.0309 -72.6964 100.0000 stroke1
movl 0 -25.3716 413.8537 174.8544 164.4742 16.4055 -72.5080 100.0000 stroke1
movl 0 -27.1578 416.1544 174.0991 165.2656 14.9031 -72.6460 100.0000 stroke1
movl 0 -27.8947 417.9277 173.4375 165.5439 13.5669 -73.1041 100.0000 stroke1
movl 0 -27.5284 420.0832 172.5119 165.5238 12.3913 -74.0542 100.0000 stroke1
movl 0 -28.3552 420.9221 172.1760 165.2547 11.5409 -74.1932 100.0000 stroke1
movl 0 -29.4311 420.8392 172.1833 164.9821 10.9788 -74.3490 100.0000 stroke1
movl 0 -29.6785 421.1317 172.1262 164.6032 10.3884 -74.6045 100.0000 stroke1
movl 0 -29.9487 420.8136 172.6359 164.1413 9.7020 -74.9143 100.0000 stroke1
movl 0 -30.3993 419.8048 173.5456 163.7478 9.3499 -74.9645 100.0000 stroke1
movl 0 -30.7255 418.5192 174.4641 163.4498 9.4760 -74.9147 100.0000 stroke1
movl 0 -30.5190 418.2519 174.7089 163.2667 9.4923 -75.3121 100.0000 stroke1
movl 0 -30.3692 418.0989 174.7169 163.1818 9.6338 -75.6791 100.0000 stroke1
movl 0 -30.1513 418.0772 174.6307 163.2499 9.7908 -76.0778 100.0000 stroke1
movl 0 -30.0596 417.5241 174.8510 163.2844 10.0575 -76.3782 100.0000 stroke1
movl 0 -28.5163 415.0135 176.4029 163.0229 11.1998 -76.7998 100.0000 stroke1
movl 0 -23.1861 405.2796 186.9307 162.1639 16.1815 -78.2846 100.0000 stroke1
movl 0 -25.4382 386.9267 231.9057 165.3899 26.1459 -75.9156 100.0000 stroke1
movl 0 -24.4964 385.8060 210.3167 163.1512 24.4289 -71.9882 100.0000 stroke2
movl 0 -31.5794 387.8857 189.0239 162.8294 19.5399 -75.6213 100.0000 stroke2
movl 0 -41.4010 388.5685 184.3506 164.8052 18.8511 -76.5807 100.0000 stroke2
movl 0 -46.1648 390.2712 182.6943 165.4052 18.0241 -76.9387 100.0000 stroke2
movl 0 -48.0197 393.0240 180.9543 165.5358 17.0174 -76.9477 100.0000 stroke2
movl 0 -49.3912 394.0732 179.7705 165.6392 16.7246 -76.7828 100.0000 stroke2
movl 0 -51.8046 395.2694 178.4428 166.4267 16.2649 -76.0165 100.0000 stroke2
movl 0 -55.2984 395.8656 177.5050 168.1196 15.6170 -75.8025 100.0000 stroke2
movl 0 -58.3369 395.7349 177.0490 169.3688 14.9662 -75.9936 100.0000 stroke2
movl 0 -59.7109 395.6331 176.8990 170.0517 14.6196 -76.1430 100.0000 stroke2
movl 0 -61.1179 395.4087 176.7518 170.7970 14.7125 -76.1824 100.0000 stroke2
movl 0 -61.0834 395.9567 176.5766 171.1378 14.4687 -76.5477 100.0000 stroke2
movl 0 -59.9921 396.1277 176.9953 171.2998 14.4066 -77.1396 100.0000 stroke2
movl 0 -58.8474 396.5418 177.3302 171.4622 14.1802 -77.8956 100.0000 stroke2
movl 0 -57.6344 396.7229 177.8969 171.6436 14.1788 -78.7940 100.0000 stroke2
movl 0 -55.9837 396.9063 178.4931 171.8106 14.0645 -79.8086 100.0000 stroke2
movl 0 -54.8263 397.4145 178.7228 172.1786 13.8265 -80.8669 100.0000 stroke2
movl 0 -53.9582 397.9800 178.9072 172.5817 13.5595 -82.0254 100.0000 stroke2
movl 0 -53.2300 398.6694 178.9265 173.1984 13.3010 -83.2171 100.0000 stroke2
movl 0 -52.0027 399.5216 179.1581 173.6673 13.0651 -84.6852 100.0000 stroke2
movl 0 -51.0118 400.8847 179.2268 174.3550 12.6444 -86.3691 100.0000 stroke2
movl 0 -50.0360 402.9172 178.6492 175.0683 12.0753 -88.4079 100.0000 stroke2
movl 0 -49.3730 402.6703 178.9519 174.9365 12.1604 -89.1115 100.0000 stroke2
movl 0 -47.6261 400.6586 180.2640 174.0768 13.1566 -89.1882 100.0000 stroke2
movl 0 -46.8004 400.2585 180.7864 173.9245 13.3405 -89.3394 100.0000 stroke2
movl 0 -46.2809 399.5951 181.3614 173.7964 13.6489 -89.4776 100.0000 stroke2
movl 0 -45.9501 398.9677 181.6589 173.6770 13.9144 -89.5370 100.0000 stroke2
movl 0 -45.6761 399.1987 181.6068 173.5421 13.7362 -89.6655 100.0000 stroke2
movl 0 -46.1873 400.9858 180.8875 173.7315 12.0924 -90.2115 100.0000 stroke2
movl 0 -45.7587 401.4972 180.5438 173.3369 11.5173 -90.6553 100.0000 stroke2
movl 0 -46.5533 401.0191 180.5459 172.9433 11.6050 -90.3154 100.0000 stroke2
movl 0 -46.5526 400.6987 180.6987 172.7031 11.7675 -90.2497 100.0000 stroke2
movl 0 -46.0562 399.6911 181.1885 172.2681 12.0808 -90.3104 100.0000 stroke2
movl 0 -40.8922 391.5749 186.8372 169.5333 15.2204 -91.2436 100.0000 stroke2
movl 0 -32.3157 377.5596 212.1652 164.3704 21.8791 -93.0758 100.0000 stroke2
movl 0 -18.2368 391.0082 247.5132 152.0500 11.0247 -106.0164 100.0000 stroke3
movl 0 -24.6836 394.2266 193.9757 153.9384 2.1057 -112.9211 100.0000 stroke3
movl 0 -27.5981 391.3642 187.6891 155.0220 2.2011 -112.6177 100.0000 stroke3
movl 0 -32.8049 393.7236 182.1151 156.7111 2.1120 -112.5553 100.0000 stroke3
movl 0 -34.9005 392.9087 181.4769 156.8294 2.6711 -112.0805 100.0000 stroke3
movl 0 -37.5790 393.1055 180.0720 157.6230 3.3548 -111.6164 100.0000 stroke3
movl 0 -39.0765 394.8453 178.4794 158.4891 3.3310 -111.6353 100.0000 stroke3
movl 0 -42.7195 398.0215 176.1908 160.4630 1.9279 -111.3044 100.0000 stroke3
movl 0 -47.9654 398.6033 174.1690 161.9752 0.9601 -110.9150 100.0000 stroke3
movl 0 -49.5773 398.0233 173.9955 162.1955 0.7387 -111.3031 100.0000 stroke3
movl 0 -49.4019 397.7354 174.2952 162.0563 0.7524 -111.8267 100.0000 stroke3
movl 0 -48.2887 398.5760 174.2500 162.4278 -0.0392 -113.0982 100.0000 stroke3
movl 0 -48.4906 398.2671 174.2199 162.8224 -0.4548 -113.9297 100.0000 stroke3
movl 0 -48.9444 397.7631 174.6745 162.9180 -0.2883 -114.2368 100.0000 stroke3
movl 0 -48.3048 398.3949 175.2791 162.8288 -0.0053 -114.8054 100.0000 stroke3
movl 0 -45.8197 399.1314 175.5697 162.6368 0.0783 -115.8329 100.0000 stroke3
movl 0 -43.9479 399.1149 176.2396 162.3571 0.2224 -116.4728 100.0000 stroke3
movl 0 -41.3113 398.8841 177.2285 161.7673 0.2740 -117.5530 100.0000 stroke3
movl 0 -39.7445 398.5015 178.2051 161.3571 0.3154 -117.8788 100.0000 stroke3
movl 0 -40.0381 396.6998 179.3733 160.8314 0.6270 -117.4103 100.0000 stroke3
movl 0 -33.6715 392.4244 190.5184 157.4825 2.0950 -116.2605 100.0000 stroke3
movl 0 3.0358 410.8068 239.0544 148.8944 0.3023 -104.2250 100.0000 stroke4
movl 0 4.3105 408.0037 185.4810 150.3706 -0.6548 -105.7547 100.0000 stroke4
movl 0 -1.1856 401.5618 184.6183 151.9373 2.3269 -106.0631 100.0000 stroke4
movl 0 -8.3683 402.7529 180.7607 154.3413 2.3796 -106.0581 100.0000 stroke4
movl 0 -11.9736 403.8979 179.5982 155.7576 2.6941 -105.7537 100.0000 stroke4
movl 0 -12.4185 405.6661 178.4723 156.1553 2.2024 -105.8810 100.0000 stroke4
movl 0 -13.0998 407.0965 177.3702 156.5362 1.8425 -105.9716 100.0000 stroke4
movl 0 -14.2512 409.2813 176.2125 157.4166 1.4121 -106.3560 100.0000 stroke4
movl 0 -16.2001 410.7849 175.0138 158.6533 1.2413 -106.8931 100.0000 stroke4
movl 0 -18.2481 412.6484 173.8760 160.0272 0.5559 -107.3807 100.0000 stroke4
movl 0 -17.6022 413.7699 173.4727 160.7598 -0.5236 -108.5431 100.0000 stroke4
movl 0 -16.2748 414.3665 173.1921 160.8938 -1.4712 -109.5524 100.0000 stroke4
movl 0 -17.6237 414.5624 173.0516 160.9742 -2.2332 -109.3707 100.0000 stroke4
movl 0 -18.3277 414.1315 173.1421 160.7528 -2.8650 -109.0150 100.0000 stroke4
movl 0 -19.6483 413.2052 173.5764 160.5784 -3.3283 -108.3638 100.0000 stroke4
movl 0 -21.6995 410.9499 174.6593 160.2745 -3.1916 -107.5705 100.0000 stroke4
movl 0 -22.4592 409.5163 175.8663 159.7889 -2.8842 -107.1462 100.0000 stroke4
movl 0 -21.9706 409.2280 175.8815 159.6761 -2.6882 -107.2742 100.0000 stroke4
movl 0 -20.1127 406.9315 177.3376 158.8979 -1.7303 -107.5682 100.0000 stroke4
movl 0 -15.0056 387.3182 190.8039 155.5150 10.9035 -105.5245 100.0000 stroke4
movl 0 -9.6267 369.4347 240.1997 153.4321 22.7892 -100.3894 100.0000 stroke4
movl 0 -31.1717 388.1493 207.6900 156.3294 17.5807 -77.9590 100.0000 stroke5
movl 0 -38.9095 383.0579 184.9716 160.7984 20.0948 -73.1810 100.0000 stroke5
movl 0 -47.1676 380.1396 182.1847 164.1506 19.5687 -71.6378 100.0000 stroke5
movl 0 -49.3896 381.1039 180.0895 165.7013 18.9947 -70.8350 100.0000 stroke5
movl 0 -48.0683 383.5379 178.4915 165.6110 18.6375 -70.6022 100.0000 stroke5
movl 0 -50.8317 386.5176 176.2457 165.9703 17.3696 -70.4276 100.0000 stroke5
movl 0 -53.4289 389.8339 174.7156 166.6147 15.0750 -70.2539 100.0000 stroke5
movl 0 -53.4155 391.5171 174.3413 166.4974 13.5069 -71.0090 100.0000 stroke5
movl 0 -53.9683 392.1857 174.2657 166.1370 12.6923 -72.2562 100.0000 stroke5
movl 0 -54.7425 393.0495 174.3133 165.7150 11.3049 -73.1197 100.0000 stroke5
movl 0 -55.5747 394.1985 174.2926 165.1044 9.4213 -74.2525 100.0000 stroke5
movl 0 -56.5013 395.3238 174.4981 164.4144 7.2313 -75.6652 100.0000 stroke5
movl 0 -57.4041 395.7598 174.5512 163.7734 5.7613 -76.2628 100.0000 stroke5
movl 0 -55.8624 393.6197 175.6060 163.7126 7.2913 -76.7303 100.0000 stroke5
movl 0 -55.8958 393.8995 175.5973 163.7889 6.6536 -76.4686 100.0000 stroke5
movl 0 -56.3237 392.1511 176.1545 164.4519 7.9224 -76.1402 100.0000 stroke5
movl 0 -56.5725 391.2343 176.1101 164.8885 8.6257 -75.7739 100.0000 stroke5
movl 0 -56.3523 389.5584 176.5532 165.1252 9.9453 -75.5000 100.0000 stroke5
movl 0 -50.9440 387.7523 181.6336 164.2027 12.6311 -76.7566 100.0000 stroke5
movl 0 -47.0246 391.3964 207.1205 163.8888 15.2190 -76.6456 100.0000 stroke5
movl 0 -25.7255 372.3899 235.7425 167.7252 26.9048 -66.8656 100.0000 stroke6
movl 0 -38.7167 368.0131 194.1445 170.4445 24.6573 -65.2845 100.0000 stroke6
movl 0 -43.8730 366.8124 188.5688 172.2015 23.8699 -63.7161 100.0000 stroke6
movl 0 -51.5090 369.1146 182.7610 174.0224 21.9858 -62.0005 100.0000 stroke6
movl 0 -55.2712 370.1067 181.2242 174.7430 21.3323 -61.2641 100.0000 stroke6
movl 0 -57.5272 370.5286 180.9613 174.8521 21.1316 -61.4686 100.0000 stroke6
movl 0 -58.9386 372.3554 180.2884 175.3075 20.3086 -61.8706 100.0000 stroke6
movl 0 -60.1098 373.2897 179.8790 175.4411 19.3045 -62.1953 100.0000 stroke6
movl 0 -60.0840 372.2289 180.3092 174.9276 19.8874 -62.2729 100.0000 stroke6
movl 0 -62.3863 373.4140 179.2290 175.2762 19.0234 -62.4057 100.0000 stroke6
movl 0 -65.7956 374.1428 178.2221 176.5213 17.6890 -62.7782 100.0000 stroke6
movl 0 -67.4708 374.7522 177.8514 177.0236 16.5476 -63.4354 100.0000 stroke6
movl 0 -67.7525 375.1577 177.8958 177.0832 16.4697 -63.8873 100.0000 stroke6
movl 0 -66.4369 376.3146 177.7504 177.1756 16.2170 -64.7148 100.0000 stroke6
movl 0 -63.9102 377.4785 178.2701 177.0103 16.1484 -66.0497 100.0000 stroke6
movl 0 -61.8510 378.6368 178.4512 177.1298 15.7231 -66.8741 100.0000 stroke6
movl 0 -60.3671 379.7755 178.2508 177.3440 15.2592 -67.5799 100.0000 stroke6
movl 0 -59.0331 380.7546 178.0492 177.5483 14.9063 -68.3812 100.0000 stroke6
movl 0 -57.9803 381.1288 178.2899 177.5582 14.7946 -69.3724 100.0000 stroke6
movl 0 -56.9304 381.5311 178.4948 177.6383 14.6048 -69.9731 100.0000 stroke6
movl 0 -55.5715 382.1578 178.6450 177.7237 14.3880 -70.5452 100.0000 stroke6
movl 0 -54.2042 382.6138 178.7788 177.8975 14.2054 -71.2872 100.0000 stroke6
movl 0 -52.1043 383.5091 178.9238 177.7926 14.0641 -72.9788 100.0000 stroke6
movl 0 -50.0623 384.5940 178.9328 178.0946 13.7464 -73.9772 100.0000 stroke6
movl 0 -47.4737 385.9937 178.9456 178.2243 13.3623 -75.3838 100.0000 stroke6
movl 0 -43.2617 388.3012 178.9763 178.1911 12.8885 -77.4545 100.0000 stroke6
movl 0 -39.1210 390.3285 178.7945 177.6641 12.5081 -79.2134 100.0000 stroke6
movl 0 -37.6465 388.4438 179.9763 176.8364 13.3477 -79.4100 100.0000 stroke6
movl 0 -34.3234 388.2971 180.8129 175.9031 13.6567 -80.1938 100.0000 stroke6
movl 0 -33.1166 389.7514 180.4321 175.4958 12.8553 -80.6887 100.0000 stroke6
movl 0 -29.2722 394.0262 179.1234 173.8301 10.7403 -82.0014 100.0000 stroke6
movl 0 -22.5479 398.7490 177.7992 171.7304 8.8052 -84.0062 100.0000 stroke6
movl 0 -18.4310 401.8835 176.5354 170.3484 7.3423 -85.0092 100.0000 stroke6
movl 0 -16.1435 403.6816 175.6100 168.8830 6.4401 -84.8212 100.0000 stroke6
movl 0 -14.7902 404.3999 175.0975 167.8023 5.9414 -84.7246 100.0000 stroke6
movl 0 -14.8285 403.8360 175.1379 167.1700 5.7829 -84.4552 100.0000 stroke6
movl 0 -15.6701 403.4059 175.3564 167.0604 5.5778 -84.3099 100.0000 stroke6
movl 0 -16.3714 402.9981 175.8689 166.7057 4.9978 -83.8830 100.0000 stroke6
movl 0 -17.5820 400.7992 176.9812 166.6004 5.3745 -83.4819 100.0000 stroke6
movl 0 -16.0926 399.9263 177.5270 166.6723 6.2392 -83.8703 100.0000 stroke6
movl 0 -17.5848 398.8870 178.1067 166.5086 6.1598 -82.9777 100.0000 stroke6
movl 0 -16.9500 398.7538 178.2647 166.6544 6.5501 -83.1858 100.0000 stroke6
movl 0 -16.3532 397.5768 178.9599 166.8758 7.3531 -83.4411 100.0000 stroke6
movl 0 -11.7841 389.9661 183.6331 165.9820 12.7971 -83.1644 100.0000 stroke6
movl 0 -0.2577 384.0168 215.5254 162.8854 21.7925 -84.5058 100.0000 stroke6
movl 0 3.4614 397.8631 229.1085 163.1519 30.5485 -49.6271 100.0000 stroke7
movl 0 -13.3520 384.7768 194.3998 163.1837 23.3188 -53.3401 100.0000 stroke7
movl 0 -35.3989 372.3761 179.7176 171.5475 20.4818 -51.2923 100.0000 stroke7
movl 0 -42.3717 367.5971 179.7088 176.2721 20.8966 -49.1763 100.0000 stroke7
movl 0 -42.2704 368.0068 179.5663 176.6225 21.2359 -49.4814 100.0000 stroke7
movl 0 -44.5335 368.5990 178.9468 176.9925 20.8844 -49.9204 100.0000 stroke7
movl 0 -46.5168 371.0288 177.3348 176.7258 19.8735 -50.5978 100.0000 stroke7
movl 0 -48.6505 373.4321 176.0387 176.0964 17.9989 -50.7731 100.0000 stroke7
movl 0 -48.7313 374.4391 175.7505 175.5460 17.2831 -51.1329 100.0000 stroke7
movl 0 -49.3085 375.2625 175.5922 174.7758 16.2536 -51.8891 100.0000 stroke7
movl 0 -49.7451 376.7189 175.4488 173.1138 14.4087 -53.1069 100.0000 stroke7
movl 0 -50.9101 378.1581 175.1636 171.1840 12.1579 -54.8836 100.0000 stroke7
movl 0 -50.8997 376.8239 175.6897 171.0683 12.3574 -55.2497 100.0000 stroke7
movl 0 -47.9792 375.4394 176.6046 171.3624 13.5487 -55.7353 100.0000 stroke7
movl 0 -48.8059 375.0141 176.6814 171.0834 12.6449 -55.9797 100.0000 stroke7
movl 0 -48.3452 374.6326 176.8603 171.2359 13.0415 -56.0486 100.0000 stroke7
movl 0 -48.2047 374.3925 176.8160 171.4756 13.3758 -56.0791 100.0000 stroke7
movl 0 -48.1075 374.0318 176.8785 171.7247 13.7726 -55.8944 100.0000 stroke7
movl 0 -48.7879 372.9533 177.0188 172.1768 14.0296 -55.8396 100.0000 stroke7
movl 0 -49.0720 369.2087 180.4539 173.7579 16.1032 -55.4914 100.0000 stroke7
movl 0 -48.6838 360.7654 210.6932 178.2576 21.8204 -53.9365 100.0000 stroke7
movl 0 -12.2723 359.6924 239.6696 171.7197 31.2520 -59.0553 100.0000 stroke8
movl 0 -25.8878 353.7574 188.1450 174.2927 26.6821 -56.5525 100.0000 stroke8
movl 0 -33.1620 351.3707 185.9892 178.2369 25.6211 -54.7582 100.0000 stroke8
movl 0 -36.6611 355.1936 181.2095 177.1699 23.9138 -54.7473 100.0000 stroke8
movl 0 -38.8459 356.4399 179.5228 177.0955 23.3451 -53.5396 100.0000 stroke8
movl 0 -42.3683 358.1714 177.9206 177.3420 22.5915 -53.1209 100.0000 stroke8
movl 0 -43.3342 359.4320 176.9517 177.5662 22.1985 -52.9484 100.0000 stroke8
movl 0 -44.6516 360.9164 176.3433 178.0569 21.4826 -53.2576 100.0000 stroke8
movl 0 -46.6795 362.0069 175.7608 178.5791 20.3672 -53.3684 100.0000 stroke8
movl 0 -47.1430 362.4492 175.7672 178.8551 20.0131 -53.5759 100.0000 stroke8
movl 0 -45.9222 363.7200 175.6326 178.8714 19.6180 -54.4122 100.0000 stroke8
movl 0 -44.1549 365.2163 175.7287 178.7965 19.2079 -55.7736 100.0000 stroke8
movl 0 -41.9903 366.8920 175.4663 178.7600 18.6893 -57.1947 100.0000 stroke8
movl 0 -38.7431 368.9531 175.3032 178.2726 18.0093 -59.2598 100.0000 stroke8
movl 0 -37.6969 368.1830 175.9011 178.0023 18.3659 -59.5091 100.0000 stroke8
movl 0 -35.5480 368.3797 176.1356 177.1080 18.6131 -59.8834 100.0000 stroke8
movl 0 -34.2352 367.9914 176.4340 176.6492 18.8631 -60.0796 100.0000 stroke8
movl 0 -33.4056 367.7428 176.5765 176.3409 19.0288 -60.2728 100.0000 stroke8
movl 0 -32.8090 367.3094 176.7954 176.2200 19.2420 -60.4218 100.0000 stroke8
movl 0 -31.0871 367.3043 177.0288 175.6157 19.6514 -60.7766 100.0000 stroke8
movl 0 -28.2751 368.3853 177.0214 174.4493 19.7570 -61.4230 100.0000 stroke8
movl 0 -26.9950 369.7225 176.6100 173.7631 19.5883 -61.8378 100.0000 stroke8
movl 0 -26.8984 371.8436 175.7323 173.3690 18.7709 -62.3358 100.0000 stroke8
movl 0 -25.7381 373.9001 174.9240 172.5560 17.8581 -63.0386 100.0000 stroke8
movl 0 -23.6914 376.0794 174.3278 171.2905 16.9723 -64.4187 100.0000 stroke8
movl 0 -20.9608 378.0453 173.6921 170.2308 16.0220 -66.0751 100.0000 stroke8
movl 0 -21.8760 378.7470 173.7254 169.6159 15.2351 -66.5815 100.0000 stroke8
movl 0 -21.2348 379.8586 173.8874 168.3197 13.7812 -67.8766 100.0000 stroke8
movl 0 -21.1305 381.4586 174.4366 166.8980 11.3162 -69.9320 100.0000 stroke8
movl 0 -21.1147 382.8956 174.7351 165.5765 8.7736 -71.9893 100.0000 stroke8
movl 0 -21.2201 384.1494 175.1534 164.1813 6.5318 -73.1445 100.0000 stroke8
movl 0 -21.2259 383.0109 175.5649 163.9884 7.0137 -72.6267 100.0000 stroke8
movl 0 -19.1456 381.1784 175.7247 164.7018 8.8025 -72.2693 100.0000 stroke8
movl 0 -20.0669 381.4362 175.9436 164.3957 7.8292 -71.8310 100.0000 stroke8
movl 0 -18.7024 377.1403 176.9124 165.7102 11.3165 -70.4440 100.0000 stroke8
movl 0 -18.1718 373.1990 177.8407 167.1453 14.2458 -69.2255 100.0000 stroke8
movl 0 -18.7966 373.5715 177.2762 167.2267 14.2044 -68.8624 100.0000 stroke8
movl 0 -19.2288 376.5684 175.7339 165.7922 12.2131 -67.9031 100.0000 stroke8
movl 0 -19.6158 377.0530 175.1917 165.4208 11.7137 -67.1625 100.0000 stroke8
movl 0 -19.3506 376.4835 175.1298 165.3224 12.3580 -66.5148 100.0000 stroke8
movl 0 -18.0707 374.2109 176.0356 165.1068 13.9639 -66.1671 100.0000 stroke8
movl 0 -11.8658 367.0120 180.9463 165.0934 18.7402 -67.8909 100.0000 stroke8
movl 0 -6.7212 360.2004 182.8609 167.3822 25.7961 -64.8473 100.0000 stroke8
movl 0 -9.4438 359.9743 194.8589 170.1462 29.7639 -61.1334 100.0000 stroke8
movl 0 -10.5243 372.3107 195.4777 160.6725 24.9515 -62.6565 100.0000 stroke9
movl 0 -18.8858 372.5209 178.6535 163.4723 22.3068 -64.1901 100.0000 stroke9
movl 0 -23.5921 373.0930 175.6579 166.6928 21.9167 -63.4601 100.0000 stroke9
movl 0 -21.7485 374.2076 174.6670 166.8871 22.0517 -63.8821 100.0000 stroke9
movl 0 -20.2336 376.3715 173.7156 167.0506 21.9247 -64.1071 100.0000 stroke9
movl 0 -21.0847 378.1727 172.4560 166.8058 21.3300 -64.3087 100.0000 stroke9
movl 0 -22.6431 381.3433 171.3605 166.6328 20.1852 -64.9796 100.0000 stroke9
movl 0 -23.9304 384.2050 170.4958 166.5013 18.1264 -67.4595 100.0000 stroke9
movl 0 -24.2824 386.0816 170.1098 166.2302 16.6882 -68.8310 100.0000 stroke9
movl 0 -23.9409 387.0745 170.1490 165.0636 15.4771 -70.2807 100.0000 stroke9
movl 0 -25.3366 387.1291 170.2826 164.6830 14.5830 -71.3024 100.0000 stroke9
movl 0 -25.7666 387.3785 170.3912 164.2645 13.6419 -72.6122 100.0000 stroke9
movl 0 -26.3155 387.1248 170.7022 164.0921 12.9986 -73.6354 100.0000 stroke9
movl 0 -26.8784 386.7835 171.0819 163.7383 12.0352 -74.8553 100.0000 stroke9
movl 0 -27.3467 386.7485 171.2698 163.4768 10.9614 -76.0762 100.0000 stroke9
movl 0 -27.4940 387.0482 171.4664 163.1747 9.7093 -77.1534 100.0000 stroke9
movl 0 -27.8474 386.9618 171.6575 162.9308 8.7922 -77.8519 100.0000 stroke9
movl 0 -28.6387 386.8751 171.9902 162.7767 7.7655 -78.7865 100.0000 stroke9
movl 0 -29.0564 386.6363 172.3058 162.6125 6.8511 -79.7162 100.0000 stroke9
movl 0 -29.3159 386.8665 172.6184 162.4157 5.7429 -80.4643 100.0000 stroke9
movl 0 -29.6641 387.2307 173.0769 162.0305 4.3934 -81.5932 100.0000 stroke9
movl 0 -30.0016 387.4220 173.2545 161.9118 3.2231 -82.3205 100.0000 stroke9
movl 0 -30.5822 387.9575 173.3639 161.8467 1.7126 -83.1420 100.0000 stroke9
movl 0 -31.1046 388.2867 173.5315 161.7939 0.0683 -84.4667 100.0000 stroke9
movl 0 -31.5634 389.0522 173.4664 161.7527 -1.7193 -86.1932 100.0000 stroke9
movl 0 -31.9975 389.6269 173.4436 161.8510 -3.0339 -87.2990 100.0000 stroke9
movl 0 -32.4887 390.1755 173.3122 161.9910 -4.2010 -87.8944 100.0000 stroke9
movl 0 -33.1854 391.0347 173.1084 162.2598 -5.7022 -88.5242 100.0000 stroke9
movl 0 -34.0622 391.6845 172.8912 162.6988 -7.0058 -89.6038 100.0000 stroke9
movl 0 -34.6376 392.1545 172.6798 162.8598 -8.0161 -90.0352 100.0000 stroke9
movl 0 -35.3142 392.6327 172.5255 163.1298 -8.9930 -90.3766 100.0000 stroke9
movl 0 -36.0174 392.6057 172.5266 163.4089 -9.4848 -90.5465 100.0000 stroke9
movl 0 -36.6177 392.4811 172.5858 163.6086 -9.8354 -90.6197 100.0000 stroke9
movl 0 -37.1326 392.5627 172.5228 163.7543 -10.2423 -90.4660 100.0000 stroke9
movl 0 -37.7931 392.2540 172.6560 163.9724 -10.3722 -90.3590 100.0000 stroke9
movl 0 -38.1644 391.7892 172.7908 164.0717 -10.3579 -90.3953 100.0000 stroke9
movl 0 -38.5783 391.2756 172.9711 164.1166 -10.2835 -90.3062 100.0000 stroke9
movl 0 -38.7243 390.8417 173.1799 164.1734 -10.0878 -90.2643 100.0000 stroke9
movl 0 -38.1704 390.3248 173.5262 164.1706 -9.7353 -90.4045 100.0000 stroke9
movl 0 -38.0666 390.1284 173.5554 164.2032 -9.7262 -90.5704 100.0000 stroke9
movl 0 -38.3562 389.9106 173.5819 164.2701 -10.0217 -90.3513 100.0000 stroke9
movl 0 -37.9820 388.8298 174.0336 164.2350 -9.7803 -90.3256 100.0000 stroke9
movl 0 -36.3279 387.8291 174.9380 164.0670 -9.0251 -90.9841 100.0000 stroke9
movl 0 -34.9903 387.7445 175.0142 163.9527 -9.0786 -91.1825 100.0000 stroke9
movl 0 -36.0951 387.0999 174.9810 164.1266 -9.3817 -90.6346 100.0000 stroke9
movl 0 -35.1536 386.4483 175.5170 163.9677 -8.8027 -90.8878 100.0000 stroke9
movl 0 -33.7995 385.9416 175.9511 163.7803 -8.4897 -91.1347 100.0000 stroke9
movl 0 -35.3307 384.8962 176.1612 163.9127 -8.7235 -90.3907 100.0000 stroke9
movl 0 -33.8944 384.6134 176.5792 163.7149 -8.1317 -90.7257 100.0000 stroke9
movl 0 -33.3241 384.3609 176.7979 163.4778 -8.4033 -90.4769 100.0000 stroke9
movl 0 -32.7442 383.7199 177.1730 163.4141 -8.0277 -90.5169 100.0000 stroke9
movl 0 -32.3989 383.7307 177.2845 163.3981 -8.1901 -90.5174 100.0000 stroke9
movl 0 -32.6529 383.4914 177.4173 163.3644 -7.8691 -90.6945 100.0000 stroke9
movl 0 -32.4531 383.0966 177.6032 163.2410 -7.5407 -90.6644 100.0000 stroke9
movl 0 -33.2709 382.9929 177.7638 163.4248 -7.4584 -90.6665 100.0000 stroke9
movl 0 -33.3897 383.0913 177.6368 163.4887 -7.3830 -90.7746 100.0000 stroke9
movl 0 -33.5002 383.2795 177.5993 163.5265 -7.3438 -90.8343 100.0000 stroke9
movl 0 -33.4676 383.2556 177.7194 163.5216 -7.2701 -90.9095 100.0000 stroke9
movl 0 -33.1689 383.0717 177.9716 163.4626 -7.1064 -91.0190 100.0000 stroke9
movl 0 -32.1306 382.6288 179.4246 163.4264 -6.5188 -91.7940 100.0000 stroke9
movl 0 -29.6778 381.7804 187.0633 163.2113 -4.8241 -92.6309 100.0000 stroke9
movl 0 -24.0934 374.0232 227.0162 160.3013 1.3718 -88.5822 100.0000 stroke9
