movl 0 -20.4122 406.4465 176.8880 -150.2089 25.9900 29.6222 100.0000 stroke1
movl 0 -20.1270 393.6169 164.5520 -149.9470 22.7328 25.0810 100.0000 stroke1
movl 0 -22.1315 391.2389 165.3879 -149.4355 20.8469 26.1137 100.0000 stroke1
movl 0 -21.8262 391.9664 165.1024 -148.7293 18.7794 28.2709 100.0000 stroke1
movl 0 -21.2772 389.7815 165.5044 -145.6179 12.7680 35.0255 100.0000 stroke1
movl 0 -18.5920 394.0937 166.3426 -147.8706 12.3655 34.8982 100.0000 stroke1
movl 0 -11.4064 398.9942 166.0289 -148.8167 13.4760 36.3189 100.0000 stroke1
movl 0 -6.8451 399.5586 164.9644 -148.9946 15.5162 32.4823 100.0000 stroke1
movl 0 -8.6065 399.7023 165.1998 -149.5719 15.0362 30.6108 100.0000 stroke1
movl 0 -13.5744 398.1005 165.9924 -149.8013 13.4843 29.9192 100.0000 stroke1
movl 0 -26.4908 395.0134 167.1908 -150.5761 11.2674 31.6141 100.0000 stroke1
movl 0 -38.1154 392.1190 167.1596 -151.0190 9.0442 34.8600 100.0000 stroke1
movl 0 -41.2267 391.5851 166.7819 -151.6335 7.9746 36.4368 100.0000 stroke1
movl 0 -42.9637 392.2231 166.4953 -152.5503 7.5519 36.4894 100.0000 stroke1
movl 0 -46.4127 392.5193 166.7016 -154.1504 6.4977 35.9118 100.0000 stroke1
movl 0 -48.3196 391.9072 166.9789 -154.8629 5.8131 35.4270 100.0000 stroke1
movl 0 -49.0284 392.4240 167.4858 -155.9885 5.9736 34.4622 100.0000 stroke1
movl 0 -51.3709 391.4766 167.7169 -156.0370 4.8643 34.1486 100.0000 stroke1
movl 0 -51.9441 391.4720 167.8536 -156.3600 4.2938 33.5622 100.0000 stroke1
movl 0 -52.1939 391.4174 167.9673 -156.6369 3.9019 33.1643 100.0000 stroke1
movl 0 -52.2438 391.2128 168.1312 -156.8101 3.3358 32.7221 100.0000 stroke1
movl 0 -51.9536 391.3636 168.3706 -157.0786 2.9545 32.0196 100.0000 stroke1
movl 0 -51.3589 391.5406 168.5999 -157.3364 2.5992 31.3198 100.0000 stroke1
movl 0 -49.8798 392.2366 168.8202 -157.6188 2.3831 30.4577 100.0000 stroke1
movl 0 -48.2730 393.1708 169.0594 -158.0164 2.1785 29.3924 100.0000 stroke1
movl 0 -45.8628 394.3684 169.1575 -158.3296 2.1110 28.2233 100.0000 stroke1
movl 0 -43.2722 395.8597 169.2195 -158.7191 1.9883 26.6906 100.0000 stroke1
movl 0 -40.6521 397.1868 169.1176 -158.9147 2.1195 25.5875 100.0000 stroke1
movl 0 -39.2584 395.5759 169.6427 -157.7271 2.7256 26.4564 100.0000 stroke1
movl 0 -37.2151 395.5433 169.8321 -157.2699 3.3946 26.5860 100.0000 stroke1
movl 0 -36.6104 396.6117 169.7639 -158.2188 3.8389 26.3624 100.0000 stroke1
movl 0 -34.6679 397.7654 169.5934 -158.4810 4.7133 26.1835 100.0000 stroke1
movl 0 -32.3508 398.6532 169.2905 -157.9719 6.0364 27.0644 100.0000 stroke1
movl 0 -31.0530 399.1262 169.1381 -157.8017 6.6597 27.4249 100.0000 stroke1
movl 0 -30.4363 399.2716 169.2199 -157.6194 7.0568 27.6612 100.0000 stroke1
movl 0 -29.7916 399.2778 169.2212 -157.3479 7.3311 27.8824 100.0000 stroke1
movl 0 -29.6405 399.3496 169.1938 -157.2142 7.4808 28.0180 100.0000 stroke1
movl 0 -29.1117 399.3648 169.1723 -157.0451 7.7126 28.1898 100.0000 stroke1
movl 0 -24.3917 397.2173 170.6147 -154.5606 9.2444 29.4299 100.0000 stroke1
movl 0 -13.9236 389.6322 202.6776 -144.4566 9.0725 33.5976 100.0000 stroke1
movl 0 14.6529 412.9160 190.2303 -142.5949 21.3919 36.4364 100.0000 stroke2
movl 0 15.0891 412.5037 167.1913 -151.1348 23.8335 30.1735 100.0000 stroke2
movl 0 10.0468 414.3825 164.3929 -155.4226 22.8599 27.0360 100.0000 stroke2
movl 0 7.1589 416.7623 162.3413 -156.2509 21.5975 26.2712 100.0000 stroke2
movl 0 6.0137 416.9327 161.3101 -155.9453 21.3257 26.7725 100.0000 stroke2
movl 0 3.4319 420.4633 161.1929 -159.3691 21.1627 24.5957 100.0000 stroke2
movl 0 4.0071 423.4989 161.2065 -162.7265 22.1042 21.0163 100.0000 stroke2
movl 0 7.0259 426.2158 160.1245 -165.0187 23.5974 18.1374 100.0000 stroke2
movl 0 11.0276 432.0713 157.3964 -167.0230 26.4881 16.7214 100.0000 stroke2
movl 0 13.2332 436.0399 155.4714 -169.2641 28.4827 14.7176 100.0000 stroke2
movl 0 12.3743 436.6152 155.2355 -170.7586 29.1225 13.0777 100.0000 stroke2
movl 0 12.0289 436.9698 155.1443 -172.3529 29.8087 11.3822 100.0000 stroke2
movl 0 11.8471 437.5680 155.0139 -174.1860 30.6569 10.1105 100.0000 stroke2
movl 0 11.3969 438.3697 155.1234 -176.4741 31.3844 8.8076 100.0000 stroke2
movl 0 12.2532 437.2066 155.8275 -176.4187 31.7801 8.2702 100.0000 stroke2
movl 0 12.3176 437.6415 155.7480 -177.5645 32.0348 7.3798 100.0000 stroke2
movl 0 13.0396 437.8429 155.7572 -177.8534 32.1567 6.7975 100.0000 stroke2
movl 0 13.7062 436.7564 156.2483 -177.5152 32.2539 6.0131 100.0000 stroke2
movl 0 14.5541 434.6975 156.7896 -176.8756 32.2754 3.7531 100.0000 stroke2
movl 0 15.1805 428.6647 158.5769 -173.7086 32.5870 3.3395 100.0000 stroke2
movl 0 16.8545 411.2266 172.1633 -158.8106 34.6793 8.5525 100.0000 stroke2
movl 0 17.6009 393.9149 242.3290 -129.4585 24.7370 31.6135 100.0000 stroke2
movl 0 -23.4796 383.9171 187.2079 -160.6955 33.4116 0.8780 100.0000 stroke3
movl 0 -27.6317 377.2798 173.2331 -163.9555 28.7606 -6.4971 100.0000 stroke3
movl 0 -28.8785 384.3404 169.1417 -168.8691 27.5782 -10.9788 100.0000 stroke3
movl 0 -30.7766 388.4280 167.0868 -170.7325 27.5293 -10.6189 100.0000 stroke3
movl 0 -30.1639 390.5825 166.3082 -172.1713 28.3740 -11.6266 100.0000 stroke3
movl 0 -33.5093 390.7855 166.0607 -172.2342 26.7987 -12.5843 100.0000 stroke3
movl 0 -37.6544 389.3166 166.5546 -171.9456 24.8410 -13.9947 100.0000 stroke3
movl 0 -39.0419 389.0982 167.0605 -172.4363 23.9706 -15.1057 100.0000 stroke3
movl 0 -40.2764 388.4295 167.2861 -171.8086 23.3749 -15.5504 100.0000 stroke3
movl 0 -38.3372 388.7548 167.4912 -171.8783 22.9603 -16.6714 100.0000 stroke3
movl 0 -36.5597 388.9831 167.8041 -171.9888 22.4439 -17.9610 100.0000 stroke3
movl 0 -34.4721 389.2491 168.1949 -172.0244 21.7842 -19.6449 100.0000 stroke3
movl 0 -32.6458 389.8363 168.4380 -172.2985 21.0663 -21.9467 100.0000 stroke3
movl 0 -31.5827 390.4594 168.5433 -172.0916 20.1098 -23.1776 100.0000 stroke3
movl 0 -30.8096 391.0468 168.4340 -172.6005 19.9615 -24.7014 100.0000 stroke3
movl 0 -26.4025 388.3296 169.4825 -171.6831 22.4141 -23.5634 100.0000 stroke3
movl 0 -26.8362 389.5414 169.2623 -172.2286 21.7388 -23.9597 100.0000 stroke3
movl 0 -26.9214 391.5097 169.6408 -174.4283 20.5714 -26.0897 100.0000 stroke3
movl 0 -25.0643 393.1045 168.8216 -175.7343 21.5075 -25.4783 100.0000 stroke3
movl 0 -11.7098 389.7911 166.6141 -174.5023 31.7390 -21.2647 100.0000 stroke3
movl 0 -0.9847 390.4771 170.1801 -169.4822 38.0927 -17.5086 100.0000 stroke3
movl 0 -2.2560 392.9329 213.1235 -155.1160 41.4039 -2.2480 100.0000 stroke3
movl 0 -19.9890 408.1818 186.7047 171.6131 36.0384 -37.0487 100.0000 stroke4
movl 0 -24.5892 400.9039 167.3621 173.8530 33.3697 -36.7942 100.0000 stroke4
movl 0 -28.5369 400.7557 164.5835 175.4578 31.5000 -35.3142 100.0000 stroke4
movl 0 -29.5538 401.6681 163.4917 176.0011 31.0632 -34.9781 100.0000 stroke4
movl 0 -32.4446 404.9414 163.1490 174.0783 28.3863 -37.3388 100.0000 stroke4
movl 0 -32.4438 409.3334 164.3118 169.3942 24.6972 -42.5039 100.0000 stroke4
movl 0 -32.1008 410.5946 164.7832 167.6395 23.3325 -44.6647 100.0000 stroke4
movl 0 -32.1646 411.1379 165.2038 166.1720 22.2497 -46.7407 100.0000 stroke4
movl 0 -32.2851 411.2644 165.7447 164.6060 20.9931 -49.0984 100.0000 stroke4
movl 0 -32.3343 411.4062 166.2413 163.3100 19.8293 -51.0118 100.0000 stroke4
movl 0 -32.7706 410.9365 166.6351 162.6273 18.9797 -52.1332 100.0000 stroke4
movl 0 -33.1414 411.4114 166.7845 161.5493 17.6064 -53.4758 100.0000 stroke4
movl 0 -33.9407 410.8036 167.1016 160.7834 16.6161 -54.2776 100.0000 stroke4
movl 0 -34.3158 410.5650 167.2949 160.0369 15.7033 -54.9953 100.0000 stroke4
movl 0 -35.0351 410.1647 167.4949 159.3002 14.6949 -55.8103 100.0000 stroke4
movl 0 -35.6666 409.3650 167.6589 158.9041 14.1135 -56.2227 100.0000 stroke4
movl 0 -36.7228 408.6178 167.7234 158.0805 13.6565 -58.5823 100.0000 stroke4
movl 0 -38.0033 407.9760 167.7228 157.7063 12.8439 -58.7857 100.0000 stroke4
movl 0 -39.8072 406.7648 167.8808 157.6420 12.5549 -58.5521 100.0000 stroke4
movl 0 -41.3885 405.8456 167.9290 157.6424 12.1350 -58.5244 100.0000 stroke4
movl 0 -42.6491 405.1590 167.9197 157.4426 12.0008 -58.1266 100.0000 stroke4
movl 0 -44.4361 404.3307 167.8193 157.6302 11.4110 -55.3378 100.0000 stroke4
movl 0 -46.5748 403.2418 167.8634 157.5136 11.2508 -54.3253 100.0000 stroke4
movl 0 -48.4609 402.2336 167.9146 157.4062 11.2739 -53.4439 100.0000 stroke4
movl 0 -50.3429 401.4938 167.9237 157.4618 11.0602 -52.0368 100.0000 stroke4
movl 0 -52.2279 401.0498 167.9461 157.3762 10.9934 -51.5460 100.0000 stroke4
movl 0 -53.6840 400.5775 168.0533 157.2778 11.1025 -51.1789 100.0000 stroke4
movl 0 -55.0960 399.9637 168.0672 157.1602 11.2965 -50.7104 100.0000 stroke4
movl 0 -55.9191 399.5540 168.2077 157.1855 11.5411 -50.4690 100.0000 stroke4
movl 0 -56.3085 399.3942 168.3315 157.1797 11.7396 -50.3308 100.0000 stroke4
movl 0 -56.6264 399.2499 168.3886 157.0543 11.9998 -50.1324 100.0000 stroke4
movl 0 -53.5037 397.9437 170.3317 156.4035 14.3547 -49.4167 100.0000 stroke4
movl 0 -32.4490 386.7350 193.4609 160.3411 32.0503 -44.9595 100.0000 stroke4
movl 0 -13.8694 372.2095 247.4055 -169.2795 50.0142 -17.2182 100.0000 stroke4
movl 0 -6.1229 404.0294 227.8952 -148.3066 27.8790 31.3344 100.0000 stroke5
movl 0 -4.9762 404.8887 175.1458 -165.2598 31.8273 14.3114 100.0000 stroke5
movl 0 -13.1846 396.3600 170.8567 -163.5826 26.1887 14.9792 100.0000 stroke5
movl 0 -18.0138 395.1646 168.8974 -163.2076 23.1765 16.4988 100.0000 stroke5
movl 0 -18.9878 394.7757 168.2000 -161.7892 22.1706 18.4283 100.0000 stroke5
movl 0 -23.5532 396.9980 166.7917 -162.6676 20.4563 19.7228 100.0000 stroke5
movl 0 -23.6022 400.5139 165.9426 -165.2436 20.6917 18.4448 100.0000 stroke5
movl 0 -22.8903 401.6407 165.6562 -166.0098 21.0065 17.5790 100.0000 stroke5
movl 0 -23.4064 401.6280 165.5817 -166.0868 21.3767 18.4770 100.0000 stroke5
movl 0 -23.1429 401.0549 165.7919 -166.0535 21.8676 18.9172 100.0000 stroke5
movl 0 -22.8389 400.4603 166.0321 -165.9088 22.4098 19.4604 100.0000 stroke5
movl 0 -22.7685 399.6804 166.1941 -165.5597 23.0166 20.0913 100.0000 stroke5
movl 0 -20.2058 396.5642 167.4889 -162.7973 25.1900 22.7769 100.0000 stroke5
movl 0 -17.7457 383.1997 182.6402 -147.1002 24.8219 33.5610 100.0000 stroke5
movl 0 -15.7444 402.8870 236.8830 -146.4039 21.6177 50.5480 100.0000 stroke6
movl 0 -19.8146 392.9794 185.6554 -154.2765 20.7974 42.6463 100.0000 stroke6
movl 0 -25.3933 382.8099 173.9653 -155.8432 15.2347 39.4836 100.0000 stroke6
movl 0 -25.5364 382.3393 173.2841 -156.2930 13.9661 38.8477 100.0000 stroke6
movl 0 -24.7796 383.9975 172.5328 -156.4028 13.5198 38.2939 100.0000 stroke6
movl 0 -26.8739 385.3529 171.4933 -156.8597 12.9040 38.4725 100.0000 stroke6
movl 0 -28.8592 390.6188 169.8779 -159.9387 13.5325 37.9434 100.0000 stroke6
movl 0 -26.3948 394.2839 168.9730 -161.1754 14.9684 36.9061 100.0000 stroke6
movl 0 -26.6365 395.0397 168.5707 -161.1651 15.4982 37.5509 100.0000 stroke6
movl 0 -26.9002 394.5930 168.5570 -161.0729 15.9519 38.3170 100.0000 stroke6
movl 0 -28.1739 393.6574 168.6087 -161.0439 16.4559 39.3482 100.0000 stroke6
movl 0 -29.4241 392.6405 168.6378 -160.8489 16.9676 40.2427 100.0000 stroke6
movl 0 -30.5011 391.8183 168.6395 -160.4108 17.4495 41.0707 100.0000 stroke6
movl 0 -31.1828 390.8909 168.9213 -159.5992 18.0174 41.7604 100.0000 stroke6
movl 0 -29.1901 384.5668 179.3107 -152.5738 17.7530 43.9727 100.0000 stroke6
movl 0 -27.7717 375.2625 243.4638 -134.2086 2.9792 56.1681 100.0000 stroke6
movl 0 -13.1610 400.6960 213.1164 -145.9416 16.8281 56.9906 100.0000 stroke7
movl 0 -6.8615 385.2281 174.1487 -150.7957 16.9305 51.3615 100.0000 stroke7
movl 0 -9.0318 376.7952 172.0785 -151.9308 14.2727 49.3703 100.0000 stroke7
movl 0 -18.9834 373.9250 170.5011 -152.7994 11.2709 49.5385 100.0000 stroke7
movl 0 -21.6443 373.4427 169.6478 -152.5515 9.8349 50.2032 100.0000 stroke7
movl 0 -25.6419 374.9222 168.6860 -154.0424 9.3461 50.2782 100.0000 stroke7
movl 0 -27.0244 378.0380 168.1519 -156.2432 10.5853 49.0444 100.0000 stroke7
movl 0 -27.1665 379.5485 168.1890 -157.6678 11.6490 47.5050 100.0000 stroke7
movl 0 -27.8209 380.2426 168.3325 -158.7474 12.7579 45.8790 100.0000 stroke7
movl 0 -28.0487 381.2558 168.3749 -160.2582 14.4336 43.7716 100.0000 stroke7
movl 0 -28.7346 382.1886 168.4476 -162.0038 15.8784 41.7159 100.0000 stroke7
movl 0 -29.5373 382.8977 168.4478 -163.6998 17.1303 39.9498 100.0000 stroke7
movl 0 -30.5767 383.2611 168.5910 -165.1214 17.7929 38.7296 100.0000 stroke7
movl 0 -31.9992 383.3951 168.6334 -166.3805 18.2445 37.7965 100.0000 stroke7
movl 0 -33.2398 383.0040 168.7003 -167.0248 18.5513 37.8570 100.0000 stroke7
movl 0 -32.3745 382.2057 169.1031 -166.3870 18.3614 37.7641 100.0000 stroke7
movl 0 -30.9034 381.8448 169.2718 -166.0079 18.2739 37.3703 100.0000 stroke7
movl 0 -30.9160 381.9345 169.3330 -166.1948 18.3465 37.1707 100.0000 stroke7
movl 0 -31.1978 381.9166 169.3970 -166.6993 18.5844 37.1446 100.0000 stroke7
movl 0 -30.9619 380.7591 169.9400 -166.4153 18.4847 37.0468 100.0000 stroke7
movl 0 -29.2527 380.5402 170.2031 -165.7859 18.4941 36.7930 100.0000 stroke7
movl 0 -30.5597 380.5272 170.1037 -166.3772 18.5285 37.0770 100.0000 stroke7
movl 0 -30.1065 379.7603 170.1800 -165.3272 17.9008 36.7499 100.0000 stroke7
movl 0 -26.9794 377.6586 170.3078 -162.4482 16.8910 36.0693 100.0000 stroke7
movl 0 -9.7526 375.5254 172.3523 -155.3824 18.5677 37.2863 100.0000 stroke7
movl 0 5.7001 378.3080 194.5624 -143.6351 12.6275 43.2004 100.0000 stroke7
movl 0 -2.2678 403.7826 243.0933 -142.8721 9.3903 49.4241 100.0000 stroke8
movl 0 -5.8675 395.5959 184.3027 -148.9046 12.9492 46.4567 100.0000 stroke8
movl 0 -13.3066 383.9250 172.1630 -150.8821 9.5901 45.8161 100.0000 stroke8
movl 0 -20.5852 379.0597 171.5607 -151.8993 5.4239 46.5352 100.0000 stroke8
movl 0 -23.2456 378.1188 170.7221 -152.0348 3.7434 47.8215 100.0000 stroke8
movl 0 -24.8724 379.0921 169.9592 -152.6079 3.2635 48.5752 100.0000 stroke8
movl 0 -28.0718 379.3995 169.9109 -154.3290 2.3531 47.9983 100.0000 stroke8
movl 0 -31.2991 378.1076 170.1089 -155.2176 1.1130 47.7649 100.0000 stroke8
movl 0 -32.0111 378.0551 170.2372 -155.5874 0.7775 47.0530 100.0000 stroke8
movl 0 -31.8624 378.6134 170.3195 -156.1215 0.4785 45.8984 100.0000 stroke8
movl 0 -30.8934 379.8810 170.3671 -156.7128 0.4916 44.2788 100.0000 stroke8
movl 0 -29.4974 381.2629 170.3344 -157.2535 0.5631 42.3832 100.0000 stroke8
movl 0 -28.4536 380.6254 170.6124 -156.6386 0.9007 42.5426 100.0000 stroke8
movl 0 -26.1315 380.2280 171.0229 -155.7632 1.4711 42.3661 100.0000 stroke8
movl 0 -26.2999 381.3516 171.1229 -156.8569 1.9331 42.0840 100.0000 stroke8
movl 0 -25.5240 383.0360 170.7769 -157.0396 3.1177 42.4399 100.0000 stroke8
movl 0 -12.3396 379.1877 172.7814 -148.3095 5.2977 46.5750 100.0000 stroke8
movl 0 3.4469 372.6144 211.5456 -134.6897 -0.3018 49.3250 100.0000 stroke8
movl 0 6.6217 398.8757 215.5977 -145.5239 20.0736 44.5382 100.0000 stroke9
movl 0 7.9467 393.0381 173.4809 -150.5502 19.6371 39.5500 100.0000 stroke9
movl 0 2.7998 389.0086 170.9192 -151.6649 15.8038 38.3744 100.0000 stroke9
movl 0 -1.6309 390.1557 168.8226 -153.2285 14.8019 38.4553 100.0000 stroke9
movl 0 -5.4996 390.9448 167.9099 -153.8326 14.0141 38.9859 100.0000 stroke9
movl 0 -8.7013 392.2974 166.9744 -154.6248 13.1921 39.4158 100.0000 stroke9
movl 0 -9.6888 395.3529 166.3122 -156.6711 14.0931 38.6925 100.0000 stroke9
movl 0 -9.4706 397.8422 165.8187 -158.2052 15.0257 37.8373 100.0000 stroke9
movl 0 -8.0018 399.1666 165.6149 -158.5992 15.7433 37.2606 100.0000 stroke9
movl 0 -7.5091 399.9204 165.3521 -158.8345 16.5102 37.5230 100.0000 stroke9
movl 0 -7.1630 399.5879 165.7414 -159.0471 17.7807 38.5263 100.0000 stroke9
movl 0 -7.0931 394.6399 167.9194 -155.5633 18.2785 40.6899 100.0000 stroke9
movl 0 -9.7857 393.2397 169.7791 -154.2467 16.7673 40.4035 100.0000 stroke9
movl 0 -9.8632 392.0378 170.7524 -153.6982 15.9760 40.3804 100.0000 stroke9
movl 0 -8.5558 389.6481 173.2876 -152.8401 15.5125 40.2816 100.0000 stroke9
movl 0 -11.1822 385.9214 204.9658 -149.7473 11.9045 40.8129 100.0000 stroke9
movl 0 -8.5329 388.3735 225.9836 -149.9175 16.4784 39.8833 100.0000 stroke10
movl 0 -7.6989 383.5395 178.1418 -153.2860 16.9727 38.8936 100.0000 stroke10
movl 0 -9.3206 384.3446 172.5125 -154.3462 15.7708 38.6212 100.0000 stroke10
movl 0 -13.1851 384.5127 170.7305 -154.6755 14.2184 38.4854 100.0000 stroke10
movl 0 -16.4725 385.0434 170.0005 -155.1940 13.4535 38.8260 100.0000 stroke10
movl 0 -19.2212 388.2800 169.2838 -157.6761 13.6370 38.2470 100.0000 stroke10
movl 0 -18.2308 390.0318 169.1799 -158.9257 14.3470 37.0342 100.0000 stroke10
movl 0 -17.8371 390.7344 169.4364 -159.8768 15.1427 36.3022 100.0000 stroke10
movl 0 -17.8426 392.3580 169.8351 -162.0296 16.4535 34.9714 100.0000 stroke10
movl 0 -17.9867 394.5274 170.0158 -164.4300 17.8668 33.4795 100.0000 stroke10
movl 0 -18.7656 395.6380 170.0719 -166.0903 18.5080 32.6840 100.0000 stroke10
movl 0 -18.0509 395.0159 170.2887 -165.5745 18.3923 32.8869 100.0000 stroke10
movl 0 -18.9931 394.6816 170.2651 -165.8668 18.1837 33.2554 100.0000 stroke10
movl 0 -17.8707 392.0435 170.4992 -163.5686 17.1424 33.6588 100.0000 stroke10
movl 0 -14.8871 388.0696 170.8278 -159.4817 15.8127 34.4888 100.0000 stroke10
movl 0 -5.8511 384.8318 179.5457 -154.5794 16.1596 35.7576 100.0000 stroke10
movl 0 7.8938 373.9727 239.2573 -137.3804 7.5691 41.7531 100.0000 stroke10
movl 0 6.4599 382.3718 191.1111 -145.6151 -10.9694 78.0784 100.0000 stroke11
movl 0 1.7837 379.8715 169.8312 -148.5938 -7.4573 76.2848 100.0000 stroke11
movl 0 -6.1528 377.2621 168.5789 -151.0625 -8.9803 77.6196 100.0000 stroke11
movl 0 -7.9323 377.0615 168.1125 -151.7899 -9.4179 78.0929 100.0000 stroke11
movl 0 -10.3451 377.8464 167.5748 -152.6796 -9.1860 77.8885 100.0000 stroke11
movl 0 -12.5857 378.8268 167.4518 -154.1498 -8.5819 76.9753 100.0000 stroke11
movl 0 -12.1810 379.8009 167.4724 -154.7485 -7.9862 75.5728 100.0000 stroke11
movl 0 -10.7201 381.4340 167.4559 -155.1170 -7.2655 74.0017 100.0000 stroke11
movl 0 -7.2294 381.6757 167.6466 -153.7388 -6.6071 73.1694 100.0000 stroke11
movl 0 -6.2645 384.8459 167.0914 -153.8320 -4.9433 72.2085 100.0000 stroke11
movl 0 -3.0314 390.6947 166.6014 -154.2449 -0.5823 69.5224 100.0000 stroke11
movl 0 -1.7562 394.6875 165.3095 -153.9302 1.9618 68.6389 100.0000 stroke11
movl 0 -0.6423 397.0387 164.5682 -153.7998 3.9151 67.6674 100.0000 stroke11
movl 0 0.1665 397.6488 164.4656 -153.7837 5.0640 66.7719 100.0000 stroke11
movl 0 0.4147 398.2501 164.8004 -154.1123 6.7936 65.7861 100.0000 stroke11
movl 0 0.8728 399.3346 165.0873 -154.7744 8.9944 64.4931 100.0000 stroke11
movl 0 0.7782 400.3281 165.3061 -155.7213 11.0102 63.0695 100.0000 stroke11
movl 0 0.2747 401.4894 165.4753 -156.9890 12.9623 61.6762 100.0000 stroke11
movl 0 2.2246 399.0647 166.2450 -155.7884 11.8727 60.6693 100.0000 stroke11
movl 0 1.2873 399.9055 166.2059 -156.7433 12.9022 60.5253 100.0000 stroke11
movl 0 1.0321 399.7219 166.5401 -157.0145 12.9668 60.2334 100.0000 stroke11
movl 0 0.2586 399.6190 166.4674 -157.3384 13.1882 60.3670 100.0000 stroke11
movl 0 0.6435 398.2238 166.8385 -156.5478 12.1751 60.2071 100.0000 stroke11
movl 0 0.7445 396.7650 167.0689 -155.8375 11.3214 60.3077 100.0000 stroke11
movl 0 0.6736 395.7706 167.3346 -155.5288 10.6344 60.3134 100.0000 stroke11
movl 0 2.0299 390.1091 169.1267 -153.0317 7.4216 60.9670 100.0000 stroke11
movl 0 6.1983 371.4482 192.1303 -143.4060 -9.6738 64.7632 100.0000 stroke11
movl 0 -1.0713 363.2401 207.4136 -140.2813 -3.2094 58.1771 100.0000 stroke12
movl 0 -0.6901 360.4231 170.3675 -145.0049 1.7457 53.7691 100.0000 stroke12
movl 0 -4.3955 360.6807 170.1854 -147.8087 3.8572 50.5542 100.0000 stroke12
movl 0 -12.7895 358.9942 170.8215 -150.5084 3.5368 49.5675 100.0000 stroke12
movl 0 -13.8392 358.2059 170.6924 -150.6790 3.4197 49.6633 100.0000 stroke12
movl 0 -16.0727 357.9905 170.0180 -150.7335 2.2737 50.3198 100.0000 stroke12
movl 0 -16.0398 360.3223 168.6797 -150.6633 1.8977 51.3405 100.0000 stroke12
movl 0 -18.7380 360.9558 168.0850 -151.0064 1.7000 51.7783 100.0000 stroke12
movl 0 -19.9616 361.8154 167.4555 -151.6304 1.2584 52.0707 100.0000 stroke12
movl 0 -20.9415 361.8522 167.3184 -152.2516 0.9125 51.8010 100.0000 stroke12
movl 0 -21.6462 361.4676 167.3509 -152.5747 0.3902 51.6378 100.0000 stroke12
movl 0 -21.8743 361.3022 167.3441 -152.8220 0.0654 51.5250 100.0000 stroke12
movl 0 -22.0079 361.5846 167.2106 -153.1199 -0.0902 51.3353 100.0000 stroke12
movl 0 -21.3967 362.0934 167.0630 -153.3348 -0.1972 50.9707 100.0000 stroke12
movl 0 -21.2391 362.3777 166.9630 -153.5489 -0.3458 50.6932 100.0000 stroke12
movl 0 -20.1412 361.1394 167.3700 -152.6803 -0.4653 50.8686 100.0000 stroke12
movl 0 -20.2545 361.8726 167.2468 -152.9470 -0.2785 50.8279 100.0000 stroke12
movl 0 -19.8021 362.2335 167.3395 -153.4768 -0.1043 50.7714 100.0000 stroke12
movl 0 -17.7394 361.4483 167.7779 -151.6133 0.6676 53.5507 100.0000 stroke12
movl 0 -2.6411 356.9064 199.0226 -140.9893 -5.8700 55.7427 100.0000 stroke12
movl 0 2.6094 368.5568 186.2925 -144.9524 5.8015 56.1610 100.0000 stroke13
movl 0 0.9874 362.8199 168.9835 -147.8619 5.4730 53.7452 100.0000 stroke13
movl 0 -3.3633 361.6047 170.6602 -149.6555 4.6681 51.8286 100.0000 stroke13
movl 0 -6.4511 359.6201 171.2935 -150.3178 3.6863 50.9248 100.0000 stroke13
movl 0 -10.6917 357.4092 170.7690 -150.3709 2.1225 52.6542 100.0000 stroke13
movl 0 -12.9831 358.0237 170.2638 -150.9893 2.2280 53.1447 100.0000 stroke13
movl 0 -16.3006 358.0214 169.7690 -151.3482 2.2926 53.6578 100.0000 stroke13
movl 0 -17.5972 358.7575 169.1878 -151.7070 1.9974 53.7910 100.0000 stroke13
movl 0 -19.0660 359.3911 168.7271 -152.4097 1.9171 53.7322 100.0000 stroke13
movl 0 -20.5302 359.9153 168.4708 -153.5245 1.7747 53.0642 100.0000 stroke13
movl 0 -21.4717 359.6583 168.4800 -153.8384 1.4526 52.7518 100.0000 stroke13
movl 0 -20.4337 359.9437 168.4626 -154.0496 1.3627 51.9804 100.0000 stroke13
movl 0 -17.6264 361.0144 168.4843 -154.4822 1.4033 50.3081 100.0000 stroke13
movl 0 -16.6665 361.0718 168.6230 -154.3895 1.5763 49.8517 100.0000 stroke13
movl 0 -17.2966 362.0419 168.4141 -155.1261 1.9539 49.7647 100.0000 stroke13
movl 0 -18.6372 362.2758 168.4749 -155.3821 2.1037 50.0094 100.0000 stroke13
movl 0 -18.8483 362.3686 168.4028 -155.4331 2.2266 49.9919 100.0000 stroke13
movl 0 -18.5514 361.6389 168.6072 -154.8974 2.3002 50.3609 100.0000 stroke13
movl 0 -14.3426 358.8214 189.1881 -150.2734 0.2521 51.4090 100.0000 stroke13
movl 0 -4.6644 352.8022 198.2553 -145.3432 2.8747 52.5368 100.0000 stroke14
movl 0 -4.7408 352.4798 171.6910 -148.8331 5.2009 52.3537 100.0000 stroke14
movl 0 -13.9466 351.0141 171.3225 -150.4317 3.8022 52.9401 100.0000 stroke14
movl 0 -20.5575 350.5886 170.1573 -151.3772 2.7515 53.7343 100.0000 stroke14
movl 0 -22.7642 352.0878 168.6703 -151.9233 2.7106 53.8148 100.0000 stroke14
movl 0 -26.7093 354.0561 167.9536 -154.4195 2.6859 52.7324 100.0000 stroke14
movl 0 -27.2886 354.1148 168.2245 -154.8985 2.6963 52.0488 100.0000 stroke14
movl 0 -26.1604 354.4853 168.2560 -154.9229 2.7020 51.3053 100.0000 stroke14
movl 0 -24.7364 354.8957 168.3024 -154.9421 2.7537 50.5888 100.0000 stroke14
movl 0 -22.3291 355.2770 168.4442 -154.8925 2.8936 49.8719 100.0000 stroke14
movl 0 -19.5447 355.5386 168.8306 -154.6696 3.0966 49.0485 100.0000 stroke14
movl 0 -17.0307 355.6732 169.1572 -154.3845 3.2831 48.2204 100.0000 stroke14
movl 0 -9.9785 352.7742 172.6000 -151.9459 3.8897 47.7727 100.0000 stroke14
movl 0 0.8408 343.7974 206.1786 -143.7612 1.1207 47.0116 100.0000 stroke14
movl 0 -13.7068 371.8491 196.1569 -159.4234 25.1443 17.7625 100.0000 stroke15
movl 0 -6.7312 376.1449 172.5653 -165.2958 24.9193 9.7805 100.0000 stroke15
movl 0 -12.0926 371.9559 172.4214 -165.2701 22.2600 9.0992 100.0000 stroke15
movl 0 -12.8504 371.9641 173.7635 -166.7248 21.9355 7.8803 100.0000 stroke15
movl 0 -11.5758 371.2768 173.9337 -167.4235 21.9978 6.8933 100.0000 stroke15
movl 0 -12.0398 371.7837 173.5945 -167.6089 21.8365 6.4998 100.0000 stroke15
movl 0 -14.5028 374.7644 172.4401 -169.7088 20.8051 5.1602 100.0000 stroke15
movl 0 -15.0645 377.0088 171.3850 -171.4953 20.6793 4.4498 100.0000 stroke15
movl 0 -15.7843 376.8434 171.3581 -171.8356 20.7972 4.6011 100.0000 stroke15
movl 0 -16.7097 375.8845 171.6122 -172.1187 20.8749 4.6997 100.0000 stroke15
movl 0 -17.9365 374.8587 171.6882 -172.5201 21.0756 5.1314 100.0000 stroke15
movl 0 -20.0504 373.7751 171.6593 -172.8302 21.1143 6.0040 100.0000 stroke15
movl 0 -21.6540 372.7375 171.6656 -172.8756 21.3174 6.7748 100.0000 stroke15
movl 0 -22.9847 371.6954 171.7631 -172.8286 21.5137 7.2265 100.0000 stroke15
movl 0 -23.5286 371.0880 171.9465 -172.6888 21.8733 7.5732 100.0000 stroke15
movl 0 -20.8559 368.9132 174.7362 -170.6984 24.1130 8.4501 100.0000 stroke15
movl 0 -15.5042 366.1576 203.7400 -160.5621 25.6201 14.6562 100.0000 stroke15
movl 0 -5.4480 375.4930 247.2600 -157.5091 24.1015 22.8710 100.0000 stroke16
movl 0 -0.0825 376.1414 188.7180 -165.7191 24.2892 15.5949 100.0000 stroke16
movl 0 0.0973 375.4091 175.1408 -166.5335 22.9893 14.4995 100.0000 stroke16
movl 0 -2.1385 374.4953 174.5295 -166.3314 22.6272 15.4286 100.0000 stroke16
movl 0 -1.8038 375.3401 174.4269 -166.7446 22.4457 15.1074 100.0000 stroke16
movl 0 -3.2999 376.0091 173.9473 -167.2093 21.9356 14.5945 100.0000 stroke16
movl 0 -5.9437 377.5775 173.1163 -168.2971 21.0959 13.9802 100.0000 stroke16
movl 0 -8.7574 381.2668 172.2230 -171.3065 20.4473 12.6841 100.0000 stroke16
movl 0 -9.4934 382.5419 171.8019 -172.5813 20.2933 12.0120 100.0000 stroke16
movl 0 -10.5344 383.1969 171.6087 -173.3389 20.2545 12.0750 100.0000 stroke16
movl 0 -11.9609 383.1261 171.5506 -174.0490 20.3245 12.6337 100.0000 stroke16
movl 0 -14.5158 382.7287 171.2449 -174.5551 20.2449 14.1121 100.0000 stroke16
movl 0 -17.4910 381.4733 171.1380 -174.3831 20.1685 16.3994 100.0000 stroke16
movl 0 -18.9356 380.4603 171.2012 -174.0683 20.1888 17.6304 100.0000 stroke16
movl 0 -19.8835 379.4010 171.2893 -173.6790 20.3545 18.7859 100.0000 stroke16
movl 0 -19.2435 379.1017 171.3282 -173.2861 20.7941 19.3256 100.0000 stroke16
movl 0 -19.1376 378.6280 171.3731 -172.8266 21.1926 19.9953 100.0000 stroke16
movl 0 -18.3376 378.1845 171.5745 -172.3286 21.4665 20.2335 100.0000 stroke16
movl 0 -18.0623 377.7239 171.7267 -171.8552 21.6463 20.4809 100.0000 stroke16
movl 0 -17.6357 377.5743 171.8001 -171.5999 21.7621 20.5401 100.0000 stroke16
movl 0 -13.8176 376.5044 172.3102 -170.1405 23.1315 20.9572 100.0000 stroke16
movl 0 -5.9303 369.2871 178.6282 -163.0285 25.2229 23.1279 100.0000 stroke16
movl 0 -8.2342 360.7941 234.3175 -145.3609 17.4420 39.9045 100.0000 stroke16
movl 0 -9.4181 390.8464 226.1182 -155.2544 14.2570 54.8577 100.0000 stroke17
movl 0 -9.7477 381.4005 190.5462 -156.5981 14.9468 51.0597 100.0000 stroke17
movl 0 -14.0434 378.3802 187.8906 -156.2962 13.2354 51.5384 100.0000 stroke17
movl 0 -17.2834 377.9303 195.1977 -156.0616 11.6296 51.0666 100.0000 stroke17
movl 0 -19.3348 378.0614 200.1838 -156.3811 11.0348 50.2929 100.0000 stroke17
movl 0 -20.7295 376.2104 192.8501 -157.2216 10.4509 51.2212 100.0000 stroke17
movl 0 -19.3444 372.8667 185.1226 -157.2814 9.5725 52.5613 100.0000 stroke17
movl 0 -21.3041 369.5189 181.6297 -157.7460 8.2751 51.9553 100.0000 stroke17
movl 0 -25.1051 368.7982 182.6557 -159.1516 8.0190 50.2871 100.0000 stroke17
movl 0 -27.6329 367.6236 181.7658 -159.0409 7.2937 50.3079 100.0000 stroke17
movl 0 -28.1480 368.9736 180.9677 -159.6440 7.6167 50.4100 100.0000 stroke17
movl 0 -31.0528 369.5853 180.2095 -160.5453 6.8612 49.6306 100.0000 stroke17
movl 0 -34.6293 370.1480 179.1642 -161.5931 6.2373 49.4757 100.0000 stroke17
movl 0 -37.3927 372.1458 178.8630 -163.7032 5.9942 48.0107 100.0000 stroke17
movl 0 -37.9941 373.8448 178.9473 -165.0359 6.4007 46.8746 100.0000 stroke17
movl 0 -38.4746 374.7344 179.0244 -165.9791 6.6336 45.9496 100.0000 stroke17
movl 0 -39.2036 375.9309 179.3160 -167.2119 6.9081 44.9227 100.0000 stroke17
movl 0 -39.8327 377.0877 179.6113 -168.4844 7.1143 43.9730 100.0000 stroke17
movl 0 -40.9605 378.3892 179.7850 -169.8423 7.1416 43.0523 100.0000 stroke17
movl 0 -42.7403 380.4582 179.9086 -171.8455 7.2050 41.8552 100.0000 stroke17
movl 0 -45.3728 382.3705 179.9977 -174.0528 6.8422 40.2319 100.0000 stroke17
movl 0 -48.2770 383.6123 180.0223 -175.9178 6.1302 38.6982 100.0000 stroke17
movl 0 -51.0209 385.2010 179.9258 -177.9458 5.4848 36.8247 100.0000 stroke17
movl 0 -53.7249 386.7274 179.7477 -179.8432 4.7411 34.8698 100.0000 stroke17
movl 0 -56.0370 388.0815 179.3720 178.6809 4.1078 33.1652 100.0000 stroke17
movl 0 -58.5485 389.4894 178.8825 177.1661 3.3086 31.4138 100.0000 stroke17
movl 0 -60.8426 390.3563 178.4766 176.0349 2.4538 29.8671 100.0000 stroke17
movl 0 -62.8419 391.1809 178.0304 174.9363 1.5771 28.4997 100.0000 stroke17
movl 0 -64.4325 391.6103 177.6605 174.2112 0.9242 27.6497 100.0000 stroke17
movl 0 -65.2709 390.9325 177.9748 174.2964 0.4722 26.9938 100.0000 stroke17
movl 0 -66.3230 390.8467 177.9955 174.2901 -0.4853 23.7071 100.0000 stroke17
movl 0 -67.0517 391.1222 178.1597 174.1626 -1.1212 20.5470 100.0000 stroke17
movl 0 -66.6814 391.1307 178.1850 174.2868 -1.2745 18.7473 100.0000 stroke17
movl 0 -65.7053 391.4558 178.4246 174.2116 -1.2519 17.4286 100.0000 stroke17
movl 0 -64.5287 391.6177 178.5243 174.2055 -1.0289 17.2454 100.0000 stroke17
movl 0 -63.9397 391.4386 178.6672 174.2944 -0.9103 17.4258 100.0000 stroke17
movl 0 -63.0132 391.6026 178.7965 174.3204 -0.9032 17.3340 100.0000 stroke17
movl 0 -61.7418 391.6553 179.0986 174.4062 -0.5770 17.4262 100.0000 stroke17
movl 0 -60.0969 391.5941 179.4694 174.4852 -0.1457 17.5951 100.0000 stroke17
movl 0 -59.6353 391.5232 179.5652 174.4843 -0.1579 17.5579 100.0000 stroke17
movl 0 -59.1180 391.7304 179.6070 174.4592 -0.1085 17.5380 100.0000 stroke17
movl 0 -58.2132 391.9780 179.7312 174.4547 -0.0221 17.4039 100.0000 stroke17
movl 0 -57.1156 392.0699 179.9689 174.4849 0.1826 17.3609 100.0000 stroke17
movl 0 -55.7446 392.1757 180.2039 174.5177 0.3563 17.1830 100.0000 stroke17
movl 0 -54.2030 392.2452 180.5076 174.5648 0.4771 16.8860 100.0000 stroke17
movl 0 -52.8464 392.2931 180.6844 174.5572 0.6004 16.6515 100.0000 stroke17
movl 0 -52.0440 392.3333 180.9280 174.6192 0.7572 16.5275 100.0000 stroke17
movl 0 -51.2762 392.4284 181.0061 174.5744 0.7906 16.3537 100.0000 stroke17
movl 0 -50.2896 392.3830 181.2201 174.6198 0.9091 16.1961 100.0000 stroke17
movl 0 -49.0971 392.4200 181.4246 174.6796 0.9970 16.0104 100.0000 stroke17
movl 0 -47.6449 392.5933 181.7238 174.6903 1.1749 15.7515 100.0000 stroke17
movl 0 -46.8582 392.3642 181.9935 174.8193 1.3152 15.6871 100.0000 stroke17
movl 0 -45.5370 392.3973 182.4038 174.9416 1.5668 15.5025 100.0000 stroke17
movl 0 -44.4613 391.7996 182.8218 175.1897 1.7909 15.4120 100.0000 stroke17
movl 0 -43.2910 391.8066 183.2366 175.2928 2.0288 15.2503 100.0000 stroke17
movl 0 -42.1657 391.4795 183.6039 175.4791 2.2208 15.1220 100.0000 stroke17
movl 0 -41.2528 391.6303 183.8680 175.5366 2.4152 14.9703 100.0000 stroke17
movl 0 -40.0764 391.4568 184.1413 175.6897 2.6760 14.8652 100.0000 stroke17
movl 0 -39.2427 391.3612 184.4609 175.7971 2.8466 14.7797 100.0000 stroke17
movl 0 -38.4560 391.2145 184.7067 175.9141 2.9838 14.6805 100.0000 stroke17
movl 0 -37.9729 391.1094 184.9130 175.9784 3.0516 14.5821 100.0000 stroke17
movl 0 -37.2341 390.8887 185.1966 176.0766 3.1627 14.4849 100.0000 stroke17
movl 0 -36.2731 390.4902 185.6099 176.2905 3.3489 14.4635 100.0000 stroke17
movl 0 -35.4266 390.0348 186.0354 176.4891 3.4391 14.3634 100.0000 stroke17
movl 0 -34.4308 389.7420 186.3926 176.6117 3.5955 14.2380 100.0000 stroke17
movl 0 -33.3034 389.3618 186.8749 176.8027 3.7884 14.1575 100.0000 stroke17
movl 0 -32.7465 388.8441 187.2391 176.9872 3.8766 14.0652 100.0000 stroke17
movl 0 -32.8853 388.9427 187.2045 176.9412 3.9288 14.1318 100.0000 stroke17
movl 0 -32.8916 388.8188 187.3783 177.0394 4.0733 14.1981 100.0000 stroke17
movl 0 -32.3548 388.3137 187.8643 177.3657 4.4074 14.4264 100.0000 stroke17
movl 0 -31.6785 387.6120 188.5411 177.7989 4.7738 14.6994 100.0000 stroke17
movl 0 -31.1497 387.6573 188.6238 177.9074 5.0141 14.8482 100.0000 stroke17
movl 0 -31.2270 388.1682 188.1985 177.8414 5.0810 14.9787 100.0000 stroke17
movl 0 -31.8928 388.3014 187.9371 177.7687 4.9416 14.9428 100.0000 stroke17
movl 0 -32.4837 388.4427 187.5911 177.7373 4.8418 15.0024 100.0000 stroke17
movl 0 -33.4992 388.2020 187.3694 177.7868 4.7570 15.1056 100.0000 stroke17
movl 0 -34.1728 388.4864 187.2881 177.9898 4.8690 15.4365 100.0000 stroke17
movl 0 -31.0391 390.9203 195.8214 178.7432 5.6568 15.5371 100.0000 stroke17
movl 0 -36.4288 377.6479 243.0292 -174.1981 3.3803 18.8131 100.0000 stroke17
