movl 0 -35.9047 390.0418 175.1195 -164.9888 -23.0201 115.8888 100.0000 stroke1
movl 0 -36.2854 390.0924 174.3477 -166.0870 -23.8407 117.8789 100.0000 stroke1
movl 0 -37.6579 391.1938 173.2861 -166.4369 -23.4166 118.6936 100.0000 stroke1
movl 0 -40.5249 393.0491 172.3327 -166.9443 -21.6446 118.6956 100.0000 stroke1
movl 0 -42.8082 394.6560 171.8210 -167.0731 -19.7102 117.2715 100.0000 stroke1
movl 0 -43.8299 396.5639 171.4522 -166.8457 -17.7771 115.1975 100.0000 stroke1
movl 0 -43.9756 398.2553 171.2614 -165.9871 -15.9314 111.8942 100.0000 stroke1
movl 0 -45.3056 397.9268 171.9132 -165.0758 -14.8533 109.4857 100.0000 stroke1
movl 0 -45.8711 398.1626 172.2716 -164.4114 -13.8166 107.1988 100.0000 stroke1
movl 0 -46.2735 398.3870 172.6466 -163.7071 -12.6118 104.4702 100.0000 stroke1
movl 0 -46.5019 398.5566 173.2109 -162.7779 -11.0963 101.5291 100.0000 stroke1
movl 0 -46.8657 398.5786 173.6473 -162.3327 -9.9223 99.1018 100.0000 stroke1
movl 0 -47.3453 398.7825 174.0913 -162.0344 -8.5885 96.9604 100.0000 stroke1
movl 0 -47.9869 399.2373 174.5019 -161.7729 -7.0389 94.8716 100.0000 stroke1
movl 0 -48.8857 400.0271 175.1835 -161.7519 -5.4666 92.5750 100.0000 stroke1
movl 0 -49.3391 400.7424 175.4723 -161.7209 -3.9108 90.6995 100.0000 stroke1
movl 0 -49.7183 401.1141 175.8608 -161.6937 -2.4670 88.8011 100.0000 stroke1
movl 0 -50.2574 401.6516 176.1905 -161.7889 -0.9890 87.2112 100.0000 stroke1
movl 0 -50.7335 402.3791 176.7526 -161.7733 0.6430 85.4694 100.0000 stroke1
movl 0 -51.3442 403.1839 177.0710 -162.1710 2.4493 83.4343 100.0000 stroke1
movl 0 -52.0708 404.3922 177.1869 -162.7156 4.3455 81.6693 100.0000 stroke1
movl 0 -53.2036 405.7966 177.3087 -163.5522 6.3689 79.7586 100.0000 stroke1
movl 0 -54.2125 406.8866 177.2770 -164.3608 8.0571 77.9978 100.0000 stroke1
movl 0 -55.4129 408.2630 177.0636 -165.3317 9.9193 76.0861 100.0000 stroke1
movl 0 -56.1975 409.2341 176.8823 -166.0450 11.4731 74.6272 100.0000 stroke1
movl 0 -57.2546 409.6062 176.7584 -166.7150 12.4175 73.6984 100.0000 stroke1
movl 0 -57.8727 409.6456 176.8371 -167.0219 13.0696 73.3776 100.0000 stroke1
movl 0 -56.9973 408.6982 177.5786 -166.6238 12.4175 73.8415 100.0000 stroke1
movl 0 -54.5334 406.9946 178.7586 -165.5904 10.8230 74.9876 100.0000 stroke1
movl 0 -53.9185 406.3978 179.1252 -165.3963 10.5212 74.8790 100.0000 stroke1
movl 0 -53.8581 406.4407 179.1374 -165.4976 10.8137 74.6733 100.0000 stroke1
movl 0 -54.6044 406.5114 179.2271 -165.9865 11.3804 74.2767 100.0000 stroke1
movl 0 -53.7450 405.9163 179.6708 -165.7432 10.9553 73.9109 100.0000 stroke1
movl 0 -55.0118 405.8131 179.6275 -166.2472 11.1981 73.7861 100.0000 stroke1
movl 0 -54.1725 404.6656 180.2722 -165.6632 10.2376 73.7653 100.0000 stroke1
movl 0 -51.7037 402.3319 182.6337 -164.0400 8.5303 74.4425 100.0000 stroke1
movl 0 -51.4819 383.0491 221.0970 -158.7635 -4.3742 77.3882 100.0000 stroke1
movl 0 -45.0417 393.1188 246.0652 -154.2619 -14.5105 91.1055 100.0000 stroke2
movl 0 -49.6914 395.0898 200.2629 -156.4313 -10.7408 93.4695 100.0000 stroke2
movl 0 -55.1246 394.1596 188.2501 -158.8298 -9.6170 95.4215 100.0000 stroke2
movl 0 -58.1423 395.1666 184.3903 -160.8596 -9.9527 97.4225 100.0000 stroke2
movl 0 -58.7423 398.5681 181.6995 -161.8227 -9.4966 98.4176 100.0000 stroke2
movl 0 -58.9010 400.1391 180.6238 -161.6546 -8.7867 98.3736 100.0000 stroke2
movl 0 -60.1823 401.3104 180.1781 -161.0241 -7.8411 98.0182 100.0000 stroke2
movl 0 -62.2386 402.0791 179.5001 -161.5608 -7.0983 97.4191 100.0000 stroke2
movl 0 -65.4646 402.5939 179.3618 -163.2630 -6.2135 96.0072 100.0000 stroke2
movl 0 -67.3899 401.9525 179.6776 -164.1481 -6.0073 94.8166 100.0000 stroke2
movl 0 -68.5830 401.4788 179.5826 -164.8166 -6.1617 93.9977 100.0000 stroke2
movl 0 -68.4207 401.7316 179.6991 -165.3576 -6.0737 92.3954 100.0000 stroke2
movl 0 -66.8299 403.2008 179.7192 -165.8456 -5.7451 90.1537 100.0000 stroke2
movl 0 -65.7538 403.8069 179.7937 -166.4357 -5.8022 88.1316 100.0000 stroke2
movl 0 -65.5212 403.5251 179.9311 -166.1909 -5.8415 87.9249 100.0000 stroke2
movl 0 -64.7126 402.1063 180.9434 -165.6262 -6.4459 87.9178 100.0000 stroke2
movl 0 -64.5194 401.7085 181.1867 -165.5839 -6.5941 87.7290 100.0000 stroke2
movl 0 -64.5730 401.5238 181.3504 -165.5413 -6.5606 87.6220 100.0000 stroke2
movl 0 -65.4369 401.7810 181.3903 -166.1368 -5.6755 87.0004 100.0000 stroke2
movl 0 -65.1220 402.4739 181.0103 -166.0564 -5.0774 86.6030 100.0000 stroke2
movl 0 -65.5458 401.4192 181.2620 -164.9475 -5.0550 87.1080 100.0000 stroke2
movl 0 -61.7860 390.2368 202.4182 -159.1793 -8.2116 84.9951 100.0000 stroke2
movl 0 -45.2517 385.9094 196.5131 -154.1782 -7.4386 90.5786 100.0000 stroke3
movl 0 -48.6940 384.8098 188.2677 -154.8942 -5.4530 89.5238 100.0000 stroke3
movl 0 -54.1071 386.4781 183.7286 -157.0096 -4.4633 89.0577 100.0000 stroke3
movl 0 -54.5142 389.4483 181.0059 -157.7236 -3.9393 88.6794 100.0000 stroke3
movl 0 -54.4715 390.9292 179.2342 -157.4202 -4.0471 89.5157 100.0000 stroke3
movl 0 -55.8296 392.3965 177.9800 -157.5886 -3.5999 89.8724 100.0000 stroke3
movl 0 -58.5823 392.8369 177.5066 -159.1414 -3.5341 89.3848 100.0000 stroke3
movl 0 -62.1828 393.4936 177.5517 -161.0568 -3.3957 88.5136 100.0000 stroke3
movl 0 -62.8538 393.9166 178.0754 -161.9887 -2.7841 87.3784 100.0000 stroke3
movl 0 -64.4912 393.4107 178.2665 -162.5153 -3.1581 86.8051 100.0000 stroke3
movl 0 -64.6890 393.4840 178.4971 -162.7646 -3.3911 86.4645 100.0000 stroke3
movl 0 -62.8252 394.0580 178.4820 -163.0283 -3.3929 85.6421 100.0000 stroke3
movl 0 -62.2886 394.5940 178.3629 -163.3555 -3.3784 85.1699 100.0000 stroke3
movl 0 -60.5377 395.4762 178.5542 -163.5372 -3.3315 84.1963 100.0000 stroke3
movl 0 -57.8441 396.9160 178.5722 -163.6389 -3.2094 83.0594 100.0000 stroke3
movl 0 -57.6642 396.7541 178.7494 -163.6488 -3.2902 82.9709 100.0000 stroke3
movl 0 -56.9816 395.3024 179.7859 -163.0141 -3.8353 83.0175 100.0000 stroke3
movl 0 -57.2347 395.3050 179.7217 -163.1704 -3.8229 82.9604 100.0000 stroke3
movl 0 -57.7716 395.3837 179.6477 -163.5326 -3.5318 82.7690 100.0000 stroke3
movl 0 -58.1633 395.7666 179.3089 -163.9369 -3.1237 82.4014 100.0000 stroke3
movl 0 -59.2627 395.0494 179.4155 -163.8217 -3.1165 82.8305 100.0000 stroke3
movl 0 -59.7200 394.6730 179.6678 -163.7045 -3.1073 82.7330 100.0000 stroke3
movl 0 -57.8368 388.6620 184.8984 -161.6454 -4.7260 83.5011 100.0000 stroke3
movl 0 -58.5498 376.0011 228.2909 -159.9471 -10.3204 82.9602 100.0000 stroke3
movl 0 -40.3857 382.1236 235.7254 -152.9940 -3.3672 83.9443 100.0000 stroke4
movl 0 -43.3930 385.4431 191.2899 -155.3698 0.6552 81.2184 100.0000 stroke4
movl 0 -49.4515 383.4513 184.1008 -157.1347 1.5166 80.3938 100.0000 stroke4
movl 0 -53.7412 383.5026 180.4543 -157.7038 1.0353 80.2933 100.0000 stroke4
movl 0 -55.8952 384.7635 179.2686 -158.2235 1.1265 80.1965 100.0000 stroke4
movl 0 -58.1575 385.2662 178.4268 -158.8109 1.3104 80.1577 100.0000 stroke4
movl 0 -62.2284 386.2933 177.5529 -160.7166 1.9256 79.7054 100.0000 stroke4
movl 0 -65.0052 386.2216 177.5239 -161.9972 2.3734 78.7153 100.0000 stroke4
movl 0 -67.7072 387.1012 177.6487 -163.4067 3.3026 77.7168 100.0000 stroke4
movl 0 -69.4349 386.0076 177.9431 -164.0170 2.9509 77.2500 100.0000 stroke4
movl 0 -71.0304 384.9626 178.4070 -164.4506 2.7958 76.2396 100.0000 stroke4
movl 0 -73.2379 383.9844 179.1680 -164.9869 2.3851 73.7952 100.0000 stroke4
movl 0 -74.3686 384.4178 179.3926 -165.2948 2.0187 71.8532 100.0000 stroke4
movl 0 -75.0185 384.9626 179.2826 -165.5735 1.7301 70.1560 100.0000 stroke4
movl 0 -75.3240 385.4092 179.3130 -165.7296 1.5606 69.2146 100.0000 stroke4
movl 0 -74.9558 384.9588 179.9191 -165.7116 1.8856 69.3322 100.0000 stroke4
movl 0 -74.7020 384.7166 180.0232 -165.7892 1.8005 69.2406 100.0000 stroke4
movl 0 -73.4976 386.4654 179.5934 -166.0192 1.8984 68.4875 100.0000 stroke4
movl 0 -71.0882 387.9954 179.4203 -166.0282 1.9892 67.7578 100.0000 stroke4
movl 0 -70.3147 387.3885 180.0166 -165.7824 2.0564 67.9045 100.0000 stroke4
movl 0 -70.2803 387.4582 180.1915 -165.8005 1.9529 67.8943 100.0000 stroke4
movl 0 -66.1500 389.6135 180.5148 -165.6519 2.0672 66.7129 100.0000 stroke4
movl 0 -62.3555 391.1079 181.0503 -165.3953 2.2707 65.8412 100.0000 stroke4
movl 0 -61.5537 391.2008 181.3306 -165.3189 2.2664 65.6650 100.0000 stroke4
movl 0 -58.2535 391.3098 181.7061 -164.6933 2.3883 65.0896 100.0000 stroke4
movl 0 -56.3341 390.9690 182.6005 -164.3421 2.2034 64.8497 100.0000 stroke4
movl 0 -45.3249 385.8818 194.8901 -160.7218 0.3896 65.5574 100.0000 stroke4
movl 0 -18.3299 373.3679 200.7754 -162.2101 -25.1683 103.8304 100.0000 stroke5
movl 0 -23.3513 379.5333 182.4266 -163.0985 -22.9111 105.1324 100.0000 stroke5
movl 0 -28.6934 380.8012 176.8360 -166.3818 -24.1238 108.0262 100.0000 stroke5
movl 0 -27.1176 383.6623 175.3177 -167.6580 -24.2906 108.7079 100.0000 stroke5
movl 0 -26.7776 386.2168 173.8668 -167.7736 -24.3194 109.1395 100.0000 stroke5
movl 0 -26.8758 388.2796 172.4418 -167.1017 -24.1485 109.3995 100.0000 stroke5
movl 0 -30.0279 391.5796 171.0530 -167.6756 -21.5461 108.6214 100.0000 stroke5
movl 0 -30.8178 394.0231 170.8172 -167.5959 -19.6689 106.9368 100.0000 stroke5
movl 0 -30.4923 396.0126 170.8611 -166.9733 -17.9332 104.8179 100.0000 stroke5
movl 0 -29.8780 397.2451 170.7201 -166.4950 -16.8778 103.3566 100.0000 stroke5
movl 0 -30.6312 397.9664 170.7395 -165.6269 -15.7193 102.5613 100.0000 stroke5
movl 0 -30.6641 398.5707 170.5589 -165.0413 -14.8975 101.6965 100.0000 stroke5
movl 0 -31.3370 398.9788 170.4413 -164.6311 -13.9001 100.5761 100.0000 stroke5
movl 0 -32.1183 399.3374 170.6668 -164.2602 -12.7997 99.2131 100.0000 stroke5
movl 0 -32.6063 399.6145 170.8964 -163.8524 -11.9438 97.9278 100.0000 stroke5
movl 0 -32.7606 399.7683 171.2462 -163.4368 -11.0024 96.5420 100.0000 stroke5
movl 0 -33.0538 399.9241 171.7830 -163.2479 -10.0494 95.2527 100.0000 stroke5
movl 0 -33.2155 399.9833 172.1597 -163.0015 -9.1256 93.9585 100.0000 stroke5
movl 0 -33.5083 400.0031 172.6325 -162.8005 -8.1568 92.7442 100.0000 stroke5
movl 0 -33.6433 399.8676 173.2083 -162.6073 -7.2372 91.6317 100.0000 stroke5
movl 0 -33.7202 399.9425 173.5948 -162.3858 -6.2172 90.5901 100.0000 stroke5
movl 0 -34.0538 400.3707 173.7821 -162.3623 -5.0923 89.3631 100.0000 stroke5
movl 0 -34.2905 401.0360 173.8320 -162.3164 -3.8720 87.8260 100.0000 stroke5
movl 0 -34.2998 401.1712 174.0553 -162.2306 -3.1047 86.9786 100.0000 stroke5
movl 0 -34.2307 401.6253 174.3102 -162.1844 -1.9861 85.8225 100.0000 stroke5
movl 0 -34.4999 401.8796 174.3474 -162.2122 -1.0539 84.6924 100.0000 stroke5
movl 0 -34.9063 402.3203 174.7233 -162.1047 0.0611 83.4278 100.0000 stroke5
movl 0 -35.3755 402.8688 174.9347 -162.3609 1.4182 81.8307 100.0000 stroke5
movl 0 -36.1659 404.0028 175.2704 -162.8280 2.6082 80.4701 100.0000 stroke5
movl 0 -36.5639 404.6228 175.4147 -163.1641 3.8438 79.1075 100.0000 stroke5
movl 0 -36.9407 405.0763 175.3919 -163.4205 4.7253 78.2186 100.0000 stroke5
movl 0 -37.3527 405.6595 175.3644 -163.8195 5.6473 77.2237 100.0000 stroke5
movl 0 -37.3983 406.3955 175.3513 -164.1937 6.6746 76.0622 100.0000 stroke5
movl 0 -37.8575 406.5414 175.4989 -164.5717 7.2829 75.3798 100.0000 stroke5
movl 0 -38.3104 406.9311 175.4555 -164.9353 8.1616 74.5492 100.0000 stroke5
movl 0 -38.8986 407.1916 175.4752 -165.3067 8.8453 73.9161 100.0000 stroke5
movl 0 -39.5175 407.5170 175.3916 -165.7150 9.4519 73.4014 100.0000 stroke5
movl 0 -39.9696 408.1175 175.1197 -166.0736 10.1149 72.9934 100.0000 stroke5
movl 0 -40.3759 408.6469 175.1284 -166.6164 10.9969 72.0317 100.0000 stroke5
movl 0 -40.7519 408.7923 175.1504 -166.8883 11.4313 71.8327 100.0000 stroke5
movl 0 -41.2295 409.2517 175.0737 -167.3090 12.1070 71.5991 100.0000 stroke5
movl 0 -41.8506 409.6897 174.9271 -167.7248 12.7298 71.4040 100.0000 stroke5
movl 0 -42.3522 410.1710 174.6846 -168.1091 13.3637 71.1735 100.0000 stroke5
movl 0 -42.7415 410.2520 174.5677 -168.3218 13.6706 71.0684 100.0000 stroke5
movl 0 -42.9743 410.6156 174.3904 -168.4790 14.1908 71.0924 100.0000 stroke5
movl 0 -43.3493 410.0224 174.7521 -168.4860 14.0916 71.1800 100.0000 stroke5
movl 0 -40.2864 409.0393 176.2162 -167.6973 13.1462 70.7881 100.0000 stroke5
movl 0 -38.8890 408.4665 176.5225 -167.3692 12.8141 70.6119 100.0000 stroke5
movl 0 -38.7758 408.3181 176.5717 -167.3221 12.8456 70.5341 100.0000 stroke5
movl 0 -39.7843 408.1140 176.5309 -167.6315 13.3718 70.7674 100.0000 stroke5
movl 0 -37.1082 406.7642 177.7564 -166.6773 12.5044 70.3398 100.0000 stroke5
movl 0 -35.3069 406.0632 178.1557 -166.1554 11.8960 70.0584 100.0000 stroke5
movl 0 -34.9299 405.9138 178.1619 -166.0783 11.8548 69.9756 100.0000 stroke5
movl 0 -37.0710 405.5927 178.2528 -166.6236 12.5593 70.4221 100.0000 stroke5
movl 0 -34.7847 404.5515 179.1315 -165.7087 11.7406 70.1584 100.0000 stroke5
movl 0 -33.6179 403.9036 179.4716 -165.3969 11.2257 69.9841 100.0000 stroke5
movl 0 -33.5997 404.4060 179.1495 -165.4859 11.5662 70.0140 100.0000 stroke5
movl 0 -35.8445 404.3720 178.9949 -166.2310 12.3336 70.3104 100.0000 stroke5
movl 0 -35.0103 404.1193 179.2535 -165.9234 11.9554 70.1657 100.0000 stroke5
movl 0 -34.6257 403.9298 179.4637 -165.7045 11.5182 70.0607 100.0000 stroke5
movl 0 -34.7441 403.2735 179.8776 -165.5752 10.8476 69.9647 100.0000 stroke5
movl 0 -32.9664 398.8933 185.7909 -164.0001 8.1684 69.7849 100.0000 stroke5
movl 0 -28.0184 384.3646 228.9120 -158.2895 -0.2013 68.4066 100.0000 stroke5
movl 0 -4.8006 391.7731 209.1394 -153.5512 -11.4760 83.4445 100.0000 stroke6
movl 0 -9.0226 394.9355 191.1155 -155.3289 -9.4049 85.8928 100.0000 stroke6
movl 0 -16.6153 397.7696 185.1435 -158.3722 -8.1474 85.1048 100.0000 stroke6
movl 0 -18.2394 398.1491 184.0537 -158.8716 -7.9120 85.2235 100.0000 stroke6
movl 0 -21.2680 399.5607 182.0525 -159.1037 -5.6292 82.3717 100.0000 stroke6
movl 0 -23.6513 400.2186 180.7889 -159.7306 -5.2079 81.6324 100.0000 stroke6
movl 0 -24.2457 400.6149 180.3330 -159.8497 -5.1909 81.6140 100.0000 stroke6
movl 0 -25.0009 401.6545 179.8685 -160.0984 -4.9324 81.6917 100.0000 stroke6
movl 0 -25.9816 402.4937 179.2872 -160.8156 -4.7762 81.4727 100.0000 stroke6
movl 0 -27.4511 402.5770 179.1559 -161.6860 -4.8310 81.3509 100.0000 stroke6
movl 0 -28.7939 402.1469 179.3781 -162.4478 -5.0608 81.0765 100.0000 stroke6
movl 0 -29.4107 401.9439 179.4631 -162.9970 -5.2532 80.9849 100.0000 stroke6
movl 0 -30.0721 401.8672 179.6263 -163.5463 -5.2883 80.4865 100.0000 stroke6
movl 0 -31.1435 401.8875 179.7800 -164.3133 -5.2565 79.2721 100.0000 stroke6
movl 0 -31.6605 402.6594 179.7512 -165.0593 -4.8881 77.3912 100.0000 stroke6
movl 0 -32.0597 403.2044 179.7539 -165.7011 -4.6413 75.3306 100.0000 stroke6
movl 0 -31.4563 404.2586 179.5466 -166.1285 -4.3644 73.5953 100.0000 stroke6
movl 0 -30.9713 403.5212 179.8719 -165.6628 -4.4488 73.6536 100.0000 stroke6
movl 0 -29.4557 401.9391 180.8578 -164.7392 -4.9782 73.8634 100.0000 stroke6
movl 0 -28.1780 401.6193 181.4093 -164.2843 -5.0747 73.7491 100.0000 stroke6
movl 0 -28.1157 401.5942 181.4076 -164.3666 -4.9712 73.7212 100.0000 stroke6
movl 0 -28.6170 402.3902 181.0527 -164.8660 -4.0398 73.4490 100.0000 stroke6
movl 0 -28.2359 402.5193 180.6250 -164.8890 -3.6594 73.1617 100.0000 stroke6
movl 0 -27.7901 400.7117 181.5656 -163.0499 -3.3471 73.6837 100.0000 stroke6
movl 0 -9.9748 372.5391 231.4105 -149.7298 -9.4460 73.2152 100.0000 stroke6
movl 0 -8.0739 383.9262 222.6295 -149.5729 0.8200 72.5260 100.0000 stroke7
movl 0 -7.7239 388.5164 182.6811 -152.8058 3.1076 68.1358 100.0000 stroke7
movl 0 -12.7489 384.2879 182.8479 -153.9009 0.8270 68.3527 100.0000 stroke7
movl 0 -14.4457 385.9399 181.1747 -155.1552 1.4662 67.6518 100.0000 stroke7
movl 0 -13.9775 388.3285 179.7111 -155.8816 2.0069 66.9717 100.0000 stroke7
movl 0 -14.7444 389.5459 178.4026 -156.3526 1.9936 67.5507 100.0000 stroke7
movl 0 -16.1008 390.1283 177.7181 -156.6535 1.9478 67.7085 100.0000 stroke7
movl 0 -18.0877 390.9820 177.0163 -157.3215 1.8274 67.5017 100.0000 stroke7
movl 0 -20.4183 391.6830 176.4779 -158.7818 1.5653 66.8552 100.0000 stroke7
movl 0 -22.5234 391.1605 176.8239 -159.8361 1.1684 66.3290 100.0000 stroke7
movl 0 -24.2977 390.7083 177.0266 -160.6875 0.7700 65.8572 100.0000 stroke7
movl 0 -25.1402 390.1621 177.2134 -161.2444 0.2398 65.2950 100.0000 stroke7
movl 0 -27.2887 390.0048 177.3916 -162.3828 -0.1318 63.8473 100.0000 stroke7
movl 0 -28.5263 389.8881 177.7546 -163.2613 -0.2876 61.7293 100.0000 stroke7
movl 0 -29.4571 389.9531 177.9662 -164.2029 -0.6158 59.6070 100.0000 stroke7
movl 0 -29.8293 390.4663 177.8540 -165.0093 -0.8202 57.7511 100.0000 stroke7
movl 0 -28.5749 389.4898 178.2678 -164.2283 -0.6654 58.0802 100.0000 stroke7
movl 0 -25.6595 388.0793 179.2836 -162.7516 -0.6263 58.4879 100.0000 stroke7
movl 0 -24.8417 387.5128 179.8625 -162.3933 -0.7696 58.4116 100.0000 stroke7
movl 0 -24.2649 387.3588 180.2625 -162.2198 -0.7757 58.3408 100.0000 stroke7
movl 0 -24.4425 387.7653 180.0067 -162.6750 -0.3556 58.3744 100.0000 stroke7
movl 0 -24.2685 388.0437 179.5123 -163.2086 0.0893 58.2456 100.0000 stroke7
movl 0 -24.1655 387.7182 178.9376 -162.8243 0.6307 59.1769 100.0000 stroke7
movl 0 -22.7383 384.3047 180.7391 -159.9184 0.5919 61.3921 100.0000 stroke7
movl 0 -8.4080 366.1476 219.3790 -147.9570 -5.8457 66.0614 100.0000 stroke7
movl 0 -0.0344 366.7992 219.0551 -147.2842 -1.0966 71.2166 100.0000 stroke8
movl 0 -9.9217 368.3517 185.1950 -152.6781 1.4743 68.0355 100.0000 stroke8
movl 0 -17.5048 368.5781 183.0456 -155.6138 0.1509 65.9878 100.0000 stroke8
movl 0 -22.3235 368.4703 181.7043 -157.0768 0.3529 65.0660 100.0000 stroke8
movl 0 -24.7627 370.7004 180.0906 -158.0299 0.2695 63.6422 100.0000 stroke8
movl 0 -25.6728 372.5640 178.8655 -158.5194 0.5864 63.8898 100.0000 stroke8
movl 0 -26.0577 373.3679 178.5478 -159.0334 0.7570 63.4302 100.0000 stroke8
movl 0 -28.0606 373.9265 178.2908 -160.0457 0.7461 62.4553 100.0000 stroke8
movl 0 -29.9969 373.1921 178.3308 -160.8993 0.2592 61.8399 100.0000 stroke8
movl 0 -31.6294 372.1967 178.6126 -161.3839 -0.0628 61.0223 100.0000 stroke8
movl 0 -34.6999 370.9682 178.8148 -162.2034 -0.7555 60.2517 100.0000 stroke8
movl 0 -38.2021 369.9551 179.0159 -163.3719 -1.8290 59.3502 100.0000 stroke8
movl 0 -40.7599 369.6315 179.1104 -164.4720 -2.5530 58.2323 100.0000 stroke8
movl 0 -43.5541 369.3194 179.1837 -165.6377 -3.1776 56.6561 100.0000 stroke8
movl 0 -45.8741 369.2936 179.2203 -166.6547 -3.5967 54.7024 100.0000 stroke8
movl 0 -47.6810 369.3588 179.1628 -167.4568 -3.8357 52.7355 100.0000 stroke8
movl 0 -49.2723 369.5572 179.0752 -168.2018 -4.0843 50.7890 100.0000 stroke8
movl 0 -50.3964 370.1076 178.9819 -168.8319 -4.1849 48.8955 100.0000 stroke8
movl 0 -51.8776 370.5198 178.8816 -169.5530 -4.4476 46.7337 100.0000 stroke8
movl 0 -53.2196 371.0737 178.7786 -170.2374 -4.7331 44.5158 100.0000 stroke8
movl 0 -54.9027 371.2501 178.6792 -170.8005 -5.1758 42.3102 100.0000 stroke8
movl 0 -55.8415 372.1153 178.3564 -171.3903 -5.2673 40.1270 100.0000 stroke8
movl 0 -54.9845 372.5633 178.2097 -171.2972 -4.9274 39.6682 100.0000 stroke8
movl 0 -53.9400 372.4700 178.3185 -171.0271 -4.6624 39.5396 100.0000 stroke8
movl 0 -53.2951 371.6787 178.8385 -170.5613 -4.4598 39.5132 100.0000 stroke8
movl 0 -52.3021 371.9396 179.0841 -170.4218 -4.2734 39.2166 100.0000 stroke8
movl 0 -51.7362 372.8980 178.8723 -170.6965 -4.1502 38.5842 100.0000 stroke8
movl 0 -51.4414 373.7738 178.6551 -171.0121 -3.9688 37.8334 100.0000 stroke8
movl 0 -50.6954 372.4867 179.3839 -170.3637 -3.6961 38.0139 100.0000 stroke8
movl 0 -49.1022 371.3830 180.5205 -169.3973 -3.5084 37.9641 100.0000 stroke8
movl 0 -47.7106 371.0010 181.3499 -168.9247 -3.3943 37.6785 100.0000 stroke8
movl 0 -47.2020 370.7066 181.7138 -168.7564 -3.3738 37.5096 100.0000 stroke8
movl 0 -46.6235 370.9408 181.8662 -168.8360 -3.2614 37.1975 100.0000 stroke8
movl 0 -46.8770 371.5991 181.6381 -169.4547 -2.7972 37.0005 100.0000 stroke8
movl 0 -47.1565 372.7552 181.2944 -170.2779 -2.0332 36.7559 100.0000 stroke8
movl 0 -47.0636 373.1938 181.2730 -170.7006 -1.4895 36.2170 100.0000 stroke8
movl 0 -46.8726 373.2193 181.3885 -171.0928 -0.9954 35.8947 100.0000 stroke8
movl 0 -45.7909 371.6640 182.0817 -170.3275 -0.8762 36.3166 100.0000 stroke8
movl 0 -43.9309 370.9005 182.6072 -169.5542 -0.8682 36.6323 100.0000 stroke8
movl 0 -43.7004 371.6231 182.4162 -170.0168 -0.5164 36.3534 100.0000 stroke8
movl 0 -43.1665 371.6141 182.4988 -170.1475 -0.2856 36.1999 100.0000 stroke8
movl 0 -42.6183 370.9214 182.6870 -169.9849 -0.1521 36.1568 100.0000 stroke8
movl 0 -42.6484 370.6626 183.0196 -169.5394 0.0230 36.6210 100.0000 stroke8
movl 0 -42.6757 370.3168 183.1743 -168.9983 0.1883 37.2717 100.0000 stroke8
movl 0 -42.8895 369.8846 183.4553 -168.6093 0.2520 37.5947 100.0000 stroke8
movl 0 -43.4114 369.5940 183.8412 -168.2730 0.3643 37.7945 100.0000 stroke8
movl 0 -43.9455 368.9827 184.2001 -167.9675 0.4492 38.1213 100.0000 stroke8
movl 0 -44.2175 368.4636 184.4869 -167.7685 0.4580 38.2680 100.0000 stroke8
movl 0 -43.7135 368.2523 184.6861 -167.6412 0.4925 38.2139 100.0000 stroke8
movl 0 -39.2851 363.7250 191.1636 -165.3706 0.6218 38.8996 100.0000 stroke8
movl 0 -28.7433 351.6741 235.5914 -159.1788 0.4228 41.4598 100.0000 stroke8
