movl 0 25.1650 386.1402 181.2873 179.4473 51.8128 -38.7353 100.0000 stroke1
movl 0 25.0834 386.1431 181.2248 179.5518 51.8261 -38.6142 100.0000 stroke1
movl 0 24.9977 386.1356 181.2094 179.5041 51.7991 -38.6464 100.0000 stroke1
movl 0 25.1429 385.8948 181.2545 179.4466 51.8818 -38.7779 100.0000 stroke1
movl 0 23.9885 386.4055 181.4226 178.3546 51.3338 -39.5949 100.0000 stroke1
movl 0 20.4999 388.5395 181.5498 175.0529 49.3280 -42.3971 100.0000 stroke1
movl 0 15.2913 392.3187 180.7141 171.3812 46.2549 -45.3395 100.0000 stroke1
movl 0 6.2900 400.3050 179.6092 163.9429 39.6083 -51.5555 100.0000 stroke1
movl 0 -3.3174 402.6420 174.8840 164.9116 38.5892 -48.6930 100.0000 stroke1
movl 0 -10.4873 395.9454 174.8062 171.0789 40.8837 -40.5001 100.0000 stroke1
movl 0 -18.7391 383.9981 171.9092 179.6421 39.3318 -33.2564 100.0000 stroke1
movl 0 -19.3809 387.8654 167.4187 175.6203 38.0238 -38.2623 100.0000 stroke1
movl 0 -26.7459 390.8635 165.2929 173.8755 35.8785 -40.6920 100.0000 stroke1
movl 0 -27.6351 393.1132 163.9331 173.8823 34.7922 -40.9746 100.0000 stroke1
movl 0 -27.1971 395.0176 162.1711 174.9276 34.6183 -39.0828 100.0000 stroke1
movl 0 -27.0909 397.4825 161.2088 174.3445 33.9859 -38.7961 100.0000 stroke1
movl 0 -28.2941 401.5601 160.2049 172.0645 31.9261 -40.8464 100.0000 stroke1
movl 0 -29.1356 405.5645 159.5576 169.2273 28.9146 -44.5564 100.0000 stroke1
movl 0 -27.7270 409.1847 158.7684 166.2269 26.7484 -48.6369 100.0000 stroke1
movl 0 -26.1902 411.5537 158.2348 163.9721 25.5906 -51.0469 100.0000 stroke1
movl 0 -26.1647 412.0902 158.6092 162.3583 24.7627 -52.4265 100.0000 stroke1
movl 0 -26.5218 412.1746 159.5311 160.5494 23.6448 -53.6856 100.0000 stroke1
movl 0 -27.9847 412.1664 160.0872 159.4259 22.6210 -54.0104 100.0000 stroke1
movl 0 -29.2673 411.7326 160.5936 158.6884 21.9663 -54.1362 100.0000 stroke1
movl 0 -30.6273 410.5501 161.1030 158.5005 21.9256 -53.7308 100.0000 stroke1
movl 0 -31.1789 408.9429 161.9392 158.1993 22.4797 -53.2539 100.0000 stroke1
movl 0 -30.1603 396.8046 173.7085 158.8284 28.6022 -50.8155 100.0000 stroke1
movl 0 -42.8520 366.8372 213.3744 176.8220 41.4788 -31.7750 100.0000 stroke1
movl 0 -35.5176 385.7343 202.8445 -146.0339 19.7820 41.9174 100.0000 stroke2
movl 0 -27.7608 390.3198 174.3050 -152.3708 28.8317 29.5448 100.0000 stroke2
movl 0 -34.4887 388.6298 175.8196 -157.1574 28.3852 20.7133 100.0000 stroke2
movl 0 -44.3603 390.9531 173.8962 -165.9842 26.6043 8.9658 100.0000 stroke2
movl 0 -51.0447 389.9061 174.1943 -169.5280 24.7525 0.9552 100.0000 stroke2
movl 0 -54.9995 390.4029 173.1500 -170.9388 23.7386 -0.5613 100.0000 stroke2
movl 0 -57.4096 390.2914 171.3720 -170.8281 23.0876 -0.7575 100.0000 stroke2
movl 0 -62.7448 392.8788 170.6902 -173.0362 20.2736 -3.4246 100.0000 stroke2
movl 0 -66.4292 392.8328 170.6665 -173.5940 19.0384 -4.5052 100.0000 stroke2
movl 0 -67.5218 393.6107 170.6043 -173.9240 18.2420 -6.0757 100.0000 stroke2
movl 0 -66.7001 394.6600 170.9280 -174.8655 17.8418 -8.0876 100.0000 stroke2
movl 0 -65.2995 394.7454 171.4791 -175.4773 17.7115 -9.1301 100.0000 stroke2
movl 0 -64.0078 394.1996 172.0076 -175.8985 17.8590 -9.6543 100.0000 stroke2
movl 0 -62.5789 393.3557 172.6667 -176.0314 18.1638 -9.8066 100.0000 stroke2
movl 0 -60.9734 392.3981 173.3300 -175.9582 18.5634 -9.5776 100.0000 stroke2
movl 0 -54.6435 387.1858 177.8945 -174.2922 20.8187 -7.6291 100.0000 stroke2
movl 0 -39.9469 367.8184 205.1763 -160.4016 23.6618 6.8995 100.0000 stroke2
movl 0 -25.6789 390.0068 185.3416 -150.7611 17.0844 32.7578 100.0000 stroke3
movl 0 -25.8103 383.4965 177.4937 -152.0583 16.9305 26.5828 100.0000 stroke3
movl 0 -38.9368 384.1981 171.9534 -155.1078 12.6552 25.5699 100.0000 stroke3
movl 0 -39.9370 388.0711 171.2954 -156.7308 12.7238 24.8226 100.0000 stroke3
movl 0 -39.1093 390.0964 170.7793 -157.2128 13.5782 24.3419 100.0000 stroke3
movl 0 -40.2404 394.0904 169.4181 -159.1485 14.1523 23.2209 100.0000 stroke3
movl 0 -41.4005 399.4699 169.0142 -163.1820 15.3276 20.5775 100.0000 stroke3
movl 0 -40.7393 401.8158 168.5811 -164.5347 16.4708 19.5666 100.0000 stroke3
movl 0 -41.1288 402.1592 168.6134 -165.6713 17.5047 19.3496 100.0000 stroke3
movl 0 -41.6347 401.7637 169.0326 -166.4871 18.3943 19.8112 100.0000 stroke3
movl 0 -43.1356 400.6360 169.4780 -167.2687 19.0558 20.3598 100.0000 stroke3
movl 0 -45.3163 399.1187 169.9302 -167.7703 19.4861 21.3982 100.0000 stroke3
movl 0 -47.9478 396.8999 170.5791 -168.1045 19.7758 22.3454 100.0000 stroke3
movl 0 -50.5568 394.6056 171.1510 -167.9101 20.0961 23.7446 100.0000 stroke3
movl 0 -52.8662 392.4097 171.9004 -167.5654 20.3034 24.7100 100.0000 stroke3
movl 0 -54.4925 387.0444 177.4331 -164.7947 21.3774 27.7321 100.0000 stroke3
movl 0 -63.2873 366.6545 214.4340 -152.8135 18.0979 40.0854 100.0000 stroke3
movl 0 -60.6515 360.2402 236.3205 -147.6299 6.8755 51.3388 100.0000 stroke4
movl 0 -53.5205 369.5614 186.1812 -154.0404 9.8500 42.4664 100.0000 stroke4
movl 0 -57.3956 370.1492 180.6532 -156.9786 11.2205 38.3531 100.0000 stroke4
movl 0 -63.7032 371.1784 176.5507 -159.3926 11.3591 36.7783 100.0000 stroke4
movl 0 -66.5466 371.8948 175.2372 -160.2922 11.1235 36.1781 100.0000 stroke4
movl 0 -68.8363 372.7493 174.2423 -160.7804 10.9972 35.8220 100.0000 stroke4
movl 0 -72.9196 374.6745 173.7650 -163.2652 10.1147 32.8168 100.0000 stroke4
movl 0 -75.7548 375.3498 173.9262 -164.9580 9.6638 30.7277 100.0000 stroke4
movl 0 -77.5353 374.4732 174.1542 -165.3452 9.3728 29.3942 100.0000 stroke4
movl 0 -78.6323 374.8048 174.0728 -165.4601 8.8181 28.1815 100.0000 stroke4
movl 0 -78.0713 375.3882 174.0578 -165.5416 8.4382 27.2576 100.0000 stroke4
movl 0 -75.8145 376.2889 174.3917 -165.6133 8.4441 26.3566 100.0000 stroke4
movl 0 -73.8361 376.6733 174.7780 -165.6583 8.4559 25.7008 100.0000 stroke4
movl 0 -71.4338 377.2936 175.1043 -165.5938 8.6498 25.1046 100.0000 stroke4
movl 0 -68.8699 378.3938 175.2845 -165.7299 8.8420 24.4357 100.0000 stroke4
movl 0 -67.3067 378.5903 175.6462 -165.6903 8.8987 24.0243 100.0000 stroke4
movl 0 -62.1174 377.8013 177.6566 -164.7966 9.4827 23.7931 100.0000 stroke4
movl 0 -48.1804 372.4627 188.1099 -160.3196 11.9447 25.5394 100.0000 stroke4
movl 0 -36.8291 363.6884 232.7178 -151.1149 9.1421 31.5199 100.0000 stroke4
movl 0 -22.9519 385.8024 204.8603 -151.2653 17.0740 42.1335 100.0000 stroke5
movl 0 -35.1740 373.2799 178.0301 -154.8444 13.2719 36.9547 100.0000 stroke5
movl 0 -41.1161 373.0350 175.5730 -157.0617 11.1326 35.2565 100.0000 stroke5
movl 0 -43.1071 374.4640 173.2414 -158.0034 10.7274 34.2890 100.0000 stroke5
movl 0 -43.3670 376.6729 172.1408 -158.2957 10.9541 33.6861 100.0000 stroke5
movl 0 -44.8949 380.5755 170.5941 -160.1434 11.6243 33.0661 100.0000 stroke5
movl 0 -43.8207 384.5064 169.8571 -162.3410 13.0972 31.4721 100.0000 stroke5
movl 0 -43.3356 385.2832 169.5934 -162.6952 13.5268 31.1952 100.0000 stroke5
movl 0 -43.0070 385.6420 169.6499 -163.2612 14.5270 31.5237 100.0000 stroke5
movl 0 -42.4264 382.3133 171.1557 -162.3698 15.3210 33.1700 100.0000 stroke5
movl 0 -42.7730 368.0086 185.1686 -155.7885 15.1820 41.0827 100.0000 stroke5
movl 0 -50.3079 338.7590 245.8346 -140.5385 2.4847 60.7747 100.0000 stroke5
movl 0 -37.9803 371.8009 200.9510 -147.4180 9.5164 58.3112 100.0000 stroke6
movl 0 -40.9166 365.6886 169.9171 -151.4007 8.9483 51.6227 100.0000 stroke6
movl 0 -48.0857 362.2028 171.8686 -153.6952 5.7564 50.4375 100.0000 stroke6
movl 0 -46.1151 365.3313 171.5517 -154.6748 6.9536 49.9686 100.0000 stroke6
movl 0 -46.3370 367.7014 171.0595 -155.8822 7.4131 49.7099 100.0000 stroke6
movl 0 -47.3746 369.8107 169.9990 -156.5943 7.9243 49.4016 100.0000 stroke6
movl 0 -49.7967 374.0726 169.0795 -159.3225 9.3656 48.1454 100.0000 stroke6
movl 0 -49.1295 376.7835 168.9528 -160.9447 10.6239 46.2084 100.0000 stroke6
movl 0 -49.5744 378.2081 168.9843 -161.9191 11.8266 45.0083 100.0000 stroke6
movl 0 -50.6170 378.7820 169.7856 -163.6893 13.1550 42.6752 100.0000 stroke6
movl 0 -51.8452 379.1643 170.4504 -165.3983 14.2597 40.4117 100.0000 stroke6
movl 0 -52.5488 379.6390 170.8056 -166.9421 15.3573 38.5343 100.0000 stroke6
movl 0 -53.5133 379.8641 171.3181 -168.6492 16.2580 36.8959 100.0000 stroke6
movl 0 -55.0925 379.8802 171.5584 -170.2561 16.8794 35.4254 100.0000 stroke6
movl 0 -56.1832 379.8986 171.5959 -171.5780 17.4957 34.4759 100.0000 stroke6
movl 0 -57.0944 379.5963 171.6333 -172.3767 17.9816 34.3725 100.0000 stroke6
movl 0 -58.0522 377.7257 172.0617 -172.1202 18.1614 35.4427 100.0000 stroke6
movl 0 -55.4378 377.1251 172.5064 -170.9057 17.7949 35.8315 100.0000 stroke6
movl 0 -54.0638 375.3881 173.0409 -169.9452 17.4850 36.0784 100.0000 stroke6
movl 0 -54.4871 375.4134 172.9878 -170.2661 17.6699 36.1975 100.0000 stroke6
movl 0 -53.5361 374.6606 173.2487 -169.6059 17.5386 36.2062 100.0000 stroke6
movl 0 -53.6277 374.7058 173.2032 -169.8133 17.6600 36.1638 100.0000 stroke6
movl 0 -53.9212 374.6430 173.2164 -169.9206 17.6040 36.0596 100.0000 stroke6
movl 0 -50.7441 369.1956 174.8952 -166.4765 16.3362 36.4013 100.0000 stroke6
movl 0 -50.5566 365.8936 175.3056 -164.6774 14.6274 36.2602 100.0000 stroke6
movl 0 -50.0183 366.6757 174.5636 -164.5933 15.0179 36.2944 100.0000 stroke6
movl 0 -51.7565 369.3578 173.1936 -166.0441 16.0311 37.0538 100.0000 stroke6
movl 0 -53.2192 370.1751 172.5260 -166.4971 16.4919 38.4026 100.0000 stroke6
movl 0 -53.3032 369.9506 172.1335 -165.9431 16.4050 40.2269 100.0000 stroke6
movl 0 -51.6212 369.9459 171.7560 -164.7207 16.4095 42.2344 100.0000 stroke6
movl 0 -50.7408 369.5456 171.7990 -163.9581 16.3018 42.9627 100.0000 stroke6
movl 0 -49.6218 369.2493 171.8884 -163.3376 16.3648 43.2393 100.0000 stroke6
movl 0 -44.7544 365.3850 173.3614 -159.8970 16.0363 44.4104 100.0000 stroke6
movl 0 -25.5874 344.7859 193.3638 -142.0845 9.0359 53.0486 100.0000 stroke6
movl 0 -46.4136 361.5018 215.7055 -141.0316 -10.2229 76.3400 100.0000 stroke7
movl 0 -45.1382 370.9618 175.0276 -147.6515 6.6257 66.7836 100.0000 stroke7
movl 0 -47.8084 367.2009 173.1139 -152.8874 9.5642 56.3829 100.0000 stroke7
movl 0 -52.9295 364.0618 172.1965 -154.9683 7.7466 54.9191 100.0000 stroke7
movl 0 -55.5350 362.7555 172.5246 -155.9881 6.3189 53.8011 100.0000 stroke7
movl 0 -55.4804 364.7062 171.7480 -156.7288 6.7342 52.5901 100.0000 stroke7
movl 0 -57.3306 366.5651 170.4307 -158.0106 7.9049 51.4463 100.0000 stroke7
movl 0 -59.7409 368.2316 169.9428 -159.5795 9.6247 50.8402 100.0000 stroke7
movl 0 -62.2932 369.9842 169.6997 -160.9798 10.9201 51.3651 100.0000 stroke7
movl 0 -64.9582 369.5634 169.6426 -161.4204 11.2216 53.2986 100.0000 stroke7
movl 0 -62.6351 367.3978 170.1728 -159.8906 10.4517 54.1482 100.0000 stroke7
movl 0 -60.0029 365.3302 170.6951 -158.0202 9.3784 54.6748 100.0000 stroke7
movl 0 -60.2971 365.9179 170.5421 -158.5313 9.6362 54.1746 100.0000 stroke7
movl 0 -61.2246 367.3883 170.7357 -160.1039 10.7795 53.5885 100.0000 stroke7
movl 0 -60.9181 365.9877 170.9706 -159.5398 10.3047 53.4235 100.0000 stroke7
movl 0 -52.1290 353.9382 183.6509 -149.5109 2.1181 57.0830 100.0000 stroke7
movl 0 -39.4348 348.7079 245.2837 -139.4137 -5.8946 60.5040 100.0000 stroke7
movl 0 -21.4527 385.1950 246.8376 -144.1666 10.6022 54.6909 100.0000 stroke8
movl 0 -17.9633 386.8722 186.3310 -150.0558 18.7538 49.8340 100.0000 stroke8
movl 0 -25.7300 383.8270 172.3255 -158.0120 18.7131 41.1659 100.0000 stroke8
movl 0 -30.0863 382.5456 172.2951 -159.9299 17.7459 38.4766 100.0000 stroke8
movl 0 -30.4099 384.2363 170.9014 -160.1573 18.5409 38.2776 100.0000 stroke8
movl 0 -32.2344 386.7760 169.7917 -161.8066 19.0215 37.0185 100.0000 stroke8
movl 0 -37.2545 390.2034 169.6607 -166.2239 18.3681 33.3489 100.0000 stroke8
movl 0 -38.8189 392.5979 169.6389 -168.6390 18.3441 31.3895 100.0000 stroke8
movl 0 -36.2389 392.5451 169.8601 -167.9161 18.4113 30.7092 100.0000 stroke8
movl 0 -37.2275 393.7576 169.9606 -169.7099 19.1570 30.9902 100.0000 stroke8
movl 0 -36.9610 392.8793 170.3444 -169.4769 19.0038 31.0250 100.0000 stroke8
movl 0 -31.8463 383.4263 172.4619 -161.4970 17.2757 35.0921 100.0000 stroke8
movl 0 -24.5903 371.3559 202.9261 -149.6316 10.8635 43.1987 100.0000 stroke8
movl 0 -6.3275 374.7573 225.9438 -142.6935 -3.5065 58.8494 100.0000 stroke9
movl 0 -18.0129 376.0011 178.9677 -147.6224 -1.9787 57.2243 100.0000 stroke9
movl 0 -28.0445 379.5051 174.4813 -151.3383 -2.0611 54.1888 100.0000 stroke9
movl 0 -27.1353 383.7705 169.6235 -152.7401 -1.3948 52.6982 100.0000 stroke9
movl 0 -27.4628 385.6376 168.0067 -152.8486 -0.3531 52.6203 100.0000 stroke9
movl 0 -30.0181 387.8439 167.5438 -154.8074 0.5512 51.3358 100.0000 stroke9
movl 0 -33.1260 387.9729 168.0039 -156.6132 0.2504 49.5383 100.0000 stroke9
movl 0 -35.3110 387.1571 168.2917 -157.1467 -0.5044 48.5104 100.0000 stroke9
movl 0 -34.5823 387.5313 168.5548 -157.5329 -0.3859 46.5017 100.0000 stroke9
movl 0 -33.0778 388.4615 168.8747 -158.0562 -0.1841 43.8303 100.0000 stroke9
movl 0 -30.7814 390.3506 168.7089 -158.6085 0.1213 41.0654 100.0000 stroke9
movl 0 -29.8567 389.7193 168.8659 -158.0496 0.3903 40.9257 100.0000 stroke9
movl 0 -28.3657 387.9806 169.2994 -156.9280 0.2646 41.0397 100.0000 stroke9
movl 0 -27.3215 387.2617 169.5177 -156.3283 0.2690 40.9683 100.0000 stroke9
movl 0 -27.0120 386.9264 169.6159 -156.1802 0.2884 40.9957 100.0000 stroke9
movl 0 -27.2641 388.5709 170.0606 -157.7751 1.4349 40.3359 100.0000 stroke9
movl 0 -26.1558 389.6516 169.8347 -157.7889 3.0083 41.1147 100.0000 stroke9
movl 0 -19.4594 369.9493 188.7567 -146.5827 1.8714 49.4777 100.0000 stroke9
movl 0 -6.9719 376.7488 193.9815 -148.3765 8.6896 47.9364 100.0000 stroke10
movl 0 -9.8718 384.9620 171.5576 -153.4645 9.7731 44.0864 100.0000 stroke10
movl 0 -10.9341 386.2407 170.7500 -154.1694 9.9978 42.8841 100.0000 stroke10
movl 0 -13.4355 388.4453 169.7087 -154.3627 11.0078 43.6763 100.0000 stroke10
movl 0 -15.7517 388.9110 168.5198 -154.3200 11.1450 44.3962 100.0000 stroke10
movl 0 -17.1121 389.6113 167.3138 -154.5188 10.9017 44.4196 100.0000 stroke10
movl 0 -20.1578 390.3461 166.8464 -156.0924 9.8850 43.1056 100.0000 stroke10
movl 0 -22.0989 390.1224 167.3201 -157.0639 9.2737 42.6236 100.0000 stroke10
movl 0 -20.9260 390.2317 167.5478 -157.4092 9.0204 41.1645 100.0000 stroke10
movl 0 -15.9014 391.3813 167.8738 -157.9401 9.3529 38.2091 100.0000 stroke10
movl 0 -9.2996 393.8328 167.6845 -158.5758 10.0718 35.1127 100.0000 stroke10
movl 0 -5.2619 394.3709 167.6268 -158.0964 11.2253 34.2959 100.0000 stroke10
movl 0 0.0891 400.0349 165.7957 -159.5649 14.3954 33.0298 100.0000 stroke10
movl 0 6.3983 406.5306 163.4608 -161.3334 18.1837 31.5954 100.0000 stroke10
movl 0 8.4320 410.0492 162.4551 -162.7464 20.7579 31.2917 100.0000 stroke10
movl 0 6.8984 411.3224 163.4631 -164.6025 22.1375 31.1388 100.0000 stroke10
movl 0 5.3769 411.1695 164.0918 -165.5589 22.9784 31.4218 100.0000 stroke10
movl 0 4.9141 409.2087 164.9703 -164.7930 22.5893 32.1079 100.0000 stroke10
movl 0 1.0534 383.3816 184.8496 -151.6145 11.6819 42.1235 100.0000 stroke10
movl 0 -20.5877 349.6099 243.7565 -142.7655 -7.2762 62.9648 100.0000 stroke11
movl 0 -24.9530 364.7616 188.0975 -150.4192 -1.5557 57.5202 100.0000 stroke11
movl 0 -28.2106 370.6480 176.2680 -153.9851 1.0117 54.5627 100.0000 stroke11
movl 0 -31.7453 371.2400 174.2834 -155.8947 1.3927 52.9572 100.0000 stroke11
movl 0 -32.3399 372.9723 173.6868 -156.6875 2.0336 52.0433 100.0000 stroke11
movl 0 -33.1898 373.7889 173.1035 -157.1082 2.0750 51.4933 100.0000 stroke11
movl 0 -36.3388 374.7236 172.7092 -158.7038 1.8422 49.8045 100.0000 stroke11
movl 0 -38.8661 374.2956 172.8926 -159.4251 1.3323 48.4679 100.0000 stroke11
movl 0 -39.3646 374.8291 172.9313 -160.1606 1.1107 47.0407 100.0000 stroke11
movl 0 -37.7068 375.7952 173.2247 -160.8544 1.1060 44.8311 100.0000 stroke11
movl 0 -36.1046 377.0345 173.3396 -161.5830 1.1838 42.9884 100.0000 stroke11
movl 0 -35.1261 378.3566 173.2963 -162.5470 0.8727 40.7815 100.0000 stroke11
movl 0 -33.5607 379.0429 173.2928 -162.8111 0.9354 39.7862 100.0000 stroke11
movl 0 -30.9497 376.6577 174.1972 -161.1920 1.0689 40.1366 100.0000 stroke11
movl 0 -31.2764 377.9374 174.2251 -162.5449 1.9005 39.8855 100.0000 stroke11
movl 0 -29.3554 376.6565 174.3929 -160.9328 2.4347 41.8783 100.0000 stroke11
movl 0 -23.0597 365.3682 198.7250 -149.0088 -2.0547 55.3174 100.0000 stroke11
movl 0 -20.5796 380.1072 194.5292 -148.2593 3.6206 57.7555 100.0000 stroke12
movl 0 -22.0585 379.3461 174.0687 -151.0380 3.6565 54.1498 100.0000 stroke12
movl 0 -24.6297 379.3711 173.7505 -153.1201 3.0727 52.1053 100.0000 stroke12
movl 0 -24.5868 383.0631 171.9472 -154.3733 4.5852 50.6610 100.0000 stroke12
movl 0 -26.6724 385.3509 170.0944 -154.9467 4.7865 50.4608 100.0000 stroke12
movl 0 -29.0148 391.5151 168.5976 -158.4359 7.2311 48.3785 100.0000 stroke12
movl 0 -26.4970 395.9448 168.4369 -160.2664 10.3289 46.1155 100.0000 stroke12
movl 0 -26.5896 397.1513 168.9565 -161.6171 12.1794 44.7056 100.0000 stroke12
movl 0 -27.4733 397.4735 169.8777 -163.1482 13.8495 42.8934 100.0000 stroke12
movl 0 -28.7821 397.1587 170.5192 -164.8657 15.2962 41.1633 100.0000 stroke12
movl 0 -30.5543 396.6979 170.9022 -166.6317 16.4869 39.7224 100.0000 stroke12
movl 0 -32.2885 396.2673 171.1243 -168.4800 17.6399 37.9800 100.0000 stroke12
movl 0 -34.6304 395.0291 171.3550 -170.3282 18.7058 36.2302 100.0000 stroke12
movl 0 -36.5580 393.6955 171.5851 -171.6627 19.3253 35.3215 100.0000 stroke12
movl 0 -38.9279 391.8063 171.8200 -172.6013 19.6655 34.8317 100.0000 stroke12
movl 0 -41.7068 389.8287 172.0609 -173.4314 19.8507 34.7262 100.0000 stroke12
movl 0 -44.2430 387.9405 172.2916 -173.8455 19.9069 35.2116 100.0000 stroke12
movl 0 -46.1016 386.1233 172.5983 -173.9088 20.0588 35.8018 100.0000 stroke12
movl 0 -48.1032 384.2685 172.9585 -173.8570 20.0713 36.3909 100.0000 stroke12
movl 0 -49.1960 383.0181 173.3866 -173.6524 20.2519 36.7481 100.0000 stroke12
movl 0 -50.0298 381.8383 173.9118 -173.2411 20.3947 37.2718 100.0000 stroke12
movl 0 -50.0747 376.0181 179.6617 -170.2817 21.1184 39.7211 100.0000 stroke12
movl 0 -46.8136 340.6288 248.2956 -150.4868 15.9047 54.6515 100.0000 stroke12
movl 0 -9.7332 370.2782 238.6224 -145.1434 -10.3063 80.8995 100.0000 stroke13
movl 0 -5.8467 381.2166 182.4790 -149.2331 1.2995 74.0974 100.0000 stroke13
movl 0 -11.6927 373.8237 172.9843 -151.5851 -1.6665 72.6767 100.0000 stroke13
movl 0 -17.6379 370.6477 173.6636 -153.9990 -1.4521 69.6295 100.0000 stroke13
movl 0 -20.2789 371.3671 173.0503 -155.1643 -0.8940 68.8144 100.0000 stroke13
movl 0 -22.4291 372.6302 171.1198 -154.9539 -0.3815 68.8764 100.0000 stroke13
movl 0 -27.3417 377.2028 169.9494 -158.0438 2.8253 67.0367 100.0000 stroke13
movl 0 -28.4355 381.1737 170.4455 -160.3117 6.5990 64.2943 100.0000 stroke13
movl 0 -29.7689 384.0385 170.7947 -162.7927 9.8037 61.5361 100.0000 stroke13
movl 0 -31.0849 386.2128 170.9913 -165.1701 12.5794 59.3514 100.0000 stroke13
movl 0 -29.8785 382.9112 172.3291 -164.0399 11.7316 58.9075 100.0000 stroke13
movl 0 -26.9618 381.3644 172.8262 -163.2425 11.5134 57.8276 100.0000 stroke13
movl 0 -29.5508 379.7150 173.3210 -163.8860 11.1275 56.9598 100.0000 stroke13
movl 0 -19.2294 361.9288 193.3239 -151.2586 0.5605 56.8580 100.0000 stroke13
movl 0 -12.0944 352.3208 240.2256 -142.7335 -3.6744 54.4191 100.0000 stroke14
movl 0 -10.9912 362.2371 182.0020 -148.7932 5.9093 50.5109 100.0000 stroke14
movl 0 -17.4781 364.7699 177.7904 -154.0255 8.7287 47.0615 100.0000 stroke14
movl 0 -20.9162 366.4647 175.4803 -156.1562 8.8702 46.2114 100.0000 stroke14
movl 0 -20.7316 367.3570 174.4078 -156.1542 8.4640 47.9577 100.0000 stroke14
movl 0 -22.0076 368.1098 172.6486 -156.0546 6.9430 51.7594 100.0000 stroke14
movl 0 -24.7291 368.8452 172.5684 -157.9691 5.6973 51.1548 100.0000 stroke14
movl 0 -25.4881 369.0304 172.8993 -158.9360 5.1805 49.5553 100.0000 stroke14
movl 0 -21.0010 370.6025 173.2048 -159.5489 5.4188 46.7064 100.0000 stroke14
movl 0 -15.5152 373.5102 173.1936 -160.7312 5.9861 43.1380 100.0000 stroke14
movl 0 -9.7992 375.8242 172.9870 -161.2486 6.8399 40.8196 100.0000 stroke14
movl 0 -3.7823 378.6841 172.2505 -161.0699 8.9918 39.7490 100.0000 stroke14
movl 0 1.2629 385.1720 170.9484 -163.4649 12.3207 36.7207 100.0000 stroke14
movl 0 5.8553 391.5204 169.0679 -165.7571 15.7198 34.0870 100.0000 stroke14
movl 0 8.6785 396.1336 167.8000 -167.8438 18.7255 32.0768 100.0000 stroke14
movl 0 9.0728 400.1213 167.4231 -171.4153 21.2473 29.2492 100.0000 stroke14
movl 0 8.6599 403.5570 166.6457 -174.6777 23.2332 26.9882 100.0000 stroke14
movl 0 7.2638 405.7845 165.8544 -177.0649 24.3488 25.7986 100.0000 stroke14
movl 0 5.9399 406.6499 165.0808 -178.3312 25.1837 25.5469 100.0000 stroke14
movl 0 3.4225 405.5645 165.4253 -178.2854 25.1878 26.5048 100.0000 stroke14
movl 0 6.8457 402.9047 166.5991 -176.3073 24.9091 26.7803 100.0000 stroke14
movl 0 6.8544 402.3049 166.8217 -176.4614 24.6707 26.5890 100.0000 stroke14
movl 0 5.9405 402.0194 166.8326 -176.9257 24.6991 26.5977 100.0000 stroke14
movl 0 6.1194 399.9429 167.7149 -175.8930 24.3058 27.0186 100.0000 stroke14
movl 0 14.6544 377.0944 175.5251 -163.3843 20.2269 31.4680 100.0000 stroke14
movl 0 7.2979 356.6739 175.4787 -158.5304 13.8670 35.2766 100.0000 stroke14
movl 0 1.6836 355.1247 173.9828 -159.8551 12.5323 35.6341 100.0000 stroke14
movl 0 0.5055 356.4713 173.0631 -160.4271 12.5733 35.4995 100.0000 stroke14
movl 0 -1.1905 358.9943 171.7235 -161.6757 13.2426 35.7491 100.0000 stroke14
movl 0 -2.3291 360.0162 170.8947 -162.1167 13.8088 36.8601 100.0000 stroke14
movl 0 -2.8784 359.8796 170.7051 -161.9502 13.7448 37.6496 100.0000 stroke14
movl 0 -2.1107 358.8533 170.9745 -161.0586 13.7219 38.1884 100.0000 stroke14
movl 0 0.9255 353.4976 172.9263 -157.6671 12.7369 39.7992 100.0000 stroke14
movl 0 2.9787 331.1029 188.1460 -144.4976 0.1200 49.5455 100.0000 stroke14
movl 0 -2.7466 373.1380 196.7639 -149.5530 -6.8961 80.8458 100.0000 stroke15
movl 0 -7.2473 378.2317 178.9726 -152.7238 1.7302 75.1274 100.0000 stroke15
movl 0 -15.1075 376.8871 179.5356 -156.4673 4.0505 69.8028 100.0000 stroke15
movl 0 -12.7633 375.3962 179.4552 -156.2845 4.3768 67.2515 100.0000 stroke15
movl 0 -16.9574 372.2486 180.2726 -157.3973 3.4772 66.9410 100.0000 stroke15
movl 0 -21.1987 371.1035 179.6943 -158.2663 3.7073 67.1241 100.0000 stroke15
movl 0 -22.9558 372.1888 178.9189 -159.3966 3.8877 66.5412 100.0000 stroke15
movl 0 -23.7057 373.1433 177.9171 -159.1312 4.1227 67.3046 100.0000 stroke15
movl 0 -25.4042 374.8141 176.7653 -159.8657 4.3336 67.0486 100.0000 stroke15
movl 0 -28.9094 375.0877 176.4845 -161.7490 4.0495 65.4505 100.0000 stroke15
movl 0 -31.4792 374.1571 176.8657 -162.6130 3.3118 64.6754 100.0000 stroke15
movl 0 -31.3146 374.5558 176.8106 -163.2607 3.2016 63.3221 100.0000 stroke15
movl 0 -29.4142 375.2559 177.0172 -163.8599 3.2001 61.1590 100.0000 stroke15
movl 0 -27.6305 375.9836 176.9379 -164.5744 3.2404 58.9151 100.0000 stroke15
movl 0 -25.7129 377.1035 176.7990 -165.2973 3.1107 56.6611 100.0000 stroke15
movl 0 -24.3172 376.3657 177.1125 -164.9537 3.0898 56.1498 100.0000 stroke15
movl 0 -22.5713 374.8876 177.7349 -164.0840 2.8915 55.8858 100.0000 stroke15
movl 0 -23.5729 376.2618 177.4746 -165.1086 3.5567 55.5601 100.0000 stroke15
movl 0 -22.7600 376.7793 177.1185 -165.1109 4.3466 55.4925 100.0000 stroke15
movl 0 -13.6836 369.8388 180.2628 -156.4499 4.6117 61.2849 100.0000 stroke15
movl 0 5.5182 363.2841 218.9037 -143.3714 -1.5932 64.1068 100.0000 stroke15
movl 0 -0.0122 372.9538 235.8249 -143.5415 7.3569 61.0939 100.0000 stroke16
movl 0 -6.3322 365.7180 187.9338 -149.6523 8.8954 56.0855 100.0000 stroke16
movl 0 -5.1885 369.2460 173.7628 -152.8795 9.7091 54.0000 100.0000 stroke16
movl 0 -9.8551 369.5660 173.1288 -154.6900 9.1140 52.8799 100.0000 stroke16
movl 0 -10.3627 371.1883 172.6033 -155.6927 9.4660 51.6777 100.0000 stroke16
movl 0 -11.6862 372.5344 171.9946 -156.5549 9.7238 51.0388 100.0000 stroke16
movl 0 -14.4006 374.7879 171.0291 -158.0458 9.8415 50.5399 100.0000 stroke16
movl 0 -17.2122 376.9164 170.6387 -159.9872 10.0328 49.5945 100.0000 stroke16
movl 0 -16.7239 378.4957 170.2500 -160.9482 10.6931 48.3620 100.0000 stroke16
movl 0 -17.1029 379.8273 170.1736 -161.9316 11.9750 47.6778 100.0000 stroke16
movl 0 -18.0071 381.3687 170.3426 -163.7654 13.4143 46.2707 100.0000 stroke16
movl 0 -19.1024 382.7560 170.4543 -165.6763 14.8678 44.5230 100.0000 stroke16
movl 0 -19.6261 384.2259 170.3703 -167.2218 16.2536 42.8321 100.0000 stroke16
movl 0 -19.2508 382.2906 171.2219 -166.5985 15.7686 42.6184 100.0000 stroke16
movl 0 -17.7982 381.8900 171.3314 -166.4402 16.1318 42.3161 100.0000 stroke16
movl 0 -18.4435 381.8115 171.4530 -166.8986 16.1372 41.9283 100.0000 stroke16
movl 0 -16.2830 377.2634 172.8971 -163.7566 14.6272 41.9684 100.0000 stroke16
movl 0 -8.0228 361.7582 193.0991 -151.1075 8.2465 44.1778 100.0000 stroke16
movl 0 1.1404 369.0861 218.2368 -147.9712 8.5551 52.5051 100.0000 stroke17
movl 0 -4.6462 365.8107 183.1445 -151.5546 9.0440 50.5433 100.0000 stroke17
movl 0 -5.6640 367.5564 174.6734 -154.2018 9.4892 49.0099 100.0000 stroke17
movl 0 -7.7134 367.6819 174.5824 -155.9017 9.5337 47.6709 100.0000 stroke17
movl 0 -7.7952 370.0261 173.7334 -157.2276 9.8464 46.4696 100.0000 stroke17
movl 0 -7.7659 371.5509 172.9829 -157.6512 9.9747 45.8774 100.0000 stroke17
movl 0 -9.5617 375.6703 171.2854 -159.2881 10.3187 45.6765 100.0000 stroke17
movl 0 -9.8029 379.5036 170.2807 -161.3416 11.3443 44.2720 100.0000 stroke17
movl 0 -7.9105 381.7813 169.4969 -162.0635 12.4432 43.1561 100.0000 stroke17
movl 0 -8.4991 383.2667 169.7008 -163.4862 14.0674 42.2706 100.0000 stroke17
movl 0 -9.3952 385.9090 169.9993 -166.5314 16.3082 39.9003 100.0000 stroke17
movl 0 -10.5467 387.0398 170.0356 -168.4397 17.6824 38.4440 100.0000 stroke17
movl 0 -10.4266 385.4690 170.6719 -167.9018 17.3853 38.5318 100.0000 stroke17
movl 0 -7.7320 382.8221 171.6350 -165.9068 16.5113 38.7445 100.0000 stroke17
movl 0 -7.9609 383.5030 171.5657 -166.7940 17.1043 38.1639 100.0000 stroke17
movl 0 -8.6910 384.1960 171.5148 -167.9060 17.7679 37.5659 100.0000 stroke17
movl 0 -9.0346 383.7598 171.6464 -167.8594 17.5653 37.4663 100.0000 stroke17
movl 0 -8.5691 382.5637 172.1086 -166.9766 17.1572 37.7172 100.0000 stroke17
movl 0 -0.3658 370.5773 177.4774 -157.6648 12.9980 41.6175 100.0000 stroke17
movl 0 7.3531 343.9055 237.6068 -143.0374 1.6829 47.6273 100.0000 stroke17
