movl 0 -43.3186 392.8704 168.7521 158.2895 -21.8001 -159.6728 100.0000 stroke1
movl 0 -43.3905 393.2411 168.5877 158.5685 -21.6994 -160.1717 100.0000 stroke1
movl 0 -43.3532 393.5714 168.4661 158.7103 -21.7486 -160.2344 100.0000 stroke1
movl 0 -43.2003 393.8847 168.3084 158.8369 -21.8591 -160.2616 100.0000 stroke1
movl 0 -43.0962 394.4167 168.1026 158.9765 -22.0183 -160.1254 100.0000 stroke1
movl 0 -43.3739 395.4631 167.7041 159.5621 -22.1551 -160.5570 100.0000 stroke1
movl 0 -44.7382 395.9370 167.3510 160.0631 -22.0101 -160.7535 100.0000 stroke1
movl 0 -46.1197 396.0846 167.1055 160.4814 -21.7674 -161.2298 100.0000 stroke1
movl 0 -46.8356 396.5558 166.5550 160.6286 -21.5231 -161.5252 100.0000 stroke1
movl 0 -47.1900 397.3520 165.8532 160.7797 -21.5175 -161.7692 100.0000 stroke1
movl 0 -47.3842 397.3932 165.2328 160.6604 -21.2215 -162.0783 100.0000 stroke1
movl 0 -48.7316 397.9481 165.0592 161.2597 -20.5529 -162.7667 100.0000 stroke1
movl 0 -50.1309 398.0044 165.2099 161.7293 -19.7442 -163.4429 100.0000 stroke1
movl 0 -51.1241 397.5181 165.6134 162.0088 -19.0061 -164.0397 100.0000 stroke1
movl 0 -52.2273 396.6786 165.9591 161.8441 -18.2412 -164.2576 100.0000 stroke1
movl 0 -52.8648 396.5802 166.0895 161.9753 -17.4841 -164.9522 100.0000 stroke1
movl 0 -52.0205 397.0114 166.1897 162.3325 -17.0073 -166.4349 100.0000 stroke1
movl 0 -50.4652 397.6492 166.2453 162.6849 -16.4302 -168.3978 100.0000 stroke1
movl 0 -49.4503 398.3053 166.0931 162.9586 -15.9528 -169.8652 100.0000 stroke1
movl 0 -48.7310 395.8291 166.7008 161.5670 -16.1740 -168.9039 100.0000 stroke1
movl 0 -47.6775 394.5430 167.0055 160.6601 -16.3338 -168.4954 100.0000 stroke1
movl 0 -48.0383 395.0379 167.1311 161.2207 -16.2443 -168.5621 100.0000 stroke1
movl 0 -48.4676 396.7718 167.5327 162.7926 -16.4536 -168.8834 100.0000 stroke1
movl 0 -46.7044 388.0962 169.2004 156.0092 -16.9350 -159.0294 100.0000 stroke1
movl 0 -35.1872 373.4767 180.4591 141.3787 -7.7135 -138.1413 100.0000 stroke1
movl 0 -36.1455 355.5376 239.2752 133.5197 5.0988 -126.9145 100.0000 stroke1
movl 0 -38.2163 391.0827 222.2927 144.6015 -14.1457 -135.2304 100.0000 stroke2
movl 0 -40.5671 383.1554 179.1534 145.4774 -7.5066 -135.3712 100.0000 stroke2
movl 0 -43.2890 387.3839 170.5982 150.3137 -8.7571 -138.5472 100.0000 stroke2
movl 0 -47.6099 388.3978 171.3407 153.3652 -9.2301 -140.9739 100.0000 stroke2
movl 0 -46.4469 391.9319 170.8508 155.0668 -10.8020 -142.4561 100.0000 stroke2
movl 0 -47.9895 394.2968 170.3617 156.3304 -10.9529 -143.0719 100.0000 stroke2
movl 0 -50.3358 398.8089 169.5782 159.1496 -11.9589 -144.7765 100.0000 stroke2
movl 0 -49.3855 401.9991 169.1243 161.1360 -13.3750 -147.2368 100.0000 stroke2
movl 0 -48.3303 404.4064 168.7040 162.4642 -14.9194 -149.1059 100.0000 stroke2
movl 0 -47.9750 407.2405 168.9745 165.4785 -17.0723 -152.4265 100.0000 stroke2
movl 0 -48.0439 410.7413 169.4127 169.7593 -19.2628 -157.0209 100.0000 stroke2
movl 0 -48.7385 414.3764 169.4074 174.6642 -20.9931 -161.6920 100.0000 stroke2
movl 0 -47.0313 413.3293 170.0023 174.4719 -21.4708 -163.1372 100.0000 stroke2
movl 0 -47.7754 413.7355 170.0123 175.8140 -21.5093 -164.7385 100.0000 stroke2
movl 0 -44.8738 405.6415 172.1117 170.6174 -21.4956 -164.4683 100.0000 stroke2
movl 0 -46.0351 379.0841 197.7560 153.2989 -17.9366 -159.1789 100.0000 stroke2
movl 0 -30.3516 382.2326 184.9248 150.0417 -20.5301 -148.5470 100.0000 stroke3
movl 0 -38.9701 385.3648 171.9449 156.2702 -18.7385 -154.3077 100.0000 stroke3
movl 0 -42.7571 388.5819 170.6658 158.8036 -18.9861 -155.2401 100.0000 stroke3
movl 0 -44.9834 390.2958 169.2515 158.9976 -19.2183 -153.1921 100.0000 stroke3
movl 0 -45.9884 393.1185 167.7685 159.6862 -19.1389 -151.9729 100.0000 stroke3
movl 0 -47.1086 394.0007 167.5647 160.4134 -18.6983 -151.8475 100.0000 stroke3
movl 0 -48.1226 394.3486 168.0225 161.3084 -17.5834 -152.8178 100.0000 stroke3
movl 0 -50.1868 393.4124 168.5819 161.5450 -16.3950 -153.3336 100.0000 stroke3
movl 0 -49.4200 393.7928 168.7970 162.2275 -15.7619 -155.4967 100.0000 stroke3
movl 0 -47.7205 394.7180 169.0766 163.1729 -14.9358 -158.7163 100.0000 stroke3
movl 0 -47.0541 393.9388 169.4015 162.9127 -14.8009 -159.1191 100.0000 stroke3
movl 0 -45.4280 392.6353 169.6609 162.0111 -15.1395 -158.8778 100.0000 stroke3
movl 0 -45.7427 392.1891 169.9902 162.1605 -14.9838 -158.7078 100.0000 stroke3
movl 0 -46.4392 393.5912 170.3659 163.7297 -15.4366 -159.0566 100.0000 stroke3
movl 0 -37.0525 384.1857 175.7284 154.7967 -18.8797 -150.6347 100.0000 stroke3
movl 0 -35.8147 376.0060 225.4861 148.1003 -19.7432 -145.1763 100.0000 stroke3
movl 0 -37.5948 386.1136 234.2805 152.5082 -25.7192 -147.7813 100.0000 stroke4
movl 0 -36.0469 385.5696 184.1676 157.4542 -23.3535 -151.8329 100.0000 stroke4
movl 0 -40.8548 387.3907 173.0068 162.1264 -21.6026 -156.9625 100.0000 stroke4
movl 0 -46.7394 387.0364 172.5990 163.4356 -20.6497 -157.8654 100.0000 stroke4
movl 0 -48.0854 389.6064 170.6308 163.6047 -21.3942 -155.2040 100.0000 stroke4
movl 0 -49.1776 391.1815 169.5108 164.0685 -20.9228 -154.5821 100.0000 stroke4
movl 0 -53.5225 390.6915 170.3007 165.8053 -18.7104 -157.1033 100.0000 stroke4
movl 0 -56.3430 389.3586 170.9852 165.9983 -17.4911 -157.9099 100.0000 stroke4
movl 0 -56.3772 389.4359 171.1720 166.4876 -16.9535 -159.4126 100.0000 stroke4
movl 0 -54.1004 390.8170 171.3691 167.4455 -16.6780 -162.1638 100.0000 stroke4
movl 0 -51.3491 392.2657 171.4028 168.4008 -16.0893 -165.3197 100.0000 stroke4
movl 0 -49.7997 392.9371 171.2850 168.7321 -15.9213 -166.7563 100.0000 stroke4
movl 0 -46.4252 390.1545 172.3911 166.9120 -16.9060 -165.8857 100.0000 stroke4
movl 0 -47.7284 392.0780 172.3986 168.8171 -16.7150 -166.5557 100.0000 stroke4
movl 0 -48.4279 392.4034 172.2109 169.1761 -16.6621 -166.3676 100.0000 stroke4
movl 0 -47.1628 389.8556 172.7206 166.3704 -17.3384 -162.7933 100.0000 stroke4
movl 0 -42.1321 387.0346 195.7744 161.4682 -20.9867 -156.8626 100.0000 stroke4
movl 0 -8.5534 416.1963 198.0363 148.2295 -18.6523 -135.8582 100.0000 stroke5
movl 0 -10.3435 411.3187 174.0597 150.9760 -14.2931 -139.5504 100.0000 stroke5
movl 0 -7.9771 413.1613 170.5220 153.7141 -14.4280 -143.1593 100.0000 stroke5
movl 0 -6.6853 414.1201 168.8028 154.4496 -15.2717 -143.7330 100.0000 stroke5
movl 0 -8.7589 415.1973 167.7037 154.6537 -14.6732 -142.8754 100.0000 stroke5
movl 0 -10.7261 418.8446 165.8923 155.9572 -14.8623 -142.5144 100.0000 stroke5
movl 0 -11.6561 423.5913 164.9736 159.5151 -16.5488 -145.5764 100.0000 stroke5
movl 0 -10.7342 426.0028 164.3921 160.8661 -17.8675 -147.0443 100.0000 stroke5
movl 0 -10.6310 427.2855 164.3413 161.9400 -19.2405 -147.5845 100.0000 stroke5
movl 0 -11.0747 427.6770 164.7461 162.9107 -20.6587 -147.9521 100.0000 stroke5
movl 0 -9.9293 424.8523 166.3028 161.2177 -22.0214 -145.8163 100.0000 stroke5
movl 0 -9.0778 411.6090 183.3724 151.5597 -21.2407 -138.2881 100.0000 stroke5
movl 0 -6.9928 402.9259 189.7944 145.3600 -17.4734 -131.4293 100.0000 stroke6
movl 0 -4.9920 403.4108 167.3665 149.8752 -16.9851 -136.4825 100.0000 stroke6
movl 0 -10.4424 404.7396 166.7444 152.2623 -15.2502 -137.4802 100.0000 stroke6
movl 0 -12.7400 406.6943 164.8955 152.9753 -14.6848 -136.5599 100.0000 stroke6
movl 0 -13.8965 408.9391 163.6771 153.6756 -14.6887 -136.2948 100.0000 stroke6
movl 0 -15.6866 411.9017 163.2112 156.1520 -15.5898 -138.4877 100.0000 stroke6
movl 0 -14.7235 414.2249 163.2218 157.6074 -17.0762 -140.4583 100.0000 stroke6
movl 0 -14.2562 416.6082 163.4780 159.8909 -19.3063 -142.7658 100.0000 stroke6
movl 0 -14.5256 419.1788 164.0882 163.8973 -21.8925 -147.6225 100.0000 stroke6
movl 0 -14.8806 421.8803 164.3642 168.0220 -23.8582 -152.2562 100.0000 stroke6
movl 0 -16.1099 425.4160 164.2917 173.1880 -25.4715 -157.4048 100.0000 stroke6
movl 0 -16.4926 425.1121 164.9308 174.2775 -25.5892 -159.1032 100.0000 stroke6
movl 0 -17.1438 425.3694 164.7894 174.8873 -25.5732 -159.3882 100.0000 stroke6
movl 0 -16.4789 418.9857 167.8654 170.8920 -24.3266 -157.7282 100.0000 stroke6
movl 0 -17.1416 390.8877 204.9243 153.3248 -15.4257 -147.0069 100.0000 stroke6
movl 0 -20.5601 383.2790 196.0846 146.1959 -2.7903 -126.1825 100.0000 stroke7
movl 0 -18.3273 384.3187 177.0665 148.7461 -2.6606 -130.2803 100.0000 stroke7
movl 0 -22.3514 388.8883 172.5582 152.0322 -3.6699 -132.1638 100.0000 stroke7
movl 0 -23.9794 390.8735 171.6446 153.4499 -3.3822 -133.0396 100.0000 stroke7
movl 0 -24.7468 393.1220 170.6217 154.1602 -3.8123 -132.8697 100.0000 stroke7
movl 0 -26.3176 394.7373 170.0102 155.2390 -3.6905 -132.9594 100.0000 stroke7
movl 0 -28.1404 395.5156 169.9983 156.3961 -3.1897 -134.0274 100.0000 stroke7
movl 0 -24.2652 397.4647 169.7591 156.9949 -4.0414 -137.1214 100.0000 stroke7
movl 0 -18.6245 400.7624 169.0270 157.3731 -5.9101 -140.0249 100.0000 stroke7
movl 0 -11.7497 406.5996 166.9862 157.8304 -9.8368 -141.5906 100.0000 stroke7
movl 0 -4.0748 413.8874 164.1936 159.7138 -14.2982 -144.4689 100.0000 stroke7
movl 0 -1.7695 417.3814 163.0740 160.8266 -16.8076 -145.5742 100.0000 stroke7
movl 0 -1.0993 421.2259 163.5951 164.6264 -20.2711 -149.6916 100.0000 stroke7
movl 0 -1.7828 425.1508 163.7466 169.7524 -22.9821 -155.0775 100.0000 stroke7
movl 0 -3.2589 429.3146 163.4792 175.1560 -24.8323 -160.0666 100.0000 stroke7
movl 0 -5.0211 432.9143 163.1383 -179.7460 -25.6396 -164.6409 100.0000 stroke7
movl 0 -7.2537 435.0340 162.9726 -176.3891 -25.8288 -167.2477 100.0000 stroke7
movl 0 -4.0532 429.6743 165.2570 -179.7973 -25.6690 -166.7150 100.0000 stroke7
movl 0 -5.1548 430.2406 165.1962 -178.5295 -25.4555 -167.3744 100.0000 stroke7
movl 0 -4.7960 423.7629 168.4260 177.2490 -25.1380 -165.6688 100.0000 stroke7
movl 0 -6.0982 386.1203 208.4311 152.5214 -19.7693 -154.7171 100.0000 stroke7
movl 0 -12.2373 374.7650 185.2556 151.2555 -17.5821 -150.5499 100.0000 stroke8
movl 0 -16.1920 375.8110 173.6133 156.2323 -17.6254 -156.0718 100.0000 stroke8
movl 0 -24.3352 374.9293 173.3277 157.9817 -15.5045 -157.7380 100.0000 stroke8
movl 0 -24.8981 377.5062 171.2891 157.6332 -15.9552 -157.4683 100.0000 stroke8
movl 0 -29.2708 379.9696 170.3410 158.4291 -15.4055 -157.4698 100.0000 stroke8
movl 0 -29.7106 381.4743 169.4126 158.8244 -15.0859 -157.6351 100.0000 stroke8
movl 0 -30.6439 382.1513 168.8608 159.0273 -14.6377 -157.7358 100.0000 stroke8
movl 0 -31.1986 382.7136 168.7507 159.8329 -14.0729 -158.7993 100.0000 stroke8
movl 0 -32.3778 382.8718 168.7693 160.0284 -13.6376 -159.0755 100.0000 stroke8
movl 0 -31.2865 383.3084 168.7703 160.3368 -13.5141 -160.1877 100.0000 stroke8
movl 0 -28.4619 384.3882 168.6565 161.0069 -13.4827 -162.7233 100.0000 stroke8
movl 0 -26.5277 385.0683 168.5670 161.3543 -13.5670 -164.2961 100.0000 stroke8
movl 0 -25.8826 383.4885 169.0050 160.3866 -13.5826 -163.8771 100.0000 stroke8
movl 0 -26.4819 384.7766 168.8993 161.5935 -13.6227 -164.2534 100.0000 stroke8
movl 0 -25.1870 379.3669 173.8061 158.0833 -14.8593 -159.1610 100.0000 stroke8
movl 0 -30.0057 356.6481 246.9873 146.7636 -12.8867 -149.1900 100.0000 stroke8
movl 0 -18.5103 373.7656 229.3768 148.2851 -19.6544 -146.5710 100.0000 stroke9
movl 0 -14.4461 377.7317 184.4639 156.0617 -20.1484 -153.4649 100.0000 stroke9
movl 0 -16.5533 380.4994 170.8787 160.5483 -19.9359 -158.6064 100.0000 stroke9
movl 0 -18.9431 382.4113 171.3182 161.9676 -20.0691 -159.8486 100.0000 stroke9
movl 0 -20.4041 383.2398 170.2467 162.2344 -20.1497 -159.8791 100.0000 stroke9
movl 0 -21.7231 384.7059 169.3906 162.8938 -19.7989 -160.6297 100.0000 stroke9
movl 0 -23.4059 385.9253 168.7886 163.8125 -18.9984 -161.5852 100.0000 stroke9
movl 0 -25.4707 385.3903 169.2497 164.4029 -18.0390 -162.5417 100.0000 stroke9
movl 0 -25.5743 385.0039 169.5957 164.6724 -17.3425 -164.1569 100.0000 stroke9
movl 0 -22.4805 386.0862 169.3738 165.9230 -16.9403 -168.3019 100.0000 stroke9
movl 0 -21.9010 386.6775 169.3042 166.5693 -16.6656 -169.9889 100.0000 stroke9
movl 0 -20.1050 384.1350 170.6894 164.7681 -17.8696 -167.8978 100.0000 stroke9
movl 0 -18.1093 375.7820 209.5980 154.6616 -18.8708 -155.7391 100.0000 stroke9
movl 0 -29.7019 376.4975 229.2237 148.8101 -21.2380 -138.5809 100.0000 stroke10
movl 0 -28.1134 375.2881 176.3289 155.5327 -20.9833 -145.4653 100.0000 stroke10
movl 0 -29.5386 373.3083 168.8414 158.2287 -19.8951 -149.4510 100.0000 stroke10
movl 0 -33.8163 369.5056 168.8413 157.5200 -17.8447 -149.7901 100.0000 stroke10
movl 0 -37.2726 369.5953 168.0881 157.9642 -17.0975 -149.9468 100.0000 stroke10
movl 0 -41.4807 370.0695 168.1830 159.2635 -15.5297 -150.9676 100.0000 stroke10
movl 0 -44.4642 370.1751 168.7775 160.7627 -14.4057 -152.4851 100.0000 stroke10
movl 0 -46.5583 369.2305 168.9605 160.9337 -13.3614 -153.1521 100.0000 stroke10
movl 0 -45.7857 369.3703 168.9524 161.2221 -12.9878 -154.5695 100.0000 stroke10
movl 0 -43.7983 370.1419 169.0022 161.9322 -12.8275 -156.9107 100.0000 stroke10
movl 0 -41.1095 370.9788 169.0305 162.6536 -12.7241 -159.5130 100.0000 stroke10
movl 0 -39.4160 371.9209 169.0890 163.4270 -12.1193 -162.0697 100.0000 stroke10
movl 0 -38.1133 372.8472 169.0109 164.1379 -11.7373 -164.1530 100.0000 stroke10
movl 0 -36.4023 370.0410 169.8083 162.5600 -12.4365 -163.1642 100.0000 stroke10
movl 0 -34.8891 368.7115 170.3181 161.7371 -12.7838 -163.0773 100.0000 stroke10
movl 0 -34.6901 368.7271 170.3596 161.8773 -12.8509 -162.9859 100.0000 stroke10
movl 0 -34.7040 370.2963 170.6863 163.9163 -13.2576 -163.8511 100.0000 stroke10
movl 0 -31.9340 364.1702 172.1878 158.6043 -15.5015 -156.3547 100.0000 stroke10
movl 0 -26.8461 347.7674 221.9978 144.9385 -14.5483 -143.9207 100.0000 stroke10
movl 0 -35.7915 385.7026 194.2390 169.9657 -25.4774 -162.9252 100.0000 stroke11
movl 0 -34.3105 377.0937 174.6453 166.5713 -21.9122 -161.5641 100.0000 stroke11
movl 0 -37.8748 374.4737 174.5911 165.6447 -19.4644 -161.5523 100.0000 stroke11
movl 0 -39.5650 375.0338 173.8383 165.1998 -18.5137 -160.9890 100.0000 stroke11
movl 0 -39.7254 377.1288 172.7479 165.6582 -18.4132 -160.8782 100.0000 stroke11
movl 0 -42.3995 380.8438 171.7262 168.0124 -18.0882 -161.5833 100.0000 stroke11
movl 0 -42.2453 383.7950 171.0207 169.9505 -18.4875 -162.6878 100.0000 stroke11
movl 0 -42.3982 384.3685 170.8092 170.6660 -19.0559 -162.5606 100.0000 stroke11
movl 0 -43.1166 383.9923 170.9101 171.6025 -19.6388 -162.5260 100.0000 stroke11
movl 0 -45.4569 383.6042 171.1046 172.9734 -20.2033 -162.2851 100.0000 stroke11
movl 0 -49.4127 381.7277 171.2848 173.6327 -20.4552 -161.0916 100.0000 stroke11
movl 0 -53.8757 380.2469 171.2946 174.2274 -20.6507 -159.7687 100.0000 stroke11
movl 0 -57.8949 378.5704 171.5417 174.3035 -20.7572 -158.6489 100.0000 stroke11
movl 0 -60.8443 377.3295 172.0228 174.0547 -20.9758 -157.6421 100.0000 stroke11
movl 0 -62.4033 374.1999 174.1919 172.2239 -22.0168 -155.5858 100.0000 stroke11
movl 0 -62.3455 351.2302 209.8930 158.1904 -22.1405 -146.1118 100.0000 stroke11
movl 0 -14.0455 375.2684 215.1777 147.0418 -16.6417 -130.9646 100.0000 stroke12
movl 0 -11.6587 376.3940 179.1678 152.3233 -19.7923 -135.6122 100.0000 stroke12
movl 0 -17.1941 376.5577 169.8089 156.6895 -19.8124 -139.8018 100.0000 stroke12
movl 0 -24.7969 373.0455 170.1784 156.6960 -16.8946 -139.1701 100.0000 stroke12
movl 0 -26.2476 372.3886 169.4646 156.5265 -16.3625 -138.9112 100.0000 stroke12
movl 0 -29.8980 373.9073 168.1328 157.1930 -16.1345 -138.1526 100.0000 stroke12
movl 0 -33.7272 377.0262 167.4938 160.8390 -16.3527 -141.3477 100.0000 stroke12
movl 0 -33.6217 379.6049 167.8080 163.6373 -18.0806 -144.6312 100.0000 stroke12
movl 0 -34.2218 382.9270 168.4280 167.9948 -19.9429 -149.2523 100.0000 stroke12
movl 0 -35.2365 385.7218 168.6000 171.8694 -21.0344 -152.9135 100.0000 stroke12
movl 0 -36.5361 388.2454 168.5175 175.6949 -21.7392 -156.0693 100.0000 stroke12
movl 0 -34.6953 386.0451 169.4678 174.1106 -21.7492 -155.7092 100.0000 stroke12
movl 0 -36.1132 386.2772 169.1834 174.7812 -21.4448 -155.5303 100.0000 stroke12
movl 0 -29.6188 371.9631 175.2851 162.3711 -18.9927 -149.0082 100.0000 stroke12
movl 0 -29.2269 346.9475 233.5494 142.0017 -1.9293 -132.7857 100.0000 stroke12
movl 0 -16.7083 370.3972 206.1670 149.0864 -14.8416 -132.4051 100.0000 stroke13
movl 0 -18.4007 365.9653 173.1323 154.8308 -16.7852 -139.2480 100.0000 stroke13
movl 0 -26.8952 361.5542 173.4245 157.4863 -14.9983 -142.6276 100.0000 stroke13
movl 0 -28.5001 363.3957 171.8454 158.4263 -14.9428 -142.2808 100.0000 stroke13
movl 0 -29.4377 364.3352 170.2368 157.2897 -13.3453 -138.5845 100.0000 stroke13
movl 0 -33.2033 365.4179 169.8254 158.8164 -11.8243 -138.5847 100.0000 stroke13
movl 0 -36.9101 365.1066 170.5187 160.1559 -10.3958 -139.9163 100.0000 stroke13
movl 0 -36.9360 365.3773 170.7402 160.7425 -10.1050 -141.3356 100.0000 stroke13
movl 0 -31.5205 367.1213 170.6834 161.5749 -10.8003 -145.2389 100.0000 stroke13
movl 0 -25.2212 370.4191 170.1773 162.8547 -11.8234 -149.2096 100.0000 stroke13
movl 0 -20.3492 371.3845 170.2243 162.4511 -13.2170 -149.8900 100.0000 stroke13
movl 0 -14.4926 376.7125 168.2960 163.5284 -16.2259 -151.0369 100.0000 stroke13
movl 0 -9.0818 384.5898 165.8836 167.6036 -19.6501 -154.4367 100.0000 stroke13
movl 0 -4.3477 392.1718 162.9949 170.2536 -22.9849 -156.0802 100.0000 stroke13
movl 0 -3.2469 396.2363 161.3416 173.1180 -25.4853 -157.4840 100.0000 stroke13
movl 0 -5.4353 399.1962 160.8823 176.6593 -26.8301 -158.9989 100.0000 stroke13
movl 0 -7.1283 399.0869 161.1887 177.7870 -27.2978 -159.0160 100.0000 stroke13
movl 0 -7.2631 397.6468 161.9366 177.2082 -27.0681 -158.9072 100.0000 stroke13
movl 0 -1.5731 381.7647 169.1077 164.9817 -25.0527 -152.8476 100.0000 stroke13
movl 0 -2.5896 348.6587 230.0351 145.6419 -14.9660 -139.9858 100.0000 stroke13
movl 0 -16.9019 349.7264 202.4397 147.4682 -6.8431 -131.2380 100.0000 stroke14
movl 0 -25.1412 352.8510 176.9921 154.1835 -9.6755 -136.0671 100.0000 stroke14
movl 0 -32.0850 350.7040 176.2642 157.2246 -9.6361 -139.7938 100.0000 stroke14
movl 0 -40.0990 349.3729 176.4095 159.4604 -8.9418 -140.5128 100.0000 stroke14
movl 0 -42.7076 350.4000 175.0970 160.0361 -9.4404 -139.6152 100.0000 stroke14
movl 0 -45.4161 351.1389 174.0181 160.5155 -9.1657 -139.4625 100.0000 stroke14
movl 0 -48.2539 351.7679 173.3892 161.5661 -8.6117 -140.4308 100.0000 stroke14
movl 0 -50.7089 351.9306 173.4939 162.9397 -8.1121 -141.9027 100.0000 stroke14
movl 0 -52.2435 351.2240 173.6127 163.2041 -7.4688 -142.5320 100.0000 stroke14
movl 0 -53.4507 350.8243 173.5968 163.5513 -6.7774 -143.2968 100.0000 stroke14
movl 0 -52.7620 351.4346 173.7486 164.0368 -6.7378 -144.6280 100.0000 stroke14
movl 0 -51.6567 352.1923 174.0500 164.7225 -6.8537 -146.4250 100.0000 stroke14
movl 0 -50.5669 353.3856 174.3579 165.6273 -6.8191 -148.6580 100.0000 stroke14
movl 0 -49.4092 354.5292 174.9489 166.6946 -6.5875 -151.3418 100.0000 stroke14
movl 0 -48.9546 355.4496 175.3432 167.6114 -6.1128 -153.5954 100.0000 stroke14
movl 0 -48.7318 356.3690 175.4898 168.3768 -5.6717 -155.6328 100.0000 stroke14
movl 0 -48.0160 356.4449 175.5855 168.5618 -5.6335 -156.3120 100.0000 stroke14
movl 0 -44.5423 352.9825 177.0554 166.4279 -6.4161 -155.7855 100.0000 stroke14
movl 0 -44.1882 353.8107 176.8898 166.8895 -6.7593 -155.9369 100.0000 stroke14
movl 0 -44.1200 355.1778 177.1730 168.2916 -7.3353 -156.7409 100.0000 stroke14
movl 0 -43.8539 355.4522 177.2690 168.8435 -7.6106 -157.1963 100.0000 stroke14
movl 0 -43.1938 355.3769 177.1447 168.5992 -8.0988 -156.8152 100.0000 stroke14
movl 0 -42.6343 353.6110 177.1200 167.1510 -8.8918 -155.0390 100.0000 stroke14
movl 0 -41.2986 353.8356 177.0357 166.6467 -9.5342 -154.5791 100.0000 stroke14
movl 0 -35.3285 350.3968 179.8135 163.5766 -10.8579 -153.4492 100.0000 stroke14
movl 0 -27.4968 335.0603 214.6989 155.1501 -10.1848 -148.7151 100.0000 stroke14
