movl 0 -20.6155 384.4105 179.6274 163.9123 -26.5622 179.9131 100.0000 stroke1
movl 0 -20.1463 384.0688 179.3662 163.8998 -26.9366 178.3554 100.0000 stroke1
movl 0 -17.9202 387.1427 178.4114 165.5725 -27.6612 176.3204 100.0000 stroke1
movl 0 -18.3842 390.6197 178.3572 166.7074 -27.9072 175.2051 100.0000 stroke1
movl 0 -22.7704 392.9555 178.8993 166.9832 -26.9460 174.1050 100.0000 stroke1
movl 0 -26.0947 392.0475 178.7617 165.4910 -25.7774 175.2311 100.0000 stroke1
movl 0 -27.6552 391.7111 178.6931 164.5053 -25.3411 177.2985 100.0000 stroke1
movl 0 -32.6376 391.2497 177.8627 162.8293 -23.6509 -179.5333 100.0000 stroke1
movl 0 -35.8818 390.8921 176.8929 161.2151 -22.2616 -176.6771 100.0000 stroke1
movl 0 -39.5586 391.2605 175.4967 160.4544 -20.7831 -174.7389 100.0000 stroke1
movl 0 -44.1228 393.0470 173.7630 161.9745 -19.4178 -175.4687 100.0000 stroke1
movl 0 -46.6216 395.3615 172.5136 163.9364 -18.3734 -176.6239 100.0000 stroke1
movl 0 -47.1055 397.8232 171.5503 165.6223 -18.0345 -178.3969 100.0000 stroke1
movl 0 -47.1770 400.0118 170.5968 167.3095 -17.7941 179.3030 100.0000 stroke1
movl 0 -46.3556 401.9241 170.1498 168.5891 -18.2265 178.0712 100.0000 stroke1
movl 0 -47.2472 402.8625 169.8917 169.7465 -18.5956 177.7813 100.0000 stroke1
movl 0 -47.0753 403.3045 169.7146 170.6200 -19.0522 176.8036 100.0000 stroke1
movl 0 -47.6887 402.9528 169.7701 171.3132 -19.2985 175.7359 100.0000 stroke1
movl 0 -47.7965 402.6875 169.9311 172.0229 -19.6418 174.8148 100.0000 stroke1
movl 0 -48.1684 402.4743 170.1593 172.6656 -19.7294 173.8871 100.0000 stroke1
movl 0 -48.4491 402.4922 170.3620 173.5217 -19.8493 172.7732 100.0000 stroke1
movl 0 -48.7558 402.3265 170.6670 174.2803 -19.9498 171.7550 100.0000 stroke1
movl 0 -49.0499 402.1042 170.9561 174.9265 -20.0239 170.9214 100.0000 stroke1
movl 0 -49.4044 401.8468 171.2278 175.4642 -20.0628 170.2071 100.0000 stroke1
movl 0 -49.6898 401.4206 171.5026 175.9034 -20.1325 169.6127 100.0000 stroke1
movl 0 -50.1535 401.0182 171.7588 176.2404 -20.1192 169.1300 100.0000 stroke1
movl 0 -50.4004 400.8025 171.9530 176.6003 -20.1500 168.7753 100.0000 stroke1
movl 0 -51.3037 400.2423 172.2078 177.0233 -20.0419 168.4881 100.0000 stroke1
movl 0 -51.7224 399.8840 172.2110 177.5254 -20.0872 167.9812 100.0000 stroke1
movl 0 -52.0336 399.4488 172.4396 177.8817 -20.1177 167.6241 100.0000 stroke1
movl 0 -52.5592 399.0724 172.6526 178.1710 -20.0855 167.4129 100.0000 stroke1
movl 0 -53.2286 398.5867 172.8169 178.3486 -20.0158 167.4020 100.0000 stroke1
movl 0 -54.0631 397.8762 173.0340 178.5125 -19.9999 167.5796 100.0000 stroke1
movl 0 -54.9206 397.2203 173.2470 178.7140 -19.9630 167.6958 100.0000 stroke1
movl 0 -55.6953 396.5800 173.5242 178.8489 -19.9088 167.7552 100.0000 stroke1
movl 0 -56.1983 396.1478 173.7402 178.9473 -19.8942 167.7946 100.0000 stroke1
movl 0 -57.0280 395.6863 173.9270 179.0349 -19.8441 167.9544 100.0000 stroke1
movl 0 -57.8042 394.8570 174.2695 179.0888 -19.8929 168.2311 100.0000 stroke1
movl 0 -59.1242 393.9573 174.5456 179.0897 -19.8360 168.5771 100.0000 stroke1
movl 0 -59.6361 393.3668 174.8096 179.0700 -19.8686 168.7746 100.0000 stroke1
movl 0 -60.6325 392.4271 175.2186 178.9852 -19.9290 169.1481 100.0000 stroke1
movl 0 -61.7420 391.8630 175.2015 179.0043 -19.8695 169.5375 100.0000 stroke1
movl 0 -62.5905 391.2169 175.3462 178.9802 -19.9291 169.9743 100.0000 stroke1
movl 0 -63.6502 390.5503 175.3872 178.9423 -19.9657 170.5200 100.0000 stroke1
movl 0 -64.5105 389.7022 175.6315 178.7697 -20.0247 170.9534 100.0000 stroke1
movl 0 -64.5182 389.3012 175.9438 178.6324 -20.1553 171.0811 100.0000 stroke1
movl 0 -64.8624 388.9633 176.1419 178.5503 -20.2423 171.2916 100.0000 stroke1
movl 0 -65.4510 388.4262 176.1553 178.2826 -20.3166 171.7011 100.0000 stroke1
movl 0 -65.8984 388.0423 176.1420 178.1559 -20.3490 171.9812 100.0000 stroke1
movl 0 -66.1965 387.7698 176.1793 178.0431 -20.3373 172.0621 100.0000 stroke1
movl 0 -66.1510 387.6283 176.3592 178.0137 -20.4323 172.0774 100.0000 stroke1
movl 0 -66.0602 387.2969 176.5581 177.8975 -20.6672 172.1870 100.0000 stroke1
movl 0 -66.0260 386.9535 176.7323 177.8220 -20.7957 172.0721 100.0000 stroke1
movl 0 -64.1345 384.8573 178.9065 177.8157 -21.6985 170.0135 100.0000 stroke1
movl 0 -60.4590 375.6628 192.4293 177.5051 -24.7392 162.4814 100.0000 stroke1
movl 0 -61.4693 371.3909 222.6939 179.1691 -27.7192 155.7626 100.0000 stroke1
movl 0 -26.8983 399.5258 209.9906 -173.3531 -32.8230 151.8714 100.0000 stroke2
movl 0 -24.2681 395.5023 182.9194 -172.8277 -31.3653 150.8501 100.0000 stroke2
movl 0 -28.7048 394.0254 178.1700 -174.0619 -28.3003 152.1308 100.0000 stroke2
movl 0 -30.6205 394.6315 175.2259 -174.8988 -27.4028 152.6805 100.0000 stroke2
movl 0 -30.8602 396.7349 173.3862 -174.4139 -26.8446 152.0003 100.0000 stroke2
movl 0 -32.8731 399.4273 171.9576 -173.2995 -25.2328 150.1154 100.0000 stroke2
movl 0 -35.1579 401.4032 170.7715 -172.0446 -23.2376 148.0305 100.0000 stroke2
movl 0 -36.3282 403.3172 170.2253 -170.7609 -21.5100 146.1026 100.0000 stroke2
movl 0 -36.3549 404.8773 169.7984 -169.3858 -20.0190 143.4373 100.0000 stroke2
movl 0 -33.7095 407.0905 169.5936 -167.3438 -18.7411 138.8445 100.0000 stroke2
movl 0 -33.3219 409.0862 168.9503 -165.9154 -17.7732 137.0126 100.0000 stroke2
movl 0 -36.2689 408.5166 168.9136 -164.9452 -16.8616 135.8017 100.0000 stroke2
movl 0 -37.7677 407.8546 169.1927 -164.4416 -16.0079 134.0960 100.0000 stroke2
movl 0 -37.2484 408.0684 169.5091 -164.0260 -15.4987 133.1217 100.0000 stroke2
movl 0 -37.7705 408.0578 169.8287 -163.5631 -14.7370 132.5639 100.0000 stroke2
movl 0 -38.3059 407.9991 170.1626 -162.8123 -13.7997 131.5577 100.0000 stroke2
movl 0 -39.2148 407.8754 170.5000 -162.0421 -12.5127 130.0787 100.0000 stroke2
movl 0 -40.0105 408.1728 170.6633 -161.4148 -11.3355 129.0516 100.0000 stroke2
movl 0 -40.3717 408.6064 170.7642 -160.6576 -10.0320 127.8894 100.0000 stroke2
movl 0 -41.0687 409.0720 170.7835 -160.0164 -8.6856 127.0121 100.0000 stroke2
movl 0 -42.1087 409.4450 170.8785 -159.5583 -7.3357 126.2161 100.0000 stroke2
movl 0 -43.1919 410.1957 170.7727 -159.0211 -5.7354 125.4011 100.0000 stroke2
movl 0 -44.4687 410.6774 170.6947 -158.6078 -4.1996 124.6308 100.0000 stroke2
movl 0 -45.6643 411.1626 170.5402 -158.3527 -2.8707 124.0076 100.0000 stroke2
movl 0 -46.9515 411.3891 170.4250 -158.2260 -1.6521 123.4280 100.0000 stroke2
movl 0 -48.0901 411.4169 170.3651 -158.1872 -0.7952 123.0753 100.0000 stroke2
movl 0 -49.3672 411.3539 170.2732 -158.1803 0.1420 122.7680 100.0000 stroke2
movl 0 -51.1957 410.2687 170.4918 -158.1667 0.3546 123.4796 100.0000 stroke2
movl 0 -49.8411 410.0207 171.0686 -158.0753 -0.4994 123.8639 100.0000 stroke2
movl 0 -46.4400 409.5837 172.0164 -158.1660 -1.6856 123.7488 100.0000 stroke2
movl 0 -46.5695 408.9804 172.3136 -158.3930 -1.8288 123.5811 100.0000 stroke2
movl 0 -47.0038 408.5919 172.2732 -158.1001 -1.7310 123.9318 100.0000 stroke2
movl 0 -48.2688 407.4404 172.7057 -158.1724 -2.0906 124.5407 100.0000 stroke2
movl 0 -46.0248 407.7951 172.9212 -158.3049 -2.6356 124.2877 100.0000 stroke2
movl 0 -44.5401 408.0210 173.1667 -158.5318 -2.7152 123.6815 100.0000 stroke2
movl 0 -45.1289 408.0734 173.1665 -158.4923 -2.6230 123.8571 100.0000 stroke2
movl 0 -45.8758 408.0338 173.0842 -158.2644 -2.1140 124.1014 100.0000 stroke2
movl 0 -46.1217 407.2492 173.6853 -158.5160 -2.6070 124.1249 100.0000 stroke2
movl 0 -43.7904 405.7676 174.6295 -159.0212 -4.2066 123.6956 100.0000 stroke2
movl 0 -43.1034 405.2939 174.8037 -159.2987 -4.7410 123.7649 100.0000 stroke2
movl 0 -43.7684 406.0365 174.4751 -158.9838 -3.6797 123.6865 100.0000 stroke2
movl 0 -45.5949 405.5364 174.4673 -158.8211 -2.8849 123.9388 100.0000 stroke2
movl 0 -43.7427 404.6015 175.3159 -159.0092 -3.9755 123.4221 100.0000 stroke2
movl 0 -44.9885 404.6767 175.0728 -158.9194 -3.2218 123.5616 100.0000 stroke2
movl 0 -44.7031 404.3785 175.3885 -159.0565 -3.5529 123.2521 100.0000 stroke2
movl 0 -43.6994 403.8098 176.1360 -159.1017 -4.0310 122.4240 100.0000 stroke2
movl 0 -37.0696 395.6023 190.9924 -159.6160 -11.7790 118.4824 100.0000 stroke2
movl 0 1.4625 415.8477 225.8479 -157.1187 -25.8750 113.5130 100.0000 stroke3
movl 0 2.2436 409.7838 188.2359 -155.2594 -18.4923 104.6753 100.0000 stroke3
movl 0 -4.0327 403.9435 188.8772 -158.1957 -17.7985 103.1961 100.0000 stroke3
movl 0 -11.9641 404.6531 184.5213 -161.2012 -18.1666 105.9436 100.0000 stroke3
movl 0 -16.2473 405.1962 182.9023 -162.1900 -18.2603 106.2799 100.0000 stroke3
movl 0 -18.2074 406.6903 180.9765 -162.6263 -17.7829 106.4327 100.0000 stroke3
movl 0 -21.2756 407.9869 179.7101 -163.5497 -16.5457 106.5022 100.0000 stroke3
movl 0 -24.7028 408.1776 178.8683 -165.2487 -15.9775 106.4738 100.0000 stroke3
movl 0 -28.9102 408.2692 178.1239 -166.9611 -15.0009 106.0516 100.0000 stroke3
movl 0 -31.9152 408.2114 177.5407 -168.2262 -14.1833 105.3650 100.0000 stroke3
movl 0 -34.6555 407.3666 177.5682 -169.6220 -13.7977 104.7507 100.0000 stroke3
movl 0 -38.2294 406.8450 177.5571 -171.1676 -13.0645 103.4601 100.0000 stroke3
movl 0 -43.5866 405.9218 177.2432 -173.2771 -12.2876 101.8890 100.0000 stroke3
movl 0 -47.5766 405.0904 177.0787 -174.9348 -11.8004 99.6409 100.0000 stroke3
movl 0 -49.6111 405.4693 176.7239 -175.9989 -11.1311 97.3489 100.0000 stroke3
movl 0 -49.0192 404.3179 177.2364 -175.4945 -11.5072 96.9066 100.0000 stroke3
movl 0 -46.7159 403.3486 178.3897 -174.8704 -12.4410 96.6757 100.0000 stroke3
movl 0 -45.5573 403.3970 178.9074 -174.8268 -12.5893 96.0687 100.0000 stroke3
movl 0 -45.6722 404.0692 178.5251 -174.9884 -12.0748 95.7871 100.0000 stroke3
movl 0 -45.1840 405.3625 178.3337 -174.3436 -10.3774 95.9389 100.0000 stroke3
movl 0 -45.6338 404.0818 178.6320 -174.5570 -10.2875 96.6273 100.0000 stroke3
movl 0 -42.2265 402.5597 179.7340 -173.9936 -12.2560 97.9017 100.0000 stroke3
movl 0 -42.1381 403.7554 179.7619 -173.3803 -10.3162 97.9068 100.0000 stroke3
movl 0 -41.6657 402.7710 179.7450 -173.4316 -11.0826 99.0865 100.0000 stroke3
movl 0 -39.4563 400.7164 180.0910 -172.7729 -13.4644 103.4825 100.0000 stroke3
movl 0 -38.7140 400.1465 180.1275 -172.9405 -14.5689 106.8950 100.0000 stroke3
movl 0 -38.2372 399.6031 180.3960 -173.3611 -15.2932 109.9212 100.0000 stroke3
movl 0 -38.0743 399.0825 180.8956 -173.4344 -15.6715 111.2955 100.0000 stroke3
movl 0 -37.9838 398.5687 181.3585 -173.7032 -15.9134 112.0489 100.0000 stroke3
movl 0 -37.2593 398.2938 181.7611 -173.7028 -16.1589 112.4331 100.0000 stroke3
movl 0 -35.1583 397.4979 183.1270 -173.4175 -16.9494 112.8806 100.0000 stroke3
movl 0 -34.6140 391.3346 190.8936 -174.4135 -19.4342 114.9054 100.0000 stroke3
movl 0 -42.9291 377.0465 234.2234 -176.5772 -24.5167 117.5820 100.0000 stroke3
movl 0 -6.5756 384.9174 223.6565 -167.5800 -28.1961 124.9589 100.0000 stroke4
movl 0 -9.5079 387.3735 188.7952 -166.6194 -24.5604 122.2641 100.0000 stroke4
movl 0 -15.2060 387.0553 185.8135 -167.6863 -23.5049 123.0202 100.0000 stroke4
movl 0 -17.8735 391.1064 180.8370 -167.8199 -22.6747 124.3165 100.0000 stroke4
movl 0 -20.3412 394.1963 177.6439 -168.3380 -22.6751 126.6611 100.0000 stroke4
movl 0 -22.2801 395.8693 175.9619 -168.3744 -21.8234 127.1662 100.0000 stroke4
movl 0 -26.2246 396.8234 174.9910 -170.1936 -19.4334 126.7374 100.0000 stroke4
movl 0 -28.1753 397.3288 174.8429 -170.9129 -18.4960 126.2506 100.0000 stroke4
movl 0 -29.2676 398.4281 175.2054 -170.7927 -16.8295 124.7248 100.0000 stroke4
movl 0 -30.3044 398.1894 175.4359 -171.2136 -16.2984 123.9187 100.0000 stroke4
movl 0 -32.5474 397.0679 175.7951 -172.2018 -16.4392 124.2992 100.0000 stroke4
movl 0 -33.6520 396.5406 175.9045 -172.8023 -16.4103 124.3815 100.0000 stroke4
movl 0 -34.4424 395.8421 176.4083 -173.4420 -16.3306 124.1140 100.0000 stroke4
movl 0 -34.0631 395.9809 176.6961 -173.7308 -16.1611 123.5140 100.0000 stroke4
movl 0 -33.8049 395.8212 177.0267 -174.0283 -16.1559 123.2281 100.0000 stroke4
movl 0 -33.7359 395.7506 177.0632 -174.4231 -16.1331 123.8037 100.0000 stroke4
movl 0 -33.6742 395.5253 177.3264 -174.8908 -16.1417 124.1305 100.0000 stroke4
movl 0 -33.5354 395.3583 177.5821 -175.2119 -15.9803 123.6945 100.0000 stroke4
movl 0 -33.0857 395.4756 177.7931 -175.5073 -15.7807 123.1675 100.0000 stroke4
movl 0 -32.4275 395.8043 178.0160 -175.7111 -15.5259 122.0678 100.0000 stroke4
movl 0 -32.1974 395.9572 178.2070 -176.1740 -15.3053 121.4187 100.0000 stroke4
movl 0 -31.9882 396.2436 178.3454 -176.6721 -14.9834 120.6487 100.0000 stroke4
movl 0 -33.8720 396.1161 178.4064 -178.0675 -14.2978 119.4784 100.0000 stroke4
movl 0 -35.8701 396.2109 178.5531 -179.0882 -13.6452 117.2835 100.0000 stroke4
movl 0 -37.0897 396.5629 178.6001 -179.7090 -13.2032 114.5628 100.0000 stroke4
movl 0 -38.0745 396.5624 178.5889 179.6790 -13.0466 112.2821 100.0000 stroke4
movl 0 -39.3081 396.9504 178.1995 178.8211 -12.8353 109.6860 100.0000 stroke4
movl 0 -39.2675 397.0933 178.0346 179.0022 -12.7248 107.8941 100.0000 stroke4
movl 0 -37.1703 394.4831 179.6997 179.9494 -14.1595 108.1447 100.0000 stroke4
movl 0 -36.0254 392.9981 180.7874 -179.8321 -15.0781 108.1937 100.0000 stroke4
movl 0 -35.3098 392.4709 181.4205 -179.7473 -15.5062 108.0850 100.0000 stroke4
movl 0 -34.7347 391.7092 182.1095 -179.6068 -15.9361 108.0807 100.0000 stroke4
movl 0 -34.7796 391.8939 182.0332 -179.5968 -15.5578 108.2360 100.0000 stroke4
movl 0 -34.8577 392.2808 181.2642 -179.6313 -14.6548 108.3499 100.0000 stroke4
movl 0 -34.1437 393.2894 180.9617 -179.3912 -13.8775 107.8401 100.0000 stroke4
movl 0 -33.4081 392.7547 180.4965 -179.1724 -13.6562 107.9613 100.0000 stroke4
movl 0 -32.9348 392.5518 179.9682 -178.2333 -13.7803 109.1003 100.0000 stroke4
movl 0 -32.0624 392.7845 180.0014 -177.4111 -14.3423 109.9626 100.0000 stroke4
movl 0 -31.4800 392.7869 180.0178 -177.2397 -14.9322 111.2718 100.0000 stroke4
movl 0 -31.5594 392.8783 180.1187 -176.8645 -15.4457 112.0679 100.0000 stroke4
movl 0 -31.7958 392.4485 180.3928 -176.6222 -15.8200 112.6018 100.0000 stroke4
movl 0 -32.7157 391.5853 180.8542 -176.6014 -15.9565 112.7717 100.0000 stroke4
movl 0 -30.2330 388.6091 183.5974 -175.8556 -17.3047 112.8461 100.0000 stroke4
movl 0 -25.2121 371.3232 212.7121 -174.1507 -24.4300 113.5599 100.0000 stroke4
movl 0 14.1004 388.2790 206.9540 -152.0153 -19.8111 100.1615 100.0000 stroke5
movl 0 11.6709 385.4707 179.1430 -152.9011 -15.8607 98.1031 100.0000 stroke5
movl 0 2.5072 383.6274 178.7423 -156.3272 -16.7908 98.2471 100.0000 stroke5
movl 0 -1.4823 384.9067 176.4397 -156.7949 -15.6014 96.9560 100.0000 stroke5
movl 0 -4.2780 385.5424 175.0913 -157.4321 -15.3108 96.9346 100.0000 stroke5
movl 0 -6.5753 385.9708 174.6547 -157.8508 -15.3534 96.9029 100.0000 stroke5
movl 0 -9.6188 387.1238 174.0150 -158.5396 -14.2165 96.1479 100.0000 stroke5
movl 0 -12.4208 389.7717 173.1480 -158.6846 -10.6704 94.2704 100.0000 stroke5
movl 0 -15.2699 390.7997 173.2221 -158.6545 -7.6048 92.1622 100.0000 stroke5
movl 0 -17.7227 392.5715 172.7221 -159.0897 -4.4285 89.8011 100.0000 stroke5
movl 0 -19.9068 393.7089 172.2808 -159.6081 -1.7454 87.6500 100.0000 stroke5
movl 0 -21.4483 392.9628 172.6245 -159.9352 -0.8463 85.7264 100.0000 stroke5
movl 0 -22.4159 390.8257 174.2121 -161.0765 -1.3267 82.0188 100.0000 stroke5
movl 0 -25.5465 389.0906 174.6133 -162.5695 -1.3819 79.4764 100.0000 stroke5
movl 0 -26.4622 388.9764 175.1057 -163.1151 -0.3027 77.7404 100.0000 stroke5
movl 0 -25.2192 387.5804 176.3235 -163.0664 0.0027 76.9436 100.0000 stroke5
movl 0 -23.1919 386.1876 177.4901 -162.6753 0.0516 76.5191 100.0000 stroke5
movl 0 -22.7612 384.8124 178.1611 -162.4392 -0.3897 76.5788 100.0000 stroke5
movl 0 -22.6173 383.9994 178.3800 -161.8872 -1.3512 77.1413 100.0000 stroke5
movl 0 -22.6546 383.5818 178.7407 -161.3996 -2.5083 78.1431 100.0000 stroke5
movl 0 -22.5941 383.8403 178.9022 -161.1009 -2.9161 78.8270 100.0000 stroke5
movl 0 -22.5695 383.7328 179.1529 -160.8682 -3.2757 79.3257 100.0000 stroke5
movl 0 -21.2188 382.3012 182.0229 -160.0799 -4.5991 80.1717 100.0000 stroke5
movl 0 -22.1536 379.4938 200.8077 -158.8127 -9.8698 86.4570 100.0000 stroke5
movl 0 20.7513 409.0486 193.6259 -157.3869 -17.5272 113.8839 100.0000 stroke6
movl 0 23.4357 405.9783 187.0218 -157.4571 -18.4602 114.3261 100.0000 stroke6
movl 0 19.2866 408.9892 179.7755 -158.2500 -17.0201 116.3528 100.0000 stroke6
movl 0 14.7886 408.6273 178.0728 -159.5360 -16.7589 117.5611 100.0000 stroke6
movl 0 11.9763 409.0844 176.8022 -160.3340 -16.2675 117.8540 100.0000 stroke6
movl 0 8.1503 410.5556 175.4961 -161.9286 -14.5891 117.3726 100.0000 stroke6
movl 0 3.1590 412.7015 174.5510 -163.0898 -11.5383 115.3308 100.0000 stroke6
movl 0 -0.5477 414.0280 174.3102 -164.0941 -8.9292 112.8806 100.0000 stroke6
movl 0 -0.7689 416.3469 174.0326 -164.1130 -5.5831 107.5312 100.0000 stroke6
movl 0 0.1983 418.0951 173.3315 -163.5676 -3.9293 104.9289 100.0000 stroke6
movl 0 -0.1582 418.5517 173.1730 -162.6001 -3.2190 104.8323 100.0000 stroke6
movl 0 -0.5304 418.4396 173.1581 -162.0080 -2.5215 104.0527 100.0000 stroke6
movl 0 -1.6031 418.0166 173.4279 -161.7650 -1.8705 103.5288 100.0000 stroke6
movl 0 -2.4838 417.4825 173.7792 -161.6040 -1.2447 103.0423 100.0000 stroke6
movl 0 -2.9967 417.1737 173.9990 -161.4194 -0.7102 102.7981 100.0000 stroke6
movl 0 -3.6629 416.4990 174.3481 -161.3024 -0.4728 102.7887 100.0000 stroke6
movl 0 -3.5311 416.1958 174.6185 -161.1508 -0.4194 102.5991 100.0000 stroke6
movl 0 -4.5628 415.5690 174.9903 -160.9646 -0.0534 102.9427 100.0000 stroke6
movl 0 -5.4538 414.8885 175.3382 -161.0629 -0.0172 102.9164 100.0000 stroke6
movl 0 -5.5788 414.6448 175.4315 -160.8753 0.1485 103.0156 100.0000 stroke6
movl 0 -7.3097 413.3230 176.0758 -160.7891 0.1431 103.6736 100.0000 stroke6
movl 0 -7.5300 412.8777 176.3608 -160.6312 0.1032 103.8537 100.0000 stroke6
movl 0 -8.1889 412.0881 176.8309 -160.4274 0.0254 104.3333 100.0000 stroke6
movl 0 -8.6735 411.3810 177.2622 -160.3190 -0.1992 104.6170 100.0000 stroke6
movl 0 -8.9246 410.5874 177.6930 -160.2618 -0.4592 104.8048 100.0000 stroke6
movl 0 -9.4611 409.9955 177.9896 -160.2877 -0.6839 105.0339 100.0000 stroke6
movl 0 -9.1513 409.4964 178.4412 -160.0163 -0.9582 105.1015 100.0000 stroke6
movl 0 -9.1464 408.2227 179.8043 -159.6148 -1.4862 105.3617 100.0000 stroke6
movl 0 -6.3166 405.1214 184.2674 -156.4742 -3.7226 106.2778 100.0000 stroke6
movl 0 -15.5672 396.7942 198.9837 -155.5140 -8.9272 107.5230 100.0000 stroke6
movl 0 -37.7304 356.4497 207.4702 167.6048 -20.8720 168.2053 100.0000 stroke7
movl 0 -39.6251 351.8413 195.2866 168.8746 -20.0363 167.3534 100.0000 stroke7
movl 0 -49.5116 352.0106 188.7522 168.4195 -16.7226 168.5840 100.0000 stroke7
movl 0 -51.3477 353.6954 186.5751 168.3137 -15.5429 168.8669 100.0000 stroke7
movl 0 -52.3895 356.0643 184.2668 169.1354 -14.8018 168.4609 100.0000 stroke7
movl 0 -55.1083 357.1793 182.7927 169.5285 -14.3019 168.9122 100.0000 stroke7
movl 0 -57.1445 358.6418 181.4472 169.8343 -13.4913 168.4933 100.0000 stroke7
movl 0 -60.6294 359.3158 180.4967 170.2544 -11.8630 167.1313 100.0000 stroke7
movl 0 -63.5139 360.0942 179.8212 170.8343 -10.6405 165.3328 100.0000 stroke7
movl 0 -65.2168 361.0842 179.2440 171.4212 -9.6928 163.7433 100.0000 stroke7
movl 0 -66.4890 361.2249 179.2251 172.0996 -9.0973 162.3807 100.0000 stroke7
movl 0 -68.3933 361.9307 179.2367 171.8310 -8.5404 161.2998 100.0000 stroke7
movl 0 -67.8997 363.1914 179.1510 171.6200 -8.3687 160.1115 100.0000 stroke7
movl 0 -66.5729 364.5982 179.1117 171.6321 -8.0777 159.3128 100.0000 stroke7
movl 0 -65.8758 365.1508 179.2847 171.5501 -7.7719 158.6372 100.0000 stroke7
movl 0 -64.7181 365.7177 179.5716 171.4985 -7.4948 157.9551 100.0000 stroke7
movl 0 -63.3768 366.4594 179.8027 171.5147 -7.1784 157.2412 100.0000 stroke7
movl 0 -62.1341 366.9908 180.0305 171.4273 -6.9256 156.5330 100.0000 stroke7
movl 0 -61.3443 367.5455 180.1642 171.4103 -6.6149 155.7839 100.0000 stroke7
movl 0 -61.2410 367.9838 180.2497 171.3231 -6.2696 155.1610 100.0000 stroke7
movl 0 -61.0532 368.4700 180.2792 171.1785 -5.9196 154.5036 100.0000 stroke7
movl 0 -60.6220 369.0874 180.2026 171.1308 -5.6209 153.7831 100.0000 stroke7
movl 0 -60.3484 369.6803 180.2789 171.0309 -5.2918 152.9158 100.0000 stroke7
movl 0 -59.9850 370.3899 180.3118 170.8745 -4.9127 151.8841 100.0000 stroke7
movl 0 -59.5426 371.1194 180.3297 170.7924 -4.6156 151.0013 100.0000 stroke7
movl 0 -59.2804 371.7117 180.3585 170.6366 -4.1765 150.2640 100.0000 stroke7
movl 0 -58.4419 372.7215 180.2912 170.7128 -3.8663 149.2064 100.0000 stroke7
movl 0 -58.6576 373.9540 179.9622 170.7270 -3.3287 147.6741 100.0000 stroke7
movl 0 -59.7318 374.8067 179.6830 170.4484 -2.6134 145.6905 100.0000 stroke7
movl 0 -60.8076 375.3958 179.4070 169.9658 -2.0810 143.5216 100.0000 stroke7
movl 0 -61.4965 376.2401 179.1242 169.6004 -1.7184 140.7990 100.0000 stroke7
movl 0 -62.1216 377.1507 178.6711 169.2587 -1.5831 137.4241 100.0000 stroke7
movl 0 -62.8716 378.2193 178.0495 169.0346 -1.4072 134.5025 100.0000 stroke7
movl 0 -62.6716 379.5894 177.7080 169.0013 -1.3535 131.6122 100.0000 stroke7
movl 0 -62.9115 380.6422 177.2902 168.7310 -1.3714 127.8265 100.0000 stroke7
movl 0 -63.2643 381.8823 176.7294 168.4349 -1.3817 123.7191 100.0000 stroke7
movl 0 -63.2036 382.7707 176.4619 168.1524 -1.5164 120.5813 100.0000 stroke7
movl 0 -63.5045 383.5816 176.1061 167.7155 -1.6498 117.4353 100.0000 stroke7
movl 0 -63.7374 384.4662 175.7426 167.3499 -1.9116 113.8414 100.0000 stroke7
movl 0 -63.5934 383.7743 175.8513 167.4388 -2.7055 111.4812 100.0000 stroke7
movl 0 -61.1110 382.4024 177.2726 168.3357 -3.9444 110.9039 100.0000 stroke7
movl 0 -59.0638 381.7315 178.0608 168.8424 -4.8386 110.7654 100.0000 stroke7
movl 0 -58.1286 380.9289 178.7864 169.0578 -5.5018 110.5625 100.0000 stroke7
movl 0 -57.2932 380.1943 179.4132 169.1437 -6.1462 110.2557 100.0000 stroke7
movl 0 -56.3494 379.8618 180.0241 169.3441 -6.5543 109.8268 100.0000 stroke7
movl 0 -55.4318 379.6757 180.5788 169.5738 -6.8355 109.2686 100.0000 stroke7
movl 0 -54.7893 379.9009 180.8687 169.8227 -6.7227 109.0757 100.0000 stroke7
movl 0 -54.1824 381.0097 181.0007 170.4152 -5.7125 108.7982 100.0000 stroke7
movl 0 -53.7112 382.5939 180.8362 170.7699 -4.8803 109.6021 100.0000 stroke7
movl 0 -53.0612 384.1730 180.6375 171.3747 -3.3763 107.4963 100.0000 stroke7
movl 0 -52.7041 385.0873 180.7944 171.5319 -3.1241 109.4164 100.0000 stroke7
movl 0 -52.2631 385.5181 180.9375 171.7507 -2.5586 108.3012 100.0000 stroke7
movl 0 -51.4153 385.4272 181.5159 172.0649 -2.3055 108.1483 100.0000 stroke7
movl 0 -49.2962 384.8630 182.2280 172.4358 -3.0752 108.0824 100.0000 stroke7
movl 0 -48.6328 385.5238 182.2916 172.7215 -2.7569 108.2459 100.0000 stroke7
movl 0 -48.2380 384.8101 182.8591 172.9291 -2.8853 108.2138 100.0000 stroke7
movl 0 -46.8587 384.6859 183.4340 173.2814 -3.0026 108.0169 100.0000 stroke7
movl 0 -46.2752 384.0329 183.8419 173.4894 -3.2468 108.0888 100.0000 stroke7
movl 0 -45.3388 383.5181 184.3406 173.8697 -3.4947 108.1377 100.0000 stroke7
movl 0 -43.9443 383.3741 184.5025 174.7268 -3.9058 109.0294 100.0000 stroke7
movl 0 -42.3016 382.1796 185.2855 175.7607 -5.2418 110.6353 100.0000 stroke7
movl 0 -41.2193 381.6960 185.6576 176.0537 -5.9695 112.1470 100.0000 stroke7
movl 0 -40.2748 380.4228 186.3606 175.8725 -6.9563 115.7160 100.0000 stroke7
movl 0 -39.3736 380.0193 186.6841 175.9900 -7.3831 117.6638 100.0000 stroke7
movl 0 -39.1013 379.8702 186.8511 176.1551 -7.5846 118.5281 100.0000 stroke7
movl 0 -39.3516 379.7657 186.9010 176.2413 -7.6476 118.9655 100.0000 stroke7
movl 0 -39.9512 379.4834 187.0148 176.2589 -7.7335 119.1654 100.0000 stroke7
movl 0 -40.5199 379.1980 187.2701 176.3780 -7.8169 119.2655 100.0000 stroke7
movl 0 -41.6357 378.5943 187.9840 176.5356 -8.0512 119.5092 100.0000 stroke7
movl 0 -42.3349 378.1320 188.6439 176.6631 -8.2334 119.6995 100.0000 stroke7
movl 0 -42.2758 378.0079 188.8893 176.7298 -8.2590 119.6721 100.0000 stroke7
movl 0 -41.6949 377.4112 189.6575 176.7368 -8.4411 119.6897 100.0000 stroke7
movl 0 -39.5411 363.3937 209.4268 176.7361 -12.1550 119.6952 100.0000 stroke7
