movl 0 7.2549 403.0201 171.4402 176.7573 -35.9023 156.8737 100.0000 stroke1
movl 0 5.2354 403.4616 170.3918 179.3868 -35.3274 154.4016 100.0000 stroke1
movl 0 4.1978 396.4149 171.5954 169.1539 -34.8840 165.9462 100.0000 stroke1
movl 0 3.2417 393.4638 179.2997 166.0566 -36.3435 172.2041 100.0000 stroke1
movl 0 -5.4836 395.4137 178.5824 160.0887 -30.7793 -171.8150 100.0000 stroke1
movl 0 -0.8462 397.5830 170.5197 162.1367 -33.3119 -176.7323 100.0000 stroke1
movl 0 -3.4967 393.3708 170.6547 162.0823 -31.4567 178.7702 100.0000 stroke1
movl 0 -5.1914 391.4266 173.1635 161.5641 -31.4341 178.8054 100.0000 stroke1
movl 0 -12.4202 389.1677 174.7850 159.5091 -30.5559 -178.6791 100.0000 stroke1
movl 0 -13.6786 393.1754 172.8406 162.9144 -28.4543 178.4254 100.0000 stroke1
movl 0 -14.7482 392.9011 173.0133 163.6939 -27.4321 177.9365 100.0000 stroke1
movl 0 -19.3809 390.1496 173.2672 162.8429 -25.9221 178.9207 100.0000 stroke1
movl 0 -19.0331 390.7595 172.8412 163.1584 -26.0136 178.4296 100.0000 stroke1
movl 0 -19.3343 390.1872 172.8232 164.1356 -26.4278 175.0720 100.0000 stroke1
movl 0 -14.2020 388.9941 171.2581 165.1924 -29.5711 170.0671 100.0000 stroke1
movl 0 -13.1844 389.2687 170.2311 166.2793 -30.8365 167.6159 100.0000 stroke1
movl 0 -14.2416 393.2259 171.6767 167.6637 -28.7607 168.5709 100.0000 stroke1
movl 0 -18.7522 391.3878 171.0582 167.2505 -28.2712 168.1824 100.0000 stroke1
movl 0 -23.6647 390.8088 170.4774 166.8682 -27.0887 169.8979 100.0000 stroke1
movl 0 -26.2676 389.5342 170.2836 165.8588 -26.5780 172.7017 100.0000 stroke1
movl 0 -31.3430 389.1112 169.6442 165.6053 -25.8274 173.0574 100.0000 stroke1
movl 0 -32.8672 389.7031 168.5220 165.7119 -26.3116 172.6797 100.0000 stroke1
movl 0 -34.2406 390.3607 168.1604 166.1353 -26.3476 172.6327 100.0000 stroke1
movl 0 -35.0360 390.0497 167.9431 166.2061 -26.7274 172.8220 100.0000 stroke1
movl 0 -37.0902 390.8157 167.5826 166.6008 -25.6832 172.2546 100.0000 stroke1
movl 0 -38.5767 390.8020 167.8500 166.5823 -24.4235 172.0333 100.0000 stroke1
movl 0 -39.2756 390.5374 168.0445 166.6583 -23.6046 172.0694 100.0000 stroke1
movl 0 -40.7367 390.1839 168.0498 165.9690 -22.8821 172.2920 100.0000 stroke1
movl 0 -40.1734 390.5788 168.0062 165.8603 -22.5113 171.7946 100.0000 stroke1
movl 0 -38.8366 391.2357 168.1713 166.0523 -22.2872 170.9060 100.0000 stroke1
movl 0 -37.5968 391.7961 168.3731 166.1613 -21.9798 170.0466 100.0000 stroke1
movl 0 -35.7697 392.8851 168.5277 166.5393 -21.7961 168.5729 100.0000 stroke1
movl 0 -33.4683 394.0662 168.6984 166.9110 -21.1965 166.4598 100.0000 stroke1
movl 0 -31.0159 395.8959 168.7113 167.2023 -20.3052 164.4041 100.0000 stroke1
movl 0 -28.5644 398.1110 168.5903 167.7162 -19.4321 161.0560 100.0000 stroke1
movl 0 -28.0459 395.8657 169.0005 167.0270 -20.2194 161.8194 100.0000 stroke1
movl 0 -24.0211 394.6320 169.3925 166.4664 -22.2560 162.5206 100.0000 stroke1
movl 0 -23.7557 393.5209 169.6285 165.8729 -22.5151 162.9745 100.0000 stroke1
movl 0 -23.3905 394.7826 169.4760 166.7058 -22.2392 162.5539 100.0000 stroke1
movl 0 -23.3020 396.9164 169.9652 169.2781 -21.0331 160.5754 100.0000 stroke1
movl 0 -25.9267 395.0380 170.2806 168.6423 -21.0874 162.1148 100.0000 stroke1
movl 0 -19.8999 386.2957 178.1060 166.4843 -28.1606 166.1228 100.0000 stroke1
movl 0 -12.2056 377.5959 243.1328 154.1416 -37.2082 178.9877 100.0000 stroke1
movl 0 -13.9432 418.9113 241.4990 -178.8582 -42.8691 162.0166 100.0000 stroke2
movl 0 -10.3598 409.1150 180.9472 -171.4538 -36.6006 151.2292 100.0000 stroke2
movl 0 -15.2349 395.9888 171.9403 -177.6650 -32.8057 151.7307 100.0000 stroke2
movl 0 -20.9532 394.7146 171.3106 -179.0051 -30.6663 152.0995 100.0000 stroke2
movl 0 -25.5009 393.8716 170.7431 -179.9877 -29.8556 152.9335 100.0000 stroke2
movl 0 -29.3993 396.4364 169.4407 -178.8023 -28.8663 152.2302 100.0000 stroke2
movl 0 -31.5953 399.8797 169.1420 -175.6295 -26.1768 149.0507 100.0000 stroke2
movl 0 -31.6475 401.6089 169.4416 -172.9500 -24.9148 146.2607 100.0000 stroke2
movl 0 -31.8807 402.1480 169.6126 -171.2213 -23.9043 144.2543 100.0000 stroke2
movl 0 -32.1825 402.4972 169.6997 -169.3194 -22.9544 141.7271 100.0000 stroke2
movl 0 -32.2840 402.4271 170.0116 -167.7847 -22.0139 139.7152 100.0000 stroke2
movl 0 -32.5611 401.9944 170.2372 -166.6530 -21.1943 137.9671 100.0000 stroke2
movl 0 -33.3580 400.8368 170.5346 -166.0441 -20.6687 137.3414 100.0000 stroke2
movl 0 -34.1041 399.9847 170.7682 -165.2618 -19.8990 136.1575 100.0000 stroke2
movl 0 -34.8165 399.9149 170.8632 -164.1173 -18.8064 134.2753 100.0000 stroke2
movl 0 -35.5310 399.4165 171.0647 -163.3982 -17.9436 132.8327 100.0000 stroke2
movl 0 -36.1682 398.8517 171.3108 -163.1869 -17.4756 132.3481 100.0000 stroke2
movl 0 -36.4862 397.9996 171.5004 -162.7180 -17.1161 131.8646 100.0000 stroke2
movl 0 -36.9229 397.2536 171.7272 -162.4531 -16.6643 131.4049 100.0000 stroke2
movl 0 -37.9640 396.6589 171.8682 -162.1994 -16.1474 131.4825 100.0000 stroke2
movl 0 -38.8849 395.9895 172.0549 -161.8455 -15.5256 131.1477 100.0000 stroke2
movl 0 -39.9901 395.1229 172.1848 -161.5108 -14.8409 130.9254 100.0000 stroke2
movl 0 -41.3806 394.7477 172.0878 -161.1952 -14.1062 130.8190 100.0000 stroke2
movl 0 -42.8675 394.0385 172.1693 -161.0948 -13.6374 131.1978 100.0000 stroke2
movl 0 -44.7111 393.4303 172.0644 -160.8834 -13.0178 131.5209 100.0000 stroke2
movl 0 -46.6492 392.7659 171.8891 -160.7090 -12.3904 131.8767 100.0000 stroke2
movl 0 -48.3853 391.6244 171.8764 -160.7428 -12.0184 132.2605 100.0000 stroke2
movl 0 -50.1579 390.2418 171.9856 -160.8367 -11.8993 132.9988 100.0000 stroke2
movl 0 -51.9795 388.9087 172.0220 -160.8963 -11.7727 133.7406 100.0000 stroke2
movl 0 -53.5808 388.2707 171.9297 -160.9379 -11.6505 134.4108 100.0000 stroke2
movl 0 -55.1932 387.1508 171.9324 -160.9906 -11.6560 135.1066 100.0000 stroke2
movl 0 -56.2380 386.3318 171.9634 -160.9750 -11.7652 135.6752 100.0000 stroke2
movl 0 -56.8121 385.7966 172.0626 -161.1059 -11.9249 136.1882 100.0000 stroke2
movl 0 -57.6613 385.3255 172.0566 -161.3120 -12.0070 136.7733 100.0000 stroke2
movl 0 -58.5847 384.6844 172.1954 -161.4400 -12.1632 137.4227 100.0000 stroke2
movl 0 -59.1738 383.8302 172.3963 -161.4830 -12.4388 137.9007 100.0000 stroke2
movl 0 -59.5732 383.4819 172.6110 -161.4499 -12.5708 138.0720 100.0000 stroke2
movl 0 -59.7504 383.0217 172.9369 -161.3884 -12.8442 138.1892 100.0000 stroke2
movl 0 -59.9222 382.6992 173.2538 -161.2476 -13.0758 138.2916 100.0000 stroke2
movl 0 -59.7877 382.4688 173.6373 -161.1328 -13.3334 138.3045 100.0000 stroke2
movl 0 -59.7396 382.0323 174.0027 -161.0553 -13.6353 138.3316 100.0000 stroke2
movl 0 -59.4963 381.8366 174.3816 -161.0486 -13.8792 138.2864 100.0000 stroke2
movl 0 -59.1510 381.8789 174.5660 -160.9894 -14.1668 138.2704 100.0000 stroke2
movl 0 -59.1647 381.9403 174.5686 -161.0198 -14.2503 138.3198 100.0000 stroke2
movl 0 -59.2068 381.9137 174.4798 -161.0832 -14.3698 138.4057 100.0000 stroke2
movl 0 -59.1060 381.7703 174.4647 -161.2281 -14.5189 138.4960 100.0000 stroke2
movl 0 -59.2831 381.7417 174.3545 -161.3675 -14.5430 138.6565 100.0000 stroke2
movl 0 -59.1655 381.6167 174.4606 -161.3438 -14.6170 138.5644 100.0000 stroke2
movl 0 -53.7150 380.7567 177.0476 -160.6853 -16.9887 138.2289 100.0000 stroke2
movl 0 -19.1528 371.7400 209.0499 -167.0067 -38.1113 142.8137 100.0000 stroke2
movl 0 4.7524 419.8525 241.8149 161.4362 -36.2142 -171.7913 100.0000 stroke3
movl 0 15.6715 410.5568 181.9377 172.6655 -38.1540 173.2137 100.0000 stroke3
movl 0 6.2809 401.8243 172.0507 174.0881 -33.9449 168.3983 100.0000 stroke3
movl 0 -6.3819 401.3435 171.5295 174.1982 -29.6856 171.2283 100.0000 stroke3
movl 0 -14.8091 399.4782 171.0136 171.8591 -27.7662 176.7810 100.0000 stroke3
movl 0 -18.2595 398.9501 170.4271 171.3375 -27.2014 177.3545 100.0000 stroke3
movl 0 -21.3317 399.1415 170.0180 171.5526 -25.5651 176.5015 100.0000 stroke3
movl 0 -25.0687 398.3068 170.5396 171.8179 -23.6154 174.5460 100.0000 stroke3
movl 0 -25.9390 398.5624 170.6702 172.1901 -22.9726 173.1338 100.0000 stroke3
movl 0 -22.8732 399.7196 170.7276 172.6964 -22.8123 170.7787 100.0000 stroke3
movl 0 -19.0126 401.6762 170.8874 173.6584 -22.3825 167.1177 100.0000 stroke3
movl 0 -15.4643 404.1989 170.5718 174.7921 -21.8302 163.2662 100.0000 stroke3
movl 0 -14.0545 404.1506 170.7403 174.8925 -21.9266 162.1899 100.0000 stroke3
movl 0 -11.8080 402.1072 171.4294 174.1795 -23.1300 162.5043 100.0000 stroke3
movl 0 -12.0462 402.5264 171.3721 174.5318 -22.9542 161.8988 100.0000 stroke3
movl 0 -11.9906 402.8468 171.3568 175.1459 -22.6432 161.0281 100.0000 stroke3
movl 0 -12.3895 403.6861 171.0504 176.7126 -22.3562 159.5955 100.0000 stroke3
movl 0 -13.6731 401.4961 171.6896 176.9398 -24.5780 161.7696 100.0000 stroke3
movl 0 -5.0486 390.1604 186.5146 171.5931 -35.5757 161.0911 100.0000 stroke3
movl 0 1.6682 410.2818 190.8551 -166.7628 -35.2159 143.8371 100.0000 stroke4
movl 0 -1.2853 400.9923 167.9428 -167.3663 -32.1419 140.5680 100.0000 stroke4
movl 0 -6.7096 402.9715 169.7535 -167.9163 -28.2081 139.7658 100.0000 stroke4
movl 0 -8.3614 401.9594 168.5251 -170.0668 -29.6588 143.3987 100.0000 stroke4
movl 0 -8.8713 402.7391 166.7262 -172.1815 -31.2763 147.0059 100.0000 stroke4
movl 0 -14.2652 406.3960 166.2407 -171.4248 -27.1261 146.4216 100.0000 stroke4
movl 0 -14.2192 410.2335 166.2205 -168.8792 -24.1196 141.4080 100.0000 stroke4
movl 0 -15.4467 410.9697 166.7978 -166.9961 -22.5380 138.2426 100.0000 stroke4
movl 0 -15.2991 411.6132 167.7126 -164.4772 -20.3786 134.0210 100.0000 stroke4
movl 0 -15.7143 411.9579 168.6270 -161.8128 -17.2932 128.6508 100.0000 stroke4
movl 0 -16.4002 412.6510 169.2745 -159.3405 -13.6360 122.7309 100.0000 stroke4
movl 0 -16.8796 411.5530 169.8651 -158.4795 -12.2058 119.6569 100.0000 stroke4
movl 0 -16.2754 411.2873 170.1116 -157.8363 -11.1848 117.9427 100.0000 stroke4
movl 0 -16.3174 409.5104 170.5951 -158.0118 -11.2653 117.1521 100.0000 stroke4
movl 0 -17.8633 408.8809 170.6258 -158.1101 -10.6938 117.4552 100.0000 stroke4
movl 0 -16.3316 407.9034 171.4376 -159.0814 -13.0034 117.4853 100.0000 stroke4
movl 0 -13.2844 406.1552 172.9300 -159.8599 -16.1662 117.9216 100.0000 stroke4
movl 0 -6.3517 398.5666 193.0879 -165.5824 -29.0113 122.2104 100.0000 stroke4
movl 0 3.6984 403.1023 196.0059 -165.8858 -27.3158 128.6849 100.0000 stroke5
movl 0 6.7761 401.9828 174.7649 -165.0191 -27.0344 127.5172 100.0000 stroke5
movl 0 3.3370 402.6959 173.8607 -165.6811 -24.9978 127.6994 100.0000 stroke5
movl 0 1.7954 404.1340 173.0467 -165.4848 -24.5910 128.0735 100.0000 stroke5
movl 0 0.4126 404.7120 172.2353 -166.0276 -24.7250 128.3934 100.0000 stroke5
movl 0 -4.3875 407.7997 171.4055 -166.1983 -21.8284 128.1729 100.0000 stroke5
movl 0 -5.2266 410.5976 171.3354 -164.9043 -18.4920 124.2825 100.0000 stroke5
movl 0 -6.4159 411.9766 171.6299 -163.4217 -16.3378 121.4817 100.0000 stroke5
movl 0 -7.2660 414.1810 172.0723 -161.1205 -12.4853 118.2854 100.0000 stroke5
movl 0 -7.5488 416.1581 172.0358 -158.9804 -8.9283 114.7280 100.0000 stroke5
movl 0 -7.7294 415.1495 172.4369 -158.0089 -7.2067 112.1975 100.0000 stroke5
movl 0 -5.2931 415.5524 172.4752 -157.0911 -6.8644 110.7566 100.0000 stroke5
movl 0 -6.5113 414.4344 172.6439 -157.1985 -6.4996 110.8201 100.0000 stroke5
movl 0 -6.5532 413.5008 172.8939 -157.4572 -7.2639 110.6993 100.0000 stroke5
movl 0 -1.9783 405.9930 177.3470 -159.4389 -14.9216 112.3296 100.0000 stroke5
movl 0 2.8227 385.0639 219.2860 -172.4380 -37.4799 127.6942 100.0000 stroke5
movl 0 14.8775 404.2741 191.2315 -166.5632 -34.0890 137.4746 100.0000 stroke6
movl 0 7.9419 399.6523 174.6658 -164.5498 -27.9282 130.3013 100.0000 stroke6
movl 0 -8.7337 394.1156 176.8186 -167.8962 -23.8597 129.2768 100.0000 stroke6
movl 0 -13.0197 391.8766 176.4786 -168.7437 -23.9215 130.1545 100.0000 stroke6
movl 0 -17.7880 392.8649 174.7079 -169.8261 -24.1006 132.5661 100.0000 stroke6
movl 0 -19.8750 393.8324 173.7035 -169.8530 -24.0381 133.6706 100.0000 stroke6
movl 0 -21.9047 394.9057 173.1256 -170.5282 -23.0092 134.2867 100.0000 stroke6
movl 0 -23.9214 394.8144 173.3943 -171.5250 -22.2726 134.2283 100.0000 stroke6
movl 0 -24.1211 395.2368 173.3197 -171.7037 -21.8901 133.7548 100.0000 stroke6
movl 0 -22.1441 396.6840 173.0657 -171.4534 -21.3597 131.8938 100.0000 stroke6
movl 0 -20.4598 397.2221 173.0555 -171.5266 -20.9524 129.6846 100.0000 stroke6
movl 0 -19.1510 396.1606 173.6215 -171.3080 -21.6404 129.5378 100.0000 stroke6
movl 0 -18.2265 396.2209 173.7048 -171.0071 -21.8785 129.3580 100.0000 stroke6
movl 0 -19.2441 397.2204 173.4780 -170.8440 -20.6703 128.8312 100.0000 stroke6
movl 0 -18.9443 395.6979 174.1528 -168.4102 -22.4206 131.3279 100.0000 stroke6
movl 0 -11.5440 380.9563 196.5073 -165.1784 -30.6787 123.6996 100.0000 stroke6
movl 0 3.3817 400.0685 188.2573 -158.7421 -24.5445 125.6776 100.0000 stroke7
movl 0 6.9220 397.0918 172.7838 -159.6542 -24.6138 123.7756 100.0000 stroke7
movl 0 0.8675 398.0957 174.2747 -161.8997 -22.4211 122.3476 100.0000 stroke7
movl 0 -9.0956 394.5506 174.8003 -163.5582 -21.2745 124.0670 100.0000 stroke7
movl 0 -13.4518 394.5773 174.0751 -164.2110 -20.9261 125.1130 100.0000 stroke7
movl 0 -14.2509 395.6687 173.0346 -163.4707 -21.2230 125.4696 100.0000 stroke7
movl 0 -17.4521 396.3373 172.8135 -164.8545 -19.7591 124.9279 100.0000 stroke7
movl 0 -20.6147 396.0199 173.0936 -166.3433 -18.4373 123.8988 100.0000 stroke7
movl 0 -19.1253 396.2027 173.1439 -166.5398 -18.0217 122.3808 100.0000 stroke7
movl 0 -13.2344 398.3860 172.6106 -165.7334 -17.3910 119.4224 100.0000 stroke7
movl 0 -14.3195 396.3440 173.3178 -166.1057 -18.1075 119.9175 100.0000 stroke7
movl 0 -15.5562 396.9540 173.4332 -165.8744 -17.1153 119.9905 100.0000 stroke7
movl 0 -15.6829 391.1546 175.8697 -164.7276 -20.9570 121.2707 100.0000 stroke7
movl 0 -19.7167 372.4139 217.7176 -164.9329 -32.0634 120.9206 100.0000 stroke7
movl 0 0.2275 384.7293 190.2975 -150.8558 -21.1230 110.6297 100.0000 stroke8
movl 0 2.3882 377.6793 170.6981 -151.6345 -20.2560 109.2360 100.0000 stroke8
movl 0 -5.9740 378.0107 169.8936 -155.3964 -20.1350 110.3286 100.0000 stroke8
movl 0 -10.3047 377.3140 170.0792 -155.9588 -20.2743 111.2148 100.0000 stroke8
movl 0 -19.2540 376.8265 169.9709 -159.2028 -18.0510 111.9832 100.0000 stroke8
movl 0 -26.0010 376.9494 170.4830 -161.8210 -15.6251 113.0240 100.0000 stroke8
movl 0 -28.0058 376.3209 170.8665 -162.4521 -15.3795 112.9914 100.0000 stroke8
movl 0 -29.4718 376.3886 170.6253 -163.2933 -15.4172 111.6802 100.0000 stroke8
movl 0 -27.7088 377.2487 170.3614 -163.1145 -15.3341 109.9463 100.0000 stroke8
movl 0 -25.3334 377.7720 170.4579 -162.9368 -15.2732 108.8293 100.0000 stroke8
movl 0 -20.7779 378.6858 170.6458 -162.4690 -15.1645 107.4286 100.0000 stroke8
movl 0 -14.5912 379.4251 171.0234 -161.9023 -15.3053 105.1911 100.0000 stroke8
movl 0 -6.0884 380.9906 171.0044 -161.0120 -15.0528 102.6497 100.0000 stroke8
movl 0 -0.0758 380.3299 171.8713 -158.9908 -15.8222 101.6474 100.0000 stroke8
movl 0 9.9056 376.1172 177.6855 -156.4928 -19.1297 100.5187 100.0000 stroke8
movl 0 22.3880 368.6466 210.6781 -153.7229 -25.5216 101.4430 100.0000 stroke8
movl 0 21.0903 386.1417 212.7139 -153.1241 -23.5126 110.0965 100.0000 stroke9
movl 0 25.5458 390.1723 172.4912 -150.8892 -17.9817 107.1986 100.0000 stroke9
movl 0 27.2448 389.7826 173.3452 -150.9325 -18.1868 106.1387 100.0000 stroke9
movl 0 23.9495 387.5685 170.3801 -153.0015 -19.8716 106.9014 100.0000 stroke9
movl 0 17.2599 385.0357 171.8776 -155.4614 -19.1172 107.0136 100.0000 stroke9
movl 0 14.0920 385.5895 172.2691 -155.8352 -17.9678 106.8016 100.0000 stroke9
movl 0 14.1140 386.6411 171.3865 -155.5010 -17.7250 106.7604 100.0000 stroke9
movl 0 11.4583 387.3761 170.5031 -156.1164 -17.8013 107.1547 100.0000 stroke9
movl 0 7.3738 390.5601 169.5229 -157.1463 -15.5699 107.3029 100.0000 stroke9
movl 0 3.6444 393.5778 168.9421 -158.1752 -11.9271 105.9867 100.0000 stroke9
movl 0 3.9975 395.5001 168.2778 -157.7672 -10.3280 104.7712 100.0000 stroke9
movl 0 2.3581 394.8251 168.5087 -157.5024 -9.9331 105.3185 100.0000 stroke9
movl 0 1.6207 393.6875 169.0297 -157.0717 -9.7471 105.8670 100.0000 stroke9
movl 0 0.8073 392.8213 169.6669 -156.7574 -9.7100 106.6975 100.0000 stroke9
movl 0 0.1713 391.6403 170.1075 -156.5039 -9.7632 107.2167 100.0000 stroke9
movl 0 -0.7708 390.4699 170.4305 -156.3224 -9.9978 107.9027 100.0000 stroke9
movl 0 -1.3215 388.0378 171.4313 -155.8712 -10.9114 108.7373 100.0000 stroke9
movl 0 1.0467 378.7291 183.5517 -154.2729 -18.2840 109.5448 100.0000 stroke9
movl 0 16.3985 387.9456 214.9654 -154.6189 -28.2894 126.0166 100.0000 stroke10
movl 0 19.3795 376.4629 176.4677 -157.0191 -29.6340 126.5454 100.0000 stroke10
movl 0 10.3520 372.4863 174.4116 -161.4801 -28.4546 128.7358 100.0000 stroke10
movl 0 0.3975 372.8811 174.2714 -164.5355 -25.4855 129.3754 100.0000 stroke10
movl 0 -1.0283 374.4821 173.8064 -164.6078 -24.7036 128.9446 100.0000 stroke10
movl 0 -5.3819 376.6216 172.8892 -164.9652 -22.9296 129.0774 100.0000 stroke10
movl 0 -9.8954 380.5208 172.5136 -164.9812 -18.9279 127.2346 100.0000 stroke10
movl 0 -13.0458 381.7262 172.5097 -164.9269 -16.7283 125.8501 100.0000 stroke10
movl 0 -12.1770 383.1519 172.3361 -164.2589 -15.0297 123.7377 100.0000 stroke10
movl 0 -13.0985 383.8235 172.3791 -163.8200 -14.1405 122.9638 100.0000 stroke10
movl 0 -12.7031 384.6835 172.3997 -162.9994 -12.9978 121.7735 100.0000 stroke10
movl 0 -13.0095 385.3321 172.5869 -162.4242 -11.7068 120.7022 100.0000 stroke10
movl 0 -13.4842 385.7951 172.5804 -161.6359 -9.9589 119.5510 100.0000 stroke10
movl 0 -13.9266 386.5132 172.3990 -160.7736 -7.9716 118.5373 100.0000 stroke10
movl 0 -15.2437 387.0787 172.1658 -160.2347 -6.0813 117.9348 100.0000 stroke10
movl 0 -16.8707 387.1156 171.8584 -159.6917 -4.1801 117.5749 100.0000 stroke10
movl 0 -18.5891 386.4275 171.6206 -159.4478 -2.9746 117.4706 100.0000 stroke10
movl 0 -20.6052 385.0611 171.4567 -159.3822 -2.5220 118.1262 100.0000 stroke10
movl 0 -23.3236 382.6263 171.6242 -159.2312 -2.8852 119.8970 100.0000 stroke10
movl 0 -20.8674 380.9959 172.5606 -159.4105 -4.4778 119.9854 100.0000 stroke10
movl 0 -18.8240 379.1476 173.1528 -159.9378 -5.9171 120.0240 100.0000 stroke10
movl 0 -20.3202 378.4475 173.0225 -159.9596 -5.5954 120.9296 100.0000 stroke10
movl 0 -19.5670 376.7413 173.8163 -160.4070 -6.9681 121.0413 100.0000 stroke10
movl 0 -15.0742 366.6640 177.4628 -162.5763 -12.5676 120.4273 100.0000 stroke10
movl 0 -15.8477 363.1689 178.2292 -163.9935 -13.9918 120.7390 100.0000 stroke10
movl 0 -18.2306 365.4371 176.8425 -163.6744 -12.5098 121.1403 100.0000 stroke10
movl 0 -22.4401 366.8436 175.2236 -163.3865 -11.7147 123.7186 100.0000 stroke10
movl 0 -23.4060 367.8166 174.3113 -162.8994 -11.4476 124.9836 100.0000 stroke10
movl 0 -24.6171 367.8131 173.9127 -162.9031 -11.6630 126.3942 100.0000 stroke10
movl 0 -25.4656 367.8391 173.8350 -162.9564 -11.7671 127.2129 100.0000 stroke10
movl 0 -26.3447 367.5742 173.9822 -162.8889 -12.0121 127.7643 100.0000 stroke10
movl 0 -25.8082 367.2500 174.0949 -162.7296 -12.7021 128.0036 100.0000 stroke10
movl 0 -26.0268 367.4415 174.1014 -162.5722 -12.9279 128.1338 100.0000 stroke10
movl 0 -26.0573 367.1024 174.2081 -162.6869 -13.5701 128.4526 100.0000 stroke10
movl 0 -25.4881 366.9165 174.2110 -162.5756 -14.2102 128.5274 100.0000 stroke10
movl 0 -25.1654 366.9365 174.0957 -162.3624 -15.1266 128.3745 100.0000 stroke10
movl 0 -24.7348 366.7100 174.0157 -162.3076 -15.5097 128.4182 100.0000 stroke10
movl 0 -23.9029 366.6250 174.0360 -162.1181 -15.9130 128.2654 100.0000 stroke10
movl 0 -17.8774 362.9471 176.5958 -161.8007 -19.2301 127.9870 100.0000 stroke10
movl 0 -1.4259 340.8164 217.9409 -166.4941 -37.4199 132.0900 100.0000 stroke10
movl 0 13.9113 385.6247 216.7329 163.2740 -38.2921 -178.4594 100.0000 stroke11
movl 0 25.3405 387.0175 165.7793 -179.1607 -38.6637 164.5342 100.0000 stroke11
movl 0 11.5010 375.7448 176.3340 -178.0461 -34.7181 158.6782 100.0000 stroke11
movl 0 -14.0572 364.7165 178.1959 178.8691 -28.1674 159.4682 100.0000 stroke11
movl 0 -28.3500 359.0360 177.6475 176.0506 -25.1199 162.9408 100.0000 stroke11
movl 0 -31.0120 359.1252 176.2453 176.1458 -25.0898 166.0616 100.0000 stroke11
movl 0 -31.7202 359.9161 175.4163 175.9970 -25.0068 167.8565 100.0000 stroke11
movl 0 -37.5339 359.7515 175.6308 176.0992 -22.1363 166.2467 100.0000 stroke11
movl 0 -42.7888 358.7189 175.7925 175.8169 -19.9339 164.5464 100.0000 stroke11
movl 0 -44.8390 359.2947 175.9045 176.5622 -18.3055 162.9755 100.0000 stroke11
movl 0 -47.5602 358.2741 176.0796 175.8706 -17.5125 162.3010 100.0000 stroke11
movl 0 -46.2791 358.9821 176.0948 176.0365 -17.2688 160.5839 100.0000 stroke11
movl 0 -43.7695 360.0243 176.3667 176.4588 -17.2083 158.4046 100.0000 stroke11
movl 0 -42.1853 360.4130 176.5899 176.3673 -16.8227 157.0049 100.0000 stroke11
movl 0 -41.9560 360.7292 176.8887 176.0585 -16.0471 155.6307 100.0000 stroke11
movl 0 -41.4994 361.2940 177.1631 175.8171 -15.1071 153.8842 100.0000 stroke11
movl 0 -41.3828 362.0135 177.4167 175.3362 -13.9321 151.6354 100.0000 stroke11
movl 0 -41.0571 362.8910 177.5280 175.0827 -12.6224 148.8989 100.0000 stroke11
movl 0 -40.7737 364.3123 177.4662 175.0240 -11.4112 145.9203 100.0000 stroke11
movl 0 -41.7620 365.6394 177.0769 174.3972 -10.2287 142.9377 100.0000 stroke11
movl 0 -40.7803 368.1694 176.5486 174.2301 -8.9116 139.4455 100.0000 stroke11
movl 0 -38.6489 366.7076 177.3590 174.6370 -10.1677 139.5699 100.0000 stroke11
movl 0 -32.3735 362.7088 179.3294 174.4028 -13.3373 140.5314 100.0000 stroke11
movl 0 -30.4041 362.1571 179.8968 174.4674 -13.9461 140.3674 100.0000 stroke11
movl 0 -30.2362 363.0522 179.7899 175.1825 -13.3175 140.3177 100.0000 stroke11
movl 0 -30.3502 365.7122 180.2542 177.1007 -11.4237 138.9225 100.0000 stroke11
movl 0 -29.2161 366.8072 180.1222 178.2445 -11.1058 138.3699 100.0000 stroke11
movl 0 -18.2499 360.1014 182.7595 178.7228 -20.8909 145.3968 100.0000 stroke11
movl 0 8.4236 346.3362 225.6363 167.5488 -39.5108 158.2594 100.0000 stroke11
