movl 0 -32.3302 397.6180 170.5357 -164.5442 25.0881 -0.0595 100.0000 stroke1
movl 0 -32.4051 397.8285 170.6134 -165.4091 25.3665 -1.4012 100.0000 stroke1
movl 0 -32.4550 397.6632 170.6652 -165.6097 25.5113 -1.6073 100.0000 stroke1
movl 0 -32.1814 397.7261 170.6858 -165.8077 25.6468 -1.7563 100.0000 stroke1
movl 0 -31.0388 396.7201 171.0857 -165.4533 25.9708 -2.0961 100.0000 stroke1
movl 0 -32.4298 396.0915 171.0212 -165.2773 25.7824 -1.9567 100.0000 stroke1
movl 0 -33.0099 396.5644 170.5178 -165.3387 25.5574 -1.8710 100.0000 stroke1
movl 0 -33.8485 396.3892 170.2855 -165.2292 25.4099 -1.6860 100.0000 stroke1
movl 0 -34.4911 396.3409 170.0682 -165.1475 25.2973 -1.4781 100.0000 stroke1
movl 0 -34.4011 396.2914 170.0604 -165.1189 25.3339 -1.3967 100.0000 stroke1
movl 0 -34.9487 396.2316 170.0798 -165.3344 25.1646 -1.4774 100.0000 stroke1
movl 0 -35.3510 396.2615 170.0403 -165.4617 25.1867 -1.3771 100.0000 stroke1
movl 0 -35.7482 396.3207 169.9851 -165.4798 25.0622 -1.3815 100.0000 stroke1
movl 0 -37.4997 397.2486 169.4771 -165.8577 24.3157 -1.4631 100.0000 stroke1
movl 0 -41.4661 398.8223 169.4834 -167.4853 22.6801 -2.5308 100.0000 stroke1
movl 0 -43.5642 399.9509 169.7575 -168.8315 21.6689 -4.0694 100.0000 stroke1
movl 0 -45.3737 400.8684 170.0320 -170.2268 20.6559 -6.0385 100.0000 stroke1
movl 0 -46.1627 401.3500 170.0962 -170.9389 20.4041 -6.9075 100.0000 stroke1
movl 0 -47.4646 400.4752 170.3263 -171.2296 20.3358 -7.2961 100.0000 stroke1
movl 0 -48.1565 400.1095 170.5269 -171.7505 20.3278 -8.2832 100.0000 stroke1
movl 0 -48.5765 399.4127 170.7832 -172.3126 20.4025 -9.1683 100.0000 stroke1
movl 0 -49.1827 398.3194 171.1201 -172.6689 20.4619 -9.7872 100.0000 stroke1
movl 0 -50.0645 397.2557 171.3657 -173.0583 20.5012 -10.1503 100.0000 stroke1
movl 0 -51.4623 396.2957 171.5253 -173.5317 20.3415 -10.4723 100.0000 stroke1
movl 0 -52.8719 394.7075 171.8295 -173.7987 20.2887 -10.4108 100.0000 stroke1
movl 0 -54.5410 392.9610 172.1608 -173.8935 20.1702 -10.0320 100.0000 stroke1
movl 0 -56.0839 391.1112 172.4674 -173.8931 20.1937 -9.4152 100.0000 stroke1
movl 0 -57.8977 389.6529 172.7004 -173.8965 20.0899 -8.9527 100.0000 stroke1
movl 0 -59.5172 388.4696 173.0478 -173.8083 20.0822 -8.1926 100.0000 stroke1
movl 0 -61.2658 387.2296 173.1958 -173.6729 20.0805 -7.4410 100.0000 stroke1
movl 0 -62.2861 386.5507 173.4012 -173.7313 20.2281 -7.0316 100.0000 stroke1
movl 0 -63.2237 385.9495 173.6883 -173.7447 20.4014 -6.7138 100.0000 stroke1
movl 0 -64.2081 385.3147 173.9883 -173.7769 20.5926 -6.3905 100.0000 stroke1
movl 0 -63.1895 382.8849 176.4132 -173.1659 22.8009 -5.1963 100.0000 stroke1
movl 0 -63.3704 372.5421 210.1195 -167.4119 30.4461 -2.3542 100.0000 stroke1
movl 0 -25.4461 384.0697 219.1980 -172.3859 33.1880 -12.5120 100.0000 stroke2
movl 0 -27.0444 376.4541 177.1728 -171.9647 28.9528 -16.1750 100.0000 stroke2
movl 0 -34.1983 377.0770 175.7866 -170.7796 27.2341 -14.8829 100.0000 stroke2
movl 0 -39.7160 380.3870 174.5379 -171.7603 25.1577 -15.6097 100.0000 stroke2
movl 0 -42.8966 380.8772 174.0851 -172.1469 24.3993 -16.3186 100.0000 stroke2
movl 0 -45.0120 380.5853 173.2507 -171.8729 23.7620 -16.1880 100.0000 stroke2
movl 0 -47.1113 381.5692 172.6984 -171.8468 22.3619 -16.5466 100.0000 stroke2
movl 0 -49.8380 381.9204 172.3813 -171.8281 21.1532 -16.6519 100.0000 stroke2
movl 0 -50.3625 382.3202 172.4378 -172.0668 20.5081 -16.7515 100.0000 stroke2
movl 0 -51.1959 382.0954 172.6931 -172.0107 20.1539 -16.8571 100.0000 stroke2
movl 0 -51.3357 382.1960 172.6562 -171.8020 19.8825 -17.0276 100.0000 stroke2
movl 0 -49.6494 382.8971 172.6470 -172.0513 19.7943 -17.6019 100.0000 stroke2
movl 0 -47.0032 383.2796 172.7683 -172.1569 19.8696 -18.2139 100.0000 stroke2
movl 0 -44.4000 383.5087 172.8599 -172.1070 19.8177 -18.8366 100.0000 stroke2
movl 0 -42.5985 383.8670 172.8068 -172.4069 19.5222 -19.9963 100.0000 stroke2
movl 0 -40.3187 384.0006 172.9116 -172.3849 19.2291 -20.5124 100.0000 stroke2
movl 0 -37.0951 384.0869 173.0139 -172.4725 19.0656 -21.2398 100.0000 stroke2
movl 0 -33.3274 384.7706 173.0710 -172.7060 18.8107 -22.1715 100.0000 stroke2
movl 0 -29.6174 385.8016 172.9635 -173.0695 18.6675 -23.1803 100.0000 stroke2
movl 0 -29.0967 385.2267 173.1706 -172.9567 18.9580 -22.8607 100.0000 stroke2
movl 0 -25.9175 385.0663 173.3937 -173.2310 20.0174 -22.5511 100.0000 stroke2
movl 0 -25.3895 384.7784 173.7632 -173.2477 20.1571 -22.6008 100.0000 stroke2
movl 0 -25.0003 384.4237 173.9828 -173.1885 20.3178 -22.5963 100.0000 stroke2
movl 0 -25.0487 383.9091 174.2654 -172.9000 20.4455 -22.5055 100.0000 stroke2
movl 0 -25.6026 384.4442 174.2098 -173.3028 19.9773 -22.6528 100.0000 stroke2
movl 0 -25.8164 384.5796 174.1258 -173.7070 19.9091 -22.8267 100.0000 stroke2
movl 0 -23.9343 381.4175 175.7682 -173.2745 22.2116 -22.1344 100.0000 stroke2
movl 0 -13.5377 375.4429 208.4201 -169.2763 29.0382 -20.4633 100.0000 stroke2
movl 0 4.5491 377.8587 238.8755 -165.4532 37.0745 -10.0434 100.0000 stroke3
movl 0 4.3639 376.3308 180.4313 -170.7803 31.0170 -17.1042 100.0000 stroke3
movl 0 4.5994 375.3442 175.8207 -172.5202 29.4118 -20.1461 100.0000 stroke3
movl 0 -1.1130 376.7166 172.2459 -171.8292 28.0144 -19.5498 100.0000 stroke3
movl 0 -6.5521 376.7786 170.9785 -170.6902 26.4143 -18.3331 100.0000 stroke3
movl 0 -9.4652 379.0024 170.2595 -171.2033 25.7127 -18.6175 100.0000 stroke3
movl 0 -14.0735 382.2401 169.3053 -173.7548 23.5367 -21.0028 100.0000 stroke3
movl 0 -13.6105 386.0073 168.9009 -176.6235 22.7113 -24.1020 100.0000 stroke3
movl 0 -11.8170 389.0842 168.0531 -179.2576 22.4072 -26.6393 100.0000 stroke3
movl 0 -10.8082 390.5725 167.6756 179.2238 22.4878 -27.3811 100.0000 stroke3
movl 0 -9.4021 391.8595 167.5882 177.6903 22.6978 -29.1548 100.0000 stroke3
movl 0 -9.3113 391.8870 167.7561 176.4344 22.5076 -30.6294 100.0000 stroke3
movl 0 -9.5605 391.6897 168.0802 175.3671 22.0911 -31.9943 100.0000 stroke3
movl 0 -10.2123 391.3930 168.3699 174.3149 21.6756 -33.2990 100.0000 stroke3
movl 0 -11.1898 390.8568 168.6782 173.2486 21.0039 -34.4043 100.0000 stroke3
movl 0 -11.9482 390.3041 169.0414 172.5057 20.6751 -34.9655 100.0000 stroke3
movl 0 -12.7254 389.6201 169.2628 171.9041 20.3213 -35.3986 100.0000 stroke3
movl 0 -13.6527 388.6687 169.6538 171.1571 20.0724 -35.7393 100.0000 stroke3
movl 0 -15.1676 388.3946 169.6731 170.5285 19.4990 -35.6491 100.0000 stroke3
movl 0 -16.7945 387.8477 169.8100 169.7626 18.9451 -35.7208 100.0000 stroke3
movl 0 -17.9970 387.4257 169.9120 168.9442 18.3933 -36.2425 100.0000 stroke3
movl 0 -19.5084 387.1207 169.9377 168.3458 17.8989 -35.7983 100.0000 stroke3
movl 0 -21.1988 386.3907 169.9864 167.8104 17.3539 -35.8079 100.0000 stroke3
movl 0 -22.4875 386.1594 169.9998 167.4100 16.9639 -35.5340 100.0000 stroke3
movl 0 -24.3449 385.8152 169.9828 167.0061 16.7075 -34.9047 100.0000 stroke3
movl 0 -26.7441 385.0704 169.9030 167.3917 17.0291 -32.4073 100.0000 stroke3
movl 0 -28.6108 384.2720 169.8797 167.3331 17.0056 -31.2767 100.0000 stroke3
movl 0 -30.8243 383.7190 169.7551 167.2235 16.8769 -30.1471 100.0000 stroke3
movl 0 -33.2402 382.9273 169.5824 167.1842 16.8995 -28.8627 100.0000 stroke3
movl 0 -34.9944 381.9885 169.5465 167.1711 17.3472 -27.6857 100.0000 stroke3
movl 0 -33.2029 381.5219 169.7855 167.6659 18.1483 -27.0702 100.0000 stroke3
movl 0 -29.0571 381.3741 170.3385 168.1022 18.8017 -27.5989 100.0000 stroke3
movl 0 -28.4776 380.8820 170.4519 168.1775 18.9108 -27.6383 100.0000 stroke3
movl 0 -29.0163 380.6033 170.5156 167.9976 18.7143 -27.3605 100.0000 stroke3
movl 0 -29.4454 380.4590 170.4376 167.8367 18.6752 -26.9135 100.0000 stroke3
movl 0 -29.6239 379.4994 170.7738 168.0191 18.7488 -26.7755 100.0000 stroke3
movl 0 -26.1848 378.8614 171.3129 168.6165 19.4305 -27.3466 100.0000 stroke3
movl 0 -29.0708 378.1818 171.2214 168.5713 19.0092 -26.2964 100.0000 stroke3
movl 0 -27.5639 377.6542 171.5612 169.0092 19.5383 -26.5634 100.0000 stroke3
movl 0 -22.7473 370.7956 174.0276 172.2826 22.0548 -27.6007 100.0000 stroke3
movl 0 -24.9577 340.8834 184.8703 -166.8801 28.5471 -23.3767 100.0000 stroke3
movl 0 -27.0480 304.9307 229.4505 -137.8486 30.8855 -11.5149 100.0000 stroke3
movl 0 -64.2197 295.0632 189.0590 -152.0035 22.1721 -17.5672 100.0000 stroke4
movl 0 -73.3528 287.1403 168.5693 -151.6147 17.1258 -17.9661 100.0000 stroke4
movl 0 -71.4335 290.8777 167.1794 -154.0003 17.0941 -17.6027 100.0000 stroke4
movl 0 -72.5436 292.5648 166.0079 -154.0652 16.6750 -17.6688 100.0000 stroke4
movl 0 -74.4915 293.6411 164.8322 -154.2152 16.0121 -17.5686 100.0000 stroke4
movl 0 -75.8846 296.0198 163.7246 -155.6840 15.3873 -17.5286 100.0000 stroke4
movl 0 -76.4556 297.0560 163.1064 -157.0127 15.5820 -17.3206 100.0000 stroke4
movl 0 -77.4119 296.9536 162.2677 -157.0507 15.5607 -16.3857 100.0000 stroke4
movl 0 -77.0318 296.7843 162.2588 -157.1972 15.8986 -16.0188 100.0000 stroke4
movl 0 -76.4501 296.7449 162.3329 -157.1535 16.3422 -15.5842 100.0000 stroke4
movl 0 -75.9408 296.7105 162.2681 -156.9167 16.6530 -15.1799 100.0000 stroke4
movl 0 -75.3887 296.5782 162.2001 -156.6936 16.9881 -14.6884 100.0000 stroke4
movl 0 -75.1744 296.1922 162.2099 -156.2138 17.1657 -14.3063 100.0000 stroke4
movl 0 -74.8141 295.6881 162.4000 -155.7939 17.5450 -14.1878 100.0000 stroke4
movl 0 -68.6793 290.2333 165.4558 -152.6911 20.2137 -12.7581 100.0000 stroke4
movl 0 -65.3326 281.0894 203.0281 -140.9397 22.6542 -5.0150 100.0000 stroke4
movl 0 -12.1504 410.4062 202.8530 175.1308 35.7745 -21.5199 100.0000 stroke5
movl 0 -14.2182 401.7167 176.2087 173.5042 33.2584 -22.8927 100.0000 stroke5
movl 0 -16.8807 396.8094 172.0403 175.8297 30.7581 -22.9018 100.0000 stroke5
movl 0 -25.4620 392.4262 172.6544 178.8872 27.5189 -21.8541 100.0000 stroke5
movl 0 -27.1750 389.1422 172.9253 -179.3863 27.6177 -20.2463 100.0000 stroke5
movl 0 -27.9756 389.4864 172.3713 -178.9471 27.3664 -19.6987 100.0000 stroke5
movl 0 -30.2218 390.1574 171.6090 -178.2201 26.4954 -18.7561 100.0000 stroke5
movl 0 -33.9170 393.5589 170.8712 179.8207 24.5106 -19.6912 100.0000 stroke5
movl 0 -34.5249 395.8975 170.2201 178.3224 23.5435 -20.9510 100.0000 stroke5
movl 0 -33.3798 397.8626 169.5928 176.9423 23.0917 -22.4166 100.0000 stroke5
movl 0 -34.0480 398.0422 169.5416 175.8228 22.6230 -23.2634 100.0000 stroke5
movl 0 -35.2335 397.5740 169.6120 176.0996 23.4744 -20.9562 100.0000 stroke5
movl 0 -36.0815 396.6813 169.8332 175.7741 23.6816 -20.2464 100.0000 stroke5
movl 0 -37.9132 395.2651 169.9767 175.4783 23.8206 -19.2113 100.0000 stroke5
movl 0 -40.5987 393.5752 170.0022 175.4267 24.0210 -17.7620 100.0000 stroke5
movl 0 -43.0784 391.9238 170.2911 175.5003 24.3108 -16.8013 100.0000 stroke5
movl 0 -45.4227 387.4982 173.0873 176.5717 25.8833 -15.4579 100.0000 stroke5
movl 0 -49.0521 374.0624 219.0326 -173.3614 34.1412 -6.8110 100.0000 stroke5
movl 0 -23.4804 387.5679 240.9538 -157.0041 27.4355 23.1700 100.0000 stroke6
movl 0 -9.7392 393.5349 181.5828 -165.5252 26.4893 12.0208 100.0000 stroke6
movl 0 -15.0818 383.3895 177.8228 -160.9525 22.5361 15.1696 100.0000 stroke6
movl 0 -21.4560 383.1999 174.8022 -161.8478 19.7077 14.9420 100.0000 stroke6
movl 0 -23.4169 383.4869 174.0791 -162.4224 19.1201 14.1956 100.0000 stroke6
movl 0 -25.8077 384.6845 173.3240 -162.8977 18.4622 13.7688 100.0000 stroke6
movl 0 -30.0941 388.1487 172.3245 -164.9360 17.5439 14.0185 100.0000 stroke6
movl 0 -30.7005 391.8116 172.0427 -168.2876 17.9569 10.4856 100.0000 stroke6
movl 0 -30.2694 393.4191 171.8222 -169.5029 18.3690 8.4708 100.0000 stroke6
movl 0 -31.3399 392.9584 172.0305 -170.4531 18.7882 7.4675 100.0000 stroke6
movl 0 -32.7789 392.0492 172.7492 -171.6513 19.3204 6.7653 100.0000 stroke6
movl 0 -35.6556 390.8170 172.7434 -173.0941 19.6919 6.7989 100.0000 stroke6
movl 0 -39.1606 388.7251 172.8679 -173.7203 20.0085 7.9137 100.0000 stroke6
movl 0 -42.8180 386.8790 172.8205 -174.0780 20.2194 9.2272 100.0000 stroke6
movl 0 -46.1373 385.0925 172.9935 -174.1968 20.4187 10.1846 100.0000 stroke6
movl 0 -48.0300 383.7040 173.4189 -174.1201 21.1103 10.9445 100.0000 stroke6
movl 0 -46.3089 378.6978 192.2341 -170.2547 25.9752 11.8216 100.0000 stroke6
