movl 0 -27.8837 402.7855 185.8729 157.4523 -22.6317 -163.5210 100.0000 stroke1
movl 0 -24.2149 404.7157 177.9126 160.4225 -25.7600 -168.9386 100.0000 stroke1
movl 0 -19.7654 405.7396 173.2996 158.4244 -26.1837 -166.8191 100.0000 stroke1
movl 0 -14.9020 402.4908 169.6975 154.8390 -28.0261 -166.2664 100.0000 stroke1
movl 0 -20.2417 405.5251 167.8612 155.9378 -27.0282 -165.9312 100.0000 stroke1
movl 0 -23.6827 410.1273 171.4995 163.9328 -28.2757 -172.0520 100.0000 stroke1
movl 0 -23.5376 406.8779 171.7229 167.3217 -28.6086 -179.3955 100.0000 stroke1
movl 0 -31.9414 402.8920 172.9055 168.1875 -26.8390 175.3562 100.0000 stroke1
movl 0 -38.3395 404.0852 173.0584 171.5767 -26.2020 169.0739 100.0000 stroke1
movl 0 -41.0570 406.5231 172.7406 173.2507 -25.9713 166.8793 100.0000 stroke1
movl 0 -40.0528 407.3939 172.3613 173.8963 -26.1266 166.3828 100.0000 stroke1
movl 0 -42.0630 407.6852 171.7996 174.2858 -25.4145 165.6970 100.0000 stroke1
movl 0 -46.6614 412.1781 170.7754 178.1698 -23.1567 161.6763 100.0000 stroke1
movl 0 -50.4101 412.0774 170.7809 179.5131 -21.6388 159.4009 100.0000 stroke1
movl 0 -52.0315 412.3292 170.8995 -179.2718 -20.9632 157.5760 100.0000 stroke1
movl 0 -54.3404 411.0372 171.1380 -178.8879 -20.4268 156.5823 100.0000 stroke1
movl 0 -54.6540 411.6597 171.3805 -178.7722 -20.1017 155.0923 100.0000 stroke1
movl 0 -54.3996 412.7692 171.3332 -178.0394 -19.1525 151.1792 100.0000 stroke1
movl 0 -54.0589 413.2681 171.6798 -177.1365 -18.3792 148.6428 100.0000 stroke1
movl 0 -52.5149 412.8968 172.3754 -176.4823 -18.4409 147.8013 100.0000 stroke1
movl 0 -49.9638 412.0414 173.4520 -176.0430 -18.7351 147.2280 100.0000 stroke1
movl 0 -47.7557 410.7723 174.3049 -175.8976 -19.1541 147.3450 100.0000 stroke1
movl 0 -47.1333 410.6173 174.3261 -176.3129 -19.6711 147.9675 100.0000 stroke1
movl 0 -45.7063 409.1559 174.6402 -177.6928 -21.0103 151.2975 100.0000 stroke1
movl 0 -32.2325 399.8636 182.0989 170.4768 -28.1439 169.1879 100.0000 stroke1
movl 0 2.6014 415.0074 177.0023 157.6266 -26.3014 -151.3995 100.0000 stroke2
movl 0 -3.5033 409.9230 176.0529 156.6113 -20.4111 -152.3010 100.0000 stroke2
movl 0 -8.6836 410.0025 173.3027 156.6708 -16.8757 -151.1667 100.0000 stroke2
movl 0 -13.6384 411.1000 172.4893 157.3128 -14.3776 -150.8667 100.0000 stroke2
movl 0 -13.7253 412.2926 171.9646 157.6146 -14.3572 -150.9365 100.0000 stroke2
movl 0 -18.3014 417.0508 170.4916 160.0523 -13.3624 -150.6519 100.0000 stroke2
movl 0 -18.9064 421.0296 169.7849 162.5331 -13.7459 -152.7990 100.0000 stroke2
movl 0 -18.3616 423.3977 169.5837 164.4289 -14.4675 -155.2064 100.0000 stroke2
movl 0 -19.6774 424.5385 169.3607 165.6155 -15.1126 -156.0191 100.0000 stroke2
movl 0 -20.1489 424.6957 169.2813 166.4388 -16.2122 -156.2845 100.0000 stroke2
movl 0 -20.7683 424.1443 169.7037 167.1086 -16.9748 -156.5435 100.0000 stroke2
movl 0 -22.3113 423.1160 170.1030 167.3883 -17.3261 -156.0108 100.0000 stroke2
movl 0 -23.9082 421.6864 170.5119 167.6503 -17.7987 -155.6467 100.0000 stroke2
movl 0 -24.9624 419.6542 171.3034 167.3391 -18.4865 -154.7975 100.0000 stroke2
movl 0 -19.8885 409.0819 177.8292 161.8856 -20.3549 -152.7830 100.0000 stroke2
movl 0 -16.0456 394.0177 203.9357 151.3127 -19.8487 -147.6747 100.0000 stroke2
movl 0 -15.7289 395.3466 205.0810 158.2676 -27.8929 -159.1062 100.0000 stroke3
movl 0 -16.3366 397.2218 171.6168 161.7580 -25.7384 -163.2344 100.0000 stroke3
movl 0 -22.0578 397.2452 170.6729 163.5127 -24.6387 -164.6419 100.0000 stroke3
movl 0 -30.5000 395.6729 171.3444 163.7448 -22.8474 -163.3374 100.0000 stroke3
movl 0 -34.8031 396.4457 170.5623 163.8642 -22.1135 -161.8408 100.0000 stroke3
movl 0 -38.2190 397.3547 169.9353 164.6012 -21.0413 -162.1351 100.0000 stroke3
movl 0 -43.4984 396.6180 170.2749 165.4622 -18.5657 -163.4656 100.0000 stroke3
movl 0 -45.6336 396.7995 170.6262 166.4561 -17.4908 -164.5269 100.0000 stroke3
movl 0 -46.6347 396.0311 170.9692 166.3096 -16.7311 -165.0133 100.0000 stroke3
movl 0 -45.5191 396.4187 171.1474 166.5959 -16.4115 -166.3219 100.0000 stroke3
movl 0 -45.0932 396.8586 171.3552 167.1215 -15.6149 -168.1444 100.0000 stroke3
movl 0 -43.5508 397.3816 171.4267 167.5680 -15.0865 -170.0696 100.0000 stroke3
movl 0 -42.3752 398.4102 171.4556 168.0959 -14.2167 -172.5474 100.0000 stroke3
movl 0 -40.0044 399.8399 171.4217 168.7143 -13.7010 -175.2462 100.0000 stroke3
movl 0 -38.7197 399.7826 171.6097 168.6250 -13.5050 -176.2961 100.0000 stroke3
movl 0 -36.8538 395.4500 172.9997 166.3938 -14.3000 -175.1287 100.0000 stroke3
movl 0 -35.2208 394.6962 173.2835 165.8849 -14.8104 -175.1532 100.0000 stroke3
movl 0 -36.4137 396.4095 173.2967 167.6770 -14.0783 -174.6817 100.0000 stroke3
movl 0 -35.4793 395.3307 172.6551 165.8536 -15.7600 -168.3597 100.0000 stroke3
movl 0 -30.9572 377.6764 185.3023 149.8684 -17.5558 -154.0833 100.0000 stroke3
movl 0 -12.5397 393.8497 188.0473 144.2068 -16.5555 -129.3478 100.0000 stroke4
movl 0 -16.5568 385.8757 169.0438 149.2663 -11.8507 -134.8590 100.0000 stroke4
movl 0 -23.4229 385.6192 170.5769 152.5425 -8.7348 -133.9807 100.0000 stroke4
movl 0 -27.6519 385.8742 171.0740 154.2330 -5.6591 -131.9650 100.0000 stroke4
movl 0 -28.6911 388.5942 170.0188 155.1112 -5.4595 -132.0638 100.0000 stroke4
movl 0 -32.8863 393.0222 168.5096 157.4035 -5.5898 -131.6751 100.0000 stroke4
movl 0 -31.2129 398.0915 167.5877 159.8109 -8.2999 -135.8982 100.0000 stroke4
movl 0 -32.1102 399.1594 167.9351 161.4001 -10.7143 -138.7138 100.0000 stroke4
movl 0 -32.3439 399.8358 168.3605 162.7821 -12.2354 -141.5662 100.0000 stroke4
movl 0 -32.6613 400.1344 168.6653 163.9316 -13.5368 -143.7917 100.0000 stroke4
movl 0 -32.4705 400.3759 169.2227 165.1283 -14.7933 -145.7013 100.0000 stroke4
movl 0 -32.4069 400.9394 169.5804 166.6469 -16.1052 -147.8602 100.0000 stroke4
movl 0 -33.8109 402.5126 169.8562 169.3653 -17.1283 -150.4544 100.0000 stroke4
movl 0 -34.2078 401.4050 170.9097 170.3860 -17.5786 -153.0466 100.0000 stroke4
movl 0 -30.6129 401.2289 170.9997 169.9172 -18.7292 -155.0156 100.0000 stroke4
movl 0 -32.9597 399.1686 171.9444 170.6289 -18.1866 -156.4041 100.0000 stroke4
movl 0 -33.1377 399.7317 171.7484 171.2182 -18.3970 -157.2914 100.0000 stroke4
movl 0 -33.2143 395.8570 173.1401 168.7979 -17.1472 -157.2118 100.0000 stroke4
movl 0 -31.7186 383.9602 185.3895 160.2548 -15.4646 -154.8793 100.0000 stroke4
movl 0 -29.5233 369.5931 188.1735 151.6648 -13.0826 -144.3605 100.0000 stroke5
movl 0 -26.5943 371.4856 178.7047 153.6473 -13.5240 -146.8359 100.0000 stroke5
movl 0 -32.4177 374.5499 175.3337 156.1485 -13.3855 -147.8292 100.0000 stroke5
movl 0 -37.9576 376.5968 174.8173 157.7109 -13.6807 -149.6056 100.0000 stroke5
movl 0 -41.9732 378.5405 173.5370 158.6389 -12.8533 -148.8227 100.0000 stroke5
movl 0 -42.1218 379.2821 173.0621 158.8482 -12.8061 -148.3056 100.0000 stroke5
movl 0 -46.0548 379.6345 172.6554 159.8725 -11.4912 -149.3148 100.0000 stroke5
movl 0 -50.1901 379.3814 172.5924 160.9735 -9.9590 -150.7880 100.0000 stroke5
movl 0 -51.5135 379.8118 172.5970 161.8169 -9.6665 -151.6810 100.0000 stroke5
movl 0 -52.3828 379.5387 172.7906 162.0807 -9.2620 -152.6128 100.0000 stroke5
movl 0 -50.9680 380.7835 172.8747 162.8388 -9.2427 -155.0733 100.0000 stroke5
movl 0 -49.6968 381.9407 172.9847 163.6230 -9.1623 -157.4853 100.0000 stroke5
movl 0 -48.3910 383.2165 173.0140 164.3767 -8.8519 -160.1107 100.0000 stroke5
movl 0 -47.8635 384.9182 172.8711 165.4270 -8.2343 -163.0810 100.0000 stroke5
movl 0 -48.0180 384.4437 173.0340 165.2968 -7.7301 -163.8914 100.0000 stroke5
movl 0 -46.3037 381.3395 174.3101 163.8182 -8.1341 -163.2533 100.0000 stroke5
movl 0 -44.9099 379.9891 174.9391 163.1149 -8.2986 -163.2193 100.0000 stroke5
movl 0 -44.0962 379.5802 175.1995 162.8559 -8.4572 -163.1699 100.0000 stroke5
movl 0 -44.7101 380.7186 175.1671 164.5808 -8.5454 -162.8791 100.0000 stroke5
movl 0 -43.6577 380.9120 174.9374 164.9226 -9.2716 -162.0144 100.0000 stroke5
movl 0 -39.5051 373.7556 175.8881 159.1775 -11.7019 -155.0070 100.0000 stroke5
movl 0 -29.9049 365.1438 205.6931 148.7427 -11.8522 -146.6275 100.0000 stroke5
movl 0 -30.9696 369.2398 187.3948 156.5801 -18.3983 -149.2792 100.0000 stroke6
movl 0 -31.9676 368.9658 175.8802 158.1929 -17.3580 -151.1237 100.0000 stroke6
movl 0 -39.4358 366.9697 175.3308 158.8764 -15.4766 -151.9156 100.0000 stroke6
movl 0 -42.6761 368.1250 174.0952 159.4072 -14.8669 -151.9482 100.0000 stroke6
movl 0 -46.7833 369.9080 172.9962 160.5383 -13.7203 -152.3684 100.0000 stroke6
movl 0 -51.5653 370.8067 172.7469 162.3123 -12.0980 -154.6137 100.0000 stroke6
movl 0 -55.2148 370.8520 173.0859 163.6766 -10.7857 -156.5620 100.0000 stroke6
movl 0 -55.7262 370.4156 173.1210 163.8209 -10.5552 -157.7426 100.0000 stroke6
movl 0 -55.6681 370.6769 173.1590 164.2479 -10.0813 -159.6178 100.0000 stroke6
movl 0 -53.4039 371.6768 173.3196 164.8425 -9.8584 -162.0874 100.0000 stroke6
movl 0 -50.3267 373.4959 173.3499 165.7179 -9.7890 -164.9331 100.0000 stroke6
movl 0 -49.1109 374.7886 173.5464 166.4160 -9.0154 -167.6417 100.0000 stroke6
movl 0 -48.0238 376.6939 173.3247 167.4271 -8.1580 -170.6227 100.0000 stroke6
movl 0 -46.7018 376.1836 173.6531 167.1612 -8.6886 -170.7923 100.0000 stroke6
movl 0 -43.3231 371.6682 175.4888 164.9398 -9.5273 -169.8124 100.0000 stroke6
movl 0 -42.1091 370.7956 176.0340 164.4655 -9.6733 -169.9366 100.0000 stroke6
movl 0 -42.0838 372.7644 175.9936 166.4395 -9.6742 -169.7921 100.0000 stroke6
movl 0 -41.1033 373.4475 175.2890 166.7215 -10.5191 -168.3194 100.0000 stroke6
movl 0 -35.4294 365.0899 175.8180 159.2552 -13.0277 -159.4007 100.0000 stroke6
movl 0 -27.6307 359.5335 196.6333 149.3806 -12.1164 -147.0160 100.0000 stroke6
movl 0 -32.2703 369.8639 226.9625 151.8398 -16.0595 -137.2373 100.0000 stroke7
movl 0 -34.3028 368.2949 185.4631 154.6730 -17.5169 -139.0464 100.0000 stroke7
movl 0 -44.6083 365.3850 176.5615 157.6614 -14.4899 -140.4114 100.0000 stroke7
movl 0 -50.7045 363.6201 176.2706 158.5475 -13.0367 -140.9100 100.0000 stroke7
movl 0 -52.0972 367.5647 174.6482 159.9431 -14.0251 -141.3022 100.0000 stroke7
movl 0 -53.5872 369.3160 173.4632 160.2552 -14.4004 -140.7632 100.0000 stroke7
movl 0 -56.9597 370.6683 172.4420 161.5444 -13.8056 -141.1259 100.0000 stroke7
movl 0 -61.2477 371.6263 172.4561 163.5081 -12.5076 -142.2461 100.0000 stroke7
movl 0 -62.7757 373.3418 172.7034 165.4235 -12.3273 -143.4559 100.0000 stroke7
movl 0 -64.0449 373.1161 173.0624 165.9905 -11.9592 -144.4255 100.0000 stroke7
movl 0 -64.4650 372.7383 173.3760 166.0599 -11.1361 -145.5438 100.0000 stroke7
movl 0 -63.3551 372.7433 173.7078 166.3413 -10.7525 -146.8462 100.0000 stroke7
movl 0 -61.2601 373.0232 173.8683 166.5958 -10.6768 -148.2576 100.0000 stroke7
movl 0 -58.7937 373.0678 174.3041 166.7027 -10.6560 -149.5325 100.0000 stroke7
movl 0 -55.4132 373.6062 174.6718 166.9724 -10.8503 -151.1054 100.0000 stroke7
movl 0 -52.2578 374.5642 174.8997 167.4596 -10.9029 -152.9411 100.0000 stroke7
movl 0 -49.8793 375.5421 175.3052 168.1869 -10.6451 -154.9957 100.0000 stroke7
movl 0 -46.6546 376.8980 175.6264 168.9815 -10.5916 -157.2089 100.0000 stroke7
movl 0 -44.2945 378.2966 175.8732 169.7748 -10.3037 -159.5836 100.0000 stroke7
movl 0 -41.6594 380.2456 176.0141 170.9110 -10.0666 -162.1667 100.0000 stroke7
movl 0 -42.0304 381.1920 176.2216 171.7876 -9.2534 -164.4231 100.0000 stroke7
movl 0 -43.3121 381.1714 176.7604 172.2964 -8.1748 -166.4117 100.0000 stroke7
movl 0 -44.3596 382.0101 177.0316 173.0952 -6.6723 -169.0266 100.0000 stroke7
movl 0 -46.0358 382.9396 176.9897 173.8665 -5.3839 -172.2694 100.0000 stroke7
movl 0 -48.9206 383.2054 177.0080 174.3201 -4.0004 -175.0042 100.0000 stroke7
movl 0 -48.9209 384.1301 177.0243 174.7631 -3.1026 -177.5722 100.0000 stroke7
movl 0 -49.3105 385.2097 176.9138 175.2050 -2.0644 179.8536 100.0000 stroke7
movl 0 -50.5827 384.5142 177.0834 175.0232 -1.7073 179.0117 100.0000 stroke7
movl 0 -48.3528 381.3996 178.4994 173.8053 -3.0048 179.8150 100.0000 stroke7
movl 0 -42.2015 379.6835 179.5124 172.9686 -5.5392 -179.0272 100.0000 stroke7
movl 0 -38.9247 378.8227 180.1205 172.3627 -6.6302 -178.4113 100.0000 stroke7
movl 0 -36.6667 377.9348 180.7263 171.8571 -7.1980 -178.1941 100.0000 stroke7
movl 0 -35.7847 377.2926 181.1411 171.5897 -7.4423 -178.1414 100.0000 stroke7
movl 0 -35.1264 377.7747 181.3225 171.8508 -7.4790 -178.3755 100.0000 stroke7
movl 0 -34.9958 380.2908 180.6146 173.3753 -7.4231 -178.8600 100.0000 stroke7
movl 0 -34.9259 383.4694 180.0283 175.4708 -7.4559 -179.4287 100.0000 stroke7
movl 0 -34.0298 385.0091 180.0004 176.6470 -7.5431 -179.9261 100.0000 stroke7
movl 0 -32.1345 385.3349 180.0192 176.9703 -8.2923 179.8935 100.0000 stroke7
movl 0 -29.1957 381.5655 180.3775 174.3823 -10.9959 -177.3245 100.0000 stroke7
movl 0 -21.6277 365.0478 189.8783 165.5199 -14.8036 -169.6924 100.0000 stroke7
movl 0 -30.4011 375.9479 211.4784 156.5057 -18.1640 -142.8913 100.0000 stroke8
movl 0 -27.2840 381.3589 185.2046 161.4893 -20.4397 -147.3682 100.0000 stroke8
movl 0 -24.9585 384.7099 177.3176 163.8316 -21.8918 -149.6979 100.0000 stroke8
movl 0 -24.2876 387.2819 175.1992 164.2869 -22.3079 -150.5061 100.0000 stroke8
movl 0 -24.4612 390.8574 173.3257 165.3038 -22.6511 -151.0682 100.0000 stroke8
movl 0 -27.3946 394.5641 171.5084 166.5758 -22.3319 -151.2976 100.0000 stroke8
movl 0 -34.4118 401.1916 169.6870 170.8463 -20.6647 -152.5636 100.0000 stroke8
movl 0 -33.4049 404.7775 168.5052 172.8992 -20.8295 -155.0323 100.0000 stroke8
movl 0 -33.1554 406.1336 168.6790 174.6874 -21.5697 -156.1392 100.0000 stroke8
movl 0 -32.5796 406.3515 169.3419 176.2977 -22.0048 -157.3566 100.0000 stroke8
movl 0 -32.3665 406.2491 169.7404 177.5367 -22.3569 -158.6081 100.0000 stroke8
movl 0 -32.7487 404.4154 170.7655 177.4526 -22.1275 -159.8351 100.0000 stroke8
movl 0 -33.4000 403.5458 170.9999 177.2448 -21.7440 -160.4418 100.0000 stroke8
movl 0 -32.1694 400.3865 172.0759 175.1671 -21.6187 -160.0434 100.0000 stroke8
movl 0 -24.0509 394.7561 183.6613 168.7975 -21.5382 -158.4546 100.0000 stroke8
movl 0 -13.9280 395.1073 246.1138 155.9716 -19.8986 -138.8829 100.0000 stroke9
movl 0 -9.3171 390.7471 193.0278 158.5235 -20.6030 -141.8817 100.0000 stroke9
movl 0 -14.9733 382.2788 180.5454 158.9377 -16.3698 -141.2036 100.0000 stroke9
movl 0 -16.9263 380.2809 176.9536 159.1789 -14.9401 -141.8078 100.0000 stroke9
movl 0 -21.5583 379.0117 176.9649 160.4301 -12.9867 -142.7724 100.0000 stroke9
movl 0 -20.2967 380.9664 176.7105 161.3642 -13.4991 -143.8931 100.0000 stroke9
movl 0 -21.7028 382.4069 176.1594 162.0781 -12.8678 -144.0636 100.0000 stroke9
movl 0 -24.4824 387.9611 174.3175 164.9599 -13.0489 -144.9621 100.0000 stroke9
movl 0 -23.9439 392.4577 172.9559 167.4931 -13.7174 -147.5653 100.0000 stroke9
movl 0 -24.5901 394.1130 172.4437 168.7122 -14.6621 -148.0963 100.0000 stroke9
movl 0 -24.6966 395.0442 172.0945 169.5948 -15.9956 -147.7857 100.0000 stroke9
movl 0 -27.5774 394.1254 172.4704 170.2379 -15.9470 -146.7187 100.0000 stroke9
movl 0 -28.7837 393.7483 172.8135 170.7295 -16.2888 -145.6923 100.0000 stroke9
movl 0 -30.0117 392.5502 173.3864 170.8528 -16.3688 -144.7347 100.0000 stroke9
movl 0 -30.8236 391.3018 173.9168 170.7804 -16.2096 -144.3296 100.0000 stroke9
movl 0 -30.9773 389.8574 174.5150 170.4023 -16.1342 -143.6968 100.0000 stroke9
movl 0 -27.5863 390.2312 174.8200 169.7848 -16.4933 -144.5103 100.0000 stroke9
movl 0 -29.8376 389.1135 174.9415 169.8801 -16.4178 -143.2943 100.0000 stroke9
movl 0 -29.0308 388.6019 175.1286 169.5395 -16.1865 -143.7095 100.0000 stroke9
movl 0 -22.9832 384.0080 178.0324 166.1455 -15.9366 -144.2947 100.0000 stroke9
movl 0 -15.7194 363.8967 209.9493 151.2053 -9.1949 -139.2322 100.0000 stroke9
movl 0 -25.7592 369.1862 222.1386 149.6304 4.7881 -99.6786 100.0000 stroke10
movl 0 -28.0069 364.3592 189.6369 151.8620 3.4536 -99.6187 100.0000 stroke10
movl 0 -32.4168 360.4944 178.0621 155.9395 3.7703 -101.8995 100.0000 stroke10
movl 0 -37.5904 360.3741 177.4272 157.5254 3.6353 -101.5654 100.0000 stroke10
movl 0 -40.3857 361.8479 176.7381 158.3809 3.6278 -101.1737 100.0000 stroke10
movl 0 -43.2968 363.4570 175.8087 159.5931 3.1182 -101.0948 100.0000 stroke10
movl 0 -47.8332 367.2867 174.7834 161.8730 1.0761 -102.6155 100.0000 stroke10
movl 0 -48.2608 369.7737 174.3604 162.8734 -0.6957 -104.5355 100.0000 stroke10
movl 0 -48.0545 371.4415 174.1901 163.3405 -2.1741 -106.0613 100.0000 stroke10
movl 0 -48.8805 373.0969 174.2206 164.3085 -4.1113 -107.9436 100.0000 stroke10
movl 0 -49.7143 374.7323 174.2254 165.4710 -6.0993 -110.5007 100.0000 stroke10
movl 0 -50.5997 376.6094 174.0706 166.7544 -8.1133 -112.2820 100.0000 stroke10
movl 0 -51.9701 378.6684 173.7041 168.3022 -9.8915 -113.6272 100.0000 stroke10
movl 0 -52.2209 380.1169 173.4411 169.1767 -11.6095 -114.6940 100.0000 stroke10
movl 0 -49.2034 377.6786 174.8314 167.7508 -10.5340 -115.3972 100.0000 stroke10
movl 0 -50.7509 377.1315 174.7514 168.5343 -10.8509 -115.2156 100.0000 stroke10
movl 0 -49.3343 375.5571 175.5969 167.5490 -9.7970 -115.5794 100.0000 stroke10
movl 0 -47.6845 372.7146 176.6675 166.1588 -8.3306 -116.2050 100.0000 stroke10
movl 0 -42.4666 355.5737 185.4291 158.7134 0.5071 -117.2585 100.0000 stroke10
movl 0 -26.8623 354.0394 195.2373 153.1830 4.8818 -101.4737 100.0000 stroke11
movl 0 -35.5098 349.4462 179.9283 156.9910 5.5400 -101.0522 100.0000 stroke11
movl 0 -37.0689 348.6012 178.7346 158.2753 6.2246 -102.3486 100.0000 stroke11
movl 0 -39.1347 349.8707 178.2617 159.2940 6.3426 -103.4791 100.0000 stroke11
movl 0 -40.2710 351.6370 177.3403 159.5384 5.7198 -103.5587 100.0000 stroke11
movl 0 -42.8712 352.4529 176.7688 160.3412 5.4469 -103.3869 100.0000 stroke11
movl 0 -46.2785 353.7077 176.4696 162.3305 5.1507 -104.2784 100.0000 stroke11
movl 0 -50.8626 352.4426 176.6436 164.0548 5.9627 -105.1502 100.0000 stroke11
movl 0 -50.4246 354.0451 176.6168 164.8813 5.5660 -106.6790 100.0000 stroke11
movl 0 -48.2574 355.6665 176.6270 165.2701 5.1308 -108.6096 100.0000 stroke11
movl 0 -44.6414 357.8873 176.4801 165.3652 4.4374 -110.4254 100.0000 stroke11
movl 0 -41.8244 360.0148 176.4154 165.7723 3.8072 -112.6316 100.0000 stroke11
movl 0 -38.5009 360.8868 176.6117 165.6301 3.5460 -113.8485 100.0000 stroke11
movl 0 -37.2048 359.8037 177.0273 165.0175 3.4511 -114.6265 100.0000 stroke11
movl 0 -32.6217 365.9110 175.5092 165.4407 0.0304 -116.6304 100.0000 stroke11
movl 0 -26.0358 373.1993 173.1549 164.9857 -4.1297 -117.8832 100.0000 stroke11
movl 0 -22.0546 377.0968 171.8614 164.4742 -7.2807 -118.3023 100.0000 stroke11
movl 0 -21.6648 380.0461 171.6507 165.2482 -10.5221 -118.8621 100.0000 stroke11
movl 0 -22.4577 382.0227 171.2755 166.2094 -13.1725 -119.0873 100.0000 stroke11
movl 0 -22.7202 380.7619 172.1170 166.1518 -13.5229 -119.2384 100.0000 stroke11
movl 0 -21.7424 379.2750 172.6694 165.5712 -12.9671 -119.7027 100.0000 stroke11
movl 0 -20.3761 367.3870 177.9964 161.7064 -7.7420 -120.7447 100.0000 stroke11
movl 0 -15.3364 346.8876 219.5106 151.3979 -1.1167 -119.6814 100.0000 stroke11
movl 0 -12.7393 354.6690 201.0622 151.4170 -6.9262 -116.4755 100.0000 stroke12
movl 0 -20.8198 353.2798 181.4819 155.5588 -7.2827 -117.8154 100.0000 stroke12
movl 0 -29.7622 351.4041 180.2769 158.4332 -6.1621 -118.5029 100.0000 stroke12
movl 0 -38.0054 349.8681 180.1546 160.8214 -4.9242 -119.6221 100.0000 stroke12
movl 0 -41.2212 350.7393 179.1807 161.7336 -4.5700 -120.1304 100.0000 stroke12
movl 0 -45.2449 351.0523 178.6704 163.1258 -4.0169 -120.6466 100.0000 stroke12
movl 0 -51.3956 350.2564 178.6633 165.3198 -2.7003 -122.0591 100.0000 stroke12
movl 0 -57.1286 348.0528 178.8599 166.7927 -1.1549 -123.3486 100.0000 stroke12
movl 0 -58.4828 347.9341 178.9897 167.6151 -0.7396 -124.7920 100.0000 stroke12
movl 0 -57.5235 348.9096 179.0674 168.3212 -0.6914 -127.2207 100.0000 stroke12
movl 0 -56.5587 350.1601 179.1354 169.2913 -0.6092 -129.6259 100.0000 stroke12
movl 0 -55.8297 351.7951 179.1085 170.3592 -0.6054 -132.2480 100.0000 stroke12
movl 0 -53.7416 354.0795 178.7812 171.3036 -0.8085 -135.2919 100.0000 stroke12
movl 0 -50.8713 351.3311 180.0814 169.5493 -0.7348 -134.6447 100.0000 stroke12
movl 0 -49.7531 351.6951 180.2012 169.6484 -0.9865 -134.8698 100.0000 stroke12
movl 0 -49.5140 353.3899 179.9675 170.8731 -1.7085 -135.0414 100.0000 stroke12
movl 0 -48.2942 352.5437 180.0382 169.7321 -2.1190 -134.0655 100.0000 stroke12
movl 0 -46.9813 352.0869 180.1387 168.7962 -2.5404 -132.9349 100.0000 stroke12
movl 0 -46.0318 351.4980 180.7589 168.1334 -2.6526 -132.6232 100.0000 stroke12
movl 0 -40.5685 347.7331 190.1077 164.5002 -2.6294 -131.8883 100.0000 stroke12
