movl 0 8.7807 424.1333 244.1008 137.9086 18.6270 -94.3412 100.0000 stroke1
movl 0 3.7351 409.0633 173.0618 137.0791 12.2503 -95.0159 100.0000 stroke1
movl 0 -5.0728 390.1810 162.7046 138.7506 17.6785 -98.2044 100.0000 stroke1
movl 0 -12.6806 387.9222 166.2088 144.3061 18.1113 -99.0493 100.0000 stroke1
movl 0 -15.7283 391.6341 168.0761 146.4194 17.7324 -97.6471 100.0000 stroke1
movl 0 -31.4673 393.0254 172.9445 148.9948 18.9128 -94.6998 100.0000 stroke1
movl 0 -44.6487 393.8778 171.2688 151.1595 19.0632 -92.3101 100.0000 stroke1
movl 0 -45.0323 394.5648 168.4714 152.8324 17.4262 -91.9827 100.0000 stroke1
movl 0 -46.2199 396.1461 166.8743 153.6906 16.7130 -91.3128 100.0000 stroke1
movl 0 -49.5241 400.5986 166.8248 155.1529 12.4974 -92.6559 100.0000 stroke1
movl 0 -50.2879 403.7909 167.1157 155.5958 8.3104 -95.8390 100.0000 stroke1
movl 0 -50.4350 405.9519 167.4810 156.0733 5.7567 -98.7614 100.0000 stroke1
movl 0 -49.7101 407.9116 167.6881 156.1656 3.1665 -101.9266 100.0000 stroke1
movl 0 -50.0369 408.5377 167.9900 156.4086 0.9828 -104.7818 100.0000 stroke1
movl 0 -50.3110 409.2562 168.5910 157.1948 -1.8968 -109.2900 100.0000 stroke1
movl 0 -50.8265 410.9547 169.2893 158.6264 -4.9637 -113.3764 100.0000 stroke1
movl 0 -50.8686 411.7382 169.9581 159.8866 -7.4297 -116.6112 100.0000 stroke1
movl 0 -51.3378 411.5673 170.6140 161.1050 -9.5914 -119.2350 100.0000 stroke1
movl 0 -50.5360 409.3600 171.4748 160.3820 -9.3187 -120.3050 100.0000 stroke1
movl 0 -46.9095 406.6538 172.0720 158.4341 -8.0373 -120.5695 100.0000 stroke1
movl 0 -47.6891 407.7557 172.0250 159.5558 -9.2863 -120.7482 100.0000 stroke1
movl 0 -47.3227 406.0987 171.9694 158.6057 -7.9206 -120.2522 100.0000 stroke1
movl 0 -46.3084 403.9409 171.8750 156.6536 -5.1827 -117.7378 100.0000 stroke1
movl 0 -45.3966 397.9184 173.6411 153.1620 0.5010 -113.2879 100.0000 stroke1
movl 0 -47.6998 382.5188 210.1719 147.4731 15.3087 -107.8439 100.0000 stroke1
movl 0 -28.0809 387.7361 219.6590 145.0051 13.5603 -103.7126 100.0000 stroke2
movl 0 -24.2838 387.1513 170.2694 146.7040 9.1906 -104.1325 100.0000 stroke2
movl 0 -25.8074 386.1081 173.2432 147.4397 9.5182 -104.6650 100.0000 stroke2
movl 0 -29.3285 387.9196 171.7420 149.1596 7.5110 -105.4768 100.0000 stroke2
movl 0 -32.2060 386.6694 172.1502 150.2215 7.7134 -105.2227 100.0000 stroke2
movl 0 -32.3077 387.8260 172.1736 150.7712 7.3385 -105.7885 100.0000 stroke2
movl 0 -33.1888 387.2307 172.1282 151.0069 8.7121 -105.4464 100.0000 stroke2
movl 0 -33.4115 387.2429 171.6202 151.0327 9.2507 -105.1057 100.0000 stroke2
movl 0 -34.7718 387.1195 170.5709 149.8264 9.5321 -103.9419 100.0000 stroke2
movl 0 -39.6987 389.1320 168.4133 150.7729 11.3444 -101.4031 100.0000 stroke2
movl 0 -42.7453 390.5492 166.4222 152.1404 12.3672 -98.8501 100.0000 stroke2
movl 0 -45.4425 391.2090 166.5750 154.2563 12.0195 -98.5082 100.0000 stroke2
movl 0 -47.0694 391.2241 166.8732 155.5378 11.9818 -98.9198 100.0000 stroke2
movl 0 -44.9142 392.4358 166.9400 155.7418 11.6798 -100.3535 100.0000 stroke2
movl 0 -38.2360 395.5396 167.1636 155.5844 10.8375 -103.6653 100.0000 stroke2
movl 0 -33.3015 396.2110 167.5172 153.7006 10.1813 -104.3777 100.0000 stroke2
movl 0 -29.6856 402.8191 165.8859 152.9803 6.2380 -105.9728 100.0000 stroke2
movl 0 -23.9381 410.6520 164.1943 153.1223 0.2180 -109.7386 100.0000 stroke2
movl 0 -21.4345 416.6118 162.6593 152.7596 -4.6064 -111.2291 100.0000 stroke2
movl 0 -21.6372 420.7880 162.5236 154.1320 -10.2566 -113.0545 100.0000 stroke2
movl 0 -22.4939 420.4947 163.2199 154.8702 -12.3127 -113.9840 100.0000 stroke2
movl 0 -21.9144 418.8875 163.6877 154.4036 -11.9655 -114.2110 100.0000 stroke2
movl 0 -21.6615 415.1085 164.8860 153.1509 -9.9734 -114.5611 100.0000 stroke2
movl 0 -19.1030 400.2495 178.7604 146.5992 1.4449 -112.4339 100.0000 stroke2
movl 0 -17.3673 390.8367 185.3606 144.7082 -3.5181 -115.1972 100.0000 stroke3
movl 0 -27.4405 384.0754 175.3525 148.4523 -1.5464 -117.5662 100.0000 stroke3
movl 0 -35.7890 384.0565 171.8863 150.7001 -0.8343 -118.1600 100.0000 stroke3
movl 0 -40.0931 384.5177 170.4129 151.0492 -0.6462 -117.4092 100.0000 stroke3
movl 0 -42.6624 384.7508 169.4012 151.8193 -0.2079 -117.6042 100.0000 stroke3
movl 0 -45.4787 385.2818 168.7143 153.2945 -0.1846 -118.1310 100.0000 stroke3
movl 0 -49.1476 384.1899 169.2070 154.9734 0.6452 -119.1861 100.0000 stroke3
movl 0 -50.1965 384.3155 169.3001 155.4672 0.7428 -119.7429 100.0000 stroke3
movl 0 -48.5212 384.8903 169.5423 155.8540 0.6198 -120.6492 100.0000 stroke3
movl 0 -47.0550 385.5986 169.6526 156.3208 0.4380 -121.8007 100.0000 stroke3
movl 0 -44.3093 386.7914 169.6652 156.8660 0.1755 -123.4389 100.0000 stroke3
movl 0 -42.1118 387.3945 169.6853 156.7917 -0.2533 -124.0670 100.0000 stroke3
movl 0 -40.1638 386.2551 170.4275 155.5510 -0.0597 -123.7036 100.0000 stroke3
movl 0 -39.6317 387.4129 170.2347 156.7032 -1.2636 -123.8073 100.0000 stroke3
movl 0 -38.0840 387.4938 169.8048 154.2254 -1.8529 -119.8907 100.0000 stroke3
movl 0 -26.1685 381.2602 175.5692 144.7400 9.4824 -111.6593 100.0000 stroke3
movl 0 -24.7916 372.6891 235.3124 145.4960 35.8709 -96.7324 100.0000 stroke3
movl 0 3.0638 403.1438 190.0646 146.2064 13.7049 -92.5139 100.0000 stroke4
movl 0 0.5847 395.1294 162.1846 147.6510 14.4316 -92.4088 100.0000 stroke4
movl 0 -2.8879 393.3274 164.7765 150.1259 16.5820 -92.2906 100.0000 stroke4
movl 0 -6.4808 392.3527 163.4589 151.5770 19.0816 -89.2852 100.0000 stroke4
movl 0 -10.1964 393.7448 161.9626 153.6539 20.6523 -85.5284 100.0000 stroke4
movl 0 -12.6201 398.2167 161.6081 154.5876 17.3552 -85.6527 100.0000 stroke4
movl 0 -12.0849 402.0170 161.6581 154.1336 13.5108 -88.1288 100.0000 stroke4
movl 0 -10.9690 404.0289 161.8037 153.8902 10.8964 -90.3104 100.0000 stroke4
movl 0 -10.7865 405.1435 161.7425 153.5062 9.1223 -91.7172 100.0000 stroke4
movl 0 -10.4100 405.8135 162.1472 153.0356 6.8696 -93.6953 100.0000 stroke4
movl 0 -9.6227 406.7722 162.8131 152.5232 4.0040 -95.9900 100.0000 stroke4
movl 0 -9.4437 408.0082 163.4154 152.6616 0.6746 -98.5750 100.0000 stroke4
movl 0 -10.0033 408.9654 164.0819 153.1892 -2.2773 -100.9479 100.0000 stroke4
movl 0 -10.2913 410.0177 164.4850 153.7668 -5.3050 -103.3123 100.0000 stroke4
movl 0 -11.1633 411.6570 164.7463 154.9485 -8.4951 -105.6127 100.0000 stroke4
movl 0 -12.5566 413.9280 164.8730 156.5858 -11.6708 -107.8078 100.0000 stroke4
movl 0 -14.6315 415.7653 164.8734 158.5939 -14.2306 -109.7893 100.0000 stroke4
movl 0 -15.2813 416.0238 165.0414 159.4253 -15.6226 -110.9408 100.0000 stroke4
movl 0 -16.6467 416.6667 165.0126 160.6063 -17.1976 -111.7543 100.0000 stroke4
movl 0 -17.4752 415.6121 165.6963 160.7343 -17.0019 -111.8970 100.0000 stroke4
movl 0 -13.4021 412.1964 167.1038 158.6512 -14.6560 -111.7681 100.0000 stroke4
movl 0 -15.1659 413.4813 166.7288 159.9049 -15.8521 -111.4223 100.0000 stroke4
movl 0 -14.9249 413.3757 167.0166 159.7556 -15.3853 -111.8886 100.0000 stroke4
movl 0 -13.2477 413.4091 167.3280 158.7176 -14.5662 -111.8861 100.0000 stroke4
movl 0 -9.3583 408.7381 169.6006 156.0470 -12.2117 -111.7846 100.0000 stroke4
movl 0 -7.1492 399.4241 189.7944 150.9616 4.5107 -104.1216 100.0000 stroke4
movl 0 2.0215 393.8655 187.2646 154.3575 26.6072 -78.1795 100.0000 stroke5
movl 0 -3.7818 389.1146 171.0631 155.0948 22.7944 -82.8529 100.0000 stroke5
movl 0 -9.1937 393.7625 167.8913 157.0568 22.0485 -81.5560 100.0000 stroke5
movl 0 -15.7095 392.2245 166.7872 160.1479 23.9449 -76.6983 100.0000 stroke5
movl 0 -17.6279 394.4504 166.1317 162.1326 23.0632 -74.9563 100.0000 stroke5
movl 0 -21.3431 394.8949 167.0428 164.9835 21.3609 -74.7878 100.0000 stroke5
movl 0 -23.8865 394.2606 167.2780 166.5776 21.1802 -74.2107 100.0000 stroke5
movl 0 -22.2498 395.3112 167.3889 166.4646 20.8679 -75.7952 100.0000 stroke5
movl 0 -15.3307 397.9914 167.8830 165.6867 19.9817 -79.9899 100.0000 stroke5
movl 0 -8.7095 400.9879 167.9080 163.1812 19.0334 -82.9489 100.0000 stroke5
movl 0 -3.3312 403.4609 167.4881 160.4147 18.0744 -84.8665 100.0000 stroke5
movl 0 -1.6982 407.3602 166.7175 159.3291 15.2806 -87.2467 100.0000 stroke5
movl 0 1.4080 411.1672 165.9521 158.1733 11.4427 -91.8200 100.0000 stroke5
movl 0 5.3977 415.7675 164.2699 156.3782 6.9894 -96.1469 100.0000 stroke5
movl 0 5.3365 417.5476 163.9015 155.2371 3.6471 -98.9013 100.0000 stroke5
movl 0 5.1652 417.6680 164.4873 155.0488 1.0544 -101.8404 100.0000 stroke5
movl 0 5.1881 418.0674 165.2276 155.2830 -2.2706 -105.2406 100.0000 stroke5
movl 0 4.9751 419.1172 165.8540 156.0793 -5.5436 -108.0794 100.0000 stroke5
movl 0 4.3705 420.0639 166.1773 157.1104 -8.2290 -110.6466 100.0000 stroke5
movl 0 3.4936 421.2379 166.4579 158.4498 -10.7915 -113.0444 100.0000 stroke5
movl 0 2.5984 422.1173 166.7099 159.9632 -13.1718 -115.6349 100.0000 stroke5
movl 0 1.7025 423.1204 166.9273 161.4842 -15.2287 -117.7215 100.0000 stroke5
movl 0 0.5884 424.5269 166.7677 163.3836 -17.3511 -119.9033 100.0000 stroke5
movl 0 -0.5322 425.6277 166.6228 165.3771 -19.1211 -122.1540 100.0000 stroke5
movl 0 -1.2907 426.6231 166.4237 166.8182 -20.3650 -123.7698 100.0000 stroke5
movl 0 -2.4181 427.1038 166.2583 168.4611 -21.5455 -125.4637 100.0000 stroke5
movl 0 -3.6165 427.6795 166.2809 169.7659 -22.3355 -126.6519 100.0000 stroke5
movl 0 -4.6122 427.6874 166.2863 170.7765 -22.7757 -127.7440 100.0000 stroke5
movl 0 -5.6044 427.3689 166.5065 170.9715 -22.9603 -127.3135 100.0000 stroke5
movl 0 -1.2354 425.6226 167.9619 168.9023 -21.9384 -126.8793 100.0000 stroke5
movl 0 -0.2720 423.7082 169.0094 168.2344 -20.6813 -126.7893 100.0000 stroke5
movl 0 -1.2544 424.6953 168.6335 169.3418 -21.6123 -127.2659 100.0000 stroke5
movl 0 -2.7206 424.2584 168.6948 169.8940 -21.9447 -127.0706 100.0000 stroke5
movl 0 -0.1174 421.2484 170.7478 167.7773 -20.3973 -126.5192 100.0000 stroke5
movl 0 1.4480 419.6750 171.5069 166.8535 -19.5316 -126.4062 100.0000 stroke5
movl 0 -1.3007 420.9252 170.6490 168.5488 -20.2995 -126.6229 100.0000 stroke5
movl 0 0.2874 420.1770 171.1349 167.2707 -19.6621 -126.4455 100.0000 stroke5
movl 0 0.6933 418.3088 172.2332 165.9313 -18.5342 -125.2293 100.0000 stroke5
movl 0 -3.2651 403.7404 187.0773 159.7356 -10.1973 -120.8309 100.0000 stroke5
movl 0 -10.3518 379.9239 214.5146 150.4642 13.3029 -100.5030 100.0000 stroke6
movl 0 -10.2975 379.1108 180.5974 152.7894 13.8933 -100.6844 100.0000 stroke6
movl 0 -14.2354 377.6601 174.9350 154.5416 14.2342 -100.3049 100.0000 stroke6
movl 0 -20.1805 377.3197 173.2615 156.0015 15.1035 -96.5828 100.0000 stroke6
movl 0 -24.5233 378.6348 172.0851 157.7151 15.0146 -94.1167 100.0000 stroke6
movl 0 -26.8242 379.6522 171.4888 158.3804 14.6261 -93.7960 100.0000 stroke6
movl 0 -29.6628 379.7424 171.8472 160.1277 14.2504 -94.4319 100.0000 stroke6
movl 0 -31.7105 379.0736 171.9920 161.1798 14.5586 -94.8515 100.0000 stroke6
movl 0 -31.4691 379.8538 171.8542 161.5033 14.3874 -95.4941 100.0000 stroke6
movl 0 -30.3921 381.0470 171.8238 161.7688 13.9482 -96.6375 100.0000 stroke6
movl 0 -29.4150 382.4270 171.7510 162.1611 13.3849 -97.9809 100.0000 stroke6
movl 0 -27.8563 383.5091 171.6281 162.0957 13.0625 -99.1112 100.0000 stroke6
movl 0 -26.8741 382.6473 172.1018 161.4422 13.3167 -99.1506 100.0000 stroke6
movl 0 -25.2671 381.4742 172.6366 160.5758 13.7382 -99.7315 100.0000 stroke6
movl 0 -25.5768 381.9327 172.6152 160.8561 13.3836 -99.6725 100.0000 stroke6
movl 0 -25.7266 382.5194 172.6561 161.1373 12.6611 -100.0981 100.0000 stroke6
movl 0 -25.7131 382.9916 172.6086 161.3637 12.0644 -100.6951 100.0000 stroke6
movl 0 -25.4008 383.7133 172.4798 161.3016 11.1632 -101.2813 100.0000 stroke6
movl 0 -25.2675 384.4145 172.3518 161.0244 10.2480 -101.8517 100.0000 stroke6
movl 0 -25.2021 383.7333 172.4357 160.0679 10.0703 -101.1059 100.0000 stroke6
movl 0 -19.1413 376.8645 177.0987 155.0506 10.6182 -103.6278 100.0000 stroke6
movl 0 -18.6648 364.7426 213.6957 147.9735 15.1111 -106.4371 100.0000 stroke6
movl 0 -20.8133 367.8515 243.5907 146.5994 7.3565 -111.3766 100.0000 stroke7
movl 0 -12.7563 377.0744 181.9396 150.2599 1.8560 -112.6498 100.0000 stroke7
movl 0 -17.4776 376.2693 174.7950 152.4451 2.8778 -112.0097 100.0000 stroke7
movl 0 -20.2619 376.7672 173.2529 153.7851 3.0732 -111.7111 100.0000 stroke7
movl 0 -22.2704 377.7557 172.6765 154.4154 2.8188 -111.1040 100.0000 stroke7
movl 0 -23.8148 379.3892 172.0892 155.8469 2.3706 -112.1034 100.0000 stroke7
movl 0 -26.6018 378.8816 172.1027 157.2844 3.3936 -111.9350 100.0000 stroke7
movl 0 -27.5704 377.8760 172.4074 157.8793 4.1700 -111.7150 100.0000 stroke7
movl 0 -29.0941 377.2633 172.6044 158.6447 4.8567 -112.3560 100.0000 stroke7
movl 0 -28.8651 377.7888 172.5772 159.2356 4.8777 -113.4008 100.0000 stroke7
movl 0 -28.5981 378.1275 172.6382 159.7801 4.8453 -114.3890 100.0000 stroke7
movl 0 -27.8662 378.7850 172.7348 160.4187 4.8857 -115.7691 100.0000 stroke7
movl 0 -27.2144 379.4774 172.6671 160.7993 4.6991 -116.6570 100.0000 stroke7
movl 0 -25.5961 376.9512 173.4689 159.1813 5.2776 -115.8768 100.0000 stroke7
movl 0 -24.4064 376.2740 173.8070 158.6745 5.5111 -116.0278 100.0000 stroke7
movl 0 -24.4603 376.6515 173.8876 159.1600 5.0063 -116.0502 100.0000 stroke7
movl 0 -24.4530 377.8273 174.0258 159.9925 3.7868 -116.4447 100.0000 stroke7
movl 0 -24.0075 377.7875 173.9045 159.6754 3.3882 -116.1273 100.0000 stroke7
movl 0 -23.8013 377.2133 173.7956 158.7895 3.2392 -115.3462 100.0000 stroke7
movl 0 -23.2470 377.3321 173.7139 158.3556 2.9683 -115.1933 100.0000 stroke7
movl 0 -10.6871 375.4557 177.8542 152.2016 2.8529 -114.5755 100.0000 stroke7
movl 0 12.9911 373.2414 212.2409 141.2269 7.7740 -112.9950 100.0000 stroke7
movl 0 -0.1365 363.5321 249.9528 145.0025 12.1425 -109.0779 100.0000 stroke8
movl 0 -8.6706 364.2195 201.6284 148.1153 6.1759 -108.4479 100.0000 stroke8
movl 0 -21.6156 360.9526 186.2495 150.3967 5.1749 -108.0097 100.0000 stroke8
movl 0 -36.9832 358.3366 177.7560 153.6379 5.5036 -107.1847 100.0000 stroke8
movl 0 -43.6958 358.3638 177.3756 153.8431 6.2499 -106.0513 100.0000 stroke8
movl 0 -47.1069 359.1818 176.6128 153.6832 6.5312 -104.1226 100.0000 stroke8
movl 0 -45.2718 360.2881 176.5199 153.0178 6.2972 -104.2927 100.0000 stroke8
movl 0 -46.6741 360.7825 175.0474 153.3813 6.1188 -103.7642 100.0000 stroke8
movl 0 -52.6489 357.7575 173.7858 154.7660 7.4179 -102.6901 100.0000 stroke8
movl 0 -56.6672 354.9802 173.1116 155.6657 9.0459 -100.7939 100.0000 stroke8
movl 0 -59.4142 355.2243 172.7534 157.2323 9.4977 -99.9596 100.0000 stroke8
movl 0 -63.5393 354.4519 172.7768 159.5521 10.2862 -99.0146 100.0000 stroke8
movl 0 -65.6064 354.9565 172.7855 161.2725 9.9805 -98.7856 100.0000 stroke8
movl 0 -67.4188 356.2280 173.1008 162.7208 9.1731 -99.0971 100.0000 stroke8
movl 0 -68.9866 356.6949 173.2750 163.7765 8.5323 -99.4613 100.0000 stroke8
movl 0 -69.8748 356.6197 173.4724 164.3653 8.2062 -99.5749 100.0000 stroke8
movl 0 -70.8755 356.8591 173.6690 164.6915 8.5569 -99.7685 100.0000 stroke8
movl 0 -69.9693 357.5113 173.4564 164.9198 8.8176 -100.4774 100.0000 stroke8
movl 0 -67.8426 358.3365 173.7186 164.8635 8.7116 -101.2637 100.0000 stroke8
movl 0 -64.6961 359.3215 174.1616 164.7063 8.3195 -102.2285 100.0000 stroke8
movl 0 -61.9491 360.2530 174.5965 164.7319 7.9897 -103.2163 100.0000 stroke8
movl 0 -59.8120 360.9541 174.9424 164.9815 7.7668 -104.0265 100.0000 stroke8
movl 0 -57.2508 361.7739 175.3425 165.1917 7.4840 -105.0275 100.0000 stroke8
movl 0 -55.2285 362.4768 175.6097 165.4264 7.1927 -105.8690 100.0000 stroke8
movl 0 -52.5943 363.2896 176.0147 165.7825 6.9288 -107.0793 100.0000 stroke8
movl 0 -50.1768 364.0115 176.4456 166.1744 6.5649 -108.4486 100.0000 stroke8
movl 0 -47.6655 364.6103 176.9190 166.5515 6.4005 -109.9364 100.0000 stroke8
movl 0 -45.1552 365.5625 177.3956 167.1760 6.0174 -111.7227 100.0000 stroke8
movl 0 -44.0185 366.7994 177.8684 168.2219 5.6026 -113.7111 100.0000 stroke8
movl 0 -42.4547 367.7703 178.2147 169.0299 5.5052 -115.5347 100.0000 stroke8
movl 0 -41.5634 368.5938 178.5490 169.9254 5.5570 -117.2913 100.0000 stroke8
movl 0 -40.5447 369.7622 178.7848 170.8379 5.4822 -119.3437 100.0000 stroke8
movl 0 -39.4970 371.3283 178.8194 171.8409 5.3742 -121.7032 100.0000 stroke8
movl 0 -38.9532 372.9441 178.6787 172.9614 5.4078 -123.9523 100.0000 stroke8
movl 0 -39.5534 374.1499 178.2313 174.1079 5.8045 -126.3894 100.0000 stroke8
movl 0 -40.0269 375.4386 177.9314 175.1237 6.2002 -129.2712 100.0000 stroke8
movl 0 -41.1684 376.3573 177.6050 176.0784 6.7103 -132.0130 100.0000 stroke8
movl 0 -39.9364 374.7996 178.6012 175.1459 6.5017 -132.1467 100.0000 stroke8
movl 0 -34.9548 371.5850 180.8642 172.3610 6.2621 -132.1391 100.0000 stroke8
movl 0 -33.5573 370.2013 181.7386 171.4624 6.5470 -132.2598 100.0000 stroke8
movl 0 -32.7135 370.0858 182.1434 171.2713 6.4692 -132.6194 100.0000 stroke8
movl 0 -32.9229 371.6337 181.8073 172.0620 5.3096 -132.7323 100.0000 stroke8
movl 0 -33.6847 373.1855 181.9598 173.2464 4.2690 -133.7506 100.0000 stroke8
movl 0 -33.8962 374.5871 181.6663 173.9933 3.6093 -134.4374 100.0000 stroke8
movl 0 -33.7154 375.2986 181.8389 174.4446 3.0710 -135.3983 100.0000 stroke8
movl 0 -33.4111 375.3643 182.1119 174.7127 2.6382 -136.2209 100.0000 stroke8
movl 0 -32.3215 373.5051 182.9975 173.9360 2.5168 -136.3450 100.0000 stroke8
movl 0 -29.8046 371.1762 183.9971 172.2627 3.2475 -136.2224 100.0000 stroke8
movl 0 -29.6516 372.1988 183.6622 172.7019 2.8085 -136.4011 100.0000 stroke8
movl 0 -29.3297 372.9866 183.5490 173.1278 2.1522 -136.8480 100.0000 stroke8
movl 0 -28.7659 372.5569 183.6127 173.1029 1.8458 -136.9396 100.0000 stroke8
movl 0 -27.3804 370.4462 184.0865 171.1646 1.9936 -135.7077 100.0000 stroke8
movl 0 -26.5911 369.1669 184.4069 169.9459 2.2906 -134.6742 100.0000 stroke8
movl 0 -25.9877 368.3456 184.6664 169.1329 2.5967 -134.0067 100.0000 stroke8
movl 0 -25.5560 368.1621 184.7913 168.6245 2.6076 -133.5301 100.0000 stroke8
movl 0 -25.6509 368.4029 184.8048 168.3862 2.4370 -133.2396 100.0000 stroke8
movl 0 -25.9346 368.2282 185.0190 168.1441 2.2637 -132.9110 100.0000 stroke8
movl 0 -26.5776 367.8790 185.1634 168.0444 2.2043 -132.6189 100.0000 stroke8
movl 0 -25.9437 367.9663 185.3035 168.0166 2.1407 -132.6884 100.0000 stroke8
movl 0 -25.1641 366.5512 186.6890 167.4782 2.3083 -132.7258 100.0000 stroke8
movl 0 -23.1352 361.7019 192.5992 165.5012 2.8502 -132.9358 100.0000 stroke8
movl 0 -21.4661 353.3813 215.5717 161.6521 4.6701 -132.9639 100.0000 stroke8
