movl 0 -33.6992 389.6078 178.9619 -147.2243 1.9870 53.8848 100.0000 stroke1
movl 0 -40.6746 388.0341 177.8190 -149.0207 0.2518 53.5373 100.0000 stroke1
movl 0 -41.9159 390.3036 175.3949 -150.5082 1.3553 52.9798 100.0000 stroke1
movl 0 -43.9769 391.6835 173.3212 -151.6218 -0.4052 55.9775 100.0000 stroke1
movl 0 -44.4956 394.0165 171.9814 -152.1477 -0.7891 57.9043 100.0000 stroke1
movl 0 -47.1014 398.3582 170.8525 -154.4338 0.9380 57.6798 100.0000 stroke1
movl 0 -48.7428 403.1383 170.4953 -156.9892 3.8538 55.9478 100.0000 stroke1
movl 0 -48.4945 407.4076 170.2170 -158.8194 6.3538 53.9948 100.0000 stroke1
movl 0 -45.5453 411.4420 169.3599 -159.5724 8.6778 52.5169 100.0000 stroke1
movl 0 -43.5434 414.5788 168.4618 -159.6390 10.5511 52.6939 100.0000 stroke1
movl 0 -43.9705 415.1523 168.2621 -159.8854 11.4459 53.1050 100.0000 stroke1
movl 0 -44.9708 415.0841 168.4264 -160.3700 12.1748 53.2253 100.0000 stroke1
movl 0 -45.5828 414.7563 168.4092 -160.5082 12.8555 53.6205 100.0000 stroke1
movl 0 -46.7017 414.0797 168.3851 -160.6167 13.3338 54.2711 100.0000 stroke1
movl 0 -48.0015 413.3524 168.4596 -160.7619 13.8180 55.0097 100.0000 stroke1
movl 0 -49.1391 412.6644 168.4852 -160.7165 14.2517 55.7582 100.0000 stroke1
movl 0 -50.7118 411.7651 168.6716 -160.6001 14.6376 56.3956 100.0000 stroke1
movl 0 -52.1077 410.9240 168.9315 -160.4496 14.8375 56.8161 100.0000 stroke1
movl 0 -52.9102 410.5042 169.1079 -160.2700 15.0860 57.0839 100.0000 stroke1
movl 0 -53.2191 410.0208 169.5610 -159.8717 15.2880 57.2832 100.0000 stroke1
movl 0 -53.2840 409.5741 170.1073 -159.5263 15.3482 57.3003 100.0000 stroke1
movl 0 -53.5319 406.0427 174.2493 -156.9454 15.1797 57.8873 100.0000 stroke1
movl 0 -64.7299 397.8889 210.2098 -149.8612 11.0376 61.9802 100.0000 stroke1
movl 0 -36.6171 408.6003 235.2914 -143.9131 2.2580 78.3600 100.0000 stroke2
movl 0 -28.6528 394.5769 184.4131 -148.3559 1.2340 71.9980 100.0000 stroke2
movl 0 -35.9607 387.0550 174.2919 -151.3486 -2.1581 71.8655 100.0000 stroke2
movl 0 -40.9589 387.4230 172.3717 -153.2210 -2.1824 73.0475 100.0000 stroke2
movl 0 -41.2893 389.3890 171.2958 -153.3022 -1.2044 73.0003 100.0000 stroke2
movl 0 -45.8540 393.7650 170.3323 -155.7387 1.7515 72.0231 100.0000 stroke2
movl 0 -46.1722 396.3847 170.0837 -157.0734 4.3881 69.8357 100.0000 stroke2
movl 0 -46.2647 398.9454 169.9765 -157.9660 6.5091 68.3370 100.0000 stroke2
movl 0 -46.6068 400.3072 170.0228 -158.8386 8.3793 66.9957 100.0000 stroke2
movl 0 -47.2259 401.0640 169.9650 -159.8377 10.4936 65.3954 100.0000 stroke2
movl 0 -47.8174 402.0626 169.9397 -160.9280 12.3442 63.9796 100.0000 stroke2
movl 0 -48.8387 403.5521 169.8737 -162.5587 14.2257 62.2143 100.0000 stroke2
movl 0 -50.5652 404.8382 169.5278 -164.3023 15.8926 60.8517 100.0000 stroke2
movl 0 -52.3628 406.1526 169.2446 -166.1871 17.4251 59.6518 100.0000 stroke2
movl 0 -54.2047 406.7606 169.1120 -167.7251 18.5044 58.7796 100.0000 stroke2
movl 0 -55.7334 407.2529 168.8629 -168.6433 19.2843 58.9305 100.0000 stroke2
movl 0 -57.7143 407.8478 168.6176 -169.5298 20.1166 59.8252 100.0000 stroke2
movl 0 -57.7513 406.7737 169.0897 -169.1770 19.9858 60.2833 100.0000 stroke2
movl 0 -54.4477 405.1510 170.3364 -167.9918 18.9912 59.6281 100.0000 stroke2
movl 0 -54.0090 404.0849 170.8141 -167.8109 18.4171 59.7484 100.0000 stroke2
movl 0 -54.1527 404.2670 170.8005 -168.3066 18.8739 60.0036 100.0000 stroke2
movl 0 -52.8910 403.1940 171.4776 -167.4546 18.6001 60.2127 100.0000 stroke2
movl 0 -49.8777 402.3611 172.0956 -166.2043 18.1824 60.1657 100.0000 stroke2
movl 0 -52.7368 402.9549 171.4878 -167.4379 18.7611 60.8625 100.0000 stroke2
movl 0 -50.2670 401.0833 172.7307 -165.4199 17.5223 60.9009 100.0000 stroke2
movl 0 -42.6660 384.2365 197.6558 -153.4874 3.9044 62.5915 100.0000 stroke2
movl 0 -6.6154 392.0819 210.5277 -148.8963 -21.7599 92.8914 100.0000 stroke3
movl 0 -11.3985 386.2733 174.1290 -151.0544 -18.5947 91.1908 100.0000 stroke3
movl 0 -15.3261 382.6498 174.5010 -154.6916 -19.2219 90.1928 100.0000 stroke3
movl 0 -25.0974 380.0418 176.5976 -157.8830 -18.2643 91.4038 100.0000 stroke3
movl 0 -35.5204 377.2643 176.2160 -159.7631 -18.1884 94.1371 100.0000 stroke3
movl 0 -38.1973 378.8201 174.6576 -159.9423 -17.7429 94.7500 100.0000 stroke3
movl 0 -41.6570 380.5042 173.7754 -160.3517 -16.0440 93.0017 100.0000 stroke3
movl 0 -45.7456 381.3486 173.4387 -162.5476 -14.9741 91.8888 100.0000 stroke3
movl 0 -46.9270 381.8103 173.7491 -163.8012 -14.4582 91.7746 100.0000 stroke3
movl 0 -49.4305 380.7545 173.9902 -165.0800 -14.4195 91.4244 100.0000 stroke3
movl 0 -51.8025 379.8758 174.0284 -165.9564 -14.9271 90.9752 100.0000 stroke3
movl 0 -51.4393 379.8116 174.1215 -166.4127 -14.9622 89.6361 100.0000 stroke3
movl 0 -50.2193 380.6897 174.2539 -167.0441 -14.7237 87.7002 100.0000 stroke3
movl 0 -47.9759 382.0305 174.1244 -167.5206 -14.3764 85.4619 100.0000 stroke3
movl 0 -45.5015 383.8910 174.1048 -168.2793 -13.9419 82.5700 100.0000 stroke3
movl 0 -42.6334 386.2097 173.9322 -169.1113 -13.4340 79.0753 100.0000 stroke3
movl 0 -40.9673 388.1952 173.3974 -169.6623 -12.9269 76.7074 100.0000 stroke3
movl 0 -38.4660 385.3988 174.3519 -167.8688 -13.8036 77.2421 100.0000 stroke3
movl 0 -35.7184 383.7506 175.1651 -166.6698 -14.6325 77.1811 100.0000 stroke3
movl 0 -35.0496 382.9224 175.6049 -166.2490 -15.0094 77.0762 100.0000 stroke3
movl 0 -34.5675 382.7413 175.6642 -166.0173 -15.1981 76.9543 100.0000 stroke3
movl 0 -34.1605 384.1211 175.3467 -166.1549 -14.2351 76.7941 100.0000 stroke3
movl 0 -33.6243 386.0147 175.4292 -166.7374 -12.2726 76.0440 100.0000 stroke3
movl 0 -32.3620 386.7256 175.2816 -166.5163 -11.2691 75.5730 100.0000 stroke3
movl 0 -31.4019 385.7257 175.0191 -164.2596 -10.9859 77.6045 100.0000 stroke3
movl 0 -21.5718 385.4527 189.4787 -154.1466 -11.5057 79.8163 100.0000 stroke3
movl 0 -2.7196 406.7062 217.8834 -175.0938 -38.8411 145.6488 100.0000 stroke4
movl 0 -1.6650 398.8310 167.9466 -173.6989 -35.3328 141.1845 100.0000 stroke4
movl 0 -10.6839 395.5059 169.6118 179.6831 -33.9888 144.8500 100.0000 stroke4
movl 0 -12.1662 399.3844 167.0549 178.7838 -31.9065 146.4520 100.0000 stroke4
movl 0 -14.4769 405.9961 164.9990 -179.4887 -29.2090 146.0638 100.0000 stroke4
movl 0 -13.4607 414.0252 163.6569 -173.9209 -25.8273 139.3410 100.0000 stroke4
movl 0 -9.3527 419.7483 162.3870 -168.9819 -23.7777 132.9144 100.0000 stroke4
movl 0 -9.1432 421.6448 162.3864 -165.7601 -22.3259 129.6665 100.0000 stroke4
movl 0 -8.8365 421.4981 163.3187 -163.6251 -20.7738 126.8034 100.0000 stroke4
movl 0 -8.2254 420.9120 163.7860 -161.7863 -19.1082 124.4327 100.0000 stroke4
movl 0 -8.2392 420.9341 164.4967 -159.8786 -16.4755 121.0004 100.0000 stroke4
movl 0 -8.2625 420.8300 164.9877 -158.4574 -14.4555 118.9608 100.0000 stroke4
movl 0 -8.6782 420.7506 165.4360 -157.4238 -12.5619 117.5394 100.0000 stroke4
movl 0 -9.3910 420.4959 165.9181 -156.6082 -10.5248 115.9888 100.0000 stroke4
movl 0 -10.0083 420.9563 166.2460 -155.5461 -7.6390 113.5042 100.0000 stroke4
movl 0 -11.3966 421.0947 166.3584 -155.2043 -5.1519 111.7878 100.0000 stroke4
movl 0 -12.9943 421.5870 166.4668 -155.0018 -2.8345 110.4525 100.0000 stroke4
movl 0 -14.3311 421.3799 166.4499 -154.9411 -0.5679 109.3254 100.0000 stroke4
movl 0 -15.7275 421.3218 166.2856 -154.9472 1.7511 108.4327 100.0000 stroke4
movl 0 -16.8360 420.7266 165.9984 -154.9329 3.4889 108.0741 100.0000 stroke4
movl 0 -17.6521 419.7776 165.7281 -154.9822 5.0560 108.0060 100.0000 stroke4
movl 0 -15.7275 416.3877 167.4371 -154.9946 3.2871 107.8068 100.0000 stroke4
movl 0 -9.8311 410.7657 169.1616 -154.4495 -1.3611 107.5243 100.0000 stroke4
movl 0 -15.6321 411.6308 169.0520 -155.5680 0.4866 109.0369 100.0000 stroke4
movl 0 -13.9923 403.9730 171.4661 -156.1830 -4.8258 108.8281 100.0000 stroke4
movl 0 -18.6532 391.9687 183.6483 -160.4286 -14.5063 112.6672 100.0000 stroke4
movl 0 1.1243 376.1838 187.3208 -176.8748 -38.6912 147.2942 100.0000 stroke5
movl 0 -6.1290 371.4877 172.8839 -174.1388 -33.3697 142.2387 100.0000 stroke5
movl 0 -11.8348 372.7267 170.8940 -171.9907 -30.6251 136.3117 100.0000 stroke5
movl 0 -11.9444 372.2076 170.1932 -171.4269 -29.9931 132.3764 100.0000 stroke5
movl 0 -15.8046 367.8831 171.4560 -175.2944 -29.5396 136.4433 100.0000 stroke5
movl 0 -25.3625 364.6573 172.8167 -176.7062 -27.6277 137.7724 100.0000 stroke5
movl 0 -31.4739 364.0503 171.8614 -178.3708 -27.4668 139.8046 100.0000 stroke5
movl 0 -33.0875 364.0604 171.7207 -177.9093 -27.3845 138.8919 100.0000 stroke5
movl 0 -33.8653 364.3607 171.2473 -177.6495 -27.4004 138.6337 100.0000 stroke5
movl 0 -35.6342 364.9648 171.0730 -178.3498 -25.9992 138.0386 100.0000 stroke5
movl 0 -38.1722 364.4358 171.4881 -179.0941 -24.2622 136.8211 100.0000 stroke5
movl 0 -42.9405 362.8204 171.7833 179.3261 -23.3878 136.5117 100.0000 stroke5
movl 0 -44.1527 362.6439 171.9026 178.5906 -22.7168 134.9789 100.0000 stroke5
movl 0 -43.1084 363.8807 172.1026 178.5390 -21.9090 132.3467 100.0000 stroke5
movl 0 -42.2304 365.7758 172.1133 178.3935 -20.7378 129.3284 100.0000 stroke5
movl 0 -40.9222 367.2883 171.9400 178.3086 -20.0393 126.5849 100.0000 stroke5
movl 0 -39.6087 365.6426 172.5384 178.5007 -21.1189 126.8898 100.0000 stroke5
movl 0 -36.9402 364.1535 173.3717 178.6949 -22.5637 126.5857 100.0000 stroke5
movl 0 -35.7008 363.9284 173.5953 179.0078 -23.0224 126.4534 100.0000 stroke5
movl 0 -35.4416 364.4595 173.3728 179.4177 -22.5622 126.3362 100.0000 stroke5
movl 0 -34.5742 365.5011 173.4893 -179.6030 -21.1926 125.8067 100.0000 stroke5
movl 0 -33.2284 362.4921 173.7355 -178.2523 -24.1296 130.1934 100.0000 stroke5
movl 0 -27.6298 354.8422 206.4351 -178.0339 -33.1298 134.0085 100.0000 stroke5
movl 0 -27.1226 357.8282 212.9737 -174.1840 -31.0220 135.9254 100.0000 stroke6
movl 0 -28.4602 355.9246 180.9973 -175.6289 -27.5592 133.3419 100.0000 stroke6
movl 0 -34.9308 355.4160 176.2788 -176.7884 -25.5184 133.8796 100.0000 stroke6
movl 0 -33.2292 359.0370 175.0089 -174.6597 -24.7806 132.7514 100.0000 stroke6
movl 0 -34.6887 361.1071 173.9595 -173.8451 -23.9507 132.1570 100.0000 stroke6
movl 0 -38.4553 361.5613 173.3289 -175.8439 -21.9334 132.7243 100.0000 stroke6
movl 0 -43.5354 359.8598 173.7651 -177.5810 -20.6903 132.7051 100.0000 stroke6
movl 0 -45.9214 358.9688 174.0131 -178.8040 -19.9809 131.4390 100.0000 stroke6
movl 0 -44.1456 360.3041 174.1895 -178.9733 -19.2199 128.5705 100.0000 stroke6
movl 0 -42.9464 361.5457 174.2151 -179.3691 -18.1819 125.8539 100.0000 stroke6
movl 0 -41.3217 363.3128 173.9487 -179.3881 -17.4159 123.5988 100.0000 stroke6
movl 0 -39.4514 360.3940 175.0267 -179.2802 -19.2269 124.2237 100.0000 stroke6
movl 0 -37.4010 359.3916 175.6679 -179.0338 -20.3582 123.9567 100.0000 stroke6
movl 0 -36.4466 359.0159 175.8534 -178.9188 -20.6709 123.7774 100.0000 stroke6
movl 0 -36.4590 359.3598 175.6584 -178.7352 -20.4349 124.0104 100.0000 stroke6
movl 0 -36.3079 360.3657 175.6638 -177.9384 -18.9428 123.7539 100.0000 stroke6
movl 0 -35.6991 360.8687 175.5443 -177.3843 -18.4223 123.7388 100.0000 stroke6
movl 0 -35.5193 358.7235 175.2553 -176.3859 -20.7741 126.3260 100.0000 stroke6
movl 0 -32.0926 352.7211 194.1434 -175.8679 -28.6188 131.1372 100.0000 stroke6
movl 0 -20.4942 352.0799 212.6076 -172.6883 -31.0508 136.0465 100.0000 stroke7
movl 0 -34.2388 341.0419 183.3598 -175.7887 -26.2280 135.7508 100.0000 stroke7
movl 0 -42.5843 338.9471 178.8161 -178.2678 -24.8623 136.8643 100.0000 stroke7
movl 0 -43.6121 343.1804 176.2902 -176.7753 -24.3806 136.8855 100.0000 stroke7
movl 0 -45.3711 345.4242 174.5678 -176.4465 -24.1315 137.1750 100.0000 stroke7
movl 0 -50.8124 346.4091 173.8814 -178.1209 -21.0937 137.2635 100.0000 stroke7
movl 0 -53.6558 346.9132 174.2955 -178.4209 -19.0253 136.2031 100.0000 stroke7
movl 0 -54.8855 345.8780 174.7243 -179.0737 -18.8720 135.6791 100.0000 stroke7
movl 0 -53.7521 346.4039 175.0353 -179.2832 -18.4731 133.7168 100.0000 stroke7
movl 0 -51.3908 347.8424 175.4604 -179.1259 -17.6698 130.9536 100.0000 stroke7
movl 0 -49.0538 349.4627 175.8471 -179.0054 -16.6132 127.7123 100.0000 stroke7
movl 0 -46.6720 351.7007 175.9342 -179.2430 -15.1456 123.3427 100.0000 stroke7
movl 0 -43.7179 354.1783 175.9329 -179.7461 -13.5799 118.8980 100.0000 stroke7
movl 0 -42.5295 355.9962 175.8697 179.4390 -12.3620 115.1526 100.0000 stroke7
movl 0 -41.8267 357.7760 175.4801 178.9546 -11.3966 112.0198 100.0000 stroke7
movl 0 -41.6482 354.6412 176.7259 179.1046 -12.5754 112.3276 100.0000 stroke7
movl 0 -37.3003 352.1746 178.0449 -179.9846 -14.5245 112.2722 100.0000 stroke7
movl 0 -35.9454 351.3111 178.6406 -179.7516 -15.2177 111.9674 100.0000 stroke7
movl 0 -34.8670 350.8175 178.9995 -179.5700 -15.6342 111.7415 100.0000 stroke7
movl 0 -33.9886 350.6702 179.0994 -179.2640 -15.7657 111.5915 100.0000 stroke7
movl 0 -33.8743 352.1773 179.1024 -178.6474 -14.3420 111.4257 100.0000 stroke7
movl 0 -33.9775 353.7182 179.0269 -178.2440 -13.0712 110.7672 100.0000 stroke7
movl 0 -34.1424 355.2736 179.0129 -177.8588 -11.7723 110.0718 100.0000 stroke7
movl 0 -33.8323 355.0471 179.0463 -177.6491 -11.6466 109.9572 100.0000 stroke7
movl 0 -33.4962 353.5065 179.0038 -177.0670 -13.0171 111.3310 100.0000 stroke7
movl 0 -32.5637 352.2893 178.9331 -176.5253 -14.2746 112.2915 100.0000 stroke7
movl 0 -32.5771 351.2652 179.0394 -176.4715 -14.9561 112.9824 100.0000 stroke7
movl 0 -33.0293 348.4609 179.7787 -177.0086 -16.1807 114.2596 100.0000 stroke7
movl 0 -31.0274 341.8362 188.3083 -177.0196 -19.8038 115.8673 100.0000 stroke7
