movl 0 -35.6185 418.3844 175.5128 -170.1873 -21.7381 133.3138 100.0000 stroke1
movl 0 -35.8059 419.0632 175.0413 -169.7692 -21.6375 132.7463 100.0000 stroke1
movl 0 -36.2915 419.4086 174.6458 -169.2368 -20.9608 132.2070 100.0000 stroke1
movl 0 -37.9447 420.0955 173.5339 -169.3990 -19.6794 131.8489 100.0000 stroke1
movl 0 -40.3877 421.5364 173.0647 -169.4585 -18.0318 131.4059 100.0000 stroke1
movl 0 -41.5244 423.1257 172.5722 -169.0967 -16.8153 130.7636 100.0000 stroke1
movl 0 -41.3532 424.9715 172.4271 -168.2748 -15.1394 129.2269 100.0000 stroke1
movl 0 -41.0640 425.7261 172.3063 -167.6273 -14.7594 128.6218 100.0000 stroke1
movl 0 -41.7328 425.1611 172.3569 -167.2595 -14.5138 128.3333 100.0000 stroke1
movl 0 -42.5338 424.6136 172.4590 -166.9294 -14.0998 127.7086 100.0000 stroke1
movl 0 -43.2234 423.6318 172.5981 -166.5844 -13.6739 126.8127 100.0000 stroke1
movl 0 -43.8055 422.4182 172.6530 -166.4055 -13.4345 126.2137 100.0000 stroke1
movl 0 -44.7344 421.2391 173.0439 -166.0819 -13.1416 125.8389 100.0000 stroke1
movl 0 -45.6297 420.1992 173.2380 -165.9226 -12.8535 125.5464 100.0000 stroke1
movl 0 -47.0014 418.4937 173.4172 -165.8382 -12.5849 125.4648 100.0000 stroke1
movl 0 -48.2002 417.0512 173.5311 -165.6673 -12.2673 125.2390 100.0000 stroke1
movl 0 -49.4558 415.4057 173.6816 -165.5217 -12.0479 125.3582 100.0000 stroke1
movl 0 -50.8500 413.5720 173.8983 -165.3615 -11.8700 125.4974 100.0000 stroke1
movl 0 -52.1690 411.9763 174.1340 -165.2884 -11.6926 125.5319 100.0000 stroke1
movl 0 -53.9757 410.0405 174.5173 -165.3866 -11.5701 125.7404 100.0000 stroke1
movl 0 -55.6934 408.4517 174.7862 -165.4284 -11.4824 126.1704 100.0000 stroke1
movl 0 -57.0911 407.2115 175.0026 -165.4712 -11.4119 126.4754 100.0000 stroke1
movl 0 -58.2377 405.9059 175.3789 -165.4762 -11.4386 126.9031 100.0000 stroke1
movl 0 -59.8047 404.5547 175.7214 -165.5789 -11.4687 127.3115 100.0000 stroke1
movl 0 -61.0267 403.3024 176.1065 -165.5939 -11.5185 127.4663 100.0000 stroke1
movl 0 -62.0656 402.4866 176.3840 -165.6012 -11.5462 127.6278 100.0000 stroke1
movl 0 -63.0597 401.6609 176.6791 -165.5369 -11.5556 127.6092 100.0000 stroke1
movl 0 -63.8333 401.0386 177.0412 -165.4715 -11.6010 127.5615 100.0000 stroke1
movl 0 -64.4147 400.4454 177.3680 -165.4394 -11.7277 127.7063 100.0000 stroke1
movl 0 -64.7914 400.0669 177.6168 -165.4002 -11.8355 127.7845 100.0000 stroke1
movl 0 -65.0806 399.9831 177.7637 -165.3821 -11.8820 127.8086 100.0000 stroke1
movl 0 -65.3270 399.9007 177.8879 -165.2670 -11.9189 127.7536 100.0000 stroke1
movl 0 -65.7589 399.9590 177.9451 -165.2125 -11.9076 127.7737 100.0000 stroke1
movl 0 -64.7709 397.9161 179.9778 -164.5701 -12.9405 127.6356 100.0000 stroke1
movl 0 -67.6745 390.2631 190.7161 -164.8014 -16.3522 128.4346 100.0000 stroke1
movl 0 -27.0923 388.4389 196.6970 164.8163 -27.6170 176.4677 100.0000 stroke2
movl 0 -36.6175 386.5583 189.8253 167.0885 -21.5955 173.2467 100.0000 stroke2
movl 0 -52.1140 388.0256 187.0838 166.4074 -16.0481 173.7134 100.0000 stroke2
movl 0 -59.8517 383.9090 184.9145 163.5271 -13.9778 174.6270 100.0000 stroke2
movl 0 -63.4394 384.5197 181.1711 163.1110 -12.9007 174.2820 100.0000 stroke2
movl 0 -64.6930 385.9959 180.3573 164.4478 -13.5232 170.7184 100.0000 stroke2
movl 0 -67.7511 388.0398 179.2909 166.6912 -13.9367 164.5863 100.0000 stroke2
movl 0 -70.9154 391.0839 178.4730 168.3731 -13.0946 160.5162 100.0000 stroke2
movl 0 -73.0116 392.9398 178.2706 169.6266 -12.0847 158.0821 100.0000 stroke2
movl 0 -73.4272 393.8155 178.0126 169.9863 -11.6825 156.3228 100.0000 stroke2
movl 0 -73.3276 394.1991 178.2005 170.3352 -11.4869 155.7320 100.0000 stroke2
movl 0 -72.8009 394.2852 178.5485 170.5763 -11.3626 155.6176 100.0000 stroke2
movl 0 -72.6839 394.7869 178.7753 171.0911 -11.0557 155.1492 100.0000 stroke2
movl 0 -72.8308 395.9021 179.1987 171.9488 -10.3811 153.9681 100.0000 stroke2
movl 0 -73.1057 396.9782 179.5810 172.8067 -9.5355 152.4653 100.0000 stroke2
movl 0 -74.1572 398.0192 179.8566 173.5139 -8.3637 150.8820 100.0000 stroke2
movl 0 -75.3127 399.6867 180.0792 174.4238 -6.9657 148.7593 100.0000 stroke2
movl 0 -77.0434 401.3255 180.1816 175.0719 -5.3229 146.3183 100.0000 stroke2
movl 0 -79.1038 403.0986 180.0954 175.4623 -3.5047 143.9483 100.0000 stroke2
movl 0 -82.0808 404.9725 179.6299 175.6450 -1.3899 140.6969 100.0000 stroke2
movl 0 -84.3215 406.7311 178.9481 175.6495 0.4740 137.6338 100.0000 stroke2
movl 0 -86.9155 409.3423 178.0279 175.4090 2.6408 133.8485 100.0000 stroke2
movl 0 -90.0887 412.1222 176.9260 174.8637 5.0169 129.9292 100.0000 stroke2
movl 0 -92.1899 414.8635 175.6313 174.3324 6.7594 126.6653 100.0000 stroke2
movl 0 -94.8418 417.0338 174.2641 173.1881 8.5420 122.5302 100.0000 stroke2
movl 0 -96.7623 418.1879 173.2841 172.1207 9.3524 119.7319 100.0000 stroke2
movl 0 -98.5430 418.2083 172.6993 171.0793 9.4963 117.3575 100.0000 stroke2
movl 0 -98.9242 418.5502 172.6925 170.6811 9.3134 115.7705 100.0000 stroke2
movl 0 -97.8172 420.2476 172.7657 170.5766 9.0372 112.6648 100.0000 stroke2
movl 0 -95.4097 423.6494 172.9070 170.7916 8.7983 108.6285 100.0000 stroke2
movl 0 -93.6355 425.0335 173.4145 170.5962 8.0037 105.6279 100.0000 stroke2
movl 0 -92.5920 424.8406 173.8513 170.7883 7.6820 105.8308 100.0000 stroke2
movl 0 -92.7566 420.0887 174.9317 171.6216 7.7236 110.2629 100.0000 stroke2
movl 0 -92.5614 421.1451 174.4090 171.2135 7.9347 111.6851 100.0000 stroke2
movl 0 -90.4489 423.1589 174.2404 171.5704 8.3369 112.5229 100.0000 stroke2
movl 0 -90.3843 422.0249 174.2590 171.7029 8.5725 113.7914 100.0000 stroke2
movl 0 -88.6761 422.4531 174.2149 171.8792 8.8338 114.1119 100.0000 stroke2
movl 0 -85.5066 424.0467 174.4510 172.1699 8.9420 114.0423 100.0000 stroke2
movl 0 -83.6809 423.5068 175.0723 172.4687 8.7911 114.4530 100.0000 stroke2
movl 0 -82.7806 422.4340 175.6851 172.6141 8.5402 114.6454 100.0000 stroke2
movl 0 -81.2584 422.4375 176.1204 172.8674 8.4665 114.6904 100.0000 stroke2
movl 0 -78.3736 422.3598 176.5591 173.1918 8.4061 114.6407 100.0000 stroke2
movl 0 -76.4813 421.8114 177.2648 173.5155 8.1540 114.6267 100.0000 stroke2
movl 0 -74.4701 421.9907 177.6821 173.8440 8.0932 114.4280 100.0000 stroke2
movl 0 -72.5541 421.7371 178.2013 174.1506 7.9291 114.2413 100.0000 stroke2
movl 0 -70.4909 421.7408 178.9041 174.4603 7.6531 113.7644 100.0000 stroke2
movl 0 -68.2021 421.7715 179.4880 174.7567 7.3711 113.0502 100.0000 stroke2
movl 0 -66.8105 421.6727 179.9687 175.1185 7.1450 112.9225 100.0000 stroke2
movl 0 -65.4591 421.4803 180.6005 175.4360 6.8822 112.8479 100.0000 stroke2
movl 0 -63.1267 421.6619 181.0809 175.9457 6.7664 112.5515 100.0000 stroke2
movl 0 -60.2813 422.1672 181.6180 176.6183 6.6817 112.0456 100.0000 stroke2
movl 0 -58.4172 422.1975 182.2936 177.0643 6.4058 111.6769 100.0000 stroke2
movl 0 -56.7846 421.9753 182.9630 177.4554 6.2134 111.3159 100.0000 stroke2
movl 0 -54.6024 421.9248 183.5636 177.8223 5.9617 111.1961 100.0000 stroke2
movl 0 -53.5613 421.6964 184.1207 178.0550 5.7392 110.8517 100.0000 stroke2
movl 0 -52.3233 421.1085 184.6619 178.3645 5.4121 110.4373 100.0000 stroke2
movl 0 -51.3683 420.6694 185.2323 178.5466 5.1607 110.1691 100.0000 stroke2
movl 0 -50.7739 420.5139 185.4818 178.6225 5.0540 109.9924 100.0000 stroke2
movl 0 -50.0251 420.2854 185.9290 178.8439 4.9213 109.7160 100.0000 stroke2
movl 0 -49.1193 419.8779 186.4306 178.9672 4.7669 109.3865 100.0000 stroke2
movl 0 -47.7524 419.4001 187.1348 179.2325 4.4988 109.4088 100.0000 stroke2
movl 0 -45.9363 416.7499 190.3809 -179.8658 3.2661 109.4441 100.0000 stroke2
movl 0 -21.6420 397.8074 243.1479 -141.5025 -26.4200 95.0463 100.0000 stroke3
movl 0 -22.3840 401.5963 178.2713 -140.9232 0.5002 71.6396 100.0000 stroke3
movl 0 -16.7838 402.4281 171.6921 -146.0896 17.7526 54.0124 100.0000 stroke3
movl 0 -19.0141 406.1755 171.7378 -155.9637 22.8836 41.9189 100.0000 stroke3
movl 0 -19.6281 407.9897 171.3214 -158.8459 23.1409 39.0683 100.0000 stroke3
movl 0 -22.2674 407.5543 172.0967 -160.9414 22.9138 36.8674 100.0000 stroke3
movl 0 -25.7442 409.9943 172.4916 -163.6483 23.3683 34.9903 100.0000 stroke3
movl 0 -28.6886 412.1371 171.2756 -164.5846 23.7842 36.3007 100.0000 stroke3
movl 0 -29.6672 414.1337 170.4756 -164.7998 23.9613 37.5450 100.0000 stroke3
movl 0 -30.8459 414.2299 170.4799 -165.8109 23.0090 36.0837 100.0000 stroke3
movl 0 -31.9326 414.0177 170.8867 -166.5592 22.2707 34.9769 100.0000 stroke3
movl 0 -31.8253 413.4045 171.2261 -166.5554 21.9601 34.2983 100.0000 stroke3
movl 0 -32.2341 412.9025 171.5638 -166.6189 21.3262 33.2956 100.0000 stroke3
movl 0 -32.2249 413.1888 171.7179 -167.0595 20.7300 31.9231 100.0000 stroke3
movl 0 -32.8380 413.1325 172.0699 -167.5923 19.8241 30.2798 100.0000 stroke3
movl 0 -33.2119 413.2955 172.2177 -168.1165 18.8992 28.4484 100.0000 stroke3
movl 0 -32.9111 413.1184 172.4994 -168.1715 18.0337 26.6411 100.0000 stroke3
movl 0 -32.5752 411.8770 172.8252 -167.7327 18.2119 26.8353 100.0000 stroke3
movl 0 -30.2356 409.6846 173.7241 -166.3212 18.7798 27.4393 100.0000 stroke3
movl 0 -29.5953 409.3005 173.8847 -166.0804 18.9705 27.3484 100.0000 stroke3
movl 0 -30.3882 409.9589 173.8774 -167.2891 18.7744 26.4537 100.0000 stroke3
movl 0 -30.3997 410.7890 173.3790 -168.7279 19.0828 25.2053 100.0000 stroke3
movl 0 -31.8378 409.6208 173.3870 -168.4738 19.7411 26.0457 100.0000 stroke3
movl 0 -31.6417 409.2995 173.4434 -168.2260 20.3162 26.3562 100.0000 stroke3
movl 0 -28.7345 400.1891 178.4177 -163.4131 21.9485 28.6414 100.0000 stroke3
movl 0 -23.2689 379.4479 235.1665 -148.8096 23.0024 36.0034 100.0000 stroke3
movl 0 -6.0290 401.0265 196.6662 -163.4270 34.7987 25.0912 100.0000 stroke4
movl 0 -14.3426 397.2073 171.6642 -167.6810 32.5533 20.7834 100.0000 stroke4
movl 0 -21.0837 391.4190 170.9201 -166.9520 28.6815 19.1979 100.0000 stroke4
movl 0 -24.1979 392.3382 170.5283 -167.7141 27.6115 18.1858 100.0000 stroke4
movl 0 -27.7615 392.9112 169.8593 -168.0992 27.0344 18.5441 100.0000 stroke4
movl 0 -30.9343 394.8066 168.8732 -169.1540 26.2621 18.7141 100.0000 stroke4
movl 0 -35.0488 395.5945 169.1826 -170.6485 24.7088 17.9715 100.0000 stroke4
movl 0 -35.9858 396.0995 169.4320 -171.8808 24.2492 17.0900 100.0000 stroke4
movl 0 -37.5110 394.7597 169.9548 -171.1395 23.2490 17.0704 100.0000 stroke4
movl 0 -36.4652 395.1386 169.8449 -170.8546 23.0058 16.7595 100.0000 stroke4
movl 0 -34.8951 395.4787 169.9843 -170.7810 22.9506 16.2606 100.0000 stroke4
movl 0 -31.1680 396.6657 170.0887 -170.8189 23.2085 15.3109 100.0000 stroke4
movl 0 -25.8011 398.1626 170.1594 -170.8740 23.4611 14.0145 100.0000 stroke4
movl 0 -18.6522 400.4852 170.0390 -171.0399 23.8075 12.1305 100.0000 stroke4
movl 0 -14.9947 400.2974 169.7527 -170.7566 24.4826 11.9239 100.0000 stroke4
movl 0 -11.8386 400.4891 169.5512 -170.6633 25.7034 11.9669 100.0000 stroke4
movl 0 -12.3555 403.9684 168.5105 -172.9069 25.4055 10.6108 100.0000 stroke4
movl 0 -12.0989 407.3893 167.3376 -175.4320 25.5097 8.7554 100.0000 stroke4
movl 0 -12.9994 408.5457 166.7047 -176.7726 25.9002 8.3594 100.0000 stroke4
movl 0 -13.8307 408.1758 166.6887 -177.7595 26.2659 8.1978 100.0000 stroke4
movl 0 -15.1485 406.5224 167.1281 -178.1287 26.5330 8.7351 100.0000 stroke4
movl 0 -15.9391 404.9407 167.5678 -177.9172 26.8670 9.5027 100.0000 stroke4
movl 0 -16.3195 403.7618 168.0474 -177.7818 27.0575 9.7334 100.0000 stroke4
movl 0 -16.5458 402.6211 168.6064 -177.4489 27.3892 10.1737 100.0000 stroke4
movl 0 -13.6403 395.0901 176.0220 -172.4790 30.2091 14.3177 100.0000 stroke4
movl 0 -21.4136 377.8305 248.1073 -159.2576 31.0403 26.7480 100.0000 stroke4
movl 0 -19.5297 400.8983 186.4855 -160.4214 23.5792 41.5728 100.0000 stroke5
movl 0 -18.5466 398.2829 178.6244 -161.3919 22.7942 39.6173 100.0000 stroke5
movl 0 -23.5433 398.6393 175.6009 -162.5094 20.5480 39.7990 100.0000 stroke5
movl 0 -24.2822 400.7559 174.8849 -163.3070 20.4997 40.0796 100.0000 stroke5
movl 0 -26.7836 402.2827 174.3428 -164.2589 20.1882 39.7770 100.0000 stroke5
movl 0 -31.9662 406.8101 173.3101 -167.5434 20.0498 38.3385 100.0000 stroke5
movl 0 -34.3401 409.5234 172.4253 -170.2976 20.3962 35.6233 100.0000 stroke5
movl 0 -35.8562 411.2937 172.0480 -172.7971 20.5820 32.8017 100.0000 stroke5
movl 0 -36.8833 412.0356 171.9212 -174.0110 20.7409 31.4570 100.0000 stroke5
movl 0 -37.0256 412.6059 171.8371 -175.0874 21.0796 30.2100 100.0000 stroke5
movl 0 -38.4659 413.0451 171.7399 -176.7003 21.2798 28.6126 100.0000 stroke5
movl 0 -39.7499 413.8088 171.5555 -178.5574 21.6113 26.6607 100.0000 stroke5
movl 0 -41.1715 414.6383 171.2366 179.2706 21.8655 24.3168 100.0000 stroke5
movl 0 -42.6863 415.2784 170.8020 177.6826 21.9726 23.0448 100.0000 stroke5
movl 0 -44.5281 415.7051 170.5417 176.2781 21.9580 22.2062 100.0000 stroke5
movl 0 -46.0809 415.5832 170.3725 175.2613 21.9315 21.6212 100.0000 stroke5
movl 0 -47.8117 415.1903 170.2823 174.8277 21.8926 22.0567 100.0000 stroke5
movl 0 -49.7418 414.6651 170.1717 174.7284 21.9148 23.1158 100.0000 stroke5
movl 0 -50.7082 413.8234 170.3345 175.0987 22.1183 24.3790 100.0000 stroke5
movl 0 -48.3130 414.1912 170.7047 175.5576 22.2359 23.8980 100.0000 stroke5
movl 0 -47.2929 413.6890 171.0823 175.7999 22.1839 23.5088 100.0000 stroke5
movl 0 -47.2642 413.7346 171.0587 175.5943 22.1304 23.1938 100.0000 stroke5
movl 0 -47.3876 413.8843 170.9771 175.1539 22.1882 22.8676 100.0000 stroke5
movl 0 -48.0307 413.6772 170.9352 174.7123 22.3464 22.9703 100.0000 stroke5
movl 0 -45.6608 412.7420 171.8059 175.7411 22.5032 22.7053 100.0000 stroke5
movl 0 -41.9565 411.9267 172.5674 176.9015 22.7981 21.8169 100.0000 stroke5
movl 0 -42.4178 411.9477 172.4929 176.4739 22.6668 21.2340 100.0000 stroke5
movl 0 -44.1058 412.1567 172.1450 175.1865 22.5240 20.7878 100.0000 stroke5
movl 0 -45.0414 410.9446 172.3864 174.9048 22.1788 20.2462 100.0000 stroke5
movl 0 -44.5681 411.0171 172.6014 175.0098 22.1130 19.5833 100.0000 stroke5
movl 0 -44.0856 410.6073 173.0142 175.4237 21.9898 19.1383 100.0000 stroke5
movl 0 -38.3488 406.7422 176.7519 178.2575 22.5898 17.1497 100.0000 stroke5
movl 0 -17.8205 395.2805 228.0308 -169.7275 25.7555 17.1719 100.0000 stroke5
