movl 0 -27.0593 407.7777 166.4770 156.3132 -17.6745 -155.8603 100.0000 stroke1
movl 0 -29.2448 406.2816 166.0642 156.3991 -17.8648 -158.0919 100.0000 stroke1
movl 0 -32.6106 406.3985 165.5697 157.7578 -17.5604 -159.8557 100.0000 stroke1
movl 0 -36.5890 407.3288 165.5241 160.5789 -17.4698 -162.6608 100.0000 stroke1
movl 0 -40.1097 406.9973 165.7107 162.7196 -17.1940 -165.6319 100.0000 stroke1
movl 0 -42.0108 407.1227 165.9547 164.3351 -17.1969 -167.7318 100.0000 stroke1
movl 0 -43.9197 406.9786 166.0774 165.7878 -17.3900 -169.3126 100.0000 stroke1
movl 0 -44.1552 406.0433 166.2837 165.1403 -16.8376 -170.2330 100.0000 stroke1
movl 0 -43.0217 406.5921 166.3727 165.4535 -16.5016 -171.3639 100.0000 stroke1
movl 0 -42.3833 406.6278 166.6862 165.7434 -16.3975 -171.6648 100.0000 stroke1
movl 0 -40.7977 405.8633 167.2846 165.7313 -16.5961 -171.5271 100.0000 stroke1
movl 0 -39.1454 405.2253 167.8334 165.5720 -16.8048 -171.3792 100.0000 stroke1
movl 0 -37.8916 405.1457 168.0263 165.2917 -17.0352 -171.0204 100.0000 stroke1
movl 0 -29.6123 399.7067 171.5708 152.6938 -15.4646 -154.8548 100.0000 stroke1
movl 0 -16.4252 390.2776 238.7646 131.0145 7.5524 -128.6601 100.0000 stroke1
movl 0 11.4657 434.4342 230.0393 139.4711 -3.1687 -116.2483 100.0000 stroke2
movl 0 15.2634 428.8097 167.9745 142.3362 -4.9091 -119.3510 100.0000 stroke2
movl 0 11.3713 427.6108 161.5134 144.4942 -3.9522 -118.8011 100.0000 stroke2
movl 0 5.9723 425.5546 161.7390 146.7080 -2.2959 -118.1252 100.0000 stroke2
movl 0 2.5591 426.3750 162.0868 148.6676 -2.0710 -118.1348 100.0000 stroke2
movl 0 -3.1270 430.1321 162.2959 152.2137 -2.7563 -118.4040 100.0000 stroke2
movl 0 -3.2606 433.5282 162.1506 154.2324 -4.7351 -120.1752 100.0000 stroke2
movl 0 -1.0446 435.5112 161.4655 154.7819 -6.6782 -121.3484 100.0000 stroke2
movl 0 -1.5535 436.1965 161.4076 155.1051 -8.2255 -121.5384 100.0000 stroke2
movl 0 -1.5077 435.5701 161.6977 155.0606 -9.1053 -121.3386 100.0000 stroke2
movl 0 -0.6864 435.2268 161.7679 154.4670 -9.8485 -120.6830 100.0000 stroke2
movl 0 -0.0797 434.1413 162.1060 153.4716 -10.2391 -119.6857 100.0000 stroke2
movl 0 2.8201 425.9073 168.3417 147.6711 -8.6916 -117.8298 100.0000 stroke2
movl 0 -10.0258 394.5184 238.7848 135.3543 4.7405 -114.9741 100.0000 stroke2
movl 0 -18.4354 387.3381 239.3558 140.9264 22.0869 -89.6027 100.0000 stroke3
movl 0 -15.8909 387.9222 176.8645 147.3478 18.1575 -90.2287 100.0000 stroke3
movl 0 -22.0017 385.0744 166.6150 152.5590 18.5232 -89.4885 100.0000 stroke3
movl 0 -33.3490 380.2869 166.4128 157.5957 21.2038 -86.9496 100.0000 stroke3
movl 0 -36.1434 379.8084 165.6243 158.9665 22.5155 -85.1367 100.0000 stroke3
movl 0 -39.3933 379.4513 165.0342 160.6704 22.7101 -84.0143 100.0000 stroke3
movl 0 -43.2360 378.2795 165.3770 163.1812 22.5327 -83.6315 100.0000 stroke3
movl 0 -47.1637 376.3435 165.7176 164.9299 22.9268 -83.5316 100.0000 stroke3
movl 0 -46.9376 376.8941 165.8556 165.3509 22.6087 -84.8327 100.0000 stroke3
movl 0 -45.0633 378.3796 166.0695 165.5598 22.0642 -86.8599 100.0000 stroke3
movl 0 -42.7164 380.2294 166.3085 165.9703 21.4411 -89.5877 100.0000 stroke3
movl 0 -40.0628 382.1340 166.3024 166.0384 21.0674 -91.7655 100.0000 stroke3
movl 0 -38.5389 380.5484 166.6512 164.9165 21.8486 -91.8134 100.0000 stroke3
movl 0 -36.4570 379.6624 166.8112 163.6726 22.4920 -92.0074 100.0000 stroke3
movl 0 -36.5717 380.3835 166.9277 164.0415 21.6622 -92.1263 100.0000 stroke3
movl 0 -35.0770 382.9664 166.8963 163.6886 19.7103 -92.8678 100.0000 stroke3
movl 0 -23.1049 379.2274 172.5402 154.6083 23.7109 -90.3053 100.0000 stroke3
movl 0 -12.3841 372.3452 238.5773 146.9781 40.1797 -88.2428 100.0000 stroke3
movl 0 0.1069 406.7746 196.9292 143.3442 11.2381 -94.7894 100.0000 stroke4
movl 0 0.9203 404.1620 167.0720 146.2846 9.9137 -96.5059 100.0000 stroke4
movl 0 -3.5060 405.4680 165.4128 148.8055 9.4145 -96.1508 100.0000 stroke4
movl 0 -6.0300 406.7906 164.2880 149.2703 9.4754 -95.3712 100.0000 stroke4
movl 0 -9.9186 408.6804 163.2029 150.3505 9.2301 -94.8052 100.0000 stroke4
movl 0 -14.2446 410.6917 163.1505 153.0225 7.4307 -96.3800 100.0000 stroke4
movl 0 -14.0696 412.3613 163.2442 153.5028 5.5698 -97.7680 100.0000 stroke4
movl 0 -15.3810 412.8685 163.6596 153.8129 4.1735 -98.3311 100.0000 stroke4
movl 0 -15.7259 412.8069 164.3140 154.0160 2.7154 -99.2408 100.0000 stroke4
movl 0 -15.9380 413.9183 164.8102 154.3224 -0.0035 -100.4915 100.0000 stroke4
movl 0 -16.8457 415.7929 165.1633 155.1949 -3.4958 -101.8235 100.0000 stroke4
movl 0 -16.3917 416.3286 165.1739 155.3709 -4.9780 -103.4249 100.0000 stroke4
movl 0 -17.2034 415.0028 165.5879 155.7551 -5.1213 -104.5319 100.0000 stroke4
movl 0 -17.7177 408.9938 167.1298 155.1218 -1.6014 -105.7392 100.0000 stroke4
movl 0 -18.7973 395.6338 173.1077 152.2069 7.9945 -105.0726 100.0000 stroke4
movl 0 -29.6807 372.8335 245.1831 149.7633 29.7155 -100.9612 100.0000 stroke4
movl 0 -23.8615 367.4176 186.9359 150.2076 21.4865 -95.9925 100.0000 stroke5
movl 0 -29.6119 369.5959 169.3601 153.3626 18.9908 -95.7903 100.0000 stroke5
movl 0 -37.1737 367.2861 169.5892 157.0615 19.4397 -94.1385 100.0000 stroke5
movl 0 -38.7481 368.0320 168.3671 157.5936 19.5048 -93.4773 100.0000 stroke5
movl 0 -40.3532 369.4589 167.3810 158.2624 19.3894 -92.6852 100.0000 stroke5
movl 0 -42.9112 370.4577 166.9328 160.1123 19.1769 -91.7854 100.0000 stroke5
movl 0 -46.7687 369.9577 167.7041 162.0117 18.9949 -92.0121 100.0000 stroke5
movl 0 -49.5907 369.0128 167.8880 163.1138 19.3810 -92.5312 100.0000 stroke5
movl 0 -48.3868 369.9560 168.2684 163.5139 18.9880 -94.2933 100.0000 stroke5
movl 0 -46.2112 371.2367 168.5670 163.8049 18.4545 -96.3923 100.0000 stroke5
movl 0 -44.3320 372.9640 168.6240 164.3820 17.8360 -98.6927 100.0000 stroke5
movl 0 -43.1151 374.6303 168.6419 164.4858 17.3519 -100.1957 100.0000 stroke5
movl 0 -40.9743 372.1578 169.1897 163.2594 18.3281 -100.1376 100.0000 stroke5
movl 0 -39.6747 371.8185 169.4913 162.6924 18.5252 -100.4477 100.0000 stroke5
movl 0 -39.5246 372.2317 169.6673 162.8806 17.7494 -100.4240 100.0000 stroke5
movl 0 -39.2049 372.8264 169.8791 163.1263 16.6129 -100.7524 100.0000 stroke5
movl 0 -36.7390 372.8042 169.5183 160.7010 16.4487 -98.5959 100.0000 stroke5
movl 0 -34.3733 366.5981 192.6090 154.7947 23.7169 -95.4311 100.0000 stroke5
movl 0 -26.9005 358.3493 249.9412 148.7688 26.5707 -92.9538 100.0000 stroke6
movl 0 -21.3713 364.0450 185.0215 151.2661 19.3585 -93.8574 100.0000 stroke6
movl 0 -29.4670 362.8920 171.9788 154.6462 17.9715 -92.8322 100.0000 stroke6
movl 0 -39.8306 363.2253 169.3386 157.3880 18.3974 -90.6968 100.0000 stroke6
movl 0 -44.1902 362.7719 168.6388 158.0961 18.8712 -89.5433 100.0000 stroke6
movl 0 -50.1099 362.0787 168.3913 161.1269 19.1062 -89.1282 100.0000 stroke6
movl 0 -55.3623 360.3108 169.0495 163.5966 18.9621 -89.4343 100.0000 stroke6
movl 0 -58.6450 358.9948 169.1396 164.8001 19.3503 -89.6213 100.0000 stroke6
movl 0 -58.9583 359.3099 169.0467 165.3837 19.3912 -90.0187 100.0000 stroke6
movl 0 -57.4756 360.3236 169.1292 165.6342 19.2087 -90.8307 100.0000 stroke6
movl 0 -55.7088 361.0209 169.4461 165.7919 19.0482 -91.9639 100.0000 stroke6
movl 0 -53.6184 361.8385 169.5822 165.9470 18.7844 -93.0184 100.0000 stroke6
movl 0 -51.7757 362.8855 169.6823 166.1779 18.4098 -94.2234 100.0000 stroke6
movl 0 -49.1442 363.8377 170.0500 166.4265 17.9547 -96.1348 100.0000 stroke6
movl 0 -46.1191 365.4912 170.1244 166.6515 17.4745 -98.4826 100.0000 stroke6
movl 0 -43.0277 367.7429 170.0926 166.8790 16.8977 -100.6161 100.0000 stroke6
movl 0 -41.0580 365.6357 170.7252 165.5344 17.6463 -100.3519 100.0000 stroke6
movl 0 -38.4407 364.8918 171.1959 164.3018 18.1633 -100.6557 100.0000 stroke6
movl 0 -37.6933 364.8526 171.3021 164.1510 18.1839 -100.7059 100.0000 stroke6
movl 0 -37.4536 366.1044 171.3273 164.5951 16.6470 -100.5995 100.0000 stroke6
movl 0 -38.3653 366.6240 171.0945 164.6707 15.7111 -100.4223 100.0000 stroke6
movl 0 -38.2819 366.6576 170.9091 164.1884 15.6919 -99.9990 100.0000 stroke6
movl 0 -36.9553 365.3983 171.4771 162.8697 16.1044 -99.3250 100.0000 stroke6
movl 0 -39.2809 357.7267 203.2297 158.2009 20.6033 -99.9604 100.0000 stroke6
movl 0 -14.9515 391.9935 200.7007 148.3123 7.1484 -96.7699 100.0000 stroke7
movl 0 -12.7000 385.0072 174.4391 150.8294 6.9760 -97.5432 100.0000 stroke7
movl 0 -14.1928 385.2448 171.7424 151.6273 7.4580 -97.2316 100.0000 stroke7
movl 0 -17.2276 386.0274 169.4668 152.4315 8.0410 -96.7740 100.0000 stroke7
movl 0 -22.5168 390.6238 167.3877 155.0622 6.6482 -95.7686 100.0000 stroke7
movl 0 -22.5628 393.7721 166.5012 155.6132 4.5843 -96.0231 100.0000 stroke7
movl 0 -24.0762 393.1453 166.7266 155.7377 3.9183 -95.5104 100.0000 stroke7
movl 0 -24.7570 391.8053 167.1435 155.6141 3.2621 -94.9509 100.0000 stroke7
movl 0 -26.4477 389.8269 167.5744 155.7149 2.8079 -94.1501 100.0000 stroke7
movl 0 -28.2755 388.0970 167.7951 155.8043 2.4081 -93.2889 100.0000 stroke7
movl 0 -30.2561 386.4414 167.9479 155.8835 2.1820 -92.2374 100.0000 stroke7
movl 0 -32.3785 384.5870 168.1290 155.8647 2.1084 -91.0516 100.0000 stroke7
movl 0 -34.8624 382.8617 168.2432 155.8527 2.0377 -89.8405 100.0000 stroke7
movl 0 -37.8315 381.1941 168.3064 155.8470 2.0778 -88.4807 100.0000 stroke7
movl 0 -40.5351 379.8230 168.3159 155.6211 2.1542 -87.2542 100.0000 stroke7
movl 0 -42.8220 378.5496 168.4480 155.5062 2.3750 -86.4018 100.0000 stroke7
movl 0 -44.0377 377.7418 168.8113 155.2248 2.6519 -85.9477 100.0000 stroke7
movl 0 -44.6888 377.6469 169.1282 154.9374 2.7552 -85.7570 100.0000 stroke7
movl 0 -45.3555 377.6518 169.3536 154.7609 2.8526 -85.6141 100.0000 stroke7
movl 0 -45.7345 377.9850 169.2302 154.6354 2.8217 -85.4855 100.0000 stroke7
movl 0 -46.1373 378.2276 169.2121 154.5378 2.8219 -85.3743 100.0000 stroke7
movl 0 -46.1839 378.4094 169.2537 154.4272 2.8507 -85.3810 100.0000 stroke7
movl 0 -46.0622 379.0389 169.2020 154.0973 2.9580 -85.1259 100.0000 stroke7
movl 0 -39.2418 381.1433 183.6459 149.9614 7.8138 -85.1929 100.0000 stroke7
movl 0 3.0948 374.1226 193.4466 -160.9834 -34.3485 129.9007 100.0000 stroke8
movl 0 -5.6230 356.7595 172.3279 -169.1955 -33.1598 133.3388 100.0000 stroke8
movl 0 -21.7290 354.1557 170.7827 -175.5231 -29.3301 138.5434 100.0000 stroke8
movl 0 -22.4630 352.3567 170.4713 -176.8863 -29.9220 140.1533 100.0000 stroke8
movl 0 -26.2822 352.6332 169.2698 -178.6900 -29.4784 142.8589 100.0000 stroke8
movl 0 -30.2617 352.8552 168.6001 179.9046 -27.8944 143.3346 100.0000 stroke8
movl 0 -34.4655 352.6793 168.7144 178.7919 -25.9868 143.1270 100.0000 stroke8
movl 0 -37.2845 352.0817 168.9917 178.0674 -25.0926 142.2813 100.0000 stroke8
movl 0 -38.9441 352.2522 169.0093 177.4312 -24.2697 140.9978 100.0000 stroke8
movl 0 -39.2163 353.0823 169.2547 177.2536 -23.3760 138.6121 100.0000 stroke8
movl 0 -39.1603 354.6579 169.3869 177.0483 -22.3327 135.7846 100.0000 stroke8
movl 0 -38.8360 356.5755 169.2629 177.2348 -21.5551 133.3221 100.0000 stroke8
movl 0 -36.5093 354.4654 169.9113 177.5669 -23.1945 133.6397 100.0000 stroke8
movl 0 -34.8203 353.7388 170.2763 177.8009 -24.0600 133.4007 100.0000 stroke8
movl 0 -33.9689 353.0657 170.5269 177.7838 -24.5930 133.3216 100.0000 stroke8
movl 0 -33.3517 352.5826 170.6561 177.7845 -24.9347 133.2858 100.0000 stroke8
movl 0 -33.6826 353.3797 170.7263 178.2543 -24.0026 132.8847 100.0000 stroke8
movl 0 -33.3968 355.0476 170.9416 179.4318 -22.5370 131.5105 100.0000 stroke8
movl 0 -32.8614 356.8189 170.8275 -179.4471 -22.4833 131.2548 100.0000 stroke8
movl 0 -29.5383 356.1381 170.5830 -178.0059 -24.1700 132.3545 100.0000 stroke8
movl 0 -20.7768 350.9515 178.1993 -176.2717 -30.0792 132.6968 100.0000 stroke8
movl 0 19.2667 374.2180 187.2160 -157.1532 -31.3899 124.0433 100.0000 stroke9
movl 0 20.1100 374.5500 168.1176 -155.4809 -28.0492 120.5964 100.0000 stroke9
movl 0 4.0671 371.3462 167.0119 -160.4877 -27.0131 124.4751 100.0000 stroke9
movl 0 1.1116 370.5922 166.1842 -162.6097 -26.9193 126.1120 100.0000 stroke9
movl 0 -1.5807 370.6230 165.7814 -163.6205 -26.5257 126.8832 100.0000 stroke9
movl 0 -6.1803 373.7460 165.1158 -164.4000 -23.9254 127.2596 100.0000 stroke9
movl 0 -7.1784 377.2350 164.5032 -163.6995 -21.4332 126.0259 100.0000 stroke9
movl 0 -7.4272 379.1822 164.2544 -163.1189 -20.0323 125.0987 100.0000 stroke9
movl 0 -7.2556 379.8592 164.3629 -162.0618 -19.0876 124.5387 100.0000 stroke9
movl 0 -7.4408 379.6496 164.7361 -161.2849 -18.3666 124.3677 100.0000 stroke9
movl 0 -7.3267 378.8927 164.9588 -160.9008 -18.4485 124.5300 100.0000 stroke9
movl 0 -6.7771 378.0329 165.2324 -160.4980 -18.8545 124.6426 100.0000 stroke9
movl 0 -5.2238 376.1368 165.9187 -159.9475 -20.0541 124.7931 100.0000 stroke9
movl 0 0.1571 363.8423 181.7504 -156.5876 -28.2227 118.7389 100.0000 stroke9
movl 0 -24.2442 345.0999 213.3851 166.5912 31.1053 -59.2194 100.0000 stroke10
movl 0 -27.0564 341.2594 171.0159 165.9870 26.9972 -60.4069 100.0000 stroke10
movl 0 -34.7890 342.1912 171.1671 169.4160 25.1232 -58.8773 100.0000 stroke10
movl 0 -37.1466 341.1125 171.8462 169.4763 24.7868 -58.3542 100.0000 stroke10
movl 0 -38.5982 341.9193 171.3724 169.4927 24.7484 -58.0846 100.0000 stroke10
movl 0 -45.4206 341.0175 170.7874 172.6012 23.3107 -57.2056 100.0000 stroke10
movl 0 -49.6292 340.3382 170.8866 174.0743 21.8195 -57.6135 100.0000 stroke10
movl 0 -50.6203 339.8634 171.1325 174.6054 21.6229 -58.0848 100.0000 stroke10
movl 0 -50.1937 340.1500 171.1801 175.1369 21.3584 -59.0193 100.0000 stroke10
movl 0 -48.6174 340.9290 171.4210 175.5301 20.9833 -59.9897 100.0000 stroke10
movl 0 -45.6792 341.9308 172.0129 175.4769 20.4418 -62.0608 100.0000 stroke10
movl 0 -43.4784 342.9103 172.2791 175.9431 19.8643 -63.9019 100.0000 stroke10
movl 0 -42.5185 344.6030 172.6369 176.6451 18.7753 -65.6820 100.0000 stroke10
movl 0 -42.1422 346.0339 172.9307 177.1819 18.1880 -68.4206 100.0000 stroke10
movl 0 -41.6515 347.7093 172.9615 177.6929 17.2117 -70.6956 100.0000 stroke10
movl 0 -39.2501 346.5601 173.5462 176.7474 18.0500 -70.7151 100.0000 stroke10
movl 0 -35.9659 344.0302 174.1159 176.0405 19.8723 -70.4604 100.0000 stroke10
movl 0 -35.4102 343.8375 174.2956 175.9017 20.1646 -70.5441 100.0000 stroke10
movl 0 -34.9613 343.6223 174.4492 175.8709 20.3107 -70.6898 100.0000 stroke10
movl 0 -34.3119 343.4646 174.6308 175.7450 20.4345 -70.8899 100.0000 stroke10
movl 0 -34.1396 343.2433 174.7369 175.7458 20.5038 -71.0157 100.0000 stroke10
movl 0 -34.3059 344.1969 174.6569 175.5978 19.7623 -71.2596 100.0000 stroke10
movl 0 -34.5253 345.4487 174.8430 175.1671 18.4546 -71.9597 100.0000 stroke10
movl 0 -34.7497 346.6138 175.0668 174.9430 17.3555 -72.5811 100.0000 stroke10
movl 0 -34.8354 347.5979 175.5002 174.5136 16.4270 -73.0055 100.0000 stroke10
movl 0 -34.2286 347.0947 175.3866 174.0660 16.8366 -72.4548 100.0000 stroke10
movl 0 -32.1778 346.6266 174.9617 173.2531 18.0109 -71.6814 100.0000 stroke10
movl 0 -32.1192 346.5446 174.9626 173.1605 18.2695 -71.4099 100.0000 stroke10
movl 0 -32.7873 346.8745 175.0679 173.3709 18.4568 -71.0774 100.0000 stroke10
movl 0 -33.2324 346.8344 175.1132 173.5158 18.5363 -71.1137 100.0000 stroke10
movl 0 -31.4815 345.6619 176.3700 173.1099 19.7090 -70.6178 100.0000 stroke10
movl 0 -12.5623 349.7224 219.9889 167.6288 24.3836 -72.6756 100.0000 stroke10
