movl 0 -33.6546 394.6210 173.5339 163.8211 31.7042 -64.8306 100.0000 stroke1
movl 0 -26.6349 391.3873 170.1393 163.8104 31.2610 -65.1490 100.0000 stroke1
movl 0 -23.4676 390.6539 163.6378 162.6663 31.0995 -66.3758 100.0000 stroke1
movl 0 -22.1724 390.9912 164.5245 162.0276 30.5488 -68.1825 100.0000 stroke1
movl 0 -21.3642 388.4091 164.9454 162.2989 32.5371 -67.9780 100.0000 stroke1
movl 0 -23.9975 385.6584 165.2121 162.1893 32.4941 -68.8960 100.0000 stroke1
movl 0 -23.1336 386.2254 164.4159 162.6764 31.9809 -69.8112 100.0000 stroke1
movl 0 -26.8170 384.8457 164.6940 163.4883 31.0351 -70.2231 100.0000 stroke1
movl 0 -32.3974 384.4015 163.4223 164.7007 30.6352 -67.9032 100.0000 stroke1
movl 0 -33.8407 385.1204 162.7784 164.2618 30.0091 -67.4609 100.0000 stroke1
movl 0 -34.7510 385.5922 162.3519 163.8586 29.5495 -67.3188 100.0000 stroke1
movl 0 -36.7914 386.3904 162.0876 164.4756 28.5589 -67.8714 100.0000 stroke1
movl 0 -39.4521 386.1824 162.6268 165.6249 27.4811 -68.4854 100.0000 stroke1
movl 0 -41.7395 385.8494 163.2199 166.6125 26.6186 -69.1134 100.0000 stroke1
movl 0 -43.4236 385.6094 163.8520 167.3834 25.6735 -69.6914 100.0000 stroke1
movl 0 -45.0148 384.9383 164.2231 168.4004 25.5520 -69.7368 100.0000 stroke1
movl 0 -45.7715 384.5347 164.3907 169.3210 25.4615 -69.9502 100.0000 stroke1
movl 0 -45.9824 384.2878 164.6092 170.2365 25.5028 -70.4128 100.0000 stroke1
movl 0 -46.0511 384.4898 164.7425 170.8777 25.1475 -71.4794 100.0000 stroke1
movl 0 -45.4652 384.8800 164.8686 171.3251 24.8854 -73.0666 100.0000 stroke1
movl 0 -44.5355 385.8601 164.8227 171.8741 24.4587 -75.0899 100.0000 stroke1
movl 0 -43.3607 386.6076 164.6890 171.7807 24.2128 -76.1871 100.0000 stroke1
movl 0 -40.9356 384.1772 165.0167 170.8947 26.1318 -75.4103 100.0000 stroke1
movl 0 -39.5384 383.8544 165.0367 170.2802 26.5508 -75.4294 100.0000 stroke1
movl 0 -39.1074 383.5162 165.2328 170.1881 26.6417 -75.6108 100.0000 stroke1
movl 0 -38.7981 383.3121 165.2891 170.0487 26.7796 -75.6901 100.0000 stroke1
movl 0 -38.8828 383.5654 165.4008 170.0619 26.4580 -75.8383 100.0000 stroke1
movl 0 -39.8177 385.3891 166.4075 169.9672 24.0831 -77.0687 100.0000 stroke1
movl 0 -40.5453 385.8799 166.3140 169.9618 23.6164 -77.2841 100.0000 stroke1
movl 0 -39.1928 385.0761 166.6516 168.6698 24.3942 -77.2680 100.0000 stroke1
movl 0 -36.8723 377.7696 178.0377 167.6301 31.2973 -76.3703 100.0000 stroke1
movl 0 -39.7973 380.4252 191.8529 155.9778 27.4538 -78.1863 100.0000 stroke2
movl 0 -37.5135 378.4622 166.2532 156.2590 26.4366 -79.1621 100.0000 stroke2
movl 0 -40.4740 379.1240 163.5991 158.0344 26.8129 -77.8564 100.0000 stroke2
movl 0 -41.6435 380.0300 162.7344 158.4494 26.6407 -77.4176 100.0000 stroke2
movl 0 -45.0560 381.7168 162.4184 159.3715 25.0409 -77.3969 100.0000 stroke2
movl 0 -47.7991 384.1471 163.2003 159.5692 21.6490 -79.4024 100.0000 stroke2
movl 0 -47.8679 385.9954 163.9935 158.6133 18.8836 -81.9751 100.0000 stroke2
movl 0 -48.0028 388.1433 165.0269 157.6202 15.5854 -84.7541 100.0000 stroke2
movl 0 -48.1269 390.8616 166.0886 156.4615 10.9168 -88.6485 100.0000 stroke2
movl 0 -48.5211 393.5547 166.4756 155.9701 6.5943 -91.6924 100.0000 stroke2
movl 0 -49.4357 394.7766 166.6647 155.8374 3.9924 -93.0582 100.0000 stroke2
movl 0 -48.0228 391.3618 167.6315 155.2882 5.8382 -94.1644 100.0000 stroke2
movl 0 -47.5764 390.4703 168.0806 155.3268 6.2202 -94.9146 100.0000 stroke2
movl 0 -47.7776 390.5315 168.2337 155.4818 5.8406 -95.2076 100.0000 stroke2
movl 0 -47.8116 391.0040 168.3738 155.6182 5.1683 -95.5990 100.0000 stroke2
movl 0 -48.0504 391.5049 168.5893 155.8283 4.3671 -95.9906 100.0000 stroke2
movl 0 -48.4632 391.9936 168.9194 156.0797 3.5039 -96.4583 100.0000 stroke2
movl 0 -48.4991 391.0632 169.2326 155.7143 3.9118 -97.3326 100.0000 stroke2
movl 0 -49.1407 369.9096 176.9397 152.8858 20.1905 -94.9183 100.0000 stroke2
movl 0 -34.0844 380.0927 232.3797 145.8412 16.1913 -109.6922 100.0000 stroke3
movl 0 -36.4341 381.6986 176.7530 149.2097 7.9422 -113.0807 100.0000 stroke3
movl 0 -42.3756 379.4622 171.7325 151.2939 5.5785 -115.7219 100.0000 stroke3
movl 0 -47.3544 378.5859 169.1437 152.3731 6.5202 -114.4738 100.0000 stroke3
movl 0 -47.2147 378.2528 168.6123 152.0182 7.3389 -113.3350 100.0000 stroke3
movl 0 -48.9058 380.0781 167.5020 152.7432 7.3895 -112.6068 100.0000 stroke3
movl 0 -52.3350 380.2508 167.5874 154.7854 7.7419 -113.5104 100.0000 stroke3
movl 0 -54.1040 380.3557 167.9677 155.9363 7.8664 -114.0961 100.0000 stroke3
movl 0 -53.2850 380.4803 167.8888 156.0104 8.1561 -114.6038 100.0000 stroke3
movl 0 -51.7732 381.3222 167.9208 156.1986 7.9946 -115.2134 100.0000 stroke3
movl 0 -48.9578 382.6352 167.9574 156.2612 7.5680 -115.8706 100.0000 stroke3
movl 0 -44.8139 384.0740 168.0059 156.3666 7.4507 -116.7394 100.0000 stroke3
movl 0 -38.7847 386.0053 167.8698 156.7005 7.3234 -117.8259 100.0000 stroke3
movl 0 -28.7028 388.1672 167.8401 156.8192 7.1757 -119.4388 100.0000 stroke3
movl 0 -16.1854 391.3738 167.5436 157.2156 6.8032 -121.7813 100.0000 stroke3
movl 0 -10.5093 392.1564 167.6796 156.4291 5.8055 -122.5318 100.0000 stroke3
movl 0 -0.8865 397.2485 167.0551 154.6844 2.3140 -123.4849 100.0000 stroke3
movl 0 2.2868 403.6603 166.2630 156.1781 -1.7727 -125.4506 100.0000 stroke3
movl 0 8.6848 411.2026 164.4120 157.3836 -6.5219 -128.0458 100.0000 stroke3
movl 0 12.0068 414.9914 163.0038 157.3073 -8.9335 -128.0330 100.0000 stroke3
movl 0 11.4229 415.0919 162.9119 157.1520 -9.2634 -127.0057 100.0000 stroke3
movl 0 11.0796 414.2570 163.1777 156.7603 -9.3073 -126.1886 100.0000 stroke3
movl 0 10.8323 413.4021 163.6009 156.4021 -9.4200 -125.4545 100.0000 stroke3
movl 0 10.9171 412.2887 164.1019 155.8259 -9.3524 -124.7334 100.0000 stroke3
movl 0 12.3672 406.1495 167.0175 152.5960 -7.7747 -122.4716 100.0000 stroke3
movl 0 -10.5954 382.2350 215.0367 145.3268 4.6113 -115.0934 100.0000 stroke3
movl 0 -32.9872 400.9225 202.9176 158.2949 25.2526 -70.3870 100.0000 stroke4
movl 0 -21.6958 397.4708 169.6274 157.6850 23.8105 -72.5707 100.0000 stroke4
movl 0 -22.8862 391.5090 169.8099 161.3823 25.7610 -71.9747 100.0000 stroke4
movl 0 -27.5046 390.6016 168.0510 164.1892 25.7708 -70.7097 100.0000 stroke4
movl 0 -28.6999 391.8287 167.3643 164.7403 25.2123 -70.0184 100.0000 stroke4
movl 0 -30.6183 393.4877 166.4824 165.5096 24.5875 -69.5726 100.0000 stroke4
movl 0 -32.7003 396.5772 166.6284 165.3271 21.4053 -71.9981 100.0000 stroke4
movl 0 -31.7211 399.8712 166.5806 163.5732 18.5221 -75.3305 100.0000 stroke4
movl 0 -32.0130 401.1782 167.3545 162.3047 16.1087 -77.8744 100.0000 stroke4
movl 0 -31.4920 402.2607 168.3624 161.0271 13.8125 -80.4037 100.0000 stroke4
movl 0 -31.4632 403.5348 169.2706 160.2434 11.2817 -82.9110 100.0000 stroke4
movl 0 -31.1601 405.4291 170.0299 159.4961 8.2759 -85.7743 100.0000 stroke4
movl 0 -31.9203 407.1869 170.6716 159.4329 5.4087 -88.0760 100.0000 stroke4
movl 0 -32.8224 409.2479 171.1956 159.6039 2.4977 -89.9135 100.0000 stroke4
movl 0 -33.7896 411.0283 171.4909 159.8660 0.0205 -91.1777 100.0000 stroke4
movl 0 -33.8913 410.3551 171.8918 159.9240 0.0374 -91.5831 100.0000 stroke4
movl 0 -31.2407 406.3238 173.0224 159.2119 2.5655 -91.9276 100.0000 stroke4
movl 0 -31.5139 405.9142 173.1922 159.3819 2.6495 -92.1651 100.0000 stroke4
movl 0 -32.0815 406.7623 173.1923 159.5688 1.6362 -92.3135 100.0000 stroke4
movl 0 -33.1463 407.7845 173.2625 159.9569 0.3438 -92.5410 100.0000 stroke4
movl 0 -33.3297 407.7530 173.3701 159.9985 0.1229 -92.6105 100.0000 stroke4
movl 0 -33.4363 407.6070 173.3881 160.0044 0.1479 -92.6045 100.0000 stroke4
movl 0 -33.5726 407.5075 173.4179 159.9964 0.1265 -92.5580 100.0000 stroke4
movl 0 -33.9553 407.3545 173.4634 160.1340 0.3091 -92.6722 100.0000 stroke4
movl 0 -29.6793 396.5825 175.7213 157.6454 9.0545 -91.2640 100.0000 stroke4
movl 0 -29.5743 371.4159 228.0888 156.2962 33.4827 -83.3185 100.0000 stroke4
movl 0 -35.2920 379.0152 185.9677 153.3195 22.4536 -88.9412 100.0000 stroke5
movl 0 -31.8099 382.7586 170.8067 152.4751 13.5605 -95.3976 100.0000 stroke5
movl 0 -32.8093 385.7785 171.5410 153.8888 10.2323 -97.9306 100.0000 stroke5
movl 0 -32.3335 385.7107 171.4647 153.9911 10.0427 -99.0274 100.0000 stroke5
movl 0 -32.1782 386.6860 170.5271 153.9329 10.1016 -99.1521 100.0000 stroke5
movl 0 -33.1751 388.2668 169.2876 154.0905 10.0128 -98.8983 100.0000 stroke5
movl 0 -36.6566 389.8063 168.7609 155.9511 9.2503 -99.3129 100.0000 stroke5
movl 0 -38.5003 391.6572 168.8091 157.6541 7.8391 -100.8304 100.0000 stroke5
movl 0 -38.1531 392.8690 168.5036 157.5183 6.8205 -100.8148 100.0000 stroke5
movl 0 -38.0472 393.0812 168.4141 157.1468 6.1520 -100.4055 100.0000 stroke5
movl 0 -37.3642 392.3116 168.6645 156.5000 6.2274 -99.8239 100.0000 stroke5
movl 0 -33.5147 382.3613 173.3983 153.7212 10.3440 -98.5099 100.0000 stroke5
movl 0 -39.4426 354.4253 224.8612 152.7223 25.5160 -91.6154 100.0000 stroke5
movl 0 -45.5035 359.4979 231.9502 158.6971 24.5079 -84.3469 100.0000 stroke6
movl 0 -37.2938 367.3853 179.5843 158.5491 18.1424 -87.9998 100.0000 stroke6
movl 0 -37.0488 367.5221 176.1635 157.9808 17.9589 -88.8020 100.0000 stroke6
movl 0 -42.3644 369.4401 172.2414 159.6128 17.4342 -88.0140 100.0000 stroke6
movl 0 -44.2420 370.9683 170.7186 160.3333 17.2885 -87.5636 100.0000 stroke6
movl 0 -48.6750 373.5397 170.1730 161.7074 14.6186 -87.8238 100.0000 stroke6
movl 0 -48.7080 374.3133 170.2493 161.7438 14.0695 -88.1304 100.0000 stroke6
movl 0 -48.9236 375.4202 170.2867 161.7315 12.8165 -88.5951 100.0000 stroke6
movl 0 -50.6436 375.1749 170.0869 162.4530 13.2728 -88.5559 100.0000 stroke6
movl 0 -50.9431 375.5058 169.7042 162.8709 13.6863 -88.9255 100.0000 stroke6
movl 0 -49.8745 376.1429 169.3826 162.8913 13.9885 -89.6735 100.0000 stroke6
movl 0 -47.6714 376.5359 169.4848 162.4533 14.2345 -90.4435 100.0000 stroke6
movl 0 -39.5264 373.3217 172.1848 159.9452 16.1951 -90.9210 100.0000 stroke6
movl 0 -25.2068 365.4681 220.6303 154.9540 23.8476 -91.3759 100.0000 stroke6
movl 0 -15.8314 389.2704 208.3742 156.0504 19.4740 -89.5847 100.0000 stroke7
movl 0 -9.8866 393.7916 174.9885 154.4356 12.4992 -94.0974 100.0000 stroke7
movl 0 -9.2351 394.9500 172.5697 154.2877 10.9910 -95.2324 100.0000 stroke7
movl 0 -12.3560 395.7992 170.8655 155.0229 11.2500 -94.5339 100.0000 stroke7
movl 0 -12.3989 396.1599 169.4124 154.7106 11.8980 -94.2536 100.0000 stroke7
movl 0 -16.1705 399.1385 168.2131 156.5517 10.6192 -94.3130 100.0000 stroke7
movl 0 -19.3021 400.5469 168.3279 158.5665 8.8218 -95.5000 100.0000 stroke7
movl 0 -17.6419 402.3442 167.8886 158.3232 7.4852 -96.2571 100.0000 stroke7
movl 0 -17.5955 402.8381 167.7615 158.0404 6.6289 -95.9757 100.0000 stroke7
movl 0 -17.4240 402.3554 168.0654 157.4706 6.3379 -95.3468 100.0000 stroke7
movl 0 -15.6850 401.2138 168.6423 156.6011 6.7506 -95.0338 100.0000 stroke7
movl 0 -13.8229 397.2481 170.7171 155.2510 8.4968 -94.4391 100.0000 stroke7
movl 0 -20.5851 382.8406 194.0176 154.0724 15.4778 -92.3008 100.0000 stroke7
movl 0 -25.4856 394.1402 232.6481 152.8935 9.4003 -94.8520 100.0000 stroke8
movl 0 -15.9779 395.4655 190.5422 153.0689 6.4457 -96.9136 100.0000 stroke8
movl 0 -15.3204 398.0767 174.8717 154.5185 5.4802 -98.1679 100.0000 stroke8
movl 0 -17.2003 399.7218 173.8868 154.9475 4.5875 -98.2908 100.0000 stroke8
movl 0 -18.4842 400.2362 173.3499 155.4303 4.3866 -98.7321 100.0000 stroke8
movl 0 -21.1090 402.4574 172.6514 157.2109 3.2245 -99.8408 100.0000 stroke8
movl 0 -25.1917 405.3298 172.4749 160.2926 1.4189 -102.1425 100.0000 stroke8
movl 0 -25.0602 406.8493 172.4006 161.2945 0.6030 -103.9399 100.0000 stroke8
movl 0 -24.5310 408.1508 172.2982 161.6578 -0.5069 -104.4961 100.0000 stroke8
movl 0 -22.9861 406.6540 173.4627 161.2766 -0.6993 -104.6697 100.0000 stroke8
movl 0 -22.0271 406.8457 173.6306 161.3268 -1.4486 -104.8521 100.0000 stroke8
movl 0 -19.4185 401.1933 174.8909 158.0161 1.7905 -101.6998 100.0000 stroke8
movl 0 -16.6334 380.4895 208.0164 150.6896 15.7088 -94.8821 100.0000 stroke8
movl 0 -24.0074 386.2859 189.6865 153.3079 10.1303 -83.5116 100.0000 stroke9
movl 0 -20.1885 381.0417 178.1614 154.2294 11.7342 -86.0565 100.0000 stroke9
movl 0 -25.3285 381.4206 174.3192 156.3356 12.3367 -85.5038 100.0000 stroke9
movl 0 -26.2389 382.4955 172.9812 156.8496 12.2942 -85.7136 100.0000 stroke9
movl 0 -28.2324 384.7239 171.6845 157.4490 11.5663 -85.5715 100.0000 stroke9
movl 0 -31.4887 388.4367 170.7637 159.1875 9.3089 -86.1385 100.0000 stroke9
movl 0 -30.6047 391.6592 170.3896 159.6146 7.1490 -87.9271 100.0000 stroke9
movl 0 -30.7368 393.4359 170.1414 159.7054 5.8009 -88.6480 100.0000 stroke9
movl 0 -30.0160 394.8379 170.7875 159.3868 3.5146 -89.5763 100.0000 stroke9
movl 0 -29.7435 396.8089 171.5062 159.2353 0.2921 -90.6128 100.0000 stroke9
movl 0 -28.5605 394.2814 172.4975 158.8098 1.2921 -91.1900 100.0000 stroke9
movl 0 -29.3847 395.8705 172.1742 159.0563 -0.2886 -91.2390 100.0000 stroke9
movl 0 -29.2010 395.1745 172.3740 158.9590 0.0864 -91.3842 100.0000 stroke9
movl 0 -28.7241 394.0251 172.5535 158.6568 0.8736 -91.3457 100.0000 stroke9
movl 0 -28.1461 392.4003 172.9677 158.4348 1.9386 -91.3987 100.0000 stroke9
movl 0 -29.4134 393.3091 172.6421 158.8037 1.1996 -91.1919 100.0000 stroke9
movl 0 -27.6561 389.7399 173.5579 158.2801 3.6826 -91.5268 100.0000 stroke9
movl 0 -26.6923 388.1406 173.6776 157.9309 4.9583 -91.5886 100.0000 stroke9
movl 0 -26.7011 388.3982 173.6027 158.1105 4.9871 -91.7604 100.0000 stroke9
movl 0 -26.4824 388.4992 173.7395 157.9184 4.6497 -91.5431 100.0000 stroke9
movl 0 -25.1335 383.7227 177.4202 156.6894 6.8816 -91.3490 100.0000 stroke9
movl 0 -25.5112 364.6767 233.8765 153.2660 18.8839 -89.9210 100.0000 stroke9
movl 0 -45.0978 352.1476 237.2818 160.3902 27.3251 -78.2325 100.0000 stroke10
movl 0 -45.2168 359.7955 179.6103 160.8503 18.9376 -80.7698 100.0000 stroke10
movl 0 -45.7933 357.7314 177.2211 161.9207 18.6320 -81.9454 100.0000 stroke10
movl 0 -47.5931 358.0399 174.3978 162.4755 18.4628 -82.3919 100.0000 stroke10
movl 0 -49.7926 359.4155 173.0056 163.2317 18.1624 -82.9825 100.0000 stroke10
movl 0 -52.9280 363.3955 172.3731 163.4504 14.5859 -83.7872 100.0000 stroke10
movl 0 -55.2134 365.6288 172.0710 163.2720 11.9955 -82.9676 100.0000 stroke10
movl 0 -54.6628 364.3343 172.3215 163.8541 13.3090 -83.2405 100.0000 stroke10
movl 0 -58.8655 364.1152 172.6706 165.3708 11.9588 -83.3302 100.0000 stroke10
movl 0 -59.7191 362.3315 172.5821 165.8227 13.5066 -83.0957 100.0000 stroke10
movl 0 -59.7016 362.0445 172.3649 166.3393 14.3887 -83.9282 100.0000 stroke10
movl 0 -58.6045 362.7098 172.2294 166.3904 14.4706 -84.8891 100.0000 stroke10
movl 0 -54.9309 362.6247 172.7087 165.7685 15.0749 -86.4377 100.0000 stroke10
movl 0 -46.9536 353.5252 178.4665 163.4767 20.0965 -85.7557 100.0000 stroke10
movl 0 -40.5119 340.4657 232.1137 162.8742 32.7855 -81.6098 100.0000 stroke10
movl 0 -13.7745 373.4023 201.9652 157.8048 17.7615 -85.3726 100.0000 stroke11
movl 0 -10.1748 373.7849 180.5517 157.3291 14.9698 -86.8443 100.0000 stroke11
movl 0 -10.5630 375.1548 175.0387 157.6871 13.8462 -87.6782 100.0000 stroke11
movl 0 -12.3214 375.1777 172.7548 157.6844 14.8642 -87.1340 100.0000 stroke11
movl 0 -15.2409 377.5293 171.4696 159.2321 14.2227 -87.0803 100.0000 stroke11
movl 0 -17.9168 383.5353 171.0347 160.9764 9.3894 -89.4423 100.0000 stroke11
movl 0 -17.1730 387.0080 170.3870 161.0409 7.0657 -90.8910 100.0000 stroke11
movl 0 -16.7104 387.5628 170.1737 160.2803 6.2673 -90.4891 100.0000 stroke11
movl 0 -18.0598 386.5084 170.4183 160.1291 6.3428 -89.7125 100.0000 stroke11
movl 0 -18.3874 385.1490 170.7418 159.5165 6.5049 -88.9195 100.0000 stroke11
movl 0 -20.6566 380.8406 171.9956 159.1728 7.8863 -87.6463 100.0000 stroke11
movl 0 -23.6124 369.9768 183.4423 156.4714 14.3947 -86.3821 100.0000 stroke11
movl 0 -35.5812 350.9771 248.5635 153.7491 29.2798 -83.3869 100.0000 stroke11
movl 0 -30.1895 363.0410 205.4457 153.6276 12.7465 -86.6260 100.0000 stroke12
movl 0 -33.5624 358.0897 182.1099 156.3663 13.7166 -85.8472 100.0000 stroke12
movl 0 -35.1473 360.7391 175.1847 157.6844 12.9795 -85.4039 100.0000 stroke12
movl 0 -36.5335 361.1570 174.3334 158.3923 12.6591 -85.6828 100.0000 stroke12
movl 0 -37.4471 362.2596 173.4867 158.7528 12.3058 -85.8173 100.0000 stroke12
movl 0 -40.2006 365.4198 172.1774 159.7412 10.5608 -85.5632 100.0000 stroke12
movl 0 -39.9641 367.9205 172.1708 159.8095 8.3699 -86.4683 100.0000 stroke12
movl 0 -39.9700 369.1650 172.8163 159.7295 6.1782 -87.2461 100.0000 stroke12
movl 0 -41.2090 369.9068 173.3884 159.9066 3.2021 -88.7151 100.0000 stroke12
movl 0 -43.2234 369.2806 173.4864 160.3535 0.4345 -90.0214 100.0000 stroke12
movl 0 -45.4867 368.1013 173.2544 160.8430 -1.5202 -90.6645 100.0000 stroke12
movl 0 -48.1689 365.7961 173.0270 161.2942 -2.9164 -90.5920 100.0000 stroke12
movl 0 -50.4219 362.8207 173.0882 161.5269 -3.0591 -90.1935 100.0000 stroke12
movl 0 -47.6929 360.8987 174.0372 160.9507 -1.5980 -90.8678 100.0000 stroke12
movl 0 -47.8055 360.1755 174.3048 161.1643 -1.3451 -91.0816 100.0000 stroke12
movl 0 -48.1196 360.2477 174.3074 161.3485 -1.6739 -91.2280 100.0000 stroke12
movl 0 -48.4537 360.5232 174.2680 161.4845 -2.3531 -91.1947 100.0000 stroke12
movl 0 -47.1055 358.7813 174.9993 161.1028 -1.6249 -91.5747 100.0000 stroke12
movl 0 -45.3387 357.6431 175.4635 160.7231 -0.7804 -92.1699 100.0000 stroke12
movl 0 -47.1980 359.2507 174.9409 161.2928 -2.3335 -91.7583 100.0000 stroke12
movl 0 -44.5082 358.5729 175.2965 160.2802 -0.7875 -92.1020 100.0000 stroke12
movl 0 -34.5707 345.4225 197.2986 157.3857 19.4660 -89.1058 100.0000 stroke12
movl 0 -22.6689 363.2051 195.5866 172.5298 32.7992 -55.0205 100.0000 stroke13
movl 0 -29.4792 352.8000 173.3897 170.6123 27.9304 -59.2383 100.0000 stroke13
movl 0 -36.0698 352.0665 175.7486 168.9584 23.1703 -63.2341 100.0000 stroke13
movl 0 -40.4529 348.9315 174.6193 169.6791 23.1097 -62.4239 100.0000 stroke13
movl 0 -43.9766 347.5125 173.9679 170.9016 22.9771 -61.6023 100.0000 stroke13
movl 0 -46.6339 347.5784 173.1086 171.8714 22.3826 -61.3602 100.0000 stroke13
movl 0 -50.6114 347.4872 173.1769 173.4734 20.8429 -62.3625 100.0000 stroke13
movl 0 -54.5679 346.2684 173.0640 174.7875 20.2049 -62.8275 100.0000 stroke13
movl 0 -54.8557 346.8842 172.9597 175.1130 19.9083 -63.8697 100.0000 stroke13
movl 0 -52.8207 348.7078 173.0743 174.9037 19.4109 -66.0664 100.0000 stroke13
movl 0 -49.6484 351.6840 173.2027 174.4166 18.8361 -69.4513 100.0000 stroke13
movl 0 -46.1536 352.8646 173.4707 173.0566 18.9061 -70.7967 100.0000 stroke13
movl 0 -40.5269 355.4564 173.4425 170.8302 18.8393 -71.8181 100.0000 stroke13
movl 0 -38.8463 361.2401 173.1540 169.0669 15.4471 -74.0519 100.0000 stroke13
movl 0 -33.5840 369.2149 172.3947 165.9995 11.1698 -77.3427 100.0000 stroke13
movl 0 -33.0862 370.0911 172.1753 164.9125 9.9303 -77.4063 100.0000 stroke13
movl 0 -33.5012 369.3288 172.8200 164.7392 9.0031 -78.2353 100.0000 stroke13
movl 0 -33.5693 368.8843 173.5671 164.3680 7.7169 -79.2423 100.0000 stroke13
movl 0 -34.2660 368.3439 174.1632 164.1948 5.9391 -80.4110 100.0000 stroke13
movl 0 -35.0320 368.3269 174.4573 164.0595 3.8692 -81.3580 100.0000 stroke13
movl 0 -36.2732 367.8572 174.5167 164.1818 2.0093 -81.8564 100.0000 stroke13
movl 0 -37.4412 367.1005 174.6111 164.4700 0.7354 -82.0120 100.0000 stroke13
movl 0 -38.1842 365.8215 174.5931 164.5598 -0.0792 -81.9748 100.0000 stroke13
movl 0 -39.0480 364.4113 174.5053 164.7346 -0.9464 -81.8842 100.0000 stroke13
movl 0 -39.9856 362.2021 174.4578 164.7095 -1.3909 -81.2686 100.0000 stroke13
movl 0 -37.0772 358.3686 175.8932 164.2200 1.0392 -81.3926 100.0000 stroke13
movl 0 -35.0246 356.6332 176.4290 163.9644 2.2182 -81.6861 100.0000 stroke13
movl 0 -35.3700 357.1040 176.3734 164.0138 1.6608 -81.4806 100.0000 stroke13
movl 0 -35.2368 356.6709 176.5176 164.0300 1.2083 -80.7760 100.0000 stroke13
movl 0 -31.8670 353.4486 177.6336 163.4002 3.6522 -81.2062 100.0000 stroke13
movl 0 -34.3566 355.5919 176.8382 163.8581 1.4897 -80.4231 100.0000 stroke13
movl 0 -34.1063 353.9388 177.1751 163.9533 2.5575 -80.2354 100.0000 stroke13
movl 0 -29.6788 337.3430 178.3909 164.1508 13.4046 -76.9591 100.0000 stroke13
movl 0 -32.4782 327.5261 177.6988 166.8857 16.6859 -73.6651 100.0000 stroke13
movl 0 -34.4417 324.0619 177.0495 168.1445 17.9411 -71.7651 100.0000 stroke13
movl 0 -34.8598 322.6890 176.2801 168.8937 19.5175 -70.6753 100.0000 stroke13
movl 0 -37.9942 327.2367 175.0710 168.6195 15.6524 -69.5419 100.0000 stroke13
movl 0 -38.9990 328.5460 174.5111 168.2270 14.1504 -68.3577 100.0000 stroke13
movl 0 -39.1940 328.5438 174.2898 168.1931 14.3063 -67.4011 100.0000 stroke13
movl 0 -37.4369 327.4151 174.6728 167.6154 15.2985 -67.3869 100.0000 stroke13
movl 0 -34.4380 325.7613 175.2726 166.7448 16.8652 -68.3178 100.0000 stroke13
movl 0 -27.4233 317.6638 177.6902 165.7233 22.8509 -70.4184 100.0000 stroke13
movl 0 -20.7561 306.6803 199.6845 174.1213 38.9636 -60.0316 100.0000 stroke13
movl 0 -19.6924 370.2481 188.2148 156.9705 21.4419 -71.9808 100.0000 stroke14
movl 0 -26.8445 356.5513 176.3369 159.8157 20.8101 -72.3878 100.0000 stroke14
movl 0 -36.1571 351.4967 177.2098 163.3066 19.1848 -72.6987 100.0000 stroke14
movl 0 -40.2693 350.4443 176.7707 164.5334 18.3373 -72.2772 100.0000 stroke14
movl 0 -42.0857 350.5826 176.1091 164.8078 17.9709 -71.4481 100.0000 stroke14
movl 0 -43.6171 351.4308 175.2865 164.8586 17.3958 -70.5004 100.0000 stroke14
movl 0 -45.8644 351.9751 175.0599 165.6294 16.6160 -70.7582 100.0000 stroke14
movl 0 -50.0807 350.8089 175.3619 167.3247 16.1012 -71.3061 100.0000 stroke14
movl 0 -52.7211 350.4983 175.5021 168.4416 15.5137 -71.7645 100.0000 stroke14
movl 0 -54.7929 349.5328 175.6866 169.3233 15.4552 -71.8701 100.0000 stroke14
movl 0 -55.9777 348.8885 175.7103 169.9126 15.6021 -72.1203 100.0000 stroke14
movl 0 -56.2932 348.9391 175.8847 170.3127 15.5073 -72.9732 100.0000 stroke14
movl 0 -56.2923 349.2697 176.0931 170.6315 15.2796 -73.8665 100.0000 stroke14
movl 0 -56.6848 349.9908 176.2016 171.1418 14.8939 -75.0207 100.0000 stroke14
movl 0 -56.7373 350.8651 176.2681 171.4431 14.4957 -76.2846 100.0000 stroke14
movl 0 -54.9094 349.1426 176.7529 170.6541 15.4676 -76.0879 100.0000 stroke14
movl 0 -53.1373 348.4001 177.1382 170.0819 15.9844 -76.5250 100.0000 stroke14
movl 0 -52.9422 348.3525 177.2776 170.0211 15.9360 -76.7372 100.0000 stroke14
movl 0 -53.3693 349.1878 177.2271 170.0707 15.3056 -76.9876 100.0000 stroke14
movl 0 -53.8127 350.4068 177.2775 169.9202 14.2377 -77.3932 100.0000 stroke14
movl 0 -44.6350 343.8552 180.4649 166.0126 18.7029 -78.5665 100.0000 stroke14
movl 0 -25.6229 326.9537 224.8065 159.9854 38.3740 -75.1968 100.0000 stroke14
movl 0 -36.9263 345.5543 201.4724 150.4196 -9.8735 -142.0701 100.0000 stroke15
movl 0 -37.0731 343.7972 178.0494 158.4757 -16.3238 -153.2921 100.0000 stroke15
movl 0 -41.2269 341.3118 177.5845 160.7821 -15.1738 -156.4681 100.0000 stroke15
movl 0 -42.2653 342.3077 176.8782 161.6434 -15.2369 -156.7606 100.0000 stroke15
movl 0 -42.9910 343.8499 176.3478 162.6221 -15.4564 -156.8870 100.0000 stroke15
movl 0 -44.0245 345.0723 175.7370 163.0020 -15.2242 -156.7884 100.0000 stroke15
movl 0 -47.4949 344.1290 175.0636 162.9447 -13.3996 -156.3223 100.0000 stroke15
movl 0 -50.3187 342.8290 175.0237 163.1509 -11.7050 -155.6515 100.0000 stroke15
movl 0 -53.1628 341.0830 175.1222 162.9392 -10.2187 -155.6538 100.0000 stroke15
movl 0 -55.5377 340.2074 175.0646 163.0051 -8.9513 -156.1586 100.0000 stroke15
movl 0 -56.4622 340.2228 175.1707 163.2291 -8.1189 -157.0326 100.0000 stroke15
movl 0 -56.3050 340.2435 175.3674 163.3435 -7.7163 -157.9148 100.0000 stroke15
movl 0 -56.7492 340.6463 175.3471 163.6950 -7.2463 -158.8390 100.0000 stroke15
movl 0 -56.8775 341.3609 175.3767 164.1210 -6.8119 -160.2231 100.0000 stroke15
movl 0 -57.2748 341.7362 175.3679 164.3677 -6.3993 -161.3298 100.0000 stroke15
movl 0 -55.1812 339.0830 176.1514 162.8258 -7.0484 -160.0999 100.0000 stroke15
movl 0 -53.2225 337.9528 176.6239 161.9882 -7.4680 -159.9696 100.0000 stroke15
movl 0 -52.5728 337.7621 176.7945 161.8289 -7.5452 -160.1036 100.0000 stroke15
movl 0 -53.1517 338.6828 176.7773 162.6312 -7.5878 -160.3392 100.0000 stroke15
movl 0 -53.6761 339.8053 176.9761 163.7730 -7.6723 -160.8881 100.0000 stroke15
movl 0 -53.7811 340.9079 177.0924 164.7444 -7.8700 -161.5007 100.0000 stroke15
movl 0 -53.8368 341.1692 176.9738 164.9708 -8.1435 -161.2112 100.0000 stroke15
movl 0 -53.1630 340.6191 176.8713 164.4617 -8.7144 -160.0150 100.0000 stroke15
movl 0 -50.3599 340.0893 177.1991 163.6607 -9.6724 -159.4828 100.0000 stroke15
movl 0 -47.2303 338.9605 177.8443 162.6152 -10.4546 -159.1071 100.0000 stroke15
movl 0 -47.4118 337.5472 177.9383 161.9392 -10.0686 -158.5752 100.0000 stroke15
movl 0 -47.3781 337.0109 179.1052 160.9704 -8.9795 -158.3342 100.0000 stroke15
movl 0 -47.2247 330.1637 220.0035 156.0993 -6.7311 -157.2335 100.0000 stroke15
