movl 0 -44.5571 399.4676 178.2004 171.8542 31.0283 -45.8363 100.0000 stroke1
movl 0 -40.7873 403.7059 176.2895 169.3228 28.4259 -51.0256 100.0000 stroke1
movl 0 -37.3125 404.7869 175.6848 166.9836 27.4079 -54.2580 100.0000 stroke1
movl 0 -47.3215 400.0159 176.2913 169.2796 26.3862 -53.2126 100.0000 stroke1
movl 0 -51.4447 400.5121 176.3455 169.1906 24.4589 -54.1353 100.0000 stroke1
movl 0 -56.6557 395.9418 176.9375 172.2043 24.0090 -48.4823 100.0000 stroke1
movl 0 -60.0004 393.7088 175.8987 174.1522 23.8671 -43.5106 100.0000 stroke1
movl 0 -64.1423 393.9730 174.8101 175.0682 22.1500 -42.6822 100.0000 stroke1
movl 0 -67.9378 394.0339 174.8674 175.7945 20.3605 -43.7918 100.0000 stroke1
movl 0 -69.8445 393.7350 174.9771 176.1730 19.3340 -44.4953 100.0000 stroke1
movl 0 -70.9125 393.1309 175.1712 176.5319 19.1127 -44.8726 100.0000 stroke1
movl 0 -71.5193 393.3846 175.1209 176.8566 18.8487 -45.5752 100.0000 stroke1
movl 0 -70.9236 394.1513 175.2092 177.1613 18.3983 -46.7892 100.0000 stroke1
movl 0 -69.2013 395.1839 175.3095 177.2163 18.0571 -48.2723 100.0000 stroke1
movl 0 -67.1853 396.7324 175.2356 177.3016 17.4944 -50.1896 100.0000 stroke1
movl 0 -64.5709 399.6156 174.8930 177.3980 16.5703 -52.9206 100.0000 stroke1
movl 0 -63.3869 400.0663 174.8465 177.4207 16.5933 -53.5802 100.0000 stroke1
movl 0 -61.4689 397.2194 175.7105 177.4645 18.2619 -53.1767 100.0000 stroke1
movl 0 -60.5691 396.0656 176.1175 177.5699 18.8912 -53.2192 100.0000 stroke1
movl 0 -60.2263 395.5847 176.2938 177.6504 18.9923 -53.2664 100.0000 stroke1
movl 0 -60.8003 395.5846 176.1648 177.5820 18.4993 -53.2681 100.0000 stroke1
movl 0 -61.4556 396.1662 176.2080 177.3984 17.5204 -53.6484 100.0000 stroke1
movl 0 -61.3262 396.3037 176.1993 177.2892 17.1045 -53.8124 100.0000 stroke1
movl 0 -61.2146 395.7289 176.1084 177.2553 16.8591 -53.7051 100.0000 stroke1
movl 0 -60.7368 395.0597 176.1680 177.0367 17.1768 -53.2182 100.0000 stroke1
movl 0 -59.4755 394.9698 175.9303 175.9871 18.0191 -52.1452 100.0000 stroke1
movl 0 -58.9977 395.0337 175.8043 175.3757 18.4215 -51.6504 100.0000 stroke1
movl 0 -58.1082 395.0725 175.7763 174.7670 18.8650 -51.4269 100.0000 stroke1
movl 0 -56.9439 393.4084 176.4035 174.2774 19.8654 -50.9579 100.0000 stroke1
movl 0 -45.8309 386.5822 184.2046 172.1681 27.5752 -50.5816 100.0000 stroke1
movl 0 -42.1761 372.1931 238.1624 -174.8901 41.7810 -29.3652 100.0000 stroke1
movl 0 -23.6915 400.1642 185.3267 -169.6001 34.1145 -6.3724 100.0000 stroke2
movl 0 -29.8864 392.3271 168.1047 -163.8684 29.8378 -2.8076 100.0000 stroke2
movl 0 -36.7004 392.3291 167.2872 -162.4404 26.8288 -1.8419 100.0000 stroke2
movl 0 -38.6291 393.2176 166.7105 -162.3491 26.2207 -1.8295 100.0000 stroke2
movl 0 -40.5599 394.5033 165.5080 -162.3450 25.7981 -2.2332 100.0000 stroke2
movl 0 -43.7048 399.2802 164.9118 -167.6487 24.8782 -9.0721 100.0000 stroke2
movl 0 -42.2241 403.5115 165.1924 -173.2849 25.1651 -16.8270 100.0000 stroke2
movl 0 -42.8615 404.0548 165.6070 -176.5305 25.3213 -21.2636 100.0000 stroke2
movl 0 -42.3662 404.4845 166.0909 -179.2770 25.3327 -25.7058 100.0000 stroke2
movl 0 -42.0485 403.9488 166.5737 178.5704 25.2554 -29.5791 100.0000 stroke2
movl 0 -42.0057 403.5193 167.0740 176.7960 24.7044 -31.8313 100.0000 stroke2
movl 0 -41.9758 403.1691 167.6951 175.2340 23.9865 -33.7226 100.0000 stroke2
movl 0 -42.3963 402.3922 168.3752 174.0890 23.3280 -34.9442 100.0000 stroke2
movl 0 -42.8922 401.4857 169.0913 172.5667 22.4622 -36.7577 100.0000 stroke2
movl 0 -44.1765 401.4346 169.9166 170.3107 20.7118 -39.6473 100.0000 stroke2
movl 0 -44.6212 401.5243 170.3975 168.5551 19.3157 -42.4999 100.0000 stroke2
movl 0 -45.6488 400.9671 170.8101 167.2982 18.0140 -44.1162 100.0000 stroke2
movl 0 -46.2693 400.5400 171.2134 165.7891 16.2730 -46.4311 100.0000 stroke2
movl 0 -47.3893 399.9363 171.5068 164.3756 14.1185 -49.1610 100.0000 stroke2
movl 0 -48.7088 399.1920 171.5955 163.3126 12.1804 -51.1227 100.0000 stroke2
movl 0 -50.7671 398.8472 171.6685 162.6191 9.9961 -52.6493 100.0000 stroke2
movl 0 -52.4505 398.7877 171.7095 161.9808 7.9717 -53.9406 100.0000 stroke2
movl 0 -54.0012 398.5126 171.7468 161.5794 6.3101 -54.7712 100.0000 stroke2
movl 0 -55.9564 398.0579 171.6956 161.3574 5.1489 -54.3334 100.0000 stroke2
movl 0 -55.1312 397.3586 172.1303 161.3155 5.5634 -54.3007 100.0000 stroke2
movl 0 -50.6450 395.7587 173.2715 161.3812 7.7544 -54.4407 100.0000 stroke2
movl 0 -49.8618 395.2736 173.4400 161.4595 8.0444 -54.6509 100.0000 stroke2
movl 0 -49.4881 395.0789 173.5227 161.3452 8.0569 -54.7549 100.0000 stroke2
movl 0 -49.8973 395.1914 173.4752 161.0997 7.5114 -54.7659 100.0000 stroke2
movl 0 -49.2854 394.9073 173.7056 160.9933 7.6043 -54.9904 100.0000 stroke2
movl 0 -50.8308 394.7087 173.4150 160.9327 6.7722 -54.3101 100.0000 stroke2
movl 0 -51.2277 394.3060 173.4821 161.1055 6.8541 -54.0443 100.0000 stroke2
movl 0 -50.9140 393.5877 173.7584 161.3202 7.2946 -53.9305 100.0000 stroke2
movl 0 -43.5942 386.3054 176.3831 162.2961 13.3979 -54.2589 100.0000 stroke2
movl 0 -42.3795 382.7964 176.6398 163.9963 15.8040 -53.9190 100.0000 stroke2
movl 0 -46.2848 384.3369 175.2199 164.0046 14.1956 -52.9191 100.0000 stroke2
movl 0 -51.6594 385.4921 173.6421 163.5908 12.5623 -50.1560 100.0000 stroke2
movl 0 -51.1514 385.9106 173.1546 163.2954 12.7673 -49.4859 100.0000 stroke2
movl 0 -49.5825 385.4632 173.3160 163.0868 13.7217 -49.5457 100.0000 stroke2
movl 0 -48.7286 385.2126 173.4122 162.9294 14.2378 -49.5492 100.0000 stroke2
movl 0 -46.5408 384.2392 173.9969 162.7037 15.2915 -49.7546 100.0000 stroke2
movl 0 -40.3551 383.4927 175.3059 161.8791 17.3852 -50.8533 100.0000 stroke2
movl 0 -28.8805 378.7734 178.8621 161.8105 24.4762 -52.9465 100.0000 stroke2
movl 0 -17.2032 367.0074 204.0018 169.6342 42.2452 -47.0166 100.0000 stroke2
movl 0 -20.7864 388.6017 197.2168 154.6670 30.3915 -60.0022 100.0000 stroke3
movl 0 -26.2189 385.2903 173.9850 155.3816 25.7580 -62.3354 100.0000 stroke3
movl 0 -34.9394 384.2183 175.6309 157.0982 22.3774 -63.1705 100.0000 stroke3
movl 0 -38.8156 388.5825 173.8780 155.9473 18.2648 -64.0326 100.0000 stroke3
movl 0 -45.0199 390.0105 171.4055 156.1284 16.3713 -63.6368 100.0000 stroke3
movl 0 -50.1233 390.0925 170.3031 157.0171 15.9805 -63.1709 100.0000 stroke3
movl 0 -55.7682 388.2656 170.1260 160.0613 14.6766 -63.5495 100.0000 stroke3
movl 0 -60.2285 386.0493 170.9796 162.2811 13.9802 -63.8240 100.0000 stroke3
movl 0 -62.3699 385.9789 171.6796 163.2570 12.3898 -64.5822 100.0000 stroke3
movl 0 -65.1108 384.1254 172.1799 164.5073 12.6685 -64.8697 100.0000 stroke3
movl 0 -65.2329 384.7126 172.1467 164.8963 12.6644 -65.7954 100.0000 stroke3
movl 0 -63.4181 386.3578 172.2781 164.9015 12.5416 -67.1040 100.0000 stroke3
movl 0 -60.2517 388.2989 172.4840 164.7202 12.4339 -68.2875 100.0000 stroke3
movl 0 -56.0867 390.1780 172.9767 164.3772 12.5979 -69.5397 100.0000 stroke3
movl 0 -50.4192 391.8231 173.8631 163.9426 13.2094 -71.3395 100.0000 stroke3
movl 0 -33.9873 392.1562 182.2960 161.8936 17.3688 -74.4094 100.0000 stroke3
movl 0 -18.9466 393.9122 220.3127 163.7176 26.1637 -71.5400 100.0000 stroke3
movl 0 -2.6677 389.2067 214.8109 164.2279 30.8814 -57.4155 100.0000 stroke4
movl 0 -11.8820 380.8469 175.6811 165.1244 27.4132 -57.5911 100.0000 stroke4
movl 0 -10.7201 384.3798 173.1393 163.3700 26.0502 -58.9920 100.0000 stroke4
movl 0 -16.7838 385.4941 171.4675 164.7925 25.3176 -58.3955 100.0000 stroke4
movl 0 -19.8289 387.3576 170.1129 165.2593 24.6600 -57.6904 100.0000 stroke4
movl 0 -24.6988 390.0913 169.4862 165.3740 21.5337 -58.2496 100.0000 stroke4
movl 0 -25.9780 392.2698 169.5868 164.5083 18.4518 -60.5077 100.0000 stroke4
movl 0 -26.4505 393.6956 169.9251 163.7431 16.3427 -62.1335 100.0000 stroke4
movl 0 -27.0971 395.8933 170.3016 162.7133 13.5842 -64.0612 100.0000 stroke4
movl 0 -27.8355 397.7316 170.5964 161.9108 10.7691 -65.9477 100.0000 stroke4
movl 0 -28.8927 399.0925 170.7094 161.2623 8.0107 -67.6152 100.0000 stroke4
movl 0 -30.3272 397.2125 171.3300 161.4412 7.6215 -67.6871 100.0000 stroke4
movl 0 -27.6564 395.3766 172.1313 161.4462 9.4015 -68.2060 100.0000 stroke4
movl 0 -27.1097 395.3401 172.0798 161.4627 9.3261 -68.4071 100.0000 stroke4
movl 0 -27.5190 395.7164 171.9733 161.3380 8.4150 -68.3870 100.0000 stroke4
movl 0 -27.7486 394.5647 172.3072 161.4663 8.2284 -68.0738 100.0000 stroke4
movl 0 -27.2796 393.7874 172.5186 161.3824 8.3806 -68.0094 100.0000 stroke4
movl 0 -27.4168 391.2841 173.3752 162.2828 10.5028 -67.3824 100.0000 stroke4
movl 0 -27.8417 373.4260 190.0631 173.7466 29.2276 -51.7722 100.0000 stroke4
movl 0 0.8716 379.5365 197.7364 -172.7301 33.8479 -18.6348 100.0000 stroke5
movl 0 -12.4726 374.0105 172.0387 -177.1309 30.1606 -26.6069 100.0000 stroke5
movl 0 -20.6018 372.3943 172.4070 -175.7278 28.0922 -24.7731 100.0000 stroke5
movl 0 -21.7112 373.4505 172.1955 -175.5899 27.4856 -22.9862 100.0000 stroke5
movl 0 -24.0525 373.7840 171.5157 -175.6156 27.2169 -22.6147 100.0000 stroke5
movl 0 -27.9642 374.9580 171.1929 -176.1277 25.2751 -24.8068 100.0000 stroke5
movl 0 -33.6441 373.3789 171.8920 -175.4981 22.5214 -26.3638 100.0000 stroke5
movl 0 -35.9129 372.6428 171.9043 -174.9105 21.6794 -27.4848 100.0000 stroke5
movl 0 -33.0244 374.4541 172.0218 -175.4525 21.2910 -30.3338 100.0000 stroke5
movl 0 -28.5946 377.3215 172.2592 -176.4470 20.7316 -34.3217 100.0000 stroke5
movl 0 -21.0220 382.5650 172.3316 -178.2644 19.8566 -40.6925 100.0000 stroke5
movl 0 -12.8117 385.8412 172.4401 178.8163 20.4062 -44.4073 100.0000 stroke5
movl 0 -3.8195 391.6689 171.2680 173.8693 20.4652 -49.3400 100.0000 stroke5
movl 0 2.4512 400.8146 169.3567 168.1364 16.6022 -56.3813 100.0000 stroke5
movl 0 10.1486 408.6032 166.8241 163.0575 14.3312 -59.9299 100.0000 stroke5
movl 0 11.3099 411.9306 165.7802 160.6633 12.6222 -60.9565 100.0000 stroke5
movl 0 9.5143 412.7847 165.9707 159.7213 11.0079 -61.2883 100.0000 stroke5
movl 0 8.2496 412.9581 166.1095 158.9389 9.6362 -61.6713 100.0000 stroke5
movl 0 6.7337 412.8265 166.4080 158.4299 8.5235 -61.7515 100.0000 stroke5
movl 0 5.1118 412.3219 166.5941 157.9835 7.6769 -61.5213 100.0000 stroke5
movl 0 2.8349 411.6193 166.6699 157.8398 6.9459 -60.8920 100.0000 stroke5
movl 0 0.4949 410.4007 166.8824 157.8341 6.6267 -59.9953 100.0000 stroke5
movl 0 1.6298 408.0185 167.8823 158.2849 8.1214 -59.9448 100.0000 stroke5
movl 0 3.6385 406.3788 168.4571 158.6925 9.3285 -60.2991 100.0000 stroke5
movl 0 2.9529 406.9557 168.2251 158.5208 8.6888 -60.2142 100.0000 stroke5
movl 0 1.5094 407.0317 168.2099 158.3829 7.9640 -59.7302 100.0000 stroke5
movl 0 3.6655 404.5868 169.3242 158.7062 9.6755 -59.9279 100.0000 stroke5
movl 0 1.7391 405.0553 169.0072 158.7949 8.7321 -59.5146 100.0000 stroke5
movl 0 2.4658 402.5582 170.1354 159.5267 10.4259 -59.6992 100.0000 stroke5
movl 0 5.2281 395.7118 173.9423 160.6481 15.2384 -59.0443 100.0000 stroke5
movl 0 5.0865 387.3808 208.2969 167.0889 28.6148 -50.4734 100.0000 stroke5
movl 0 6.4945 404.6019 194.4919 174.8599 34.2709 -32.6642 100.0000 stroke6
movl 0 -1.3411 398.7254 171.2826 176.2884 31.7701 -33.0056 100.0000 stroke6
movl 0 -6.1682 399.5646 170.0016 179.0504 30.1639 -31.1892 100.0000 stroke6
movl 0 -6.8115 400.5486 169.1803 179.4244 30.0201 -30.7241 100.0000 stroke6
movl 0 -9.9062 402.9365 167.8475 179.6000 28.7786 -30.8882 100.0000 stroke6
movl 0 -14.9976 407.9959 167.0502 177.5792 25.1114 -33.6369 100.0000 stroke6
movl 0 -13.6809 411.1972 166.6616 174.9774 23.3888 -37.5240 100.0000 stroke6
movl 0 -12.9206 412.5699 166.7376 172.6558 22.8150 -39.3995 100.0000 stroke6
movl 0 -11.7366 413.4293 167.5278 169.8225 21.3826 -42.1644 100.0000 stroke6
movl 0 -11.4004 414.8634 168.1490 166.8564 19.3908 -45.4364 100.0000 stroke6
movl 0 -11.9407 415.6681 168.6436 165.0503 17.4148 -48.0562 100.0000 stroke6
movl 0 -12.9317 416.6080 168.9484 163.6647 15.4229 -49.9479 100.0000 stroke6
movl 0 -13.5401 417.1268 169.1423 162.3736 13.7218 -51.5173 100.0000 stroke6
movl 0 -14.3286 417.4666 169.3390 161.4004 12.0251 -53.3988 100.0000 stroke6
movl 0 -15.2626 417.5732 169.4510 160.6020 10.4359 -54.4943 100.0000 stroke6
movl 0 -16.3908 417.3855 169.4625 159.9369 8.7759 -54.8719 100.0000 stroke6
movl 0 -16.7149 416.2117 169.5967 159.6393 8.0769 -55.3080 100.0000 stroke6
movl 0 -14.9900 415.7332 170.0012 159.4190 8.5993 -55.6659 100.0000 stroke6
movl 0 -15.5872 414.7040 170.2393 159.6894 8.4370 -55.6783 100.0000 stroke6
movl 0 -13.2577 414.6389 170.4766 159.3925 9.2812 -56.1056 100.0000 stroke6
movl 0 -15.5860 414.3859 170.3847 159.4841 8.2033 -55.4112 100.0000 stroke6
movl 0 -15.0780 414.4022 170.3808 159.3691 8.3764 -55.4799 100.0000 stroke6
movl 0 -15.6084 410.1904 171.9870 160.8634 10.3642 -55.4903 100.0000 stroke6
movl 0 -4.8706 391.4975 188.5130 167.2033 26.0685 -51.2453 100.0000 stroke6
movl 0 -3.4355 370.9328 201.6251 178.1720 33.4096 -31.9897 100.0000 stroke7
movl 0 -11.6592 371.4126 179.9648 173.2764 27.6933 -39.1140 100.0000 stroke7
movl 0 -24.9988 367.5995 178.3983 176.5253 23.8779 -39.0882 100.0000 stroke7
movl 0 -28.7113 367.3873 176.6279 177.5939 23.7342 -39.4412 100.0000 stroke7
movl 0 -32.4553 368.8467 175.2605 177.2730 22.8753 -38.9554 100.0000 stroke7
movl 0 -32.3898 370.2997 174.7567 176.7802 22.5460 -39.4844 100.0000 stroke7
movl 0 -34.3821 371.3086 174.4951 177.3186 21.1926 -40.6303 100.0000 stroke7
movl 0 -36.5418 370.9220 174.5959 177.8705 20.3977 -41.3635 100.0000 stroke7
movl 0 -38.7008 370.3638 174.7598 178.5989 19.8460 -41.9369 100.0000 stroke7
movl 0 -38.8775 370.8139 174.7114 179.0246 19.2447 -43.2747 100.0000 stroke7
movl 0 -38.2094 372.1377 174.6459 179.1975 18.4220 -45.6390 100.0000 stroke7
movl 0 -36.2869 374.8866 174.4131 179.0052 17.3136 -48.7501 100.0000 stroke7
movl 0 -34.7475 372.6766 175.1621 179.0482 18.5117 -48.2709 100.0000 stroke7
movl 0 -32.1987 372.2530 175.6163 178.6865 19.2398 -48.4103 100.0000 stroke7
movl 0 -33.1705 373.2321 175.7275 178.0902 17.8201 -48.6380 100.0000 stroke7
movl 0 -32.1164 373.8359 175.6550 177.7007 17.5806 -48.9900 100.0000 stroke7
movl 0 -25.7529 370.0733 176.6707 175.2961 22.9899 -43.2297 100.0000 stroke7
movl 0 -28.7176 344.8040 240.7236 -170.4450 37.2823 -22.2227 100.0000 stroke7
movl 0 -6.8198 366.2808 185.1147 -179.0636 31.0480 -25.9165 100.0000 stroke8
movl 0 -19.3232 359.8097 179.4446 -177.8159 28.3658 -26.9303 100.0000 stroke8
movl 0 -27.8689 358.5358 177.9413 -177.2589 25.1831 -28.0922 100.0000 stroke8
movl 0 -28.7250 362.6829 177.4447 179.9192 23.5939 -30.5841 100.0000 stroke8
movl 0 -32.4617 363.3773 176.6557 179.5573 21.8401 -30.3954 100.0000 stroke8
movl 0 -33.8789 364.9089 175.9187 179.0947 21.3099 -30.9261 100.0000 stroke8
movl 0 -37.3065 366.8187 175.4886 178.5926 19.5309 -32.9345 100.0000 stroke8
movl 0 -39.4154 365.8001 175.7900 179.4259 18.9851 -33.4395 100.0000 stroke8
movl 0 -38.9629 366.4786 175.7754 179.3860 18.4045 -35.0865 100.0000 stroke8
movl 0 -37.2853 367.6730 176.0171 179.1588 17.7207 -37.2305 100.0000 stroke8
movl 0 -35.6274 368.8523 176.3029 179.0491 16.9383 -39.7439 100.0000 stroke8
movl 0 -34.0626 370.7760 176.5362 178.9701 15.8325 -43.0088 100.0000 stroke8
movl 0 -31.7933 373.2915 176.4176 178.5626 14.8541 -45.7725 100.0000 stroke8
movl 0 -33.8711 369.9197 177.2952 179.6224 15.7832 -44.7509 100.0000 stroke8
movl 0 -33.4029 371.2647 176.9270 179.3057 14.5244 -45.5492 100.0000 stroke8
movl 0 -35.4373 371.3434 176.6747 179.6515 13.7441 -45.5818 100.0000 stroke8
movl 0 -36.3177 371.5227 176.5340 179.6858 13.4816 -45.4563 100.0000 stroke8
movl 0 -26.9208 369.4732 178.4637 178.1591 18.3943 -42.8793 100.0000 stroke8
movl 0 -21.5874 364.0676 237.5798 -178.4598 25.5969 -39.2826 100.0000 stroke8
