movl 0 -41.3177 397.8250 171.8894 154.5633 -13.8312 -149.6568 100.0000 stroke1
movl 0 -44.3479 397.8747 171.5787 155.2922 -12.6402 -149.4354 100.0000 stroke1
movl 0 -43.5270 399.6358 170.5057 155.3059 -11.9952 -147.3058 100.0000 stroke1
movl 0 -43.6222 400.0313 170.0821 155.4593 -11.4692 -146.3658 100.0000 stroke1
movl 0 -45.2915 402.0716 169.5243 157.1115 -11.6966 -147.7225 100.0000 stroke1
movl 0 -46.8003 404.7320 169.4689 159.7081 -12.5432 -150.3838 100.0000 stroke1
movl 0 -47.6544 407.2635 169.3630 162.0023 -13.4334 -152.8277 100.0000 stroke1
movl 0 -46.6179 408.8718 169.2535 163.3007 -14.2554 -154.9352 100.0000 stroke1
movl 0 -47.3013 408.9131 169.4665 163.7224 -14.7322 -155.3386 100.0000 stroke1
movl 0 -47.8494 408.6996 169.7427 164.3566 -15.1369 -156.4452 100.0000 stroke1
movl 0 -48.5573 408.3597 169.8504 164.8901 -15.3896 -157.3569 100.0000 stroke1
movl 0 -49.0048 408.2288 170.0082 165.2933 -15.7803 -157.8954 100.0000 stroke1
movl 0 -49.0599 408.0038 170.2556 165.8066 -16.1793 -158.5877 100.0000 stroke1
movl 0 -49.7650 407.4695 170.5239 166.1431 -16.3216 -158.9618 100.0000 stroke1
movl 0 -50.2699 407.0143 170.7186 166.5874 -16.6503 -159.2228 100.0000 stroke1
movl 0 -50.3992 406.5205 170.9438 166.8735 -16.9452 -159.5504 100.0000 stroke1
movl 0 -51.1017 405.6253 171.2023 167.1456 -17.1197 -159.6398 100.0000 stroke1
movl 0 -51.6139 404.4826 171.4421 167.3788 -17.4099 -159.6028 100.0000 stroke1
movl 0 -52.2360 403.4801 171.7035 167.5746 -17.5837 -159.5535 100.0000 stroke1
movl 0 -53.2668 402.3528 171.9491 167.8208 -17.7351 -159.5454 100.0000 stroke1
movl 0 -54.5667 400.7319 172.2949 167.8265 -17.8206 -159.0378 100.0000 stroke1
movl 0 -56.5661 398.8216 172.6364 167.7999 -17.7139 -158.4375 100.0000 stroke1
movl 0 -57.9777 397.2301 172.9748 167.7616 -17.7963 -157.9999 100.0000 stroke1
movl 0 -59.3366 396.0191 173.1317 167.7353 -17.9227 -157.4618 100.0000 stroke1
movl 0 -60.8837 394.2883 173.5103 167.4636 -17.9282 -156.7738 100.0000 stroke1
movl 0 -61.9215 393.3377 173.7073 167.3880 -18.0317 -156.3160 100.0000 stroke1
movl 0 -63.1735 393.0017 173.7094 167.5132 -18.0118 -156.0604 100.0000 stroke1
movl 0 -63.9165 392.5906 173.6739 167.5139 -18.0976 -155.7968 100.0000 stroke1
movl 0 -64.2465 392.3406 173.6825 167.4580 -18.2695 -155.6088 100.0000 stroke1
movl 0 -63.9435 391.8699 173.9175 167.2267 -18.6524 -155.5009 100.0000 stroke1
movl 0 -63.1159 390.4509 174.9141 166.4622 -19.2202 -155.1547 100.0000 stroke1
movl 0 -55.8927 383.0224 183.8338 161.3874 -22.7131 -153.5126 100.0000 stroke1
movl 0 -51.8833 360.9776 243.6933 147.5789 -24.4286 -145.4443 100.0000 stroke1
movl 0 -29.4480 403.4497 199.4499 149.0956 -29.6771 -155.1347 100.0000 stroke2
movl 0 -27.8132 391.9900 164.7835 141.9188 -23.7145 -149.2927 100.0000 stroke2
movl 0 -32.4211 392.2076 165.8955 149.3917 -22.0345 -153.4418 100.0000 stroke2
movl 0 -35.0311 405.3636 174.7999 165.3352 -22.9454 -167.2434 100.0000 stroke2
movl 0 -39.9408 404.3000 176.1343 168.0676 -20.9813 -171.9067 100.0000 stroke2
movl 0 -44.2164 404.0750 175.3860 168.4551 -20.0305 -173.2941 100.0000 stroke2
movl 0 -46.7099 405.2990 174.8521 169.5255 -19.0998 -175.0819 100.0000 stroke2
movl 0 -50.6548 406.3288 175.3126 171.1836 -17.0316 -178.1786 100.0000 stroke2
movl 0 -53.7272 407.7568 175.9651 173.1072 -14.9556 178.0371 100.0000 stroke2
movl 0 -57.3602 409.2046 176.1230 174.7740 -12.3533 173.6540 100.0000 stroke2
movl 0 -59.3095 412.4333 175.9539 176.9953 -10.2861 168.9256 100.0000 stroke2
movl 0 -57.1361 409.8109 177.0514 176.0587 -11.2214 168.1592 100.0000 stroke2
movl 0 -55.4930 410.3793 177.5131 176.7174 -11.4392 167.8019 100.0000 stroke2
movl 0 -55.7511 410.8388 177.9419 177.8044 -11.0336 167.4807 100.0000 stroke2
movl 0 -54.8182 410.4974 177.5641 177.4648 -12.0629 169.6105 100.0000 stroke2
movl 0 -52.3884 408.1423 177.6225 175.8219 -13.9852 173.3734 100.0000 stroke2
movl 0 -51.3139 408.0532 177.5909 175.7504 -14.6295 173.9277 100.0000 stroke2
movl 0 -49.9581 407.2677 177.6929 175.1653 -15.3657 175.0722 100.0000 stroke2
movl 0 -45.2205 403.4489 179.1686 173.0433 -17.4042 177.3499 100.0000 stroke2
movl 0 -28.7284 391.7760 198.3363 161.0641 -22.4593 -169.0225 100.0000 stroke2
movl 0 -23.5779 388.1156 231.4726 149.0368 -21.8404 -136.7753 100.0000 stroke3
movl 0 -30.1739 386.3887 179.4552 155.3860 -18.9525 -142.2207 100.0000 stroke3
movl 0 -39.4101 383.1921 176.7368 157.0423 -14.9039 -142.6161 100.0000 stroke3
movl 0 -45.8814 382.8655 175.1371 157.9237 -12.8811 -142.5038 100.0000 stroke3
movl 0 -47.6320 384.8110 174.6728 158.9321 -12.8501 -142.2230 100.0000 stroke3
movl 0 -47.8110 386.2771 174.0710 159.2776 -12.8816 -142.3484 100.0000 stroke3
movl 0 -51.8554 386.4613 174.1393 160.9196 -11.4618 -143.7855 100.0000 stroke3
movl 0 -55.8201 384.9746 174.4330 161.7545 -9.8788 -144.9690 100.0000 stroke3
movl 0 -56.0565 385.1628 174.5124 162.2780 -9.2283 -146.7219 100.0000 stroke3
movl 0 -56.0565 386.0280 174.5422 163.1414 -8.5755 -149.1592 100.0000 stroke3
movl 0 -55.1710 387.4579 174.3883 163.8598 -8.0265 -151.7110 100.0000 stroke3
movl 0 -54.1622 385.9461 174.9260 163.1289 -8.1574 -151.7479 100.0000 stroke3
movl 0 -52.4004 384.9069 175.3842 162.3592 -8.6211 -151.6883 100.0000 stroke3
movl 0 -53.7787 385.9013 175.6089 163.7011 -8.4742 -152.2106 100.0000 stroke3
movl 0 -54.0692 386.5582 175.3769 164.1502 -8.7880 -152.4435 100.0000 stroke3
movl 0 -54.1343 386.2978 175.2434 164.0057 -9.2565 -152.0226 100.0000 stroke3
movl 0 -50.3038 380.9286 178.0531 161.3128 -10.9774 -149.9568 100.0000 stroke3
movl 0 -51.6051 351.5400 229.4336 149.9314 -9.7626 -142.6137 100.0000 stroke3
movl 0 -30.8619 371.6998 204.7349 158.9982 -26.0047 -155.8727 100.0000 stroke4
movl 0 -43.0072 369.6152 179.0648 162.0806 -21.3019 -158.3162 100.0000 stroke4
movl 0 -49.9405 369.4998 176.5767 163.1198 -18.7224 -158.8255 100.0000 stroke4
movl 0 -51.2836 370.9281 174.6600 163.2321 -18.6458 -158.9335 100.0000 stroke4
movl 0 -52.3431 373.1138 173.2229 163.8444 -18.7174 -159.0956 100.0000 stroke4
movl 0 -54.4377 374.0086 172.7599 164.9387 -17.9765 -160.1253 100.0000 stroke4
movl 0 -58.6615 372.9550 173.0251 165.7737 -15.9064 -161.4394 100.0000 stroke4
movl 0 -62.1513 371.6285 173.2892 165.8273 -14.3871 -162.0556 100.0000 stroke4
movl 0 -62.1854 371.9158 173.4801 166.1310 -13.8185 -163.3870 100.0000 stroke4
movl 0 -60.8024 372.8175 173.7780 166.6131 -13.3366 -165.3113 100.0000 stroke4
movl 0 -57.5259 374.6141 174.0016 167.1709 -13.0713 -167.4020 100.0000 stroke4
movl 0 -53.7926 376.5893 174.0539 167.7571 -12.5780 -169.8862 100.0000 stroke4
movl 0 -51.5222 378.0042 174.0217 168.1332 -12.4275 -171.2112 100.0000 stroke4
movl 0 -48.9461 375.5790 175.1046 166.7202 -13.3298 -170.1101 100.0000 stroke4
movl 0 -49.0496 376.4843 175.2503 167.7686 -13.0108 -170.5682 100.0000 stroke4
movl 0 -49.2579 376.3700 175.2345 167.8820 -12.9933 -170.5027 100.0000 stroke4
movl 0 -49.4360 376.0960 175.0594 167.7583 -13.8159 -169.4414 100.0000 stroke4
movl 0 -43.2526 368.6353 179.8753 164.2050 -17.1857 -167.0043 100.0000 stroke4
movl 0 -37.7264 352.3284 211.8828 154.4910 -18.9521 -159.4774 100.0000 stroke4
movl 0 -22.1919 376.5354 183.1787 151.3281 -19.9357 -143.0570 100.0000 stroke5
movl 0 -21.9922 375.0746 174.1736 151.6971 -17.7910 -143.0239 100.0000 stroke5
movl 0 -29.5789 376.7792 169.7772 154.1093 -15.0253 -141.5984 100.0000 stroke5
movl 0 -31.0655 377.8609 169.9595 154.8561 -14.2859 -141.7852 100.0000 stroke5
movl 0 -31.7576 377.7330 169.2550 154.8427 -14.0256 -142.2790 100.0000 stroke5
movl 0 -35.2203 378.8719 168.3116 155.9341 -13.5668 -143.2842 100.0000 stroke5
movl 0 -37.0796 381.8459 168.1662 159.1331 -14.5644 -147.9552 100.0000 stroke5
movl 0 -37.6226 383.4254 167.9923 161.2236 -16.1008 -150.8821 100.0000 stroke5
movl 0 -37.7093 384.2746 168.0530 162.4877 -17.1024 -152.7426 100.0000 stroke5
movl 0 -37.8959 384.6891 168.2352 163.2698 -17.5560 -153.9828 100.0000 stroke5
movl 0 -34.2945 380.6162 168.7811 159.7976 -18.1215 -152.8581 100.0000 stroke5
movl 0 -34.2536 380.1236 168.0823 158.8150 -17.9041 -151.8368 100.0000 stroke5
movl 0 -36.9029 382.4440 167.1887 160.7202 -16.9538 -153.5830 100.0000 stroke5
movl 0 -37.7251 384.3949 167.5162 162.6024 -17.3454 -155.5231 100.0000 stroke5
movl 0 -38.4926 385.9900 167.7192 164.9644 -18.1668 -157.5954 100.0000 stroke5
movl 0 -38.8832 386.6792 168.4353 166.4133 -18.7720 -159.2564 100.0000 stroke5
movl 0 -39.4390 387.8317 168.8747 168.6161 -19.4772 -161.4306 100.0000 stroke5
movl 0 -40.0970 388.5433 169.3152 170.5479 -19.9681 -163.5567 100.0000 stroke5
movl 0 -40.7849 389.9705 169.5410 173.0260 -20.5390 -166.1160 100.0000 stroke5
movl 0 -41.7949 391.1400 169.7207 175.3640 -20.7810 -168.3699 100.0000 stroke5
movl 0 -42.7412 392.2923 169.9265 177.7833 -20.7802 -171.0763 100.0000 stroke5
movl 0 -43.8614 393.7484 169.9174 -179.4855 -20.5889 -173.9958 100.0000 stroke5
movl 0 -45.6645 395.8828 169.9460 -175.7753 -19.9561 -177.4683 100.0000 stroke5
movl 0 -45.5215 395.1631 170.5473 -175.3062 -19.8655 -178.8190 100.0000 stroke5
movl 0 -42.3635 394.2004 170.8609 -176.1270 -20.7438 -179.1834 100.0000 stroke5
movl 0 -43.9818 394.1531 171.2096 -175.2562 -20.1177 -179.7993 100.0000 stroke5
movl 0 -43.9474 394.4996 171.1069 -174.6667 -20.1534 -179.9623 100.0000 stroke5
movl 0 -43.8593 394.5166 171.1766 -174.7603 -20.1213 179.8435 100.0000 stroke5
movl 0 -44.1542 393.6061 171.3593 -175.0687 -20.0409 179.7146 100.0000 stroke5
movl 0 -43.6528 392.1839 171.7263 -175.9358 -20.2335 179.5341 100.0000 stroke5
movl 0 -39.6327 387.2392 173.8970 -178.8566 -21.7019 179.8236 100.0000 stroke5
movl 0 -22.0938 352.0885 202.3747 157.2014 -27.4733 -170.8567 100.0000 stroke5
movl 0 -30.9866 368.4085 190.3525 171.2563 -31.5603 178.5179 100.0000 stroke6
movl 0 -37.4425 367.2224 171.9773 175.6525 -27.7729 172.1390 100.0000 stroke6
movl 0 -46.1138 361.9139 172.9618 173.9487 -24.8187 172.2268 100.0000 stroke6
movl 0 -47.0323 362.2273 172.2811 174.1225 -24.4615 172.3909 100.0000 stroke6
movl 0 -50.1622 363.5184 171.5921 174.5856 -23.1069 173.1914 100.0000 stroke6
movl 0 -55.0885 364.9964 171.8595 175.7383 -20.1145 171.8781 100.0000 stroke6
movl 0 -58.3802 364.9610 172.0787 175.9797 -18.4178 171.0385 100.0000 stroke6
movl 0 -58.5283 365.8747 172.6048 177.0764 -17.5327 170.0890 100.0000 stroke6
movl 0 -59.3393 364.4043 172.8744 175.8931 -17.4579 170.7645 100.0000 stroke6
movl 0 -57.4156 364.4465 173.0517 175.6157 -17.8657 170.3249 100.0000 stroke6
movl 0 -56.4201 364.2093 173.3259 175.4338 -18.1343 170.2069 100.0000 stroke6
movl 0 -56.9497 362.9824 173.4311 175.4173 -18.3428 171.3462 100.0000 stroke6
movl 0 -53.8003 364.6501 173.6090 175.5786 -18.7790 169.8913 100.0000 stroke6
movl 0 -53.1890 364.0334 173.8817 175.4280 -19.0994 170.1200 100.0000 stroke6
movl 0 -43.4778 360.2142 177.8549 172.9441 -23.3339 173.9860 100.0000 stroke6
movl 0 -23.8481 345.5920 211.4293 153.4249 -27.7996 -165.4359 100.0000 stroke6
movl 0 -13.9928 384.2326 206.4251 164.7517 -28.9981 -161.5654 100.0000 stroke7
movl 0 -15.9055 376.1962 176.4600 167.7238 -25.2081 -165.9899 100.0000 stroke7
movl 0 -21.7719 375.6940 173.3399 168.6240 -22.9697 -167.7525 100.0000 stroke7
movl 0 -24.5497 375.3957 172.2079 168.3202 -22.2147 -167.8885 100.0000 stroke7
movl 0 -25.2791 375.3840 171.7296 168.0314 -22.0785 -167.9507 100.0000 stroke7
movl 0 -29.3349 378.0270 170.8757 170.3585 -20.3730 -170.2142 100.0000 stroke7
movl 0 -28.8125 382.6522 170.0361 173.4787 -20.4922 -172.4812 100.0000 stroke7
movl 0 -29.2817 383.4466 169.7247 174.2079 -20.7056 -172.5317 100.0000 stroke7
movl 0 -30.0619 383.1953 169.7212 174.6887 -21.0898 -171.8195 100.0000 stroke7
movl 0 -30.8039 382.6057 169.9275 174.9052 -21.4069 -170.9262 100.0000 stroke7
movl 0 -31.9534 381.2925 170.3485 174.6704 -21.5796 -169.7273 100.0000 stroke7
movl 0 -31.8961 379.7624 170.9559 174.0562 -22.2859 -168.1299 100.0000 stroke7
movl 0 -26.6129 369.7678 177.9024 166.5449 -25.6046 -161.5536 100.0000 stroke7
movl 0 -24.9294 340.3427 219.8493 143.7237 -18.6340 -141.6163 100.0000 stroke7
movl 0 -55.8624 348.7950 208.1264 152.1937 -0.6064 -113.1031 100.0000 stroke8
movl 0 -60.4132 343.7727 176.8489 156.5814 0.4317 -118.8189 100.0000 stroke8
movl 0 -69.1483 339.4759 177.5878 158.4107 2.5316 -119.4695 100.0000 stroke8
movl 0 -69.8019 340.7333 177.4432 158.8788 1.9555 -119.2223 100.0000 stroke8
movl 0 -71.5088 341.6511 176.6232 159.3711 1.7650 -118.6408 100.0000 stroke8
movl 0 -75.1783 343.2937 175.7644 161.2710 2.0985 -119.2080 100.0000 stroke8
movl 0 -78.3062 343.6579 175.8020 163.1750 2.1606 -117.4613 100.0000 stroke8
movl 0 -80.4253 342.5609 176.0708 163.6734 2.8101 -117.9141 100.0000 stroke8
movl 0 -80.3504 343.0062 176.2401 164.1500 3.1510 -119.0119 100.0000 stroke8
movl 0 -78.9300 344.5110 176.7177 164.7523 3.0832 -120.7357 100.0000 stroke8
movl 0 -77.3470 345.7991 177.0983 165.4291 3.2790 -122.4447 100.0000 stroke8
movl 0 -76.5924 347.2679 177.3298 166.3055 3.4880 -124.8780 100.0000 stroke8
movl 0 -76.2142 348.5002 177.4722 167.1521 3.9395 -126.8319 100.0000 stroke8
movl 0 -74.5673 350.9049 177.3615 168.1714 3.9167 -129.2560 100.0000 stroke8
movl 0 -73.5536 352.2546 177.1023 168.7938 4.0193 -130.8036 100.0000 stroke8
movl 0 -71.5010 350.0155 178.0949 167.5019 3.9543 -129.3959 100.0000 stroke8
movl 0 -69.1360 348.5868 179.4259 166.4058 3.9867 -128.6776 100.0000 stroke8
movl 0 -68.5484 348.0129 179.7494 166.1275 3.9838 -128.5490 100.0000 stroke8
movl 0 -68.3011 347.3933 179.9001 165.6105 4.0811 -132.2288 100.0000 stroke8
movl 0 -67.6610 347.9540 179.8606 165.5897 3.7082 -132.3505 100.0000 stroke8
movl 0 -68.2655 350.0116 179.6815 166.9140 2.5471 -131.4962 100.0000 stroke8
movl 0 -69.0658 351.7152 179.7745 168.0800 1.7176 -132.4447 100.0000 stroke8
movl 0 -69.2950 352.4783 179.6614 168.5347 1.3402 -132.7480 100.0000 stroke8
movl 0 -55.8195 346.7128 182.7944 160.3232 0.7141 -130.4526 100.0000 stroke8
movl 0 2.1704 344.8540 219.6684 137.6890 -1.7756 -128.0006 100.0000 stroke8
movl 0 -0.8978 404.3721 206.2125 147.5532 6.9101 -98.9620 100.0000 stroke9
movl 0 -4.6921 401.2019 169.8519 152.3483 7.2870 -103.1695 100.0000 stroke9
movl 0 -7.3313 397.8688 172.0363 154.5506 10.0570 -103.6088 100.0000 stroke9
movl 0 -10.3992 398.7906 171.1398 155.7152 9.2467 -103.0730 100.0000 stroke9
movl 0 -12.3825 399.4165 170.5257 156.2592 9.3834 -103.5930 100.0000 stroke9
movl 0 -14.4924 404.5265 169.4976 158.0144 6.3611 -104.6920 100.0000 stroke9
movl 0 -12.6419 409.8237 169.0435 158.7507 3.0285 -107.2816 100.0000 stroke9
movl 0 -11.1915 411.9000 168.5518 158.3893 1.8739 -107.6861 100.0000 stroke9
movl 0 -11.0314 412.2562 168.7639 158.1235 0.8296 -107.5963 100.0000 stroke9
movl 0 -12.1618 411.5858 169.2106 158.2411 0.0079 -107.2403 100.0000 stroke9
movl 0 -12.9773 410.7627 169.7235 158.1345 -0.6940 -106.6443 100.0000 stroke9
movl 0 -14.0548 409.8475 170.0976 158.0127 -1.2902 -105.9671 100.0000 stroke9
movl 0 -14.7231 408.8371 170.4610 157.5710 -1.7025 -105.2891 100.0000 stroke9
movl 0 -15.8299 407.8483 170.7532 157.3334 -1.8387 -104.7858 100.0000 stroke9
movl 0 -16.8347 406.4566 171.2630 156.9290 -1.8116 -104.3358 100.0000 stroke9
movl 0 -15.7539 403.0241 173.9985 154.8344 -1.2818 -103.6852 100.0000 stroke9
movl 0 -11.9193 388.4871 196.8920 147.3954 1.9862 -106.9550 100.0000 stroke9
movl 0 0.1478 397.0246 213.4965 148.4702 -15.6557 -135.7453 100.0000 stroke10
movl 0 2.1904 395.9510 175.5811 154.5011 -14.2183 -141.1528 100.0000 stroke10
movl 0 -3.3950 395.9248 176.4841 156.3811 -11.0786 -141.5922 100.0000 stroke10
movl 0 -4.1879 397.5720 174.0076 157.1348 -11.0747 -141.5866 100.0000 stroke10
movl 0 -4.4170 399.4703 173.1402 157.3799 -11.2686 -140.8919 100.0000 stroke10
movl 0 -8.3705 401.2445 172.5321 159.3769 -9.9479 -143.0357 100.0000 stroke10
movl 0 -8.4763 405.1727 172.0396 162.1779 -9.7582 -146.2736 100.0000 stroke10
movl 0 -5.2150 406.9159 171.9593 162.6714 -10.6513 -147.6784 100.0000 stroke10
movl 0 0.2786 411.2013 170.9779 163.1374 -13.2025 -148.1092 100.0000 stroke10
movl 0 2.3490 417.0133 169.5822 165.4592 -15.6207 -148.9540 100.0000 stroke10
movl 0 2.9436 417.5896 169.3836 165.8445 -16.8090 -148.5862 100.0000 stroke10
movl 0 1.8924 417.5274 169.6163 166.5988 -17.5707 -148.2156 100.0000 stroke10
movl 0 0.3803 416.7820 169.9323 167.2360 -18.2260 -147.6391 100.0000 stroke10
movl 0 -1.5946 415.1116 170.4594 167.4872 -18.6010 -146.7534 100.0000 stroke10
movl 0 -4.6196 413.3250 170.9085 167.8135 -18.9057 -145.6765 100.0000 stroke10
movl 0 -7.4980 412.0848 170.9820 168.1530 -19.1827 -144.7467 100.0000 stroke10
movl 0 -10.4401 410.1570 171.2968 168.0913 -19.2135 -143.7075 100.0000 stroke10
movl 0 -12.8659 408.6627 171.5747 168.0350 -19.1121 -142.9969 100.0000 stroke10
movl 0 -14.1152 407.8882 171.7313 167.9298 -19.2323 -142.4880 100.0000 stroke10
movl 0 -15.8791 407.0355 171.7718 167.8995 -19.1941 -142.0699 100.0000 stroke10
movl 0 -16.6881 406.5784 171.8481 167.7901 -19.2409 -141.7267 100.0000 stroke10
movl 0 -17.2449 406.0854 171.8484 167.6142 -19.2854 -141.3348 100.0000 stroke10
movl 0 -17.7227 405.6549 171.9584 167.4635 -19.3178 -141.0267 100.0000 stroke10
movl 0 -18.2600 404.9696 172.1771 167.2073 -19.4074 -140.7144 100.0000 stroke10
movl 0 -18.7887 404.6194 172.3421 167.0726 -19.4774 -140.5765 100.0000 stroke10
movl 0 -19.0481 404.5703 172.3934 166.9853 -19.5310 -140.5002 100.0000 stroke10
movl 0 -19.1266 404.5790 172.4642 166.9498 -19.6139 -140.5356 100.0000 stroke10
movl 0 -19.0160 404.5138 172.5418 166.6988 -19.7702 -140.3112 100.0000 stroke10
movl 0 -18.5126 404.4345 172.6345 166.1305 -20.0788 -139.6275 100.0000 stroke10
movl 0 -13.5367 403.0328 175.7604 159.9826 -20.7483 -132.0980 100.0000 stroke10
movl 0 -7.2860 391.4963 223.4913 145.2718 -13.8393 -119.7551 100.0000 stroke10
movl 0 -5.2997 410.9019 191.2472 150.3231 -7.7708 -108.9038 100.0000 stroke11
movl 0 -6.7136 403.4219 177.3345 152.9839 -5.8149 -113.3982 100.0000 stroke11
movl 0 -14.3185 398.3672 176.7211 155.2605 -0.7607 -112.7912 100.0000 stroke11
movl 0 -15.9503 398.7648 176.1003 155.9756 -0.8576 -112.9414 100.0000 stroke11
movl 0 -23.5378 403.8597 175.2093 160.7035 -2.5321 -115.4691 100.0000 stroke11
movl 0 -24.5013 411.7543 174.8222 165.5325 -6.6948 -120.9054 100.0000 stroke11
movl 0 -22.7513 412.8185 174.7691 165.4420 -7.4414 -121.7712 100.0000 stroke11
movl 0 -21.1242 410.9403 175.7178 165.2690 -7.9231 -122.1266 100.0000 stroke11
movl 0 -21.3016 409.9645 175.8368 164.7585 -7.7159 -121.7443 100.0000 stroke11
movl 0 -11.5832 393.0846 183.4494 153.4444 0.1805 -114.8633 100.0000 stroke11
movl 0 -2.8284 387.4581 242.9384 142.4688 7.8357 -91.6400 100.0000 stroke12
movl 0 -7.3067 378.9916 183.0857 149.3139 6.0847 -93.8390 100.0000 stroke12
movl 0 -11.2146 374.5098 175.8374 153.5076 6.3246 -96.1795 100.0000 stroke12
movl 0 -19.0574 370.2130 175.4340 156.7887 9.3338 -95.4750 100.0000 stroke12
movl 0 -21.3769 370.9939 174.3719 158.0107 9.9525 -95.9808 100.0000 stroke12
movl 0 -26.2707 375.9733 173.4054 160.4492 6.9624 -97.7252 100.0000 stroke12
movl 0 -27.3476 382.3777 173.4357 162.0218 2.2878 -100.7055 100.0000 stroke12
movl 0 -27.5164 385.1473 173.7703 162.7754 -0.4466 -103.2508 100.0000 stroke12
movl 0 -27.6532 388.4355 174.0279 163.8374 -3.9239 -105.8913 100.0000 stroke12
movl 0 -29.2608 393.0553 173.9649 166.3924 -8.7222 -110.7027 100.0000 stroke12
movl 0 -28.9342 392.5917 174.6747 166.8347 -10.2783 -113.6886 100.0000 stroke12
movl 0 -25.6501 392.1364 175.1596 166.1022 -10.4114 -115.4547 100.0000 stroke12
movl 0 -27.2783 392.0067 175.2488 166.9012 -10.5644 -116.0243 100.0000 stroke12
movl 0 -25.8381 389.8498 175.7323 165.9322 -9.3792 -117.0058 100.0000 stroke12
movl 0 -25.8332 387.6110 176.2941 165.1980 -8.0888 -117.3244 100.0000 stroke12
movl 0 -22.2028 383.8544 178.4049 162.7312 -6.5745 -115.9218 100.0000 stroke12
movl 0 4.9038 361.2402 216.3372 146.3133 2.8118 -113.7168 100.0000 stroke12
movl 0 -1.9385 358.3584 201.9876 148.8573 9.7995 -104.5910 100.0000 stroke13
movl 0 -7.0205 359.9003 181.5905 153.1488 7.1766 -107.2578 100.0000 stroke13
movl 0 -15.1863 361.8982 178.4512 156.6729 6.5739 -109.0694 100.0000 stroke13
movl 0 -18.0891 362.1897 178.0840 157.4158 5.9557 -110.7010 100.0000 stroke13
movl 0 -19.5250 363.5909 177.1861 157.9784 5.3920 -111.0222 100.0000 stroke13
movl 0 -21.5436 365.1668 176.1424 158.9946 4.6416 -108.7305 100.0000 stroke13
movl 0 -24.9479 366.5920 175.4597 160.8854 4.6199 -111.8381 100.0000 stroke13
movl 0 -27.3050 366.3344 175.4288 161.8060 4.9796 -113.2047 100.0000 stroke13
movl 0 -25.3397 367.7281 175.7472 162.3817 4.6210 -115.8911 100.0000 stroke13
movl 0 -20.9108 371.1423 175.8949 162.9670 3.8217 -119.5636 100.0000 stroke13
movl 0 -16.8734 373.6917 175.8481 162.6166 2.4975 -120.9011 100.0000 stroke13
movl 0 -8.3321 379.0641 175.3027 161.0646 -0.8665 -122.2595 100.0000 stroke13
movl 0 -4.7882 387.5309 174.2269 163.0944 -5.5132 -126.0664 100.0000 stroke13
movl 0 1.8067 396.0497 171.6007 163.3615 -9.6393 -127.5243 100.0000 stroke13
movl 0 7.0490 402.5176 169.0287 163.5238 -13.2393 -128.7972 100.0000 stroke13
movl 0 7.3394 405.5761 168.0913 164.1864 -15.4007 -128.2433 100.0000 stroke13
movl 0 5.6261 407.2718 168.2132 165.7031 -17.1184 -128.5795 100.0000 stroke13
movl 0 3.1352 409.2298 168.1074 167.3994 -19.0619 -128.1902 100.0000 stroke13
movl 0 3.0504 407.8200 168.9857 167.1884 -19.0314 -128.2007 100.0000 stroke13
movl 0 3.4588 408.1046 168.9930 167.3301 -19.4392 -128.3240 100.0000 stroke13
movl 0 3.1598 407.4817 169.2810 167.2631 -19.1768 -128.3698 100.0000 stroke13
movl 0 4.5044 403.0366 171.2748 165.6160 -17.5051 -128.8937 100.0000 stroke13
movl 0 16.0371 372.2268 185.9324 151.4639 -6.7522 -124.7108 100.0000 stroke13
movl 0 -9.3894 363.2169 186.2427 154.5282 -5.2849 -123.9294 100.0000 stroke14
movl 0 -17.5711 357.6258 181.2105 157.6929 -2.2053 -126.6625 100.0000 stroke14
movl 0 -24.1073 359.1811 178.8688 160.0984 -1.9718 -127.6652 100.0000 stroke14
movl 0 -26.7098 360.4374 178.6371 161.3325 -3.0388 -127.3909 100.0000 stroke14
movl 0 -28.0461 361.8468 177.6392 161.7426 -3.1194 -126.9109 100.0000 stroke14
movl 0 -32.6072 362.9315 177.3643 164.1511 -2.4589 -127.2592 100.0000 stroke14
movl 0 -36.6550 361.1899 177.6089 165.0625 -1.3788 -128.0121 100.0000 stroke14
movl 0 -37.8405 361.0377 177.7729 165.7343 -0.7235 -129.3113 100.0000 stroke14
movl 0 -37.7755 362.1208 177.9968 166.6508 -0.4233 -131.3062 100.0000 stroke14
movl 0 -37.4713 363.3193 178.3828 167.6718 -0.2339 -133.8050 100.0000 stroke14
movl 0 -37.0399 363.9463 178.7501 168.4731 0.1422 -136.0195 100.0000 stroke14
movl 0 -37.5034 365.3424 178.6575 169.6584 0.6296 -138.7707 100.0000 stroke14
movl 0 -37.2499 365.6206 178.8145 170.0259 0.8394 -140.0448 100.0000 stroke14
movl 0 -32.9723 361.1881 180.5684 167.0474 0.9671 -140.3546 100.0000 stroke14
movl 0 -34.0663 362.7733 180.3309 168.3311 0.4745 -139.2294 100.0000 stroke14
movl 0 -34.5310 364.5638 180.4989 169.6793 -0.1565 -140.0891 100.0000 stroke14
movl 0 -34.4322 365.1682 180.3826 170.1499 -0.4997 -140.3684 100.0000 stroke14
movl 0 -33.3284 365.0767 180.3483 169.8193 -1.0594 -139.8649 100.0000 stroke14
movl 0 -30.9196 363.8462 180.2552 167.8210 -1.9934 -137.6271 100.0000 stroke14
movl 0 -30.1425 363.8398 180.3567 167.1533 -2.3323 -136.9398 100.0000 stroke14
movl 0 -26.3046 361.4899 182.4500 165.0229 -2.3167 -136.5946 100.0000 stroke14
movl 0 -15.2483 342.1621 230.5786 152.3109 1.3893 -132.6693 100.0000 stroke14
