movl 0 -26.8139 388.8359 159.6956 -146.8929 10.0622 36.7251 100.0000 stroke1
movl 0 -27.6497 388.8897 159.4123 -147.1129 9.9660 36.8163 100.0000 stroke1
movl 0 -27.4596 389.2301 159.4006 -147.2624 10.2117 36.7414 100.0000 stroke1
movl 0 -27.6771 389.5946 159.4707 -147.7103 10.6559 36.3583 100.0000 stroke1
movl 0 -28.3286 389.9096 159.4443 -148.2956 10.9479 35.8398 100.0000 stroke1
movl 0 -29.0932 390.7888 159.5041 -149.3125 11.7697 34.8287 100.0000 stroke1
movl 0 -29.9448 391.5390 159.6328 -150.3565 12.5960 33.6635 100.0000 stroke1
movl 0 -30.3856 392.0875 159.7927 -151.2839 13.3996 32.4792 100.0000 stroke1
movl 0 -30.5518 392.4952 159.9193 -151.9150 13.9823 31.5873 100.0000 stroke1
movl 0 -30.7901 392.9164 160.1023 -152.6410 14.6532 30.6611 100.0000 stroke1
movl 0 -31.0928 393.2698 160.1845 -153.2268 15.1480 29.9396 100.0000 stroke1
movl 0 -31.2509 393.5448 160.2513 -153.8149 15.6661 29.1088 100.0000 stroke1
movl 0 -31.7186 393.8155 160.3102 -154.6184 16.3166 27.9790 100.0000 stroke1
movl 0 -31.8804 394.2501 160.4607 -155.6601 17.3416 26.5059 100.0000 stroke1
movl 0 -32.1251 394.5535 160.6460 -156.7509 18.3591 24.9117 100.0000 stroke1
movl 0 -32.4141 395.0117 161.0480 -158.2994 19.6160 22.6956 100.0000 stroke1
movl 0 -32.5923 395.7644 161.0621 -160.0799 20.9791 20.3463 100.0000 stroke1
movl 0 -33.3824 396.2127 160.9985 -161.4550 21.7229 19.1195 100.0000 stroke1
movl 0 -34.0440 395.8260 161.0290 -161.8784 21.9445 18.6310 100.0000 stroke1
movl 0 -33.4846 395.1192 161.4548 -161.3476 21.8077 18.5135 100.0000 stroke1
movl 0 -32.9845 394.9847 161.5967 -161.3122 21.8237 18.1933 100.0000 stroke1
movl 0 -32.8748 395.0398 161.6568 -161.5616 21.9107 17.8412 100.0000 stroke1
movl 0 -32.8270 395.0989 161.7868 -162.0014 22.1065 17.4524 100.0000 stroke1
movl 0 -33.1006 395.0229 161.8981 -162.3961 22.1344 17.0580 100.0000 stroke1
movl 0 -33.1980 394.8139 162.0121 -162.1018 21.9877 17.0166 100.0000 stroke1
movl 0 -33.1177 394.5915 162.0001 -161.4883 21.6997 17.2380 100.0000 stroke1
movl 0 -33.2010 394.2918 162.0035 -160.7379 21.2509 17.6216 100.0000 stroke1
movl 0 -33.2143 394.1737 161.9223 -159.8363 20.6997 18.3359 100.0000 stroke1
movl 0 -33.1952 393.9394 161.7872 -159.1897 20.3013 18.8147 100.0000 stroke1
movl 0 -32.9491 393.6893 161.7697 -158.6249 20.0176 19.3690 100.0000 stroke1
movl 0 -32.7127 393.5372 161.7329 -158.1826 19.7557 19.9139 100.0000 stroke1
movl 0 -32.4607 393.5407 161.7187 -157.7820 19.4285 20.6695 100.0000 stroke1
movl 0 -31.9796 393.2466 161.8035 -157.2179 19.1563 21.4411 100.0000 stroke1
movl 0 -24.2615 385.4395 166.5831 -151.0550 18.6352 25.1262 100.0000 stroke1
movl 0 -21.9771 360.7182 213.0492 -135.4190 5.3046 37.0192 100.0000 stroke1
movl 0 -0.3578 384.4008 216.7118 -137.4730 3.6548 53.8183 100.0000 stroke2
movl 0 -2.3248 382.6073 179.0779 -140.5683 4.1345 52.6990 100.0000 stroke2
movl 0 -6.5510 381.2879 163.6658 -142.4367 1.6428 52.7772 100.0000 stroke2
movl 0 -10.6916 380.1573 162.9403 -144.0526 1.1042 51.9180 100.0000 stroke2
movl 0 -14.6935 378.9042 163.3929 -145.2591 0.6474 51.2889 100.0000 stroke2
movl 0 -15.5585 379.5934 163.4298 -145.9559 1.0742 50.7931 100.0000 stroke2
movl 0 -18.9656 378.2832 163.9306 -146.7656 0.3587 50.2570 100.0000 stroke2
movl 0 -24.7180 374.6411 164.8947 -147.2949 -1.5573 50.5949 100.0000 stroke2
movl 0 -28.7150 373.8664 164.5766 -147.6021 -2.6513 52.5915 100.0000 stroke2
movl 0 -29.1207 374.7038 163.7307 -147.5306 -3.6014 54.3085 100.0000 stroke2
movl 0 -31.0269 376.8106 162.2533 -147.4891 -5.8077 56.8016 100.0000 stroke2
movl 0 -31.5843 378.1753 161.1639 -147.8553 -6.6108 58.2020 100.0000 stroke2
movl 0 -32.6350 378.7720 160.7660 -148.2607 -6.6241 58.1539 100.0000 stroke2
movl 0 -35.5546 379.3768 161.2133 -150.1807 -6.6725 57.3427 100.0000 stroke2
movl 0 -36.9753 379.0491 161.7373 -151.0126 -6.8215 56.5411 100.0000 stroke2
movl 0 -38.8988 378.1653 161.9141 -151.5349 -7.4478 55.9977 100.0000 stroke2
movl 0 -39.3395 378.2838 161.9663 -151.8626 -7.4945 55.1908 100.0000 stroke2
movl 0 -38.7959 378.4302 162.0577 -152.0310 -7.3758 54.5347 100.0000 stroke2
movl 0 -37.0610 378.5929 162.4168 -152.0991 -7.1130 53.3855 100.0000 stroke2
movl 0 -34.5283 379.1331 162.8440 -152.2229 -6.6456 51.7979 100.0000 stroke2
movl 0 -31.3423 379.6384 163.3297 -152.3690 -6.1513 49.8795 100.0000 stroke2
movl 0 -27.8559 380.5765 163.6178 -152.6739 -5.6210 47.8899 100.0000 stroke2
movl 0 -23.4746 381.8961 163.9255 -153.0102 -4.9697 45.7483 100.0000 stroke2
movl 0 -18.5289 383.3626 164.0972 -153.4778 -4.3591 43.2962 100.0000 stroke2
movl 0 -15.3684 384.7870 163.9864 -153.6649 -3.6703 42.0365 100.0000 stroke2
movl 0 -15.1000 384.6094 164.1429 -153.5245 -3.5265 41.9877 100.0000 stroke2
movl 0 -14.0804 384.2228 164.3947 -153.1357 -3.2893 41.8439 100.0000 stroke2
movl 0 -12.7197 384.3289 164.5105 -152.9187 -2.9199 41.5572 100.0000 stroke2
movl 0 -10.3095 383.8765 164.7914 -152.0812 -2.3218 41.2340 100.0000 stroke2
movl 0 -7.9282 386.8090 164.1770 -152.5035 -0.6752 40.5503 100.0000 stroke2
movl 0 -2.8117 392.5052 163.4198 -154.2248 3.4111 38.0727 100.0000 stroke2
movl 0 7.9982 400.1321 161.5315 -155.8591 9.1893 34.7637 100.0000 stroke2
movl 0 16.6532 406.3189 159.1166 -156.5956 13.7437 33.1961 100.0000 stroke2
movl 0 19.0686 408.9165 158.1572 -156.8433 15.8699 33.0267 100.0000 stroke2
movl 0 19.3609 409.5592 157.9808 -157.1842 16.9322 32.7905 100.0000 stroke2
movl 0 19.2609 409.7073 158.0377 -157.3655 17.8079 33.0917 100.0000 stroke2
movl 0 19.3306 407.8581 158.9225 -156.4569 17.3786 33.4050 100.0000 stroke2
movl 0 20.0669 406.2331 159.4304 -155.4239 16.1898 33.0455 100.0000 stroke2
movl 0 19.7185 407.4560 159.0196 -156.1564 17.1391 33.3501 100.0000 stroke2
movl 0 19.3357 408.1865 158.9798 -156.8658 18.2917 33.5735 100.0000 stroke2
movl 0 19.7991 406.5917 159.4878 -156.0505 17.9920 33.8855 100.0000 stroke2
movl 0 20.3255 406.4709 159.4991 -155.9580 18.1648 33.9327 100.0000 stroke2
movl 0 20.0743 406.1790 159.6640 -155.9617 18.4143 34.2887 100.0000 stroke2
movl 0 20.2392 405.8677 159.7832 -155.7240 18.4512 34.6181 100.0000 stroke2
movl 0 22.0698 402.2651 161.0953 -153.6865 17.5528 34.9873 100.0000 stroke2
movl 0 24.1137 373.8252 175.8463 -136.9274 -5.9791 46.8190 100.0000 stroke2
movl 0 19.3870 353.2033 239.6052 -130.3430 -37.0368 58.5613 100.0000 stroke2
movl 0 0.7949 406.2049 206.4618 -138.0757 -3.2580 80.7040 100.0000 stroke3
movl 0 -3.0506 396.8785 171.9558 -142.7788 -0.3938 77.1423 100.0000 stroke3
movl 0 -6.4770 390.8601 164.7230 -145.6617 -0.2803 73.3688 100.0000 stroke3
movl 0 -14.4091 382.5304 167.1425 -149.0492 -3.8642 71.2265 100.0000 stroke3
movl 0 -16.4850 379.7764 166.6353 -149.4664 -6.6804 70.3140 100.0000 stroke3
movl 0 -18.1860 380.7797 166.0733 -150.4539 -7.1108 69.8088 100.0000 stroke3
movl 0 -19.3000 383.6816 165.1887 -151.3377 -5.6254 68.8834 100.0000 stroke3
movl 0 -21.1656 386.9476 165.0295 -152.9987 -2.4682 66.3883 100.0000 stroke3
movl 0 -22.0678 387.8876 165.6933 -153.4653 -0.4954 64.3334 100.0000 stroke3
movl 0 -21.5620 389.2402 166.1571 -154.1176 2.1593 62.2915 100.0000 stroke3
movl 0 -20.9946 391.1366 166.5550 -155.0228 5.0976 59.8058 100.0000 stroke3
movl 0 -21.0395 393.1190 166.9939 -156.5710 8.3441 56.7215 100.0000 stroke3
movl 0 -21.2877 395.3310 167.1806 -158.5699 11.8392 53.1666 100.0000 stroke3
movl 0 -22.4133 398.1029 167.1478 -161.9341 15.4189 48.3330 100.0000 stroke3
movl 0 -23.9562 400.2667 167.0029 -165.6053 18.2797 43.6028 100.0000 stroke3
movl 0 -22.3760 397.6921 168.1310 -164.6272 17.8107 42.1764 100.0000 stroke3
movl 0 -22.8487 397.6627 168.1954 -165.7271 18.4587 41.7216 100.0000 stroke3
movl 0 -22.2201 396.3191 168.6728 -165.1612 18.1454 41.2378 100.0000 stroke3
movl 0 -23.3968 395.0933 168.9311 -165.1842 17.4310 41.0491 100.0000 stroke3
movl 0 -23.0153 391.7688 169.6216 -162.7313 15.5363 42.1045 100.0000 stroke3
movl 0 -22.5016 387.9083 170.4609 -160.4848 13.5720 43.3251 100.0000 stroke3
movl 0 -22.1031 380.0625 172.3247 -155.5578 9.3025 45.9257 100.0000 stroke3
movl 0 -23.9634 367.7069 191.9404 -146.0844 -3.5788 50.6231 100.0000 stroke3
movl 0 -8.9678 365.5542 245.0894 -137.7448 -11.4716 57.1028 100.0000 stroke4
movl 0 1.7797 376.3438 181.8130 -142.2462 -2.5414 56.0949 100.0000 stroke4
movl 0 -2.1130 373.6048 169.4196 -144.4415 -4.1237 56.6543 100.0000 stroke4
movl 0 -12.1656 370.7943 168.0820 -147.4727 -5.8362 55.7497 100.0000 stroke4
movl 0 -17.5954 367.7729 168.3153 -149.3046 -7.3202 55.7817 100.0000 stroke4
movl 0 -18.5596 368.8848 168.3072 -150.0957 -6.5268 56.2424 100.0000 stroke4
movl 0 -23.4570 369.8256 166.9497 -150.5827 -7.2120 58.6778 100.0000 stroke4
movl 0 -24.1362 370.4867 166.1512 -150.9201 -7.3304 60.4273 100.0000 stroke4
movl 0 -25.4875 370.6608 165.8210 -151.3958 -7.4896 61.2429 100.0000 stroke4
movl 0 -27.8453 372.0729 165.6955 -153.1210 -7.1683 60.8143 100.0000 stroke4
movl 0 -28.0900 372.1911 165.7185 -153.4460 -7.3206 60.3088 100.0000 stroke4
movl 0 -25.0529 373.8977 165.6840 -153.6746 -6.7919 58.0197 100.0000 stroke4
movl 0 -20.6587 376.2139 165.5704 -153.7754 -5.5884 55.6037 100.0000 stroke4
movl 0 -17.1477 376.2865 165.7444 -152.4323 -4.8488 55.0486 100.0000 stroke4
movl 0 -13.4863 383.3228 164.6197 -153.5038 -0.8945 53.9454 100.0000 stroke4
movl 0 -7.5053 389.2480 163.7317 -154.3262 3.3757 51.5569 100.0000 stroke4
movl 0 -6.6628 392.0627 163.3560 -154.3786 5.6583 51.9577 100.0000 stroke4
movl 0 -5.5830 393.0253 164.2717 -155.0384 7.4017 50.3503 100.0000 stroke4
movl 0 -4.9949 394.5056 165.0183 -156.3612 9.7237 48.4041 100.0000 stroke4
movl 0 -5.0294 395.6842 165.8857 -157.9002 11.7195 46.6377 100.0000 stroke4
movl 0 -5.6555 397.6077 166.5995 -160.1236 13.8075 44.3933 100.0000 stroke4
movl 0 -6.2162 399.9663 167.1533 -162.7155 16.0479 41.8266 100.0000 stroke4
movl 0 -6.7069 402.0773 167.3855 -165.0490 17.7866 39.9305 100.0000 stroke4
movl 0 -7.8245 403.7819 167.4105 -167.0085 18.7943 38.9391 100.0000 stroke4
movl 0 -8.7942 404.7685 167.4087 -168.4717 19.5005 37.9623 100.0000 stroke4
movl 0 -10.0181 405.8605 167.3543 -170.0141 19.9877 37.5131 100.0000 stroke4
movl 0 -10.9943 405.7834 167.3739 -170.6860 20.2740 37.3870 100.0000 stroke4
movl 0 -8.8065 401.5163 169.1551 -168.1494 18.7236 37.4754 100.0000 stroke4
movl 0 -7.8645 400.2453 169.5395 -167.2378 18.3714 37.6075 100.0000 stroke4
movl 0 -8.5568 401.2425 169.3661 -168.4265 19.0217 37.4660 100.0000 stroke4
movl 0 -9.1538 400.9298 169.5925 -169.2069 19.1360 36.7485 100.0000 stroke4
movl 0 -9.0816 400.5635 169.7214 -169.3400 19.3256 36.7205 100.0000 stroke4
movl 0 -8.5068 397.2760 170.4809 -167.0883 18.1132 36.7997 100.0000 stroke4
movl 0 -6.3047 391.5394 171.9574 -163.1292 16.5586 38.2703 100.0000 stroke4
movl 0 -6.6507 370.3271 181.7740 -149.4063 6.0834 44.4081 100.0000 stroke4
movl 0 -12.9035 364.4239 184.9100 -144.1333 -2.3425 56.6139 100.0000 stroke5
movl 0 -17.3110 361.2116 172.5571 -147.6273 -1.6832 55.9351 100.0000 stroke5
movl 0 -23.9807 362.7151 169.1373 -150.7918 -3.6472 56.1222 100.0000 stroke5
movl 0 -25.0139 361.4851 168.9418 -150.5304 -4.0309 56.5336 100.0000 stroke5
movl 0 -26.5016 363.4110 167.9899 -151.1182 -3.3044 56.1999 100.0000 stroke5
movl 0 -30.0773 365.9047 167.3828 -153.1151 -2.6513 55.3186 100.0000 stroke5
movl 0 -31.7120 366.5117 167.4335 -154.1156 -2.6044 54.5197 100.0000 stroke5
movl 0 -32.2440 366.7415 167.3912 -154.4224 -2.7749 54.0491 100.0000 stroke5
movl 0 -31.8474 366.9945 167.4348 -154.7064 -2.8059 53.3485 100.0000 stroke5
movl 0 -30.6118 367.6375 167.5080 -154.9885 -2.5384 52.4041 100.0000 stroke5
movl 0 -29.2508 368.4386 167.5170 -155.4048 -2.3433 51.0187 100.0000 stroke5
movl 0 -29.0585 368.8378 167.4490 -155.6634 -2.3542 50.5364 100.0000 stroke5
movl 0 -28.2128 367.4511 167.8707 -154.8658 -2.5207 50.6614 100.0000 stroke5
movl 0 -27.3550 366.6467 168.1813 -154.4085 -2.6352 50.5680 100.0000 stroke5
movl 0 -27.4656 366.6581 168.2441 -154.5254 -2.5888 50.5790 100.0000 stroke5
movl 0 -27.5132 367.6174 168.4660 -155.3992 -1.7997 50.4247 100.0000 stroke5
movl 0 -26.5262 367.1143 168.3890 -154.1248 -0.9221 51.6674 100.0000 stroke5
movl 0 -7.6267 362.8435 173.3333 -144.6479 -0.0796 52.6798 100.0000 stroke5
movl 0 17.2060 358.0037 227.7870 -131.8734 -5.5246 54.5715 100.0000 stroke5
movl 0 -9.7703 360.9903 202.3168 -142.5092 2.1925 56.7616 100.0000 stroke6
movl 0 -20.5807 351.6372 172.0361 -148.0378 1.0181 52.5816 100.0000 stroke6
movl 0 -26.8520 351.3096 170.7683 -150.8200 0.1176 50.4221 100.0000 stroke6
movl 0 -29.6402 351.8683 169.7899 -151.8432 -0.3675 49.8597 100.0000 stroke6
movl 0 -30.0110 352.8052 168.8689 -151.9791 -0.3995 49.8985 100.0000 stroke6
movl 0 -32.7900 354.1776 167.9146 -153.1285 -0.7635 49.7699 100.0000 stroke6
movl 0 -34.8390 354.5578 167.7723 -154.4095 -1.2048 49.2384 100.0000 stroke6
movl 0 -36.5520 354.1673 167.9484 -154.9236 -1.7816 49.1263 100.0000 stroke6
movl 0 -36.1844 354.1756 167.9107 -155.1056 -1.9474 48.5232 100.0000 stroke6
movl 0 -34.6583 354.7412 167.9715 -155.3213 -1.7209 47.4606 100.0000 stroke6
movl 0 -33.7319 354.9397 167.9152 -155.5706 -1.6681 46.6690 100.0000 stroke6
movl 0 -32.9744 355.5179 167.9279 -155.9910 -1.7356 45.5564 100.0000 stroke6
movl 0 -33.0019 355.5421 167.9039 -156.2191 -1.9917 45.3156 100.0000 stroke6
movl 0 -31.2039 352.4776 168.8865 -154.6423 -2.4583 45.6703 100.0000 stroke6
movl 0 -31.3690 353.2175 168.8899 -155.1654 -2.2448 45.7370 100.0000 stroke6
movl 0 -31.5382 354.0083 168.9153 -155.9701 -1.9191 45.8087 100.0000 stroke6
movl 0 -31.8258 354.1201 168.7297 -155.7397 -1.5890 46.6982 100.0000 stroke6
movl 0 -31.3577 354.1421 168.6026 -155.3327 -1.3811 47.1524 100.0000 stroke6
movl 0 -30.7324 354.5504 168.6354 -155.1456 -1.1902 47.2147 100.0000 stroke6
movl 0 -28.9340 351.4128 169.9093 -153.2934 -1.5523 47.9106 100.0000 stroke6
movl 0 -34.7566 339.4468 200.6064 -148.6074 -7.3686 50.4814 100.0000 stroke6
movl 0 -20.1507 341.9035 239.0663 -139.7000 -5.8667 54.1370 100.0000 stroke7
movl 0 -20.4883 342.4576 187.7303 -144.7820 -1.3937 53.5436 100.0000 stroke7
movl 0 -26.0209 339.2860 176.9319 -148.9879 -0.7499 50.1601 100.0000 stroke7
movl 0 -36.0863 337.7017 174.4526 -151.8698 -0.7990 49.7048 100.0000 stroke7
movl 0 -46.7989 336.5257 172.9991 -152.4303 -2.2608 51.0737 100.0000 stroke7
movl 0 -51.3239 338.7208 170.7753 -152.8913 -2.2745 52.5493 100.0000 stroke7
movl 0 -52.4803 339.6416 169.1542 -152.7564 -1.7974 54.2562 100.0000 stroke7
movl 0 -53.3785 340.2536 168.5180 -153.0090 -1.6667 54.5457 100.0000 stroke7
movl 0 -56.7487 340.1089 168.2645 -154.5745 -2.6116 53.8375 100.0000 stroke7
movl 0 -59.8932 338.9807 168.5046 -155.9277 -3.5770 53.2353 100.0000 stroke7
movl 0 -60.7066 339.4685 168.6172 -156.8546 -3.4725 52.5506 100.0000 stroke7
movl 0 -61.4487 339.9137 168.9102 -157.8270 -3.1428 52.0704 100.0000 stroke7
movl 0 -63.0610 339.6795 168.9961 -158.1461 -3.7713 51.4761 100.0000 stroke7
movl 0 -61.7726 340.5981 168.9835 -158.4685 -3.6791 50.2808 100.0000 stroke7
movl 0 -59.3282 341.6351 169.3397 -158.8591 -3.3131 48.6915 100.0000 stroke7
movl 0 -56.5635 342.3727 169.8286 -159.1268 -3.0091 47.2043 100.0000 stroke7
movl 0 -53.8713 343.3159 170.2459 -159.4881 -2.6871 45.5693 100.0000 stroke7
movl 0 -51.6642 343.8508 170.6434 -159.8865 -2.6606 44.0497 100.0000 stroke7
movl 0 -48.9359 344.6250 170.9896 -160.3907 -2.6429 42.3318 100.0000 stroke7
movl 0 -46.5453 345.4834 171.1865 -161.0834 -2.7550 40.4744 100.0000 stroke7
movl 0 -45.6290 346.1046 171.3866 -161.7254 -3.0469 38.8826 100.0000 stroke7
movl 0 -45.3093 346.8654 171.4576 -162.5173 -3.5067 37.1461 100.0000 stroke7
movl 0 -45.8038 347.2846 171.5255 -163.3025 -4.1054 35.4149 100.0000 stroke7
movl 0 -47.6176 347.5873 171.5654 -164.2781 -5.0890 33.5409 100.0000 stroke7
movl 0 -49.6354 348.1441 171.5284 -165.1897 -6.0127 31.5388 100.0000 stroke7
movl 0 -50.9105 348.6960 171.4932 -165.8817 -6.5269 29.6583 100.0000 stroke7
movl 0 -52.5499 349.3351 171.4053 -166.6210 -7.5935 27.5936 100.0000 stroke7
movl 0 -53.6517 350.7375 171.2276 -167.4745 -8.1724 25.3626 100.0000 stroke7
movl 0 -52.4342 350.2913 171.6847 -167.1599 -7.6856 25.2273 100.0000 stroke7
movl 0 -48.9920 346.4375 173.1818 -164.8149 -7.0864 26.3262 100.0000 stroke7
movl 0 -48.1966 345.2465 173.6304 -163.9809 -7.2772 26.3428 100.0000 stroke7
movl 0 -47.6554 344.7649 173.8618 -163.6259 -7.3909 26.2195 100.0000 stroke7
movl 0 -47.2441 345.0357 173.9091 -163.7617 -7.2129 26.0537 100.0000 stroke7
movl 0 -47.4511 346.4475 174.1386 -165.0172 -6.3852 25.6475 100.0000 stroke7
movl 0 -47.6977 348.1876 174.2489 -166.3208 -5.7199 25.0453 100.0000 stroke7
movl 0 -47.2596 349.6695 174.4614 -167.2924 -5.0508 24.4258 100.0000 stroke7
movl 0 -46.7371 348.7172 175.0669 -167.0022 -4.9242 24.2681 100.0000 stroke7
movl 0 -46.1356 348.4933 175.2296 -166.8374 -4.8692 24.3002 100.0000 stroke7
movl 0 -45.4568 349.0658 175.4649 -167.3053 -4.3175 23.9811 100.0000 stroke7
movl 0 -44.7127 348.6167 175.7865 -167.1883 -4.1342 23.7157 100.0000 stroke7
movl 0 -43.5506 348.1704 176.2188 -167.0709 -3.8254 23.4996 100.0000 stroke7
movl 0 -42.2213 347.2757 176.7252 -166.7338 -3.6317 23.4034 100.0000 stroke7
movl 0 -40.7735 346.2003 177.4327 -166.0773 -3.3254 23.4172 100.0000 stroke7
movl 0 -39.9042 346.7039 177.4017 -166.0979 -2.8140 23.5090 100.0000 stroke7
movl 0 -39.1886 345.6932 177.4055 -164.9610 -2.6861 24.1760 100.0000 stroke7
movl 0 -38.4494 345.0657 177.4349 -163.9054 -2.4296 25.0241 100.0000 stroke7
movl 0 -37.6926 344.3314 177.5665 -163.1937 -2.1281 25.6789 100.0000 stroke7
movl 0 -37.7467 343.7971 177.5964 -162.8059 -2.0336 26.0359 100.0000 stroke7
movl 0 -38.5464 343.2498 177.5914 -162.4875 -2.1537 26.4782 100.0000 stroke7
movl 0 -38.5072 342.9599 177.5267 -162.2910 -2.2253 26.7044 100.0000 stroke7
movl 0 -37.2992 343.0005 177.1673 -161.8103 -1.7344 27.4673 100.0000 stroke7
movl 0 -35.2259 341.2277 177.9040 -160.4402 -1.6581 28.2918 100.0000 stroke7
movl 0 -40.5060 335.3444 194.5072 -156.5947 -4.5416 31.5216 100.0000 stroke7
