movl 0 -32.4381 378.0446 232.4388 155.8315 -23.9732 -163.4773 100.0000 stroke1
movl 0 -34.9666 374.7169 205.5348 156.7530 -20.2510 -163.9129 100.0000 stroke1
movl 0 -33.3066 376.9302 197.8646 157.8295 -20.3453 -164.3574 100.0000 stroke1
movl 0 -30.7681 380.3583 195.4248 158.8266 -20.8195 -165.5224 100.0000 stroke1
movl 0 -27.5038 384.6042 192.9215 159.7951 -21.1714 -166.5765 100.0000 stroke1
movl 0 -32.3706 387.4730 190.3252 161.8542 -20.5797 -168.5274 100.0000 stroke1
movl 0 -43.2645 387.6929 188.3684 163.9114 -19.5005 -169.9921 100.0000 stroke1
movl 0 -51.7364 387.7835 186.8870 164.8763 -18.8712 -169.8731 100.0000 stroke1
movl 0 -58.3608 387.5980 185.5443 164.8170 -18.0633 -167.9906 100.0000 stroke1
movl 0 -61.2780 387.1143 184.9445 164.3040 -17.2911 -165.8645 100.0000 stroke1
movl 0 -60.7316 388.1369 184.6732 163.8626 -16.9901 -163.8111 100.0000 stroke1
movl 0 -60.6292 389.0241 184.5168 163.2522 -16.1139 -161.5671 100.0000 stroke1
movl 0 -58.6001 390.8744 184.4167 163.6608 -16.0338 -162.3775 100.0000 stroke1
movl 0 -59.3070 391.2448 184.3926 164.0050 -16.0274 -162.6865 100.0000 stroke1
movl 0 -61.6608 390.8725 183.6042 164.3150 -15.9722 -162.2771 100.0000 stroke1
movl 0 -62.6949 390.6928 183.4970 164.2653 -15.9342 -161.4879 100.0000 stroke1
movl 0 -64.5635 390.7784 182.5644 164.2398 -15.9529 -160.1184 100.0000 stroke1
movl 0 -66.1741 391.2906 181.3402 164.6562 -16.0400 -159.6236 100.0000 stroke1
movl 0 -67.2308 391.6324 180.7608 165.0163 -15.3502 -160.0052 100.0000 stroke1
movl 0 -68.2381 392.5095 180.0287 165.6437 -14.7926 -160.7277 100.0000 stroke1
movl 0 -69.0657 393.4120 179.4094 166.3255 -14.2401 -161.3353 100.0000 stroke1
movl 0 -68.9905 393.5610 179.4776 166.6570 -13.8591 -161.8014 100.0000 stroke1
movl 0 -69.6072 393.4172 179.3327 166.6155 -13.4649 -161.9638 100.0000 stroke1
movl 0 -69.5757 394.2206 178.9309 166.9724 -13.2105 -162.7626 100.0000 stroke1
movl 0 -68.6072 394.9661 178.8761 167.1864 -13.0391 -163.4652 100.0000 stroke1
movl 0 -66.6693 395.8890 179.0069 167.4511 -12.8554 -164.5717 100.0000 stroke1
movl 0 -64.4593 397.4646 178.7810 167.9889 -12.6114 -165.9658 100.0000 stroke1
movl 0 -62.4461 399.4107 178.4581 168.6950 -12.1453 -167.9102 100.0000 stroke1
movl 0 -60.5828 401.3508 178.1347 169.3180 -11.4083 -170.2566 100.0000 stroke1
movl 0 -59.3653 401.6312 178.3348 169.3270 -11.5896 -170.9165 100.0000 stroke1
movl 0 -58.2833 400.0333 179.3971 168.3795 -12.2815 -170.8690 100.0000 stroke1
movl 0 -56.8832 399.0272 180.4004 167.7834 -12.5096 -171.0758 100.0000 stroke1
movl 0 -56.5626 399.3127 180.5078 168.1549 -12.4373 -171.1848 100.0000 stroke1
movl 0 -56.5155 399.3693 180.7038 169.1437 -12.1828 -171.5631 100.0000 stroke1
movl 0 -56.2503 399.7054 180.4542 169.6722 -12.6616 -171.4948 100.0000 stroke1
movl 0 -57.2505 398.5471 180.7964 169.4825 -13.3286 -170.7440 100.0000 stroke1
movl 0 -57.5258 398.1964 180.9298 169.3841 -13.6168 -170.5451 100.0000 stroke1
movl 0 -57.2841 398.1394 180.9982 169.2764 -13.7253 -170.5129 100.0000 stroke1
movl 0 -57.1974 397.6491 181.2949 169.0308 -13.7338 -170.5645 100.0000 stroke1
movl 0 -54.4534 395.5281 184.0416 167.9016 -14.5970 -170.4930 100.0000 stroke1
movl 0 -47.4638 388.3148 198.6606 163.1407 -16.9867 -169.6238 100.0000 stroke1
movl 0 -40.3658 378.5085 244.6951 155.1436 -18.2071 -168.0245 100.0000 stroke1
movl 0 -15.5994 413.2596 241.8972 151.5863 -29.0099 -164.7807 100.0000 stroke2
movl 0 -26.3882 410.2394 200.0758 158.8625 -26.7468 -168.1366 100.0000 stroke2
movl 0 -30.3098 409.6753 186.0908 160.1208 -24.4428 -167.2223 100.0000 stroke2
movl 0 -34.8197 410.9306 181.0537 160.2655 -22.1475 -165.9084 100.0000 stroke2
movl 0 -36.0766 415.4320 177.4137 160.8031 -20.7040 -164.0925 100.0000 stroke2
movl 0 -36.2632 417.2286 174.7950 161.4763 -20.5097 -163.3902 100.0000 stroke2
movl 0 -38.0896 418.4287 173.4796 162.5475 -20.4497 -163.9431 100.0000 stroke2
movl 0 -40.3429 420.8596 171.4667 165.3105 -20.0920 -166.2979 100.0000 stroke2
movl 0 -39.2398 423.6052 170.4034 168.4132 -20.7545 -170.0926 100.0000 stroke2
movl 0 -39.1396 425.3777 169.7360 170.5690 -21.6042 -172.9163 100.0000 stroke2
movl 0 -39.6891 425.6580 169.5711 171.9221 -22.0645 -174.9782 100.0000 stroke2
movl 0 -39.5723 426.0401 169.5143 173.1889 -22.5420 -176.7151 100.0000 stroke2
movl 0 -39.7218 426.2750 169.8269 174.4376 -22.7308 -177.9703 100.0000 stroke2
movl 0 -39.9876 426.1909 170.2454 175.6052 -22.8302 -179.3206 100.0000 stroke2
movl 0 -40.0483 426.6748 170.4481 177.0571 -22.9444 179.2920 100.0000 stroke2
movl 0 -40.2051 426.6346 170.6777 178.0230 -23.0088 178.4040 100.0000 stroke2
movl 0 -40.3635 426.7388 171.0075 179.1996 -22.9422 177.3026 100.0000 stroke2
movl 0 -40.9108 426.9797 171.2955 -179.6755 -22.6075 176.2025 100.0000 stroke2
movl 0 -41.5885 426.8439 171.7343 -178.6311 -22.3117 175.2332 100.0000 stroke2
movl 0 -41.7874 427.1432 172.0572 -177.4590 -22.0869 174.0589 100.0000 stroke2
movl 0 -41.9524 427.0114 172.6359 -176.4804 -21.9919 173.1303 100.0000 stroke2
movl 0 -42.2167 427.1885 172.8592 -175.2732 -21.7670 171.8517 100.0000 stroke2
movl 0 -42.3924 427.3799 173.1620 -173.9026 -21.4369 170.3242 100.0000 stroke2
movl 0 -42.6794 427.5438 173.4052 -172.5457 -20.9801 168.7782 100.0000 stroke2
movl 0 -43.0755 427.8336 173.5486 -170.9653 -20.3966 166.8921 100.0000 stroke2
movl 0 -43.9858 428.1108 173.8040 -169.3519 -19.5338 165.1940 100.0000 stroke2
movl 0 -45.2452 428.6475 173.9621 -167.2055 -18.6898 162.2106 100.0000 stroke2
movl 0 -46.6142 429.5449 173.8077 -165.0390 -17.2878 159.9974 100.0000 stroke2
movl 0 -47.9052 430.5434 173.5979 -162.8225 -15.4892 157.7141 100.0000 stroke2
movl 0 -49.8098 432.0784 172.8387 -160.1821 -12.5337 154.9013 100.0000 stroke2
movl 0 -51.8885 434.1618 171.4807 -157.4169 -9.5168 151.4827 100.0000 stroke2
movl 0 -54.7209 435.9975 170.1770 -155.3694 -6.3388 149.9602 100.0000 stroke2
movl 0 -57.5631 436.4380 169.2126 -154.2980 -3.6712 148.5691 100.0000 stroke2
movl 0 -58.7944 436.4280 169.0231 -153.7482 -1.9877 147.2784 100.0000 stroke2
movl 0 -60.2369 436.3531 168.6847 -153.2420 -0.8679 146.9956 100.0000 stroke2
movl 0 -60.5015 435.3534 169.1980 -153.3536 -1.1296 147.3391 100.0000 stroke2
movl 0 -57.0578 435.3663 170.2620 -153.8280 -2.6619 147.5341 100.0000 stroke2
movl 0 -55.6248 435.3541 170.7879 -153.6265 -3.0137 147.4836 100.0000 stroke2
movl 0 -56.4402 435.1213 170.9439 -153.5144 -2.3705 147.4024 100.0000 stroke2
movl 0 -53.2194 434.5925 172.3136 -153.9442 -3.6889 147.0858 100.0000 stroke2
movl 0 -55.3501 434.1153 171.6689 -154.1434 -3.0565 147.2067 100.0000 stroke2
movl 0 -49.4785 427.2390 177.2126 -156.9042 -7.5038 146.0680 100.0000 stroke2
movl 0 -34.8126 396.9977 192.6414 -167.7144 -23.8834 150.2837 100.0000 stroke2
movl 0 -37.5616 350.0568 189.7543 178.5935 -29.1419 155.0115 100.0000 stroke2
movl 0 -41.3111 328.7102 175.2179 173.3460 -27.5045 156.8443 100.0000 stroke2
movl 0 -43.0440 326.3111 173.4852 172.1748 -27.1039 157.1701 100.0000 stroke2
movl 0 -43.6001 328.0737 171.0172 172.8760 -26.8196 156.8520 100.0000 stroke2
movl 0 -44.9853 330.2535 170.0496 175.1095 -26.2621 154.2241 100.0000 stroke2
movl 0 -46.8384 331.8768 168.5846 177.4571 -25.3506 152.7123 100.0000 stroke2
movl 0 -46.7576 331.9380 168.5549 177.7323 -25.6259 152.9387 100.0000 stroke2
movl 0 -47.2307 331.7254 168.7779 177.8297 -25.9092 153.1371 100.0000 stroke2
movl 0 -47.5549 331.9274 169.4085 178.1206 -26.2252 153.0348 100.0000 stroke2
movl 0 -48.5602 332.2759 170.3712 177.9949 -26.2168 153.5063 100.0000 stroke2
movl 0 -49.9688 333.2366 170.9624 178.0795 -26.0008 153.7389 100.0000 stroke2
movl 0 -46.2223 333.2971 172.1702 178.4951 -26.8183 152.5061 100.0000 stroke2
movl 0 -36.9386 332.4802 182.9527 175.9502 -29.7831 157.1065 100.0000 stroke2
movl 0 -23.1796 334.1659 238.6022 169.3564 -35.0841 162.9880 100.0000 stroke2
movl 0 -18.9706 371.7263 245.3979 143.3465 7.4111 -117.3506 100.0000 stroke3
movl 0 -33.2030 368.6609 207.8398 148.2565 -0.5804 -118.5570 100.0000 stroke3
movl 0 -54.0742 353.9887 193.1313 153.4190 5.6784 -115.7517 100.0000 stroke3
movl 0 -62.9342 349.7385 189.8086 156.8589 7.7560 -113.0522 100.0000 stroke3
movl 0 -71.4898 349.2671 185.3820 159.7844 7.8995 -110.5037 100.0000 stroke3
movl 0 -74.9312 350.1510 183.2601 160.5709 7.8030 -109.5597 100.0000 stroke3
movl 0 -76.8403 351.4540 182.0544 160.9662 7.2212 -109.6017 100.0000 stroke3
movl 0 -79.7483 353.3786 180.0358 162.5809 7.0213 -109.8340 100.0000 stroke3
movl 0 -81.4909 355.6940 178.8105 164.2446 6.0284 -110.0963 100.0000 stroke3
movl 0 -82.1791 355.9445 178.7115 165.1323 5.8243 -110.6094 100.0000 stroke3
movl 0 -83.4368 355.9519 178.7481 165.6290 6.1331 -110.8251 100.0000 stroke3
movl 0 -84.2474 356.4916 178.5419 165.8539 6.6592 -111.1442 100.0000 stroke3
movl 0 -83.6569 357.9548 178.0969 165.9934 6.7734 -111.7602 100.0000 stroke3
movl 0 -81.3882 360.3399 178.0075 166.0686 6.7724 -112.7617 100.0000 stroke3
movl 0 -78.7760 362.6148 178.1786 166.1545 6.9980 -113.9896 100.0000 stroke3
movl 0 -75.0703 366.2866 178.2943 166.2304 7.0340 -115.7698 100.0000 stroke3
movl 0 -70.4911 370.1394 178.7060 166.1240 7.2651 -117.6318 100.0000 stroke3
movl 0 -67.4176 372.7495 179.3231 165.9895 7.7210 -119.2932 100.0000 stroke3
movl 0 -65.8110 373.9186 179.6612 165.8146 8.0057 -119.9006 100.0000 stroke3
movl 0 -64.6364 374.0718 180.3865 165.4892 8.2257 -120.1800 100.0000 stroke3
movl 0 -63.9062 373.9852 181.1506 165.2272 8.2961 -120.3740 100.0000 stroke3
movl 0 -64.0688 373.7991 181.1860 165.2630 8.1231 -120.2250 100.0000 stroke3
movl 0 -63.8871 373.0611 181.4766 164.9942 8.0285 -119.9915 100.0000 stroke3
movl 0 -60.4105 368.2774 185.9130 162.7409 8.6365 -120.0996 100.0000 stroke3
movl 0 -53.1651 352.9458 204.6848 157.0575 12.9139 -120.6882 100.0000 stroke3
movl 0 -7.0582 354.0139 233.5729 158.5994 35.0082 -91.2771 100.0000 stroke4
movl 0 -14.1681 354.1164 193.7854 157.6294 28.5145 -95.0043 100.0000 stroke4
movl 0 -23.1601 356.3698 184.5501 158.2130 24.6357 -94.9851 100.0000 stroke4
movl 0 -32.6391 357.0616 178.4471 161.3518 23.4297 -92.4952 100.0000 stroke4
movl 0 -36.8323 357.4319 175.8474 163.0218 23.7895 -91.5089 100.0000 stroke4
movl 0 -40.1067 358.4210 174.8110 164.0564 23.3123 -91.6873 100.0000 stroke4
movl 0 -43.0042 358.5964 174.2548 164.6958 22.7603 -91.9815 100.0000 stroke4
movl 0 -46.3609 360.3552 173.0253 166.6916 21.6743 -92.5057 100.0000 stroke4
movl 0 -48.9578 360.2107 172.6291 168.0322 21.3749 -92.8487 100.0000 stroke4
movl 0 -50.5127 359.9576 172.6019 168.9268 21.4775 -93.1243 100.0000 stroke4
movl 0 -51.4698 360.4868 172.4212 169.4402 21.3436 -93.7146 100.0000 stroke4
movl 0 -51.7267 361.2963 172.1104 170.0513 21.2215 -94.7870 100.0000 stroke4
movl 0 -50.6400 362.9007 172.1000 170.7487 21.1184 -96.5976 100.0000 stroke4
movl 0 -48.4441 365.5599 171.7265 171.5650 20.9763 -98.7721 100.0000 stroke4
movl 0 -47.1964 366.6979 171.4310 171.9323 21.0015 -99.6653 100.0000 stroke4
movl 0 -45.8456 364.7801 172.7693 170.7540 21.6356 -99.4508 100.0000 stroke4
movl 0 -45.2731 364.3399 173.3563 170.5941 21.8552 -99.8370 100.0000 stroke4
movl 0 -46.0574 363.8469 173.4363 170.9714 21.5520 -99.6947 100.0000 stroke4
movl 0 -45.3176 363.7906 173.6835 171.0463 21.1407 -99.7515 100.0000 stroke4
movl 0 -44.6019 364.2106 173.7918 170.2300 20.2265 -99.8133 100.0000 stroke4
movl 0 -45.0406 363.8998 173.9081 169.5890 19.9173 -99.6960 100.0000 stroke4
movl 0 -44.5209 360.7268 175.4963 168.0327 20.4948 -99.6713 100.0000 stroke4
movl 0 -40.1925 350.1790 187.4052 163.4601 24.1113 -102.0606 100.0000 stroke4
movl 0 -40.8585 343.1926 222.1204 161.9487 26.6431 -103.3680 100.0000 stroke4
movl 0 -23.2879 351.6392 239.2837 154.1188 17.3734 -105.1959 100.0000 stroke5
movl 0 -33.9576 355.6546 198.0870 157.6282 15.5010 -105.1215 100.0000 stroke5
movl 0 -37.3326 360.4221 186.3397 160.0833 13.1017 -104.7996 100.0000 stroke5
movl 0 -39.8684 362.4435 181.4348 161.2719 12.3111 -104.4338 100.0000 stroke5
movl 0 -41.8419 362.4936 180.4663 161.4610 12.2141 -103.6416 100.0000 stroke5
movl 0 -42.2539 363.6250 179.9968 161.4560 11.5801 -103.3758 100.0000 stroke5
movl 0 -43.8034 364.2658 179.3593 162.4340 11.4406 -103.5703 100.0000 stroke5
movl 0 -46.3059 364.9088 178.4345 163.8688 11.1861 -103.8203 100.0000 stroke5
movl 0 -48.0930 364.3180 178.1254 164.8748 11.5517 -104.3121 100.0000 stroke5
movl 0 -49.4974 364.2048 178.1352 165.5833 11.6552 -104.6683 100.0000 stroke5
movl 0 -50.4971 364.3293 178.1299 165.8825 11.8702 -105.1939 100.0000 stroke5
movl 0 -49.7949 365.2157 178.0114 166.3908 11.9303 -106.4320 100.0000 stroke5
movl 0 -49.5583 366.1745 178.2016 167.0829 11.9212 -108.3679 100.0000 stroke5
movl 0 -49.0339 367.2727 178.1947 167.8242 12.0869 -110.1249 100.0000 stroke5
movl 0 -48.2790 368.8915 177.9102 168.6699 12.3560 -112.3376 100.0000 stroke5
movl 0 -47.1978 370.7984 177.4997 169.5587 12.6940 -114.7195 100.0000 stroke5
movl 0 -46.0315 370.6797 177.6978 169.2867 12.7171 -114.8716 100.0000 stroke5
movl 0 -43.4745 367.9802 180.2070 167.6044 13.2800 -115.0444 100.0000 stroke5
movl 0 -42.8850 368.6846 180.1633 167.8511 12.9415 -115.1811 100.0000 stroke5
movl 0 -43.4131 368.4301 180.4373 168.4686 12.2404 -115.0292 100.0000 stroke5
movl 0 -43.1532 368.7993 180.1786 168.4953 11.6070 -114.8269 100.0000 stroke5
movl 0 -43.1232 368.0065 180.4834 167.4364 11.4434 -113.5653 100.0000 stroke5
movl 0 -42.4981 367.8755 180.7322 166.9777 11.4035 -113.4172 100.0000 stroke5
movl 0 -39.1185 367.4512 182.7985 165.2079 11.5128 -112.9529 100.0000 stroke5
movl 0 -34.7099 367.5652 195.2889 162.0029 11.2424 -110.5907 100.0000 stroke5
movl 0 -27.3731 372.8005 231.9006 156.3842 10.7131 -108.4414 100.0000 stroke5
movl 0 6.8456 426.9814 249.4263 149.7847 4.5864 -98.5264 100.0000 stroke6
movl 0 5.7861 423.8331 212.6628 149.9238 2.7654 -98.5717 100.0000 stroke6
movl 0 -1.7937 424.9162 190.9301 152.1660 2.5848 -97.9949 100.0000 stroke6
movl 0 -9.2631 422.4886 185.7823 155.5712 4.0142 -97.7516 100.0000 stroke6
movl 0 -12.8167 425.6757 181.8731 156.8572 3.5293 -98.2448 100.0000 stroke6
movl 0 -16.3760 426.0614 179.3830 157.8933 3.8320 -97.7239 100.0000 stroke6
movl 0 -17.4546 427.2375 178.4591 158.1526 3.6227 -97.2666 100.0000 stroke6
movl 0 -21.2651 429.0899 176.1619 159.8712 2.0997 -97.7049 100.0000 stroke6
movl 0 -22.3136 430.5385 175.4549 161.0772 0.5475 -99.5736 100.0000 stroke6
movl 0 -21.7724 431.8880 175.1287 161.6211 -0.7163 -101.1297 100.0000 stroke6
movl 0 -22.7647 432.0149 175.2510 162.0411 -2.0759 -102.4018 100.0000 stroke6
movl 0 -23.4092 431.7116 175.5568 162.5170 -3.2832 -103.7685 100.0000 stroke6
movl 0 -24.2630 431.0483 175.8494 163.0219 -4.3151 -105.0988 100.0000 stroke6
movl 0 -25.1965 430.6271 176.1955 163.5783 -5.4272 -106.2710 100.0000 stroke6
movl 0 -26.1269 429.9291 176.7573 164.2639 -6.3926 -107.4883 100.0000 stroke6
movl 0 -26.7849 429.6228 176.9244 164.8778 -7.3308 -108.4934 100.0000 stroke6
movl 0 -27.5170 429.3429 177.1541 165.4877 -8.3638 -109.5619 100.0000 stroke6
movl 0 -28.7656 428.8700 177.2842 166.2575 -9.3086 -110.6857 100.0000 stroke6
movl 0 -29.4813 428.6364 177.6463 166.9241 -10.2368 -111.8952 100.0000 stroke6
movl 0 -30.3228 428.3604 178.0045 167.7679 -11.1553 -113.2606 100.0000 stroke6
movl 0 -31.0613 427.9795 178.1579 168.3985 -11.8766 -114.1981 100.0000 stroke6
movl 0 -31.8791 427.4369 178.2763 169.0436 -12.5258 -115.1320 100.0000 stroke6
movl 0 -32.9895 426.7830 178.4952 169.7004 -13.0703 -115.6908 100.0000 stroke6
movl 0 -34.3599 425.7370 178.7380 170.3309 -13.2566 -116.1202 100.0000 stroke6
movl 0 -35.4023 424.9466 178.8485 170.7908 -13.5131 -116.3487 100.0000 stroke6
movl 0 -36.7722 424.0058 178.8980 171.2859 -13.7271 -116.4516 100.0000 stroke6
movl 0 -37.8829 422.9882 179.2272 171.6435 -13.9021 -116.6050 100.0000 stroke6
movl 0 -39.2757 421.5764 179.6568 171.9106 -13.9701 -116.4321 100.0000 stroke6
movl 0 -41.2874 420.0101 179.9697 172.2001 -14.0208 -115.8794 100.0000 stroke6
movl 0 -44.0213 417.9989 180.2686 172.3388 -13.9311 -114.9017 100.0000 stroke6
movl 0 -46.4303 415.8117 181.0414 172.3213 -13.7715 -114.2944 100.0000 stroke6
movl 0 -48.1298 414.2521 182.0994 172.2132 -13.6475 -114.1621 100.0000 stroke6
movl 0 -49.1348 412.8383 183.1972 171.9140 -13.5001 -113.8851 100.0000 stroke6
movl 0 -50.2586 411.9103 183.7650 171.7855 -13.3188 -113.6808 100.0000 stroke6
movl 0 -51.1789 411.2154 184.3235 171.5508 -13.1779 -113.3589 100.0000 stroke6
movl 0 -52.1832 410.3119 185.4095 171.3124 -12.7511 -113.3840 100.0000 stroke6
movl 0 -52.2480 410.2944 185.6997 171.3024 -12.7298 -113.4551 100.0000 stroke6
movl 0 -48.6570 409.0706 188.3004 170.1880 -12.3069 -113.5821 100.0000 stroke6
movl 0 -35.9863 400.6916 212.0697 162.6121 -7.3761 -111.7431 100.0000 stroke6
movl 0 -13.5692 386.9170 231.9306 159.3642 -5.2451 -114.9670 100.0000 stroke7
movl 0 -25.5431 375.9565 201.3492 162.4740 -0.5171 -118.3296 100.0000 stroke7
movl 0 -36.2459 370.1390 191.7495 164.2002 4.2419 -116.5280 100.0000 stroke7
movl 0 -44.0019 367.2617 188.6263 165.3890 6.5907 -114.7934 100.0000 stroke7
movl 0 -48.3659 366.7885 188.1091 165.9139 7.1982 -114.1899 100.0000 stroke7
movl 0 -49.5277 369.1936 186.5630 166.4828 6.8057 -114.4895 100.0000 stroke7
movl 0 -50.7888 370.4380 185.8371 166.8361 6.5128 -114.7284 100.0000 stroke7
movl 0 -52.0774 372.2254 184.4978 167.7690 6.0965 -115.0470 100.0000 stroke7
movl 0 -52.9934 372.6110 184.0610 168.2813 5.9765 -115.2149 100.0000 stroke7
movl 0 -52.0190 371.0650 184.9699 167.1743 6.7049 -115.4495 100.0000 stroke7
movl 0 -54.6595 372.5134 183.8668 168.6439 6.3549 -115.2236 100.0000 stroke7
movl 0 -55.2651 372.5927 183.7253 169.0080 6.1691 -115.2432 100.0000 stroke7
movl 0 -54.8735 373.8677 183.5372 169.4482 5.8699 -115.8245 100.0000 stroke7
movl 0 -54.6305 374.1118 183.6419 169.7932 5.5842 -115.8349 100.0000 stroke7
movl 0 -54.7359 374.7642 183.7783 170.4555 5.0667 -116.0786 100.0000 stroke7
movl 0 -55.1264 375.6340 183.8000 171.2975 4.5059 -116.5210 100.0000 stroke7
movl 0 -55.4799 376.6264 183.9463 172.2532 3.8682 -117.1800 100.0000 stroke7
movl 0 -56.7601 377.6717 183.9809 173.7275 3.1897 -118.1198 100.0000 stroke7
movl 0 -58.4322 379.4879 183.8785 175.7335 2.2089 -119.8936 100.0000 stroke7
movl 0 -60.6479 381.3565 183.4161 177.9731 1.4393 -122.5448 100.0000 stroke7
movl 0 -62.5602 383.1502 182.8911 179.9289 1.0089 -125.6333 100.0000 stroke7
movl 0 -64.8543 384.8578 182.1472 -178.0084 0.8352 -129.3170 100.0000 stroke7
movl 0 -66.6518 385.9231 181.3987 -176.6476 0.9813 -132.5323 100.0000 stroke7
movl 0 -67.8431 386.4862 180.9561 -175.7807 1.1824 -135.0399 100.0000 stroke7
movl 0 -68.7117 386.7453 180.6574 -175.2651 1.4641 -137.0546 100.0000 stroke7
movl 0 -69.1333 386.9562 180.5603 -175.0723 1.7178 -138.9150 100.0000 stroke7
movl 0 -69.5858 387.3801 180.4430 -174.8475 2.1459 -141.8859 100.0000 stroke7
movl 0 -69.1614 387.7101 180.4780 -174.8640 2.3610 -144.4054 100.0000 stroke7
movl 0 -68.8250 388.1191 180.4453 -174.8319 2.5497 -145.3934 100.0000 stroke7
movl 0 -68.3044 388.3489 180.5381 -174.7544 2.5445 -146.0866 100.0000 stroke7
movl 0 -67.8735 388.6258 180.6062 -174.7047 2.5010 -146.9320 100.0000 stroke7
movl 0 -66.8004 388.7500 180.8826 -174.7623 2.2100 -146.9184 100.0000 stroke7
movl 0 -65.5421 388.7854 181.3891 -174.7621 1.9308 -146.9437 100.0000 stroke7
movl 0 -64.0389 389.5295 181.6211 -174.6334 1.5376 -147.0492 100.0000 stroke7
movl 0 -61.7317 391.4935 181.5938 -174.5318 0.9221 -147.3806 100.0000 stroke7
movl 0 -59.5515 393.3062 181.6763 -174.3671 0.2677 -147.8646 100.0000 stroke7
movl 0 -57.4943 394.7496 181.9986 -174.3043 -0.4391 -148.2542 100.0000 stroke7
movl 0 -56.0124 395.4001 182.3757 -174.2968 -0.8828 -148.6139 100.0000 stroke7
movl 0 -55.3247 395.2866 182.6549 -174.3012 -0.9092 -148.7948 100.0000 stroke7
movl 0 -54.4434 395.4073 182.7505 -174.3045 -0.9506 -148.7825 100.0000 stroke7
movl 0 -53.2697 395.4279 183.0230 -174.3370 -1.0402 -148.8651 100.0000 stroke7
movl 0 -52.3638 395.2357 183.3585 -174.4003 -1.0375 -149.0036 100.0000 stroke7
movl 0 -51.5403 394.9279 183.6564 -174.4157 -1.0615 -149.0878 100.0000 stroke7
movl 0 -50.3803 394.4367 184.1992 -174.5186 -1.0384 -149.2845 100.0000 stroke7
movl 0 -49.0813 394.4763 184.5034 -174.5521 -1.0523 -149.5019 100.0000 stroke7
movl 0 -47.9873 394.5472 184.4575 -174.5857 -1.0734 -149.6769 100.0000 stroke7
movl 0 -46.9380 394.4635 184.8172 -174.6158 -1.1038 -149.9049 100.0000 stroke7
movl 0 -45.8228 394.3903 185.1850 -174.7009 -1.1842 -150.0525 100.0000 stroke7
movl 0 -45.0458 394.0615 185.4754 -174.7477 -1.1973 -150.1918 100.0000 stroke7
movl 0 -44.1802 393.7054 185.9744 -174.8748 -1.2413 -150.2479 100.0000 stroke7
movl 0 -43.1029 393.5299 186.2244 -174.9291 -1.2755 -150.4028 100.0000 stroke7
movl 0 -42.0484 393.3476 186.6333 -175.0203 -1.3391 -150.5699 100.0000 stroke7
movl 0 -40.9979 393.1404 187.1094 -175.1596 -1.4150 -150.7070 100.0000 stroke7
movl 0 -40.1882 393.0551 187.3553 -175.1937 -1.4453 -150.8618 100.0000 stroke7
movl 0 -39.2730 392.8638 187.7792 -175.2740 -1.5782 -150.9986 100.0000 stroke7
movl 0 -38.3882 392.5016 188.3231 -175.4560 -1.5970 -151.1827 100.0000 stroke7
movl 0 -37.8278 392.3481 188.6307 -175.5613 -1.6416 -151.2876 100.0000 stroke7
movl 0 -36.9643 392.3328 188.9222 -175.6609 -1.7229 -151.4812 100.0000 stroke7
movl 0 -36.0210 392.1608 189.3980 -175.8283 -1.8659 -151.6099 100.0000 stroke7
movl 0 -35.4522 392.0087 189.6874 -175.9106 -1.9584 -151.7877 100.0000 stroke7
movl 0 -34.9573 391.8504 189.9632 -175.9891 -2.0714 -151.8596 100.0000 stroke7
movl 0 -34.3024 391.9205 190.1282 -176.0146 -2.1213 -152.0960 100.0000 stroke7
movl 0 -33.4493 391.6006 190.6873 -176.2327 -2.2235 -152.2100 100.0000 stroke7
movl 0 -32.6029 391.0302 191.4401 -176.4374 -2.2881 -152.3651 100.0000 stroke7
movl 0 -32.5728 391.2535 191.3251 -176.3423 -2.2870 -152.4751 100.0000 stroke7
movl 0 -32.6887 391.2427 191.3043 -176.3498 -2.3047 -152.4136 100.0000 stroke7
movl 0 -32.7940 390.8071 191.4445 -176.5137 -2.2876 -152.3610 100.0000 stroke7
movl 0 -29.5965 388.6266 195.6838 -178.0286 -3.3205 -151.8494 100.0000 stroke7
movl 0 -15.8599 376.6385 233.1035 175.7084 -6.2820 -150.4023 100.0000 stroke7
