movl 0 -14.3677 397.7838 167.6847 142.1909 -0.2208 -122.9632 100.0000 stroke1
movl 0 -17.3303 397.1413 170.4642 144.7059 -4.5341 -129.4622 100.0000 stroke1
movl 0 -28.5572 394.3131 172.1896 147.8075 -4.0223 -129.8520 100.0000 stroke1
movl 0 -30.9364 393.7469 170.4565 148.7691 -2.4221 -129.4688 100.0000 stroke1
movl 0 -35.5758 391.6460 170.3612 149.6713 -0.8065 -128.8439 100.0000 stroke1
movl 0 -37.3763 393.2407 169.4588 150.4834 -1.0021 -129.2805 100.0000 stroke1
movl 0 -39.1674 395.5943 168.5994 151.6725 -1.9878 -130.0992 100.0000 stroke1
movl 0 -40.5938 398.1201 168.0906 153.1945 -3.2207 -131.0929 100.0000 stroke1
movl 0 -40.6485 399.6426 167.7938 154.0018 -4.2603 -131.8875 100.0000 stroke1
movl 0 -40.8476 400.7238 167.7026 154.7252 -5.1155 -132.6047 100.0000 stroke1
movl 0 -41.2078 401.6364 167.6626 155.4497 -6.1484 -133.2056 100.0000 stroke1
movl 0 -41.6260 402.2263 167.7575 156.1300 -7.4271 -133.7909 100.0000 stroke1
movl 0 -42.8933 402.4817 168.0188 156.9069 -8.5480 -134.0234 100.0000 stroke1
movl 0 -45.1138 402.4720 168.1223 157.7223 -9.3395 -133.2595 100.0000 stroke1
movl 0 -47.4256 400.9103 168.1701 157.7084 -9.2768 -131.5886 100.0000 stroke1
movl 0 -45.2359 399.7451 168.3301 156.5168 -8.1755 -130.8251 100.0000 stroke1
movl 0 -44.8263 398.2754 168.4861 155.7877 -6.9438 -129.8798 100.0000 stroke1
movl 0 -45.0971 398.0288 168.6022 155.9300 -6.7068 -129.7448 100.0000 stroke1
movl 0 -45.9219 398.8967 168.6444 156.7980 -7.3667 -129.7160 100.0000 stroke1
movl 0 -47.0431 398.0924 168.7167 156.9190 -6.7862 -129.3987 100.0000 stroke1
movl 0 -36.4021 376.1686 181.9136 145.2629 4.7407 -125.1201 100.0000 stroke1
movl 0 -30.6266 337.3633 231.4408 138.5592 35.9101 -118.9943 100.0000 stroke1
movl 0 -29.4712 362.9328 208.1740 148.4619 22.3118 -95.9151 100.0000 stroke2
movl 0 -41.6100 375.5111 179.5324 153.7760 14.9072 -99.2863 100.0000 stroke2
movl 0 -44.7857 376.6286 178.4915 156.1407 13.9055 -101.6101 100.0000 stroke2
movl 0 -43.0470 379.4653 176.6083 156.3361 12.3408 -102.5741 100.0000 stroke2
movl 0 -44.5745 380.8361 175.0661 156.7685 12.2089 -103.3094 100.0000 stroke2
movl 0 -45.9673 382.5533 173.9260 157.2266 12.3772 -104.2081 100.0000 stroke2
movl 0 -48.3728 384.7118 173.0365 158.7511 11.6488 -103.7855 100.0000 stroke2
movl 0 -49.8266 384.9373 173.1851 159.7185 11.4854 -104.4968 100.0000 stroke2
movl 0 -49.6533 385.3363 173.2647 160.0704 11.3711 -105.1759 100.0000 stroke2
movl 0 -47.0502 386.5388 173.5755 160.2341 10.9790 -106.5698 100.0000 stroke2
movl 0 -41.9496 388.2167 173.8141 160.3130 10.4752 -108.3286 100.0000 stroke2
movl 0 -35.2297 391.3224 173.8138 160.5069 9.6748 -110.7438 100.0000 stroke2
movl 0 -31.7755 392.9870 173.7164 160.1844 8.9315 -111.7546 100.0000 stroke2
movl 0 -24.3231 394.1009 173.9237 157.6481 7.1983 -113.4870 100.0000 stroke2
movl 0 -18.9829 400.8742 172.3456 157.8508 3.2445 -115.4554 100.0000 stroke2
movl 0 -14.2245 407.1188 170.5691 157.7618 -0.5170 -117.1450 100.0000 stroke2
movl 0 -12.9977 409.7678 169.6161 157.5336 -2.7155 -117.6834 100.0000 stroke2
movl 0 -12.8224 410.2270 169.6387 157.3184 -4.0803 -117.7202 100.0000 stroke2
movl 0 -12.1987 406.2020 171.7294 155.2441 -4.7341 -116.3939 100.0000 stroke2
movl 0 -5.9502 384.3396 192.5414 144.8152 2.3341 -112.9558 100.0000 stroke2
movl 0 -2.8842 353.9813 243.8293 131.2746 16.6419 -111.4370 100.0000 stroke2
movl 0 -15.5707 371.9059 198.8193 145.2192 -1.6357 -116.4809 100.0000 stroke3
movl 0 -19.5058 380.1728 178.3060 151.2630 -9.3284 -125.3828 100.0000 stroke3
movl 0 -31.6828 375.3056 176.7621 153.4876 -5.7739 -126.3113 100.0000 stroke3
movl 0 -39.4177 374.6952 175.5495 153.7741 -4.6694 -124.7173 100.0000 stroke3
movl 0 -44.6159 374.7676 173.8436 154.2670 -4.4874 -124.9457 100.0000 stroke3
movl 0 -46.3407 375.8035 172.6257 154.7039 -4.5752 -124.5590 100.0000 stroke3
movl 0 -48.0097 376.4056 172.1443 155.6599 -3.9666 -125.1567 100.0000 stroke3
movl 0 -51.0279 377.4203 172.2917 157.7308 -3.7399 -126.1044 100.0000 stroke3
movl 0 -52.0380 377.0610 172.5331 158.3584 -3.3292 -126.7063 100.0000 stroke3
movl 0 -51.3294 377.0989 172.7286 158.5789 -3.1950 -127.6549 100.0000 stroke3
movl 0 -48.5416 377.9201 172.9763 158.8803 -3.3508 -129.2357 100.0000 stroke3
movl 0 -44.4427 379.2327 173.3330 159.3518 -3.6601 -131.0817 100.0000 stroke3
movl 0 -40.0983 380.1918 173.7242 159.9942 -3.5466 -133.0944 100.0000 stroke3
movl 0 -35.7552 381.6372 174.0431 160.8466 -3.3922 -135.1908 100.0000 stroke3
movl 0 -31.8870 383.3028 174.1445 161.8832 -2.9943 -137.5680 100.0000 stroke3
movl 0 -31.0706 382.1556 174.4503 161.3328 -2.9133 -137.5218 100.0000 stroke3
movl 0 -27.9363 380.6377 175.3012 160.0992 -2.9898 -137.6678 100.0000 stroke3
movl 0 -29.3335 380.8718 175.7361 161.1981 -3.1121 -137.6548 100.0000 stroke3
movl 0 -29.3920 381.6098 175.6224 162.0675 -3.5844 -137.7429 100.0000 stroke3
movl 0 -27.8363 374.9649 177.8378 155.1626 -3.6369 -128.0357 100.0000 stroke3
movl 0 -17.6108 343.4738 242.9484 135.9484 14.0151 -117.8056 100.0000 stroke3
movl 0 -23.2567 388.2710 194.7939 144.8855 -5.8465 -117.5237 100.0000 stroke4
movl 0 -29.1004 384.7946 176.3676 148.3737 -4.8008 -120.0428 100.0000 stroke4
movl 0 -39.8259 380.7578 175.4553 151.8836 -2.5604 -124.0109 100.0000 stroke4
movl 0 -45.2192 377.9862 175.0960 153.5288 -2.6185 -125.9906 100.0000 stroke4
movl 0 -48.2867 377.2775 174.8651 154.5336 -2.8211 -128.2903 100.0000 stroke4
movl 0 -51.6057 379.1287 173.7266 156.2315 -3.5592 -131.4563 100.0000 stroke4
movl 0 -57.0574 383.6925 173.2080 160.8440 -6.5349 -135.8875 100.0000 stroke4
movl 0 -60.0700 383.7675 173.3327 162.3443 -6.7849 -138.3505 100.0000 stroke4
movl 0 -59.4949 384.3737 173.4857 162.9893 -7.1380 -140.3171 100.0000 stroke4
movl 0 -59.1148 385.3438 174.2017 164.3485 -8.3559 -142.1999 100.0000 stroke4
movl 0 -58.5194 386.6973 175.3150 166.7011 -10.3456 -145.6939 100.0000 stroke4
movl 0 -58.3573 386.9712 176.6862 168.6061 -11.7453 -148.5424 100.0000 stroke4
movl 0 -58.1099 385.9993 177.3556 168.8339 -12.0700 -149.2481 100.0000 stroke4
movl 0 -58.3970 386.0214 177.3529 169.0277 -12.1097 -149.2953 100.0000 stroke4
movl 0 -57.7123 385.4926 177.7217 168.2871 -11.8656 -149.1782 100.0000 stroke4
movl 0 -50.1405 375.3535 198.6310 157.5291 -7.5151 -142.4757 100.0000 stroke4
movl 0 -33.3607 377.6854 206.8690 150.1830 -5.9350 -133.0023 100.0000 stroke5
movl 0 -32.0854 377.2112 182.2983 152.5035 -6.8607 -135.0864 100.0000 stroke5
movl 0 -36.6107 377.6783 176.7358 155.1037 -6.0484 -137.4765 100.0000 stroke5
movl 0 -38.7477 378.3695 175.1404 155.4688 -6.0015 -137.1874 100.0000 stroke5
movl 0 -40.9803 378.5408 173.8641 155.5114 -5.4823 -136.8073 100.0000 stroke5
movl 0 -46.1180 380.5999 172.3978 157.6150 -4.8861 -137.2092 100.0000 stroke5
movl 0 -46.7871 384.8211 172.2082 160.1876 -6.5834 -139.1892 100.0000 stroke5
movl 0 -46.8800 385.9810 172.7615 161.4734 -7.7336 -140.4647 100.0000 stroke5
movl 0 -47.8349 388.9385 174.1814 165.2166 -10.5662 -143.2351 100.0000 stroke5
movl 0 -48.5542 390.7278 175.4080 168.2636 -12.4295 -146.5919 100.0000 stroke5
movl 0 -47.6654 390.2755 175.9544 168.5507 -12.9416 -147.2211 100.0000 stroke5
movl 0 -48.3556 390.0408 176.1811 169.1921 -13.0947 -147.8734 100.0000 stroke5
movl 0 -48.3731 389.3334 176.3321 168.7107 -12.7732 -147.7580 100.0000 stroke5
movl 0 -43.7771 375.4643 183.9981 157.4639 -6.3245 -142.7335 100.0000 stroke5
movl 0 -12.3254 383.7147 231.7685 146.9012 -8.7676 -130.8011 100.0000 stroke6
movl 0 -22.2250 379.9081 184.0618 150.6317 -6.6340 -132.2300 100.0000 stroke6
movl 0 -30.5919 377.5928 178.6392 152.8871 -5.0743 -133.0857 100.0000 stroke6
movl 0 -34.6589 376.6242 176.1500 154.0806 -3.6756 -133.8166 100.0000 stroke6
movl 0 -35.1221 378.0247 174.9630 154.5696 -3.3823 -134.3698 100.0000 stroke6
movl 0 -35.2905 379.6211 174.1931 155.0002 -3.5281 -134.7330 100.0000 stroke6
movl 0 -38.3190 384.5352 173.1088 158.7164 -4.8639 -137.7513 100.0000 stroke6
movl 0 -37.1799 388.5747 173.5727 160.8618 -7.5988 -139.8299 100.0000 stroke6
movl 0 -38.0787 393.9377 174.6640 166.0240 -11.8645 -143.9333 100.0000 stroke6
movl 0 -40.0264 395.2436 175.6961 169.4125 -13.7137 -147.0496 100.0000 stroke6
movl 0 -37.8495 394.1116 176.3845 168.7061 -13.8630 -147.7566 100.0000 stroke6
movl 0 -38.6518 394.3031 176.6527 169.7389 -14.2474 -148.2685 100.0000 stroke6
movl 0 -38.8274 393.9134 176.7440 169.7482 -14.1686 -148.3621 100.0000 stroke6
movl 0 -37.8327 391.1997 177.9050 167.7944 -13.2734 -147.6260 100.0000 stroke6
movl 0 -27.1429 365.7713 222.4265 148.7584 -3.1825 -139.5659 100.0000 stroke6
movl 0 -3.8502 386.6992 247.4525 149.1592 -12.6968 -134.8983 100.0000 stroke7
movl 0 -6.4354 382.7871 191.5807 152.3458 -12.7118 -136.8672 100.0000 stroke7
movl 0 -16.6038 377.9869 182.0575 153.6930 -8.0573 -137.2169 100.0000 stroke7
movl 0 -23.5570 378.1856 177.5059 155.5135 -6.3845 -137.9255 100.0000 stroke7
movl 0 -25.5519 378.1407 176.6805 155.5831 -5.5843 -138.3075 100.0000 stroke7
movl 0 -29.7817 381.8526 174.5457 157.6767 -5.0035 -139.8687 100.0000 stroke7
movl 0 -29.9640 385.6715 174.0392 160.4313 -6.5963 -141.6722 100.0000 stroke7
movl 0 -30.1136 389.1524 175.4234 163.7979 -9.9086 -144.4177 100.0000 stroke7
movl 0 -31.0767 393.9293 176.1002 168.8233 -13.4652 -148.0783 100.0000 stroke7
movl 0 -30.2588 392.7251 176.6319 168.7828 -13.9318 -148.7721 100.0000 stroke7
movl 0 -30.6594 392.6113 176.8294 169.4412 -14.2496 -149.2262 100.0000 stroke7
movl 0 -30.2042 391.5244 177.0073 168.5444 -13.8979 -148.8674 100.0000 stroke7
movl 0 -27.3962 385.6172 178.8673 164.4092 -12.5838 -146.4224 100.0000 stroke7
movl 0 -27.9104 366.5305 213.2965 150.8933 -1.8811 -133.6156 100.0000 stroke7
movl 0 -39.1084 369.7810 208.0179 151.9821 -4.0352 -122.2258 100.0000 stroke8
movl 0 -50.7756 365.6363 183.4978 154.8850 -3.4380 -123.0597 100.0000 stroke8
movl 0 -60.5981 365.1057 179.6039 156.7764 -3.4259 -122.9118 100.0000 stroke8
movl 0 -66.5294 364.0515 178.5682 157.3008 -2.3471 -123.3406 100.0000 stroke8
movl 0 -67.6946 366.8026 177.2663 157.8846 -3.0642 -122.5729 100.0000 stroke8
movl 0 -68.9887 368.0089 176.4025 158.3705 -3.2596 -122.2829 100.0000 stroke8
movl 0 -71.3869 369.8981 175.6341 160.1244 -3.3356 -123.1229 100.0000 stroke8
movl 0 -73.2654 371.5379 175.5727 161.9633 -3.7112 -124.6732 100.0000 stroke8
movl 0 -73.7502 371.8207 176.1251 162.6410 -3.9722 -125.4051 100.0000 stroke8
movl 0 -73.3030 372.2090 176.1968 162.9219 -3.7842 -126.3703 100.0000 stroke8
movl 0 -70.6111 373.0951 176.4847 163.1530 -3.9821 -127.6222 100.0000 stroke8
movl 0 -67.5498 373.9146 176.8303 163.4436 -4.1464 -128.7778 100.0000 stroke8
movl 0 -63.1840 375.1604 177.0823 163.7279 -4.3981 -130.1387 100.0000 stroke8
movl 0 -58.7451 376.2346 177.2902 164.2962 -4.4278 -131.6783 100.0000 stroke8
movl 0 -55.3274 377.0355 177.4189 165.1237 -3.9846 -133.2147 100.0000 stroke8
movl 0 -53.0699 377.6421 177.5229 165.9065 -3.4382 -134.5405 100.0000 stroke8
movl 0 -51.0325 378.0825 177.6034 166.8548 -2.6756 -135.8959 100.0000 stroke8
movl 0 -47.8043 378.1934 177.6325 167.7415 -1.8535 -137.3849 100.0000 stroke8
movl 0 -43.2169 378.7226 177.5905 168.7396 -1.1885 -139.4567 100.0000 stroke8
movl 0 -40.9418 379.4250 177.4760 169.9694 -0.0814 -141.7513 100.0000 stroke8
movl 0 -40.3346 380.2498 177.2937 171.4646 1.1469 -144.2241 100.0000 stroke8
movl 0 -38.7186 381.0746 177.0976 172.2663 1.5964 -146.1928 100.0000 stroke8
movl 0 -38.4043 378.3298 178.2044 171.2245 1.6392 -145.9006 100.0000 stroke8
movl 0 -34.8070 373.2398 180.0505 168.3563 1.7345 -145.4612 100.0000 stroke8
movl 0 -33.1940 372.0875 180.7554 167.5478 1.6275 -145.7514 100.0000 stroke8
movl 0 -32.6354 372.4055 180.9007 167.7207 1.4900 -146.0348 100.0000 stroke8
movl 0 -33.6428 374.8531 180.8138 169.5192 0.6045 -146.0824 100.0000 stroke8
movl 0 -34.1268 377.2905 181.0250 171.2668 -0.4017 -147.0390 100.0000 stroke8
movl 0 -34.2470 377.8934 181.5860 172.0888 -0.7822 -147.6782 100.0000 stroke8
movl 0 -33.5429 377.5043 182.1884 172.1658 -1.0797 -147.8012 100.0000 stroke8
movl 0 -31.5342 376.0403 182.1137 170.5129 -1.8320 -145.9311 100.0000 stroke8
movl 0 -19.2705 358.9970 185.3594 155.9432 -1.0477 -130.9983 100.0000 stroke8
movl 0 -39.6724 361.4548 247.3743 145.8763 7.4034 -100.1346 100.0000 stroke9
movl 0 -43.5108 360.5206 191.4955 152.1000 0.2878 -109.2626 100.0000 stroke9
movl 0 -50.9349 355.6448 178.3999 155.9464 2.1141 -109.1176 100.0000 stroke9
movl 0 -55.6567 351.7697 177.7567 157.3427 4.8447 -110.1785 100.0000 stroke9
movl 0 -56.9436 351.7717 177.5337 158.2094 5.4668 -111.4980 100.0000 stroke9
movl 0 -57.9942 351.8537 177.3527 158.6980 5.6514 -112.2076 100.0000 stroke9
movl 0 -58.8494 353.0940 176.6926 159.0929 5.3941 -112.8636 100.0000 stroke9
movl 0 -61.2482 356.9593 175.9207 160.5432 2.7946 -113.3023 100.0000 stroke9
movl 0 -63.1669 358.4432 175.6392 161.2012 1.1652 -112.6974 100.0000 stroke9
movl 0 -64.6101 359.9378 175.1381 161.9164 -0.2712 -111.9908 100.0000 stroke9
movl 0 -66.6099 359.4889 174.8918 162.2890 -0.8305 -110.8867 100.0000 stroke9
movl 0 -64.4318 358.5432 175.5326 161.5998 -0.1136 -110.1519 100.0000 stroke9
movl 0 -60.1634 354.8373 176.8286 159.3941 2.0337 -108.8617 100.0000 stroke9
movl 0 -60.6466 355.3941 176.8099 159.7704 1.7190 -108.8991 100.0000 stroke9
movl 0 -62.3726 357.5517 176.6829 161.1682 0.4715 -109.8287 100.0000 stroke9
movl 0 -63.0795 358.4288 176.6443 161.8859 -0.3248 -109.9876 100.0000 stroke9
movl 0 -61.4725 352.6235 178.0807 160.0987 3.7454 -110.6499 100.0000 stroke9
movl 0 -53.2447 333.9959 201.8251 153.5239 20.7901 -108.6500 100.0000 stroke9
movl 0 -25.2616 362.4516 199.6960 150.0671 0.4349 -109.7495 100.0000 stroke10
movl 0 -29.7560 362.2610 176.9415 153.2564 -0.6874 -112.1991 100.0000 stroke10
movl 0 -35.1257 358.9040 178.4196 155.1101 0.3644 -112.6192 100.0000 stroke10
movl 0 -38.8510 357.3336 177.8676 155.7255 1.2843 -113.2395 100.0000 stroke10
movl 0 -41.3978 359.6841 176.8017 156.8241 0.9440 -113.5702 100.0000 stroke10
movl 0 -44.1637 363.1393 175.6168 158.5424 -0.0606 -113.8988 100.0000 stroke10
movl 0 -48.6998 370.4798 174.6998 162.9186 -4.4957 -117.4732 100.0000 stroke10
movl 0 -47.5275 372.0407 174.7316 163.4832 -5.1211 -119.4496 100.0000 stroke10
movl 0 -47.6850 372.5997 174.8393 163.9644 -6.7255 -119.0347 100.0000 stroke10
movl 0 -45.3045 371.4996 175.4211 163.3216 -6.6542 -120.2503 100.0000 stroke10
movl 0 -46.7421 369.2444 175.8437 163.2399 -5.6487 -120.5086 100.0000 stroke10
movl 0 -41.0369 351.0148 189.8330 154.7192 4.5645 -114.5028 100.0000 stroke10
movl 0 -17.3166 363.5999 222.0049 148.5959 -2.0037 -117.4098 100.0000 stroke11
movl 0 -16.5710 363.9480 180.0380 153.1223 -6.5085 -122.1558 100.0000 stroke11
movl 0 -25.2939 359.0387 179.4680 155.3675 -3.1854 -122.4784 100.0000 stroke11
movl 0 -29.3202 360.0424 178.4531 156.8259 -2.9909 -123.1225 100.0000 stroke11
movl 0 -31.1694 361.0845 177.5116 157.5284 -2.9332 -123.7064 100.0000 stroke11
movl 0 -37.0805 366.5529 176.2123 161.4888 -4.4983 -125.0352 100.0000 stroke11
movl 0 -40.6377 371.4099 175.6814 165.3435 -6.5031 -128.4401 100.0000 stroke11
movl 0 -38.3550 373.6441 175.5711 165.9494 -7.5584 -130.3528 100.0000 stroke11
movl 0 -39.0001 373.6933 175.7032 166.7766 -8.7178 -130.3797 100.0000 stroke11
movl 0 -37.7319 373.8079 175.9052 166.8326 -9.1702 -130.7605 100.0000 stroke11
movl 0 -32.6332 366.3847 178.3232 161.8692 -6.9054 -130.0149 100.0000 stroke11
movl 0 -21.0820 343.1683 221.1581 146.2107 3.8457 -125.8533 100.0000 stroke11
movl 0 -3.5889 372.0523 212.8109 152.6068 -18.2297 -135.1695 100.0000 stroke12
movl 0 -3.8241 375.5251 178.0818 162.5755 -21.1971 -147.9454 100.0000 stroke12
movl 0 -14.7500 369.0457 180.3629 163.1573 -16.2701 -150.6474 100.0000 stroke12
movl 0 -15.7975 370.8972 179.5200 164.3668 -16.2885 -151.4301 100.0000 stroke12
movl 0 -19.3797 372.1028 178.8025 165.4333 -15.7465 -152.1759 100.0000 stroke12
movl 0 -21.3957 373.6306 177.9007 166.3716 -15.4236 -152.8644 100.0000 stroke12
movl 0 -26.0522 376.1551 177.9145 169.7831 -14.0337 -155.8477 100.0000 stroke12
movl 0 -30.4707 379.3063 178.1034 173.6928 -12.4635 -160.5623 100.0000 stroke12
movl 0 -34.3579 383.3869 177.5119 177.5600 -10.6905 -166.5351 100.0000 stroke12
movl 0 -36.1446 386.4276 176.9494 -179.8038 -9.7047 -171.1190 100.0000 stroke12
movl 0 -32.0243 389.4765 176.6174 -178.9598 -10.4790 -173.5652 100.0000 stroke12
movl 0 -32.0884 391.7694 176.2943 -176.7311 -10.5895 -174.2374 100.0000 stroke12
movl 0 -29.4920 389.7364 177.2827 -177.9622 -11.3212 -172.9149 100.0000 stroke12
movl 0 -29.0569 389.5466 177.7721 -177.6224 -11.3872 -171.9374 100.0000 stroke12
movl 0 -27.4696 387.2804 178.8412 -178.4975 -11.7233 -171.5916 100.0000 stroke12
movl 0 -27.7677 386.2325 179.3718 -178.4859 -11.6051 -171.3334 100.0000 stroke12
movl 0 -28.2200 385.7446 179.5617 -178.8066 -11.4621 -171.0421 100.0000 stroke12
movl 0 -27.4121 384.5544 179.9442 -179.7304 -11.8760 -170.3954 100.0000 stroke12
movl 0 -25.9212 383.1858 180.5132 179.2128 -12.4190 -169.8343 100.0000 stroke12
movl 0 -19.9043 375.5538 184.0776 173.8770 -14.0814 -166.4364 100.0000 stroke12
movl 0 -12.0418 366.4380 214.6782 163.7331 -14.1847 -159.9001 100.0000 stroke12
