movl 0 -32.1966 438.8942 230.7843 152.3481 4.5455 -104.8404 100.0000 stroke1
movl 0 -32.6700 432.2338 203.4171 151.8135 3.1330 -106.7013 100.0000 stroke1
movl 0 -36.0611 430.0772 197.4799 152.7853 3.3577 -107.5569 100.0000 stroke1
movl 0 -37.4989 429.2690 192.7104 154.2535 1.5302 -111.5446 100.0000 stroke1
movl 0 -36.6205 431.4092 189.1312 155.1439 -1.9484 -117.1230 100.0000 stroke1
movl 0 -36.8024 431.8928 186.6570 155.8481 -4.0952 -119.5870 100.0000 stroke1
movl 0 -36.4314 433.1113 184.0301 155.7358 -3.4575 -117.6440 100.0000 stroke1
movl 0 -37.3892 433.7931 182.3681 155.9628 -3.5971 -117.1317 100.0000 stroke1
movl 0 -38.4875 434.5217 181.2468 156.5936 -4.6036 -118.4235 100.0000 stroke1
movl 0 -39.1474 435.6572 180.5993 156.8753 -4.8536 -119.1474 100.0000 stroke1
movl 0 -39.7976 436.5141 179.9864 156.9265 -5.0487 -119.4013 100.0000 stroke1
movl 0 -40.7254 437.2746 179.0708 157.1207 -5.0645 -119.2728 100.0000 stroke1
movl 0 -41.8329 437.9764 178.3800 157.5985 -5.3253 -119.4931 100.0000 stroke1
movl 0 -43.3779 438.9320 177.2615 158.5555 -5.7777 -119.8512 100.0000 stroke1
movl 0 -44.2059 440.0703 176.5161 159.5022 -6.5201 -120.6058 100.0000 stroke1
movl 0 -44.8023 441.1868 175.7622 160.3412 -7.0353 -121.1973 100.0000 stroke1
movl 0 -44.7408 442.9968 174.6990 161.1211 -8.0573 -121.8762 100.0000 stroke1
movl 0 -44.0731 444.6029 173.8474 161.7927 -8.9161 -122.9432 100.0000 stroke1
movl 0 -43.2893 445.5914 173.3954 162.1476 -9.4428 -123.8119 100.0000 stroke1
movl 0 -43.3453 446.0799 173.2218 162.2300 -10.0959 -123.9684 100.0000 stroke1
movl 0 -43.6714 445.9837 173.1743 162.2741 -10.2686 -124.0817 100.0000 stroke1
movl 0 -44.6981 445.4243 173.2053 162.4726 -10.3954 -124.3612 100.0000 stroke1
movl 0 -45.5952 445.3861 173.0690 162.7232 -10.7715 -124.5029 100.0000 stroke1
movl 0 -46.2813 445.0906 173.0970 162.8877 -10.9171 -124.6682 100.0000 stroke1
movl 0 -47.0812 444.6228 173.3232 163.0854 -11.1333 -124.8103 100.0000 stroke1
movl 0 -47.5830 444.3238 173.4708 163.2659 -11.2743 -125.0120 100.0000 stroke1
movl 0 -48.1126 443.9953 173.6331 163.4223 -11.3507 -125.2078 100.0000 stroke1
movl 0 -48.6270 443.6534 173.8159 163.5719 -11.4607 -125.4306 100.0000 stroke1
movl 0 -49.1347 443.5219 173.8542 163.6726 -11.6196 -125.5699 100.0000 stroke1
movl 0 -49.7566 443.2231 173.9620 163.8444 -11.7821 -125.7007 100.0000 stroke1
movl 0 -50.4012 442.7575 174.2252 163.9313 -11.8420 -125.7115 100.0000 stroke1
movl 0 -50.9926 442.1452 174.6764 163.9747 -12.0064 -125.6991 100.0000 stroke1
movl 0 -51.8060 441.6458 174.8670 164.0989 -12.1193 -125.6717 100.0000 stroke1
movl 0 -52.6405 441.2315 175.0281 164.1970 -12.2414 -125.5598 100.0000 stroke1
movl 0 -54.0845 440.1279 175.4485 164.2944 -12.1640 -125.2694 100.0000 stroke1
movl 0 -55.4181 439.3820 175.6030 164.4658 -12.2440 -125.0865 100.0000 stroke1
movl 0 -56.9018 438.6452 175.7945 164.6725 -12.2749 -124.7587 100.0000 stroke1
movl 0 -58.6253 437.6333 176.0913 164.8036 -12.2133 -124.2783 100.0000 stroke1
movl 0 -60.2648 436.8804 176.2194 164.9378 -12.1889 -123.7527 100.0000 stroke1
movl 0 -62.4734 435.3831 176.5571 165.0031 -12.0725 -123.0936 100.0000 stroke1
movl 0 -64.3546 434.4303 176.6776 165.0853 -12.0273 -122.4716 100.0000 stroke1
movl 0 -66.0940 433.1524 177.1169 165.0098 -11.8783 -121.8195 100.0000 stroke1
movl 0 -67.6312 432.1080 177.7036 164.9231 -11.7868 -121.2771 100.0000 stroke1
movl 0 -68.8505 431.3779 178.1034 164.8823 -11.7362 -120.9417 100.0000 stroke1
movl 0 -69.6876 430.9121 178.3262 164.7939 -11.6995 -120.6680 100.0000 stroke1
movl 0 -70.7404 430.1677 178.9231 164.6939 -11.6091 -120.4349 100.0000 stroke1
movl 0 -71.5729 429.4774 179.5213 164.5877 -11.5170 -120.4003 100.0000 stroke1
movl 0 -71.8893 429.2949 180.1236 164.4547 -11.5503 -120.4025 100.0000 stroke1
movl 0 -72.5068 429.0846 180.4898 164.5242 -11.4852 -120.4338 100.0000 stroke1
movl 0 -72.5165 427.0232 181.7658 164.3607 -10.8823 -120.6121 100.0000 stroke1
movl 0 -69.5510 422.3527 190.2214 162.8819 -9.4825 -121.6818 100.0000 stroke1
movl 0 -61.4990 410.0672 233.2552 159.3243 -7.3328 -124.4820 100.0000 stroke1
movl 0 -34.7546 428.8217 219.1524 156.1894 -3.0196 -106.3682 100.0000 stroke2
movl 0 -37.3968 430.9869 194.4515 157.8266 -5.0513 -108.9483 100.0000 stroke2
movl 0 -45.2401 426.0902 195.2392 159.9557 -2.9984 -111.6584 100.0000 stroke2
movl 0 -45.9658 430.1072 190.0049 160.4819 -2.7913 -112.7675 100.0000 stroke2
movl 0 -46.8082 433.7436 187.1704 161.2402 -3.4499 -112.2971 100.0000 stroke2
movl 0 -48.7147 434.4364 186.3854 161.3415 -3.2388 -111.6336 100.0000 stroke2
movl 0 -49.9661 436.6332 184.6361 161.8227 -3.3910 -110.9938 100.0000 stroke2
movl 0 -50.8724 437.5824 183.8899 162.0417 -3.3224 -110.5911 100.0000 stroke2
movl 0 -51.8848 437.3522 183.7146 162.0950 -2.9742 -110.1584 100.0000 stroke2
movl 0 -53.3661 438.0193 183.1977 162.7235 -2.9378 -110.2208 100.0000 stroke2
movl 0 -54.9454 438.4796 182.5951 163.4235 -2.9086 -110.4283 100.0000 stroke2
movl 0 -56.0833 438.4032 182.3452 164.0790 -2.7352 -110.8258 100.0000 stroke2
movl 0 -57.2951 439.0685 181.7861 164.9419 -2.8620 -111.2913 100.0000 stroke2
movl 0 -57.4133 438.8194 182.0087 165.0853 -2.8276 -111.6865 100.0000 stroke2
movl 0 -54.4231 435.6090 184.2581 162.1522 -1.4073 -111.6853 100.0000 stroke2
movl 0 -57.5906 437.7828 182.5749 163.7984 -2.3059 -111.6535 100.0000 stroke2
movl 0 -58.7940 438.6123 182.0984 164.9382 -2.6865 -112.1682 100.0000 stroke2
movl 0 -59.9409 439.3601 181.7178 166.0186 -2.8452 -113.0003 100.0000 stroke2
movl 0 -60.7053 440.3345 181.2452 166.9596 -3.1503 -114.0104 100.0000 stroke2
movl 0 -62.2591 441.8046 180.5513 168.4493 -3.5288 -115.2913 100.0000 stroke2
movl 0 -63.2947 443.3352 179.9492 169.9464 -4.0314 -117.1729 100.0000 stroke2
movl 0 -63.6651 445.3373 179.2426 171.3223 -4.6300 -119.1366 100.0000 stroke2
movl 0 -63.9931 448.2392 177.9433 173.1564 -5.3193 -121.0753 100.0000 stroke2
movl 0 -62.9359 450.4176 177.3762 173.9537 -6.2251 -122.2861 100.0000 stroke2
movl 0 -57.8070 450.4414 178.4376 172.1035 -6.7613 -122.4040 100.0000 stroke2
movl 0 -56.6545 451.9357 177.6727 172.6116 -7.3519 -123.0557 100.0000 stroke2
movl 0 -57.9902 452.0004 177.7127 173.5124 -8.1724 -122.7231 100.0000 stroke2
movl 0 -57.6747 451.3576 178.2600 173.1512 -8.0326 -122.3268 100.0000 stroke2
movl 0 -55.4565 450.0224 179.4012 172.1335 -7.0648 -122.6553 100.0000 stroke2
movl 0 -56.0878 450.7587 178.7843 172.8867 -7.7376 -122.7845 100.0000 stroke2
movl 0 -57.0016 449.4975 179.3007 173.0291 -7.9207 -122.3169 100.0000 stroke2
movl 0 -54.7449 448.4895 180.4644 171.7802 -7.2171 -122.1887 100.0000 stroke2
movl 0 -55.4779 448.9915 179.9617 172.6390 -7.8202 -121.9452 100.0000 stroke2
movl 0 -54.5413 447.0745 181.0806 171.9603 -7.4322 -122.1126 100.0000 stroke2
movl 0 -53.3424 446.9127 181.3024 171.8594 -7.5943 -122.0443 100.0000 stroke2
movl 0 -53.5551 445.9619 181.5545 171.6803 -7.3583 -121.7879 100.0000 stroke2
movl 0 -53.1576 445.0960 181.9430 170.8803 -6.8186 -121.2053 100.0000 stroke2
movl 0 -53.1903 444.4482 182.1645 170.4150 -6.5273 -120.6882 100.0000 stroke2
movl 0 -50.2500 435.6635 189.8191 166.0357 -4.4021 -119.9165 100.0000 stroke2
movl 0 -45.0125 390.8070 229.2961 171.7173 25.4364 -58.7600 100.0000 stroke3
movl 0 -55.7319 385.6587 197.3368 173.3321 23.8293 -59.0913 100.0000 stroke3
movl 0 -59.1509 385.9652 188.6638 175.1102 22.5224 -58.4482 100.0000 stroke3
movl 0 -61.8466 388.0537 183.3053 176.0762 21.1897 -57.8702 100.0000 stroke3
movl 0 -60.9722 390.2965 181.4735 175.1582 20.9284 -57.4824 100.0000 stroke3
movl 0 -64.1592 390.0636 180.5515 175.4718 20.8712 -55.8643 100.0000 stroke3
movl 0 -65.1066 391.3914 180.1503 174.6867 20.2445 -56.9850 100.0000 stroke3
movl 0 -66.8591 392.4613 179.7260 173.3902 18.9907 -60.6056 100.0000 stroke3
movl 0 -68.8662 393.4541 179.1396 173.0853 18.3495 -63.2066 100.0000 stroke3
movl 0 -70.9197 394.4915 178.2555 173.5722 17.1156 -64.5985 100.0000 stroke3
movl 0 -71.8550 394.3739 178.2805 173.8367 16.6542 -65.2144 100.0000 stroke3
movl 0 -72.6401 394.6487 178.3512 173.9175 16.3874 -66.1339 100.0000 stroke3
movl 0 -72.9073 394.8866 178.3896 174.1448 16.2159 -67.0727 100.0000 stroke3
movl 0 -72.3324 395.4841 178.4414 174.4093 16.0305 -68.6147 100.0000 stroke3
movl 0 -71.6471 396.3644 178.2598 174.8170 15.6246 -69.9139 100.0000 stroke3
movl 0 -70.4811 397.4680 178.0434 175.2182 15.2572 -71.5882 100.0000 stroke3
movl 0 -69.2187 398.8608 177.6269 175.5137 14.9893 -73.3246 100.0000 stroke3
movl 0 -68.6917 398.8254 177.8938 175.2811 15.1135 -73.5353 100.0000 stroke3
movl 0 -67.1914 397.8336 178.9916 174.8970 15.9105 -73.5860 100.0000 stroke3
movl 0 -66.6447 397.7915 179.3518 174.6917 15.9653 -73.7520 100.0000 stroke3
movl 0 -66.4675 397.8589 179.2241 174.6345 15.1699 -73.7330 100.0000 stroke3
movl 0 -65.6091 398.1170 179.0542 174.2145 14.9533 -73.9166 100.0000 stroke3
movl 0 -66.0972 397.2577 179.7517 173.4662 15.2110 -73.2243 100.0000 stroke3
movl 0 -66.0066 397.3566 179.8307 173.2933 15.2124 -73.2556 100.0000 stroke3
movl 0 -65.4699 391.8989 185.0787 173.9140 17.0458 -72.0135 100.0000 stroke3
movl 0 -57.4894 362.7102 229.5172 173.8364 26.2921 -71.9072 100.0000 stroke3
movl 0 -40.6812 372.5077 217.8293 164.6455 23.5283 -69.6078 100.0000 stroke4
movl 0 -47.7579 385.8193 187.9069 166.6805 18.9940 -69.4953 100.0000 stroke4
movl 0 -46.1560 387.7755 185.7600 166.2673 18.3973 -70.4551 100.0000 stroke4
movl 0 -53.8534 388.0420 182.1449 166.8180 16.6052 -71.1382 100.0000 stroke4
movl 0 -57.1029 388.9302 180.5509 166.9330 16.0477 -72.0486 100.0000 stroke4
movl 0 -58.7350 389.1188 180.3999 166.6888 15.9105 -72.2094 100.0000 stroke4
movl 0 -60.5863 390.0010 179.7022 166.6552 15.1834 -72.5224 100.0000 stroke4
movl 0 -62.5495 390.6279 178.9594 167.4808 14.6925 -73.0114 100.0000 stroke4
movl 0 -65.2922 390.5539 178.8925 168.5936 13.9337 -74.1355 100.0000 stroke4
movl 0 -66.1338 390.0559 179.1426 169.0082 13.7927 -75.0235 100.0000 stroke4
movl 0 -66.8590 390.0390 179.1147 169.6739 13.8122 -75.6416 100.0000 stroke4
movl 0 -66.5743 390.5122 179.0118 170.1438 13.5113 -76.5061 100.0000 stroke4
movl 0 -65.4107 391.2600 178.8916 170.5946 13.1651 -77.7036 100.0000 stroke4
movl 0 -64.8769 392.0334 178.5854 171.1551 12.6961 -79.0691 100.0000 stroke4
movl 0 -63.7318 393.7584 178.0243 171.6496 12.0530 -80.3679 100.0000 stroke4
movl 0 -61.8650 395.0681 177.5546 171.7952 11.6155 -81.7788 100.0000 stroke4
movl 0 -61.3025 393.9531 178.4609 171.3445 12.1779 -81.6046 100.0000 stroke4
movl 0 -59.5388 392.6059 179.7020 170.7770 12.9120 -81.9792 100.0000 stroke4
movl 0 -59.0078 392.0181 180.1921 170.7165 13.1090 -82.1873 100.0000 stroke4
movl 0 -58.9224 391.6769 180.2871 170.6792 13.0422 -82.1815 100.0000 stroke4
movl 0 -58.9809 391.8821 179.8010 170.7791 12.1811 -81.9273 100.0000 stroke4
movl 0 -58.9582 392.1893 179.4877 170.5934 11.8135 -82.0453 100.0000 stroke4
movl 0 -60.0304 391.5912 179.8400 170.2825 12.0683 -81.3243 100.0000 stroke4
movl 0 -60.1153 391.5044 179.9459 170.1438 12.1135 -81.2911 100.0000 stroke4
movl 0 -60.2784 391.0073 180.3103 170.0113 12.3513 -81.2204 100.0000 stroke4
movl 0 -59.1301 388.5864 183.2956 169.3841 13.5047 -80.1439 100.0000 stroke4
movl 0 -56.6925 372.3658 229.3992 167.7027 20.7421 -76.7121 100.0000 stroke4
movl 0 -40.4390 377.6541 223.5192 176.8633 32.6445 -42.9626 100.0000 stroke5
movl 0 -44.8205 383.8521 183.7036 173.8328 27.1086 -49.2461 100.0000 stroke5
movl 0 -46.1504 382.7762 182.0806 176.4982 25.7361 -48.1496 100.0000 stroke5
movl 0 -47.7047 384.5208 178.4124 176.8900 24.5663 -46.5546 100.0000 stroke5
movl 0 -50.2844 387.1282 176.1513 177.7682 23.4085 -44.9704 100.0000 stroke5
movl 0 -51.2352 389.2162 175.3588 177.4862 22.9146 -45.0014 100.0000 stroke5
movl 0 -51.5085 389.3713 175.3384 177.4091 23.0758 -45.3246 100.0000 stroke5
movl 0 -52.9798 390.9840 174.5595 176.9556 21.6769 -46.2131 100.0000 stroke5
movl 0 -52.9223 392.2839 174.1960 175.7295 20.2352 -49.0389 100.0000 stroke5
movl 0 -52.0636 393.4426 174.0843 174.5849 19.6033 -51.1684 100.0000 stroke5
movl 0 -53.2720 393.6361 174.3160 173.0751 18.5205 -54.3032 100.0000 stroke5
movl 0 -53.9653 393.3336 174.4629 172.1924 17.8437 -56.6776 100.0000 stroke5
movl 0 -54.1629 393.4526 174.5062 171.4611 17.1579 -58.4269 100.0000 stroke5
movl 0 -54.2797 393.4478 174.6996 170.8361 16.5364 -59.8983 100.0000 stroke5
movl 0 -54.2409 393.4629 174.9761 170.0673 15.6939 -61.6874 100.0000 stroke5
movl 0 -54.3119 393.4947 175.2968 169.4500 14.8310 -63.2287 100.0000 stroke5
movl 0 -54.4524 393.5031 175.4411 168.9182 14.2428 -64.4868 100.0000 stroke5
movl 0 -54.6077 393.4400 175.6955 168.4961 13.6436 -65.3744 100.0000 stroke5
movl 0 -54.7274 393.7381 175.8439 167.9683 12.7120 -66.6193 100.0000 stroke5
movl 0 -54.8905 393.6111 176.0515 167.5563 12.0252 -67.8465 100.0000 stroke5
movl 0 -54.8206 393.5838 176.1302 167.3216 11.4670 -68.9284 100.0000 stroke5
movl 0 -55.1370 393.5055 176.2242 166.9122 10.6903 -70.4762 100.0000 stroke5
movl 0 -55.5528 393.2373 176.4712 166.5138 9.8466 -71.8800 100.0000 stroke5
movl 0 -55.7391 393.3421 176.5240 166.2567 9.0788 -72.9586 100.0000 stroke5
movl 0 -55.8506 393.4796 176.5873 165.8295 8.1434 -74.2972 100.0000 stroke5
movl 0 -55.9321 393.3154 176.7397 165.5248 7.3005 -75.5648 100.0000 stroke5
movl 0 -56.1419 393.4348 176.7192 165.3797 6.5623 -76.8954 100.0000 stroke5
movl 0 -56.5752 393.3976 176.6990 165.2794 5.7446 -77.8796 100.0000 stroke5
movl 0 -56.9351 392.7845 176.8528 165.3076 5.5105 -78.1747 100.0000 stroke5
movl 0 -57.1995 392.5247 176.9254 165.2527 5.0955 -78.3737 100.0000 stroke5
movl 0 -57.9146 391.7270 177.1601 165.3730 4.8211 -77.6877 100.0000 stroke5
movl 0 -56.9198 390.8759 178.0170 165.1379 5.8066 -77.5757 100.0000 stroke5
movl 0 -55.8754 391.0300 178.1520 164.9369 5.8231 -78.1979 100.0000 stroke5
movl 0 -57.3587 390.2648 178.4739 165.0926 5.3191 -78.2402 100.0000 stroke5
movl 0 -55.5538 390.1133 178.7634 164.9163 6.1265 -79.0529 100.0000 stroke5
movl 0 -57.5546 389.3124 178.8815 165.2209 5.0636 -79.4054 100.0000 stroke5
movl 0 -54.7879 390.2475 179.0444 164.7779 5.5178 -80.7536 100.0000 stroke5
movl 0 -57.4414 389.0361 179.2063 165.2564 4.8299 -80.8892 100.0000 stroke5
movl 0 -56.6513 389.3199 179.3063 165.1730 5.1264 -81.7439 100.0000 stroke5
movl 0 -56.2624 388.5702 180.0631 165.0540 5.5679 -83.4310 100.0000 stroke5
movl 0 -52.4566 372.7690 212.0571 163.4109 15.5919 -86.8679 100.0000 stroke5
movl 0 -53.1732 373.6618 205.0132 154.3530 7.7741 -101.1531 100.0000 stroke6
movl 0 -58.0873 370.6491 187.5840 156.6555 5.7738 -107.8915 100.0000 stroke6
movl 0 -60.8929 371.0158 183.4705 158.2738 4.8622 -110.1813 100.0000 stroke6
movl 0 -61.8229 371.4922 182.3692 158.6335 4.3211 -111.2940 100.0000 stroke6
movl 0 -62.8686 373.5023 180.9388 159.4522 3.3095 -113.2333 100.0000 stroke6
movl 0 -63.9926 374.1568 180.2324 159.9374 3.0404 -114.5590 100.0000 stroke6
movl 0 -64.8350 375.4019 179.3735 160.4737 2.2697 -116.1475 100.0000 stroke6
movl 0 -66.8391 377.4647 177.8044 161.7391 0.7910 -118.6117 100.0000 stroke6
movl 0 -68.2287 377.9294 177.0746 162.4589 -0.0508 -120.8857 100.0000 stroke6
movl 0 -69.0380 378.1161 176.6649 162.9179 -1.0771 -122.8789 100.0000 stroke6
movl 0 -69.9896 377.9258 176.6337 163.0637 -1.5642 -123.6058 100.0000 stroke6
movl 0 -69.3096 378.7383 176.6983 163.1804 -1.7918 -124.9731 100.0000 stroke6
movl 0 -67.1466 379.7723 176.3926 163.2802 -2.0022 -126.0719 100.0000 stroke6
movl 0 -65.9731 379.6962 176.7540 163.3237 -2.2559 -126.9971 100.0000 stroke6
movl 0 -64.6398 379.6543 176.8681 163.4017 -2.6089 -127.5583 100.0000 stroke6
movl 0 -62.9835 379.2233 177.2128 163.2814 -2.8562 -127.8615 100.0000 stroke6
movl 0 -60.4674 377.6994 178.2413 162.7202 -3.1131 -127.7446 100.0000 stroke6
movl 0 -59.0124 376.6381 179.2108 162.1538 -3.0797 -127.4569 100.0000 stroke6
movl 0 -59.6188 375.9693 180.0546 161.8579 -2.4108 -125.9448 100.0000 stroke6
movl 0 -54.9962 372.6769 194.7052 159.3558 1.3591 -119.0621 100.0000 stroke6
movl 0 -48.1561 383.2851 217.3840 167.9827 19.7128 -70.3456 100.0000 stroke7
movl 0 -53.6501 380.4398 192.3370 170.0914 17.7713 -71.7573 100.0000 stroke7
movl 0 -51.7791 380.7393 190.0846 169.8415 16.7350 -72.6140 100.0000 stroke7
movl 0 -52.6964 383.0822 185.7673 170.0065 14.9489 -73.0127 100.0000 stroke7
movl 0 -52.6646 385.7271 183.5038 170.0726 13.8184 -73.8791 100.0000 stroke7
movl 0 -53.0104 385.7010 183.4192 169.6896 13.7137 -74.1523 100.0000 stroke7
movl 0 -53.7587 387.8413 182.1749 169.8764 12.6580 -74.8359 100.0000 stroke7
movl 0 -55.0180 389.8820 180.7442 170.2255 11.2785 -75.7927 100.0000 stroke7
movl 0 -54.9944 391.2238 179.9613 170.3412 10.1497 -76.9904 100.0000 stroke7
movl 0 -54.2831 392.5608 179.3955 170.0257 9.4974 -78.0023 100.0000 stroke7
movl 0 -55.3436 392.8603 179.1410 169.6965 8.6458 -78.5747 100.0000 stroke7
movl 0 -56.3855 391.8123 179.1574 169.1560 8.1309 -78.8345 100.0000 stroke7
movl 0 -58.0665 389.9292 179.6600 168.9246 7.9669 -78.2498 100.0000 stroke7
movl 0 -59.3610 387.5411 180.7561 168.5292 7.9752 -77.8948 100.0000 stroke7
movl 0 -61.0908 384.9040 182.2337 168.2768 8.4273 -77.6220 100.0000 stroke7
movl 0 -60.6405 384.2737 183.0021 168.0594 8.7243 -78.4530 100.0000 stroke7
movl 0 -54.6749 380.9876 188.4550 166.1464 11.0395 -82.0286 100.0000 stroke7
movl 0 -51.9936 369.0339 233.8591 161.9430 15.5985 -90.1114 100.0000 stroke7
movl 0 -51.2789 364.3343 223.1626 159.2374 16.0650 -84.9783 100.0000 stroke8
movl 0 -64.5558 362.5783 193.8159 163.4074 14.5730 -82.4981 100.0000 stroke8
movl 0 -64.8689 364.4124 188.2276 164.1885 13.3707 -82.9092 100.0000 stroke8
movl 0 -68.3258 364.0832 184.9910 164.7758 12.8844 -81.9850 100.0000 stroke8
movl 0 -70.2676 365.7355 183.2487 164.9350 12.3488 -81.2873 100.0000 stroke8
movl 0 -72.1208 366.7858 181.9394 165.2653 11.6058 -80.5488 100.0000 stroke8
movl 0 -72.4059 368.4847 181.0215 165.4901 11.0430 -81.0453 100.0000 stroke8
movl 0 -73.1501 368.7759 180.7616 165.3660 10.8402 -81.2319 100.0000 stroke8
movl 0 -74.9807 370.1505 179.7241 166.1397 9.7887 -82.2930 100.0000 stroke8
movl 0 -76.5459 370.7033 179.1850 167.1549 8.7840 -83.9615 100.0000 stroke8
movl 0 -77.5414 370.5465 179.3328 167.4634 8.4629 -85.7526 100.0000 stroke8
movl 0 -78.6439 370.8851 179.2578 168.0183 8.1840 -87.4571 100.0000 stroke8
movl 0 -78.0252 371.3892 179.2363 168.3725 7.8372 -89.1732 100.0000 stroke8
movl 0 -76.4156 371.9733 179.4678 168.4677 7.6020 -90.4895 100.0000 stroke8
movl 0 -75.5296 372.0949 179.6966 168.7896 7.4853 -91.8316 100.0000 stroke8
movl 0 -75.3443 372.1272 179.8353 169.3243 7.5040 -92.6594 100.0000 stroke8
movl 0 -74.9082 372.2811 179.9199 169.6032 7.4277 -93.6918 100.0000 stroke8
movl 0 -74.2770 372.4352 179.8798 169.8764 7.3547 -94.5145 100.0000 stroke8
movl 0 -73.7150 372.6703 179.9464 170.2361 7.3146 -95.3876 100.0000 stroke8
movl 0 -73.2998 372.8009 179.8840 170.6410 7.3381 -96.1209 100.0000 stroke8
movl 0 -72.7925 372.8766 179.9010 170.8801 7.3455 -96.8052 100.0000 stroke8
movl 0 -72.5573 373.0747 179.8678 171.1759 7.2713 -97.4323 100.0000 stroke8
movl 0 -72.7120 373.1259 179.8399 171.7631 7.4473 -98.0521 100.0000 stroke8
movl 0 -72.5326 373.6575 179.6308 172.1973 7.4956 -98.7237 100.0000 stroke8
movl 0 -72.0494 374.3365 179.3656 172.6500 7.5450 -99.6953 100.0000 stroke8
movl 0 -70.2756 375.6704 178.9339 172.8857 7.1864 -100.7489 100.0000 stroke8
movl 0 -70.2890 375.0915 179.3141 172.8753 7.4012 -100.6222 100.0000 stroke8
movl 0 -68.6177 373.5434 180.5787 171.9555 7.9246 -100.4411 100.0000 stroke8
movl 0 -67.9796 372.1825 181.5323 171.5459 8.4702 -100.6459 100.0000 stroke8
movl 0 -67.1033 371.6059 182.1304 171.2494 8.7313 -100.8297 100.0000 stroke8
movl 0 -66.2058 371.0156 182.6541 170.8841 8.8665 -100.9489 100.0000 stroke8
movl 0 -66.2330 371.3552 182.3925 170.9872 8.4273 -100.7776 100.0000 stroke8
movl 0 -66.0198 371.9320 182.2319 171.3431 7.4683 -100.6272 100.0000 stroke8
movl 0 -65.6493 372.0844 182.0564 171.4502 7.0938 -100.8589 100.0000 stroke8
movl 0 -65.3356 372.2195 181.9020 171.3036 6.7826 -100.5302 100.0000 stroke8
movl 0 -65.7107 371.7821 182.2661 170.5805 7.1328 -99.6625 100.0000 stroke8
movl 0 -66.0015 371.4127 182.4884 170.3806 7.2367 -99.1314 100.0000 stroke8
movl 0 -60.7905 368.4166 187.0827 167.4767 9.0359 -97.2494 100.0000 stroke8
movl 0 -46.4620 353.2764 245.8736 161.0239 21.4180 -91.4829 100.0000 stroke8
movl 0 -26.7984 406.0925 192.0443 168.4015 23.0683 -61.3555 100.0000 stroke9
movl 0 -35.5768 401.7262 185.3308 172.9509 21.7109 -61.7708 100.0000 stroke9
movl 0 -37.6773 400.7240 181.5973 174.2112 22.4861 -60.7586 100.0000 stroke9
movl 0 -36.8266 402.0925 179.8701 174.9227 23.1536 -60.5804 100.0000 stroke9
movl 0 -35.9233 403.7283 178.6135 174.6577 23.6375 -60.7876 100.0000 stroke9
movl 0 -36.8912 404.8214 177.5155 174.8247 23.4963 -60.9445 100.0000 stroke9
movl 0 -36.7469 406.3237 176.6636 174.4768 23.2852 -61.5019 100.0000 stroke9
movl 0 -37.7375 407.2506 175.9143 174.5406 23.0570 -61.4666 100.0000 stroke9
movl 0 -38.7445 408.9859 174.9474 174.3871 21.7963 -61.6599 100.0000 stroke9
movl 0 -39.0872 410.2978 174.5710 173.9148 20.2744 -62.9544 100.0000 stroke9
movl 0 -38.7137 411.4131 174.1242 173.3671 19.3963 -64.3493 100.0000 stroke9
movl 0 -38.4847 412.2879 174.0745 172.4199 18.6965 -66.9707 100.0000 stroke9
movl 0 -38.9422 412.1737 174.6573 171.4358 17.4956 -69.7635 100.0000 stroke9
movl 0 -39.0232 412.1683 175.1629 170.4451 16.0935 -72.5713 100.0000 stroke9
movl 0 -39.1310 412.3922 175.4779 169.3673 14.5189 -75.7050 100.0000 stroke9
movl 0 -39.2194 412.6077 175.7629 168.4710 13.1140 -78.3489 100.0000 stroke9
movl 0 -39.2914 412.8507 176.0541 167.8946 11.6709 -80.4937 100.0000 stroke9
movl 0 -39.2620 413.2636 176.3326 167.3497 10.1075 -82.6252 100.0000 stroke9
movl 0 -39.5253 413.9054 176.5366 166.9448 8.1817 -84.8606 100.0000 stroke9
movl 0 -39.7462 414.3732 176.4148 166.6726 6.8699 -86.7864 100.0000 stroke9
movl 0 -39.7866 414.7725 176.3843 166.4507 5.4334 -88.3992 100.0000 stroke9
movl 0 -40.5037 414.8575 176.3015 166.4678 4.2338 -88.8866 100.0000 stroke9
movl 0 -39.9002 414.0019 176.8249 166.2563 4.6605 -88.7927 100.0000 stroke9
movl 0 -37.9825 412.6366 177.7341 166.1038 6.0325 -89.0896 100.0000 stroke9
movl 0 -38.1336 412.2267 177.8637 166.1625 6.0102 -89.4045 100.0000 stroke9
movl 0 -38.2631 412.0090 177.9196 166.0976 5.4636 -89.6684 100.0000 stroke9
movl 0 -38.2031 411.5731 177.9322 166.0852 5.1669 -89.8239 100.0000 stroke9
movl 0 -38.4802 411.3152 177.9111 166.1685 5.2232 -89.8266 100.0000 stroke9
movl 0 -38.3451 411.1668 178.1767 166.2183 5.7201 -89.7024 100.0000 stroke9
movl 0 -38.7849 411.3043 178.3446 166.3241 5.8767 -89.8057 100.0000 stroke9
movl 0 -39.1141 411.3567 178.4231 166.4491 5.9797 -89.7931 100.0000 stroke9
movl 0 -38.3703 409.8350 180.2896 166.0898 6.9293 -90.1226 100.0000 stroke9
movl 0 -38.3947 402.9370 199.5473 165.7250 10.4727 -90.1912 100.0000 stroke9
movl 0 -18.8517 415.7723 211.8756 172.2169 23.7583 -57.8181 100.0000 stroke10
movl 0 -29.7677 415.0962 193.8430 172.4491 21.5613 -58.8121 100.0000 stroke10
movl 0 -37.9809 412.7002 189.8662 174.9989 20.6480 -58.2442 100.0000 stroke10
movl 0 -40.2484 413.8935 186.3145 175.9501 19.4426 -57.9885 100.0000 stroke10
movl 0 -40.4994 414.6085 184.5520 176.2957 18.9297 -57.9845 100.0000 stroke10
movl 0 -40.5224 416.0350 182.9433 176.2542 18.2816 -58.5906 100.0000 stroke10
movl 0 -41.0284 416.4368 182.4755 176.3534 18.2512 -58.7620 100.0000 stroke10
movl 0 -41.8760 416.9982 181.9164 176.3318 17.8530 -58.7702 100.0000 stroke10
movl 0 -42.4643 418.2898 181.1471 176.3788 17.0807 -59.3845 100.0000 stroke10
movl 0 -43.0550 419.0384 180.6913 176.6030 16.5186 -59.8891 100.0000 stroke10
movl 0 -43.7360 419.0900 180.4111 177.0195 16.2709 -60.3028 100.0000 stroke10
movl 0 -43.9211 419.7223 180.1030 177.1272 16.1285 -60.7396 100.0000 stroke10
movl 0 -42.9091 420.5803 179.8349 177.2055 15.9693 -61.2513 100.0000 stroke10
movl 0 -40.9603 421.8952 179.6843 176.9497 15.8366 -61.9809 100.0000 stroke10
movl 0 -39.6032 422.7700 179.5410 176.8893 15.7255 -62.6604 100.0000 stroke10
movl 0 -37.8327 423.8237 179.3134 176.5858 15.7011 -63.2769 100.0000 stroke10
movl 0 -37.2552 423.2847 179.9145 176.5012 16.0047 -63.4777 100.0000 stroke10
movl 0 -36.6051 422.9047 180.4024 176.3256 16.2838 -63.6854 100.0000 stroke10
movl 0 -36.0975 423.0607 180.5588 176.2038 16.2727 -63.8693 100.0000 stroke10
movl 0 -35.9859 424.7772 179.5684 175.8248 15.3910 -64.5187 100.0000 stroke10
movl 0 -33.3596 428.1487 178.4063 174.2282 13.7812 -65.8908 100.0000 stroke10
movl 0 -30.1622 430.4940 177.5816 172.7639 13.0024 -67.1635 100.0000 stroke10
movl 0 -28.9875 431.9042 177.1256 171.4406 12.3520 -67.5266 100.0000 stroke10
movl 0 -28.8197 432.2991 176.9687 170.8932 11.8318 -67.9481 100.0000 stroke10
movl 0 -28.9412 432.5680 176.9746 170.4973 11.2838 -68.6289 100.0000 stroke10
movl 0 -29.0450 432.8985 177.1323 169.9163 10.5852 -69.7192 100.0000 stroke10
movl 0 -29.3286 433.2599 177.3232 169.4752 9.7293 -70.9126 100.0000 stroke10
movl 0 -29.5167 433.4709 177.5161 169.1075 8.9951 -71.7569 100.0000 stroke10
movl 0 -29.7342 433.9570 177.6174 168.6573 7.9339 -72.9896 100.0000 stroke10
movl 0 -30.1491 434.4144 177.8340 168.2807 6.6953 -74.0463 100.0000 stroke10
movl 0 -30.7071 434.9006 177.9247 167.9935 5.5560 -75.0375 100.0000 stroke10
movl 0 -31.0900 435.2964 178.0743 167.8593 4.6260 -75.6956 100.0000 stroke10
movl 0 -31.4064 435.4293 178.2205 167.7258 3.8148 -76.7421 100.0000 stroke10
movl 0 -31.5934 435.5682 178.3843 167.5916 2.9901 -77.7761 100.0000 stroke10
movl 0 -31.9615 435.8024 178.4789 167.5219 2.1513 -78.6781 100.0000 stroke10
movl 0 -32.2319 436.0824 178.4788 167.4311 1.1652 -79.8617 100.0000 stroke10
movl 0 -32.7777 436.3067 178.5313 167.4354 0.2162 -80.8384 100.0000 stroke10
movl 0 -33.2254 436.7994 178.4383 167.4766 -0.9611 -81.9385 100.0000 stroke10
movl 0 -33.5951 437.0958 178.3313 167.4459 -2.1014 -83.1206 100.0000 stroke10
movl 0 -34.0199 437.4525 178.2071 167.4922 -3.2905 -84.1990 100.0000 stroke10
movl 0 -32.7406 434.9332 179.8464 167.5141 -1.6871 -86.4285 100.0000 stroke10
movl 0 -31.5494 434.2591 180.1243 167.4621 -1.2270 -87.7568 100.0000 stroke10
movl 0 -32.9418 435.5144 179.2214 167.5504 -3.1879 -88.6257 100.0000 stroke10
movl 0 -31.9929 434.2060 180.1112 167.4690 -2.3774 -90.0528 100.0000 stroke10
movl 0 -32.7818 434.0566 180.0545 167.6448 -2.9261 -90.3140 100.0000 stroke10
movl 0 -31.9615 433.6389 180.4306 167.4237 -2.6440 -90.8140 100.0000 stroke10
movl 0 -33.4749 433.1901 180.3412 167.7530 -3.1272 -91.4754 100.0000 stroke10
movl 0 -32.9770 432.4454 180.7294 167.8415 -2.3348 -92.5812 100.0000 stroke10
movl 0 -33.5293 431.8372 181.1568 168.0600 -1.8511 -93.3047 100.0000 stroke10
movl 0 -32.5870 427.8202 185.5824 167.5932 1.1336 -93.2409 100.0000 stroke10
movl 0 -28.0882 405.2770 235.7067 164.1604 12.4937 -95.5201 100.0000 stroke10
movl 0 -9.4832 413.7543 227.7221 157.9814 15.8246 -84.3188 100.0000 stroke11
movl 0 -25.8746 406.8484 191.3279 163.7669 15.6711 -80.0879 100.0000 stroke11
movl 0 -28.7005 404.9818 187.0910 166.6673 16.8544 -78.4716 100.0000 stroke11
movl 0 -32.5641 403.7969 184.4025 168.4382 16.9202 -77.0485 100.0000 stroke11
movl 0 -33.9229 405.0053 183.2861 168.2193 16.3498 -77.6858 100.0000 stroke11
movl 0 -36.3431 406.4525 182.3523 167.9569 15.4332 -79.5280 100.0000 stroke11
movl 0 -38.0271 407.6953 181.4585 168.0316 14.7299 -80.3397 100.0000 stroke11
movl 0 -39.4040 408.9687 180.5246 168.4031 13.7809 -81.5590 100.0000 stroke11
movl 0 -40.0624 409.6573 179.9568 168.8258 13.1637 -82.4968 100.0000 stroke11
movl 0 -40.1552 410.1240 179.5010 169.2217 12.7261 -83.5644 100.0000 stroke11
movl 0 -38.8935 410.7747 178.8879 169.2790 12.2577 -84.7270 100.0000 stroke11
movl 0 -37.8203 410.6119 178.9114 169.1137 12.2599 -85.3364 100.0000 stroke11
movl 0 -36.9270 409.8080 180.0133 168.7277 12.7624 -85.7660 100.0000 stroke11
movl 0 -37.2802 409.8497 179.6321 168.8537 12.1338 -85.6709 100.0000 stroke11
movl 0 -37.2318 410.2376 179.2541 168.6907 11.5150 -86.2227 100.0000 stroke11
movl 0 -37.8912 408.3248 180.9264 167.7345 12.1395 -87.6925 100.0000 stroke11
movl 0 -31.0725 400.0913 199.1103 164.1074 15.2847 -91.7135 100.0000 stroke11
movl 0 -17.6977 383.7303 229.6321 161.1845 18.0171 -80.5173 100.0000 stroke12
movl 0 -22.2904 382.8401 185.8375 163.3030 17.2078 -82.5078 100.0000 stroke12
movl 0 -27.8001 382.3386 184.3691 166.4862 17.6004 -83.3810 100.0000 stroke12
movl 0 -27.9000 384.7976 181.8484 166.3096 16.9534 -83.8192 100.0000 stroke12
movl 0 -29.2617 387.4510 180.2062 166.7613 16.3728 -83.7857 100.0000 stroke12
movl 0 -29.7002 388.8988 179.4855 166.6942 16.0981 -83.7050 100.0000 stroke12
movl 0 -31.4373 390.1728 178.6328 167.5042 15.5584 -83.6480 100.0000 stroke12
movl 0 -32.3522 391.9527 177.5225 167.8649 14.1217 -83.4159 100.0000 stroke12
movl 0 -31.6480 392.7900 177.1521 167.5085 13.5032 -83.7196 100.0000 stroke12
movl 0 -32.0833 392.5747 177.0410 166.9875 12.9284 -83.9470 100.0000 stroke12
movl 0 -32.4792 392.4299 176.7500 166.5430 12.2809 -84.1567 100.0000 stroke12
movl 0 -33.3903 391.6837 176.8698 166.2487 11.8642 -84.1140 100.0000 stroke12
movl 0 -34.4291 390.6206 177.1597 166.0561 11.6543 -83.7880 100.0000 stroke12
movl 0 -35.2298 389.8116 177.5502 165.8386 11.5420 -83.4389 100.0000 stroke12
movl 0 -36.0284 389.1392 177.9441 165.6076 11.3475 -83.2036 100.0000 stroke12
movl 0 -36.6987 388.7542 178.1379 165.5069 11.2620 -83.0743 100.0000 stroke12
movl 0 -37.2974 388.2499 178.4188 165.4316 11.3237 -82.9652 100.0000 stroke12
movl 0 -37.6389 387.8235 178.7115 165.3102 11.3645 -82.9603 100.0000 stroke12
movl 0 -37.9431 387.7499 178.7653 165.2628 11.3035 -83.0117 100.0000 stroke12
movl 0 -38.2791 387.6240 178.8415 165.3486 11.2785 -83.0981 100.0000 stroke12
movl 0 -38.4319 387.3770 179.0337 165.3553 11.2731 -83.1851 100.0000 stroke12
movl 0 -38.7499 387.1915 179.1487 165.3374 11.2526 -83.2003 100.0000 stroke12
movl 0 -38.8645 386.7506 179.4493 165.2801 11.3932 -83.1924 100.0000 stroke12
movl 0 -39.1240 386.5908 179.5613 165.2557 11.3439 -83.2709 100.0000 stroke12
movl 0 -39.3046 386.3652 179.7997 165.2369 11.4267 -83.2156 100.0000 stroke12
movl 0 -39.3641 386.2455 179.9205 165.2307 11.4287 -83.2940 100.0000 stroke12
movl 0 -39.7945 385.8052 180.2282 165.1521 11.4551 -83.1389 100.0000 stroke12
movl 0 -45.2374 377.4284 184.3488 166.1083 13.7876 -82.0519 100.0000 stroke12
movl 0 -41.9601 376.9804 185.6437 165.4541 14.0389 -83.1493 100.0000 stroke12
movl 0 -42.4352 372.6507 203.2636 166.0533 16.5020 -82.7189 100.0000 stroke12
movl 0 -19.8198 368.4464 222.7993 163.3570 22.0671 -78.4286 100.0000 stroke13
movl 0 -27.4022 367.2476 188.2165 169.6645 21.7512 -76.7628 100.0000 stroke13
movl 0 -24.0629 369.2553 185.2410 168.7682 21.3411 -76.9597 100.0000 stroke13
movl 0 -26.9955 372.5256 181.9853 167.8968 19.6581 -76.4557 100.0000 stroke13
movl 0 -28.8915 375.0772 180.3419 168.2468 18.7187 -76.6999 100.0000 stroke13
movl 0 -30.5781 376.5821 179.3246 168.6404 18.2327 -76.8000 100.0000 stroke13
movl 0 -31.6734 378.1891 178.4913 168.7897 17.4344 -77.4656 100.0000 stroke13
movl 0 -32.5450 379.4553 177.6633 169.5354 16.4687 -78.8581 100.0000 stroke13
movl 0 -32.8778 379.7695 177.5317 169.7328 16.0607 -79.5973 100.0000 stroke13
movl 0 -32.2353 379.9611 177.5110 169.8558 15.9454 -80.3241 100.0000 stroke13
movl 0 -29.3277 380.5697 177.3756 169.6013 15.6192 -81.7046 100.0000 stroke13
movl 0 -24.5888 381.6805 177.1297 168.8636 15.1192 -83.7380 100.0000 stroke13
movl 0 -21.2291 382.5567 176.8681 168.7803 14.7444 -85.4937 100.0000 stroke13
movl 0 -17.6846 383.5721 176.5571 168.5825 14.2552 -87.2545 100.0000 stroke13
movl 0 -15.8635 384.3036 176.3068 168.4679 13.9311 -88.0991 100.0000 stroke13
movl 0 -16.2490 383.7061 176.5345 168.6081 14.1229 -87.7763 100.0000 stroke13
movl 0 -14.3876 382.0979 177.4919 168.1752 14.7331 -86.8309 100.0000 stroke13
movl 0 -12.9607 381.2963 178.0587 168.0103 15.1260 -86.8032 100.0000 stroke13
movl 0 -12.2653 384.1004 176.8489 167.7039 13.6090 -87.4297 100.0000 stroke13
movl 0 -9.0211 387.0941 175.5711 166.4998 11.4417 -88.9350 100.0000 stroke13
movl 0 -3.7329 389.6963 174.3151 164.7170 9.9838 -90.5307 100.0000 stroke13
movl 0 -2.3336 391.7298 173.5236 163.6475 8.6891 -91.0912 100.0000 stroke13
movl 0 -1.3290 392.4091 173.1995 162.8671 7.5738 -92.2458 100.0000 stroke13
movl 0 -1.0275 392.5654 173.3306 162.5330 6.3573 -93.3067 100.0000 stroke13
movl 0 -1.2737 392.6963 173.4722 162.3117 5.1335 -94.3657 100.0000 stroke13
movl 0 -1.8223 392.7047 173.6660 162.1679 3.9285 -95.3587 100.0000 stroke13
movl 0 -2.4334 392.7298 173.7262 162.0495 2.7055 -96.3566 100.0000 stroke13
movl 0 -3.3369 392.9114 173.8946 162.1288 1.2679 -97.5807 100.0000 stroke13
movl 0 -4.4791 393.0947 173.9818 162.1222 -0.1209 -98.4444 100.0000 stroke13
movl 0 -4.9960 393.3259 173.8823 162.1174 -1.2814 -98.8348 100.0000 stroke13
movl 0 -5.7934 393.5310 173.7653 162.2389 -2.1733 -98.9404 100.0000 stroke13
movl 0 -6.9203 393.7070 173.6262 162.4138 -3.1563 -99.3208 100.0000 stroke13
movl 0 -7.7696 393.7579 173.5566 162.4536 -3.8934 -99.3329 100.0000 stroke13
movl 0 -9.0265 393.8186 173.5051 162.5691 -4.4820 -99.0004 100.0000 stroke13
movl 0 -10.4671 393.7837 173.3836 162.6044 -4.9696 -98.5624 100.0000 stroke13
movl 0 -12.0242 393.5598 173.3669 162.7012 -5.1134 -97.9032 100.0000 stroke13
movl 0 -13.7812 392.9908 173.4191 162.8126 -5.0827 -97.2644 100.0000 stroke13
movl 0 -15.2919 392.2383 173.7100 162.7721 -4.8897 -96.5696 100.0000 stroke13
movl 0 -15.3117 391.7754 174.0716 162.5917 -4.6467 -96.3491 100.0000 stroke13
movl 0 -9.9291 391.0706 174.7429 161.8990 -4.0747 -97.5761 100.0000 stroke13
movl 0 -8.8672 390.8105 174.7751 161.8156 -4.0443 -97.8504 100.0000 stroke13
movl 0 -8.5980 390.3904 174.7762 161.7732 -3.9673 -97.8409 100.0000 stroke13
movl 0 -8.8299 390.1313 174.7561 161.8204 -4.0180 -97.9210 100.0000 stroke13
movl 0 -11.0133 389.2043 174.8428 162.1433 -4.2983 -97.0262 100.0000 stroke13
movl 0 -9.3780 387.6763 175.8679 161.7624 -3.1802 -97.5955 100.0000 stroke13
movl 0 -8.4231 387.1191 176.0557 161.5597 -3.0322 -97.7889 100.0000 stroke13
movl 0 -9.7506 386.8649 176.0739 161.7787 -3.1376 -97.3962 100.0000 stroke13
movl 0 -8.2074 383.6718 177.5892 161.4215 -0.3847 -97.7225 100.0000 stroke13
movl 0 -8.2591 380.8033 178.6199 161.5801 2.1375 -97.8315 100.0000 stroke13
movl 0 -9.0831 380.1452 178.6790 161.8578 2.7920 -97.6459 100.0000 stroke13
movl 0 -9.6522 380.4740 178.2240 161.9606 2.8599 -96.9341 100.0000 stroke13
movl 0 -11.2198 382.4515 176.5399 161.8076 1.3720 -95.3897 100.0000 stroke13
movl 0 -11.1187 383.0851 174.9068 161.6305 1.4034 -92.9403 100.0000 stroke13
movl 0 -11.5268 383.0194 174.3084 161.4035 1.5174 -91.7849 100.0000 stroke13
movl 0 -12.6441 382.6198 174.1699 161.4246 1.8217 -91.0272 100.0000 stroke13
movl 0 -13.8954 382.3230 174.2062 161.4786 2.1662 -90.3439 100.0000 stroke13
movl 0 -14.3693 382.2646 174.3683 161.3102 2.4106 -90.0475 100.0000 stroke13
movl 0 -14.5536 382.0160 174.8331 161.1785 2.7864 -89.9176 100.0000 stroke13
movl 0 -14.1562 382.0400 175.3068 160.8677 3.0747 -90.0287 100.0000 stroke13
movl 0 -14.4237 382.3311 175.6459 160.8070 3.2130 -90.0753 100.0000 stroke13
movl 0 -14.3395 382.4453 175.9891 160.7141 3.3974 -90.2455 100.0000 stroke13
movl 0 -13.8955 382.7592 176.3598 160.4454 3.4902 -90.4848 100.0000 stroke13
movl 0 -13.8919 382.8722 176.9491 160.2796 3.6848 -90.7412 100.0000 stroke13
movl 0 -12.0116 383.1794 176.8715 160.0583 3.5268 -91.1924 100.0000 stroke13
movl 0 -11.1854 382.6764 177.1044 160.0150 3.4845 -91.5333 100.0000 stroke13
movl 0 -9.7328 381.1649 179.0731 159.6639 3.9622 -92.0644 100.0000 stroke13
movl 0 -1.9176 379.5826 192.9462 157.2605 5.1888 -92.8084 100.0000 stroke13
movl 0 -3.2340 380.7659 247.2013 151.1351 16.5888 -88.9558 100.0000 stroke14
movl 0 -19.2297 384.9579 209.1779 156.1278 14.7504 -87.0540 100.0000 stroke14
movl 0 -25.5448 385.9936 191.4923 160.0697 13.0726 -86.9263 100.0000 stroke14
movl 0 -21.9488 385.8345 190.0006 161.4256 12.3985 -87.6161 100.0000 stroke14
movl 0 -19.4461 386.5790 187.8222 161.0626 12.3140 -87.5995 100.0000 stroke14
movl 0 -21.1859 388.8167 185.6600 162.0994 10.9373 -87.0258 100.0000 stroke14
movl 0 -21.1252 391.3718 183.9794 162.3690 9.5872 -87.5830 100.0000 stroke14
movl 0 -21.4083 392.2411 183.3431 162.6171 9.2749 -88.0423 100.0000 stroke14
movl 0 -21.4193 393.4996 182.5456 162.6946 9.0955 -88.5112 100.0000 stroke14
movl 0 -21.3675 395.2476 181.4628 162.5532 8.8621 -89.0142 100.0000 stroke14
movl 0 -22.5182 397.1899 180.3639 162.8530 7.9051 -89.6800 100.0000 stroke14
movl 0 -23.3369 398.5895 179.3633 163.2890 6.9040 -90.2427 100.0000 stroke14
movl 0 -23.3050 399.4257 178.6868 163.3479 5.9524 -90.6428 100.0000 stroke14
movl 0 -22.8803 399.7931 178.4104 163.2520 5.3813 -91.0262 100.0000 stroke14
movl 0 -23.4475 400.1786 178.1497 163.1871 4.9047 -91.1295 100.0000 stroke14
movl 0 -23.8472 400.0884 177.9926 163.0358 4.3584 -91.2265 100.0000 stroke14
movl 0 -25.2514 399.2619 178.1273 163.0460 4.1209 -90.8122 100.0000 stroke14
movl 0 -27.0582 398.2026 178.3878 163.1471 3.8819 -90.3013 100.0000 stroke14
movl 0 -28.6943 397.3284 178.5277 163.1751 3.6062 -89.6530 100.0000 stroke14
movl 0 -30.3099 396.2925 178.8276 163.2258 3.3659 -89.1725 100.0000 stroke14
movl 0 -31.7039 395.1666 179.2797 163.3037 3.2945 -88.8895 100.0000 stroke14
movl 0 -32.5326 394.0740 179.8210 163.2240 3.3211 -88.6951 100.0000 stroke14
movl 0 -33.2705 393.1893 180.3697 163.1871 3.3441 -88.6200 100.0000 stroke14
movl 0 -33.8938 392.1293 181.0000 163.0729 3.4629 -88.5846 100.0000 stroke14
movl 0 -34.6010 391.4554 181.5176 163.1273 3.5354 -88.6196 100.0000 stroke14
movl 0 -34.8676 391.2735 181.7698 163.1024 3.5626 -88.6652 100.0000 stroke14
movl 0 -35.1320 391.1445 181.8959 163.1530 3.5391 -88.7595 100.0000 stroke14
movl 0 -34.9752 390.9543 182.1814 163.1582 3.6538 -88.9308 100.0000 stroke14
movl 0 -36.4358 388.8990 184.5947 163.6838 4.5164 -89.4925 100.0000 stroke14
movl 0 -38.9029 383.8600 196.1351 163.6013 6.4334 -89.6694 100.0000 stroke14
movl 0 -13.5084 389.0917 221.7833 159.9122 11.4826 -87.8623 100.0000 stroke15
movl 0 -12.7131 392.4366 194.5455 161.6687 9.1884 -89.0794 100.0000 stroke15
movl 0 -14.3798 392.8816 187.4485 162.4576 8.6576 -89.5846 100.0000 stroke15
movl 0 -13.0859 393.5285 184.3660 162.5151 8.4472 -89.9294 100.0000 stroke15
movl 0 -13.0555 394.8726 182.8959 162.7781 8.2232 -90.2640 100.0000 stroke15
movl 0 -13.4909 396.8037 181.4734 162.9609 7.8029 -90.1852 100.0000 stroke15
movl 0 -13.9536 397.7804 180.8190 163.1812 7.4440 -90.5769 100.0000 stroke15
movl 0 -14.8881 400.2249 179.2626 163.8591 6.0448 -90.9475 100.0000 stroke15
movl 0 -15.2422 401.0355 178.5908 164.1910 5.0363 -91.4603 100.0000 stroke15
movl 0 -14.7450 402.0289 178.0233 164.1719 4.2418 -92.2438 100.0000 stroke15
movl 0 -15.3749 402.5380 177.6744 164.0470 3.6705 -92.2940 100.0000 stroke15
movl 0 -16.3984 401.8915 177.6877 164.0428 3.0643 -92.6128 100.0000 stroke15
movl 0 -17.9923 401.0331 177.8287 164.1227 2.2918 -92.6585 100.0000 stroke15
movl 0 -20.2010 399.7802 178.0736 164.3874 1.6799 -92.4609 100.0000 stroke15
movl 0 -22.3628 398.5490 178.2579 164.5883 1.0700 -92.0844 100.0000 stroke15
movl 0 -24.4439 397.2890 178.5012 164.7361 0.7291 -91.6302 100.0000 stroke15
movl 0 -26.5488 396.1234 178.6712 164.8577 0.4518 -91.0254 100.0000 stroke15
movl 0 -28.7968 394.4390 179.2211 165.0262 0.4857 -90.3175 100.0000 stroke15
movl 0 -31.4438 393.1239 179.4592 165.2623 0.3230 -89.4999 100.0000 stroke15
movl 0 -33.5124 391.7922 179.9599 165.3249 0.2917 -88.9200 100.0000 stroke15
movl 0 -35.2163 390.7889 180.5664 165.3902 0.3489 -88.7294 100.0000 stroke15
movl 0 -36.4732 389.5203 181.3976 165.2650 0.5654 -88.4475 100.0000 stroke15
movl 0 -37.7209 388.6071 182.2163 165.1592 0.7624 -88.1303 100.0000 stroke15
movl 0 -38.3699 388.5114 182.4429 165.1607 0.7428 -88.0979 100.0000 stroke15
movl 0 -37.9401 388.9347 182.2378 165.2248 0.6559 -88.2853 100.0000 stroke15
movl 0 -37.7350 388.5629 182.6263 165.2882 0.8536 -88.4741 100.0000 stroke15
movl 0 -36.1555 385.4085 189.3419 164.9992 2.3026 -89.7501 100.0000 stroke15
movl 0 -31.3924 376.2113 235.9396 162.5396 7.1256 -90.5114 100.0000 stroke15
