movl 0 -14.2001 402.3181 172.8261 -144.6287 1.2357 62.2643 100.0000 stroke1
movl 0 -16.0300 401.3141 172.0496 -145.1821 -0.9436 64.1052 100.0000 stroke1
movl 0 -16.9482 402.1027 171.4047 -145.4613 -2.3227 66.1099 100.0000 stroke1
movl 0 -18.4769 402.3706 171.6479 -146.2974 -4.0522 68.2206 100.0000 stroke1
movl 0 -20.0759 403.3218 173.1585 -147.0760 -5.1300 69.7451 100.0000 stroke1
movl 0 -21.7478 404.0534 172.8020 -147.4561 -5.6688 71.1776 100.0000 stroke1
movl 0 -24.5014 402.1812 173.3874 -148.0474 -7.5619 71.0856 100.0000 stroke1
movl 0 -26.3601 401.7433 173.0469 -148.7151 -8.2539 71.9245 100.0000 stroke1
movl 0 -26.6992 402.2623 172.6295 -149.2410 -8.6158 72.8550 100.0000 stroke1
movl 0 -28.6810 404.3781 172.3123 -150.5824 -7.3416 73.8442 100.0000 stroke1
movl 0 -34.1969 410.8420 171.0553 -153.9344 -4.4431 73.7971 100.0000 stroke1
movl 0 -37.0116 416.6809 170.4641 -156.2879 -1.1760 72.6186 100.0000 stroke1
movl 0 -35.3285 423.4472 168.9345 -157.2711 2.5912 71.3494 100.0000 stroke1
movl 0 -32.6965 427.9646 168.0095 -157.1152 5.0282 69.9292 100.0000 stroke1
movl 0 -32.9434 429.5658 167.7707 -156.8774 6.2950 69.5941 100.0000 stroke1
movl 0 -33.3778 430.7667 167.4812 -157.1689 7.5860 68.5867 100.0000 stroke1
movl 0 -34.4392 430.2259 167.7821 -157.7020 8.3281 67.4341 100.0000 stroke1
movl 0 -35.3271 429.6886 168.0025 -157.8692 8.6846 66.9475 100.0000 stroke1
movl 0 -35.9405 429.3433 168.1152 -157.9433 9.2215 66.7094 100.0000 stroke1
movl 0 -36.4165 428.8338 168.2152 -158.0035 9.6668 66.4861 100.0000 stroke1
movl 0 -36.8167 428.5504 168.3293 -158.1149 10.1989 66.1982 100.0000 stroke1
movl 0 -37.6331 428.0830 168.3270 -158.1934 10.6196 66.2268 100.0000 stroke1
movl 0 -38.6570 427.3975 168.4061 -158.2203 10.8524 66.4131 100.0000 stroke1
movl 0 -39.7596 426.5736 168.4679 -158.1433 11.0265 66.7352 100.0000 stroke1
movl 0 -40.8574 425.7071 168.6016 -158.0224 11.1551 67.0654 100.0000 stroke1
movl 0 -41.2612 425.1726 168.7926 -157.7222 11.2957 67.3810 100.0000 stroke1
movl 0 -41.9341 424.3599 169.1155 -157.4199 11.3643 67.7231 100.0000 stroke1
movl 0 -42.8323 423.7648 169.1619 -157.1778 11.4538 67.9670 100.0000 stroke1
movl 0 -43.3390 423.3437 169.1569 -156.8389 11.4495 68.2532 100.0000 stroke1
movl 0 -43.1387 423.0292 169.1497 -156.3690 11.4565 68.5533 100.0000 stroke1
movl 0 -43.1705 422.7187 169.3493 -155.9975 11.4113 68.8070 100.0000 stroke1
movl 0 -42.9846 422.4769 169.4404 -155.6170 11.2889 68.9678 100.0000 stroke1
movl 0 -42.4909 421.9456 169.6012 -154.8875 11.1729 69.1413 100.0000 stroke1
movl 0 -36.6636 418.2482 171.5278 -150.8070 10.3991 69.3493 100.0000 stroke1
movl 0 -25.2459 411.0058 175.7723 -144.0193 7.9318 67.3917 100.0000 stroke1
movl 0 -27.0485 404.2209 197.5091 -139.9280 3.7777 66.7269 100.0000 stroke1
movl 0 -24.2550 404.8713 196.3951 -148.0050 -14.3361 92.2394 100.0000 stroke2
movl 0 -24.6834 392.7604 172.8741 -151.9022 -14.9424 92.5081 100.0000 stroke2
movl 0 -29.7199 390.7334 171.9545 -154.6316 -14.4545 92.6262 100.0000 stroke2
movl 0 -31.4630 392.5084 171.7084 -155.0762 -13.4523 92.9194 100.0000 stroke2
movl 0 -33.3934 395.0731 170.5360 -155.5890 -12.1879 92.8476 100.0000 stroke2
movl 0 -36.2817 400.0290 170.4083 -156.8933 -7.5445 91.1634 100.0000 stroke2
movl 0 -35.1362 403.9606 169.9361 -156.8908 -4.3550 88.1054 100.0000 stroke2
movl 0 -37.0854 405.0727 170.1094 -157.0172 -1.8238 85.6650 100.0000 stroke2
movl 0 -35.6781 405.8671 170.0748 -156.7280 0.5235 82.6247 100.0000 stroke2
movl 0 -36.4553 405.4578 170.2998 -156.7259 2.3143 80.6758 100.0000 stroke2
movl 0 -36.6851 405.4591 170.4259 -157.1037 4.1363 78.5357 100.0000 stroke2
movl 0 -37.1257 405.9023 170.4843 -157.7748 6.6313 75.7163 100.0000 stroke2
movl 0 -37.5257 406.0582 170.4038 -158.6005 8.8325 73.3436 100.0000 stroke2
movl 0 -38.1610 405.8904 170.5475 -159.5217 10.4138 71.3234 100.0000 stroke2
movl 0 -39.3537 406.0706 170.5502 -160.5496 12.0348 69.7188 100.0000 stroke2
movl 0 -40.9025 406.0054 170.5289 -161.7141 13.4504 68.4627 100.0000 stroke2
movl 0 -42.3153 406.5202 170.3678 -163.0894 15.0336 67.1057 100.0000 stroke2
movl 0 -44.2327 406.7736 170.2260 -164.6099 16.3298 66.0826 100.0000 stroke2
movl 0 -46.6600 407.2129 170.1007 -166.1098 17.3018 65.6590 100.0000 stroke2
movl 0 -48.8634 407.8969 169.7156 -167.2260 18.3887 65.9781 100.0000 stroke2
movl 0 -50.8289 408.4078 169.3954 -168.2332 19.3010 66.3029 100.0000 stroke2
movl 0 -52.6542 408.3160 169.1160 -168.6967 19.8377 67.0167 100.0000 stroke2
movl 0 -54.6252 406.8932 169.1307 -168.5918 20.1039 68.6160 100.0000 stroke2
movl 0 -51.7870 405.8202 170.2750 -167.3775 19.4318 68.4501 100.0000 stroke2
movl 0 -48.3312 403.8408 171.6867 -166.3371 18.4913 67.2667 100.0000 stroke2
movl 0 -48.1984 403.1075 171.9950 -166.4244 18.3588 66.6444 100.0000 stroke2
movl 0 -49.9219 403.2929 171.7943 -167.4108 18.9781 66.7461 100.0000 stroke2
movl 0 -49.0692 402.5230 172.2177 -166.9031 18.5776 66.1469 100.0000 stroke2
movl 0 -44.9147 399.6207 174.1370 -164.4524 16.5930 65.4822 100.0000 stroke2
movl 0 -30.0790 392.1030 191.8271 -154.2055 7.8712 64.5376 100.0000 stroke2
movl 0 0.0108 418.0688 200.6305 -146.5896 -3.7730 75.3028 100.0000 stroke3
movl 0 -9.2020 408.1666 180.7353 -148.3940 -5.6071 74.7653 100.0000 stroke3
movl 0 -16.9239 404.1876 177.4920 -150.8582 -7.1434 73.4544 100.0000 stroke3
movl 0 -22.4074 403.2646 175.6681 -152.9283 -9.2690 75.8417 100.0000 stroke3
movl 0 -27.6206 403.9723 174.7706 -155.6380 -10.1976 77.6506 100.0000 stroke3
movl 0 -35.0106 404.4891 174.7525 -159.1262 -10.2026 77.9755 100.0000 stroke3
movl 0 -38.6928 405.5316 174.8791 -161.1831 -9.6640 77.3609 100.0000 stroke3
movl 0 -42.3064 405.6952 175.5901 -162.9620 -9.0955 76.0285 100.0000 stroke3
movl 0 -43.5987 404.9346 175.7642 -163.5825 -9.7359 75.3979 100.0000 stroke3
movl 0 -41.7754 405.1335 175.8423 -163.5940 -9.8269 74.5249 100.0000 stroke3
movl 0 -38.1601 406.4080 176.1930 -163.6092 -9.5179 72.4606 100.0000 stroke3
movl 0 -34.8909 408.9854 176.0942 -164.3202 -9.0112 69.0977 100.0000 stroke3
movl 0 -33.4438 411.5342 175.8135 -165.2374 -8.7043 65.9287 100.0000 stroke3
movl 0 -33.0806 411.4435 176.0270 -165.0391 -8.6574 65.4236 100.0000 stroke3
movl 0 -30.0854 408.9370 176.7442 -162.9771 -9.2629 65.6780 100.0000 stroke3
movl 0 -29.1247 408.4822 176.9214 -162.3576 -9.3356 65.6815 100.0000 stroke3
movl 0 -28.9537 408.7545 176.8475 -162.3110 -9.1831 65.7280 100.0000 stroke3
movl 0 -28.5160 410.8800 176.8344 -163.5004 -7.2636 65.3918 100.0000 stroke3
movl 0 -27.1836 411.1369 176.8234 -163.5974 -6.9006 64.9983 100.0000 stroke3
movl 0 -27.3759 411.2671 176.5688 -163.0403 -6.6208 65.8897 100.0000 stroke3
movl 0 -28.2094 410.4527 176.4850 -162.3143 -6.6573 67.1048 100.0000 stroke3
movl 0 -29.6728 404.3945 178.3600 -160.1065 -8.5267 70.7457 100.0000 stroke3
movl 0 -26.6560 386.1469 192.7816 -153.5833 -19.7672 78.0065 100.0000 stroke3
movl 0 -14.1949 426.0472 222.0559 -152.5264 -19.0792 105.6102 100.0000 stroke4
movl 0 -5.2513 417.9373 183.4807 -153.1137 -13.4649 99.1018 100.0000 stroke4
movl 0 -3.3026 415.4109 172.8312 -154.6170 -13.0003 96.9679 100.0000 stroke4
movl 0 -5.9836 413.1138 173.1760 -156.6622 -14.6139 96.8014 100.0000 stroke4
movl 0 -7.3780 413.5363 172.6980 -157.2472 -14.5560 96.9269 100.0000 stroke4
movl 0 -11.3306 416.6484 172.1701 -158.5175 -11.7673 95.7144 100.0000 stroke4
movl 0 -12.2318 418.7945 171.7538 -158.9198 -9.8192 93.4410 100.0000 stroke4
movl 0 -13.0477 418.7853 171.8913 -158.5574 -8.6833 92.5974 100.0000 stroke4
movl 0 -13.5799 417.4210 172.4830 -157.7304 -7.8005 92.2415 100.0000 stroke4
movl 0 -14.1902 413.2756 174.5980 -156.2984 -8.1028 92.2800 100.0000 stroke4
movl 0 -11.9496 406.1306 188.8276 -150.5084 -10.6539 87.3736 100.0000 stroke4
movl 0 -19.1272 399.8047 245.4465 -145.8587 -17.6076 85.8685 100.0000 stroke4
movl 0 -12.2576 413.1219 211.0086 -145.8463 -10.8897 89.1951 100.0000 stroke5
movl 0 -5.8568 407.2945 178.7345 -148.3369 -8.7280 86.8317 100.0000 stroke5
movl 0 -6.5359 406.7312 175.0081 -151.2906 -7.4791 85.2740 100.0000 stroke5
movl 0 -7.6501 408.2525 173.4178 -152.8663 -8.1923 85.3282 100.0000 stroke5
movl 0 -10.7328 410.0180 171.8988 -153.1494 -8.2815 86.2706 100.0000 stroke5
movl 0 -17.7795 414.4219 171.1550 -156.2350 -4.1710 83.7181 100.0000 stroke5
movl 0 -18.6451 416.4125 171.2519 -157.4330 -1.2213 79.0008 100.0000 stroke5
movl 0 -19.4208 417.0327 171.7355 -158.0121 1.2782 75.1223 100.0000 stroke5
movl 0 -19.6106 417.6281 172.3958 -158.9118 4.2356 70.9336 100.0000 stroke5
movl 0 -19.7635 418.6727 172.7492 -160.1524 7.5142 66.3911 100.0000 stroke5
movl 0 -20.2945 419.9423 173.0167 -161.9397 10.7812 61.7277 100.0000 stroke5
movl 0 -20.8558 420.6752 173.0935 -163.9578 13.6344 57.5089 100.0000 stroke5
movl 0 -21.0545 419.4350 173.7134 -164.5673 14.2586 54.8566 100.0000 stroke5
movl 0 -20.8787 418.7361 173.8444 -164.8527 14.7503 53.6154 100.0000 stroke5
movl 0 -20.0718 418.4489 173.9349 -164.6145 14.9387 53.0988 100.0000 stroke5
movl 0 -20.4075 417.7644 174.1344 -164.3514 14.3902 52.8871 100.0000 stroke5
movl 0 -20.4146 416.3799 174.5157 -163.4421 13.4434 53.2970 100.0000 stroke5
movl 0 -19.9116 414.9124 175.2364 -162.3182 12.2784 53.8076 100.0000 stroke5
movl 0 -17.4512 411.8222 183.8652 -159.0328 9.4139 55.9703 100.0000 stroke5
movl 0 -20.4109 402.9437 236.2044 -152.8227 0.2633 59.0896 100.0000 stroke5
movl 0 -6.2812 402.3955 214.2870 -148.9150 -7.8240 74.4590 100.0000 stroke6
movl 0 -3.4583 397.6780 179.4253 -150.4901 -7.4098 75.0350 100.0000 stroke6
movl 0 -1.4496 396.7162 176.6994 -151.9295 -9.0576 76.8301 100.0000 stroke6
movl 0 -2.2804 396.7427 174.4386 -152.9693 -11.5651 81.3433 100.0000 stroke6
movl 0 -4.2121 398.0485 173.4350 -154.2009 -12.1610 82.8966 100.0000 stroke6
movl 0 -6.6950 398.8421 172.9079 -155.1529 -12.0864 83.9404 100.0000 stroke6
movl 0 -10.4711 399.7699 172.8608 -157.3440 -11.9703 84.2134 100.0000 stroke6
movl 0 -10.7156 401.2174 172.6738 -158.6536 -11.3071 82.1918 100.0000 stroke6
movl 0 -6.1450 403.6282 172.1408 -157.9986 -10.1372 79.9042 100.0000 stroke6
movl 0 -1.9764 405.6090 171.5367 -156.8264 -8.9599 78.6039 100.0000 stroke6
movl 0 -0.5428 411.1177 170.4402 -157.4652 -4.7360 76.1930 100.0000 stroke6
movl 0 0.8396 415.5714 169.4567 -157.1640 -1.5270 74.6724 100.0000 stroke6
movl 0 1.0157 417.3403 169.6499 -157.0184 0.9569 73.2452 100.0000 stroke6
movl 0 0.5659 419.0392 170.2744 -157.7692 4.0589 71.3523 100.0000 stroke6
movl 0 0.2215 420.9724 170.6473 -158.7069 7.3719 69.2376 100.0000 stroke6
movl 0 -0.4608 423.2488 170.6604 -160.1710 10.7174 66.8514 100.0000 stroke6
movl 0 -2.2214 425.4776 170.6385 -162.0375 13.6069 65.2764 100.0000 stroke6
movl 0 -1.1040 423.3995 171.4141 -161.4016 12.8206 64.5387 100.0000 stroke6
movl 0 -2.0981 423.6021 171.4154 -162.0564 13.6086 64.4848 100.0000 stroke6
movl 0 -2.2657 423.0877 171.6530 -162.0260 13.4148 64.2352 100.0000 stroke6
movl 0 -2.9015 421.6998 172.2882 -161.7701 12.3829 64.1511 100.0000 stroke6
movl 0 -1.4753 417.0162 175.3988 -159.5150 9.3422 64.8514 100.0000 stroke6
movl 0 -4.8785 408.6641 203.1301 -155.1043 1.4258 66.3064 100.0000 stroke6
movl 0 -3.5531 397.1030 200.8270 -149.2060 -6.2814 74.6335 100.0000 stroke7
movl 0 -8.3476 390.7120 179.4146 -151.7025 -6.5317 75.8295 100.0000 stroke7
movl 0 -13.7140 390.8074 177.6393 -154.6582 -7.1596 76.4204 100.0000 stroke7
movl 0 -15.6376 392.8140 176.0277 -156.2316 -8.0939 78.4863 100.0000 stroke7
movl 0 -18.0688 393.9312 175.0400 -156.6020 -8.8665 81.2325 100.0000 stroke7
movl 0 -19.6907 395.5385 174.6394 -157.4647 -8.2735 81.3438 100.0000 stroke7
movl 0 -21.8159 395.6385 175.0126 -158.7357 -8.2226 80.5224 100.0000 stroke7
movl 0 -20.4365 396.9271 174.6929 -159.4502 -7.7589 78.8470 100.0000 stroke7
movl 0 -17.4461 398.9822 174.4780 -159.8670 -6.9486 76.3567 100.0000 stroke7
movl 0 -16.3316 397.8755 175.0064 -159.3591 -7.2848 76.0615 100.0000 stroke7
movl 0 -17.5188 398.4744 174.9108 -160.0511 -6.8344 76.1937 100.0000 stroke7
movl 0 -17.3463 398.6842 174.8496 -160.1005 -6.5909 76.1857 100.0000 stroke7
movl 0 -18.3549 396.0076 175.8908 -158.7120 -6.4743 78.2315 100.0000 stroke7
movl 0 -13.8496 391.7186 183.1923 -154.9583 -6.7368 77.4136 100.0000 stroke7
movl 0 -13.8282 379.8523 244.9411 -148.6448 -13.6625 77.2438 100.0000 stroke7
movl 0 -6.2622 399.1701 228.7208 -150.3576 -5.1794 76.7058 100.0000 stroke8
movl 0 -3.4873 401.8716 185.4011 -151.2371 0.1390 74.8314 100.0000 stroke8
movl 0 -7.6872 397.9564 178.8629 -152.9770 -0.5228 74.0271 100.0000 stroke8
movl 0 -7.3891 399.6947 176.4434 -154.1122 -0.0144 72.9914 100.0000 stroke8
movl 0 -10.8298 399.2695 176.0940 -155.0840 -0.2411 72.9879 100.0000 stroke8
movl 0 -12.2188 400.8125 175.0613 -155.0926 0.1092 73.3492 100.0000 stroke8
movl 0 -16.0810 401.5269 174.9592 -157.2559 -0.0488 72.7363 100.0000 stroke8
movl 0 -18.9020 400.7727 175.4002 -158.5237 -0.5834 72.0631 100.0000 stroke8
movl 0 -16.6514 401.2878 175.2877 -158.8863 -0.5049 70.6893 100.0000 stroke8
movl 0 -12.5463 403.1800 174.6571 -159.4696 0.1572 68.1524 100.0000 stroke8
movl 0 -11.7708 401.3803 175.3335 -158.6924 -0.3027 68.4155 100.0000 stroke8
movl 0 -12.9656 402.2248 175.1219 -159.4799 0.2521 68.4561 100.0000 stroke8
movl 0 -13.1669 402.3282 175.0162 -159.5218 0.5791 68.7365 100.0000 stroke8
movl 0 -14.7674 401.4619 175.1592 -159.1386 0.5420 69.4111 100.0000 stroke8
movl 0 -13.6562 400.2439 176.1072 -157.9774 0.2665 69.7478 100.0000 stroke8
movl 0 -15.5294 396.8132 191.7032 -155.3558 -1.4089 71.2034 100.0000 stroke8
movl 0 -11.9350 391.4571 218.9984 -149.1711 -5.8192 81.2047 100.0000 stroke9
movl 0 -8.7989 387.9906 177.1220 -150.1600 -3.5719 80.2481 100.0000 stroke9
movl 0 -8.7041 388.9989 175.0910 -151.4659 -4.5613 80.6207 100.0000 stroke9
movl 0 -11.0291 390.6575 172.7171 -152.0857 -4.6204 81.5818 100.0000 stroke9
movl 0 -13.9919 391.7278 171.5180 -152.7408 -4.9892 82.0875 100.0000 stroke9
movl 0 -19.3855 394.4825 170.9621 -155.2355 -3.2236 82.2680 100.0000 stroke9
movl 0 -18.6610 396.8260 170.7943 -156.1529 -1.0720 80.3823 100.0000 stroke9
movl 0 -20.0430 397.4018 170.8822 -156.6060 -0.4484 79.8034 100.0000 stroke9
movl 0 -20.9413 399.8857 170.6644 -156.9267 3.0296 79.2465 100.0000 stroke9
movl 0 -22.6852 399.5729 170.8736 -156.7902 4.8500 79.4310 100.0000 stroke9
movl 0 -21.2850 399.1592 170.9748 -156.3415 4.7595 78.3287 100.0000 stroke9
movl 0 -22.3444 399.1563 170.9378 -156.6634 5.1577 77.9295 100.0000 stroke9
movl 0 -21.6500 397.5935 171.3467 -156.4301 4.1072 76.8629 100.0000 stroke9
movl 0 -21.8256 396.2201 171.6392 -156.5596 2.3309 76.5848 100.0000 stroke9
movl 0 -20.6872 395.7227 171.9681 -156.4444 1.2627 76.3863 100.0000 stroke9
movl 0 -13.5029 390.7473 176.4726 -153.5873 -1.4697 76.1801 100.0000 stroke9
movl 0 -14.5136 379.7041 214.5754 -150.2208 -9.8599 78.0489 100.0000 stroke9
movl 0 -4.6953 388.7746 213.7093 151.1047 10.4721 -91.7788 100.0000 stroke10
movl 0 -11.1163 380.9916 178.6542 152.9170 7.4170 -92.8026 100.0000 stroke10
movl 0 -21.1306 377.3931 177.5722 157.4675 10.3665 -92.1445 100.0000 stroke10
movl 0 -20.1880 378.4055 177.3091 157.5030 10.7063 -93.2686 100.0000 stroke10
movl 0 -23.7538 378.7839 176.6007 158.0184 10.8343 -93.1378 100.0000 stroke10
movl 0 -28.4737 379.8956 175.7698 160.5171 10.5628 -93.0636 100.0000 stroke10
movl 0 -30.0878 380.0452 176.2510 161.8750 9.8843 -93.9537 100.0000 stroke10
movl 0 -30.0676 380.8991 176.2189 162.4693 9.7409 -94.9589 100.0000 stroke10
movl 0 -25.8412 382.1258 176.3086 162.6633 9.3984 -97.0740 100.0000 stroke10
movl 0 -20.0432 384.1329 176.2362 162.7943 8.5466 -99.8051 100.0000 stroke10
movl 0 -13.1422 386.6190 176.0413 162.9665 7.8845 -102.8353 100.0000 stroke10
movl 0 -6.9936 388.9821 175.7798 163.1888 7.1884 -105.6093 100.0000 stroke10
movl 0 -4.2525 388.0873 176.2113 161.9533 7.2438 -105.6629 100.0000 stroke10
movl 0 0.4672 389.0550 175.9486 160.4630 6.4511 -106.2165 100.0000 stroke10
movl 0 3.6672 394.1520 174.4399 160.7401 3.0677 -107.3275 100.0000 stroke10
movl 0 11.4700 400.0705 171.6990 159.8783 -0.7053 -109.1695 100.0000 stroke10
movl 0 14.6362 404.4859 169.8729 158.7437 -3.2323 -108.7980 100.0000 stroke10
movl 0 15.7521 405.3484 169.4547 157.9506 -4.3069 -108.2717 100.0000 stroke10
movl 0 15.1157 404.6820 169.8600 157.5106 -4.7757 -107.5525 100.0000 stroke10
movl 0 14.6997 403.7670 170.2793 157.1659 -4.9307 -107.0248 100.0000 stroke10
movl 0 14.2913 402.1333 171.0990 156.6806 -4.6786 -106.4868 100.0000 stroke10
movl 0 15.3653 399.0963 172.9370 155.2275 -3.7356 -105.8286 100.0000 stroke10
movl 0 17.3722 393.5805 181.2958 151.2656 -1.2468 -105.1528 100.0000 stroke10
movl 0 11.7533 383.5518 233.1208 145.5068 8.0373 -103.5082 100.0000 stroke10
movl 0 7.1418 399.5673 203.3190 145.9428 1.7656 -95.0913 100.0000 stroke11
movl 0 6.3685 393.3746 180.7420 147.4324 0.5730 -95.8422 100.0000 stroke11
movl 0 7.0576 389.8448 174.0634 147.4638 1.2236 -96.6646 100.0000 stroke11
movl 0 3.7904 388.8606 172.6156 149.0339 2.1510 -96.4734 100.0000 stroke11
movl 0 -2.1925 387.3224 172.4265 150.6028 2.3934 -95.2449 100.0000 stroke11
movl 0 -7.7312 384.4621 173.2020 152.6025 4.1671 -94.4340 100.0000 stroke11
movl 0 -9.9020 384.0383 173.7754 154.2802 4.2039 -94.9605 100.0000 stroke11
movl 0 -10.8171 383.2498 173.6933 154.7156 5.1229 -94.6989 100.0000 stroke11
movl 0 -13.5742 384.8900 173.1096 155.6782 4.0816 -94.9796 100.0000 stroke11
movl 0 -17.2636 388.7195 171.9886 156.7401 0.6516 -94.6352 100.0000 stroke11
movl 0 -19.3938 389.5533 171.5829 157.0274 -0.4630 -93.7247 100.0000 stroke11
movl 0 -17.6777 387.5583 172.3531 156.4334 0.8692 -93.8086 100.0000 stroke11
movl 0 -18.6145 388.3078 172.0904 157.1431 0.4468 -93.9438 100.0000 stroke11
movl 0 -17.7517 385.7890 173.5075 156.6950 1.6735 -94.9776 100.0000 stroke11
movl 0 -7.6923 384.6995 185.7988 153.0590 4.4890 -97.2605 100.0000 stroke11
movl 0 5.5601 393.9881 232.6087 149.1660 4.6181 -97.6564 100.0000 stroke12
movl 0 2.8248 386.4625 185.1316 150.0894 2.0311 -97.5863 100.0000 stroke12
movl 0 -1.0481 382.1270 177.8813 151.0395 2.6663 -97.5222 100.0000 stroke12
movl 0 -4.4165 382.9740 176.4590 152.8302 2.8991 -97.9888 100.0000 stroke12
movl 0 -6.8199 383.9486 175.4048 154.2422 3.3312 -98.0588 100.0000 stroke12
movl 0 -9.4156 384.8107 174.6528 155.0328 3.2927 -97.9604 100.0000 stroke12
movl 0 -13.4728 387.4486 173.9070 157.3501 1.5378 -97.7178 100.0000 stroke12
movl 0 -15.2294 388.5891 174.0145 159.1235 0.0469 -98.2231 100.0000 stroke12
movl 0 -16.0491 387.9720 174.4558 159.6970 0.1362 -98.3956 100.0000 stroke12
movl 0 -15.5886 387.9477 174.5234 159.9968 -0.0514 -98.7204 100.0000 stroke12
movl 0 -13.7180 387.8864 174.8297 160.3320 -0.3951 -99.5583 100.0000 stroke12
movl 0 -11.0160 388.1426 174.8311 160.5218 -0.7849 -100.4611 100.0000 stroke12
movl 0 -9.7464 388.6090 174.7547 160.7812 -1.0972 -100.9908 100.0000 stroke12
movl 0 -9.1882 388.9254 174.9313 161.4066 -1.2405 -101.5784 100.0000 stroke12
movl 0 -5.9715 390.4952 174.7482 162.4646 -1.7315 -103.6838 100.0000 stroke12
movl 0 -3.1170 392.2654 174.5793 163.5808 -1.6975 -105.7344 100.0000 stroke12
movl 0 -3.3917 391.7557 174.9610 164.1017 -1.0287 -105.8715 100.0000 stroke12
movl 0 -6.3407 389.6788 175.9706 164.4217 0.2508 -105.0484 100.0000 stroke12
movl 0 -6.3033 389.5851 176.2523 163.7804 0.8617 -104.6189 100.0000 stroke12
movl 0 -6.9017 389.8000 176.3765 163.6079 1.2632 -104.3103 100.0000 stroke12
movl 0 -6.9436 390.3294 176.5769 163.2319 1.4583 -104.1831 100.0000 stroke12
movl 0 -7.1595 390.8306 176.9311 162.9413 1.6116 -104.1091 100.0000 stroke12
movl 0 -6.8917 390.4232 177.1914 162.7143 1.6909 -104.0927 100.0000 stroke12
movl 0 -7.4945 391.3511 177.2878 162.6595 1.7939 -104.0249 100.0000 stroke12
movl 0 -7.5863 391.6419 177.5757 162.4246 1.9962 -103.8208 100.0000 stroke12
movl 0 -7.6014 391.7432 177.7507 162.1961 2.1099 -103.6108 100.0000 stroke12
movl 0 -7.6824 391.8129 177.9076 162.0556 2.1738 -103.4755 100.0000 stroke12
movl 0 -7.8673 391.6952 178.0563 161.9057 2.3094 -103.2737 100.0000 stroke12
movl 0 -7.5952 391.4524 178.1804 161.6319 2.3913 -103.1263 100.0000 stroke12
movl 0 -7.4261 390.3964 178.6877 161.2968 2.7236 -102.9388 100.0000 stroke12
movl 0 -6.9314 388.4433 179.6194 160.6373 3.3112 -102.6388 100.0000 stroke12
movl 0 -5.6617 383.3445 183.2472 158.5625 5.3030 -102.2003 100.0000 stroke12
movl 0 -11.5760 375.7334 205.2398 155.5463 10.6528 -102.2283 100.0000 stroke12
movl 0 -26.0297 374.4305 231.8642 -152.3634 -10.0776 76.9894 100.0000 stroke13
movl 0 -28.1488 367.0988 186.4594 -158.1518 -8.7779 76.0139 100.0000 stroke13
movl 0 -28.2667 366.4655 183.1744 -160.0520 -10.4077 76.4903 100.0000 stroke13
movl 0 -27.3436 367.6864 180.8955 -160.5709 -9.8177 76.7722 100.0000 stroke13
movl 0 -28.3058 368.6542 180.2265 -160.7866 -9.5266 76.2324 100.0000 stroke13
movl 0 -31.5231 371.0508 178.9488 -162.2972 -8.5927 76.0416 100.0000 stroke13
movl 0 -34.4113 372.8649 178.6122 -164.0569 -7.1273 75.6876 100.0000 stroke13
movl 0 -35.4764 374.0071 178.4783 -164.7320 -6.0495 75.2557 100.0000 stroke13
movl 0 -35.9747 373.2838 178.4950 -164.9023 -6.0499 75.4138 100.0000 stroke13
movl 0 -35.1502 373.3274 178.5514 -164.7464 -6.1498 75.3374 100.0000 stroke13
movl 0 -35.0752 373.0162 178.5606 -164.7391 -6.0672 75.4391 100.0000 stroke13
movl 0 -35.7177 373.7651 178.3140 -164.9289 -6.2509 75.5718 100.0000 stroke13
movl 0 -35.3416 375.0910 178.3259 -164.8517 -6.5147 75.1509 100.0000 stroke13
movl 0 -34.1173 375.8008 178.3659 -164.6404 -6.7245 74.4874 100.0000 stroke13
movl 0 -33.8392 373.7681 179.0630 -164.2326 -6.6308 75.0103 100.0000 stroke13
movl 0 -33.1901 374.6668 178.7885 -164.2475 -6.4651 74.7220 100.0000 stroke13
movl 0 -32.1272 376.2760 178.6453 -164.2291 -6.3989 73.9680 100.0000 stroke13
movl 0 -31.1218 376.1498 178.9127 -164.0287 -6.5376 73.5981 100.0000 stroke13
movl 0 -29.9211 376.1164 179.2302 -163.7748 -6.6596 73.3316 100.0000 stroke13
movl 0 -28.8037 375.6455 179.7349 -163.4280 -6.8958 73.0765 100.0000 stroke13
movl 0 -25.0048 373.7537 182.3916 -162.0226 -7.5524 72.8507 100.0000 stroke13
movl 0 -18.7683 370.8294 206.4204 -158.0077 -10.4137 72.9132 100.0000 stroke13
movl 0 -11.2063 393.5648 223.9696 -155.1814 -0.4860 71.1528 100.0000 stroke14
movl 0 -9.2181 388.2731 192.1147 -157.4608 -1.6184 69.9856 100.0000 stroke14
movl 0 -11.9695 386.4144 185.6715 -159.3943 -1.8375 70.3284 100.0000 stroke14
movl 0 -13.0214 387.5977 183.2316 -160.3968 -1.2396 70.1443 100.0000 stroke14
movl 0 -13.0396 387.6890 182.6157 -160.5763 -1.3292 69.9892 100.0000 stroke14
movl 0 -13.5782 388.3970 181.7325 -160.9176 -1.8178 69.4887 100.0000 stroke14
movl 0 -18.3452 391.4720 180.0341 -163.1468 -0.9218 69.3116 100.0000 stroke14
movl 0 -18.9511 394.8380 179.1036 -164.5233 1.0055 68.4073 100.0000 stroke14
movl 0 -19.9872 394.8431 179.3092 -164.7014 1.7557 68.2951 100.0000 stroke14
movl 0 -20.4596 394.5567 179.5203 -164.8633 2.6808 67.9954 100.0000 stroke14
movl 0 -21.4614 394.1729 179.7245 -165.1993 3.5502 67.4549 100.0000 stroke14
movl 0 -22.8475 393.4230 180.0023 -165.5760 4.3524 66.8924 100.0000 stroke14
movl 0 -24.0595 392.4147 180.2706 -165.7189 4.9709 67.0222 100.0000 stroke14
movl 0 -25.5249 391.8945 180.2685 -165.7242 5.7006 67.7244 100.0000 stroke14
movl 0 -28.3225 391.2985 180.0523 -166.0547 6.3660 68.3652 100.0000 stroke14
movl 0 -31.9667 389.8812 180.0398 -166.3035 6.8105 69.3175 100.0000 stroke14
movl 0 -34.1251 389.0125 180.3007 -166.1774 7.1172 70.0830 100.0000 stroke14
movl 0 -37.5041 387.6188 180.3994 -166.2394 7.1954 70.9828 100.0000 stroke14
movl 0 -39.5626 386.8209 180.5145 -166.1072 7.2095 71.7117 100.0000 stroke14
movl 0 -41.0838 386.1066 180.9085 -165.7966 7.1606 72.2291 100.0000 stroke14
movl 0 -42.4125 385.7085 181.2797 -165.4831 7.0974 72.6300 100.0000 stroke14
movl 0 -43.5403 385.4417 181.5737 -165.1723 7.0657 72.9661 100.0000 stroke14
movl 0 -43.9242 385.3791 181.9241 -164.0101 7.2132 73.5454 100.0000 stroke14
movl 0 -35.4161 382.8980 192.3229 -157.3800 5.3170 72.7211 100.0000 stroke14
movl 0 -2.9086 398.3174 239.4141 -155.7406 6.7762 71.2290 100.0000 stroke15
movl 0 8.1477 393.6542 191.0890 -156.9770 12.0021 69.1501 100.0000 stroke15
movl 0 18.9399 388.2840 179.7305 -154.3687 10.7104 68.5172 100.0000 stroke15
movl 0 7.6290 379.6601 180.6374 -156.2201 5.8257 68.6938 100.0000 stroke15
movl 0 -2.7150 374.0909 182.1114 -159.1425 3.5640 68.0685 100.0000 stroke15
movl 0 -6.9078 373.0022 182.0461 -159.9625 1.8501 67.7249 100.0000 stroke15
movl 0 -7.6472 373.8394 181.4103 -159.6928 1.0363 68.2013 100.0000 stroke15
movl 0 -9.0495 376.6415 180.1073 -160.5976 1.8534 68.3205 100.0000 stroke15
movl 0 -11.9172 380.4288 178.9597 -163.0461 4.2627 68.2373 100.0000 stroke15
movl 0 -12.6981 382.0378 178.4312 -163.5700 5.2092 67.9198 100.0000 stroke15
movl 0 -13.6857 382.1514 178.2948 -163.8910 6.1543 67.7342 100.0000 stroke15
movl 0 -16.1151 381.0524 178.3580 -164.1684 6.9827 68.3690 100.0000 stroke15
movl 0 -18.2387 379.4590 178.4543 -163.9114 7.4465 69.4716 100.0000 stroke15
movl 0 -20.4349 378.3180 178.5808 -163.6882 7.6455 70.0599 100.0000 stroke15
movl 0 -21.3941 378.1546 178.5829 -163.2092 8.0360 70.2784 100.0000 stroke15
movl 0 -22.2811 377.9123 178.6690 -162.6100 8.2612 70.4084 100.0000 stroke15
movl 0 -18.5676 376.3349 181.2553 -158.4674 8.0860 69.9422 100.0000 stroke15
movl 0 -22.5716 374.2385 213.0672 -152.6413 3.2308 68.7044 100.0000 stroke15
movl 0 1.5195 376.0221 210.6068 -153.4972 12.6164 51.6851 100.0000 stroke16
movl 0 -1.6204 370.7469 188.0237 -154.3473 12.0795 50.1404 100.0000 stroke16
movl 0 -6.0140 368.1019 184.2900 -154.8287 11.7493 49.6876 100.0000 stroke16
movl 0 -14.2536 371.2551 180.8470 -158.2473 11.0732 48.9608 100.0000 stroke16
movl 0 -20.7997 372.1360 179.1176 -159.6052 9.9035 50.0463 100.0000 stroke16
movl 0 -22.6974 374.0185 178.0952 -160.2725 9.9432 50.0515 100.0000 stroke16
movl 0 -26.1909 373.7061 177.8712 -161.3327 8.7591 49.8803 100.0000 stroke16
movl 0 -31.0757 373.0854 178.2989 -163.4777 7.0547 49.1726 100.0000 stroke16
movl 0 -30.4913 374.0701 178.3666 -164.2489 7.3022 47.8375 100.0000 stroke16
movl 0 -31.3468 374.2468 178.6156 -165.0162 7.2887 47.0108 100.0000 stroke16
movl 0 -32.7586 374.4022 179.0165 -166.0045 7.2793 46.4035 100.0000 stroke16
movl 0 -33.5491 374.9525 179.4267 -167.1316 7.3516 45.7202 100.0000 stroke16
movl 0 -33.2924 375.3175 179.8940 -167.8850 7.4573 45.3115 100.0000 stroke16
movl 0 -33.7743 375.8928 180.3687 -168.9091 7.3974 45.0264 100.0000 stroke16
movl 0 -35.0214 376.4375 180.6929 -170.2662 7.0163 44.4628 100.0000 stroke16
movl 0 -36.8238 377.5059 180.9699 -172.1000 6.6912 43.4880 100.0000 stroke16
movl 0 -39.3222 378.3174 181.2685 -174.0282 6.1735 42.2433 100.0000 stroke16
movl 0 -40.9500 379.8072 181.1032 -175.7564 6.0062 41.1732 100.0000 stroke16
movl 0 -43.3961 380.9816 180.9881 -177.4868 5.4863 39.2876 100.0000 stroke16
movl 0 -46.7207 381.3383 180.7907 -179.1766 4.4680 36.8318 100.0000 stroke16
movl 0 -49.5379 382.1075 180.3770 179.3842 3.5301 34.4768 100.0000 stroke16
movl 0 -51.9021 383.1473 179.8773 178.0867 2.7685 31.2434 100.0000 stroke16
movl 0 -54.5176 383.6069 179.2266 176.9773 1.5896 27.3760 100.0000 stroke16
movl 0 -56.3718 384.5272 178.6075 175.8943 0.6005 24.4595 100.0000 stroke16
movl 0 -58.1399 385.0781 178.2132 175.0289 -0.4795 22.0939 100.0000 stroke16
movl 0 -60.3387 385.7200 177.4641 174.2527 -1.8869 18.9295 100.0000 stroke16
movl 0 -61.5767 386.1353 177.0230 173.9147 -2.5239 16.8677 100.0000 stroke16
movl 0 -62.1178 385.9551 177.1094 173.7989 -3.0014 15.0643 100.0000 stroke16
movl 0 -62.1249 385.4361 177.2830 173.9483 -3.3493 13.9164 100.0000 stroke16
movl 0 -62.3814 385.1128 177.3450 174.1159 -3.6445 12.8900 100.0000 stroke16
movl 0 -62.5523 384.0308 178.0089 174.8177 -3.6604 11.9377 100.0000 stroke16
movl 0 -61.5774 384.5431 178.2259 175.0545 -3.3465 11.1790 100.0000 stroke16
movl 0 -60.5525 385.0760 178.2176 175.2789 -3.3034 10.4989 100.0000 stroke16
movl 0 -60.1189 385.5069 178.2164 175.2595 -3.2332 10.2347 100.0000 stroke16
movl 0 -59.9141 385.5033 178.2899 175.3283 -3.2115 10.0015 100.0000 stroke16
movl 0 -60.3563 384.3581 178.5617 175.3405 -3.2249 10.0633 100.0000 stroke16
movl 0 -59.0990 384.9247 178.3874 175.2122 -3.0762 9.7919 100.0000 stroke16
movl 0 -56.8694 385.5391 178.2734 175.1242 -2.9091 9.3601 100.0000 stroke16
movl 0 -56.1688 384.7844 178.6695 175.2101 -2.8448 9.2960 100.0000 stroke16
movl 0 -54.2594 385.0954 178.7837 175.1361 -2.6884 9.0501 100.0000 stroke16
movl 0 -51.4205 385.3459 179.2665 175.1764 -2.2487 8.7086 100.0000 stroke16
movl 0 -50.7448 384.6852 179.9875 175.3855 -2.1269 8.4342 100.0000 stroke16
movl 0 -49.5024 384.8240 180.0623 175.3381 -2.0551 8.2534 100.0000 stroke16
movl 0 -47.2606 384.8908 180.2615 175.3040 -1.8050 8.0121 100.0000 stroke16
movl 0 -46.5577 384.4712 180.7352 175.4361 -1.7438 7.8698 100.0000 stroke16
movl 0 -45.1326 384.3055 180.8583 175.4213 -1.6815 7.6579 100.0000 stroke16
movl 0 -44.1538 383.8919 181.3116 175.5583 -1.5448 7.4743 100.0000 stroke16
movl 0 -42.6116 383.5174 181.7709 175.6756 -1.4313 7.2213 100.0000 stroke16
movl 0 -41.9232 383.4760 182.0444 175.7046 -1.3098 7.1105 100.0000 stroke16
movl 0 -41.0001 383.3677 182.3710 175.7544 -1.1253 7.1060 100.0000 stroke16
movl 0 -40.1601 382.5823 182.9936 176.0183 -1.1664 7.1363 100.0000 stroke16
movl 0 -38.9140 382.3735 183.4381 176.0917 -1.0228 6.9517 100.0000 stroke16
movl 0 -37.7465 382.2548 183.7790 176.1538 -0.8963 6.8388 100.0000 stroke16
movl 0 -36.8060 382.1024 184.2219 176.2134 -0.7201 6.8528 100.0000 stroke16
movl 0 -35.7723 381.9919 184.5663 176.2640 -0.5783 6.8153 100.0000 stroke16
movl 0 -35.1986 381.5022 185.0083 176.4193 -0.3822 6.8295 100.0000 stroke16
movl 0 -34.6430 381.4817 185.2373 176.4491 -0.1626 6.7912 100.0000 stroke16
movl 0 -32.8367 381.3883 185.9068 176.5907 0.1174 6.5134 100.0000 stroke16
movl 0 -33.1332 381.0277 186.2649 176.6850 0.2421 6.5654 100.0000 stroke16
movl 0 -31.3491 381.1675 186.5130 176.7024 0.3361 6.2297 100.0000 stroke16
movl 0 -30.7950 380.7546 187.0820 176.8595 0.5800 6.1808 100.0000 stroke16
movl 0 -29.8998 380.5136 187.3691 176.9544 0.7542 6.1778 100.0000 stroke16
movl 0 -29.0848 380.0789 187.8348 177.0887 0.8996 6.0753 100.0000 stroke16
movl 0 -27.8810 379.6774 188.5095 177.3104 1.1464 5.9188 100.0000 stroke16
movl 0 -26.4475 379.1289 189.3425 177.5244 1.4545 5.7838 100.0000 stroke16
movl 0 -24.7558 378.5489 190.3404 177.7782 1.7848 5.5427 100.0000 stroke16
movl 0 -22.9323 377.4529 191.6105 178.2329 2.1843 5.4045 100.0000 stroke16
movl 0 -22.4367 376.6776 192.2995 178.4685 2.4001 5.3740 100.0000 stroke16
movl 0 -22.2540 375.9974 193.0455 178.7561 2.6779 5.3212 100.0000 stroke16
movl 0 -18.4108 373.9836 196.8194 179.6812 4.1289 5.5036 100.0000 stroke16
movl 0 -13.3394 368.6357 223.8730 -176.1946 7.0137 6.6620 100.0000 stroke16
