movl 0 -23.5441 411.4162 166.4035 -147.4852 0.1248 70.5703 100.0000 stroke1
movl 0 -27.8716 408.6931 166.0183 -148.4844 -2.1887 72.3269 100.0000 stroke1
movl 0 -29.1425 410.4712 165.7367 -149.7775 -1.3750 72.0670 100.0000 stroke1
movl 0 -33.7798 413.8868 165.5624 -152.7667 0.6949 70.7874 100.0000 stroke1
movl 0 -36.0630 416.4106 165.8899 -155.0884 3.0481 67.8134 100.0000 stroke1
movl 0 -38.3590 418.1832 166.2172 -157.1915 4.7406 64.9873 100.0000 stroke1
movl 0 -38.4069 420.5437 166.1225 -158.4908 6.8322 62.5699 100.0000 stroke1
movl 0 -38.3559 421.2636 166.0520 -158.5810 8.2834 62.2646 100.0000 stroke1
movl 0 -38.5529 421.0021 166.4298 -158.5088 9.1811 62.3261 100.0000 stroke1
movl 0 -38.1723 420.5130 166.7293 -158.1446 9.5789 62.5894 100.0000 stroke1
movl 0 -36.8216 420.1023 167.0265 -157.3535 10.0549 62.8397 100.0000 stroke1
movl 0 -32.0597 415.3737 170.7401 -153.6938 9.9072 63.3088 100.0000 stroke1
movl 0 -28.4614 397.3275 217.1566 -144.6994 8.5856 63.3596 100.0000 stroke1
movl 0 -38.3874 399.8895 219.2549 -147.7762 9.1348 66.1336 100.0000 stroke2
movl 0 -34.2100 401.7139 180.2417 -151.3053 9.7203 65.0456 100.0000 stroke2
movl 0 -31.2027 405.5551 167.5920 -152.0582 10.5989 65.2128 100.0000 stroke2
movl 0 -32.6423 405.0259 167.1500 -151.9249 9.7153 66.2637 100.0000 stroke2
movl 0 -39.9383 406.5495 166.7460 -155.5941 9.8239 64.4932 100.0000 stroke2
movl 0 -44.8705 407.9038 167.5207 -159.3088 10.5594 61.0511 100.0000 stroke2
movl 0 -45.0883 409.7064 167.6229 -161.0223 11.4487 57.7445 100.0000 stroke2
movl 0 -46.1252 409.7086 168.3794 -162.5324 12.8572 54.5222 100.0000 stroke2
movl 0 -44.9950 410.2237 169.3769 -164.1235 15.2291 50.5791 100.0000 stroke2
movl 0 -44.7190 411.0091 170.1706 -166.2505 17.2505 46.6080 100.0000 stroke2
movl 0 -44.4172 411.4727 170.9311 -168.1270 18.7048 43.4061 100.0000 stroke2
movl 0 -41.0840 408.5239 173.8061 -168.4302 20.2210 41.6037 100.0000 stroke2
movl 0 -34.2080 385.7600 203.0080 -162.9542 19.8290 42.4501 100.0000 stroke2
movl 0 -40.8744 365.4372 200.1984 -156.2070 13.0478 44.9814 100.0000 stroke3
movl 0 -41.6675 363.6080 183.6565 -158.5517 12.6720 42.9805 100.0000 stroke3
movl 0 -40.6814 362.9245 177.1380 -158.1165 13.4517 44.0214 100.0000 stroke3
movl 0 -44.8948 362.1787 174.8249 -158.4502 12.5824 45.2186 100.0000 stroke3
movl 0 -57.1778 359.2302 175.2032 -162.3417 8.9127 42.5660 100.0000 stroke3
movl 0 -65.9182 354.9649 175.5178 -164.3774 6.1507 40.6924 100.0000 stroke3
movl 0 -70.4080 352.3585 175.7286 -165.4375 5.0217 39.3429 100.0000 stroke3
movl 0 -73.8801 348.0631 175.2407 -164.2416 3.0140 38.8994 100.0000 stroke3
movl 0 -74.1007 347.5330 174.8927 -163.4877 2.1176 38.4745 100.0000 stroke3
movl 0 -73.5382 347.6283 174.6181 -162.9544 1.7001 38.3857 100.0000 stroke3
movl 0 -72.7309 347.5734 174.5441 -162.4053 1.3938 38.4376 100.0000 stroke3
movl 0 -71.3293 348.0802 174.5385 -161.9549 1.3402 38.6599 100.0000 stroke3
movl 0 -70.0388 348.4009 174.5967 -161.4605 1.2553 38.4530 100.0000 stroke3
movl 0 -68.8015 348.6786 174.6230 -161.0031 1.1260 38.3698 100.0000 stroke3
movl 0 -67.6086 348.4919 174.7375 -160.3664 0.7852 38.3560 100.0000 stroke3
movl 0 -66.1271 348.4218 174.8901 -159.6827 0.4762 38.2418 100.0000 stroke3
movl 0 -62.2075 345.0686 176.5446 -157.2382 -0.3625 38.5188 100.0000 stroke3
movl 0 -57.9326 334.4045 188.3478 -150.7939 -6.4363 40.4906 100.0000 stroke3
movl 0 -24.7556 381.0938 210.4942 -147.2380 4.1197 33.5128 100.0000 stroke4
movl 0 -24.9407 383.6294 177.2166 -152.2654 9.2944 26.9593 100.0000 stroke4
movl 0 -37.0960 378.5736 174.5872 -152.4970 5.8970 27.6764 100.0000 stroke4
movl 0 -44.1033 377.0283 173.2135 -153.1808 3.0616 28.2651 100.0000 stroke4
movl 0 -47.6600 377.4091 171.9156 -153.9288 1.7872 29.5143 100.0000 stroke4
movl 0 -54.4973 378.0178 170.8739 -155.8415 -0.6495 28.7980 100.0000 stroke4
movl 0 -64.6520 376.2799 169.6674 -157.5459 -4.3116 27.4062 100.0000 stroke4
movl 0 -69.3068 376.8841 169.3533 -158.9908 -5.7076 25.4368 100.0000 stroke4
movl 0 -73.3223 377.5841 168.6360 -160.1400 -7.0072 23.7112 100.0000 stroke4
movl 0 -76.9733 379.3050 167.7349 -161.3447 -8.1749 20.8909 100.0000 stroke4
movl 0 -75.7212 378.6091 168.4429 -160.8745 -7.4566 20.8015 100.0000 stroke4
movl 0 -73.2368 375.9965 169.0765 -158.9473 -7.3513 21.0406 100.0000 stroke4
movl 0 -71.4903 376.1341 169.7336 -158.6154 -6.9074 20.2900 100.0000 stroke4
movl 0 -69.7526 376.6893 170.4101 -158.7341 -6.2647 19.9485 100.0000 stroke4
movl 0 -67.7453 378.6483 171.2592 -159.9937 -4.7367 20.0325 100.0000 stroke4
movl 0 -66.1229 380.9723 172.9113 -161.8683 -3.0692 19.3658 100.0000 stroke4
movl 0 -64.9945 381.7322 173.2261 -162.2872 -2.3044 19.5625 100.0000 stroke4
movl 0 -58.7832 379.0880 173.8604 -159.4767 -0.5158 23.5656 100.0000 stroke4
movl 0 -39.9403 354.0994 204.2277 -142.5808 -4.2485 43.7340 100.0000 stroke4
movl 0 -7.8538 382.9643 196.8716 -147.6950 5.7822 53.8987 100.0000 stroke5
movl 0 -13.8594 376.8158 175.2820 -151.3868 3.9464 49.7630 100.0000 stroke5
movl 0 -22.0143 374.7929 175.4541 -152.9182 2.0459 49.9377 100.0000 stroke5
movl 0 -25.2861 375.9664 173.0147 -152.8757 1.5697 51.5208 100.0000 stroke5
movl 0 -27.3119 378.8380 171.3776 -153.8172 2.1690 51.7201 100.0000 stroke5
movl 0 -31.7972 378.5859 170.6194 -155.1578 0.8015 50.7220 100.0000 stroke5
movl 0 -36.8221 379.6783 171.0255 -157.9200 -0.1897 48.8404 100.0000 stroke5
movl 0 -39.4432 380.0728 171.0157 -159.1292 -1.1845 48.3042 100.0000 stroke5
movl 0 -40.7289 379.5028 170.7962 -159.4756 -2.3219 47.6477 100.0000 stroke5
movl 0 -40.0962 379.9115 170.9777 -159.8756 -3.0518 45.6119 100.0000 stroke5
movl 0 -39.1738 380.8700 171.1729 -160.3950 -3.6384 42.6089 100.0000 stroke5
movl 0 -37.5273 383.1165 170.8534 -161.0376 -3.8308 39.4217 100.0000 stroke5
movl 0 -34.3234 382.7818 171.1147 -159.9167 -2.7478 39.7385 100.0000 stroke5
movl 0 -27.8493 381.8863 171.4789 -157.7429 -1.3761 40.0171 100.0000 stroke5
movl 0 -27.1519 383.1084 171.4011 -158.2140 -0.7819 39.8414 100.0000 stroke5
movl 0 -26.0620 386.5678 171.4747 -159.7416 1.0949 39.1141 100.0000 stroke5
movl 0 -19.5344 385.4728 171.9996 -156.4473 4.9237 44.6970 100.0000 stroke5
movl 0 -15.8391 367.2700 200.8063 -145.7220 2.5492 51.9447 100.0000 stroke5
movl 0 -8.8098 383.7971 244.6895 -147.3357 6.6430 56.1522 100.0000 stroke6
movl 0 2.6041 385.8883 172.2031 -148.6067 5.7606 52.8110 100.0000 stroke6
movl 0 0.4488 384.1326 170.6301 -150.8437 6.5123 49.0610 100.0000 stroke6
movl 0 -7.0878 385.4884 169.5939 -152.8672 6.0262 50.4413 100.0000 stroke6
movl 0 -8.2737 387.5208 167.2389 -152.6518 5.4877 51.5583 100.0000 stroke6
movl 0 -13.0547 390.0117 166.4214 -155.7924 5.3134 49.2541 100.0000 stroke6
movl 0 -13.5980 393.1576 166.7782 -158.3670 7.2365 46.4795 100.0000 stroke6
movl 0 -13.6194 394.3361 167.6875 -159.7595 9.2825 45.4692 100.0000 stroke6
movl 0 -13.7199 395.5938 168.7561 -161.4822 11.1313 43.8145 100.0000 stroke6
movl 0 -13.9906 397.7378 169.7980 -164.0192 13.6297 41.5642 100.0000 stroke6
movl 0 -14.5698 400.7218 170.4157 -167.3801 16.1617 38.8287 100.0000 stroke6
movl 0 -16.6932 404.9260 169.8649 -171.3686 18.4417 37.1816 100.0000 stroke6
movl 0 -16.5449 403.5306 170.5856 -171.2706 18.5113 37.0726 100.0000 stroke6
movl 0 -12.8899 399.8758 171.9016 -168.6503 17.7581 37.4163 100.0000 stroke6
movl 0 -16.2713 400.4669 171.8726 -170.3279 17.7205 37.9863 100.0000 stroke6
movl 0 -10.8878 384.3327 175.4275 -159.0140 11.7655 42.8279 100.0000 stroke6
movl 0 -17.7802 350.3859 217.7588 -143.9261 -9.6096 55.5870 100.0000 stroke6
movl 0 -16.4602 352.1585 228.0518 -144.2603 -13.7266 62.2452 100.0000 stroke7
movl 0 -15.7305 363.5204 176.2965 -150.2938 -2.4810 54.6760 100.0000 stroke7
movl 0 -21.9537 363.0343 176.8337 -152.8545 -0.5703 52.7376 100.0000 stroke7
movl 0 -28.0068 363.3978 174.8089 -154.4908 -0.0410 54.1918 100.0000 stroke7
movl 0 -31.0410 362.8482 174.0043 -155.0738 -0.5772 54.8051 100.0000 stroke7
movl 0 -37.9389 361.2694 173.1321 -156.8337 -2.7374 53.9091 100.0000 stroke7
movl 0 -45.4437 360.4558 173.2927 -159.8130 -4.1785 51.6549 100.0000 stroke7
movl 0 -50.6222 359.0288 173.5318 -161.2582 -5.6501 50.0793 100.0000 stroke7
movl 0 -53.3007 359.2768 173.5495 -162.3683 -6.7055 47.3388 100.0000 stroke7
movl 0 -55.3809 360.8764 173.4458 -163.7260 -7.5352 43.4761 100.0000 stroke7
movl 0 -54.8952 364.4500 172.9625 -164.9744 -7.7133 39.1639 100.0000 stroke7
movl 0 -52.8877 363.8763 173.4271 -164.1756 -7.3058 38.8246 100.0000 stroke7
movl 0 -48.1194 360.6674 174.8718 -161.8101 -7.1950 39.0071 100.0000 stroke7
movl 0 -48.4467 362.0456 175.1529 -162.8594 -6.4270 39.1167 100.0000 stroke7
movl 0 -48.3026 364.7505 176.3750 -164.8342 -4.8681 38.5096 100.0000 stroke7
movl 0 -45.9337 365.3250 176.4913 -164.2566 -3.4565 39.5981 100.0000 stroke7
movl 0 -31.9779 352.3474 186.2200 -153.0813 -2.1746 47.1707 100.0000 stroke7
movl 0 -20.4874 349.4352 218.2477 150.6324 -1.2662 -128.9394 100.0000 stroke8
movl 0 -28.5135 348.2110 178.9992 155.4563 -0.8171 -130.6126 100.0000 stroke8
movl 0 -31.9539 350.4134 178.3077 156.4067 -1.6991 -130.7901 100.0000 stroke8
movl 0 -38.7016 347.8565 176.9185 156.3357 -1.6462 -129.6313 100.0000 stroke8
movl 0 -42.1793 348.1951 176.1914 157.1596 -0.8458 -130.2103 100.0000 stroke8
movl 0 -48.9693 346.5708 175.6500 159.0148 1.0928 -131.4214 100.0000 stroke8
movl 0 -53.2655 346.6879 175.3466 160.7141 2.2578 -133.0507 100.0000 stroke8
movl 0 -56.7278 347.4865 175.5260 162.4958 2.7748 -134.8611 100.0000 stroke8
movl 0 -60.4869 347.2721 175.5823 163.7542 3.5322 -136.1989 100.0000 stroke8
movl 0 -62.4208 346.7079 175.4775 164.0960 4.2938 -137.0820 100.0000 stroke8
movl 0 -62.5569 347.2479 175.4617 164.3870 4.5329 -138.3470 100.0000 stroke8
movl 0 -62.5309 348.3782 175.4684 164.9433 4.6606 -139.8697 100.0000 stroke8
movl 0 -63.0162 349.8661 175.2989 165.7792 4.8517 -141.5567 100.0000 stroke8
movl 0 -63.5395 351.3471 175.2132 166.6773 5.2292 -143.7270 100.0000 stroke8
movl 0 -62.8565 353.1097 175.2821 167.2936 5.2243 -145.9566 100.0000 stroke8
movl 0 -61.3287 355.3635 175.5726 168.0394 5.0626 -148.3160 100.0000 stroke8
movl 0 -60.3816 357.2705 175.6590 168.6782 5.1510 -150.6560 100.0000 stroke8
movl 0 -60.4865 359.9185 175.4016 169.7863 5.7019 -153.7235 100.0000 stroke8
movl 0 -59.1721 360.4462 175.7571 169.6937 5.1778 -154.5033 100.0000 stroke8
movl 0 -55.0920 355.2738 177.5413 166.6348 4.6916 -153.3306 100.0000 stroke8
movl 0 -53.4064 353.9340 178.2264 165.7580 4.5636 -153.4609 100.0000 stroke8
movl 0 -52.1635 353.3291 178.4280 165.2389 4.4860 -153.8275 100.0000 stroke8
movl 0 -52.1417 354.2451 178.9276 166.0124 4.2064 -154.0321 100.0000 stroke8
movl 0 -52.5854 356.5537 179.3050 167.8432 3.3713 -154.6907 100.0000 stroke8
movl 0 -52.4429 358.8174 179.6596 169.4671 2.4658 -155.5178 100.0000 stroke8
movl 0 -51.4376 359.8539 179.7742 169.8543 1.7649 -155.6230 100.0000 stroke8
movl 0 -49.9995 359.2794 179.8370 169.0662 1.1708 -154.5923 100.0000 stroke8
movl 0 -47.0499 358.8637 180.1021 168.0552 0.1219 -153.4360 100.0000 stroke8
movl 0 -32.1653 352.5916 184.4575 161.6448 -2.6254 -148.9829 100.0000 stroke8
movl 0 -14.9374 331.5323 230.5711 149.4459 -0.5618 -142.5075 100.0000 stroke8
