movl 0 78.7935 389.8511 174.2512 -150.3257 3.8598 62.8195 100.0000 stroke1
movl 0 77.7051 389.2233 174.4646 -150.5036 3.3391 63.2064 100.0000 stroke1
movl 0 76.1264 390.9038 173.9464 -151.4733 3.8838 61.9435 100.0000 stroke1
movl 0 74.3959 391.2209 173.4835 -151.7364 4.3257 62.0094 100.0000 stroke1
movl 0 72.8566 392.8460 172.4519 -152.2042 5.0451 62.2027 100.0000 stroke1
movl 0 72.3049 393.8079 172.0907 -152.7317 5.7751 61.5537 100.0000 stroke1
movl 0 70.1717 394.5538 171.8656 -153.8614 6.0307 60.8926 100.0000 stroke1
movl 0 68.2080 395.2920 171.6888 -155.0011 6.1243 60.3231 100.0000 stroke1
movl 0 66.5738 395.1703 171.9607 -155.9855 6.0875 59.4099 100.0000 stroke1
movl 0 64.6817 395.3791 172.3643 -157.3233 6.4959 58.0469 100.0000 stroke1
movl 0 62.2771 393.9722 172.8164 -157.7356 5.6088 57.1561 100.0000 stroke1
movl 0 60.0759 393.2702 173.0621 -158.3357 4.7801 56.0415 100.0000 stroke1
movl 0 58.6752 392.9002 173.2353 -158.9650 4.2637 55.3610 100.0000 stroke1
movl 0 58.1415 392.3986 173.5511 -159.3209 3.8340 54.6287 100.0000 stroke1
movl 0 58.4405 392.2402 173.8916 -159.6256 3.5929 53.8539 100.0000 stroke1
movl 0 58.3031 391.8641 174.0792 -159.8995 3.1035 53.3551 100.0000 stroke1
movl 0 58.3653 391.7168 174.3058 -160.2347 2.6236 52.8506 100.0000 stroke1
movl 0 59.0085 391.5988 174.5602 -160.6030 2.1162 52.2802 100.0000 stroke1
movl 0 59.1935 391.5982 174.7778 -161.1241 1.5554 51.4599 100.0000 stroke1
movl 0 58.8676 391.7620 175.0037 -161.7959 1.0429 50.3871 100.0000 stroke1
movl 0 58.6632 391.8483 175.2941 -162.4596 0.4236 49.3646 100.0000 stroke1
movl 0 58.3918 391.7986 175.4931 -163.0169 -0.2777 48.6494 100.0000 stroke1
movl 0 58.1362 391.9783 175.6283 -163.5979 -0.8984 47.6566 100.0000 stroke1
movl 0 59.3444 392.5531 175.5902 -163.8596 -1.1653 46.5440 100.0000 stroke1
movl 0 58.8097 392.6496 175.6744 -164.5687 -2.0699 45.4110 100.0000 stroke1
movl 0 58.0935 392.4903 175.6467 -165.1459 -3.0683 44.2394 100.0000 stroke1
movl 0 56.4419 392.6143 175.2448 -166.0010 -4.2178 42.8265 100.0000 stroke1
movl 0 56.1817 391.4622 175.4125 -165.7201 -4.4576 43.1738 100.0000 stroke1
movl 0 58.1094 388.7157 176.2749 -164.0454 -4.5573 44.1665 100.0000 stroke1
movl 0 59.6103 387.2921 176.8123 -163.1338 -4.8153 44.8055 100.0000 stroke1
movl 0 59.8491 386.6850 177.0781 -162.8276 -4.9770 44.9900 100.0000 stroke1
movl 0 60.5795 386.0471 177.4341 -162.4315 -4.9857 45.0651 100.0000 stroke1
movl 0 60.8194 385.3290 177.7771 -162.0600 -5.1423 45.1860 100.0000 stroke1
movl 0 61.2261 384.8883 178.0506 -161.8280 -5.1892 45.2543 100.0000 stroke1
movl 0 61.5538 385.2306 178.1289 -161.9961 -4.9095 45.2862 100.0000 stroke1
movl 0 61.5826 386.9079 178.1220 -163.1401 -3.8323 44.8696 100.0000 stroke1
movl 0 61.7330 387.8231 178.1218 -163.9131 -3.3065 44.3398 100.0000 stroke1
movl 0 61.8657 388.1904 178.1839 -164.2047 -2.9486 44.0195 100.0000 stroke1
movl 0 62.3079 388.4915 178.3453 -164.5623 -2.5089 43.7511 100.0000 stroke1
movl 0 62.7262 388.3368 178.4911 -164.6996 -2.2807 43.5478 100.0000 stroke1
movl 0 63.7135 388.0776 178.7401 -164.6910 -2.0074 43.3300 100.0000 stroke1
movl 0 64.5924 387.2346 178.9783 -164.4120 -1.8603 43.3992 100.0000 stroke1
movl 0 65.2457 386.2761 179.2195 -163.5052 -1.6457 44.1001 100.0000 stroke1
movl 0 65.2797 386.3610 179.1269 -163.1874 -1.5581 44.4449 100.0000 stroke1
movl 0 65.5096 386.6728 178.9507 -162.7151 -1.2995 44.7247 100.0000 stroke1
movl 0 64.7736 386.8898 178.8976 -162.6396 -1.2970 44.9331 100.0000 stroke1
movl 0 64.6326 386.7814 178.9029 -162.3616 -1.4048 45.1714 100.0000 stroke1
movl 0 64.1622 386.6756 178.8989 -162.0142 -1.3102 45.4198 100.0000 stroke1
movl 0 63.8594 386.3592 179.0025 -161.7099 -1.0748 45.5580 100.0000 stroke1
movl 0 63.8399 385.6429 179.2654 -161.2746 -0.6405 45.5762 100.0000 stroke1
movl 0 67.2001 383.5290 180.7810 -160.0384 -0.0814 44.7162 100.0000 stroke1
movl 0 80.5915 379.4888 185.8293 -154.0280 0.7272 47.3756 100.0000 stroke1
movl 0 85.3207 367.3351 221.9411 -146.0148 -6.9390 54.3380 100.0000 stroke1
movl 0 91.9987 410.7136 225.2822 -146.5608 -29.3405 105.6562 100.0000 stroke2
movl 0 93.1268 417.8808 188.8777 -149.0316 -17.6361 99.1653 100.0000 stroke2
movl 0 93.1437 417.7943 174.4173 -153.0867 -16.6014 100.4689 100.0000 stroke2
movl 0 89.8373 415.6100 172.2943 -157.4819 -18.9860 103.9545 100.0000 stroke2
movl 0 91.0667 416.8716 171.3060 -157.8538 -19.5029 106.0034 100.0000 stroke2
movl 0 90.5295 418.7379 170.5915 -158.0134 -18.8764 106.5517 100.0000 stroke2
movl 0 87.0644 421.7506 169.6343 -158.4512 -16.6650 105.6597 100.0000 stroke2
movl 0 82.8611 424.2716 170.0831 -159.4710 -13.4712 102.3976 100.0000 stroke2
movl 0 80.4310 426.4502 170.2766 -160.2241 -10.7553 99.5500 100.0000 stroke2
movl 0 80.5616 428.3147 169.9090 -160.3702 -8.9569 97.3437 100.0000 stroke2
movl 0 81.5589 430.2175 169.5772 -159.7442 -7.6653 95.7411 100.0000 stroke2
movl 0 79.6324 431.0087 169.8668 -159.3813 -5.2975 93.1261 100.0000 stroke2
movl 0 78.4103 431.2153 170.0005 -158.8477 -3.9109 91.5452 100.0000 stroke2
movl 0 77.0036 430.8736 170.1951 -158.8574 -3.2581 90.1665 100.0000 stroke2
movl 0 78.0382 431.1020 170.1812 -158.7577 -2.1139 87.3354 100.0000 stroke2
movl 0 76.8652 431.0963 170.4918 -159.0181 -0.3274 84.7434 100.0000 stroke2
movl 0 76.2524 431.1327 170.8228 -159.2140 1.4076 82.5511 100.0000 stroke2
movl 0 76.0750 431.1662 171.1819 -159.2551 3.0556 80.4759 100.0000 stroke2
movl 0 75.4283 431.2546 171.8793 -159.5327 4.8394 78.2002 100.0000 stroke2
movl 0 75.4011 431.8440 172.0879 -159.9850 6.7448 75.9482 100.0000 stroke2
movl 0 74.7028 431.9224 172.0863 -160.6175 8.3173 74.1505 100.0000 stroke2
movl 0 74.2258 431.8564 172.5363 -161.0226 9.8536 72.6538 100.0000 stroke2
movl 0 73.0533 431.8632 172.7927 -161.8935 11.3517 70.6850 100.0000 stroke2
movl 0 72.4462 432.1940 172.8406 -162.7235 12.9103 68.6706 100.0000 stroke2
movl 0 71.5438 431.9925 172.9105 -163.3924 13.8104 67.3149 100.0000 stroke2
movl 0 70.5881 431.5866 172.8968 -164.1288 14.6901 65.7652 100.0000 stroke2
movl 0 69.4955 430.7571 173.0936 -164.8514 15.5077 64.4560 100.0000 stroke2
movl 0 68.4834 430.3782 173.2014 -165.6201 16.2840 63.1816 100.0000 stroke2
movl 0 66.8988 429.4794 173.3052 -166.2749 16.7940 62.4433 100.0000 stroke2
movl 0 64.7870 428.3396 173.2931 -167.2562 17.3450 61.1378 100.0000 stroke2
movl 0 63.0785 427.9067 173.0717 -168.4321 18.2715 59.1052 100.0000 stroke2
movl 0 60.4618 426.8059 173.0664 -169.1493 18.6423 59.0859 100.0000 stroke2
movl 0 57.0766 426.1352 172.7508 -169.6702 19.1869 60.5167 100.0000 stroke2
movl 0 52.2958 424.1574 172.6396 -169.7084 18.9860 63.2045 100.0000 stroke2
movl 0 51.8096 423.6731 172.7635 -169.0907 18.8524 64.8779 100.0000 stroke2
movl 0 50.5789 422.8579 172.9376 -168.8026 18.6614 65.8929 100.0000 stroke2
movl 0 51.9045 423.3581 172.9079 -168.2042 18.5995 66.5793 100.0000 stroke2
movl 0 51.3959 422.8758 173.0417 -167.8602 18.4518 67.1429 100.0000 stroke2
movl 0 49.9841 422.5785 172.9380 -167.8751 18.7292 67.4430 100.0000 stroke2
movl 0 48.3903 421.8485 173.1945 -167.5965 18.7524 68.0380 100.0000 stroke2
movl 0 46.2212 421.3065 173.7481 -167.4168 18.6860 68.3609 100.0000 stroke2
movl 0 46.2446 421.2962 174.0940 -167.3055 18.6376 68.3180 100.0000 stroke2
movl 0 44.6076 420.7055 174.5378 -167.2437 18.5595 68.5175 100.0000 stroke2
movl 0 41.1021 420.1764 174.8995 -167.2050 18.4701 68.8865 100.0000 stroke2
movl 0 40.7307 420.0164 175.4190 -167.0172 18.3506 68.9474 100.0000 stroke2
movl 0 40.1629 419.5857 175.9089 -166.9270 18.2524 68.9122 100.0000 stroke2
movl 0 39.0417 419.3145 176.5308 -166.7926 18.1988 68.9155 100.0000 stroke2
movl 0 39.0996 419.6300 176.7785 -166.7839 18.2442 68.6613 100.0000 stroke2
movl 0 39.9468 419.7863 177.3464 -166.5247 18.2666 68.4442 100.0000 stroke2
movl 0 39.5845 419.7999 177.6114 -166.4271 18.2931 68.3482 100.0000 stroke2
movl 0 40.4834 419.9147 177.9570 -166.2271 18.3189 68.1842 100.0000 stroke2
movl 0 40.8808 419.4802 178.3937 -165.9928 18.2383 68.1287 100.0000 stroke2
movl 0 44.1406 417.6510 180.4750 -164.4553 17.7774 68.2182 100.0000 stroke2
movl 0 52.6390 413.9796 186.3714 -160.5173 16.7206 68.5274 100.0000 stroke2
movl 0 59.0940 404.4923 207.5609 -153.9782 12.3014 69.7525 100.0000 stroke2
movl 0 89.3432 388.1629 225.1365 -161.4746 -26.8531 112.9052 100.0000 stroke3
movl 0 87.0076 386.0901 191.5659 -162.4319 -21.1760 109.6308 100.0000 stroke3
movl 0 75.0578 382.9085 189.1128 -165.9371 -17.9730 109.4715 100.0000 stroke3
movl 0 61.2951 380.0558 185.4881 -169.8862 -16.7341 110.8556 100.0000 stroke3
movl 0 56.0865 381.2677 183.3648 -171.2633 -15.6816 109.4405 100.0000 stroke3
movl 0 52.6289 383.1634 181.5232 -172.0798 -14.5209 107.0840 100.0000 stroke3
movl 0 48.7308 385.2221 180.8072 -171.6533 -12.1247 104.7422 100.0000 stroke3
movl 0 45.1516 385.3749 180.2531 -172.0400 -11.3336 103.1946 100.0000 stroke3
movl 0 43.6286 388.4131 180.5255 -173.0630 -9.5748 100.1821 100.0000 stroke3
movl 0 42.7088 388.9274 180.5484 -173.3732 -8.6743 99.4653 100.0000 stroke3
movl 0 42.6951 389.8443 180.8988 -173.3389 -7.5870 98.1716 100.0000 stroke3
movl 0 41.7145 390.5339 181.1656 -173.8590 -6.4345 97.3970 100.0000 stroke3
movl 0 40.9548 391.3254 181.4187 -174.2309 -5.3153 96.2501 100.0000 stroke3
movl 0 39.7625 393.1318 181.5217 -174.8947 -3.3911 93.9667 100.0000 stroke3
movl 0 38.6217 395.2901 181.4608 -175.6735 -1.2045 91.2225 100.0000 stroke3
movl 0 36.9122 398.0171 181.0473 -176.8748 1.0767 88.2206 100.0000 stroke3
movl 0 34.6520 400.7621 180.1940 -178.5012 3.2544 85.0045 100.0000 stroke3
movl 0 31.9794 402.7496 179.2318 179.7824 4.5563 82.3378 100.0000 stroke3
movl 0 29.1855 404.8868 178.2174 177.9032 5.6667 78.5578 100.0000 stroke3
movl 0 26.7058 406.5675 177.1964 175.9994 6.3714 75.0750 100.0000 stroke3
movl 0 25.2005 407.9106 176.2760 174.4922 6.9042 72.2804 100.0000 stroke3
movl 0 23.2817 409.1318 175.1822 172.7465 7.2012 69.6227 100.0000 stroke3
movl 0 21.3149 410.1713 174.2285 171.2378 7.4215 67.7689 100.0000 stroke3
movl 0 20.7104 410.6821 173.9115 170.6529 7.5633 67.3924 100.0000 stroke3
movl 0 19.9575 411.1934 173.5339 169.9403 7.7186 66.9122 100.0000 stroke3
movl 0 19.2961 410.9878 173.2340 169.4240 7.8017 66.8724 100.0000 stroke3
movl 0 19.3229 409.4303 173.6265 169.5894 7.9144 68.0816 100.0000 stroke3
movl 0 18.8641 405.0178 175.3308 170.6492 6.4905 68.9256 100.0000 stroke3
movl 0 18.6397 403.0303 176.6160 170.6635 4.2841 67.6210 100.0000 stroke3
movl 0 21.8892 404.3623 176.9684 170.9506 4.0317 66.8927 100.0000 stroke3
movl 0 20.6356 401.5244 177.7301 171.4658 4.2758 69.0950 100.0000 stroke3
movl 0 16.4078 396.7826 178.1944 171.2740 3.7575 71.0501 100.0000 stroke3
movl 0 20.4146 401.2838 177.9553 170.6648 3.2179 68.5234 100.0000 stroke3
movl 0 21.1889 401.4546 177.7661 170.5820 3.4158 68.8113 100.0000 stroke3
movl 0 18.4631 398.2440 178.1445 170.7631 3.7724 71.4053 100.0000 stroke3
movl 0 18.4457 399.4015 177.5567 170.1858 3.4845 70.6108 100.0000 stroke3
movl 0 23.0836 403.1297 177.7032 170.0729 3.5000 68.5467 100.0000 stroke3
movl 0 22.6098 401.6368 178.1404 170.3889 3.8406 69.7632 100.0000 stroke3
movl 0 20.7291 398.5235 178.9242 170.8021 4.0774 71.8219 100.0000 stroke3
movl 0 20.8777 399.0847 178.5351 170.3031 3.9393 71.4650 100.0000 stroke3
movl 0 20.3156 399.6672 177.9853 169.5723 3.4151 70.5078 100.0000 stroke3
movl 0 19.5233 399.5991 177.5224 169.0375 3.0105 69.9880 100.0000 stroke3
movl 0 19.5759 399.3040 177.6748 168.8853 2.8996 70.1532 100.0000 stroke3
movl 0 19.7425 399.4656 177.7400 168.5720 2.6630 69.9925 100.0000 stroke3
movl 0 19.0330 398.9590 177.7485 168.3345 2.5173 70.1057 100.0000 stroke3
movl 0 18.3253 397.8213 178.2114 168.0951 2.4789 70.6304 100.0000 stroke3
movl 0 18.1579 397.6792 178.2415 167.9295 2.3883 70.6127 100.0000 stroke3
movl 0 18.1056 397.5575 178.2677 167.7012 2.1227 70.3262 100.0000 stroke3
movl 0 18.5312 397.3817 178.5056 167.6435 2.0703 70.2624 100.0000 stroke3
movl 0 18.2624 396.6817 178.8094 167.5726 2.0438 70.3715 100.0000 stroke3
movl 0 18.6979 396.7716 179.1019 167.5566 2.0781 70.2832 100.0000 stroke3
movl 0 19.2660 397.0192 179.3823 167.5786 2.1464 70.0048 100.0000 stroke3
movl 0 20.3370 397.3995 179.8504 167.7088 2.2863 69.7165 100.0000 stroke3
movl 0 21.3178 397.7881 180.2584 167.7817 2.4499 69.4144 100.0000 stroke3
movl 0 22.4717 398.1247 180.7630 167.9078 2.5648 69.1320 100.0000 stroke3
movl 0 22.9485 397.8492 181.2621 168.0150 2.6129 69.0022 100.0000 stroke3
movl 0 23.8114 398.1111 181.5976 168.0807 2.6915 68.7813 100.0000 stroke3
movl 0 24.1185 397.9228 181.8931 168.1262 2.7193 68.6776 100.0000 stroke3
movl 0 25.3337 398.0016 182.4897 168.3545 2.8094 68.5553 100.0000 stroke3
movl 0 26.0406 397.7601 183.0125 168.5964 2.7964 68.5136 100.0000 stroke3
movl 0 27.8887 397.2523 184.2380 169.2100 2.8068 68.4796 100.0000 stroke3
movl 0 58.9295 385.8379 203.1473 -177.7210 2.6645 69.0144 100.0000 stroke3
movl 0 114.1604 365.7440 248.0854 -153.2192 0.8754 63.1975 100.0000 stroke3
