movl 0 -42.8956 405.0659 184.1057 167.7837 22.7170 -54.1394 100.0000 stroke1
movl 0 -43.2254 406.4388 181.2556 163.4115 19.7284 -65.0475 100.0000 stroke1
movl 0 -42.7875 407.9540 181.6507 165.0381 20.4741 -63.6308 100.0000 stroke1
movl 0 -44.4113 409.6008 180.7155 165.6050 19.5962 -62.4231 100.0000 stroke1
movl 0 -45.8620 411.0094 179.2488 165.8667 18.7809 -62.3686 100.0000 stroke1
movl 0 -45.5624 411.9842 178.1505 165.6989 18.4336 -62.5810 100.0000 stroke1
movl 0 -45.4078 412.2727 177.4716 165.4556 18.5773 -62.3908 100.0000 stroke1
movl 0 -47.6837 414.0466 175.5287 166.1649 17.0100 -62.1922 100.0000 stroke1
movl 0 -49.3225 415.9989 174.5179 166.4795 15.2272 -62.8708 100.0000 stroke1
movl 0 -49.5237 417.6209 173.8716 166.3992 13.7069 -64.2575 100.0000 stroke1
movl 0 -48.7752 419.6085 172.9497 166.0554 12.4160 -65.2306 100.0000 stroke1
movl 0 -47.3932 421.2682 172.1998 165.3423 11.5859 -66.5135 100.0000 stroke1
movl 0 -49.4837 420.9302 172.3260 165.3037 11.4687 -66.1790 100.0000 stroke1
movl 0 -49.8778 420.7637 172.3108 165.0281 11.3316 -66.3091 100.0000 stroke1
movl 0 -50.5908 420.1900 172.5169 165.1147 11.0804 -66.8520 100.0000 stroke1
movl 0 -49.6292 420.7558 172.3000 164.8282 10.6981 -67.5723 100.0000 stroke1
movl 0 -51.5194 419.5279 172.9221 164.7510 10.3948 -67.6172 100.0000 stroke1
movl 0 -51.3734 419.9100 172.7657 164.4790 10.1491 -67.8650 100.0000 stroke1
movl 0 -52.3840 419.2127 172.9814 164.4106 9.8250 -68.1979 100.0000 stroke1
movl 0 -52.7725 418.6770 173.3119 164.0903 9.3230 -68.8044 100.0000 stroke1
movl 0 -53.8287 418.0162 173.3660 164.0303 8.8200 -69.2118 100.0000 stroke1
movl 0 -54.6895 417.3637 173.4351 163.8219 8.4165 -69.5690 100.0000 stroke1
movl 0 -55.3653 416.5888 173.6682 163.5582 7.9927 -69.8014 100.0000 stroke1
movl 0 -56.0347 416.0461 173.7554 163.3651 7.5329 -69.9853 100.0000 stroke1
movl 0 -56.7218 415.1772 174.1169 163.1716 7.2636 -69.9908 100.0000 stroke1
movl 0 -57.3695 414.6581 174.3420 163.0203 6.9487 -70.0182 100.0000 stroke1
movl 0 -58.2930 413.9598 174.5992 162.8744 6.7482 -69.8096 100.0000 stroke1
movl 0 -59.4046 413.3110 174.7632 162.7418 6.4198 -69.7105 100.0000 stroke1
movl 0 -60.4563 412.6548 174.9469 162.5777 6.2256 -69.4443 100.0000 stroke1
movl 0 -61.6838 412.0463 175.1586 162.4476 5.9947 -69.1940 100.0000 stroke1
movl 0 -62.6926 410.9753 175.6501 162.3294 5.9757 -68.9133 100.0000 stroke1
movl 0 -63.9279 410.0037 176.0932 162.2985 5.9644 -68.6977 100.0000 stroke1
movl 0 -64.8562 409.0046 176.5885 162.2525 6.1152 -68.3304 100.0000 stroke1
movl 0 -66.1272 408.1923 177.0065 162.2914 6.1150 -68.1017 100.0000 stroke1
movl 0 -66.9198 407.6798 177.3017 162.2560 6.1731 -67.8288 100.0000 stroke1
movl 0 -68.1408 406.5379 177.8506 162.3405 6.4666 -67.5293 100.0000 stroke1
movl 0 -69.1976 405.7792 178.2583 162.3420 6.6117 -67.1462 100.0000 stroke1
movl 0 -70.1857 405.0932 178.5373 162.4590 6.8124 -66.9792 100.0000 stroke1
movl 0 -70.7187 404.6876 178.8806 162.3958 6.9690 -66.8159 100.0000 stroke1
movl 0 -72.2382 404.3735 179.0573 162.4622 6.9437 -66.7080 100.0000 stroke1
movl 0 -72.5029 404.2643 179.1884 162.4631 6.9760 -66.7611 100.0000 stroke1
movl 0 -72.0823 403.9409 179.5171 162.4484 7.1548 -66.8372 100.0000 stroke1
movl 0 -71.2426 402.7265 180.7981 162.5353 7.7359 -66.9526 100.0000 stroke1
movl 0 -68.2192 398.7786 188.4248 162.3419 9.1278 -70.1579 100.0000 stroke1
movl 0 -70.0124 394.6913 221.3216 162.5416 11.5285 -76.0293 100.0000 stroke1
movl 0 -37.7036 397.4301 237.1832 158.8188 19.8754 -74.5149 100.0000 stroke2
movl 0 -34.5837 386.4007 189.6579 158.5487 22.4104 -72.5230 100.0000 stroke2
movl 0 -33.7493 383.9727 182.7772 158.7493 20.5906 -73.2911 100.0000 stroke2
movl 0 -34.4037 390.2073 178.2549 158.1078 16.2064 -74.9802 100.0000 stroke2
movl 0 -36.5923 391.2867 175.1906 158.9974 15.8148 -73.2006 100.0000 stroke2
movl 0 -37.3647 392.9195 173.1488 159.4377 15.7913 -71.6928 100.0000 stroke2
movl 0 -39.8561 395.9604 171.3966 159.9672 13.6514 -71.6757 100.0000 stroke2
movl 0 -40.9424 398.0972 171.0201 160.4319 10.9368 -73.1083 100.0000 stroke2
movl 0 -41.0614 399.3576 170.9782 160.0923 9.2151 -75.5345 100.0000 stroke2
movl 0 -42.6423 399.0238 171.7439 159.9709 7.6036 -77.7202 100.0000 stroke2
movl 0 -44.0004 398.7727 172.0982 160.1618 6.1452 -79.9220 100.0000 stroke2
movl 0 -44.9839 398.4565 172.7177 160.0354 4.8520 -81.5296 100.0000 stroke2
movl 0 -45.4816 398.5754 173.0955 159.8708 3.4333 -82.7411 100.0000 stroke2
movl 0 -46.1075 398.8736 173.2236 159.7754 2.1726 -83.4858 100.0000 stroke2
movl 0 -46.6047 399.4709 173.1912 159.7792 0.7972 -84.1656 100.0000 stroke2
movl 0 -47.4965 399.8346 173.0859 159.9842 -0.5520 -84.9032 100.0000 stroke2
movl 0 -48.5388 400.4034 172.8459 160.2824 -2.0036 -85.6776 100.0000 stroke2
movl 0 -49.7478 400.9039 172.5826 160.6489 -3.3979 -86.3664 100.0000 stroke2
movl 0 -50.6046 401.0754 172.4403 160.8631 -4.3175 -86.5855 100.0000 stroke2
movl 0 -51.6098 401.1510 172.2451 161.0171 -5.1856 -86.4992 100.0000 stroke2
movl 0 -52.7955 400.4544 172.3509 160.9927 -5.5924 -85.6794 100.0000 stroke2
movl 0 -52.5934 399.7457 172.8508 160.6862 -5.0124 -84.9418 100.0000 stroke2
movl 0 -50.5802 398.4494 174.0824 159.9487 -3.4381 -84.1279 100.0000 stroke2
movl 0 -50.7769 397.7766 174.7254 159.9124 -2.9942 -83.9687 100.0000 stroke2
movl 0 -50.2818 397.3187 175.1137 159.7667 -2.6875 -83.8203 100.0000 stroke2
movl 0 -49.6263 397.2480 175.4461 160.1803 -2.7451 -84.6009 100.0000 stroke2
movl 0 -49.8683 397.6321 175.1666 160.4909 -3.5048 -85.0640 100.0000 stroke2
movl 0 -51.0829 397.3387 175.0243 160.8140 -3.7533 -84.9723 100.0000 stroke2
movl 0 -50.2997 396.6410 175.5589 160.7011 -2.6502 -84.9574 100.0000 stroke2
movl 0 -49.9713 395.9404 176.0536 160.6561 -1.6785 -84.8147 100.0000 stroke2
movl 0 -49.7712 395.0665 176.7701 160.6561 -0.6227 -84.8662 100.0000 stroke2
movl 0 -49.7591 394.0328 177.8423 160.8048 0.4608 -85.0897 100.0000 stroke2
movl 0 -49.1791 392.8094 181.5215 160.5892 2.2237 -85.4659 100.0000 stroke2
movl 0 -48.2704 388.7058 206.7962 160.5069 8.8303 -84.8789 100.0000 stroke2
movl 0 -16.4980 405.3660 219.9015 157.0742 18.3308 -76.4703 100.0000 stroke3
movl 0 -13.9129 400.3843 186.4432 155.8556 17.2494 -76.5260 100.0000 stroke3
movl 0 -18.0945 398.2990 183.7093 158.3154 18.9723 -73.8292 100.0000 stroke3
movl 0 -20.4254 401.0416 178.5419 159.7105 19.1596 -70.2566 100.0000 stroke3
movl 0 -22.1686 402.6538 176.2908 160.6897 19.2300 -69.0132 100.0000 stroke3
movl 0 -23.3296 403.9918 174.9131 161.4710 18.8574 -67.7334 100.0000 stroke3
movl 0 -25.4751 405.8156 173.8284 162.1586 17.3288 -67.3918 100.0000 stroke3
movl 0 -27.4299 407.7116 173.5949 162.2286 14.6206 -69.6138 100.0000 stroke3
movl 0 -28.7797 408.7844 173.2834 162.8341 13.2381 -70.2394 100.0000 stroke3
movl 0 -29.6790 409.7520 173.1060 162.6213 12.0467 -72.3598 100.0000 stroke3
movl 0 -31.8214 409.7492 173.4899 162.6438 10.3058 -74.4655 100.0000 stroke3
movl 0 -32.3159 410.1611 173.9058 162.2938 8.3454 -77.1115 100.0000 stroke3
movl 0 -32.9478 410.5586 174.2961 161.9108 6.0267 -79.9712 100.0000 stroke3
movl 0 -33.3885 411.2979 174.5912 161.6566 3.6681 -82.5092 100.0000 stroke3
movl 0 -33.9101 411.9130 174.9041 161.6104 1.6959 -84.3424 100.0000 stroke3
movl 0 -34.8916 412.3759 175.0392 161.6936 -0.1727 -85.1929 100.0000 stroke3
movl 0 -36.0410 411.4415 175.3943 161.7057 -0.4468 -84.5132 100.0000 stroke3
movl 0 -35.1822 410.2817 176.1547 161.6738 0.9134 -83.8655 100.0000 stroke3
movl 0 -35.0420 409.4904 176.3473 161.8863 1.2155 -83.7883 100.0000 stroke3
movl 0 -36.0833 407.9539 177.0486 162.3361 2.2044 -83.7787 100.0000 stroke3
movl 0 -36.8339 406.5912 177.4248 162.7730 3.2589 -83.4729 100.0000 stroke3
movl 0 -37.5004 405.4115 178.1337 162.9861 4.0155 -83.3861 100.0000 stroke3
movl 0 -38.9638 399.9031 188.9906 163.3402 8.7632 -82.6795 100.0000 stroke3
movl 0 -47.0069 390.2145 245.6207 166.2442 19.2712 -78.4521 100.0000 stroke3
movl 0 -11.5452 393.8223 230.4801 169.5303 28.7895 -61.8088 100.0000 stroke4
movl 0 -9.8084 392.8866 199.5068 167.2716 26.3612 -63.4652 100.0000 stroke4
movl 0 -20.4461 391.9143 192.7546 166.6905 21.6979 -68.2837 100.0000 stroke4
movl 0 -28.4540 390.6990 188.3229 168.1133 19.3865 -67.5904 100.0000 stroke4
movl 0 -34.3750 391.6757 183.8557 170.0066 18.9804 -64.6149 100.0000 stroke4
movl 0 -35.5876 392.9580 181.6813 169.8840 18.8319 -63.4362 100.0000 stroke4
movl 0 -37.1200 394.1898 180.5536 169.8181 17.9621 -62.8596 100.0000 stroke4
movl 0 -38.9149 395.5326 179.3059 170.7407 16.9779 -62.4498 100.0000 stroke4
movl 0 -40.2871 396.4368 178.8991 171.6449 15.8196 -62.9643 100.0000 stroke4
movl 0 -41.3629 396.4089 179.0673 172.1460 15.5277 -63.4841 100.0000 stroke4
movl 0 -41.9462 396.7003 179.1722 172.3238 15.4395 -63.9109 100.0000 stroke4
movl 0 -41.6721 397.5330 178.8508 172.4906 15.1836 -64.3079 100.0000 stroke4
movl 0 -41.1245 397.9269 178.9169 172.6180 14.9875 -64.7933 100.0000 stroke4
movl 0 -40.4352 398.0877 179.1197 172.8290 14.9005 -65.2291 100.0000 stroke4
movl 0 -39.2311 398.6760 179.1771 172.9234 14.7555 -65.5498 100.0000 stroke4
movl 0 -38.3403 398.9986 179.3866 173.0676 14.6482 -65.8516 100.0000 stroke4
movl 0 -37.4435 399.6727 179.3277 173.1699 14.4483 -66.1700 100.0000 stroke4
movl 0 -35.6249 400.4341 179.2660 173.2124 14.3040 -66.6016 100.0000 stroke4
movl 0 -32.7965 401.9728 179.0461 173.1530 14.0312 -67.3837 100.0000 stroke4
movl 0 -29.3704 404.2540 178.5704 172.8835 13.5320 -68.9595 100.0000 stroke4
movl 0 -27.4216 405.5399 178.3285 172.7096 13.2067 -69.8914 100.0000 stroke4
movl 0 -28.7047 404.6633 178.7835 172.9183 13.2662 -69.6294 100.0000 stroke4
movl 0 -26.0464 406.2327 178.4931 172.9845 12.9698 -71.0926 100.0000 stroke4
movl 0 -20.3044 409.1132 178.2069 172.0753 12.5289 -73.3907 100.0000 stroke4
movl 0 -20.2980 408.1872 179.1624 171.8171 13.0448 -72.9260 100.0000 stroke4
movl 0 -18.0581 407.9724 179.9989 171.0754 13.5227 -73.3246 100.0000 stroke4
movl 0 -17.2147 407.8955 180.5662 170.7850 13.7547 -73.5406 100.0000 stroke4
movl 0 -17.2216 407.6782 180.8746 170.7026 13.9414 -73.6334 100.0000 stroke4
movl 0 -17.1634 408.4261 180.4065 170.6123 13.4985 -73.8113 100.0000 stroke4
movl 0 -15.9852 410.5182 179.6248 169.9899 12.2292 -74.7238 100.0000 stroke4
movl 0 -15.6753 410.6331 179.7220 169.7699 12.2146 -74.8158 100.0000 stroke4
movl 0 -14.1104 413.1268 178.5991 169.1101 10.8894 -75.4595 100.0000 stroke4
movl 0 -10.0370 417.5189 177.1424 167.3580 8.7003 -77.2789 100.0000 stroke4
movl 0 -2.6293 422.7266 175.3576 165.3390 6.1924 -79.9601 100.0000 stroke4
movl 0 3.3567 428.3502 172.5925 163.0468 3.9891 -81.2794 100.0000 stroke4
movl 0 4.4234 430.6283 171.4184 161.3633 2.6146 -81.1232 100.0000 stroke4
movl 0 4.2121 431.2630 170.9174 160.6247 1.4572 -81.7378 100.0000 stroke4
movl 0 3.5164 432.0662 170.8936 160.0337 -0.4437 -82.7499 100.0000 stroke4
movl 0 2.3859 432.8938 170.8155 159.6769 -2.6008 -83.5229 100.0000 stroke4
movl 0 0.9779 433.1812 170.9404 159.5448 -4.3517 -83.9408 100.0000 stroke4
movl 0 1.4265 431.8954 171.8521 159.6050 -3.5173 -84.1202 100.0000 stroke4
movl 0 0.8384 431.5105 171.9443 159.5025 -3.9699 -84.1201 100.0000 stroke4
movl 0 -1.4944 430.3234 172.5043 159.8343 -4.4629 -84.2417 100.0000 stroke4
movl 0 -0.1146 429.2622 173.5600 159.6698 -3.7950 -84.9717 100.0000 stroke4
movl 0 -2.0923 428.5516 173.7307 160.1317 -4.2741 -85.2660 100.0000 stroke4
movl 0 -1.9754 427.6580 174.3441 160.5148 -3.7953 -86.6443 100.0000 stroke4
movl 0 -2.7423 426.1147 175.2291 160.9368 -3.2462 -87.9557 100.0000 stroke4
movl 0 -3.6724 424.7589 176.1135 161.3262 -2.9722 -89.0871 100.0000 stroke4
movl 0 -1.8727 417.1609 183.1400 160.4050 0.7923 -91.9456 100.0000 stroke4
movl 0 -0.4777 402.7148 215.9941 155.8408 11.6937 -94.1321 100.0000 stroke4
movl 0 -4.2717 399.6578 215.6615 151.2683 7.4903 -96.9013 100.0000 stroke5
movl 0 -15.8400 393.0346 190.3143 153.4163 1.9697 -97.6539 100.0000 stroke5
movl 0 -26.1205 386.7084 188.7943 157.5675 4.0549 -96.6531 100.0000 stroke5
movl 0 -28.2095 387.9166 185.5447 158.6901 4.5404 -95.4638 100.0000 stroke5
movl 0 -30.0380 389.7808 183.0833 159.7154 5.1666 -93.4583 100.0000 stroke5
movl 0 -31.0841 391.6309 181.0735 159.9382 5.0591 -92.4551 100.0000 stroke5
movl 0 -31.6776 393.1327 179.8829 160.0526 4.9368 -91.6814 100.0000 stroke5
movl 0 -32.6172 394.7539 178.6997 160.9506 4.5891 -91.9650 100.0000 stroke5
movl 0 -34.6163 395.7316 177.8743 162.2981 4.0310 -92.3627 100.0000 stroke5
movl 0 -34.8627 395.3073 177.8719 162.6050 4.0736 -92.3202 100.0000 stroke5
movl 0 -34.8965 395.4623 177.9994 162.8224 4.3160 -92.2760 100.0000 stroke5
movl 0 -33.0632 396.1648 178.0558 162.8896 4.3047 -92.6430 100.0000 stroke5
movl 0 -31.3422 396.6055 178.2427 162.9336 4.2661 -92.9919 100.0000 stroke5
movl 0 -29.8813 397.0752 178.3551 163.0535 4.1094 -93.5075 100.0000 stroke5
movl 0 -28.2554 397.7193 178.4319 163.2138 3.8806 -94.0885 100.0000 stroke5
movl 0 -27.0227 398.3939 178.3622 163.5271 3.6310 -94.7682 100.0000 stroke5
movl 0 -25.7023 398.9870 178.4103 163.7712 3.4587 -95.4207 100.0000 stroke5
movl 0 -24.4270 399.6407 178.4721 164.0304 3.2292 -96.1349 100.0000 stroke5
movl 0 -23.4777 400.0285 178.6556 164.4257 3.0640 -96.9225 100.0000 stroke5
movl 0 -22.7998 400.4163 178.7767 164.9605 2.8758 -97.7571 100.0000 stroke5
movl 0 -22.1120 400.6694 178.9800 165.5457 2.8041 -98.8209 100.0000 stroke5
movl 0 -21.7772 401.0436 179.1278 166.2759 2.6526 -100.1383 100.0000 stroke5
movl 0 -21.6258 401.6665 179.3239 167.1668 2.2688 -102.1954 100.0000 stroke5
movl 0 -22.2177 402.2387 179.2731 168.2344 2.0273 -104.0950 100.0000 stroke5
movl 0 -22.6579 402.8833 179.1178 169.3144 1.8412 -106.0640 100.0000 stroke5
movl 0 -21.9157 401.0826 180.0556 168.7114 2.5064 -106.1265 100.0000 stroke5
movl 0 -20.4703 399.8155 181.0839 167.9650 3.1687 -106.4047 100.0000 stroke5
movl 0 -19.7264 399.1491 181.6753 167.8009 3.4279 -106.6922 100.0000 stroke5
movl 0 -20.0032 399.1297 181.6139 168.0055 3.2368 -106.7736 100.0000 stroke5
movl 0 -20.2457 400.0491 181.5365 168.4542 2.0398 -107.1099 100.0000 stroke5
movl 0 -20.2106 400.8056 181.3462 168.8635 1.1433 -107.4849 100.0000 stroke5
movl 0 -19.9161 401.0566 181.0226 168.8606 0.7695 -107.3786 100.0000 stroke5
movl 0 -20.2253 399.6957 181.1083 168.1305 0.9645 -106.0337 100.0000 stroke5
movl 0 -20.6875 398.1895 181.3483 166.7011 1.9362 -103.8997 100.0000 stroke5
movl 0 -20.4652 397.9310 181.2374 166.0366 2.5828 -102.7842 100.0000 stroke5
movl 0 -21.1273 397.7135 181.3069 165.8736 2.9285 -102.2572 100.0000 stroke5
movl 0 -21.3731 397.4534 181.4349 165.6307 3.1906 -101.8554 100.0000 stroke5
movl 0 -20.9041 397.0810 181.6974 165.3060 3.4116 -101.5863 100.0000 stroke5
movl 0 -17.3998 394.6243 184.5831 163.7694 4.4266 -101.6060 100.0000 stroke5
movl 0 -13.2989 379.9992 221.4563 159.4238 10.7574 -101.7392 100.0000 stroke5
movl 0 -10.8287 402.1246 242.4392 -178.1115 35.4758 -31.9241 100.0000 stroke6
movl 0 -14.5049 402.2082 201.4732 -177.3776 33.2048 -31.6235 100.0000 stroke6
movl 0 -15.5384 406.5196 181.6219 -174.8393 29.7797 -28.8902 100.0000 stroke6
movl 0 -10.2401 407.9549 177.7968 -173.4629 29.8127 -26.0441 100.0000 stroke6
movl 0 -10.4842 410.4100 173.2442 -173.1107 28.9458 -24.3802 100.0000 stroke6
movl 0 -11.0972 412.2682 171.2663 -171.8052 28.3440 -21.4397 100.0000 stroke6
movl 0 -11.3919 413.8513 169.8172 -171.7557 27.8162 -20.3139 100.0000 stroke6
movl 0 -12.2912 415.7351 168.5550 -172.4384 26.9933 -20.8004 100.0000 stroke6
movl 0 -13.2665 418.1161 167.3223 -173.9989 25.4101 -23.2117 100.0000 stroke6
movl 0 -12.7012 419.4610 166.8908 -175.2223 24.9033 -24.7541 100.0000 stroke6
movl 0 -11.0568 420.7913 166.5632 -176.4383 24.7515 -26.3903 100.0000 stroke6
movl 0 -11.8741 420.9694 166.5929 -177.6437 24.6875 -27.0006 100.0000 stroke6
movl 0 -12.9762 421.0747 166.8930 -179.3836 24.4877 -29.7361 100.0000 stroke6
movl 0 -13.9138 421.4292 167.1829 179.1071 23.8096 -32.4068 100.0000 stroke6
movl 0 -16.0119 421.2750 167.7059 177.3599 23.0492 -36.6686 100.0000 stroke6
movl 0 -17.6569 420.9614 168.3339 175.9843 22.2141 -40.5631 100.0000 stroke6
movl 0 -19.6824 420.7105 168.7279 174.4731 21.2442 -45.4107 100.0000 stroke6
movl 0 -20.3956 420.4465 168.9552 172.6402 20.5693 -50.6997 100.0000 stroke6
movl 0 -21.3631 420.1610 169.1861 171.1802 19.6692 -55.2916 100.0000 stroke6
movl 0 -22.0719 420.0229 169.3976 170.1174 18.8068 -58.6804 100.0000 stroke6
movl 0 -22.3227 420.0466 169.5224 169.4160 18.0904 -60.5017 100.0000 stroke6
movl 0 -22.8315 420.1998 169.8314 168.9035 17.2788 -61.7655 100.0000 stroke6
movl 0 -23.3050 420.5018 169.9514 168.3652 16.4384 -62.8217 100.0000 stroke6
movl 0 -23.5120 420.6836 170.2408 167.8872 15.6856 -63.7944 100.0000 stroke6
movl 0 -23.5868 420.7952 170.5818 167.3575 14.9400 -64.9913 100.0000 stroke6
movl 0 -23.6776 420.7201 171.0434 167.1195 14.2774 -65.1620 100.0000 stroke6
movl 0 -24.0821 420.7582 171.4307 166.5828 13.3380 -66.7414 100.0000 stroke6
movl 0 -24.4534 420.6428 171.7895 166.1825 12.6312 -68.1328 100.0000 stroke6
movl 0 -24.8424 420.5218 172.0810 165.9448 12.0524 -68.9263 100.0000 stroke6
movl 0 -25.0194 420.4645 172.3483 165.6638 11.4149 -69.7957 100.0000 stroke6
movl 0 -25.1770 420.5050 172.7480 165.1671 10.3243 -71.4368 100.0000 stroke6
movl 0 -25.2558 420.6131 173.0250 164.7931 9.3612 -72.6025 100.0000 stroke6
movl 0 -25.4732 420.6194 173.3037 164.4949 8.5036 -73.5893 100.0000 stroke6
movl 0 -25.7799 420.6161 173.6821 164.4051 7.7023 -74.2391 100.0000 stroke6
movl 0 -25.9229 420.5341 173.9720 164.2345 6.9029 -74.8359 100.0000 stroke6
movl 0 -26.0879 420.4138 174.1431 164.1267 6.3082 -75.1585 100.0000 stroke6
movl 0 -25.8692 420.5323 174.2864 163.8870 5.4675 -75.7939 100.0000 stroke6
movl 0 -26.2273 420.5427 174.5327 163.8475 4.5723 -76.1755 100.0000 stroke6
movl 0 -26.6501 420.7002 174.6129 163.7327 3.6013 -76.6930 100.0000 stroke6
movl 0 -27.0696 420.8223 174.6005 163.6055 2.7253 -77.2425 100.0000 stroke6
movl 0 -27.1835 421.0242 174.6645 163.4937 1.7564 -77.8223 100.0000 stroke6
movl 0 -27.1941 420.9754 174.8202 163.4186 1.0017 -78.1553 100.0000 stroke6
movl 0 -27.1515 421.0052 174.9922 163.3771 0.1764 -78.5174 100.0000 stroke6
movl 0 -27.4169 421.1851 174.9473 163.3434 -0.5212 -78.8650 100.0000 stroke6
movl 0 -27.5309 421.2887 174.8492 163.3027 -1.2668 -79.1913 100.0000 stroke6
movl 0 -27.9074 421.3544 174.7551 163.3181 -2.0411 -79.6377 100.0000 stroke6
movl 0 -28.1980 421.4833 174.8172 163.3577 -2.8349 -79.8948 100.0000 stroke6
movl 0 -28.3517 421.6339 174.8200 163.2611 -3.6192 -80.1378 100.0000 stroke6
movl 0 -28.7595 422.0144 174.6835 163.3736 -4.3542 -80.0808 100.0000 stroke6
movl 0 -29.1580 422.3692 174.7413 163.4148 -5.2957 -80.3601 100.0000 stroke6
movl 0 -29.7369 422.6932 174.5957 163.4037 -6.3132 -80.9136 100.0000 stroke6
movl 0 -30.2412 422.8331 174.4920 163.4672 -6.8830 -80.9862 100.0000 stroke6
movl 0 -30.5746 423.1239 174.2984 163.5932 -7.5294 -81.0833 100.0000 stroke6
movl 0 -31.3008 423.4865 174.0251 163.7425 -8.2836 -81.1766 100.0000 stroke6
movl 0 -32.1739 423.9231 173.7013 163.9555 -9.1217 -81.3666 100.0000 stroke6
movl 0 -32.7309 424.2060 173.4998 164.1021 -9.8928 -81.8595 100.0000 stroke6
movl 0 -33.6268 424.5455 173.1983 164.3646 -10.5977 -81.8689 100.0000 stroke6
movl 0 -34.5328 424.9142 172.9840 164.6929 -11.5010 -81.9904 100.0000 stroke6
movl 0 -35.2960 425.0303 172.9211 165.0145 -12.0748 -82.4947 100.0000 stroke6
movl 0 -36.3000 425.2979 172.7662 165.4981 -12.8205 -83.0540 100.0000 stroke6
movl 0 -37.3823 425.6724 172.5112 165.8752 -13.6134 -83.1131 100.0000 stroke6
movl 0 -38.4166 426.0728 172.1847 166.1912 -14.3913 -83.2182 100.0000 stroke6
movl 0 -39.7123 426.3901 171.8241 166.6151 -15.0136 -83.0352 100.0000 stroke6
movl 0 -41.1371 426.6588 171.4629 167.1192 -15.7029 -83.0317 100.0000 stroke6
movl 0 -42.2399 426.6084 171.3308 167.4041 -15.9883 -82.9445 100.0000 stroke6
movl 0 -43.3690 426.7537 170.9932 167.6253 -16.3864 -82.7204 100.0000 stroke6
movl 0 -44.3685 426.8270 170.6932 167.8199 -16.7832 -82.3669 100.0000 stroke6
movl 0 -45.2000 426.9191 170.4425 167.9142 -17.1389 -81.9434 100.0000 stroke6
movl 0 -46.2626 427.0754 170.0753 168.1106 -17.4585 -81.5391 100.0000 stroke6
movl 0 -47.5675 427.1857 169.6832 168.3498 -17.7959 -80.8836 100.0000 stroke6
movl 0 -48.5722 427.0947 169.4472 168.5213 -18.0231 -80.4568 100.0000 stroke6
movl 0 -49.5102 426.8456 169.4134 168.6856 -18.2049 -80.0167 100.0000 stroke6
movl 0 -50.4479 426.6651 169.2306 168.7479 -18.4076 -79.6167 100.0000 stroke6
movl 0 -51.3477 426.4155 169.0580 168.8198 -18.5563 -79.1074 100.0000 stroke6
movl 0 -53.1198 425.8933 168.9089 168.9182 -18.7783 -78.0814 100.0000 stroke6
movl 0 -53.2274 425.6018 169.0859 168.5590 -18.6619 -77.1704 100.0000 stroke6
movl 0 -50.2503 425.2966 170.6469 167.9504 -17.6806 -76.7971 100.0000 stroke6
movl 0 -48.8604 425.1225 171.1187 167.7841 -17.4486 -76.9651 100.0000 stroke6
movl 0 -50.4835 425.2772 170.4103 167.8930 -18.1498 -75.9953 100.0000 stroke6
movl 0 -50.6094 424.6578 170.7963 167.9452 -18.0335 -75.9059 100.0000 stroke6
movl 0 -48.0184 423.8779 172.2279 167.3905 -17.0802 -76.1153 100.0000 stroke6
movl 0 -48.8593 423.7305 172.0368 167.3049 -17.4261 -75.5633 100.0000 stroke6
movl 0 -49.5398 423.2687 172.2525 167.4885 -17.4585 -75.5024 100.0000 stroke6
movl 0 -46.8093 422.7996 173.4463 167.2382 -16.7755 -76.4139 100.0000 stroke6
movl 0 -47.8476 422.6522 173.0107 167.2465 -17.2232 -75.7639 100.0000 stroke6
movl 0 -47.3022 421.9322 173.8314 167.2678 -16.7447 -76.1531 100.0000 stroke6
movl 0 -44.5162 421.7932 174.5902 166.9003 -16.2540 -76.8104 100.0000 stroke6
movl 0 -48.1979 421.3414 173.6815 167.3594 -16.9665 -75.7719 100.0000 stroke6
movl 0 -44.9379 421.1792 174.8696 166.9301 -16.2138 -76.7180 100.0000 stroke6
movl 0 -47.2505 420.8528 174.3922 167.3891 -16.9038 -76.2195 100.0000 stroke6
movl 0 -45.1170 419.9624 175.8407 167.0990 -15.8428 -77.0419 100.0000 stroke6
movl 0 -44.1388 419.7521 176.1967 166.9493 -15.4287 -77.1910 100.0000 stroke6
movl 0 -43.1246 419.0922 176.9876 166.6849 -14.7711 -77.4588 100.0000 stroke6
movl 0 -42.3034 418.3402 177.7705 166.6356 -14.0820 -77.8423 100.0000 stroke6
movl 0 -41.7186 417.9908 178.4368 166.5780 -13.5945 -78.2944 100.0000 stroke6
movl 0 -40.7872 417.6422 179.2340 166.4427 -13.0052 -78.6526 100.0000 stroke6
movl 0 -39.9735 417.7468 180.2444 166.4468 -12.6409 -79.0094 100.0000 stroke6
movl 0 -39.8088 417.2625 181.4756 166.5003 -12.1346 -79.2881 100.0000 stroke6
movl 0 -40.2737 417.0494 182.5489 166.6843 -11.7312 -79.5323 100.0000 stroke6
movl 0 -38.8103 416.8759 185.3475 166.3763 -10.8342 -79.9612 100.0000 stroke6
movl 0 -37.9901 415.5505 193.6415 166.3283 -9.1005 -80.3116 100.0000 stroke6
movl 0 -40.8957 412.4703 219.9844 167.3679 -6.2559 -80.2400 100.0000 stroke6
