movl 0 -7.3447 411.0326 177.9349 -149.8355 -16.9982 89.8600 100.0000 stroke1
movl 0 -8.6822 407.1929 178.9875 -152.8871 -20.0682 91.8817 100.0000 stroke1
movl 0 -8.8360 406.8631 179.7424 -154.0260 -21.7338 93.2635 100.0000 stroke1
movl 0 -11.9098 411.4009 179.8724 -160.1337 -25.3833 110.3628 100.0000 stroke1
movl 0 -17.7111 408.5543 180.1135 -162.4236 -25.7204 110.1567 100.0000 stroke1
movl 0 -21.5743 410.2264 180.6977 -162.2084 -21.9274 106.4726 100.0000 stroke1
movl 0 -24.1220 410.0716 181.9504 -162.5225 -20.1682 103.6761 100.0000 stroke1
movl 0 -27.7398 409.1106 180.3690 -164.0526 -20.1115 104.3002 100.0000 stroke1
movl 0 -30.4284 409.3680 178.9400 -164.9493 -20.4430 105.8963 100.0000 stroke1
movl 0 -31.4925 409.9712 178.5725 -165.9330 -20.2240 107.7987 100.0000 stroke1
movl 0 -31.1631 410.4636 177.8896 -166.1427 -19.7004 107.7946 100.0000 stroke1
movl 0 -31.6611 411.2252 177.0672 -166.2161 -18.9834 107.4103 100.0000 stroke1
movl 0 -32.4722 411.6325 176.5157 -166.3244 -18.6771 107.1734 100.0000 stroke1
movl 0 -34.9561 413.3781 175.1029 -167.0580 -17.4610 107.1325 100.0000 stroke1
movl 0 -37.3449 416.4054 174.0326 -167.6569 -14.7399 106.5084 100.0000 stroke1
movl 0 -37.7540 418.0011 173.3900 -167.5739 -13.4720 105.8128 100.0000 stroke1
movl 0 -37.9471 418.3964 173.4001 -166.9588 -13.1325 105.7803 100.0000 stroke1
movl 0 -38.7467 418.2540 173.4782 -166.6696 -12.8374 105.4909 100.0000 stroke1
movl 0 -40.1040 417.9647 173.5237 -166.5316 -12.6832 105.3955 100.0000 stroke1
movl 0 -41.1600 417.5307 173.6578 -166.3491 -12.5968 105.2099 100.0000 stroke1
movl 0 -42.5122 417.1475 173.8266 -166.2968 -12.3882 105.0778 100.0000 stroke1
movl 0 -43.7190 416.5664 174.0828 -166.1512 -12.2436 105.0786 100.0000 stroke1
movl 0 -44.7052 415.7687 174.4700 -165.8938 -12.2225 105.1246 100.0000 stroke1
movl 0 -46.5100 414.9498 174.9542 -165.8508 -12.1581 105.3590 100.0000 stroke1
movl 0 -47.9259 414.4740 175.1757 -165.6903 -12.0403 105.5309 100.0000 stroke1
movl 0 -49.4951 413.9969 175.3126 -165.6075 -11.9111 105.5412 100.0000 stroke1
movl 0 -51.4969 413.4336 175.4280 -165.5477 -11.8704 105.8073 100.0000 stroke1
movl 0 -54.1260 412.6828 175.4467 -165.6529 -11.9348 106.3154 100.0000 stroke1
movl 0 -56.1952 412.1115 175.7274 -165.5337 -12.0181 106.7376 100.0000 stroke1
movl 0 -57.9258 411.7104 175.9372 -165.5347 -12.0728 107.0588 100.0000 stroke1
movl 0 -60.2146 410.6936 176.1026 -165.7277 -12.3421 107.4663 100.0000 stroke1
movl 0 -62.1116 410.1042 176.4497 -165.6833 -12.5006 107.6529 100.0000 stroke1
movl 0 -64.0864 409.4428 176.7518 -165.6777 -12.7253 107.9331 100.0000 stroke1
movl 0 -65.9491 409.2217 176.7504 -165.6920 -12.8136 108.3055 100.0000 stroke1
movl 0 -67.0035 408.4836 177.0535 -165.6857 -13.1531 108.6000 100.0000 stroke1
movl 0 -67.9951 407.2521 177.6783 -165.7056 -13.6388 108.6076 100.0000 stroke1
movl 0 -69.9805 405.0654 178.1332 -166.0819 -14.8625 109.5164 100.0000 stroke1
movl 0 -67.1226 399.9770 184.9256 -165.0072 -18.2881 107.7761 100.0000 stroke1
movl 0 -66.2356 394.2885 220.8230 -163.2085 -24.8579 104.7548 100.0000 stroke1
movl 0 -21.2384 412.0583 203.5257 -144.7195 -9.1279 84.5407 100.0000 stroke2
movl 0 -26.9840 404.2441 176.7712 -148.3232 -5.0834 82.6806 100.0000 stroke2
movl 0 -38.8391 399.7569 175.4556 -152.2832 -8.3651 85.7700 100.0000 stroke2
movl 0 -41.7320 400.0257 173.6627 -153.7875 -8.4649 88.5583 100.0000 stroke2
movl 0 -41.2651 401.1178 172.1480 -154.1293 -9.8585 91.3851 100.0000 stroke2
movl 0 -42.8529 402.6038 171.0272 -154.8215 -10.2831 93.0344 100.0000 stroke2
movl 0 -48.2463 405.1238 169.9081 -157.3471 -7.9103 92.1759 100.0000 stroke2
movl 0 -49.3969 406.9778 169.6560 -158.0290 -5.9364 90.1950 100.0000 stroke2
movl 0 -50.9807 407.7380 170.0620 -158.7079 -4.0404 88.4839 100.0000 stroke2
movl 0 -52.3776 407.9170 171.0275 -159.2309 -2.0025 86.2731 100.0000 stroke2
movl 0 -52.9513 408.9050 171.5417 -159.7099 0.5654 84.1468 100.0000 stroke2
movl 0 -54.1259 409.9949 171.5766 -160.3956 2.7576 83.0884 100.0000 stroke2
movl 0 -53.9762 408.6131 172.0853 -160.2577 2.1809 83.2383 100.0000 stroke2
movl 0 -53.4026 408.3100 172.4041 -160.0966 2.2131 83.5548 100.0000 stroke2
movl 0 -52.6990 407.6843 172.7277 -159.9278 1.0933 84.1566 100.0000 stroke2
movl 0 -53.6675 406.4649 173.1554 -160.2027 0.1402 84.6109 100.0000 stroke2
movl 0 -54.1223 405.2437 174.3771 -160.2526 -1.0217 84.8050 100.0000 stroke2
movl 0 -55.5522 397.1583 200.7592 -159.6342 -8.7842 85.1831 100.0000 stroke2
movl 0 -28.3942 407.3999 232.0896 -152.6857 -13.7174 98.3835 100.0000 stroke3
movl 0 -32.6658 403.0772 191.9914 -154.0047 -11.3637 95.6662 100.0000 stroke3
movl 0 -45.4575 400.1044 182.6541 -158.4344 -9.9960 95.8009 100.0000 stroke3
movl 0 -49.7558 396.3031 180.7038 -161.5332 -11.0467 95.4007 100.0000 stroke3
movl 0 -53.1912 394.8570 179.9216 -162.9219 -12.3032 96.1790 100.0000 stroke3
movl 0 -54.2215 395.3963 178.7555 -163.2516 -12.9677 98.7742 100.0000 stroke3
movl 0 -54.9420 396.7422 177.5548 -163.7903 -12.5499 99.7716 100.0000 stroke3
movl 0 -57.2907 397.5789 176.9587 -165.1330 -11.8366 99.3227 100.0000 stroke3
movl 0 -57.9983 398.0171 176.9945 -165.6339 -11.6260 98.8128 100.0000 stroke3
movl 0 -58.4058 398.5881 176.8374 -166.0035 -11.4179 98.5123 100.0000 stroke3
movl 0 -55.2059 400.1349 176.6976 -165.9934 -11.0434 97.3639 100.0000 stroke3
movl 0 -51.4173 401.5138 176.5086 -165.9774 -10.6266 96.0581 100.0000 stroke3
movl 0 -46.9007 403.3729 176.4164 -165.8646 -9.8619 94.3141 100.0000 stroke3
movl 0 -41.2793 406.1075 175.7807 -165.8608 -8.8371 91.8626 100.0000 stroke3
movl 0 -37.4424 408.2759 175.0067 -165.9129 -8.0629 90.2409 100.0000 stroke3
movl 0 -38.3859 406.6944 175.7858 -165.7301 -8.4668 90.4987 100.0000 stroke3
movl 0 -37.3351 405.8165 176.4963 -165.2180 -8.8208 90.4360 100.0000 stroke3
movl 0 -36.5629 405.2017 176.9856 -164.8978 -9.1046 90.4138 100.0000 stroke3
movl 0 -35.3178 404.6274 177.6942 -164.5686 -9.4198 90.1469 100.0000 stroke3
movl 0 -34.8483 405.9482 177.2717 -164.6677 -8.8031 89.7783 100.0000 stroke3
movl 0 -33.5334 409.5342 175.7812 -164.4910 -6.6871 88.8201 100.0000 stroke3
movl 0 -29.9095 414.4181 173.9694 -163.0886 -3.7269 87.2702 100.0000 stroke3
movl 0 -29.9504 416.7879 173.1787 -162.0460 -1.1100 85.9276 100.0000 stroke3
movl 0 -30.1487 419.1831 172.8533 -161.4779 2.4649 84.7540 100.0000 stroke3
movl 0 -32.1782 418.6192 173.3938 -161.6054 3.5667 84.9583 100.0000 stroke3
movl 0 -32.6417 417.5839 173.9479 -161.4560 3.3868 85.3696 100.0000 stroke3
movl 0 -31.7778 416.6744 174.2370 -161.2222 2.3530 85.3281 100.0000 stroke3
movl 0 -29.1542 415.1469 175.8767 -160.8533 1.0660 84.8787 100.0000 stroke3
movl 0 -21.6806 406.3425 200.4672 -157.1892 -6.5762 83.1207 100.0000 stroke3
movl 0 -29.3948 395.8268 201.0407 -151.8518 -6.3691 86.2889 100.0000 stroke4
movl 0 -40.1986 390.0572 183.5742 -155.7255 -4.9163 87.7413 100.0000 stroke4
movl 0 -52.9289 385.5411 182.0525 -160.3417 -7.6306 88.9326 100.0000 stroke4
movl 0 -53.5196 387.2501 181.6024 -160.6859 -7.5654 88.7035 100.0000 stroke4
movl 0 -53.7118 390.3134 179.6524 -161.0267 -6.9644 88.9496 100.0000 stroke4
movl 0 -54.5265 392.4352 178.4213 -161.2048 -6.4421 88.9171 100.0000 stroke4
movl 0 -55.0052 393.6644 177.8393 -161.1342 -6.0929 88.7085 100.0000 stroke4
movl 0 -56.2907 394.8932 177.4559 -162.1804 -5.4774 88.0333 100.0000 stroke4
movl 0 -56.6856 394.7912 177.6245 -162.5489 -5.3004 87.2622 100.0000 stroke4
movl 0 -57.0437 395.1575 177.7252 -162.9557 -5.0788 86.4325 100.0000 stroke4
movl 0 -54.9207 395.8926 177.8456 -163.1529 -4.7007 85.1809 100.0000 stroke4
movl 0 -53.1481 396.8399 177.8356 -163.5996 -4.2327 83.7714 100.0000 stroke4
movl 0 -51.0663 397.5623 177.8354 -163.9418 -3.8686 82.5244 100.0000 stroke4
movl 0 -49.3148 398.3602 177.4039 -164.3798 -3.4983 81.3052 100.0000 stroke4
movl 0 -47.3302 399.1879 177.2741 -164.6882 -3.1355 80.0975 100.0000 stroke4
movl 0 -46.0772 399.9160 177.1370 -165.2265 -2.7686 78.7162 100.0000 stroke4
movl 0 -43.6628 401.1880 177.0150 -165.6389 -2.4020 77.2571 100.0000 stroke4
movl 0 -42.1525 402.3226 176.3555 -166.2380 -2.0911 76.2606 100.0000 stroke4
movl 0 -40.3577 399.5840 177.5582 -164.9122 -3.3177 76.8173 100.0000 stroke4
movl 0 -40.6640 400.6225 176.7536 -165.5805 -2.7228 77.7410 100.0000 stroke4
movl 0 -42.0873 399.7437 176.7848 -165.2128 -2.8473 79.2353 100.0000 stroke4
movl 0 -43.0552 398.8898 177.1152 -164.6566 -3.1462 80.1211 100.0000 stroke4
movl 0 -42.6553 398.7948 177.1030 -164.3696 -3.2038 80.5424 100.0000 stroke4
movl 0 -42.8339 398.5172 177.4663 -163.7511 -3.1352 81.1255 100.0000 stroke4
movl 0 -40.2895 394.7241 184.3112 -161.0867 -4.7566 81.7326 100.0000 stroke4
movl 0 -50.8113 389.1179 226.4656 -158.7928 -7.4329 86.6303 100.0000 stroke4
movl 0 -48.7378 389.6438 206.9242 -164.5197 -25.4963 130.9455 100.0000 stroke5
movl 0 -50.9973 374.8082 182.4846 -167.3988 -22.9719 124.2113 100.0000 stroke5
movl 0 -55.5655 370.6290 180.2529 -170.0351 -23.0716 125.4599 100.0000 stroke5
movl 0 -54.3401 371.4296 179.1482 -170.4717 -22.9043 124.7956 100.0000 stroke5
movl 0 -53.0063 373.5719 178.0062 -169.4956 -22.3833 124.3697 100.0000 stroke5
movl 0 -57.2171 374.4561 176.9253 -169.7115 -22.0662 124.9910 100.0000 stroke5
movl 0 -58.4116 375.8750 175.8153 -170.1939 -21.5052 125.7267 100.0000 stroke5
movl 0 -58.1183 376.4268 175.4389 -169.8417 -21.4972 125.7498 100.0000 stroke5
movl 0 -59.3347 377.9900 174.5026 -169.5712 -21.1533 126.3799 100.0000 stroke5
movl 0 -61.9630 381.7415 173.0874 -169.1370 -18.3033 125.3864 100.0000 stroke5
movl 0 -62.1840 383.7276 172.5881 -168.5321 -16.7470 123.2586 100.0000 stroke5
movl 0 -63.2912 384.5647 172.6910 -167.7492 -15.2182 120.9773 100.0000 stroke5
movl 0 -63.8285 385.4344 173.0608 -166.5803 -13.2266 118.0780 100.0000 stroke5
movl 0 -64.0280 386.3511 173.7469 -165.3115 -11.1201 115.3725 100.0000 stroke5
movl 0 -64.4456 387.3586 173.9749 -164.3148 -8.6175 112.1701 100.0000 stroke5
movl 0 -65.0411 388.6139 173.8391 -163.5587 -6.0619 109.1688 100.0000 stroke5
movl 0 -65.7887 389.5796 173.6373 -163.2098 -3.9223 106.9117 100.0000 stroke5
movl 0 -66.4116 390.7973 173.3135 -162.8827 -1.7193 105.4983 100.0000 stroke5
movl 0 -67.2206 390.7318 173.3775 -162.6180 -0.2492 104.7270 100.0000 stroke5
movl 0 -63.8895 388.4418 174.9450 -162.2338 -2.0742 103.2889 100.0000 stroke5
movl 0 -63.8243 388.5972 174.8751 -162.2697 -1.2539 103.2433 100.0000 stroke5
movl 0 -63.2916 387.9846 175.3647 -162.1953 -1.5979 102.4074 100.0000 stroke5
movl 0 -64.3347 387.7843 175.2169 -162.5180 -1.0341 102.3895 100.0000 stroke5
movl 0 -63.0255 386.6970 176.0155 -162.3914 -2.3827 102.1488 100.0000 stroke5
movl 0 -63.0281 386.1460 176.1745 -162.5352 -2.9354 102.0919 100.0000 stroke5
movl 0 -62.5639 384.3420 177.8226 -162.5602 -4.3915 102.0889 100.0000 stroke5
movl 0 -60.6559 377.0400 200.0680 -163.3646 -12.5911 101.7387 100.0000 stroke5
movl 0 -3.9364 390.0671 203.9919 -156.6041 -28.5589 102.4385 100.0000 stroke6
movl 0 -10.8667 392.0648 182.4333 -154.7343 -21.9566 99.5005 100.0000 stroke6
movl 0 -24.6837 390.9380 183.7836 -155.3362 -16.1039 97.2753 100.0000 stroke6
movl 0 -35.9589 390.8867 182.5503 -156.4177 -12.1999 97.2520 100.0000 stroke6
movl 0 -46.9052 389.8493 181.0849 -158.0057 -11.1212 99.8209 100.0000 stroke6
movl 0 -56.5485 388.0358 179.5815 -159.1401 -10.9641 102.5813 100.0000 stroke6
movl 0 -63.1825 387.3849 177.9119 -160.6143 -10.7721 104.2089 100.0000 stroke6
movl 0 -65.1083 387.7593 176.7168 -160.7041 -10.6049 104.9204 100.0000 stroke6
movl 0 -67.9253 387.8345 175.8280 -161.9676 -10.4021 105.4195 100.0000 stroke6
movl 0 -72.3874 386.6161 175.9899 -164.2101 -9.6646 105.3697 100.0000 stroke6
movl 0 -73.6737 386.3406 176.5202 -164.9608 -9.6619 104.9303 100.0000 stroke6
movl 0 -71.8365 387.3436 176.9223 -165.3089 -9.4027 104.2789 100.0000 stroke6
movl 0 -69.3602 388.2808 177.2507 -165.4611 -9.1969 103.5271 100.0000 stroke6
movl 0 -68.3628 388.4239 177.5717 -166.0188 -9.0739 103.0158 100.0000 stroke6
movl 0 -67.8505 388.6819 177.6447 -166.4644 -8.9464 102.7180 100.0000 stroke6
movl 0 -66.5732 389.2301 177.7589 -166.7246 -8.7428 102.2625 100.0000 stroke6
movl 0 -64.7908 389.8651 177.9311 -166.8615 -8.4740 101.6777 100.0000 stroke6
movl 0 -64.5223 390.0453 178.1679 -167.2033 -8.3124 101.3218 100.0000 stroke6
movl 0 -62.1087 390.7792 178.4320 -167.4144 -8.0748 100.6173 100.0000 stroke6
movl 0 -59.3796 391.3922 178.7383 -167.4322 -7.8422 99.8614 100.0000 stroke6
movl 0 -57.5162 391.9641 178.8623 -167.5120 -7.6489 99.2940 100.0000 stroke6
movl 0 -55.5844 392.6519 178.9544 -167.6611 -7.3612 98.5497 100.0000 stroke6
movl 0 -53.1682 393.4400 179.0236 -167.7347 -7.0344 97.6816 100.0000 stroke6
movl 0 -50.0618 394.5889 179.2252 -168.0373 -6.5803 96.5237 100.0000 stroke6
movl 0 -45.6830 395.8677 179.2932 -168.3024 -6.0893 94.9494 100.0000 stroke6
movl 0 -39.7116 397.5375 179.1948 -168.4322 -5.4930 92.9020 100.0000 stroke6
movl 0 -39.1023 397.2053 179.2964 -168.3391 -5.5418 92.9716 100.0000 stroke6
movl 0 -38.7639 396.7831 179.5886 -168.0297 -5.6768 93.3975 100.0000 stroke6
movl 0 -37.2941 396.4273 179.6867 -167.5944 -5.8997 94.0157 100.0000 stroke6
movl 0 -36.5022 396.0487 180.0961 -167.3132 -5.9947 94.2245 100.0000 stroke6
movl 0 -34.1229 394.8928 181.0213 -166.5834 -6.5835 94.1478 100.0000 stroke6
movl 0 -31.8037 394.2265 181.6814 -165.9264 -6.9471 93.8193 100.0000 stroke6
movl 0 -31.1222 395.1857 181.4204 -165.7659 -6.6465 93.7786 100.0000 stroke6
movl 0 -31.8055 399.3421 179.5258 -166.2322 -4.6555 93.5278 100.0000 stroke6
movl 0 -28.7377 405.6014 177.3778 -165.5538 -0.7767 91.6376 100.0000 stroke6
movl 0 -25.0025 410.6491 174.8264 -164.1357 1.6841 90.7619 100.0000 stroke6
movl 0 -24.3704 412.7847 173.8695 -163.3073 3.2808 90.2245 100.0000 stroke6
movl 0 -23.7600 414.5668 173.1842 -162.9773 4.9231 89.6727 100.0000 stroke6
movl 0 -24.0336 415.7102 172.8729 -163.0665 6.4155 88.9186 100.0000 stroke6
movl 0 -24.6380 416.7507 172.5725 -163.3006 8.0521 87.8256 100.0000 stroke6
movl 0 -25.5128 417.9814 172.1410 -163.6268 9.7665 86.9368 100.0000 stroke6
movl 0 -27.0270 418.9696 171.6094 -163.9519 11.2514 86.4906 100.0000 stroke6
movl 0 -28.2996 420.1445 170.9722 -164.1974 12.5706 86.6411 100.0000 stroke6
movl 0 -29.2076 421.2754 170.2116 -164.1793 13.8254 86.9464 100.0000 stroke6
movl 0 -30.5080 421.9021 169.7187 -164.2024 14.6596 87.4782 100.0000 stroke6
movl 0 -32.2408 422.4101 169.3431 -164.4011 15.3968 88.2285 100.0000 stroke6
movl 0 -31.0784 420.5736 170.8821 -164.2682 14.1526 88.0600 100.0000 stroke6
movl 0 -28.4890 419.2525 171.9813 -163.9195 13.1175 87.7449 100.0000 stroke6
movl 0 -31.2886 420.1703 171.1280 -164.1877 14.2900 88.6120 100.0000 stroke6
movl 0 -31.1919 419.7635 171.4405 -164.1574 14.2753 88.6112 100.0000 stroke6
movl 0 -31.8354 419.4737 171.4294 -164.3099 14.1471 88.7270 100.0000 stroke6
movl 0 -30.5616 417.3828 172.8300 -164.1229 12.6195 88.5336 100.0000 stroke6
movl 0 -28.9753 414.4368 175.1034 -163.4660 10.6617 88.5873 100.0000 stroke6
movl 0 -22.8382 402.6508 188.8450 -160.4220 2.0210 89.7623 100.0000 stroke6
movl 0 -22.3426 392.7546 248.5015 -158.4231 -7.6544 88.3068 100.0000 stroke6
movl 0 -22.0234 394.8389 227.0324 -176.5624 -36.0467 145.3825 100.0000 stroke7
movl 0 -28.3354 383.3666 182.9394 -179.5842 -33.3072 145.2347 100.0000 stroke7
movl 0 -34.9042 381.9112 177.5966 178.7927 -30.5366 145.5301 100.0000 stroke7
movl 0 -37.8081 384.7403 174.0955 178.9410 -28.3277 146.4077 100.0000 stroke7
movl 0 -38.4189 387.0470 172.7004 178.9707 -27.3443 145.8022 100.0000 stroke7
movl 0 -40.3799 388.6321 171.2704 179.1887 -26.8016 145.0495 100.0000 stroke7
movl 0 -45.5095 392.1128 169.4860 -179.6094 -24.3342 142.2373 100.0000 stroke7
movl 0 -46.0828 394.9015 168.6431 -176.8244 -22.0059 135.8519 100.0000 stroke7
movl 0 -47.8056 395.3131 169.1738 -174.4990 -20.6748 130.5172 100.0000 stroke7
movl 0 -48.0710 395.9381 169.6767 -172.2842 -19.2909 125.9462 100.0000 stroke7
movl 0 -47.9139 396.6106 170.2939 -170.2738 -17.4819 121.5699 100.0000 stroke7
movl 0 -48.1845 397.0281 170.9141 -168.4528 -15.3832 117.1480 100.0000 stroke7
movl 0 -48.4247 397.5283 171.5817 -166.8824 -13.2399 113.0859 100.0000 stroke7
movl 0 -48.6488 398.0502 172.2028 -165.5053 -10.8973 108.6705 100.0000 stroke7
movl 0 -49.3456 398.4298 172.8412 -164.6021 -8.4990 105.0887 100.0000 stroke7
movl 0 -49.8802 398.9841 173.6054 -163.8934 -5.8297 101.7166 100.0000 stroke7
movl 0 -50.3903 399.8201 173.8191 -163.5567 -3.3082 98.8725 100.0000 stroke7
movl 0 -50.9992 399.9292 174.0857 -163.4974 -1.3652 96.6999 100.0000 stroke7
movl 0 -51.5006 399.6620 174.4683 -163.4488 0.2946 95.2841 100.0000 stroke7
movl 0 -51.1580 398.6744 175.2144 -163.2927 0.5651 94.7907 100.0000 stroke7
movl 0 -50.3763 398.0888 175.4900 -163.3698 0.2384 94.0638 100.0000 stroke7
movl 0 -48.7782 395.6843 176.5402 -163.2333 -1.2529 93.2708 100.0000 stroke7
movl 0 -49.8900 395.4195 176.8942 -163.3474 -0.4679 93.1439 100.0000 stroke7
movl 0 -49.2465 394.9753 177.0024 -163.1895 -0.7215 92.6917 100.0000 stroke7
movl 0 -49.8104 394.7633 176.8558 -163.3366 -0.6501 92.5586 100.0000 stroke7
movl 0 -49.4468 394.4206 176.9415 -163.2149 -0.7823 92.2315 100.0000 stroke7
movl 0 -49.2518 394.9187 176.7912 -163.2107 -0.5331 91.9498 100.0000 stroke7
movl 0 -49.5292 394.7344 176.8136 -163.2117 -0.4188 92.0678 100.0000 stroke7
movl 0 -48.9584 395.0634 176.7677 -163.0720 -0.3420 91.9462 100.0000 stroke7
movl 0 -50.1377 394.8026 176.6563 -163.3451 -0.0920 91.9730 100.0000 stroke7
movl 0 -49.5137 394.6516 176.6994 -163.2199 -0.2974 91.7362 100.0000 stroke7
movl 0 -49.7709 394.6450 176.7374 -163.3798 -0.3563 91.6388 100.0000 stroke7
movl 0 -49.2786 394.5244 176.8854 -163.3035 -0.5760 91.5058 100.0000 stroke7
movl 0 -43.7629 387.2323 184.1515 -161.2610 -4.4689 90.2390 100.0000 stroke7
movl 0 -33.1313 367.5548 248.4158 -156.4428 -14.3986 88.9451 100.0000 stroke7
movl 0 -25.6363 384.1639 200.7240 -151.8785 -6.1168 91.0420 100.0000 stroke8
movl 0 -32.8356 374.1332 190.8238 -154.3119 -7.9463 92.7815 100.0000 stroke8
movl 0 -43.4955 375.7091 184.1755 -158.5591 -6.6087 94.8058 100.0000 stroke8
movl 0 -47.9421 375.6397 182.8103 -160.8974 -7.1125 95.5446 100.0000 stroke8
movl 0 -50.9791 377.3053 181.1929 -162.2561 -6.4792 95.3873 100.0000 stroke8
movl 0 -53.1356 378.1377 179.9037 -162.7971 -6.1045 95.5541 100.0000 stroke8
movl 0 -55.7912 380.6659 178.8546 -164.2757 -4.7938 94.3964 100.0000 stroke8
movl 0 -58.2692 381.5379 178.3512 -165.4284 -3.5966 93.0458 100.0000 stroke8
movl 0 -60.1206 381.7507 178.6460 -166.0270 -3.5372 91.6907 100.0000 stroke8
movl 0 -57.2655 383.5047 178.4343 -166.0479 -3.1140 89.4811 100.0000 stroke8
movl 0 -51.7819 385.3178 179.1748 -165.7033 -2.7356 87.1932 100.0000 stroke8
movl 0 -46.1957 386.8322 179.8928 -165.1998 -2.3856 85.2044 100.0000 stroke8
movl 0 -45.4221 386.6025 180.1799 -165.0272 -2.3437 84.9576 100.0000 stroke8
movl 0 -46.2041 386.0505 180.2933 -165.0504 -2.3983 85.0636 100.0000 stroke8
movl 0 -46.2278 385.3039 180.6062 -164.8540 -2.4445 84.8834 100.0000 stroke8
movl 0 -42.4825 381.8462 185.3061 -162.5457 -3.6859 83.7037 100.0000 stroke8
movl 0 -37.0798 372.5169 230.6938 -157.6052 -9.5966 83.8260 100.0000 stroke8
movl 0 -21.7662 387.8128 241.0903 -147.3791 -15.4286 84.0030 100.0000 stroke9
movl 0 -28.1035 388.3027 192.0384 -154.5699 7.0444 62.9872 100.0000 stroke9
movl 0 -36.9110 382.7969 186.8492 -160.6304 7.1422 56.8292 100.0000 stroke9
movl 0 -39.6281 385.5432 181.8159 -162.9694 7.3970 56.2655 100.0000 stroke9
movl 0 -39.8763 386.0730 181.0336 -163.4665 7.3351 55.0166 100.0000 stroke9
movl 0 -41.0457 386.2095 180.5737 -163.9179 7.1920 54.0565 100.0000 stroke9
movl 0 -42.4230 386.8773 179.7760 -164.2932 7.1264 53.7170 100.0000 stroke9
movl 0 -45.8039 387.5120 179.3007 -166.0165 6.6828 52.0150 100.0000 stroke9
movl 0 -50.1493 388.2356 179.2040 -168.7432 6.4607 48.1377 100.0000 stroke9
movl 0 -54.0417 388.5574 179.1563 -171.0720 5.8443 43.8063 100.0000 stroke9
movl 0 -57.4594 389.4317 178.6894 -173.4230 5.0442 40.2196 100.0000 stroke9
movl 0 -56.8533 388.5319 179.1664 -172.9314 5.1951 39.8047 100.0000 stroke9
movl 0 -52.9063 387.6323 180.4789 -171.7189 5.6412 39.4623 100.0000 stroke9
movl 0 -50.7769 387.5979 181.0579 -171.4838 6.0199 39.1400 100.0000 stroke9
movl 0 -50.1709 387.6928 181.2304 -171.6518 6.3448 39.0891 100.0000 stroke9
movl 0 -50.6901 389.0034 180.4011 -172.4842 7.2202 39.6362 100.0000 stroke9
movl 0 -50.6063 389.5886 180.1385 -172.9741 7.6609 40.0686 100.0000 stroke9
movl 0 -50.6775 389.0882 180.2302 -172.9879 7.7273 41.2872 100.0000 stroke9
movl 0 -49.1615 386.9170 180.9644 -171.0392 6.7513 44.9727 100.0000 stroke9
movl 0 -46.1120 384.3997 181.8834 -167.8978 4.8743 52.2557 100.0000 stroke9
movl 0 -45.0416 383.7507 182.0477 -166.6955 4.3541 55.2691 100.0000 stroke9
movl 0 -45.3525 383.8796 182.0649 -166.6120 4.4546 55.5007 100.0000 stroke9
movl 0 -44.6885 383.8555 182.3408 -166.5393 4.4639 55.4469 100.0000 stroke9
movl 0 -44.9084 384.2756 182.2148 -166.7969 4.6178 55.3735 100.0000 stroke9
movl 0 -43.3482 383.6398 183.0480 -166.3435 4.5203 55.3452 100.0000 stroke9
movl 0 -31.9431 376.0472 205.0454 -160.5307 2.3961 56.6276 100.0000 stroke9
