movl 0 -23.1690 386.7130 165.0240 -162.5536 30.3605 3.0897 100.0000 stroke1
movl 0 -25.7619 387.1028 164.4088 -163.5758 30.2132 2.8685 100.0000 stroke1
movl 0 -28.7898 388.1210 164.6875 -165.0872 28.7506 0.6865 100.0000 stroke1
movl 0 -31.2064 388.3594 164.6043 -165.1024 27.4036 0.7613 100.0000 stroke1
movl 0 -32.4416 388.6926 164.8194 -165.4305 26.4858 0.2770 100.0000 stroke1
movl 0 -33.6284 388.3942 165.2157 -165.4099 25.3060 1.0525 100.0000 stroke1
movl 0 -36.6879 386.4383 165.5227 -164.2287 23.9476 2.7541 100.0000 stroke1
movl 0 -37.3146 385.6671 165.6038 -163.5469 23.3368 3.0180 100.0000 stroke1
movl 0 -36.6672 385.5190 165.7414 -163.4442 22.9421 2.2352 100.0000 stroke1
movl 0 -34.6086 385.6927 166.0583 -163.4558 22.8146 1.1765 100.0000 stroke1
movl 0 -31.7323 386.3199 166.2719 -163.6294 22.8595 -0.0339 100.0000 stroke1
movl 0 -28.6432 387.5700 166.3365 -164.0744 22.8220 -1.8873 100.0000 stroke1
movl 0 -24.1537 389.4281 166.1670 -164.5492 23.1511 -3.7108 100.0000 stroke1
movl 0 -20.7097 388.5267 166.2766 -163.9540 24.8358 -2.7326 100.0000 stroke1
movl 0 -19.6418 390.2539 165.9765 -165.3098 24.7775 -3.4182 100.0000 stroke1
movl 0 -19.2172 390.7192 165.8488 -165.7626 24.8591 -3.5301 100.0000 stroke1
movl 0 -18.3644 390.7354 165.8604 -165.8157 25.7644 -2.8477 100.0000 stroke1
movl 0 -13.7994 387.0690 171.4497 -163.5743 28.7686 -0.3275 100.0000 stroke1
movl 0 -11.6808 370.9871 223.2671 -153.9471 31.7090 8.8339 100.0000 stroke1
movl 0 9.6423 375.6643 211.0788 -150.4355 34.0640 14.9431 100.0000 stroke2
movl 0 14.1858 384.2155 163.1202 -157.8002 35.0654 8.4213 100.0000 stroke2
movl 0 6.8314 386.3397 163.0950 -159.8404 32.6671 6.2665 100.0000 stroke2
movl 0 3.1608 388.6626 161.3145 -160.8110 31.6244 5.1999 100.0000 stroke2
movl 0 1.1531 390.4577 160.5534 -161.5236 31.2245 4.5665 100.0000 stroke2
movl 0 -1.3136 394.7104 159.5135 -164.1918 30.4222 2.1715 100.0000 stroke2
movl 0 -1.6238 398.7191 159.2019 -169.1426 30.0777 -3.7108 100.0000 stroke2
movl 0 0.7065 401.2996 158.3495 -172.1993 31.0431 -7.3206 100.0000 stroke2
movl 0 2.0845 403.4891 158.0409 -175.8900 32.1779 -10.9269 100.0000 stroke2
movl 0 2.6700 404.8651 158.4668 179.3793 32.6804 -16.0025 100.0000 stroke2
movl 0 2.3370 405.6737 159.0950 175.0933 32.1225 -20.3808 100.0000 stroke2
movl 0 2.1064 405.3501 159.5453 174.2718 32.1384 -20.9127 100.0000 stroke2
movl 0 1.5648 405.7300 159.5332 173.7429 31.8726 -21.1158 100.0000 stroke2
movl 0 1.7331 405.0879 159.7761 174.0653 32.0255 -20.9109 100.0000 stroke2
movl 0 1.2656 404.9572 159.9788 173.8540 31.8449 -20.8715 100.0000 stroke2
movl 0 -0.4427 404.3482 160.5569 174.6921 31.1501 -20.7913 100.0000 stroke2
movl 0 0.2904 400.3818 162.0717 177.8845 32.4734 -19.6523 100.0000 stroke2
movl 0 -2.6031 388.8706 178.4496 -170.6601 32.9425 -9.6219 100.0000 stroke2
movl 0 -4.2081 361.4338 249.4554 -148.0350 29.9164 17.9529 100.0000 stroke3
movl 0 -4.7429 371.9529 181.3581 -158.5568 32.5085 9.1714 100.0000 stroke3
movl 0 -12.8813 371.6914 171.1340 -161.2432 30.9546 5.4244 100.0000 stroke3
movl 0 -21.0872 375.0154 167.8483 -162.6660 28.8904 5.3976 100.0000 stroke3
movl 0 -27.8525 373.6869 167.0307 -162.3931 27.5703 7.5805 100.0000 stroke3
movl 0 -29.1624 375.1757 165.8737 -162.5417 27.1004 8.7476 100.0000 stroke3
movl 0 -30.9356 375.6697 165.6782 -163.1676 26.2174 7.7653 100.0000 stroke3
movl 0 -32.4842 375.2504 166.1352 -163.5923 25.1285 6.0398 100.0000 stroke3
movl 0 -33.7870 375.4322 166.5799 -164.6861 24.4006 4.1371 100.0000 stroke3
movl 0 -35.9725 374.5973 166.9434 -164.8253 23.5431 3.1701 100.0000 stroke3
movl 0 -38.2364 373.7344 167.3647 -164.8548 22.6456 1.7798 100.0000 stroke3
movl 0 -39.0189 373.3535 167.8260 -165.2663 22.0861 -0.0982 100.0000 stroke3
movl 0 -38.4497 373.5172 168.2272 -165.6693 21.7756 -2.0160 100.0000 stroke3
movl 0 -36.6542 373.6819 168.6995 -166.0779 21.5612 -4.4100 100.0000 stroke3
movl 0 -34.8389 374.2152 168.9788 -166.5166 21.1780 -6.6637 100.0000 stroke3
movl 0 -33.9201 375.7632 168.8103 -167.1555 20.2193 -9.5331 100.0000 stroke3
movl 0 -33.9381 375.1968 168.9516 -167.1310 20.2334 -10.2234 100.0000 stroke3
movl 0 -31.2682 371.9379 169.9482 -165.4161 21.7257 -9.1221 100.0000 stroke3
movl 0 -31.1533 372.9014 169.9928 -166.3149 21.5761 -9.8506 100.0000 stroke3
movl 0 -30.7473 373.4974 170.4349 -167.9927 21.0731 -11.1024 100.0000 stroke3
movl 0 -25.7267 369.4234 170.9256 -164.1015 27.4047 -0.5409 100.0000 stroke3
movl 0 -23.9268 350.3556 228.2009 -148.6729 31.2980 16.0789 100.0000 stroke3
movl 0 -7.8142 372.6833 184.9708 -167.2018 38.7428 3.7210 100.0000 stroke4
movl 0 -16.2174 370.7124 167.0992 -169.8092 34.0204 -2.7186 100.0000 stroke4
movl 0 -19.7024 367.9696 168.0581 -167.0623 31.8447 -3.0121 100.0000 stroke4
movl 0 -19.7233 369.9539 166.9433 -166.8042 31.1278 -3.3766 100.0000 stroke4
movl 0 -21.1648 371.9823 165.4750 -167.0802 30.9706 -2.7913 100.0000 stroke4
movl 0 -21.5214 373.8139 164.3765 -167.6165 30.8660 -2.3402 100.0000 stroke4
movl 0 -23.0491 376.8731 164.3070 -170.7870 29.8803 -5.5808 100.0000 stroke4
movl 0 -22.5864 378.8769 164.2031 -173.5709 29.4216 -8.6701 100.0000 stroke4
movl 0 -22.6671 379.7604 163.9210 -174.8059 29.7054 -9.2769 100.0000 stroke4
movl 0 -22.6027 380.8760 163.9377 -177.2998 29.9221 -10.7831 100.0000 stroke4
movl 0 -23.9875 380.7837 164.2865 -179.1848 29.9056 -11.5043 100.0000 stroke4
movl 0 -25.1413 380.0075 164.5270 -179.8678 30.1681 -11.1311 100.0000 stroke4
movl 0 -20.5040 372.6224 170.1466 -176.2251 33.7816 -8.0388 100.0000 stroke4
movl 0 -21.8371 343.8337 223.0650 -155.7846 36.0607 10.6468 100.0000 stroke4
movl 0 -19.9177 347.6148 225.1811 -149.8624 29.6096 25.4145 100.0000 stroke5
movl 0 -20.6849 351.3211 180.5318 -154.3385 27.4986 21.4902 100.0000 stroke5
movl 0 -26.8808 353.6224 171.6527 -157.3659 26.2498 16.6610 100.0000 stroke5
movl 0 -33.4037 353.8593 171.2805 -159.9149 26.1473 11.5383 100.0000 stroke5
movl 0 -40.2489 352.1797 171.1964 -161.8777 25.1418 8.9075 100.0000 stroke5
movl 0 -39.3925 354.2397 170.4492 -163.4071 24.9277 6.5806 100.0000 stroke5
movl 0 -41.2807 354.6077 169.4845 -163.9707 25.2195 7.1598 100.0000 stroke5
movl 0 -44.2004 355.6465 168.8937 -164.6483 23.4020 5.6511 100.0000 stroke5
movl 0 -50.3704 352.9041 169.8484 -165.0155 20.7160 3.1996 100.0000 stroke5
movl 0 -50.8957 352.7465 170.1756 -165.2010 20.3704 2.4069 100.0000 stroke5
movl 0 -52.3836 352.1547 170.2230 -164.6227 19.6448 2.4024 100.0000 stroke5
movl 0 -50.7795 352.6373 170.4118 -164.7411 19.6249 1.3111 100.0000 stroke5
movl 0 -47.9721 353.5345 170.6790 -165.0964 19.7271 -0.3397 100.0000 stroke5
movl 0 -44.3276 354.8983 170.8500 -165.4909 19.7716 -1.9616 100.0000 stroke5
movl 0 -39.8682 356.7674 170.9216 -165.9798 19.8494 -3.9173 100.0000 stroke5
movl 0 -34.8141 359.0373 170.8891 -166.5995 19.7296 -6.2922 100.0000 stroke5
movl 0 -29.6707 361.3834 170.7304 -167.3261 20.1112 -8.0106 100.0000 stroke5
movl 0 -24.0891 361.8585 170.8352 -167.6830 22.3392 -7.8588 100.0000 stroke5
movl 0 -12.9863 371.1077 168.2590 -172.8120 25.2110 -11.0817 100.0000 stroke5
movl 0 -6.3779 377.9537 166.1016 -177.5626 26.4262 -14.7785 100.0000 stroke5
movl 0 -1.2201 381.6981 164.6481 179.7419 27.2853 -16.8437 100.0000 stroke5
movl 0 -2.5727 382.7304 164.8948 177.8903 27.2378 -18.1604 100.0000 stroke5
movl 0 -2.6720 384.1263 165.3058 175.2905 26.6711 -21.0894 100.0000 stroke5
movl 0 -2.2665 384.9255 165.0631 172.6591 25.8037 -24.1926 100.0000 stroke5
movl 0 -3.2855 386.0401 165.4297 170.2189 24.9471 -26.6201 100.0000 stroke5
movl 0 -4.4978 386.4900 165.7770 167.7960 23.6690 -29.4592 100.0000 stroke5
movl 0 -5.8835 387.2035 165.9244 165.5905 22.2924 -31.8713 100.0000 stroke5
movl 0 -7.5404 388.0221 165.8281 163.6386 20.9334 -33.3052 100.0000 stroke5
movl 0 -10.0269 388.2957 165.7063 162.1715 19.7174 -33.6164 100.0000 stroke5
movl 0 -11.4502 388.3289 165.1934 160.8690 19.0554 -33.7338 100.0000 stroke5
movl 0 -14.7913 387.4909 164.9504 160.5972 18.8227 -31.8681 100.0000 stroke5
movl 0 -17.8176 386.3432 164.9899 160.8711 19.2282 -29.5392 100.0000 stroke5
movl 0 -15.8307 385.1737 165.4045 161.9215 20.5275 -28.4431 100.0000 stroke5
movl 0 -13.4172 383.8256 165.9072 162.8476 21.3603 -27.8318 100.0000 stroke5
movl 0 -13.2716 382.9419 166.2420 163.1029 21.4428 -27.5840 100.0000 stroke5
movl 0 -13.9913 382.6249 166.3047 162.9009 21.3051 -27.0641 100.0000 stroke5
movl 0 -14.7154 381.2912 166.8041 163.6258 21.4733 -26.5256 100.0000 stroke5
movl 0 -10.2416 363.5314 173.3705 172.0352 27.0961 -24.3332 100.0000 stroke5
movl 0 -20.2244 346.7639 176.1571 -179.1005 25.4489 -21.1159 100.0000 stroke5
movl 0 -23.7301 347.3597 175.2946 -178.8481 24.2180 -20.6055 100.0000 stroke5
movl 0 -27.2308 350.1998 173.6003 179.5329 23.1697 -19.9003 100.0000 stroke5
movl 0 -31.1955 349.0619 172.8275 179.4430 22.6683 -17.5996 100.0000 stroke5
movl 0 -31.4236 348.7387 172.0409 179.8071 23.1762 -15.4963 100.0000 stroke5
movl 0 -30.4617 348.5997 171.0636 -178.3250 23.9954 -10.6312 100.0000 stroke5
movl 0 -29.0570 349.3476 170.0429 -176.8799 24.7539 -6.3512 100.0000 stroke5
movl 0 -28.2076 349.5228 169.5273 -176.0185 25.2480 -5.1636 100.0000 stroke5
movl 0 -27.6599 349.5636 169.3017 -175.3212 25.5808 -4.3466 100.0000 stroke5
movl 0 -27.9019 349.7843 169.8166 -174.3082 25.8978 -2.6718 100.0000 stroke5
movl 0 -27.8599 349.3961 169.7764 -173.6539 26.0784 -1.5742 100.0000 stroke5
movl 0 -27.4099 349.1948 169.8313 -173.2953 26.1900 -1.1511 100.0000 stroke5
movl 0 -26.9794 349.3275 169.8341 -173.1545 26.3693 -0.8852 100.0000 stroke5
movl 0 -27.0899 349.3122 169.9361 -172.7746 26.4295 -0.4787 100.0000 stroke5
movl 0 -26.6375 349.4457 170.0392 -172.6765 26.5497 -0.4279 100.0000 stroke5
movl 0 -26.7909 350.0051 170.1514 -172.8135 26.6368 -0.6737 100.0000 stroke5
movl 0 -25.9416 350.0408 170.2870 -172.7734 26.8625 -0.7504 100.0000 stroke5
movl 0 -26.0219 350.3218 170.4062 -172.7607 26.9480 -0.9236 100.0000 stroke5
movl 0 -25.9958 350.4026 170.4554 -172.7421 26.9662 -0.9905 100.0000 stroke5
movl 0 -25.3996 350.4421 170.6837 -172.6360 27.1586 -1.1273 100.0000 stroke5
movl 0 -25.1242 350.4485 170.8252 -172.5611 27.2077 -1.2413 100.0000 stroke5
movl 0 -24.4832 350.4629 170.9712 -172.5442 27.3514 -1.3722 100.0000 stroke5
movl 0 -24.5476 350.2606 171.0375 -172.4679 27.2832 -1.3655 100.0000 stroke5
movl 0 -24.6772 350.3103 171.0070 -172.5186 27.1432 -1.4261 100.0000 stroke5
movl 0 -24.7448 350.3873 170.9890 -172.6017 27.0818 -1.4988 100.0000 stroke5
movl 0 -23.5894 349.7216 171.4083 -172.3979 27.3021 -1.7213 100.0000 stroke5
movl 0 -16.5300 342.9578 180.8614 -170.0024 29.6767 -1.5752 100.0000 stroke5
