movl 0 -53.5746 423.4040 212.9687 -151.9396 -15.1483 84.3648 100.0000 stroke1
movl 0 -43.8768 416.1065 186.0606 -149.5665 -7.8744 73.7706 100.0000 stroke1
movl 0 -35.0760 414.8104 177.0008 -147.6574 -1.0548 66.9765 100.0000 stroke1
movl 0 -34.6047 412.0585 170.4075 -148.7969 -0.1469 64.0289 100.0000 stroke1
movl 0 -32.9900 407.6315 171.3452 -149.1309 0.2858 59.0984 100.0000 stroke1
movl 0 -33.6833 407.3850 169.4901 -149.8526 0.6809 57.3978 100.0000 stroke1
movl 0 -38.3052 405.9241 169.2659 -151.1794 -1.2855 57.3329 100.0000 stroke1
movl 0 -36.8435 407.0185 169.1193 -151.1940 -0.0320 56.8623 100.0000 stroke1
movl 0 -39.1433 410.2080 168.8078 -153.2599 1.7857 55.4121 100.0000 stroke1
movl 0 -40.8970 412.6915 168.8018 -155.1151 3.4266 53.5201 100.0000 stroke1
movl 0 -41.1533 413.5105 168.5809 -156.0296 4.6829 51.8622 100.0000 stroke1
movl 0 -41.7449 413.7131 168.7751 -156.3817 5.5850 51.2605 100.0000 stroke1
movl 0 -42.4192 413.4350 169.0883 -156.8049 6.4941 50.6050 100.0000 stroke1
movl 0 -43.9341 413.7140 169.5475 -157.6465 7.2616 50.0063 100.0000 stroke1
movl 0 -45.5030 412.6175 169.8625 -158.1070 7.9549 49.7172 100.0000 stroke1
movl 0 -47.3079 410.5892 170.1282 -158.4391 8.8360 49.4207 100.0000 stroke1
movl 0 -50.1355 409.1404 170.5625 -158.9373 9.3495 49.9581 100.0000 stroke1
movl 0 -52.6027 407.1222 170.5599 -158.8726 9.7437 50.5624 100.0000 stroke1
movl 0 -55.7844 405.5680 170.8794 -159.0775 10.1271 50.8772 100.0000 stroke1
movl 0 -58.0414 404.5788 171.1659 -158.9694 10.5139 51.1506 100.0000 stroke1
movl 0 -59.7837 403.8456 171.5218 -158.7790 10.7313 51.2396 100.0000 stroke1
movl 0 -61.2701 402.8864 172.6194 -157.9354 11.1427 51.2364 100.0000 stroke1
movl 0 -62.4239 400.5733 188.8085 -150.9214 9.6253 51.5461 100.0000 stroke1
movl 0 -39.2996 423.9017 207.3578 -153.5143 23.2684 36.6248 100.0000 stroke2
movl 0 -36.7069 405.7993 185.3412 -159.2269 21.8909 25.5239 100.0000 stroke2
movl 0 -36.5128 405.9708 175.6624 -161.7431 21.2924 21.7063 100.0000 stroke2
movl 0 -36.2666 408.4728 172.5035 -163.6032 21.6694 20.2702 100.0000 stroke2
movl 0 -37.0424 409.9999 171.2079 -163.9701 21.8744 20.2861 100.0000 stroke2
movl 0 -39.8250 413.2081 170.4709 -167.3987 21.4866 16.4366 100.0000 stroke2
movl 0 -40.8134 414.9838 170.3283 -170.2802 21.9637 12.7654 100.0000 stroke2
movl 0 -41.0390 417.2578 171.0080 -173.9572 22.8178 8.9294 100.0000 stroke2
movl 0 -42.9026 420.5621 171.3959 -178.7928 22.7962 4.7260 100.0000 stroke2
movl 0 -45.3200 424.9408 170.9000 176.3293 22.1631 0.8349 100.0000 stroke2
movl 0 -47.7990 429.0273 170.1777 171.9150 20.9697 -2.4661 100.0000 stroke2
movl 0 -49.7500 431.8553 169.7254 168.5204 19.8180 -4.9133 100.0000 stroke2
movl 0 -47.9467 430.3868 170.7463 169.2564 20.2308 -5.3949 100.0000 stroke2
movl 0 -48.6233 430.5116 170.6977 168.6344 19.9795 -5.4263 100.0000 stroke2
movl 0 -47.7570 427.8206 171.5492 171.0231 20.3456 -4.5617 100.0000 stroke2
movl 0 -45.4816 421.4845 172.9240 176.0799 21.5489 -2.1632 100.0000 stroke2
movl 0 -40.0067 411.3505 173.1394 -174.2761 23.6058 3.2918 100.0000 stroke2
movl 0 -36.5072 400.9301 173.8041 -164.0259 23.1610 10.9426 100.0000 stroke2
movl 0 -36.0505 389.9911 187.2987 -152.1056 19.0740 21.1930 100.0000 stroke2
movl 0 -35.5565 397.8619 185.6640 -158.5307 21.7161 13.6978 100.0000 stroke3
movl 0 -31.5369 400.0510 174.7940 -161.7895 21.9367 9.0588 100.0000 stroke3
movl 0 -33.5703 401.2342 172.1340 -162.1081 21.0194 8.8357 100.0000 stroke3
movl 0 -36.8052 404.3707 170.5374 -163.9046 19.5282 8.5639 100.0000 stroke3
movl 0 -34.8736 406.4009 170.6519 -165.7029 19.3439 6.2451 100.0000 stroke3
movl 0 -32.6267 409.0452 170.5077 -167.7261 20.1990 4.2879 100.0000 stroke3
movl 0 -32.7486 410.5414 170.3748 -169.3169 20.8287 3.3102 100.0000 stroke3
movl 0 -32.0116 410.2066 171.0567 -170.1016 22.1918 3.7621 100.0000 stroke3
movl 0 -29.9819 401.2370 193.8598 -163.2113 25.5071 10.6642 100.0000 stroke3
movl 0 -31.1117 392.8323 241.2160 -147.2465 19.6606 37.8740 100.0000 stroke4
movl 0 -30.8158 391.2201 182.1183 -155.5992 18.2096 26.1415 100.0000 stroke4
movl 0 -35.7337 391.3846 175.8002 -159.4787 16.3693 21.9878 100.0000 stroke4
movl 0 -39.7083 391.4354 174.0900 -159.4761 15.4479 22.2131 100.0000 stroke4
movl 0 -42.2493 393.2759 172.2396 -159.5203 15.8916 24.0860 100.0000 stroke4
movl 0 -45.6337 394.0628 172.0818 -160.9506 14.4476 22.4878 100.0000 stroke4
movl 0 -50.1671 392.1498 172.5688 -161.1316 12.1342 21.4704 100.0000 stroke4
movl 0 -48.9971 392.4935 172.6212 -161.4308 12.0718 19.6806 100.0000 stroke4
movl 0 -45.1163 394.4276 172.7488 -162.2586 12.1792 15.5977 100.0000 stroke4
movl 0 -43.3150 395.0141 172.8291 -162.4251 12.6253 14.5764 100.0000 stroke4
movl 0 -41.6029 394.5682 173.0161 -162.0721 13.1915 14.5696 100.0000 stroke4
movl 0 -41.6935 396.9902 172.8179 -163.7669 14.1716 14.3332 100.0000 stroke4
movl 0 -30.9988 386.6906 191.7600 -153.8309 19.4666 22.5169 100.0000 stroke4
movl 0 -30.6511 403.0722 203.1031 -161.1475 25.7349 22.6580 100.0000 stroke5
movl 0 -30.8954 399.7579 178.5189 -163.2776 22.1325 17.8828 100.0000 stroke5
movl 0 -28.5623 397.0994 173.4066 -159.5443 20.5263 20.0869 100.0000 stroke5
movl 0 -29.2612 400.6176 173.6048 -163.1007 21.1758 17.3026 100.0000 stroke5
movl 0 -30.3764 401.1208 172.8530 -163.2971 20.4279 16.5825 100.0000 stroke5
movl 0 -31.2323 401.7262 172.3165 -163.5610 20.0030 15.7722 100.0000 stroke5
movl 0 -35.2444 403.0659 171.9491 -165.2577 18.5987 13.5207 100.0000 stroke5
movl 0 -36.1544 406.7415 171.6462 -168.4673 19.0778 10.2317 100.0000 stroke5
movl 0 -36.2223 408.6138 172.0673 -171.2935 19.8608 7.1068 100.0000 stroke5
movl 0 -36.7053 410.9248 172.5590 -174.7679 20.3873 3.2986 100.0000 stroke5
movl 0 -37.3097 413.4947 173.0016 -178.7140 20.4909 -0.9605 100.0000 stroke5
movl 0 -38.9567 417.6964 173.1514 175.9631 19.5636 -6.3040 100.0000 stroke5
movl 0 -37.8428 416.3769 173.9762 175.9091 19.7739 -7.8461 100.0000 stroke5
movl 0 -39.1059 417.2185 173.7320 175.0584 19.3068 -8.2056 100.0000 stroke5
movl 0 -34.1445 400.8338 184.1008 -171.3909 22.6151 0.7432 100.0000 stroke5
movl 0 -38.3055 377.7980 190.0656 -154.2299 15.8515 23.9807 100.0000 stroke6
movl 0 -39.8238 383.8870 178.6773 -159.1813 15.6716 18.6068 100.0000 stroke6
movl 0 -38.7578 386.8513 177.1376 -161.4524 17.0236 16.6919 100.0000 stroke6
movl 0 -42.2322 387.1135 175.4903 -161.6497 17.3430 17.6878 100.0000 stroke6
movl 0 -43.2947 389.2020 174.5000 -162.7369 17.3140 16.6993 100.0000 stroke6
movl 0 -45.5272 389.9113 174.0784 -163.3253 16.4439 16.0772 100.0000 stroke6
movl 0 -47.3502 390.3159 173.9791 -163.9349 15.6382 15.2675 100.0000 stroke6
movl 0 -49.4610 389.8880 174.0248 -164.1091 14.7066 14.5406 100.0000 stroke6
movl 0 -49.5098 390.1875 174.0961 -164.3813 14.3642 13.5625 100.0000 stroke6
movl 0 -48.6362 390.6728 174.2498 -164.6852 14.1836 12.1825 100.0000 stroke6
movl 0 -46.2204 391.7857 174.1642 -165.0785 14.2824 10.0959 100.0000 stroke6
movl 0 -45.6094 392.4866 174.0965 -165.4375 14.0957 8.7808 100.0000 stroke6
movl 0 -43.1148 390.6660 174.7171 -164.3763 14.8320 9.1340 100.0000 stroke6
movl 0 -43.6884 390.9050 174.7728 -164.6424 14.6333 9.1955 100.0000 stroke6
movl 0 -44.6703 392.4664 174.8026 -165.8313 14.4765 9.2086 100.0000 stroke6
movl 0 -38.7202 381.5630 184.8442 -158.4019 20.1332 19.9752 100.0000 stroke6
movl 0 -35.6632 376.9320 209.8723 -160.8146 21.6398 14.7184 100.0000 stroke7
movl 0 -37.0457 382.0510 179.4785 -164.8576 20.6601 10.1946 100.0000 stroke7
movl 0 -41.7857 384.0655 176.7872 -165.0125 19.2381 10.4672 100.0000 stroke7
movl 0 -42.9586 383.8646 175.9687 -164.9215 19.0486 10.3550 100.0000 stroke7
movl 0 -45.7079 385.4864 175.0592 -165.9270 18.3378 10.2610 100.0000 stroke7
movl 0 -49.7248 385.3179 175.0032 -166.3541 16.3046 9.3103 100.0000 stroke7
movl 0 -52.3030 384.8827 175.1321 -166.5241 15.1857 8.5453 100.0000 stroke7
movl 0 -51.5438 385.4825 175.3857 -166.8810 14.4567 6.2754 100.0000 stroke7
movl 0 -48.0025 387.9737 175.2737 -167.8972 14.3990 2.8932 100.0000 stroke7
movl 0 -46.4431 386.4252 175.9076 -167.1348 15.0879 3.2415 100.0000 stroke7
movl 0 -45.3615 386.7437 176.0509 -167.3963 15.2538 3.2182 100.0000 stroke7
movl 0 -45.9279 388.3079 176.1490 -168.5955 15.1363 3.3312 100.0000 stroke7
movl 0 -40.1037 380.6471 186.0305 -162.4089 21.2539 12.6778 100.0000 stroke7
movl 0 -37.6383 373.9481 223.5487 -151.4640 19.7977 26.0959 100.0000 stroke8
movl 0 -36.5736 375.9125 181.6653 -161.3288 21.1337 13.4005 100.0000 stroke8
movl 0 -39.3458 379.1079 179.8914 -165.2611 19.3758 9.1761 100.0000 stroke8
movl 0 -43.8575 380.2374 177.2674 -166.4429 19.6435 10.0795 100.0000 stroke8
movl 0 -45.3550 382.3934 175.7315 -167.3519 19.5853 9.8419 100.0000 stroke8
movl 0 -49.8930 382.9093 175.6783 -168.4548 17.4186 8.0912 100.0000 stroke8
movl 0 -53.7853 382.4100 176.0199 -168.8998 15.8435 7.0318 100.0000 stroke8
movl 0 -54.6978 382.1586 176.2077 -168.9561 14.9453 5.4788 100.0000 stroke8
movl 0 -53.0705 383.2555 176.4466 -169.5043 14.4772 3.0058 100.0000 stroke8
movl 0 -51.1860 384.6764 176.4917 -170.1876 14.0280 0.5891 100.0000 stroke8
movl 0 -49.0586 386.3738 176.4848 -170.8486 13.7079 -1.7643 100.0000 stroke8
movl 0 -47.0673 383.7125 177.6039 -169.5280 14.4645 -0.8964 100.0000 stroke8
movl 0 -49.0188 385.9249 177.2250 -171.0590 13.6493 -1.2112 100.0000 stroke8
movl 0 -46.4156 382.2053 178.1591 -168.5712 15.8049 2.1738 100.0000 stroke8
movl 0 -48.7690 372.6515 213.9425 -157.2263 16.8960 13.8222 100.0000 stroke8
movl 0 -5.1330 430.0037 236.4495 -157.1819 25.7021 22.8182 100.0000 stroke9
movl 0 -6.6795 422.5190 183.7158 -160.3520 23.7710 18.3137 100.0000 stroke9
movl 0 -11.3135 421.1052 176.1695 -160.9354 20.7598 16.9857 100.0000 stroke9
movl 0 -10.2603 422.1419 173.9241 -162.4156 20.8294 15.4957 100.0000 stroke9
movl 0 -14.0391 426.9908 171.9668 -165.7011 20.2561 12.9339 100.0000 stroke9
movl 0 -14.9244 432.7665 171.3915 -170.7854 20.4872 7.2608 100.0000 stroke9
movl 0 -13.9481 437.6187 169.7886 -173.8676 21.2120 4.0088 100.0000 stroke9
movl 0 -13.8089 439.3547 169.4653 -176.0281 21.9507 2.0212 100.0000 stroke9
movl 0 -14.6099 439.7710 170.0463 -177.8499 22.4646 0.8350 100.0000 stroke9
movl 0 -15.0994 439.1906 170.8113 -178.9092 23.3310 0.9122 100.0000 stroke9
movl 0 -14.6637 432.3993 175.7949 -176.5365 26.2256 3.5235 100.0000 stroke9
movl 0 -16.1895 413.2648 230.0853 -160.7779 29.8896 12.7407 100.0000 stroke9
movl 0 -9.6300 413.4555 188.4600 -170.8012 27.2468 7.0809 100.0000 stroke10
movl 0 -6.2417 410.5013 172.7129 -169.4438 25.3061 5.9753 100.0000 stroke10
movl 0 -9.6273 409.2274 173.0769 -168.1462 23.7124 7.2082 100.0000 stroke10
movl 0 -10.8466 409.7346 171.7274 -167.1645 23.7120 8.8953 100.0000 stroke10
movl 0 -16.5094 412.7028 169.8046 -168.1529 22.0208 9.2498 100.0000 stroke10
movl 0 -16.9954 415.9697 169.0239 -170.8074 21.7822 6.1837 100.0000 stroke10
movl 0 -17.4753 417.8285 169.5026 -173.8954 22.2210 3.4436 100.0000 stroke10
movl 0 -18.2680 421.0475 170.1512 -178.7150 22.3895 -0.6437 100.0000 stroke10
movl 0 -19.3234 424.3498 170.4205 176.5100 21.9905 -4.7285 100.0000 stroke10
movl 0 -21.4165 427.8960 170.2037 172.0854 20.7334 -7.9138 100.0000 stroke10
movl 0 -19.6435 425.1597 171.5334 173.2904 21.2852 -8.4051 100.0000 stroke10
movl 0 -18.4963 424.5310 171.6222 173.3745 21.5390 -8.8335 100.0000 stroke10
movl 0 -20.2728 425.7719 171.4711 171.7968 20.6352 -9.5426 100.0000 stroke10
movl 0 -19.8557 413.3408 174.3901 -178.8109 21.9936 -4.8842 100.0000 stroke10
movl 0 -23.7885 389.6944 190.0794 -159.0107 20.0178 10.8145 100.0000 stroke10
movl 0 -8.5976 395.7665 229.1797 -142.4588 14.4697 28.2673 100.0000 stroke11
movl 0 -5.6951 400.3417 179.4263 -156.1634 22.4022 15.7941 100.0000 stroke11
movl 0 -8.8394 401.0010 174.7839 -159.4361 20.1835 10.6206 100.0000 stroke11
movl 0 -9.2569 403.5341 173.8693 -162.1411 20.3755 7.8018 100.0000 stroke11
movl 0 -10.5145 407.8575 172.1088 -164.4621 21.2031 6.9981 100.0000 stroke11
movl 0 -17.0453 411.2066 171.5440 -167.5382 17.9851 2.7805 100.0000 stroke11
movl 0 -14.7858 413.4772 171.2613 -169.3604 18.4062 -0.1540 100.0000 stroke11
movl 0 -13.8884 415.1513 171.0631 -170.9745 19.1526 -0.8147 100.0000 stroke11
movl 0 -13.9350 415.9150 171.0157 -172.1260 19.7068 -0.9073 100.0000 stroke11
movl 0 -13.8536 414.9682 171.6543 -172.3679 20.2991 -0.3580 100.0000 stroke11
movl 0 -13.6516 406.9691 177.0611 -169.0346 21.3750 2.6373 100.0000 stroke11
movl 0 -24.4363 374.0435 246.0098 -149.6446 19.4196 17.2427 100.0000 stroke11
movl 0 -11.4575 388.4185 191.6237 -152.2193 12.0332 30.9049 100.0000 stroke12
movl 0 -16.3767 391.1677 176.4350 -157.5791 11.8297 23.6403 100.0000 stroke12
movl 0 -21.5197 390.5918 176.2843 -158.3919 10.9493 23.6588 100.0000 stroke12
movl 0 -23.1085 391.2691 175.4371 -158.2690 11.9323 26.0422 100.0000 stroke12
movl 0 -25.1402 393.0593 174.4768 -159.2940 11.5467 25.5968 100.0000 stroke12
movl 0 -29.7555 392.9956 174.3272 -160.3957 9.8160 24.2125 100.0000 stroke12
movl 0 -30.6114 393.4379 174.1021 -160.8490 9.2818 23.1400 100.0000 stroke12
movl 0 -29.7165 394.6523 173.9733 -161.4977 9.0300 20.9304 100.0000 stroke12
movl 0 -27.4358 396.4627 173.7908 -162.2009 9.1076 18.4002 100.0000 stroke12
movl 0 -25.7174 395.5819 174.1040 -161.6275 9.6073 18.2546 100.0000 stroke12
movl 0 -24.1118 395.0652 174.2422 -161.1681 10.0075 18.1786 100.0000 stroke12
movl 0 -24.6253 396.3081 174.3026 -162.2136 10.0336 17.9194 100.0000 stroke12
movl 0 -24.1042 397.4389 174.1225 -162.6298 10.9958 18.8292 100.0000 stroke12
movl 0 -10.8525 387.3831 186.0718 -154.8542 16.7611 23.8782 100.0000 stroke12
movl 0 4.6580 376.0529 239.6612 -145.3815 21.3749 25.1599 100.0000 stroke12
movl 0 -12.1822 390.7230 213.1863 -159.9217 22.0359 18.6419 100.0000 stroke13
movl 0 -16.9675 391.2691 177.2757 -161.1802 17.7858 16.3951 100.0000 stroke13
movl 0 -15.2346 393.9862 175.4952 -161.3485 17.2285 15.9623 100.0000 stroke13
movl 0 -14.2766 396.4544 174.3549 -162.0408 17.2541 15.0188 100.0000 stroke13
movl 0 -14.1139 397.8317 173.5876 -162.3343 17.3922 14.7473 100.0000 stroke13
movl 0 -16.0572 401.0067 172.5141 -164.3791 16.8335 13.1823 100.0000 stroke13
movl 0 -16.6444 404.2679 171.6840 -166.4071 17.0660 11.6763 100.0000 stroke13
movl 0 -16.8104 405.4628 171.7092 -167.7445 17.5679 10.8027 100.0000 stroke13
movl 0 -17.3983 406.3096 172.0606 -169.0584 17.7926 9.8531 100.0000 stroke13
movl 0 -17.6354 407.4746 172.6994 -170.8821 18.1545 8.3667 100.0000 stroke13
movl 0 -17.8454 409.4740 173.1320 -173.3687 18.5915 6.3003 100.0000 stroke13
movl 0 -18.1597 411.5590 173.4898 -176.0271 18.8567 4.1285 100.0000 stroke13
movl 0 -19.2174 414.7329 173.5132 -179.6945 18.8349 1.5118 100.0000 stroke13
movl 0 -17.1819 410.8063 174.9033 -177.6512 19.2686 1.1702 100.0000 stroke13
movl 0 -18.3103 412.4630 174.6934 -179.3685 18.9806 0.6865 100.0000 stroke13
movl 0 -16.9840 402.5660 178.4601 -172.5089 19.2516 3.4940 100.0000 stroke13
movl 0 -18.5299 362.0574 240.6160 -142.4524 11.0777 22.3137 100.0000 stroke13
movl 0 -16.3930 376.4093 189.2101 -151.4357 11.0114 25.1036 100.0000 stroke14
movl 0 -17.7211 381.7844 180.7689 -158.0764 13.8300 18.9555 100.0000 stroke14
movl 0 -21.7531 384.4190 177.0046 -160.2970 13.5374 17.8508 100.0000 stroke14
movl 0 -24.4435 385.0605 175.1505 -159.9124 13.8371 19.3046 100.0000 stroke14
movl 0 -25.4427 387.5994 174.4141 -161.3851 14.0070 18.5771 100.0000 stroke14
movl 0 -28.1015 388.1454 174.0817 -162.1811 12.9619 17.8348 100.0000 stroke14
movl 0 -31.0864 387.4236 174.0206 -162.3204 11.5293 17.3626 100.0000 stroke14
movl 0 -30.7973 388.0167 173.9056 -162.6425 11.1106 16.1737 100.0000 stroke14
movl 0 -29.7936 389.5872 173.8079 -163.4177 10.6683 13.6201 100.0000 stroke14
movl 0 -28.8255 390.9300 173.5913 -163.9204 10.3760 11.8207 100.0000 stroke14
movl 0 -27.4230 388.8939 174.1273 -162.7998 10.6549 12.1689 100.0000 stroke14
movl 0 -26.6399 388.6343 174.2900 -162.6574 10.9019 12.2781 100.0000 stroke14
movl 0 -26.6642 389.6781 174.6292 -163.7064 10.9106 12.5581 100.0000 stroke14
movl 0 -26.0571 389.1121 175.1653 -163.2417 11.7397 15.4651 100.0000 stroke14
movl 0 -7.9854 369.1679 219.1026 -148.0263 15.7124 25.7522 100.0000 stroke14
movl 0 -22.8480 377.7597 202.2234 -158.0700 15.0177 22.3986 100.0000 stroke15
movl 0 -17.1681 380.9086 181.9022 -160.2936 16.2886 18.4379 100.0000 stroke15
movl 0 -20.1009 384.6794 177.4153 -161.9624 15.9740 18.5231 100.0000 stroke15
movl 0 -22.7795 384.8688 176.5102 -162.2731 15.4788 18.6234 100.0000 stroke15
movl 0 -25.5745 385.9377 175.8768 -163.1483 14.5096 17.7702 100.0000 stroke15
movl 0 -30.1411 386.2687 175.8268 -164.0826 12.7465 16.8045 100.0000 stroke15
movl 0 -31.1896 386.3771 175.7074 -164.3479 11.8863 15.7584 100.0000 stroke15
movl 0 -30.1906 387.6961 175.4094 -164.9763 11.4831 13.5098 100.0000 stroke15
movl 0 -28.4009 389.4790 175.0319 -165.7053 11.1057 10.9535 100.0000 stroke15
movl 0 -27.4177 388.9918 175.2936 -165.4246 11.2717 10.4833 100.0000 stroke15
movl 0 -25.4808 387.7526 176.1515 -164.8083 11.7403 10.6356 100.0000 stroke15
movl 0 -26.4397 390.0615 175.9013 -166.3861 11.3758 10.8166 100.0000 stroke15
movl 0 -23.1731 385.7364 178.1003 -163.6415 13.7316 15.4810 100.0000 stroke15
movl 0 -19.6129 368.9026 238.8705 -149.1998 15.2737 24.9353 100.0000 stroke15
movl 0 -16.4242 385.5775 197.9606 -163.5916 20.1168 17.3105 100.0000 stroke16
movl 0 -17.6680 382.5023 182.4195 -163.9150 18.0181 15.8091 100.0000 stroke16
movl 0 -24.6712 383.4264 179.1106 -164.7471 16.1025 15.9153 100.0000 stroke16
movl 0 -26.4780 384.4770 178.2639 -165.4938 15.7047 15.0676 100.0000 stroke16
movl 0 -32.6044 385.1734 177.9784 -166.8474 13.5300 13.2065 100.0000 stroke16
movl 0 -36.3146 384.8862 178.0357 -167.3412 12.0511 11.6850 100.0000 stroke16
movl 0 -35.8294 386.5102 178.1557 -168.3172 11.3109 8.8062 100.0000 stroke16
movl 0 -34.1768 388.9228 178.0530 -169.4697 10.4663 5.1857 100.0000 stroke16
movl 0 -31.4175 391.5389 177.4709 -170.4043 10.0972 2.1879 100.0000 stroke16
movl 0 -27.8913 388.1005 178.7977 -168.8020 11.5770 3.3267 100.0000 stroke16
movl 0 -30.2430 391.2785 178.4657 -171.0777 10.6746 2.7107 100.0000 stroke16
movl 0 -30.1119 390.9305 178.6597 -170.8896 11.0113 3.1724 100.0000 stroke16
movl 0 -25.4523 388.9323 182.6053 -169.2527 14.2131 5.6206 100.0000 stroke16
movl 0 -17.2552 405.0848 239.7193 168.0061 -25.5898 -162.7280 100.0000 stroke17
movl 0 -21.2542 394.6396 187.2251 170.9555 -22.4092 -166.6601 100.0000 stroke17
movl 0 -31.3522 389.1346 179.2529 169.5014 -17.2757 -165.9920 100.0000 stroke17
movl 0 -31.8930 386.8433 179.6448 168.5519 -16.5072 -166.3595 100.0000 stroke17
movl 0 -36.3046 390.5706 178.0318 170.7120 -15.2380 -167.3523 100.0000 stroke17
movl 0 -37.9313 396.5145 176.7106 174.3554 -15.0226 -169.2299 100.0000 stroke17
movl 0 -38.6111 398.5950 176.2571 175.7107 -14.9344 -170.1569 100.0000 stroke17
movl 0 -39.2302 399.5752 176.0911 176.7440 -15.1919 -170.5163 100.0000 stroke17
movl 0 -40.8438 399.3788 176.3982 177.8241 -15.1496 -171.0007 100.0000 stroke17
movl 0 -42.9439 398.4062 176.6800 178.8058 -15.1381 -171.2039 100.0000 stroke17
movl 0 -45.6120 396.4026 176.8593 179.4468 -15.1158 -171.1146 100.0000 stroke17
movl 0 -48.5241 394.0904 177.0096 179.9526 -15.0859 -170.8956 100.0000 stroke17
movl 0 -51.7743 391.5880 177.1056 -179.8015 -15.2157 -170.1359 100.0000 stroke17
movl 0 -54.7592 389.1278 177.2984 -179.7720 -15.3779 -169.5675 100.0000 stroke17
movl 0 -57.1542 387.0050 177.5727 -179.9327 -15.7143 -168.9030 100.0000 stroke17
movl 0 -59.2225 385.9127 177.8047 179.8845 -16.0953 -168.5436 100.0000 stroke17
movl 0 -61.2227 385.2570 178.0457 179.7400 -16.2425 -168.3490 100.0000 stroke17
movl 0 -61.8785 385.0535 178.2834 179.5632 -16.4694 -168.3669 100.0000 stroke17
movl 0 -62.7184 384.4558 178.8607 179.0937 -16.6325 -168.2511 100.0000 stroke17
movl 0 -62.9396 383.7670 182.2551 178.0429 -17.7614 -167.9357 100.0000 stroke17
movl 0 -69.5805 383.1732 226.1038 169.1941 -20.4198 -163.1374 100.0000 stroke17
movl 0 -42.4471 383.2187 191.5620 154.1089 -15.8072 -147.8989 100.0000 stroke18
movl 0 -45.4214 374.8129 181.4793 161.3896 -14.4229 -155.0018 100.0000 stroke18
movl 0 -49.8933 375.2151 180.5376 164.6214 -12.6984 -158.9889 100.0000 stroke18
movl 0 -49.7913 376.0951 180.0327 164.9790 -12.7007 -159.1155 100.0000 stroke18
movl 0 -52.5637 378.1074 178.8922 166.1655 -12.3038 -159.1597 100.0000 stroke18
movl 0 -58.7685 379.2169 178.6780 168.1280 -9.9025 -162.1148 100.0000 stroke18
movl 0 -58.9534 381.5392 178.9654 169.6934 -9.6094 -164.6673 100.0000 stroke18
movl 0 -59.7244 382.3915 179.2518 170.7425 -9.5430 -165.5207 100.0000 stroke18
movl 0 -60.9691 383.9122 179.8069 172.3931 -9.1640 -166.5748 100.0000 stroke18
movl 0 -62.1860 386.1795 180.1411 174.3539 -8.7503 -168.2970 100.0000 stroke18
movl 0 -64.4751 388.5845 180.3313 176.5958 -7.8331 -170.4978 100.0000 stroke18
movl 0 -67.0681 390.9812 180.3490 178.7714 -6.6650 -172.7452 100.0000 stroke18
movl 0 -69.6393 393.0930 180.0838 -179.3481 -5.2624 -174.9943 100.0000 stroke18
movl 0 -72.3326 395.1519 179.4941 -177.5530 -3.5733 -177.3442 100.0000 stroke18
movl 0 -74.3875 396.8481 178.8621 -176.1050 -2.0825 -179.8147 100.0000 stroke18
movl 0 -77.1646 398.9217 177.7784 -174.5917 0.0921 177.5224 100.0000 stroke18
movl 0 -80.2379 400.5306 176.5891 -173.5070 2.3143 175.5331 100.0000 stroke18
movl 0 -83.0736 402.3060 175.2172 -172.5639 4.7104 172.9926 100.0000 stroke18
movl 0 -85.0592 403.5767 173.8776 -172.1398 6.6467 170.4838 100.0000 stroke18
movl 0 -87.1479 404.9787 172.7181 -171.8081 8.3784 168.0934 100.0000 stroke18
movl 0 -87.6171 405.0023 172.8445 -172.0294 8.8205 165.8960 100.0000 stroke18
movl 0 -86.3961 405.1160 173.3186 -172.4615 8.5106 164.3328 100.0000 stroke18
movl 0 -84.6008 405.9585 173.6627 -172.3101 8.1301 163.4098 100.0000 stroke18
movl 0 -83.7297 406.6026 173.8085 -172.3420 8.1290 162.2810 100.0000 stroke18
movl 0 -83.2407 406.8375 173.8960 -172.5288 8.3988 160.5588 100.0000 stroke18
movl 0 -83.3356 406.9000 173.8125 -172.7425 8.8218 159.0575 100.0000 stroke18
movl 0 -83.5940 406.0250 173.8254 -173.0132 9.0849 158.2277 100.0000 stroke18
movl 0 -82.6077 406.1216 174.0654 -173.0221 9.0622 157.3447 100.0000 stroke18
movl 0 -80.4822 406.7292 174.3807 -172.9080 8.8642 156.6801 100.0000 stroke18
movl 0 -77.4659 407.5640 174.7516 -172.4569 8.3785 156.5053 100.0000 stroke18
movl 0 -76.5074 406.8041 174.8984 -172.4265 8.2833 156.7649 100.0000 stroke18
movl 0 -73.7106 406.7761 175.3638 -172.2379 7.9606 156.6137 100.0000 stroke18
movl 0 -71.3760 406.3513 175.9145 -172.2020 7.5942 156.5545 100.0000 stroke18
movl 0 -68.4479 405.6555 176.7774 -172.2501 6.9502 156.7418 100.0000 stroke18
movl 0 -65.8103 405.4673 177.3544 -172.1625 6.5871 156.4789 100.0000 stroke18
movl 0 -63.7571 405.1131 177.7018 -172.1011 6.2367 156.5235 100.0000 stroke18
movl 0 -62.0360 404.9310 178.0529 -172.0673 5.9629 156.3945 100.0000 stroke18
movl 0 -58.9854 405.5869 178.3459 -171.7045 5.5493 156.0792 100.0000 stroke18
movl 0 -56.7236 404.9375 178.9846 -171.7606 5.0873 155.9685 100.0000 stroke18
movl 0 -54.9703 404.5652 179.4154 -171.7427 4.7483 155.7796 100.0000 stroke18
movl 0 -52.5711 405.2372 179.5978 -171.4461 4.3940 155.4959 100.0000 stroke18
movl 0 -50.9707 404.9517 180.0041 -171.4146 3.9690 155.4560 100.0000 stroke18
movl 0 -49.2594 404.6681 180.2360 -171.3957 3.6989 155.2441 100.0000 stroke18
movl 0 -46.5164 404.5826 180.6941 -171.2131 3.1017 155.0551 100.0000 stroke18
movl 0 -44.5454 404.2222 181.0884 -171.1594 2.7324 154.9291 100.0000 stroke18
movl 0 -42.6425 404.1523 181.2849 -170.9938 2.4368 154.7298 100.0000 stroke18
movl 0 -41.0841 403.7681 181.7606 -170.9139 1.9421 154.7481 100.0000 stroke18
movl 0 -38.4140 403.5915 182.2013 -170.6911 1.3788 154.6108 100.0000 stroke18
movl 0 -36.5965 403.3130 182.5767 -170.5735 0.9838 154.5334 100.0000 stroke18
movl 0 -34.9848 402.4346 183.2069 -170.6669 0.5097 154.5592 100.0000 stroke18
movl 0 -31.2081 400.2281 184.8221 -170.9275 -0.5910 154.4003 100.0000 stroke18
movl 0 -25.2334 397.0161 186.8916 -171.1779 -2.1298 154.0815 100.0000 stroke18
movl 0 -23.6542 395.9252 187.5084 -171.4739 -2.9419 154.0688 100.0000 stroke18
movl 0 -18.8114 393.9435 189.9729 -171.4266 -5.4788 154.9292 100.0000 stroke18
movl 0 -4.1809 390.0884 217.5001 -173.5833 -14.2842 158.6265 100.0000 stroke18
