movl 0 -21.1437 412.7694 165.6543 -149.9566 -13.6739 89.1913 100.0000 stroke1
movl 0 -22.7895 413.3653 164.5328 -150.3739 -13.5870 88.9360 100.0000 stroke1
movl 0 -25.9039 416.1100 163.9545 -151.4854 -11.4096 88.4535 100.0000 stroke1
movl 0 -29.7612 418.4969 163.8760 -153.1407 -8.6434 86.9186 100.0000 stroke1
movl 0 -31.5100 420.8557 163.7916 -154.1150 -5.8558 84.7117 100.0000 stroke1
movl 0 -31.2568 421.7322 163.8722 -154.6123 -4.8331 82.7543 100.0000 stroke1
movl 0 -32.0252 422.4063 164.5212 -154.9190 -2.6309 80.5111 100.0000 stroke1
movl 0 -31.5538 422.6338 165.3996 -154.7647 0.7900 76.3083 100.0000 stroke1
movl 0 -29.9062 421.6751 165.9540 -154.2702 1.5800 73.5020 100.0000 stroke1
movl 0 -30.2621 421.6252 166.3962 -154.6915 3.1364 71.8547 100.0000 stroke1
movl 0 -30.1562 420.4075 166.3346 -154.2386 2.3605 71.3201 100.0000 stroke1
movl 0 -24.9255 410.5812 170.3304 -149.6778 -5.3683 73.1275 100.0000 stroke1
movl 0 -13.9381 386.0015 233.5153 -141.7097 -31.2429 79.6161 100.0000 stroke1
movl 0 0.9340 421.0076 219.0946 -144.0038 -6.0938 73.5806 100.0000 stroke2
movl 0 4.3272 419.5073 182.5665 -145.4761 -0.1576 67.8905 100.0000 stroke2
movl 0 1.4612 421.4716 171.8985 -148.4698 2.5656 66.0221 100.0000 stroke2
movl 0 -4.9963 422.0701 169.7745 -149.6771 1.3818 66.7529 100.0000 stroke2
movl 0 -9.0943 423.4272 169.1628 -151.1962 0.7480 67.1264 100.0000 stroke2
movl 0 -13.1923 426.0667 168.1094 -153.1287 0.8959 67.5122 100.0000 stroke2
movl 0 -15.8740 428.2744 167.7645 -155.0733 1.6487 66.8318 100.0000 stroke2
movl 0 -17.0626 429.4614 168.1726 -156.4667 2.5482 65.4323 100.0000 stroke2
movl 0 -16.6770 430.3190 168.0894 -156.9668 3.4577 64.5438 100.0000 stroke2
movl 0 -17.8217 430.5793 168.2125 -157.3164 4.0685 64.4842 100.0000 stroke2
movl 0 -18.3782 430.4185 168.2263 -157.5308 4.7618 64.4093 100.0000 stroke2
movl 0 -18.5968 429.7385 168.6976 -157.3891 5.1945 64.6349 100.0000 stroke2
movl 0 -19.5957 428.7090 169.3098 -157.4097 5.4354 64.9603 100.0000 stroke2
movl 0 -20.1069 427.8335 169.8025 -157.3272 5.5178 65.3185 100.0000 stroke2
movl 0 -20.5098 427.2040 170.1261 -157.1953 5.6395 65.7582 100.0000 stroke2
movl 0 -20.9297 426.6370 170.3388 -157.0550 5.6266 66.1222 100.0000 stroke2
movl 0 -20.3826 424.7648 171.2666 -155.8852 5.4588 67.4026 100.0000 stroke2
movl 0 -22.5327 412.6785 190.8482 -149.2690 2.6234 72.6302 100.0000 stroke2
movl 0 -19.1092 405.6966 201.5196 -153.0140 -16.4871 96.6804 100.0000 stroke3
movl 0 -24.3662 407.2824 180.6423 -155.4030 -11.8944 94.0318 100.0000 stroke3
movl 0 -33.9363 406.8305 178.9629 -157.8872 -10.8152 92.1830 100.0000 stroke3
movl 0 -42.9139 407.1497 177.1187 -159.1356 -9.8862 91.8738 100.0000 stroke3
movl 0 -47.3963 407.9720 175.6047 -159.3977 -9.4237 92.4122 100.0000 stroke3
movl 0 -47.7733 409.1807 174.8523 -159.4440 -8.7113 92.0340 100.0000 stroke3
movl 0 -49.0632 410.1581 174.7320 -160.0564 -7.9185 91.0771 100.0000 stroke3
movl 0 -50.4415 410.6096 174.6297 -160.9087 -7.2360 89.6599 100.0000 stroke3
movl 0 -51.8478 410.7408 174.7087 -161.4391 -6.7353 88.2698 100.0000 stroke3
movl 0 -52.0192 410.9192 174.6993 -161.7806 -6.5489 86.9514 100.0000 stroke3
movl 0 -50.9140 411.2217 174.8107 -161.9269 -6.3744 85.7387 100.0000 stroke3
movl 0 -49.9867 411.6104 174.9193 -162.2211 -6.1402 84.6113 100.0000 stroke3
movl 0 -48.4617 412.1373 175.0916 -162.3886 -5.8092 83.3366 100.0000 stroke3
movl 0 -46.5487 412.8450 175.2505 -162.6191 -5.4586 81.8384 100.0000 stroke3
movl 0 -44.6931 413.5416 175.4999 -163.0750 -5.1282 80.2382 100.0000 stroke3
movl 0 -43.2788 414.1966 175.6924 -163.5441 -4.9159 78.6852 100.0000 stroke3
movl 0 -41.7832 414.9783 175.7632 -164.1367 -4.6705 76.9652 100.0000 stroke3
movl 0 -39.2672 416.6836 175.5649 -164.6693 -4.0999 74.5912 100.0000 stroke3
movl 0 -37.8382 415.6452 176.0154 -163.8711 -4.1675 73.9352 100.0000 stroke3
movl 0 -35.9163 413.9338 176.5046 -162.8318 -4.6079 73.5045 100.0000 stroke3
movl 0 -35.8116 413.6954 176.5601 -162.7344 -4.6092 73.2505 100.0000 stroke3
movl 0 -35.4311 413.4695 176.6502 -162.5434 -4.6150 73.0674 100.0000 stroke3
movl 0 -35.5574 413.6884 176.5982 -162.6540 -4.4349 72.9710 100.0000 stroke3
movl 0 -35.9434 413.9877 176.5560 -162.9429 -4.1464 72.6397 100.0000 stroke3
movl 0 -36.2443 414.4624 176.5088 -163.2979 -3.6241 72.0130 100.0000 stroke3
movl 0 -36.8234 414.9267 176.3441 -163.6117 -2.9591 71.4257 100.0000 stroke3
movl 0 -37.2456 413.5415 176.5886 -162.5049 -2.8123 72.3853 100.0000 stroke3
movl 0 -35.6588 394.5326 200.9179 -153.0694 -8.2726 74.8048 100.0000 stroke3
movl 0 -37.6801 386.2888 221.2628 -147.3435 -9.1652 75.8747 100.0000 stroke4
movl 0 -25.3364 396.3679 178.6335 -148.9445 2.2569 64.1885 100.0000 stroke4
movl 0 -23.9338 399.9251 177.2397 -151.2703 5.3372 58.1767 100.0000 stroke4
movl 0 -25.8310 401.6240 176.1998 -153.9356 7.3814 54.4517 100.0000 stroke4
movl 0 -30.6171 401.5239 176.2251 -154.9359 7.3205 54.6581 100.0000 stroke4
movl 0 -35.5990 403.0573 175.3250 -155.8348 7.8950 55.2894 100.0000 stroke4
movl 0 -38.2169 403.9396 174.5340 -156.4704 8.1155 55.7899 100.0000 stroke4
movl 0 -39.0956 404.5799 173.7947 -156.1923 8.2585 57.1353 100.0000 stroke4
movl 0 -40.4118 405.2209 173.0142 -156.4142 7.7676 58.0909 100.0000 stroke4
movl 0 -43.0752 405.6421 172.8779 -157.6929 7.0313 57.9221 100.0000 stroke4
movl 0 -42.9266 406.5351 172.7520 -158.1277 7.1879 57.6026 100.0000 stroke4
movl 0 -43.2643 406.9452 172.9117 -158.8752 7.2492 57.1768 100.0000 stroke4
movl 0 -44.4121 406.2747 173.2073 -159.2549 6.6625 56.8067 100.0000 stroke4
movl 0 -43.8095 406.1706 173.3987 -159.5691 6.5067 55.7572 100.0000 stroke4
movl 0 -42.8087 406.3804 173.5748 -160.1097 6.4193 54.2358 100.0000 stroke4
movl 0 -40.8884 407.1070 173.8130 -160.8562 6.5620 52.1427 100.0000 stroke4
movl 0 -39.2541 407.9345 174.0125 -161.6109 6.4959 50.0544 100.0000 stroke4
movl 0 -38.1413 408.4896 174.2763 -162.4472 6.1779 48.0977 100.0000 stroke4
movl 0 -37.1471 409.4189 174.3298 -163.2601 5.9166 46.3487 100.0000 stroke4
movl 0 -35.7062 410.0490 174.4316 -163.9438 5.5809 44.5136 100.0000 stroke4
movl 0 -34.5534 409.5788 174.6922 -163.6225 5.6130 44.1329 100.0000 stroke4
movl 0 -33.0461 407.2582 175.4277 -162.2555 5.3982 44.5854 100.0000 stroke4
movl 0 -32.4155 406.3801 175.7069 -161.7987 5.2504 44.5409 100.0000 stroke4
movl 0 -32.2841 406.5366 175.6827 -161.9369 5.2629 44.3264 100.0000 stroke4
movl 0 -32.5704 406.9393 175.5491 -162.3431 5.2997 43.9592 100.0000 stroke4
movl 0 -33.1777 407.7247 175.4481 -163.0839 5.5922 43.6016 100.0000 stroke4
movl 0 -33.2287 407.9518 175.4842 -163.4930 5.8290 43.3454 100.0000 stroke4
movl 0 -33.0157 407.8721 175.5586 -163.6667 5.9089 43.1203 100.0000 stroke4
movl 0 -32.6464 407.7261 175.6008 -163.7135 5.9905 42.9746 100.0000 stroke4
movl 0 -32.2000 407.3431 175.7153 -163.7039 6.0555 42.8320 100.0000 stroke4
movl 0 -31.7968 407.0235 175.8431 -163.8140 6.2129 42.6836 100.0000 stroke4
movl 0 -30.9885 406.3463 176.0006 -163.6768 6.2956 42.6246 100.0000 stroke4
movl 0 -30.3205 405.9422 176.0036 -163.1307 6.7541 43.1802 100.0000 stroke4
movl 0 -30.1848 405.4901 176.0035 -162.5400 7.0192 43.9204 100.0000 stroke4
movl 0 -30.8006 404.8822 176.1831 -162.2952 6.9336 44.3496 100.0000 stroke4
movl 0 -31.2530 404.3708 176.3063 -162.0477 6.9282 44.7369 100.0000 stroke4
movl 0 -31.3725 404.2885 176.2711 -161.8666 7.0049 45.0744 100.0000 stroke4
movl 0 -25.6084 398.7801 181.5634 -157.9203 6.8344 46.6661 100.0000 stroke4
movl 0 -23.1783 379.4842 227.1344 -147.6232 1.5410 54.1028 100.0000 stroke4
movl 0 -21.6268 386.8676 204.8552 -146.5832 -4.5303 73.4164 100.0000 stroke5
movl 0 -23.9494 390.7535 182.7816 -149.9410 0.5753 66.7709 100.0000 stroke5
movl 0 -31.9988 392.7592 180.8325 -153.7362 2.9945 64.6187 100.0000 stroke5
movl 0 -41.1276 392.5432 179.3188 -155.4417 2.4970 65.7449 100.0000 stroke5
movl 0 -44.6064 394.1164 177.5099 -156.4700 2.4150 66.9558 100.0000 stroke5
movl 0 -46.5427 396.0370 176.3394 -157.0301 3.1643 67.0970 100.0000 stroke5
movl 0 -48.4566 397.0041 175.5918 -157.5823 3.4703 66.6856 100.0000 stroke5
movl 0 -51.8468 397.2558 175.1594 -159.1093 3.2151 65.6794 100.0000 stroke5
movl 0 -53.3513 397.8492 175.1542 -160.3176 3.3472 64.6644 100.0000 stroke5
movl 0 -54.6424 397.5617 175.3707 -160.9363 3.1426 63.9657 100.0000 stroke5
movl 0 -55.4181 397.3650 175.5530 -161.5531 2.8768 62.7152 100.0000 stroke5
movl 0 -53.8568 398.1663 175.6503 -162.0785 3.0990 60.9331 100.0000 stroke5
movl 0 -51.9516 398.8856 175.9160 -162.7332 3.1960 58.9628 100.0000 stroke5
movl 0 -50.3966 399.6894 176.2534 -163.5926 3.1581 57.0385 100.0000 stroke5
movl 0 -50.2814 399.7437 176.7326 -164.6100 2.5193 55.1552 100.0000 stroke5
movl 0 -47.6216 400.9094 176.8964 -165.3817 2.3406 53.3110 100.0000 stroke5
movl 0 -45.4349 401.9552 177.0343 -166.1073 2.0149 51.4944 100.0000 stroke5
movl 0 -43.0582 403.8171 176.7351 -166.9055 2.0286 49.5453 100.0000 stroke5
movl 0 -43.3988 402.2403 177.3128 -166.5293 1.6086 49.6953 100.0000 stroke5
movl 0 -41.7548 400.3196 178.1945 -165.4684 1.3411 49.9412 100.0000 stroke5
movl 0 -41.5786 399.1737 178.7058 -165.1577 0.9703 49.8603 100.0000 stroke5
movl 0 -40.5764 398.8071 178.9282 -164.8722 0.9349 49.7265 100.0000 stroke5
movl 0 -41.5386 399.0690 178.8520 -165.4713 1.0190 49.6751 100.0000 stroke5
movl 0 -42.1646 399.7701 178.8759 -166.3003 1.4785 49.3151 100.0000 stroke5
movl 0 -42.1356 400.1300 178.9647 -166.7207 1.8223 49.0632 100.0000 stroke5
movl 0 -42.0004 400.0625 178.9656 -166.9814 2.1454 49.0311 100.0000 stroke5
movl 0 -41.2849 399.2401 178.9505 -166.5179 2.4581 49.5325 100.0000 stroke5
movl 0 -41.0192 398.1449 178.9350 -165.6983 2.4757 50.3825 100.0000 stroke5
movl 0 -40.4304 397.9125 178.8003 -165.0613 2.8534 51.1356 100.0000 stroke5
movl 0 -38.9120 396.8483 179.2029 -163.8031 3.2404 51.9667 100.0000 stroke5
movl 0 -28.9598 388.9682 189.5787 -156.2846 2.7160 55.9631 100.0000 stroke5
movl 0 -28.1279 403.5962 220.0356 -147.4107 -17.6945 92.1571 100.0000 stroke6
movl 0 -25.8578 403.3661 179.5769 -150.6680 -11.9607 86.4280 100.0000 stroke6
movl 0 -28.6323 406.5475 180.5815 -154.1017 -4.7760 79.0343 100.0000 stroke6
movl 0 -33.8078 407.0843 178.4873 -156.2552 -3.2752 77.8709 100.0000 stroke6
movl 0 -36.9143 407.7934 177.2410 -157.3717 -3.8626 78.2285 100.0000 stroke6
movl 0 -38.5431 409.1672 175.7487 -157.9169 -4.1891 78.3675 100.0000 stroke6
movl 0 -40.5011 410.9625 174.7690 -158.6732 -4.0213 77.9639 100.0000 stroke6
movl 0 -44.3883 413.6610 173.8207 -160.7774 -2.5054 76.8419 100.0000 stroke6
movl 0 -43.4207 416.0401 173.5399 -161.3885 -0.9793 74.9738 100.0000 stroke6
movl 0 -44.8259 416.2295 173.7323 -161.6056 -0.1355 74.6367 100.0000 stroke6
movl 0 -45.2565 416.4626 174.1968 -161.9101 1.2380 73.5716 100.0000 stroke6
movl 0 -45.9525 416.1211 174.8777 -162.1847 2.5650 72.4446 100.0000 stroke6
movl 0 -46.9723 415.4447 175.5219 -162.5757 3.6187 71.5886 100.0000 stroke6
movl 0 -48.1161 414.7866 175.8639 -163.0243 4.5635 70.9103 100.0000 stroke6
movl 0 -49.7253 413.4894 176.3319 -163.5822 5.2720 70.3072 100.0000 stroke6
movl 0 -51.3241 412.0163 176.6734 -163.9878 5.8532 69.8917 100.0000 stroke6
movl 0 -53.0436 410.9750 176.9094 -164.4550 6.5208 69.4367 100.0000 stroke6
movl 0 -54.6219 409.6480 177.2165 -164.7858 7.0710 69.0833 100.0000 stroke6
movl 0 -57.0475 408.1440 177.4458 -165.3426 7.4534 68.9929 100.0000 stroke6
movl 0 -58.8652 406.9335 177.7163 -165.6328 7.9330 68.8890 100.0000 stroke6
movl 0 -60.3940 406.1253 177.7707 -165.9354 8.5057 68.4922 100.0000 stroke6
movl 0 -62.7205 404.9731 177.8852 -166.2819 8.9202 68.5671 100.0000 stroke6
movl 0 -65.3434 403.1702 178.1692 -166.4744 9.0810 68.9466 100.0000 stroke6
movl 0 -67.7561 401.6645 178.4170 -166.6372 9.2578 69.1389 100.0000 stroke6
movl 0 -70.0519 400.4565 178.5112 -166.7289 9.3757 69.5183 100.0000 stroke6
movl 0 -71.8533 398.8974 179.0841 -166.6422 9.3441 69.7762 100.0000 stroke6
movl 0 -73.0039 398.1902 179.4464 -166.5756 9.4507 69.8484 100.0000 stroke6
movl 0 -74.0384 397.3103 179.9181 -166.4496 9.4415 70.0530 100.0000 stroke6
movl 0 -74.9625 396.6648 180.3878 -166.3446 9.4314 70.1391 100.0000 stroke6
movl 0 -75.4837 396.3760 180.7098 -166.4037 9.4915 69.8479 100.0000 stroke6
movl 0 -75.8698 395.8075 181.3048 -166.2884 9.4330 69.6712 100.0000 stroke6
movl 0 -75.5378 394.8158 182.7587 -165.7891 9.4692 69.5926 100.0000 stroke6
movl 0 -72.4462 390.4162 193.2398 -162.9336 8.6580 69.2325 100.0000 stroke6
movl 0 -72.6529 375.2202 239.2761 -155.2706 2.5283 70.5532 100.0000 stroke6
movl 0 -24.8064 391.5706 245.8582 -151.3364 -1.9486 71.3427 100.0000 stroke7
movl 0 -21.3387 391.6548 198.7671 -153.6642 -0.0857 67.4202 100.0000 stroke7
movl 0 -26.2766 394.4342 184.4554 -156.6072 -0.4876 65.9575 100.0000 stroke7
movl 0 -35.1307 394.1186 183.0638 -158.9669 -1.0350 67.2597 100.0000 stroke7
movl 0 -40.7864 395.2272 181.4983 -160.0270 -0.7423 67.4643 100.0000 stroke7
movl 0 -43.5148 397.1008 180.2805 -161.0940 -0.4357 67.0939 100.0000 stroke7
movl 0 -45.4670 397.6541 179.4851 -161.7203 -0.6807 66.7033 100.0000 stroke7
movl 0 -49.2223 399.9596 178.8194 -164.1228 -0.3160 65.1196 100.0000 stroke7
movl 0 -50.4522 400.1851 179.4313 -165.0948 -0.0575 64.6027 100.0000 stroke7
movl 0 -51.0099 400.9553 180.0565 -166.2004 0.7001 63.7302 100.0000 stroke7
movl 0 -51.8503 402.0691 180.6997 -167.5393 1.5657 62.8696 100.0000 stroke7
movl 0 -52.6964 403.9885 181.1543 -169.1822 2.7615 61.6479 100.0000 stroke7
movl 0 -54.5591 406.4942 181.3430 -171.3175 3.8969 60.1979 100.0000 stroke7
movl 0 -57.0789 409.0394 181.3346 -173.7302 4.7686 58.4002 100.0000 stroke7
movl 0 -59.7554 411.6881 181.0777 -176.1969 5.4195 56.1339 100.0000 stroke7
movl 0 -63.4644 414.4429 180.6229 -179.2433 5.7103 53.1756 100.0000 stroke7
movl 0 -66.4425 416.4201 180.1042 178.3828 5.6459 50.2089 100.0000 stroke7
movl 0 -69.4356 418.7950 179.2012 175.9951 5.3969 46.5007 100.0000 stroke7
movl 0 -71.5771 420.3094 178.6101 174.1175 4.7568 42.7637 100.0000 stroke7
movl 0 -73.6079 421.2679 178.0387 172.6563 3.9158 39.4072 100.0000 stroke7
movl 0 -74.8044 421.5127 177.8465 171.8852 3.1319 36.4581 100.0000 stroke7
movl 0 -75.4927 421.6752 177.7147 171.2951 2.5891 33.7202 100.0000 stroke7
movl 0 -75.4415 421.6248 177.7793 170.9630 2.2594 31.3595 100.0000 stroke7
movl 0 -75.1817 421.3354 178.0990 171.0421 1.6077 28.1761 100.0000 stroke7
movl 0 -72.6819 422.3216 178.3154 171.1863 1.1668 23.3833 100.0000 stroke7
movl 0 -70.8856 422.8620 178.4179 170.9954 1.4200 21.3530 100.0000 stroke7
movl 0 -69.9258 422.0697 178.7102 171.0293 1.7565 20.7852 100.0000 stroke7
movl 0 -66.8339 423.0677 178.9792 171.0651 2.1518 19.7720 100.0000 stroke7
movl 0 -64.2026 423.3152 179.1757 171.0029 2.4783 19.1128 100.0000 stroke7
movl 0 -61.8633 422.9507 179.6132 171.1614 2.8807 18.9375 100.0000 stroke7
movl 0 -59.3490 422.5663 180.1805 171.5071 3.2517 18.8724 100.0000 stroke7
movl 0 -57.3204 421.7367 180.7821 171.8567 3.5643 18.9548 100.0000 stroke7
movl 0 -55.5067 420.7425 181.5774 172.3163 3.9273 19.1853 100.0000 stroke7
movl 0 -53.7332 420.2018 182.2075 172.6040 4.1359 19.1638 100.0000 stroke7
movl 0 -51.9769 419.7343 182.9145 172.8920 4.4328 19.1634 100.0000 stroke7
movl 0 -50.6847 419.1222 183.6770 173.1669 4.6433 19.1063 100.0000 stroke7
movl 0 -49.6697 418.5748 184.3254 173.4450 4.7961 18.9948 100.0000 stroke7
movl 0 -45.2773 416.9971 186.5809 174.4926 5.9154 19.2983 100.0000 stroke7
movl 0 -29.3540 411.9754 195.6338 179.1632 10.7119 22.1042 100.0000 stroke7
movl 0 -20.7808 396.5650 237.1079 -168.9862 13.4588 32.3523 100.0000 stroke7
movl 0 -27.0536 379.9676 226.5199 -149.6624 -11.1984 81.7550 100.0000 stroke8
movl 0 -32.0762 379.7610 188.3928 -153.4396 -9.4305 83.2923 100.0000 stroke8
movl 0 -31.6920 383.4805 178.3545 -156.7533 -8.0487 81.5975 100.0000 stroke8
movl 0 -37.0923 382.9480 178.5558 -159.2191 -7.8910 81.7438 100.0000 stroke8
movl 0 -37.8711 384.4760 178.7014 -160.2192 -7.3222 81.3137 100.0000 stroke8
movl 0 -39.8889 384.6062 178.0720 -160.8227 -7.6380 82.2779 100.0000 stroke8
movl 0 -41.3050 385.8731 176.8745 -161.4346 -7.8063 82.9203 100.0000 stroke8
movl 0 -44.7822 388.8758 175.6968 -163.0278 -6.7048 82.8742 100.0000 stroke8
movl 0 -45.0646 390.6595 175.3394 -163.8367 -5.8029 82.0924 100.0000 stroke8
movl 0 -44.6228 391.3722 175.2848 -163.8807 -5.3776 81.7337 100.0000 stroke8
movl 0 -45.3318 391.4820 175.3983 -163.8198 -4.7267 82.2566 100.0000 stroke8
movl 0 -45.9855 390.5673 175.7507 -163.7147 -4.5377 82.6288 100.0000 stroke8
movl 0 -45.9500 389.9409 176.2324 -163.5233 -4.1607 82.8702 100.0000 stroke8
movl 0 -46.0140 389.0300 176.7269 -163.2521 -4.0397 83.1909 100.0000 stroke8
movl 0 -46.1350 388.1276 177.1824 -163.0372 -3.9939 83.4652 100.0000 stroke8
movl 0 -45.5541 385.5025 178.6286 -162.4210 -4.5738 83.8859 100.0000 stroke8
movl 0 -39.9768 371.6198 191.8858 -158.1750 -9.5749 85.3432 100.0000 stroke8
movl 0 -43.9091 339.8955 236.9030 -155.7749 -28.9310 96.1086 100.0000 stroke8
movl 0 -25.1220 371.5024 211.3343 -158.4261 -24.0612 107.1013 100.0000 stroke9
movl 0 -28.5779 378.9445 186.3496 -158.8687 -15.4962 101.8023 100.0000 stroke9
movl 0 -38.5295 379.7602 182.8509 -161.6757 -11.6749 99.2978 100.0000 stroke9
movl 0 -46.4856 378.6531 180.9865 -163.9673 -11.5554 99.0990 100.0000 stroke9
movl 0 -48.4856 380.7692 179.8143 -164.4922 -10.8986 99.1566 100.0000 stroke9
movl 0 -50.3273 382.1928 179.1405 -164.9035 -10.0160 98.4461 100.0000 stroke9
movl 0 -54.0618 382.5904 179.1511 -166.4163 -9.3118 97.1917 100.0000 stroke9
movl 0 -54.7892 382.7926 179.0904 -166.9902 -9.1837 95.6819 100.0000 stroke9
movl 0 -53.2056 384.2371 178.9598 -167.3227 -8.6228 93.7569 100.0000 stroke9
movl 0 -49.8936 386.4763 178.3876 -167.6567 -7.9191 91.2474 100.0000 stroke9
movl 0 -47.8044 387.7782 178.2324 -167.5955 -7.3705 89.9776 100.0000 stroke9
movl 0 -44.3826 388.0851 178.3563 -166.5914 -7.3750 89.0402 100.0000 stroke9
movl 0 -43.9363 391.3909 177.5134 -166.8011 -5.4964 88.2338 100.0000 stroke9
movl 0 -39.3078 396.7277 176.0686 -165.7709 -2.9715 86.8024 100.0000 stroke9
movl 0 -36.2827 400.7991 175.0033 -164.4466 -0.5199 86.5882 100.0000 stroke9
movl 0 -37.0399 403.2853 175.0756 -164.2810 2.0944 86.1671 100.0000 stroke9
movl 0 -38.5725 405.3938 175.1019 -164.8453 4.6947 85.4980 100.0000 stroke9
movl 0 -39.8982 406.6080 175.0267 -165.0450 6.6723 85.0077 100.0000 stroke9
movl 0 -42.1110 406.7208 175.1315 -165.7386 8.1684 84.3809 100.0000 stroke9
movl 0 -39.6004 403.7733 176.5630 -165.0000 6.3205 83.5977 100.0000 stroke9
movl 0 -41.0214 404.7359 175.9486 -165.3486 7.5647 84.0268 100.0000 stroke9
movl 0 -39.6219 403.1537 176.6889 -164.9016 6.6947 83.6987 100.0000 stroke9
movl 0 -40.7202 401.1400 177.3662 -165.0582 5.7164 83.7111 100.0000 stroke9
movl 0 -36.6591 383.4219 185.9096 -161.8089 -4.4175 84.0991 100.0000 stroke9
movl 0 -34.5960 347.0838 232.0417 -154.7349 -25.2863 89.8153 100.0000 stroke9
movl 0 -24.5090 364.4217 210.3884 -155.7914 -18.6252 96.6731 100.0000 stroke10
movl 0 -31.2679 366.2331 181.9594 -158.4543 -13.2372 93.9620 100.0000 stroke10
movl 0 -40.0391 366.7924 180.8414 -161.1195 -11.4582 93.0820 100.0000 stroke10
movl 0 -44.2364 367.0153 180.2873 -162.1749 -10.8813 93.3292 100.0000 stroke10
movl 0 -46.2457 369.0602 179.1632 -162.7892 -10.3420 93.7211 100.0000 stroke10
movl 0 -47.4012 370.2719 178.4323 -163.0589 -10.0566 93.8764 100.0000 stroke10
movl 0 -47.7142 371.3818 177.9460 -163.0485 -9.6875 93.3365 100.0000 stroke10
movl 0 -50.6880 372.2198 177.5563 -164.2796 -9.2406 92.0728 100.0000 stroke10
movl 0 -52.2460 372.5011 177.8173 -164.9173 -8.9644 91.2401 100.0000 stroke10
movl 0 -52.2977 372.9316 177.5583 -165.3809 -8.8534 90.2178 100.0000 stroke10
movl 0 -51.7935 373.9770 177.4043 -165.8409 -8.5021 88.9479 100.0000 stroke10
movl 0 -51.0363 375.2820 177.2092 -166.2721 -8.0130 87.5125 100.0000 stroke10
movl 0 -49.9103 374.3312 177.6763 -165.7400 -8.3582 87.2637 100.0000 stroke10
movl 0 -50.0241 374.2274 177.7793 -165.8414 -8.2699 87.1408 100.0000 stroke10
movl 0 -50.1974 374.7183 177.8340 -166.1360 -7.7198 87.1479 100.0000 stroke10
movl 0 -50.1243 374.9149 177.8310 -165.9626 -7.5237 87.2979 100.0000 stroke10
movl 0 -50.7446 373.8818 178.1067 -165.8461 -7.7761 87.7707 100.0000 stroke10
movl 0 -47.5559 370.1063 181.0159 -164.3747 -9.0814 88.2697 100.0000 stroke10
movl 0 -43.3550 361.7924 209.0063 -160.9594 -11.9009 88.5001 100.0000 stroke10
movl 0 -21.7058 375.2572 241.1304 -153.6095 -11.4682 89.2537 100.0000 stroke11
movl 0 -23.4718 378.1952 201.5198 -155.4663 -5.1973 86.5108 100.0000 stroke11
movl 0 -31.0814 377.9827 181.0515 -158.0258 -2.5777 84.7072 100.0000 stroke11
movl 0 -39.1837 377.1953 180.9291 -159.8710 -2.6202 84.9766 100.0000 stroke11
movl 0 -43.9949 377.8261 180.0950 -161.0788 -2.1394 85.1478 100.0000 stroke11
movl 0 -45.5922 379.0794 179.2192 -161.4692 -1.7988 84.6866 100.0000 stroke11
movl 0 -46.9120 379.3631 178.5286 -161.6421 -1.8212 84.4397 100.0000 stroke11
movl 0 -51.5863 379.3860 178.3662 -163.8765 -1.6356 83.0994 100.0000 stroke11
movl 0 -53.5935 378.8158 178.6365 -164.8993 -1.7987 81.9139 100.0000 stroke11
movl 0 -51.8476 380.1036 178.8182 -165.6721 -1.1910 79.4894 100.0000 stroke11
movl 0 -49.6461 382.4061 178.7430 -166.8063 -0.4509 76.5638 100.0000 stroke11
movl 0 -49.2925 383.5526 178.8303 -167.9077 -0.2055 74.8956 100.0000 stroke11
movl 0 -49.3361 381.0040 179.6598 -167.5440 -1.2417 75.3792 100.0000 stroke11
movl 0 -51.3588 381.0802 179.4483 -168.2194 -0.9130 76.0731 100.0000 stroke11
movl 0 -52.2731 379.0104 180.0985 -167.7741 -1.5385 77.2286 100.0000 stroke11
movl 0 -52.3218 368.6359 192.6797 -164.2951 -6.1170 81.7433 100.0000 stroke11
movl 0 -32.7635 362.8312 197.6544 -160.3445 -26.5768 107.1935 100.0000 stroke12
movl 0 -38.6206 362.9440 174.9136 -162.8925 -23.1274 108.0520 100.0000 stroke12
movl 0 -42.7880 364.4767 174.2974 -165.1468 -20.8681 107.1607 100.0000 stroke12
movl 0 -42.8866 367.1733 173.8845 -164.5966 -19.5405 106.3152 100.0000 stroke12
movl 0 -45.4487 369.2878 172.7510 -165.4031 -18.5048 107.0578 100.0000 stroke12
movl 0 -48.2340 373.5947 171.3857 -165.5924 -16.1882 105.7851 100.0000 stroke12
movl 0 -47.2735 376.6110 171.5770 -164.6858 -13.1572 102.1969 100.0000 stroke12
movl 0 -47.4110 378.2500 171.8438 -163.8012 -10.9278 100.0284 100.0000 stroke12
movl 0 -47.5474 379.7013 172.3158 -163.1713 -8.6450 97.7296 100.0000 stroke12
movl 0 -47.9100 380.6128 172.9793 -162.8223 -6.4744 95.5692 100.0000 stroke12
movl 0 -48.3740 381.3086 173.8128 -162.6121 -4.1466 93.2887 100.0000 stroke12
movl 0 -48.8588 382.3858 174.2795 -162.5023 -1.7111 91.1716 100.0000 stroke12
movl 0 -49.8097 383.4566 174.4200 -162.7239 0.4149 89.7544 100.0000 stroke12
movl 0 -50.8037 384.3162 174.7295 -163.1835 2.6472 87.9942 100.0000 stroke12
movl 0 -52.0841 385.3179 174.8060 -163.7545 4.7810 86.5166 100.0000 stroke12
movl 0 -53.5016 385.9927 174.7057 -164.3277 6.3411 85.7162 100.0000 stroke12
movl 0 -54.9737 386.5749 174.5559 -164.8746 7.7873 85.1361 100.0000 stroke12
movl 0 -56.2350 386.7421 174.4373 -165.3611 9.0661 84.4880 100.0000 stroke12
movl 0 -56.7212 386.4674 174.5611 -165.4592 9.2827 84.3602 100.0000 stroke12
movl 0 -56.2227 386.0074 175.0352 -165.3301 9.1563 84.0543 100.0000 stroke12
movl 0 -52.7419 385.1391 175.9232 -164.5420 8.2599 82.4741 100.0000 stroke12
movl 0 -53.4912 384.8013 175.9232 -164.8015 8.5640 81.8664 100.0000 stroke12
movl 0 -51.6566 385.5686 176.1385 -164.4898 8.4923 80.8556 100.0000 stroke12
movl 0 -53.3144 385.5117 175.7628 -165.0547 9.3496 80.8907 100.0000 stroke12
movl 0 -53.6998 385.3298 175.8595 -165.2697 9.2962 80.3261 100.0000 stroke12
movl 0 -47.8406 376.2394 181.2590 -162.9538 6.0339 74.1128 100.0000 stroke12
movl 0 -35.1273 348.0520 225.9078 -150.6249 -5.6715 69.6582 100.0000 stroke12
movl 0 -31.7900 353.6074 209.1133 -149.4325 -4.6003 77.0259 100.0000 stroke13
movl 0 -33.8985 353.9837 180.2039 -151.9668 -1.1757 74.4529 100.0000 stroke13
movl 0 -36.5311 351.9878 178.8430 -153.7059 -0.7526 72.7671 100.0000 stroke13
movl 0 -39.3776 354.6581 180.6683 -157.4571 1.5275 71.2455 100.0000 stroke13
movl 0 -42.3528 354.3761 181.3635 -159.0698 2.6047 71.3452 100.0000 stroke13
movl 0 -46.2081 353.6137 180.9737 -159.5235 2.8285 72.8587 100.0000 stroke13
movl 0 -48.2764 354.2785 180.0810 -159.9924 2.7679 73.2196 100.0000 stroke13
movl 0 -50.8014 354.2103 179.4049 -160.5450 2.2569 73.2993 100.0000 stroke13
movl 0 -53.5543 354.8294 178.7752 -161.5335 2.2748 72.8552 100.0000 stroke13
movl 0 -58.3581 355.6053 178.2622 -163.8940 2.4111 71.3005 100.0000 stroke13
movl 0 -60.6989 356.4879 178.0377 -165.4420 3.1029 69.9478 100.0000 stroke13
movl 0 -62.6342 355.9148 178.3767 -166.0065 2.8888 68.7482 100.0000 stroke13
movl 0 -64.3074 355.4868 178.4180 -166.5994 2.3382 65.7585 100.0000 stroke13
movl 0 -64.0480 355.9865 178.3152 -166.8891 2.2570 63.3248 100.0000 stroke13
movl 0 -63.1305 356.8584 178.3195 -167.1681 2.3503 61.3784 100.0000 stroke13
movl 0 -61.5206 357.6626 178.4873 -167.1949 2.6187 59.9729 100.0000 stroke13
movl 0 -63.3398 354.8219 179.1071 -166.7922 2.3246 61.5537 100.0000 stroke13
movl 0 -62.0774 356.6900 178.6985 -167.0973 2.5296 59.6865 100.0000 stroke13
movl 0 -60.9374 357.4772 178.7536 -167.2309 2.5219 58.4294 100.0000 stroke13
movl 0 -59.4057 358.1937 178.8827 -167.2311 2.5912 57.5063 100.0000 stroke13
movl 0 -57.5037 359.3089 178.9930 -167.2431 2.7843 56.4884 100.0000 stroke13
movl 0 -57.5874 357.7799 179.4746 -166.8808 2.7661 57.2052 100.0000 stroke13
movl 0 -55.9572 359.4847 179.2793 -166.9848 3.1004 56.1621 100.0000 stroke13
movl 0 -54.0881 360.5783 179.3801 -166.9901 3.2525 55.1448 100.0000 stroke13
movl 0 -52.5530 360.8876 179.6523 -166.7673 3.3636 54.7121 100.0000 stroke13
movl 0 -51.2371 361.0514 179.9298 -166.5671 3.4729 54.4086 100.0000 stroke13
movl 0 -48.7217 360.8528 180.7882 -166.0365 3.5727 54.2694 100.0000 stroke13
movl 0 -30.3654 356.3851 193.0316 -160.7222 4.0925 53.4329 100.0000 stroke13
movl 0 -1.3606 380.7579 220.3920 -150.0154 6.3984 63.1535 100.0000 stroke14
movl 0 -7.1824 378.3969 183.6861 -154.4015 8.2619 61.5875 100.0000 stroke14
movl 0 -11.1475 376.0219 179.0118 -156.5592 8.1719 60.3002 100.0000 stroke14
movl 0 -15.2998 376.7532 177.8006 -158.0555 7.8140 58.9474 100.0000 stroke14
movl 0 -17.1021 378.5516 176.9815 -159.2374 8.0229 57.9124 100.0000 stroke14
movl 0 -17.3344 379.3642 176.6929 -159.6332 8.2231 57.2909 100.0000 stroke14
movl 0 -18.1262 381.1778 175.8934 -160.4083 8.5779 56.5170 100.0000 stroke14
movl 0 -19.5437 384.5801 174.5847 -162.2088 9.9087 55.5247 100.0000 stroke14
movl 0 -19.1342 387.9237 173.5829 -163.5331 11.1179 54.3587 100.0000 stroke14
movl 0 -18.3159 390.0163 172.7408 -163.7190 12.1379 54.3612 100.0000 stroke14
movl 0 -17.9294 390.9767 172.1748 -163.6376 12.9199 54.7938 100.0000 stroke14
movl 0 -18.1687 390.7008 172.0503 -163.4174 13.3208 55.4050 100.0000 stroke14
movl 0 -19.3814 389.9744 172.2516 -163.4234 13.4812 55.9772 100.0000 stroke14
movl 0 -20.5810 388.9462 172.6045 -163.2399 13.4755 56.8316 100.0000 stroke14
movl 0 -21.9409 387.7852 173.0178 -163.0349 13.3119 57.5685 100.0000 stroke14
movl 0 -23.0241 386.8680 173.3650 -162.9014 13.2498 58.0423 100.0000 stroke14
movl 0 -23.8584 385.9961 173.7295 -162.7171 13.1930 58.3674 100.0000 stroke14
movl 0 -24.2313 384.8494 174.1469 -162.4062 13.0318 58.5808 100.0000 stroke14
movl 0 -24.6945 383.8384 174.6536 -162.1086 12.9186 58.8810 100.0000 stroke14
movl 0 -24.9373 381.5035 176.1798 -161.1759 12.5725 59.6766 100.0000 stroke14
movl 0 -26.7322 372.4338 190.2621 -157.0126 11.4092 61.2727 100.0000 stroke14
movl 0 -9.4403 380.6430 197.4954 -155.4757 12.7410 62.7414 100.0000 stroke15
movl 0 -10.8916 382.0887 178.2706 -159.7562 15.2286 56.4657 100.0000 stroke15
movl 0 -20.2370 381.0830 179.1960 -161.6857 14.0101 55.2616 100.0000 stroke15
movl 0 -24.8789 381.6468 178.6163 -162.6902 14.0445 54.5083 100.0000 stroke15
movl 0 -26.4968 382.3673 177.8438 -163.3382 13.9189 53.9144 100.0000 stroke15
movl 0 -28.4959 382.5132 177.3861 -163.8451 13.6902 53.7438 100.0000 stroke15
movl 0 -30.1372 383.4381 177.0307 -165.2589 13.3716 51.8863 100.0000 stroke15
movl 0 -31.5380 384.8592 176.9442 -167.1638 13.4267 49.2195 100.0000 stroke15
movl 0 -32.6698 385.9926 177.0842 -169.0511 13.5608 46.0882 100.0000 stroke15
movl 0 -33.7895 387.2693 177.2921 -171.1186 13.6906 42.6378 100.0000 stroke15
movl 0 -35.5382 388.5422 177.4745 -173.3774 13.3683 38.7371 100.0000 stroke15
movl 0 -38.3276 389.8508 177.7675 -175.9004 12.4133 34.7582 100.0000 stroke15
movl 0 -42.1025 391.5017 177.7416 -178.5210 11.1385 30.9863 100.0000 stroke15
movl 0 -46.2497 392.5650 177.8002 179.3002 9.3777 27.3604 100.0000 stroke15
movl 0 -49.6359 393.7965 177.5541 177.4061 7.7563 23.2252 100.0000 stroke15
movl 0 -51.9374 394.7454 177.3527 176.0915 6.3275 19.8234 100.0000 stroke15
movl 0 -53.5482 395.3812 177.2442 175.1388 5.3408 16.8528 100.0000 stroke15
movl 0 -55.5881 395.1781 177.3950 174.6005 4.0389 13.1891 100.0000 stroke15
movl 0 -56.6429 395.1303 177.4314 174.4323 3.0541 9.5714 100.0000 stroke15
movl 0 -57.5191 395.1540 177.4586 173.9236 2.5044 6.9795 100.0000 stroke15
movl 0 -57.9193 395.0288 177.5756 173.6659 2.1309 5.8627 100.0000 stroke15
movl 0 -56.9437 395.1795 177.8810 173.7537 2.4358 5.8525 100.0000 stroke15
movl 0 -57.1488 394.0763 178.1627 173.3044 2.3645 6.0916 100.0000 stroke15
movl 0 -56.6466 392.8484 178.6117 173.5159 2.3336 6.2162 100.0000 stroke15
movl 0 -55.9122 391.9573 178.8801 173.6074 2.3807 6.2783 100.0000 stroke15
movl 0 -54.9030 390.5042 179.4494 173.8704 2.6056 6.6013 100.0000 stroke15
movl 0 -53.4544 389.2500 180.4012 174.6511 3.0948 7.0842 100.0000 stroke15
movl 0 -52.8949 388.7240 180.6719 174.8004 3.1920 7.2834 100.0000 stroke15
movl 0 -52.4342 388.3103 180.7518 174.6829 3.2469 7.2900 100.0000 stroke15
movl 0 -51.5447 387.5656 181.0375 174.7148 3.3287 7.2351 100.0000 stroke15
movl 0 -49.8948 386.6123 181.4841 174.8409 3.6215 7.2302 100.0000 stroke15
movl 0 -48.6049 385.2240 182.4386 175.3894 4.0599 7.4906 100.0000 stroke15
movl 0 -47.3127 384.3892 182.9761 175.6639 4.4244 7.7357 100.0000 stroke15
movl 0 -46.3015 383.5947 183.3193 175.7952 4.6682 7.8777 100.0000 stroke15
movl 0 -45.0962 382.1949 184.1074 176.2496 5.0290 8.1113 100.0000 stroke15
movl 0 -44.0983 381.0281 184.9210 176.6692 5.3004 8.1227 100.0000 stroke15
movl 0 -43.6172 380.4770 185.1603 176.8495 5.5016 8.2881 100.0000 stroke15
movl 0 -43.6869 380.0882 185.3836 177.1832 5.7732 8.4892 100.0000 stroke15
movl 0 -42.8321 379.4515 185.7683 177.6338 6.3200 8.8633 100.0000 stroke15
movl 0 -42.5957 378.1743 186.4953 178.3277 6.7179 9.3384 100.0000 stroke15
movl 0 -40.1739 373.0144 189.7693 -179.0176 8.0946 11.5603 100.0000 stroke15
movl 0 -41.5030 365.7427 209.2883 -174.7757 9.4595 14.9791 100.0000 stroke15
