movl 0 -31.4828 383.9753 166.6453 -148.9256 -2.6152 71.0823 100.0000 stroke1
movl 0 -32.7303 384.2813 166.1198 -149.5290 -2.9680 71.7445 100.0000 stroke1
movl 0 -34.3600 385.1812 165.9502 -150.1034 -2.1418 71.3878 100.0000 stroke1
movl 0 -36.3195 387.9121 166.4362 -151.7029 0.9656 68.9576 100.0000 stroke1
movl 0 -37.4076 390.0055 166.4597 -152.8640 3.7534 67.0409 100.0000 stroke1
movl 0 -38.4920 391.3926 166.4663 -153.8201 5.8034 65.6617 100.0000 stroke1
movl 0 -39.8189 393.0352 166.3913 -155.1011 8.0012 64.0554 100.0000 stroke1
movl 0 -41.3501 394.6757 166.1851 -156.3716 10.1515 62.9707 100.0000 stroke1
movl 0 -43.0616 395.3559 165.9501 -157.2177 11.7698 63.1836 100.0000 stroke1
movl 0 -41.1219 393.4341 166.8584 -156.2012 10.6292 63.0545 100.0000 stroke1
movl 0 -40.5241 392.9227 167.2183 -156.3272 10.4816 62.5390 100.0000 stroke1
movl 0 -41.6765 393.2575 167.3728 -157.3185 11.1457 62.1028 100.0000 stroke1
movl 0 -36.2606 387.2301 171.5246 -152.6547 7.0953 63.1450 100.0000 stroke1
movl 0 -35.9854 362.1087 227.0883 -143.9382 -16.3662 72.2516 100.0000 stroke1
movl 0 -26.6206 377.1784 230.1325 -152.1915 -30.0395 98.1814 100.0000 stroke2
movl 0 -20.8508 379.0153 182.4033 -151.0184 -16.5335 90.3446 100.0000 stroke2
movl 0 -29.6025 377.4242 172.9776 -154.9766 -13.4779 89.0701 100.0000 stroke2
movl 0 -33.8111 378.3946 172.2312 -155.7541 -12.8958 89.2860 100.0000 stroke2
movl 0 -34.5080 380.6327 171.0961 -155.3967 -12.0519 90.1934 100.0000 stroke2
movl 0 -36.0067 382.1616 170.6613 -156.1102 -10.8715 88.8645 100.0000 stroke2
movl 0 -38.8106 382.2207 170.9702 -157.7186 -10.0811 86.6428 100.0000 stroke2
movl 0 -40.4404 382.0619 171.1558 -158.7074 -9.9794 85.3507 100.0000 stroke2
movl 0 -40.3231 382.5209 171.2346 -159.3598 -9.8231 83.4663 100.0000 stroke2
movl 0 -38.7979 384.8521 171.1606 -160.2766 -9.4166 79.7685 100.0000 stroke2
movl 0 -37.1254 385.5448 171.1349 -159.7210 -9.0521 78.7797 100.0000 stroke2
movl 0 -33.8091 385.5921 171.2853 -158.3202 -8.8376 78.4200 100.0000 stroke2
movl 0 -34.6652 387.3939 171.1742 -159.0845 -7.1889 77.3839 100.0000 stroke2
movl 0 -33.2184 388.3431 170.7090 -157.3332 -6.0531 79.0456 100.0000 stroke2
movl 0 -16.8351 380.9767 175.2603 -147.2411 -9.9462 78.4361 100.0000 stroke2
movl 0 -9.3712 363.5862 207.2589 -135.0231 -21.7761 72.0881 100.0000 stroke2
movl 0 -9.3694 394.1822 231.1826 -140.3063 0.6917 68.0022 100.0000 stroke3
movl 0 -15.9384 390.7918 178.1793 -143.1702 -1.8418 64.9593 100.0000 stroke3
movl 0 -20.7882 393.4868 172.3880 -145.6005 0.5906 62.1349 100.0000 stroke3
movl 0 -22.1473 396.7165 167.0499 -147.3909 1.2206 61.5776 100.0000 stroke3
movl 0 -23.4454 397.6583 164.6224 -146.9301 0.0858 62.6518 100.0000 stroke3
movl 0 -27.1442 402.0260 163.0117 -149.2392 1.4425 62.5855 100.0000 stroke3
movl 0 -29.1852 406.5783 163.1499 -152.4936 5.1070 58.5082 100.0000 stroke3
movl 0 -28.1490 409.2222 163.0380 -153.7153 8.2798 54.8268 100.0000 stroke3
movl 0 -28.1772 409.7164 163.9691 -154.6874 10.7660 52.3654 100.0000 stroke3
movl 0 -28.2053 409.9595 164.8759 -156.0249 12.8022 49.9333 100.0000 stroke3
movl 0 -27.6318 410.1982 165.8628 -157.5315 15.0553 47.0477 100.0000 stroke3
movl 0 -28.0201 410.5807 166.6236 -159.3147 16.9310 44.5161 100.0000 stroke3
movl 0 -28.8223 410.8921 167.1457 -161.2202 18.5170 41.8910 100.0000 stroke3
movl 0 -29.6429 410.7931 167.7167 -163.3076 19.9349 38.8983 100.0000 stroke3
movl 0 -30.7110 410.8890 168.2596 -165.5363 21.0211 36.0835 100.0000 stroke3
movl 0 -32.3698 410.9374 168.6813 -167.8193 21.7886 33.5586 100.0000 stroke3
movl 0 -33.9162 410.4953 169.0718 -169.8472 22.3207 31.3001 100.0000 stroke3
movl 0 -35.1996 410.1105 169.3405 -171.9217 22.7781 28.7423 100.0000 stroke3
movl 0 -36.9295 409.1825 169.7165 -173.9010 22.9886 26.3673 100.0000 stroke3
movl 0 -38.7115 408.4839 169.9795 -175.7668 23.0588 24.4748 100.0000 stroke3
movl 0 -41.0451 407.8190 170.3131 -177.8506 22.8742 22.2357 100.0000 stroke3
movl 0 -43.9109 406.9668 170.5234 -179.4136 22.5107 21.2700 100.0000 stroke3
movl 0 -46.2930 405.8125 170.6917 179.3015 22.1545 20.3282 100.0000 stroke3
movl 0 -48.5694 404.3080 170.9883 178.4965 21.9293 20.3002 100.0000 stroke3
movl 0 -46.8834 402.7968 171.8913 179.4992 22.0445 20.3801 100.0000 stroke3
movl 0 -45.6880 401.3842 172.7724 -179.6550 21.6906 20.0844 100.0000 stroke3
movl 0 -45.6181 401.0301 172.9608 -179.6840 21.6756 19.9591 100.0000 stroke3
movl 0 -46.5276 401.0630 172.9853 179.5721 21.6246 19.7772 100.0000 stroke3
movl 0 -47.8600 401.1053 172.8846 178.9478 21.4015 19.9053 100.0000 stroke3
movl 0 -45.7642 398.2201 174.4143 -178.4908 21.1900 20.3073 100.0000 stroke3
movl 0 -34.3186 384.5641 195.2852 -162.5067 19.1493 29.2688 100.0000 stroke3
movl 0 6.0829 391.4194 184.9985 -145.0177 1.4341 62.2222 100.0000 stroke4
movl 0 -3.2270 387.0488 178.3060 -148.5731 0.9088 59.2183 100.0000 stroke4
movl 0 -12.4282 389.9045 172.9598 -151.4979 0.1000 58.0946 100.0000 stroke4
movl 0 -15.0010 392.7274 171.6733 -152.2135 0.7492 57.6634 100.0000 stroke4
movl 0 -16.0827 393.4186 170.4040 -152.1333 1.1244 56.5573 100.0000 stroke4
movl 0 -19.3305 395.5976 169.8922 -154.3461 1.7492 54.6323 100.0000 stroke4
movl 0 -21.9461 395.5581 170.2215 -155.5946 1.6511 52.8788 100.0000 stroke4
movl 0 -21.6742 396.0401 170.1421 -155.8283 1.6761 52.1009 100.0000 stroke4
movl 0 -19.1954 397.4699 170.2978 -156.0993 2.2796 50.3470 100.0000 stroke4
movl 0 -13.9529 400.4059 170.3917 -156.6892 3.2580 47.1721 100.0000 stroke4
movl 0 -8.0789 401.6190 170.4658 -155.9398 4.7279 45.7523 100.0000 stroke4
movl 0 -2.0430 407.2913 168.6820 -156.0175 8.2504 44.6281 100.0000 stroke4
movl 0 2.3151 414.3193 167.5533 -158.7661 12.9948 40.9114 100.0000 stroke4
movl 0 6.3827 419.6884 165.9069 -159.9001 16.3090 39.3739 100.0000 stroke4
movl 0 8.6946 422.7708 164.7449 -160.8136 18.8375 38.6432 100.0000 stroke4
movl 0 8.5474 425.3445 165.1399 -163.5698 21.3534 36.1588 100.0000 stroke4
movl 0 8.0055 427.7428 165.4881 -167.0679 23.8016 32.5686 100.0000 stroke4
movl 0 7.2363 429.6759 165.5593 -170.1416 25.4826 29.7140 100.0000 stroke4
movl 0 7.5385 427.5422 166.6586 -169.4044 25.0575 29.2666 100.0000 stroke4
movl 0 5.5048 428.1907 166.6799 -170.8639 25.1709 28.7940 100.0000 stroke4
movl 0 5.2623 428.2472 166.6025 -170.9543 25.2252 28.7754 100.0000 stroke4
movl 0 4.6278 427.6464 166.9231 -170.8215 25.0342 28.9280 100.0000 stroke4
movl 0 6.3968 413.9699 172.2340 -161.9366 20.3099 33.0688 100.0000 stroke4
movl 0 11.6692 388.1405 225.1661 -143.0810 9.5026 43.9338 100.0000 stroke4
movl 0 7.4724 394.2859 206.4465 -146.5947 8.4844 52.0085 100.0000 stroke5
movl 0 0.9698 397.5095 176.6257 -152.3803 11.9129 44.7822 100.0000 stroke5
movl 0 -5.1633 396.4459 176.5388 -154.5934 12.8392 42.8689 100.0000 stroke5
movl 0 -9.1139 396.1790 174.2830 -155.5355 12.2131 43.2530 100.0000 stroke5
movl 0 -8.4364 397.3920 172.4289 -154.6546 11.6652 46.2288 100.0000 stroke5
movl 0 -11.0674 397.6112 171.4712 -154.9329 10.6393 47.5421 100.0000 stroke5
movl 0 -15.0339 397.4030 171.4129 -156.5238 8.8014 47.0401 100.0000 stroke5
movl 0 -17.0791 396.8978 171.7410 -157.3028 7.9704 46.9091 100.0000 stroke5
movl 0 -17.3310 396.8401 171.7266 -157.7935 7.2697 46.0266 100.0000 stroke5
movl 0 -15.3236 398.4895 171.5233 -158.6252 7.2007 43.6367 100.0000 stroke5
movl 0 -13.8960 397.6203 171.7815 -157.8224 7.0607 43.8437 100.0000 stroke5
movl 0 -13.3630 397.3129 171.9767 -157.4486 7.1040 44.2290 100.0000 stroke5
movl 0 -13.9627 398.3653 171.9841 -158.4746 7.5360 43.8852 100.0000 stroke5
movl 0 -13.5961 398.6878 171.9134 -158.2174 7.9843 44.8005 100.0000 stroke5
movl 0 -0.6360 396.1716 176.9283 -150.2439 9.1373 52.1771 100.0000 stroke5
movl 0 4.4609 377.3187 229.9666 -138.1343 -1.9222 64.3064 100.0000 stroke5
movl 0 9.3415 392.8851 188.8234 -148.6272 9.7260 59.0676 100.0000 stroke6
movl 0 5.0050 390.9079 178.5021 -152.0285 10.5221 53.5309 100.0000 stroke6
movl 0 -2.3807 390.8202 175.5797 -155.3908 9.8745 50.0546 100.0000 stroke6
movl 0 -3.0659 391.2032 174.9085 -154.9493 10.1747 51.1111 100.0000 stroke6
movl 0 -6.7905 392.1215 172.8802 -154.8481 10.0563 52.8098 100.0000 stroke6
movl 0 -9.4985 392.0993 172.0620 -155.3360 9.4428 52.9391 100.0000 stroke6
movl 0 -16.4451 390.1369 172.6862 -157.7136 7.4593 50.6228 100.0000 stroke6
movl 0 -20.6911 388.4292 173.3568 -159.1039 6.4441 49.1515 100.0000 stroke6
movl 0 -23.8339 387.1295 173.4110 -159.6747 5.2968 48.1939 100.0000 stroke6
movl 0 -22.7545 388.1491 173.6193 -160.5736 5.2119 45.7419 100.0000 stroke6
movl 0 -21.4551 389.6701 173.5849 -161.7061 5.0658 42.6101 100.0000 stroke6
movl 0 -19.6060 391.0226 173.3408 -162.2652 5.1358 40.4874 100.0000 stroke6
movl 0 -17.2083 387.4606 174.6177 -160.0012 5.1546 41.6416 100.0000 stroke6
movl 0 -18.4584 388.9026 174.6202 -161.9173 5.4718 40.4453 100.0000 stroke6
movl 0 -17.5135 389.3237 174.1814 -161.2633 6.5289 42.0500 100.0000 stroke6
movl 0 -5.3723 378.7409 186.9134 -147.1078 3.3870 54.4710 100.0000 stroke6
movl 0 3.0535 378.2450 197.6006 -142.3886 -10.4308 72.1725 100.0000 stroke7
movl 0 -5.7085 377.8872 165.6077 -147.0602 -7.4432 68.1724 100.0000 stroke7
movl 0 -11.3637 378.7263 165.9646 -148.8714 -8.6665 66.7949 100.0000 stroke7
movl 0 -9.0997 384.2770 163.7188 -148.5475 -6.6356 66.6411 100.0000 stroke7
movl 0 -10.6884 386.5156 162.3574 -148.6082 -6.2434 67.5852 100.0000 stroke7
movl 0 -14.2510 390.3542 160.7963 -150.3282 -4.6541 66.9337 100.0000 stroke7
movl 0 -12.3329 395.5620 161.0139 -151.8635 0.9714 61.6298 100.0000 stroke7
movl 0 -12.3811 396.6510 161.6752 -152.6223 4.1640 58.8401 100.0000 stroke7
movl 0 -11.0395 398.1901 162.8427 -153.7683 8.0853 55.5214 100.0000 stroke7
movl 0 -10.2598 399.6616 164.3889 -155.6788 11.9811 51.9816 100.0000 stroke7
movl 0 -10.2492 401.7481 165.6563 -158.7477 15.9670 48.0105 100.0000 stroke7
movl 0 -10.1933 402.8732 166.3983 -161.2760 18.7435 44.9840 100.0000 stroke7
movl 0 -11.3848 403.8618 167.0723 -164.4033 21.0925 41.7893 100.0000 stroke7
movl 0 -12.9517 404.2523 167.2820 -167.1566 22.6229 39.2131 100.0000 stroke7
movl 0 -14.6070 404.1409 167.4527 -169.2410 23.3839 37.7447 100.0000 stroke7
movl 0 -16.1654 403.2248 167.7778 -170.2263 23.5350 37.7303 100.0000 stroke7
movl 0 -14.6707 402.0577 168.4266 -169.2830 23.3306 38.0093 100.0000 stroke7
movl 0 -14.5633 401.5381 168.4092 -169.4191 23.4203 38.4854 100.0000 stroke7
movl 0 -15.0359 401.2396 168.3460 -169.6312 23.3957 38.5928 100.0000 stroke7
movl 0 -16.1174 399.9960 168.6881 -169.3111 22.8069 39.2506 100.0000 stroke7
movl 0 -9.7929 386.6052 177.8117 -158.6307 16.8866 48.1442 100.0000 stroke7
movl 0 -19.6637 341.8251 245.9765 -146.8044 -14.8911 65.8940 100.0000 stroke7
movl 0 -24.0999 360.8010 204.0569 -156.6919 -5.5948 83.6776 100.0000 stroke8
movl 0 -32.6862 355.1701 185.0023 -159.8199 -6.4229 79.6737 100.0000 stroke8
movl 0 -40.0793 353.5908 182.0797 -162.3296 -6.7893 79.9789 100.0000 stroke8
movl 0 -42.6091 355.3323 180.6208 -162.4232 -6.0240 79.6623 100.0000 stroke8
movl 0 -46.7311 357.3278 178.9721 -164.0328 -5.4987 79.4452 100.0000 stroke8
movl 0 -52.2356 359.2567 178.4453 -166.8785 -4.0553 78.0894 100.0000 stroke8
movl 0 -55.4712 358.3874 178.6234 -167.7616 -4.3986 77.1635 100.0000 stroke8
movl 0 -56.2539 359.2608 178.3780 -168.3228 -4.7135 75.6410 100.0000 stroke8
movl 0 -54.8103 361.0744 178.5228 -168.8124 -4.8241 73.2798 100.0000 stroke8
movl 0 -52.6718 361.9676 179.1057 -168.6761 -4.6221 72.0350 100.0000 stroke8
movl 0 -53.5088 360.2740 179.2759 -168.4404 -4.8174 72.8505 100.0000 stroke8
movl 0 -51.0984 362.9020 179.2099 -168.6883 -4.5823 70.7716 100.0000 stroke8
movl 0 -47.9185 365.2438 179.4126 -168.5705 -4.4192 68.2874 100.0000 stroke8
movl 0 -45.5631 366.1580 179.7834 -168.2859 -4.1778 67.3924 100.0000 stroke8
movl 0 -42.9670 367.1925 180.1537 -167.9656 -4.0296 66.5795 100.0000 stroke8
movl 0 -37.5913 366.0637 182.7217 -166.7879 -4.3458 66.3893 100.0000 stroke8
movl 0 -18.9463 351.6269 228.5094 -158.0611 -11.0461 64.6812 100.0000 stroke8
movl 0 4.7820 390.6602 187.9314 -154.8874 8.3043 58.1275 100.0000 stroke9
movl 0 4.8209 388.5885 183.3453 -155.7700 8.2497 56.4346 100.0000 stroke9
movl 0 4.0557 392.6636 177.3939 -157.2838 9.3340 55.4468 100.0000 stroke9
movl 0 2.5430 394.1176 176.0668 -157.3399 8.6649 54.9023 100.0000 stroke9
movl 0 1.1162 394.6948 175.1784 -157.4534 8.1928 54.5834 100.0000 stroke9
movl 0 -2.5687 400.3295 173.0601 -160.5251 9.7053 53.5051 100.0000 stroke9
movl 0 -3.2609 404.5882 171.8834 -162.8131 11.6153 52.0474 100.0000 stroke9
movl 0 -1.9591 407.3832 170.8004 -163.2461 12.9164 51.8208 100.0000 stroke9
movl 0 -1.2162 408.0813 170.1606 -162.9015 13.9768 52.8775 100.0000 stroke9
movl 0 -3.0299 406.8100 170.3792 -162.9148 14.2714 54.1882 100.0000 stroke9
movl 0 -4.7388 404.9253 170.8117 -162.7438 14.3195 55.6730 100.0000 stroke9
movl 0 -6.0581 403.1018 171.3361 -162.3889 14.3421 56.8447 100.0000 stroke9
movl 0 -6.9469 402.0532 171.6869 -161.9954 14.3857 57.5757 100.0000 stroke9
movl 0 -7.5552 401.5932 171.9120 -161.6494 14.4840 58.1026 100.0000 stroke9
movl 0 -8.0241 400.9324 172.3086 -161.3710 14.3801 58.4545 100.0000 stroke9
movl 0 -8.7797 400.2296 172.6673 -161.2184 14.2490 58.6873 100.0000 stroke9
movl 0 -8.8526 399.7407 173.2006 -160.9301 14.2867 58.8451 100.0000 stroke9
movl 0 -14.5282 385.2873 192.6312 -155.5874 11.0733 62.4195 100.0000 stroke9
movl 0 -25.4823 375.1784 192.8014 -160.5488 -10.2082 93.7205 100.0000 stroke10
movl 0 -29.0010 365.4840 183.6437 -162.1140 -11.7636 89.7235 100.0000 stroke10
movl 0 -36.4509 365.2092 179.8364 -165.1098 -13.2356 89.4301 100.0000 stroke10
movl 0 -39.6719 363.0312 179.4982 -166.3743 -14.1669 88.7707 100.0000 stroke10
movl 0 -41.3941 365.1228 178.2821 -166.8931 -13.7152 88.5137 100.0000 stroke10
movl 0 -44.4909 367.4891 177.5540 -168.4017 -12.4469 87.6174 100.0000 stroke10
movl 0 -43.6694 370.4396 177.4888 -168.5880 -11.1910 86.3742 100.0000 stroke10
movl 0 -43.4704 372.1757 177.8919 -168.8858 -9.8127 85.7402 100.0000 stroke10
movl 0 -44.5348 374.3594 178.5236 -170.1128 -8.0313 84.2299 100.0000 stroke10
movl 0 -46.6963 376.8426 179.1040 -171.8450 -6.0885 82.0036 100.0000 stroke10
movl 0 -50.1626 379.1603 179.2156 -173.8893 -4.6852 78.3143 100.0000 stroke10
movl 0 -53.7768 381.6120 179.0341 -175.8560 -3.2903 74.3220 100.0000 stroke10
movl 0 -57.6720 383.8860 178.5321 -177.9986 -2.1440 69.7917 100.0000 stroke10
movl 0 -60.6747 385.4888 178.1816 -179.8494 -1.7753 66.2983 100.0000 stroke10
movl 0 -62.8164 387.2508 177.8129 178.5544 -1.4956 63.3973 100.0000 stroke10
movl 0 -64.5293 388.8750 177.3813 177.1070 -1.4463 60.1415 100.0000 stroke10
movl 0 -65.9113 389.2326 177.2457 176.4171 -1.6046 57.2779 100.0000 stroke10
movl 0 -66.9319 389.7050 177.3655 175.9656 -1.7118 53.6327 100.0000 stroke10
movl 0 -67.0312 390.0718 177.6310 176.1345 -1.8904 50.1462 100.0000 stroke10
movl 0 -64.2263 392.7610 177.7285 176.3293 -0.9766 47.8600 100.0000 stroke10
movl 0 -61.2142 395.8044 177.6305 176.2384 -0.2205 45.0123 100.0000 stroke10
movl 0 -57.6759 398.9442 177.6837 176.0674 0.5693 42.1129 100.0000 stroke10
movl 0 -54.4973 400.9939 178.0862 176.2481 1.8224 40.2824 100.0000 stroke10
movl 0 -51.9601 402.8612 178.0856 176.0809 2.4648 39.1701 100.0000 stroke10
movl 0 -49.2658 404.3026 178.1607 175.9669 2.7707 37.9922 100.0000 stroke10
movl 0 -48.7135 403.4788 178.7926 176.3068 2.9349 38.0674 100.0000 stroke10
movl 0 -45.3573 404.6437 178.9615 176.4052 3.7386 37.8606 100.0000 stroke10
movl 0 -42.0970 404.9764 179.2515 176.4868 4.2364 37.3877 100.0000 stroke10
movl 0 -40.7421 405.3653 179.5222 176.6289 4.5001 37.1770 100.0000 stroke10
movl 0 -38.2802 405.4634 179.8070 176.6837 4.6640 36.7076 100.0000 stroke10
movl 0 -36.8670 405.0252 180.2390 176.8463 4.8064 36.5235 100.0000 stroke10
movl 0 -34.9051 405.0616 180.7535 177.0608 5.0857 36.3200 100.0000 stroke10
movl 0 -33.8844 404.7253 181.1116 177.2117 5.1980 36.2731 100.0000 stroke10
movl 0 -32.7389 404.6463 181.5166 177.3813 5.3311 36.2231 100.0000 stroke10
movl 0 -31.2022 404.5958 182.0790 177.6114 5.5739 36.2997 100.0000 stroke10
movl 0 -30.0531 404.6022 182.4612 177.7378 5.7544 36.2850 100.0000 stroke10
movl 0 -29.1239 404.3072 182.9483 177.9437 5.8853 36.2323 100.0000 stroke10
movl 0 -28.1258 404.2517 183.2890 178.0735 5.9672 36.0938 100.0000 stroke10
movl 0 -27.2161 403.8702 183.8098 178.3763 6.0781 36.2273 100.0000 stroke10
movl 0 -26.0815 403.5810 184.3637 178.6528 6.1799 36.1595 100.0000 stroke10
movl 0 -24.1361 403.0010 185.4319 179.1702 6.4319 36.1389 100.0000 stroke10
movl 0 -21.8691 402.1456 186.6545 179.8513 6.7884 36.1586 100.0000 stroke10
movl 0 -21.5099 401.6009 187.1851 -179.7735 6.8651 36.2699 100.0000 stroke10
movl 0 -19.5991 399.6552 189.0176 -178.3320 7.1737 37.3112 100.0000 stroke10
movl 0 -2.1306 393.9433 205.9326 -171.1354 9.6460 40.8410 100.0000 stroke10
