movl 0 -65.4099 435.1457 248.5783 -167.3581 -36.9585 133.4174 100.0000 stroke1
movl 0 -53.1524 421.0989 181.9691 -159.3937 -32.3181 124.4326 100.0000 stroke1
movl 0 -42.8817 405.1345 167.3914 -160.0464 -33.2238 120.5335 100.0000 stroke1
movl 0 -33.9187 400.9165 167.5215 -161.2782 -33.6420 121.1805 100.0000 stroke1
movl 0 -27.7866 394.0829 166.3848 -164.5864 -35.1586 123.3760 100.0000 stroke1
movl 0 -23.7163 394.6297 159.8224 -162.8440 -34.1291 121.1358 100.0000 stroke1
movl 0 -30.9111 392.4171 163.4549 -165.9939 -31.8813 123.4133 100.0000 stroke1
movl 0 -36.6634 394.4672 164.1469 -169.1039 -30.8676 127.1882 100.0000 stroke1
movl 0 -36.8277 394.8109 163.1643 -171.5038 -31.4211 132.2036 100.0000 stroke1
movl 0 -38.7090 395.6297 163.0671 -170.6292 -29.6583 131.0081 100.0000 stroke1
movl 0 -39.5537 399.2623 162.8173 -168.2636 -27.0661 128.0799 100.0000 stroke1
movl 0 -38.7854 402.5144 162.4893 -165.7479 -24.9369 125.2180 100.0000 stroke1
movl 0 -36.1582 405.2028 162.1096 -163.6029 -23.0024 121.6760 100.0000 stroke1
movl 0 -37.5344 406.1760 162.2976 -162.1104 -21.5338 119.7884 100.0000 stroke1
movl 0 -35.5051 408.2083 161.7077 -159.8584 -19.6552 116.0153 100.0000 stroke1
movl 0 -36.2490 407.8018 161.9228 -158.7548 -17.5325 113.5059 100.0000 stroke1
movl 0 -36.5404 408.3242 162.2020 -157.1804 -15.7868 109.0971 100.0000 stroke1
movl 0 -36.1990 409.0102 162.4307 -155.8690 -13.6372 106.4237 100.0000 stroke1
movl 0 -35.5523 409.1292 162.8127 -154.4199 -10.9595 103.6336 100.0000 stroke1
movl 0 -35.6024 409.4525 162.8806 -153.6412 -8.3561 101.0656 100.0000 stroke1
movl 0 -36.1075 410.2527 163.0981 -153.1980 -5.2898 98.2747 100.0000 stroke1
movl 0 -36.6571 411.2060 163.2239 -152.9151 -2.1518 95.7391 100.0000 stroke1
movl 0 -37.6386 412.0498 163.4424 -153.1354 0.9013 93.3338 100.0000 stroke1
movl 0 -38.8811 412.9400 163.4145 -153.5464 3.8774 90.7899 100.0000 stroke1
movl 0 -40.1647 413.9285 163.4215 -154.2043 6.6546 88.4554 100.0000 stroke1
movl 0 -41.5405 414.5641 163.2715 -155.0159 9.2806 86.4655 100.0000 stroke1
movl 0 -43.0826 414.8786 163.1624 -156.0568 11.5944 84.6965 100.0000 stroke1
movl 0 -44.2948 415.3996 162.8943 -157.1042 13.7754 82.6193 100.0000 stroke1
movl 0 -45.7704 415.7099 162.6319 -157.9680 15.2643 81.5804 100.0000 stroke1
movl 0 -47.9924 415.6155 162.5541 -158.8347 16.4324 81.3456 100.0000 stroke1
movl 0 -49.6071 415.4050 162.4841 -159.4918 17.1513 80.9937 100.0000 stroke1
movl 0 -51.0532 415.1652 162.3976 -160.1224 18.0218 80.4517 100.0000 stroke1
movl 0 -52.1778 414.3457 162.2985 -160.6987 19.0188 79.0367 100.0000 stroke1
movl 0 -52.0271 413.1479 162.7591 -160.5381 18.8622 78.6052 100.0000 stroke1
movl 0 -48.5400 411.8456 164.2043 -159.8015 17.6167 77.9261 100.0000 stroke1
movl 0 -47.1246 410.8690 164.8601 -159.8292 17.2352 76.8970 100.0000 stroke1
movl 0 -47.9838 410.8000 164.7293 -160.4252 17.9832 76.5048 100.0000 stroke1
movl 0 -48.1699 409.5211 165.4184 -160.3251 17.7231 76.3155 100.0000 stroke1
movl 0 -44.3028 407.9314 166.8069 -159.0393 16.3726 75.4276 100.0000 stroke1
movl 0 -44.6154 407.8897 166.5939 -159.4618 16.8694 75.2331 100.0000 stroke1
movl 0 -45.5427 407.5881 166.4988 -159.6637 16.9483 75.3545 100.0000 stroke1
movl 0 -44.3912 406.8695 167.1467 -159.0684 15.6514 75.1013 100.0000 stroke1
movl 0 -40.4177 403.8457 170.5452 -156.1639 11.5764 75.9830 100.0000 stroke1
movl 0 -39.3773 397.5768 212.3329 -149.9997 -8.4221 81.2621 100.0000 stroke1
movl 0 -31.1804 396.0767 187.8319 -155.6788 -25.2149 106.1586 100.0000 stroke2
movl 0 -25.9541 388.9191 171.4034 -157.4406 -27.2556 107.1018 100.0000 stroke2
movl 0 -29.3619 389.8357 168.8162 -159.1256 -26.3232 107.1751 100.0000 stroke2
movl 0 -31.9593 389.3493 169.6504 -161.0519 -25.8482 108.5835 100.0000 stroke2
movl 0 -36.1156 391.1546 168.7968 -162.1451 -25.3066 109.9443 100.0000 stroke2
movl 0 -40.0456 391.3755 168.6135 -162.2783 -24.1899 107.8741 100.0000 stroke2
movl 0 -41.2144 391.8743 168.2312 -161.6911 -23.5232 107.2954 100.0000 stroke2
movl 0 -44.5482 392.8837 167.9470 -163.3866 -22.2883 106.8438 100.0000 stroke2
movl 0 -45.6052 393.2111 168.1932 -164.1433 -21.1029 106.1390 100.0000 stroke2
movl 0 -47.2669 392.9912 168.3304 -165.0147 -21.1434 106.1752 100.0000 stroke2
movl 0 -45.4887 393.5133 168.3956 -165.1832 -21.0349 105.4002 100.0000 stroke2
movl 0 -42.2223 394.4716 168.6454 -165.2463 -20.7552 104.2860 100.0000 stroke2
movl 0 -37.3189 395.7568 168.8970 -165.0394 -20.2437 102.6960 100.0000 stroke2
movl 0 -30.6246 397.4813 169.2268 -164.8277 -19.8992 100.3990 100.0000 stroke2
movl 0 -23.6706 399.3815 169.4361 -164.5825 -19.4478 97.9149 100.0000 stroke2
movl 0 -17.7063 400.6181 169.5041 -164.2881 -19.0802 95.6776 100.0000 stroke2
movl 0 -14.5818 401.0842 169.2437 -163.2570 -18.9281 94.7116 100.0000 stroke2
movl 0 -11.0731 402.7313 168.4911 -162.0483 -18.1775 93.6895 100.0000 stroke2
movl 0 -9.8936 403.6277 168.2558 -161.6628 -17.5506 92.7266 100.0000 stroke2
movl 0 -9.7414 404.8084 167.7505 -161.5327 -16.5383 92.7422 100.0000 stroke2
movl 0 -8.7049 406.7241 167.1162 -160.9881 -14.9367 92.1167 100.0000 stroke2
movl 0 -3.0492 410.5435 165.7904 -159.4001 -12.5140 90.0826 100.0000 stroke2
movl 0 4.4512 414.5475 163.3614 -156.8909 -10.0507 88.0164 100.0000 stroke2
movl 0 5.1470 417.2122 162.2112 -155.5336 -7.7904 87.6850 100.0000 stroke2
movl 0 3.2046 417.8479 162.3582 -155.7070 -6.5359 86.7452 100.0000 stroke2
movl 0 3.3112 418.7385 162.3442 -155.3668 -4.9435 85.7489 100.0000 stroke2
movl 0 3.3937 419.2502 162.6200 -155.3578 -3.9202 85.0929 100.0000 stroke2
movl 0 3.2214 420.5969 163.0394 -155.5041 -2.0331 84.0489 100.0000 stroke2
movl 0 2.7243 421.4953 163.9005 -155.8593 0.3326 82.4874 100.0000 stroke2
movl 0 1.9727 422.9810 164.5630 -156.4402 3.3643 80.2517 100.0000 stroke2
movl 0 1.4173 424.8548 164.7951 -157.2791 6.8607 77.6534 100.0000 stroke2
movl 0 0.4739 427.4233 164.9432 -158.7182 10.8975 74.3948 100.0000 stroke2
movl 0 -0.6435 429.4459 164.7582 -160.4367 14.1178 71.3962 100.0000 stroke2
movl 0 -2.2950 431.7215 164.4432 -162.7698 17.3281 68.1685 100.0000 stroke2
movl 0 -4.0007 433.7466 163.8844 -165.3622 20.4321 65.0862 100.0000 stroke2
movl 0 -5.7964 435.6826 162.9628 -168.0062 22.7924 62.2468 100.0000 stroke2
movl 0 -7.7882 437.5759 161.8252 -170.6218 24.7444 59.9716 100.0000 stroke2
movl 0 -9.5747 439.1374 160.6557 -173.1129 26.4168 57.5273 100.0000 stroke2
movl 0 -11.4546 440.4812 159.6127 -174.9408 27.4130 56.6346 100.0000 stroke2
movl 0 -13.4040 441.7373 158.4919 -176.6669 28.2937 56.3533 100.0000 stroke2
movl 0 -15.3049 443.0245 157.5627 -177.8082 29.2252 56.6800 100.0000 stroke2
movl 0 -16.2956 443.8174 157.1462 -178.4005 29.9502 56.9905 100.0000 stroke2
movl 0 -17.8898 444.3490 156.4818 -179.1946 30.6649 57.3836 100.0000 stroke2
movl 0 -19.5357 444.5667 156.0113 -179.7796 31.2982 58.1698 100.0000 stroke2
movl 0 -20.3127 443.7343 156.1390 -179.3770 31.3424 59.0342 100.0000 stroke2
movl 0 -21.1324 442.6233 156.4369 -178.6605 31.5211 60.2787 100.0000 stroke2
movl 0 -15.3608 439.3165 160.1174 -175.5864 29.5232 61.1892 100.0000 stroke2
movl 0 -9.2723 437.4034 162.4847 -174.0655 28.3899 60.8741 100.0000 stroke2
movl 0 -10.3853 438.4802 161.5818 -174.8858 29.5353 60.9552 100.0000 stroke2
movl 0 -11.3486 437.2104 162.4789 -174.5986 29.3427 61.3209 100.0000 stroke2
movl 0 -5.1669 435.6361 163.9164 -173.1334 28.3119 60.4639 100.0000 stroke2
movl 0 -8.7965 436.6300 162.9530 -174.2067 29.2798 61.0090 100.0000 stroke2
movl 0 -9.3526 436.3353 162.8710 -174.0561 29.2094 61.2766 100.0000 stroke2
movl 0 -8.9826 433.0127 164.8202 -172.6028 27.2866 61.7628 100.0000 stroke2
movl 0 -6.5631 429.4233 167.3561 -170.0379 25.2132 63.0652 100.0000 stroke2
movl 0 -5.7117 427.6087 168.6719 -168.7879 23.9497 63.6558 100.0000 stroke2
movl 0 -5.4024 426.4036 169.3509 -167.9631 23.3732 64.0416 100.0000 stroke2
movl 0 -5.3634 425.0061 170.2302 -167.2799 22.6223 64.2433 100.0000 stroke2
movl 0 -1.9425 419.0198 178.2031 -164.3519 19.1145 64.9603 100.0000 stroke2
movl 0 2.8450 395.6265 205.9353 -153.0298 7.5472 64.6278 100.0000 stroke2
movl 0 -5.6492 356.3993 224.8468 -142.4224 -3.3530 52.1100 100.0000 stroke2
movl 0 -10.5780 324.9571 206.6709 -139.7115 -11.7035 51.5604 100.0000 stroke2
movl 0 -15.9649 308.3061 179.9266 -145.7953 -12.6522 51.4178 100.0000 stroke2
movl 0 -10.0637 308.4039 166.1782 -146.9197 -9.6090 50.8625 100.0000 stroke2
movl 0 -7.7246 311.4183 164.4025 -146.9993 -7.8038 51.0293 100.0000 stroke2
movl 0 -7.0871 312.9842 163.2646 -147.5321 -7.0179 51.1936 100.0000 stroke2
movl 0 -6.5533 316.2116 162.0986 -148.4069 -5.6680 51.2041 100.0000 stroke2
movl 0 -6.4380 319.4686 161.6487 -149.7490 -2.2675 50.3422 100.0000 stroke2
movl 0 -6.3536 321.2755 161.2071 -150.5275 -0.6268 50.2292 100.0000 stroke2
movl 0 -5.4004 322.6399 160.6952 -150.5714 0.7018 50.4309 100.0000 stroke2
movl 0 -5.8409 322.8524 160.6030 -150.7044 1.2576 50.6634 100.0000 stroke2
movl 0 -5.5875 322.7638 160.5360 -150.4968 1.5544 51.0318 100.0000 stroke2
movl 0 -5.4221 322.6306 160.6153 -150.2036 1.7319 51.3103 100.0000 stroke2
movl 0 -5.4458 322.4083 160.7203 -149.9138 1.8098 51.5797 100.0000 stroke2
movl 0 -5.1919 321.9777 160.8777 -149.5211 1.8522 51.6681 100.0000 stroke2
movl 0 -2.1391 318.3074 162.2536 -146.8800 0.2895 52.3086 100.0000 stroke2
movl 0 2.8498 304.6279 182.0442 -136.5478 -17.6421 60.2214 100.0000 stroke2
movl 0 -15.2897 408.8162 223.0449 -135.8246 -2.9525 71.9926 100.0000 stroke3
movl 0 -8.0561 403.5826 168.9575 -140.0593 3.6479 70.3071 100.0000 stroke3
movl 0 -6.1386 393.8437 163.4782 -140.3928 -0.5895 70.0006 100.0000 stroke3
movl 0 -8.1383 392.0608 167.0786 -144.7599 4.1259 64.6133 100.0000 stroke3
movl 0 -15.5551 388.7230 168.8295 -147.3602 3.2488 62.9958 100.0000 stroke3
movl 0 -21.4978 392.7847 167.9430 -148.7108 4.2636 63.7159 100.0000 stroke3
movl 0 -23.7427 394.7157 167.3532 -149.6418 4.9921 62.6586 100.0000 stroke3
movl 0 -26.2923 395.2902 166.8770 -151.3032 4.5920 61.5057 100.0000 stroke3
movl 0 -28.1795 395.4239 167.0417 -152.7368 4.3589 60.5741 100.0000 stroke3
movl 0 -30.3261 394.5599 167.3662 -153.7337 3.5285 60.0004 100.0000 stroke3
movl 0 -30.4324 394.5343 167.5907 -154.3132 3.0064 58.7946 100.0000 stroke3
movl 0 -27.6101 395.1751 167.6605 -154.6690 3.0943 56.6432 100.0000 stroke3
movl 0 -22.6276 395.9781 167.5563 -154.8021 3.2047 53.6709 100.0000 stroke3
movl 0 -21.5425 395.6847 167.6226 -154.5352 3.1903 53.2488 100.0000 stroke3
movl 0 -19.6553 394.4700 168.0544 -153.2849 3.1103 53.5337 100.0000 stroke3
movl 0 -19.9143 395.4341 167.7099 -154.0770 3.6978 53.4401 100.0000 stroke3
movl 0 -18.9779 396.5498 167.0949 -154.4183 4.7247 53.6992 100.0000 stroke3
movl 0 -19.9418 396.6206 166.5497 -153.5166 5.7962 55.8707 100.0000 stroke3
movl 0 -18.3042 392.8889 169.4614 -149.7078 4.7427 59.4049 100.0000 stroke3
movl 0 -19.0198 389.4326 200.9771 -142.8062 -2.3733 66.0282 100.0000 stroke3
movl 0 -9.5795 414.1774 188.4372 -139.7890 1.1967 80.7757 100.0000 stroke4
movl 0 -3.5818 406.3074 165.8019 -141.8916 2.2302 78.8787 100.0000 stroke4
movl 0 -3.7910 403.4984 165.1630 -143.3409 2.1709 77.5656 100.0000 stroke4
movl 0 -5.6881 403.4089 166.6276 -145.4777 5.1326 73.9822 100.0000 stroke4
movl 0 -9.4938 400.2546 167.6502 -146.7017 4.7451 73.2003 100.0000 stroke4
movl 0 -12.0290 398.9763 167.5536 -147.3925 4.5510 72.9096 100.0000 stroke4
movl 0 -14.0683 399.3634 166.7555 -148.3037 3.9349 72.3789 100.0000 stroke4
movl 0 -14.7994 398.8198 165.3316 -148.1301 3.7199 72.6016 100.0000 stroke4
movl 0 -20.4028 403.9648 165.4446 -151.5200 5.7426 70.9593 100.0000 stroke4
movl 0 -22.2309 407.0539 165.6472 -153.8478 8.5310 68.3482 100.0000 stroke4
movl 0 -22.1369 409.3209 165.6200 -155.6004 11.5348 65.4022 100.0000 stroke4
movl 0 -22.4619 412.6960 165.6540 -158.4481 15.5939 61.8306 100.0000 stroke4
movl 0 -22.3199 410.7865 166.6136 -158.6466 15.9106 60.5158 100.0000 stroke4
movl 0 -20.4441 409.3290 166.9100 -158.0327 15.8093 60.3508 100.0000 stroke4
movl 0 -21.7696 409.2764 167.0534 -158.2540 15.4162 60.7348 100.0000 stroke4
movl 0 -20.4593 403.8495 168.7336 -155.2811 11.2817 61.6875 100.0000 stroke4
movl 0 -21.6069 393.1013 189.8152 -148.1339 0.6321 67.1866 100.0000 stroke4
movl 0 -22.9574 387.4588 190.7294 -149.1816 -11.2478 85.1943 100.0000 stroke5
movl 0 -19.7093 387.9370 178.1455 -151.4026 -7.5230 82.9091 100.0000 stroke5
movl 0 -23.2254 390.2028 173.8206 -153.0780 -7.4227 83.9326 100.0000 stroke5
movl 0 -25.0094 391.0064 172.8325 -153.6227 -7.5756 85.4625 100.0000 stroke5
movl 0 -26.4726 392.9275 171.8637 -154.3241 -6.8981 86.1283 100.0000 stroke5
movl 0 -29.2602 393.7023 171.6395 -156.1738 -6.6684 85.4216 100.0000 stroke5
movl 0 -29.0764 394.9236 171.4481 -156.9381 -6.2246 84.3324 100.0000 stroke5
movl 0 -22.3832 397.9078 170.9712 -157.2289 -5.0559 80.2914 100.0000 stroke5
movl 0 -18.4701 398.8948 170.6686 -156.6468 -4.3766 78.5776 100.0000 stroke5
movl 0 -12.8938 401.6466 169.6524 -154.8583 -2.8098 77.9407 100.0000 stroke5
movl 0 -8.4464 407.4829 167.8332 -154.6953 1.1723 76.3167 100.0000 stroke5
movl 0 -4.1764 413.0522 165.6026 -153.8219 4.4114 75.5107 100.0000 stroke5
movl 0 -4.1532 416.2444 164.3423 -153.5786 7.4240 75.5816 100.0000 stroke5
movl 0 -5.3520 419.3901 163.9957 -154.4510 10.7533 74.8022 100.0000 stroke5
movl 0 -6.3354 420.8982 163.7084 -155.1602 13.3023 74.1238 100.0000 stroke5
movl 0 -6.3715 419.0249 164.8524 -155.1294 12.8801 73.6392 100.0000 stroke5
movl 0 -6.7554 417.4344 165.5953 -155.1839 12.0420 73.1717 100.0000 stroke5
movl 0 -5.2850 410.4399 168.9846 -153.4708 8.8573 71.9783 100.0000 stroke5
movl 0 -6.5473 397.0387 196.9587 -148.4189 0.4511 71.0800 100.0000 stroke5
movl 0 -16.0392 387.9517 184.5519 -148.1116 0.0127 75.4702 100.0000 stroke6
movl 0 -19.5562 379.7310 173.8744 -150.9043 0.6461 72.4395 100.0000 stroke6
movl 0 -25.3434 379.0553 172.8751 -152.8179 -0.8352 72.0779 100.0000 stroke6
movl 0 -26.7901 378.2243 172.7083 -153.4047 -1.2446 71.6725 100.0000 stroke6
movl 0 -30.4252 379.1642 172.5835 -155.2871 -1.1567 70.9929 100.0000 stroke6
movl 0 -33.1389 379.4033 172.8777 -156.7802 -1.3950 70.1527 100.0000 stroke6
movl 0 -34.3929 378.9944 173.1913 -157.6306 -1.7251 69.5593 100.0000 stroke6
movl 0 -33.2352 379.1139 173.3526 -158.0375 -1.7084 68.4072 100.0000 stroke6
movl 0 -32.1187 379.1445 173.6085 -158.6938 -1.7727 66.8782 100.0000 stroke6
movl 0 -30.6718 379.6700 173.5416 -159.2544 -1.4609 65.2431 100.0000 stroke6
movl 0 -30.4393 380.6983 173.3452 -160.1458 -1.1699 63.4905 100.0000 stroke6
movl 0 -28.7929 378.7494 173.9745 -159.0134 -1.5835 63.7218 100.0000 stroke6
movl 0 -27.9570 378.3538 174.2106 -158.8930 -1.8815 63.5996 100.0000 stroke6
movl 0 -28.4428 379.1690 174.0333 -159.6034 -1.3192 63.6123 100.0000 stroke6
movl 0 -27.4739 379.6819 173.6979 -159.7751 -0.5632 63.5307 100.0000 stroke6
movl 0 -27.1849 378.8396 173.5288 -158.3733 -0.3223 65.0946 100.0000 stroke6
movl 0 -27.5199 378.6590 173.4268 -157.9420 -0.3060 65.6241 100.0000 stroke6
movl 0 -28.0665 378.5507 173.4513 -157.6057 -0.2282 66.0475 100.0000 stroke6
movl 0 -27.7598 376.5584 175.1613 -156.4232 -0.8757 66.5890 100.0000 stroke6
movl 0 -26.8833 373.2829 201.1338 -152.4460 -3.4536 68.5948 100.0000 stroke6
