movl 0 -11.4037 384.7472 169.6397 -150.2243 -23.6291 96.5761 100.0000 stroke1
movl 0 -14.6059 377.0252 167.3532 -153.1488 -23.6314 95.7919 100.0000 stroke1
movl 0 -11.9574 381.2513 168.9649 -151.0902 -20.1850 91.8058 100.0000 stroke1
movl 0 -7.3704 387.6357 172.4058 -149.4924 -16.9458 87.7845 100.0000 stroke1
movl 0 4.2464 400.2242 178.5735 -145.6719 -14.1205 83.5043 100.0000 stroke1
movl 0 4.8272 404.7855 172.7889 -145.8421 -12.1900 82.0357 100.0000 stroke1
movl 0 -2.5488 404.9222 170.8834 -147.6007 -11.8595 83.0566 100.0000 stroke1
movl 0 -10.3039 402.2913 170.0291 -148.9302 -12.4660 83.8543 100.0000 stroke1
movl 0 -19.6360 400.8469 170.4499 -150.9135 -13.4414 85.5413 100.0000 stroke1
movl 0 -24.2171 398.9741 170.2142 -151.9333 -13.6237 86.5477 100.0000 stroke1
movl 0 -24.4970 399.6545 170.3246 -152.0574 -13.0690 86.6596 100.0000 stroke1
movl 0 -25.1468 397.6010 170.9834 -152.3270 -14.3697 88.4172 100.0000 stroke1
movl 0 -25.9699 397.9526 170.4034 -153.1507 -14.5267 89.7041 100.0000 stroke1
movl 0 -29.0768 395.4539 171.3076 -154.1824 -14.6329 90.3820 100.0000 stroke1
movl 0 -31.4807 393.7752 171.2564 -154.9973 -14.9969 90.5811 100.0000 stroke1
movl 0 -34.4402 392.5777 170.9219 -156.1164 -15.8449 91.2882 100.0000 stroke1
movl 0 -35.0634 392.4988 170.6958 -156.3403 -15.8993 91.5569 100.0000 stroke1
movl 0 -35.6950 392.4710 170.4307 -156.5533 -16.0165 91.3896 100.0000 stroke1
movl 0 -37.1221 392.2574 170.0351 -156.9631 -16.0699 91.8186 100.0000 stroke1
movl 0 -40.4810 393.9932 169.3804 -157.8484 -14.2309 91.7449 100.0000 stroke1
movl 0 -43.2222 394.3078 169.2649 -158.5605 -13.1484 91.4882 100.0000 stroke1
movl 0 -45.3078 394.9149 169.2697 -159.0422 -11.9078 91.1354 100.0000 stroke1
movl 0 -46.6586 396.1319 169.2449 -158.9195 -9.8884 90.8162 100.0000 stroke1
movl 0 -46.5059 394.7683 169.5712 -159.0756 -10.9644 90.3578 100.0000 stroke1
movl 0 -47.7360 393.9837 169.6659 -159.6896 -11.0415 89.9269 100.0000 stroke1
movl 0 -51.9867 392.5720 170.1590 -160.8111 -10.7142 89.6651 100.0000 stroke1
movl 0 -54.4935 390.9968 170.0469 -161.9218 -12.1062 89.4321 100.0000 stroke1
movl 0 -55.1912 390.2568 169.9442 -162.5965 -13.0094 88.7533 100.0000 stroke1
movl 0 -53.5697 390.6521 169.9705 -162.5995 -13.2313 87.8700 100.0000 stroke1
movl 0 -51.3363 391.3233 170.2109 -162.3527 -13.1387 86.8326 100.0000 stroke1
movl 0 -49.2275 392.0794 170.3233 -162.1003 -12.9403 85.9976 100.0000 stroke1
movl 0 -45.6371 393.2694 170.6270 -161.7478 -12.7501 85.0879 100.0000 stroke1
movl 0 -41.0330 394.5257 170.9910 -161.2369 -12.5588 84.0834 100.0000 stroke1
movl 0 -36.1536 395.7777 171.3828 -160.6770 -12.3827 83.1897 100.0000 stroke1
movl 0 -31.8455 396.8846 171.7461 -160.1590 -12.1113 82.4239 100.0000 stroke1
movl 0 -28.7506 397.0025 172.2415 -159.7224 -12.2064 81.9566 100.0000 stroke1
movl 0 -25.5386 396.3978 173.1999 -159.1983 -12.5409 81.6411 100.0000 stroke1
movl 0 -10.1021 387.1039 185.5063 -154.5951 -17.7006 82.4172 100.0000 stroke1
movl 0 10.2187 394.6090 214.4277 -157.8363 -32.4290 115.9868 100.0000 stroke2
movl 0 -0.5921 389.8190 169.4138 -162.0752 -31.2692 116.3382 100.0000 stroke2
movl 0 -9.2184 384.2410 170.1109 -168.2681 -30.7123 119.1154 100.0000 stroke2
movl 0 -8.5849 387.6025 168.0165 -168.1705 -28.7259 117.9847 100.0000 stroke2
movl 0 -10.5561 388.3494 167.7998 -168.6715 -28.2229 118.0029 100.0000 stroke2
movl 0 -12.7366 391.6788 166.8029 -169.0012 -26.7385 117.6972 100.0000 stroke2
movl 0 -13.3946 397.3113 166.1772 -167.4777 -22.8638 115.8596 100.0000 stroke2
movl 0 -10.6368 401.9422 165.6824 -165.4901 -20.1697 112.9556 100.0000 stroke2
movl 0 -8.5772 404.9827 164.8212 -163.4658 -18.6789 111.7143 100.0000 stroke2
movl 0 -7.5071 406.9476 164.4773 -161.6819 -17.1890 110.1936 100.0000 stroke2
movl 0 -8.0373 406.8848 164.9486 -160.4612 -15.8752 108.9259 100.0000 stroke2
movl 0 -8.7898 405.8334 165.5719 -159.6591 -15.1482 108.6451 100.0000 stroke2
movl 0 -9.7398 404.3461 166.1354 -159.1432 -14.8950 108.9304 100.0000 stroke2
movl 0 -10.8228 402.3061 166.5673 -158.7698 -15.0062 109.3669 100.0000 stroke2
movl 0 -12.0370 399.1350 167.5743 -157.5302 -15.6407 110.0971 100.0000 stroke2
movl 0 -18.0852 384.6349 187.9279 -155.5675 -22.4640 109.4904 100.0000 stroke2
movl 0 -5.7173 389.2892 193.2278 -146.4880 -7.3762 86.0528 100.0000 stroke3
movl 0 -2.6916 389.6665 172.0669 -148.2108 -5.7991 84.4214 100.0000 stroke3
movl 0 -8.3044 391.2824 170.2997 -150.8889 -7.1145 85.4114 100.0000 stroke3
movl 0 -10.5450 392.5285 169.4608 -151.8851 -7.4517 86.3022 100.0000 stroke3
movl 0 -12.2034 393.7247 168.5958 -152.4201 -7.5636 86.8873 100.0000 stroke3
movl 0 -16.0178 397.1624 168.1230 -154.4496 -5.0425 84.9495 100.0000 stroke3
movl 0 -15.4066 399.2517 167.9409 -154.9874 -2.9040 82.5002 100.0000 stroke3
movl 0 -15.7481 399.7267 168.1696 -155.1449 -1.1751 80.7054 100.0000 stroke3
movl 0 -15.7588 399.7233 168.5598 -155.4754 0.6908 78.7986 100.0000 stroke3
movl 0 -15.8635 400.2680 168.8313 -155.9501 3.0010 76.9290 100.0000 stroke3
movl 0 -16.3827 400.9836 169.0086 -156.7151 5.3735 75.1242 100.0000 stroke3
movl 0 -17.6046 401.0337 169.1753 -157.8601 7.8953 73.0332 100.0000 stroke3
movl 0 -18.7740 401.1090 169.1037 -159.3029 10.9398 69.5037 100.0000 stroke3
movl 0 -20.7853 400.8729 168.8518 -161.0669 13.5504 66.6446 100.0000 stroke3
movl 0 -23.3523 399.5622 168.7018 -162.3473 14.9293 65.3433 100.0000 stroke3
movl 0 -25.1593 398.7803 168.3851 -163.1451 15.9699 65.0179 100.0000 stroke3
movl 0 -27.9321 397.5382 168.2611 -163.6598 16.2954 65.9381 100.0000 stroke3
movl 0 -30.6671 395.6959 168.3379 -163.7357 16.2128 67.2772 100.0000 stroke3
movl 0 -31.6248 394.3298 168.4754 -163.1145 15.8660 68.4143 100.0000 stroke3
movl 0 -27.4082 393.7392 168.8028 -161.5795 15.1687 69.0125 100.0000 stroke3
movl 0 -25.2736 393.5240 169.0137 -161.0546 14.8044 69.0496 100.0000 stroke3
movl 0 -24.6393 393.3972 169.0414 -161.0022 14.8065 68.9217 100.0000 stroke3
movl 0 -24.9537 393.2869 169.0313 -161.1636 15.0360 68.8112 100.0000 stroke3
movl 0 -25.3503 392.9064 169.1334 -161.2568 15.1895 69.0756 100.0000 stroke3
movl 0 -26.0136 392.5350 169.1939 -161.3059 15.3755 69.4954 100.0000 stroke3
movl 0 -23.4879 391.8042 169.6624 -160.4940 14.8322 69.2101 100.0000 stroke3
movl 0 -24.7248 390.9081 169.7870 -160.5669 14.6664 70.0218 100.0000 stroke3
movl 0 -24.5161 389.5100 170.2433 -160.2863 13.7726 69.9734 100.0000 stroke3
movl 0 -26.2964 386.8452 171.0090 -160.4818 12.2443 69.8025 100.0000 stroke3
movl 0 -25.5466 386.1834 171.3271 -160.0849 11.6642 69.4591 100.0000 stroke3
movl 0 -25.3301 385.4900 171.6602 -159.8001 11.2722 69.2951 100.0000 stroke3
movl 0 -25.3320 385.0773 171.9435 -159.6631 11.0710 69.1563 100.0000 stroke3
movl 0 -25.4855 383.7739 172.5110 -159.4980 10.5034 68.9212 100.0000 stroke3
movl 0 -25.4597 382.9848 172.8974 -159.3072 10.0895 68.6422 100.0000 stroke3
movl 0 -25.2144 380.5905 173.7186 -158.8039 8.9597 68.3049 100.0000 stroke3
movl 0 -25.2396 371.8871 176.1300 -157.4001 4.9831 68.7676 100.0000 stroke3
movl 0 -30.6782 356.0949 177.3963 -157.3785 -1.2672 70.6020 100.0000 stroke3
movl 0 -32.5805 349.0175 177.5836 -157.4294 -3.6966 68.4369 100.0000 stroke3
movl 0 -30.6826 345.7091 183.2358 -156.3629 -6.0149 68.5863 100.0000 stroke3
movl 0 -22.7849 331.8354 233.2893 -151.4050 -11.6221 67.4046 100.0000 stroke3
movl 0 -29.2911 315.1355 228.9249 -145.7446 -18.5684 67.6000 100.0000 stroke4
movl 0 -44.6527 308.5096 178.3621 -155.4834 -20.6811 71.5385 100.0000 stroke4
movl 0 -48.3786 305.4655 171.2803 -158.5560 -21.4045 72.3086 100.0000 stroke4
movl 0 -50.3672 306.6204 169.1454 -159.4833 -21.5314 72.5048 100.0000 stroke4
movl 0 -51.5163 307.4163 168.2855 -159.6392 -21.4382 72.4980 100.0000 stroke4
movl 0 -52.5682 309.5280 167.4194 -160.1090 -20.3490 72.3235 100.0000 stroke4
movl 0 -53.8555 310.2885 166.7100 -160.3789 -19.5697 72.5687 100.0000 stroke4
movl 0 -55.2161 310.5784 166.2346 -160.4983 -18.4358 73.0717 100.0000 stroke4
movl 0 -56.0071 310.8349 165.9136 -160.5355 -17.3981 73.3656 100.0000 stroke4
movl 0 -56.2425 310.9086 165.8823 -160.3180 -16.6925 73.1085 100.0000 stroke4
movl 0 -56.2897 311.1248 165.5611 -160.0684 -16.6101 73.4850 100.0000 stroke4
movl 0 -56.2806 311.0578 165.2772 -159.7996 -16.7713 73.9647 100.0000 stroke4
movl 0 -56.4939 310.7337 165.1760 -159.5403 -16.9364 74.3672 100.0000 stroke4
movl 0 -56.3532 310.8564 165.2407 -159.1523 -16.9411 74.6930 100.0000 stroke4
movl 0 -56.4845 310.8659 165.2365 -158.9265 -17.1376 75.0825 100.0000 stroke4
movl 0 -56.2440 310.9937 165.1735 -158.6003 -17.2579 75.3035 100.0000 stroke4
movl 0 -55.7979 311.0346 165.0892 -158.2060 -17.3761 75.6173 100.0000 stroke4
movl 0 -55.5388 310.7790 164.9914 -157.9605 -17.6125 75.9485 100.0000 stroke4
movl 0 -55.2722 310.4509 164.9944 -157.7603 -17.9555 76.3717 100.0000 stroke4
movl 0 -55.5192 310.4951 164.9258 -157.5540 -18.2359 76.8219 100.0000 stroke4
movl 0 -55.9272 310.6574 164.9176 -157.4336 -18.5292 77.1889 100.0000 stroke4
movl 0 -55.7868 310.6572 164.9730 -157.2933 -18.6744 77.3073 100.0000 stroke4
movl 0 -54.3440 309.8659 166.7857 -155.5230 -19.6597 77.6398 100.0000 stroke4
movl 0 -57.5413 311.2959 200.9763 -151.1151 -24.9239 77.4320 100.0000 stroke4
movl 0 -1.8106 384.1125 220.3919 -143.4342 -9.9424 80.9145 100.0000 stroke5
movl 0 -3.9681 382.8734 178.4290 -144.9602 -5.6117 79.8453 100.0000 stroke5
movl 0 -14.5005 382.3584 174.8255 -146.9896 -4.9385 79.3456 100.0000 stroke5
movl 0 -26.0181 379.7658 173.5392 -149.1215 -4.7291 80.6898 100.0000 stroke5
movl 0 -34.9290 377.7464 172.6541 -151.0402 -5.8064 82.5734 100.0000 stroke5
movl 0 -39.3158 377.5131 171.8442 -152.3358 -6.6298 84.2476 100.0000 stroke5
movl 0 -41.2874 377.4901 171.3689 -153.0662 -7.4483 85.7625 100.0000 stroke5
movl 0 -42.9634 377.7059 171.1235 -153.6860 -7.7351 86.5570 100.0000 stroke5
movl 0 -43.4254 378.4591 170.8182 -153.8704 -7.4668 86.7175 100.0000 stroke5
movl 0 -46.0072 378.6494 170.6609 -154.8640 -7.4286 85.8827 100.0000 stroke5
movl 0 -50.2235 377.5193 170.8520 -157.0766 -7.7549 85.1763 100.0000 stroke5
movl 0 -53.6904 375.9825 171.3061 -158.7505 -8.2648 84.5774 100.0000 stroke5
movl 0 -55.4083 375.7676 172.1142 -159.7662 -7.8575 83.9676 100.0000 stroke5
movl 0 -57.8439 374.3203 172.3701 -160.7091 -8.7118 83.8911 100.0000 stroke5
movl 0 -57.4568 374.5057 172.4343 -161.1292 -9.0172 83.2676 100.0000 stroke5
movl 0 -56.0084 374.7310 172.6714 -161.3145 -9.1593 82.6891 100.0000 stroke5
movl 0 -54.1482 375.4379 172.9061 -161.7068 -9.1991 81.5907 100.0000 stroke5
movl 0 -53.4184 376.0485 173.1437 -162.4527 -9.1345 80.3200 100.0000 stroke5
movl 0 -52.4747 376.6231 173.5045 -163.3006 -9.1332 78.9723 100.0000 stroke5
movl 0 -51.6616 377.1688 173.7629 -164.1946 -9.1252 77.6048 100.0000 stroke5
movl 0 -50.8056 377.5844 173.9623 -164.9967 -9.2403 75.9895 100.0000 stroke5
movl 0 -50.7093 377.8892 173.9441 -166.1970 -9.4261 73.6230 100.0000 stroke5
movl 0 -51.1442 378.4463 173.9565 -167.2146 -9.1388 71.5999 100.0000 stroke5
movl 0 -52.8310 378.8774 174.0571 -168.4170 -9.0794 69.6258 100.0000 stroke5
movl 0 -53.3519 378.9401 174.1609 -169.1269 -9.3748 67.8098 100.0000 stroke5
movl 0 -53.0588 379.7356 174.0956 -169.9730 -9.5193 65.9769 100.0000 stroke5
movl 0 -54.3646 379.5730 174.0448 -170.9348 -10.2742 64.1438 100.0000 stroke5
movl 0 -55.9554 380.4837 173.6267 -172.0388 -10.5237 62.2870 100.0000 stroke5
movl 0 -55.8047 380.9671 173.5296 -172.3886 -10.4741 61.2236 100.0000 stroke5
movl 0 -55.0254 380.6123 173.7547 -172.1066 -10.3824 61.1213 100.0000 stroke5
movl 0 -53.2633 378.1518 174.8294 -170.6884 -10.7620 61.7459 100.0000 stroke5
movl 0 -50.0500 376.2010 175.7613 -169.0924 -11.0260 61.9497 100.0000 stroke5
movl 0 -49.0710 375.0554 176.2242 -168.3985 -11.4679 61.7859 100.0000 stroke5
movl 0 -48.4381 374.1423 176.6171 -167.8512 -11.8596 61.6311 100.0000 stroke5
movl 0 -47.8792 373.3646 176.8661 -167.4835 -12.1987 61.6220 100.0000 stroke5
movl 0 -47.2274 372.9828 177.1043 -167.2726 -12.2634 61.4551 100.0000 stroke5
movl 0 -46.9547 373.0775 177.1421 -167.4700 -11.8955 61.5190 100.0000 stroke5
movl 0 -47.0411 374.7022 177.1599 -168.2488 -10.3500 61.3789 100.0000 stroke5
movl 0 -46.7551 375.6821 177.4602 -168.9050 -9.0885 61.1614 100.0000 stroke5
movl 0 -45.9248 375.4673 177.6017 -169.0712 -8.5193 60.8169 100.0000 stroke5
movl 0 -44.4860 374.5148 177.8035 -168.1168 -8.2936 61.1490 100.0000 stroke5
movl 0 -42.4404 373.1645 178.1179 -166.1249 -8.4328 61.8319 100.0000 stroke5
movl 0 -41.6683 372.8873 178.2355 -165.4405 -8.3528 62.2475 100.0000 stroke5
movl 0 -35.3766 370.9212 183.2017 -161.9493 -8.3928 64.9060 100.0000 stroke5
