movl 0 -35.4840 401.9695 172.4420 -152.6227 -7.1763 80.6300 100.0000 stroke1
movl 0 -38.4074 403.1115 171.5308 -153.5169 -7.5378 81.6289 100.0000 stroke1
movl 0 -43.2635 404.1340 170.5502 -155.1315 -6.5826 81.3385 100.0000 stroke1
movl 0 -49.6807 408.4531 169.7435 -158.2290 -3.7377 79.7478 100.0000 stroke1
movl 0 -51.3252 410.2449 169.7431 -159.4711 -2.1389 77.4422 100.0000 stroke1
movl 0 -51.3456 410.7687 169.6664 -159.7031 -1.4569 76.5889 100.0000 stroke1
movl 0 -51.4335 410.2477 169.7746 -159.3879 -1.0763 76.9163 100.0000 stroke1
movl 0 -50.8619 409.5566 169.8702 -158.9997 -0.8914 77.2378 100.0000 stroke1
movl 0 -50.7417 408.5106 170.0874 -158.7055 -0.9308 77.6235 100.0000 stroke1
movl 0 -50.5812 407.8863 170.3370 -158.5566 -0.9174 77.7695 100.0000 stroke1
movl 0 -49.9878 406.9329 170.8426 -158.0320 -0.8914 78.2607 100.0000 stroke1
movl 0 -43.0667 397.0741 180.0712 -153.6986 -3.7455 79.5635 100.0000 stroke1
movl 0 -36.6067 371.5844 247.2233 -146.0591 -13.9169 82.2823 100.0000 stroke1
movl 0 -33.8387 394.2830 235.4115 -152.1205 -18.1639 101.4916 100.0000 stroke2
movl 0 -26.5351 396.7011 176.8512 -151.8360 -15.7400 103.6710 100.0000 stroke2
movl 0 -36.5572 392.4084 173.2279 -156.3241 -16.1707 105.7004 100.0000 stroke2
movl 0 -40.1648 392.2498 171.5833 -158.2951 -16.1789 107.6496 100.0000 stroke2
movl 0 -43.8099 393.3945 170.5704 -159.2810 -15.5571 108.6020 100.0000 stroke2
movl 0 -53.1143 395.6066 170.2440 -161.9365 -12.3806 107.9283 100.0000 stroke2
movl 0 -52.6768 398.5335 170.3407 -161.7855 -9.8222 104.5801 100.0000 stroke2
movl 0 -54.2716 399.0419 170.6831 -161.7064 -8.1543 102.6136 100.0000 stroke2
movl 0 -54.0793 399.1969 171.3895 -161.2019 -6.0643 99.7839 100.0000 stroke2
movl 0 -54.2136 399.5457 171.9933 -160.9935 -4.2218 97.9603 100.0000 stroke2
movl 0 -54.4963 399.9762 172.6121 -160.9441 -2.2362 96.1425 100.0000 stroke2
movl 0 -54.6484 400.1891 173.2437 -161.0931 -0.5190 94.6810 100.0000 stroke2
movl 0 -51.3784 397.4350 175.8626 -160.0722 0.5181 94.1067 100.0000 stroke2
movl 0 -41.6759 387.0998 182.9150 -157.2184 -2.7423 91.5889 100.0000 stroke2
movl 0 -38.7732 381.5148 181.1219 -155.3618 -7.1887 91.9412 100.0000 stroke2
movl 0 -37.9360 378.9145 178.0224 -154.6792 -9.9228 93.1598 100.0000 stroke2
movl 0 -38.0685 378.8983 177.3967 -154.9850 -10.3146 93.1605 100.0000 stroke2
movl 0 -38.5101 378.7723 177.0179 -154.7891 -10.0948 92.4522 100.0000 stroke2
movl 0 -39.2985 379.4075 177.6907 -154.8222 -9.1121 91.9076 100.0000 stroke2
movl 0 -39.7761 377.5589 182.3703 -154.5846 -9.3516 91.4273 100.0000 stroke2
movl 0 -41.8233 366.3468 229.6378 -153.7481 -12.5372 91.8218 100.0000 stroke2
movl 0 -29.0808 377.5006 193.8218 -150.8442 -6.5755 90.4146 100.0000 stroke3
movl 0 -38.7098 371.1357 177.6982 -153.8233 -5.5373 90.5886 100.0000 stroke3
movl 0 -46.6490 369.9733 175.4337 -157.1032 -5.5781 91.1553 100.0000 stroke3
movl 0 -48.8592 369.2718 174.8677 -157.4282 -5.1386 90.8558 100.0000 stroke3
movl 0 -55.0037 371.0714 173.3611 -159.7402 -3.7231 90.4665 100.0000 stroke3
movl 0 -60.8462 371.3536 173.4763 -162.6077 -2.3172 90.1430 100.0000 stroke3
movl 0 -61.2421 370.2151 173.8167 -162.7174 -3.2516 89.2896 100.0000 stroke3
movl 0 -60.7580 370.9103 173.6913 -162.7185 -3.7110 87.9736 100.0000 stroke3
movl 0 -59.9818 371.9714 173.7016 -162.6345 -3.7144 86.8562 100.0000 stroke3
movl 0 -58.0074 373.6986 173.7577 -162.3049 -3.5354 85.8901 100.0000 stroke3
movl 0 -55.9782 375.0380 173.9872 -161.9954 -3.3680 84.9872 100.0000 stroke3
movl 0 -54.0017 376.3992 174.2185 -161.7707 -3.2003 84.2324 100.0000 stroke3
movl 0 -51.9932 376.9430 174.7493 -161.4893 -3.4058 83.3661 100.0000 stroke3
movl 0 -42.9366 375.0043 178.6299 -159.1622 -5.6960 81.0747 100.0000 stroke3
movl 0 -35.1661 372.6433 214.1940 -154.7843 -11.5946 80.1712 100.0000 stroke3
movl 0 -2.1314 388.7974 187.3440 -147.9868 -13.8405 81.1471 100.0000 stroke4
movl 0 -16.8374 386.1303 172.7327 -152.8059 -11.9591 80.5825 100.0000 stroke4
movl 0 -30.8002 383.1955 172.2366 -157.0155 -14.4356 80.8858 100.0000 stroke4
movl 0 -35.2811 381.4232 171.6393 -157.0270 -14.8515 79.0729 100.0000 stroke4
movl 0 -37.0689 383.8176 171.1249 -157.2577 -13.8445 77.5616 100.0000 stroke4
movl 0 -42.2895 384.5427 170.4155 -159.7604 -13.9205 76.8490 100.0000 stroke4
movl 0 -48.3271 383.2952 170.2365 -162.0242 -14.4312 76.6388 100.0000 stroke4
movl 0 -48.9797 383.6416 169.9973 -162.4218 -14.4905 76.0261 100.0000 stroke4
movl 0 -47.8560 384.7797 170.0707 -162.7239 -14.2114 74.7242 100.0000 stroke4
movl 0 -44.9865 386.9952 170.2440 -162.9392 -13.5670 72.2404 100.0000 stroke4
movl 0 -40.4045 390.6861 170.1533 -163.2026 -12.5461 68.8019 100.0000 stroke4
movl 0 -35.7588 392.2567 170.5760 -161.9277 -11.4969 66.7481 100.0000 stroke4
movl 0 -27.1187 396.3484 170.5039 -159.9379 -8.2969 65.7713 100.0000 stroke4
movl 0 -23.0028 402.8795 169.4537 -159.8330 -4.5002 63.6541 100.0000 stroke4
movl 0 -21.1393 405.2440 169.1799 -159.4343 -1.9186 62.4187 100.0000 stroke4
movl 0 -21.1261 406.0556 169.5623 -159.5621 0.5655 61.5759 100.0000 stroke4
movl 0 -22.0979 405.6057 170.2962 -160.0978 2.2871 61.2929 100.0000 stroke4
movl 0 -22.9993 404.1974 170.7461 -160.0869 2.4572 61.5434 100.0000 stroke4
movl 0 -22.7365 404.1671 170.7605 -160.0240 2.4269 61.4645 100.0000 stroke4
movl 0 -22.2750 402.5819 171.5008 -159.4950 1.5545 61.2800 100.0000 stroke4
movl 0 -16.6831 389.0573 190.5272 -153.9643 -5.7435 63.3141 100.0000 stroke4
movl 0 -11.6663 384.6118 240.2780 149.4307 14.9847 -101.5056 100.0000 stroke5
movl 0 -10.2168 389.3556 183.9095 151.6361 9.1362 -104.0017 100.0000 stroke5
movl 0 -17.0320 390.3475 177.7471 154.4630 7.6357 -104.1996 100.0000 stroke5
movl 0 -22.3875 392.8137 174.8215 155.3308 6.2208 -103.4746 100.0000 stroke5
movl 0 -25.5454 394.4828 173.7795 156.2765 5.6774 -102.8894 100.0000 stroke5
movl 0 -28.7325 395.0651 173.0602 157.1085 5.6332 -102.9727 100.0000 stroke5
movl 0 -35.4144 394.2629 172.7822 159.9775 6.1324 -104.8231 100.0000 stroke5
movl 0 -40.6262 392.6112 172.8624 161.5930 6.8690 -105.8396 100.0000 stroke5
movl 0 -40.5993 393.5153 172.8406 162.3024 6.6844 -107.6150 100.0000 stroke5
movl 0 -39.0388 395.3683 172.9139 162.9998 6.1241 -109.6737 100.0000 stroke5
movl 0 -36.1147 397.3730 172.8220 163.5571 5.5990 -112.3262 100.0000 stroke5
movl 0 -33.6984 399.5832 172.5669 164.1377 5.0366 -114.3789 100.0000 stroke5
movl 0 -31.3116 397.1289 173.4928 162.7404 5.4319 -114.2479 100.0000 stroke5
movl 0 -32.2124 397.9431 173.1830 163.5169 5.0476 -113.9242 100.0000 stroke5
movl 0 -31.5327 395.2010 173.9211 161.7304 5.3685 -111.2237 100.0000 stroke5
movl 0 -31.2382 381.7302 186.1244 156.0929 12.5185 -106.3716 100.0000 stroke5
movl 0 -19.7980 401.0525 241.6116 148.8837 11.3861 -98.5827 100.0000 stroke6
movl 0 -18.4151 397.5925 187.4662 150.9255 10.4994 -98.2676 100.0000 stroke6
movl 0 -26.6503 397.9519 176.0494 154.3113 8.8249 -97.6562 100.0000 stroke6
movl 0 -28.7808 397.9384 175.4240 155.7141 8.2563 -99.4828 100.0000 stroke6
movl 0 -28.8173 399.7848 174.2118 156.5619 7.5785 -100.8711 100.0000 stroke6
movl 0 -31.6649 399.6590 173.5767 157.1029 7.8549 -101.3529 100.0000 stroke6
movl 0 -36.8322 403.7768 172.0973 159.3050 6.0013 -102.4708 100.0000 stroke6
movl 0 -37.5118 406.2898 171.8147 160.0792 3.7880 -103.5620 100.0000 stroke6
movl 0 -36.9739 407.4435 172.1098 160.1131 2.2481 -103.9533 100.0000 stroke6
movl 0 -37.1635 407.6608 172.3933 160.2678 1.0208 -104.1859 100.0000 stroke6
movl 0 -37.7208 407.5082 172.7243 160.6022 -0.0631 -104.4490 100.0000 stroke6
movl 0 -38.4242 407.4266 172.9882 160.8734 -0.9539 -104.4628 100.0000 stroke6
movl 0 -39.2865 406.8500 173.2489 161.1990 -1.9064 -104.7794 100.0000 stroke6
movl 0 -39.9869 406.1504 173.4985 161.4505 -2.7112 -105.0359 100.0000 stroke6
movl 0 -40.8711 405.2206 173.7413 161.6446 -3.3019 -104.9480 100.0000 stroke6
movl 0 -41.6505 404.0891 173.9945 161.7796 -3.9387 -104.8223 100.0000 stroke6
movl 0 -42.1084 403.1682 174.2257 161.8007 -4.2357 -104.6698 100.0000 stroke6
movl 0 -42.5810 402.2843 174.4629 161.7969 -4.4929 -104.4226 100.0000 stroke6
movl 0 -42.9115 401.8142 174.6402 161.7750 -4.6689 -104.1102 100.0000 stroke6
movl 0 -43.5548 401.5149 174.7255 161.8704 -4.9194 -103.8989 100.0000 stroke6
movl 0 -43.8570 401.1437 174.7739 161.8377 -5.0732 -103.6739 100.0000 stroke6
movl 0 -44.2925 400.7903 174.8559 161.8140 -5.2050 -103.3911 100.0000 stroke6
movl 0 -44.6664 400.3481 174.9825 161.7193 -5.2991 -102.9755 100.0000 stroke6
movl 0 -44.9199 399.9879 175.1338 161.5600 -5.4319 -102.5527 100.0000 stroke6
movl 0 -45.0851 399.5195 175.3136 161.2880 -5.6035 -102.0724 100.0000 stroke6
movl 0 -43.5587 396.8809 177.7612 159.6087 -5.1857 -100.9700 100.0000 stroke6
movl 0 -45.8939 376.6978 213.8250 153.6132 2.1187 -99.1569 100.0000 stroke6
movl 0 8.8407 404.4228 226.1190 145.3699 7.1541 -94.9854 100.0000 stroke7
movl 0 2.6728 396.2019 182.6545 150.1683 4.2445 -96.6391 100.0000 stroke7
movl 0 -16.7278 388.8827 178.7411 155.6024 6.3176 -96.3681 100.0000 stroke7
movl 0 -25.0706 386.6026 176.8270 158.1039 7.8545 -96.9516 100.0000 stroke7
movl 0 -28.6193 386.7470 175.7256 159.1745 8.3033 -97.8254 100.0000 stroke7
movl 0 -32.4104 388.1937 174.1127 160.2015 7.7658 -98.4540 100.0000 stroke7
movl 0 -36.6591 389.3394 173.3763 161.5838 6.2875 -97.4803 100.0000 stroke7
movl 0 -36.6066 389.5801 173.3821 161.7580 6.6016 -97.7339 100.0000 stroke7
movl 0 -35.0549 390.1129 173.5296 161.7487 6.5561 -99.1320 100.0000 stroke7
movl 0 -32.5100 391.5219 173.5507 161.8833 6.1581 -101.2516 100.0000 stroke7
movl 0 -26.8012 393.4734 174.0990 161.5339 5.4482 -104.0554 100.0000 stroke7
movl 0 -21.2131 395.8736 174.1923 160.9877 4.4138 -106.2574 100.0000 stroke7
movl 0 -15.6998 390.6518 180.0936 157.6101 5.4505 -105.7263 100.0000 stroke7
movl 0 4.3377 372.9706 249.2402 145.2815 9.5995 -108.7582 100.0000 stroke7
movl 0 6.2130 395.8897 203.9170 149.2543 -4.0712 -117.4101 100.0000 stroke8
movl 0 5.4225 396.9938 172.8617 152.5552 -7.2479 -119.7195 100.0000 stroke8
movl 0 -5.5125 394.5445 173.1313 155.3934 -3.8184 -120.1807 100.0000 stroke8
movl 0 -5.4565 395.4928 172.9783 155.6269 -4.4355 -120.5334 100.0000 stroke8
movl 0 -8.0364 397.0180 172.1374 156.3575 -4.4989 -120.9404 100.0000 stroke8
movl 0 -10.2963 400.6877 170.6801 158.5244 -5.5514 -122.4380 100.0000 stroke8
movl 0 -12.4421 399.9803 170.4799 158.8756 -5.8098 -121.7052 100.0000 stroke8
movl 0 -14.3047 398.4090 170.8299 158.9799 -6.0603 -120.6683 100.0000 stroke8
movl 0 -16.2480 395.0203 171.7716 158.4992 -6.0736 -118.9757 100.0000 stroke8
movl 0 -14.0987 386.7257 180.6849 155.3530 -3.9081 -118.5793 100.0000 stroke8
movl 0 -14.8705 373.5804 243.8687 149.6952 2.6982 -116.6065 100.0000 stroke8
movl 0 -1.9422 393.0136 235.1004 148.3942 1.7551 -105.5730 100.0000 stroke9
movl 0 -2.0704 396.7554 179.1384 151.2685 -3.1404 -108.3747 100.0000 stroke9
movl 0 -8.6142 394.0876 175.9292 153.1938 -2.2624 -110.6276 100.0000 stroke9
movl 0 -11.3721 394.9724 174.3587 154.6428 -2.2564 -111.5105 100.0000 stroke9
movl 0 -9.5471 397.5779 173.6452 155.4592 -3.7343 -112.1780 100.0000 stroke9
movl 0 -11.8825 398.8968 172.9417 155.9198 -3.9298 -111.8633 100.0000 stroke9
movl 0 -16.0520 402.2326 171.9736 158.6820 -5.0406 -112.9387 100.0000 stroke9
movl 0 -15.5406 404.3483 171.9253 159.7754 -6.9587 -114.0470 100.0000 stroke9
movl 0 -16.6535 406.0166 172.0030 161.1343 -8.6762 -114.6473 100.0000 stroke9
movl 0 -17.6561 406.9573 171.9644 162.1007 -10.0221 -115.0596 100.0000 stroke9
movl 0 -19.2283 407.4048 171.8740 162.7354 -10.9718 -114.3271 100.0000 stroke9
movl 0 -21.0888 405.7503 172.1880 162.4189 -10.6115 -112.1657 100.0000 stroke9
movl 0 -21.0194 404.1990 172.5633 161.7169 -9.3880 -110.4165 100.0000 stroke9
movl 0 -21.1694 402.6470 172.9905 160.9941 -8.2391 -108.8748 100.0000 stroke9
movl 0 -20.9929 401.5237 173.2334 160.3924 -7.8932 -108.4298 100.0000 stroke9
movl 0 -20.3813 401.2773 173.4704 159.8293 -7.7881 -108.1829 100.0000 stroke9
movl 0 -16.6811 398.8651 174.7022 157.2845 -6.7931 -107.8717 100.0000 stroke9
movl 0 -2.8571 384.6207 203.7834 146.3049 1.8900 -108.8154 100.0000 stroke9
movl 0 2.8332 388.2262 194.3830 152.0996 15.1328 -84.4902 100.0000 stroke10
movl 0 -6.3460 386.7050 176.7157 155.0024 10.7820 -84.2543 100.0000 stroke10
movl 0 -21.2580 382.6593 176.5733 159.6633 11.9608 -81.6747 100.0000 stroke10
movl 0 -28.8854 382.4360 176.2488 161.9522 11.8406 -80.9268 100.0000 stroke10
movl 0 -30.2506 383.1488 175.4447 162.1328 11.5349 -81.4371 100.0000 stroke10
movl 0 -32.2850 383.0164 175.0176 162.7731 11.4751 -81.7366 100.0000 stroke10
movl 0 -34.9005 383.5268 175.1137 164.2971 10.7007 -82.7433 100.0000 stroke10
movl 0 -36.6309 382.7197 175.2963 165.0037 10.8073 -83.2726 100.0000 stroke10
movl 0 -36.0817 383.2447 175.4206 165.3694 10.4461 -84.4442 100.0000 stroke10
movl 0 -35.4556 384.1342 175.6531 166.1536 10.0675 -86.2641 100.0000 stroke10
movl 0 -34.3815 385.2360 175.7990 167.0597 9.6428 -88.6872 100.0000 stroke10
movl 0 -33.7425 387.4429 175.2830 168.5069 8.8896 -91.5533 100.0000 stroke10
movl 0 -34.6828 386.0654 175.6516 169.1369 9.3180 -92.0190 100.0000 stroke10
movl 0 -32.3552 383.4511 176.8024 168.1153 10.2713 -92.4695 100.0000 stroke10
movl 0 -31.9908 383.6518 176.8892 168.1135 10.0469 -92.6029 100.0000 stroke10
movl 0 -31.7670 384.7991 176.6378 168.3312 8.8905 -92.2973 100.0000 stroke10
movl 0 -24.0651 380.9742 177.1772 162.0842 11.0484 -88.5032 100.0000 stroke10
movl 0 -16.6360 368.2538 216.8841 153.2763 21.1749 -90.3035 100.0000 stroke10
movl 0 -17.5742 378.8298 206.4693 151.2971 9.1761 -89.9919 100.0000 stroke11
movl 0 -21.6493 370.7462 181.8797 154.0665 7.5684 -92.9901 100.0000 stroke11
movl 0 -32.5405 365.4240 178.7696 157.3720 8.6741 -93.0044 100.0000 stroke11
movl 0 -34.5124 367.0131 176.8588 157.9135 8.4088 -93.6574 100.0000 stroke11
movl 0 -38.7317 367.3966 175.5446 159.1132 8.2056 -93.7416 100.0000 stroke11
movl 0 -44.6182 371.2656 173.6950 161.1875 5.4775 -93.1342 100.0000 stroke11
movl 0 -45.3712 372.0615 173.5070 161.7142 5.3385 -93.9940 100.0000 stroke11
movl 0 -40.3256 374.1178 173.7830 161.2908 4.9444 -97.0085 100.0000 stroke11
movl 0 -28.9286 376.6667 174.7471 159.0474 3.7018 -100.8372 100.0000 stroke11
movl 0 -28.3261 374.9691 175.6459 158.6128 4.2612 -100.7257 100.0000 stroke11
movl 0 -27.5468 374.0110 176.3814 158.3428 4.5490 -100.6674 100.0000 stroke11
movl 0 -22.8911 370.6707 190.5293 156.7750 6.4325 -100.7162 100.0000 stroke11
movl 0 -6.1780 382.5748 205.1149 152.4689 1.9156 -102.2469 100.0000 stroke12
movl 0 -10.4780 378.9570 175.2173 153.5619 0.6690 -102.4381 100.0000 stroke12
movl 0 -19.2225 376.4259 175.3353 156.2016 2.8525 -102.2320 100.0000 stroke12
movl 0 -23.2521 376.7909 174.9694 157.3252 2.7882 -102.2622 100.0000 stroke12
movl 0 -25.5895 377.0406 174.2977 157.9119 2.9132 -102.6002 100.0000 stroke12
movl 0 -30.4097 380.3776 173.2286 160.3282 1.4635 -102.4827 100.0000 stroke12
movl 0 -30.9085 381.7699 172.8130 160.8510 0.4994 -102.9092 100.0000 stroke12
movl 0 -31.7851 381.3967 172.7182 160.8865 -0.2287 -102.3605 100.0000 stroke12
movl 0 -32.3814 379.5823 173.3862 160.4942 -0.7022 -100.5343 100.0000 stroke12
movl 0 -29.2759 372.4543 177.5005 157.7275 0.6825 -98.9179 100.0000 stroke12
movl 0 -25.9682 362.3824 216.8205 152.3289 6.7290 -98.7232 100.0000 stroke12
movl 0 -13.5373 376.5877 219.3308 150.5537 4.3354 -94.6416 100.0000 stroke13
movl 0 -13.2660 374.8868 180.8465 152.7719 3.2894 -95.3832 100.0000 stroke13
movl 0 -22.2468 370.8039 177.5700 155.9781 5.3885 -95.0233 100.0000 stroke13
movl 0 -27.0763 370.6437 176.1112 157.6176 5.0905 -94.5798 100.0000 stroke13
movl 0 -28.3657 372.3326 175.2400 158.2819 3.9396 -94.6044 100.0000 stroke13
movl 0 -31.4840 376.2796 174.3539 159.9849 1.8524 -95.1727 100.0000 stroke13
movl 0 -32.2240 379.1556 173.9598 160.7942 -0.4520 -95.9428 100.0000 stroke13
movl 0 -33.3319 380.6878 173.8774 161.5230 -2.5065 -96.6162 100.0000 stroke13
movl 0 -35.0191 381.7413 173.8486 162.3742 -4.2577 -96.7967 100.0000 stroke13
movl 0 -37.5009 382.5890 173.5036 163.3024 -6.0529 -96.6644 100.0000 stroke13
movl 0 -39.7356 382.2333 173.3813 163.7170 -6.9053 -95.8922 100.0000 stroke13
movl 0 -41.8153 380.0927 173.6230 163.4961 -6.8927 -94.1370 100.0000 stroke13
movl 0 -39.3687 378.6539 174.5792 162.8494 -5.9423 -94.9957 100.0000 stroke13
movl 0 -38.7310 378.6522 174.5726 162.8091 -6.0891 -95.0839 100.0000 stroke13
movl 0 -38.9017 376.2142 175.3951 162.6281 -4.9910 -94.9624 100.0000 stroke13
movl 0 -33.1955 369.5215 178.1518 161.2601 -1.1211 -97.5075 100.0000 stroke13
movl 0 -36.6311 365.9208 178.4212 162.1030 0.6102 -97.1757 100.0000 stroke13
movl 0 -41.2456 365.4225 177.1810 163.0191 0.3199 -94.3840 100.0000 stroke13
movl 0 -45.8415 364.3749 176.0257 163.6422 0.3476 -90.6764 100.0000 stroke13
movl 0 -45.7092 363.7925 175.9502 163.1979 0.8184 -89.5881 100.0000 stroke13
movl 0 -45.3080 363.1995 176.1961 162.5162 1.3358 -89.0848 100.0000 stroke13
movl 0 -43.4138 362.3842 176.6199 161.4511 2.1467 -89.1792 100.0000 stroke13
movl 0 -33.9924 356.8230 184.1704 156.7840 6.4890 -90.8486 100.0000 stroke13
movl 0 -4.5096 387.7163 206.3786 149.7110 8.0271 -88.5367 100.0000 stroke14
movl 0 -15.3760 384.8478 180.2616 152.7793 3.1254 -88.9714 100.0000 stroke14
movl 0 -26.5070 382.9892 177.7074 156.1763 1.9080 -87.8218 100.0000 stroke14
movl 0 -32.5520 381.2154 176.2187 157.1661 1.8669 -86.2525 100.0000 stroke14
movl 0 -38.3972 379.2517 175.6553 158.2802 2.3707 -84.6832 100.0000 stroke14
movl 0 -45.0781 377.1718 175.2945 160.8108 2.4570 -84.4324 100.0000 stroke14
movl 0 -48.8643 376.8426 175.2792 162.6205 1.5892 -84.4738 100.0000 stroke14
movl 0 -50.4381 376.6273 175.4667 163.4067 1.7511 -85.7402 100.0000 stroke14
movl 0 -47.9320 378.6421 175.5818 163.6296 1.4148 -88.1888 100.0000 stroke14
movl 0 -45.9507 379.6245 175.8902 163.9312 1.2650 -90.0974 100.0000 stroke14
movl 0 -43.4572 380.8009 176.1272 164.0388 1.0612 -91.6708 100.0000 stroke14
movl 0 -40.6534 381.9093 176.4917 164.0836 0.8781 -93.1982 100.0000 stroke14
movl 0 -37.4610 382.7749 177.1336 163.9845 0.7066 -94.9042 100.0000 stroke14
movl 0 -16.7303 377.4600 194.3371 158.8499 3.4195 -98.2306 100.0000 stroke14
movl 0 10.9091 378.9604 201.4010 149.4526 8.5036 -99.8549 100.0000 stroke15
movl 0 -1.2069 376.8327 179.8242 153.8451 4.5017 -101.4077 100.0000 stroke15
movl 0 -10.2429 376.1154 176.9222 156.7110 3.2699 -101.3775 100.0000 stroke15
movl 0 -18.6363 372.5551 176.7195 158.5780 4.2085 -100.5073 100.0000 stroke15
movl 0 -23.3885 371.1018 175.9141 159.7941 5.0955 -100.4844 100.0000 stroke15
movl 0 -30.5677 372.0776 174.9450 162.9155 4.8567 -100.5757 100.0000 stroke15
movl 0 -31.8214 372.0677 174.8937 163.5107 4.9368 -101.1365 100.0000 stroke15
movl 0 -27.6215 374.8348 175.0127 163.2756 4.4158 -103.3474 100.0000 stroke15
movl 0 -20.7485 378.3488 175.2903 162.7923 3.5173 -106.4014 100.0000 stroke15
movl 0 -17.4525 378.6349 176.0381 162.0468 3.2976 -107.5192 100.0000 stroke15
movl 0 -7.7088 374.4314 196.0725 157.2356 3.9090 -107.3624 100.0000 stroke15
movl 0 13.8873 386.2017 224.8497 151.4135 0.4861 -112.8570 100.0000 stroke16
movl 0 15.4088 387.4026 181.1907 152.7665 -2.9657 -112.0888 100.0000 stroke16
movl 0 11.3527 389.8494 176.9899 154.5653 -4.0780 -112.3344 100.0000 stroke16
movl 0 -0.6939 384.8308 177.2903 157.2358 -2.1345 -111.8678 100.0000 stroke16
movl 0 -4.2545 384.8850 176.5804 158.2367 -1.9712 -111.9817 100.0000 stroke16
movl 0 -5.4323 386.3968 176.0048 158.8351 -2.5638 -112.1172 100.0000 stroke16
movl 0 -9.5806 388.5358 174.7371 160.7706 -3.1295 -112.4542 100.0000 stroke16
movl 0 -11.1027 391.0425 173.9059 162.0344 -4.2581 -112.9566 100.0000 stroke16
movl 0 -12.3234 390.7397 173.8203 162.2578 -5.0902 -112.1719 100.0000 stroke16
movl 0 -13.4689 388.9395 174.3259 161.9777 -5.4920 -110.3127 100.0000 stroke16
movl 0 -13.5619 384.8911 176.0130 160.7558 -5.2592 -108.4679 100.0000 stroke16
movl 0 -17.3245 375.7188 192.7701 157.9136 -1.1680 -107.4350 100.0000 stroke16
movl 0 10.5085 376.2182 188.2962 150.4327 -2.4486 -105.9471 100.0000 stroke17
movl 0 4.3267 374.9604 177.1135 152.8998 -1.9753 -107.0869 100.0000 stroke17
movl 0 -1.5005 376.0649 175.4535 155.2412 -2.2625 -106.9697 100.0000 stroke17
movl 0 -2.9715 377.0167 174.3821 155.7858 -2.5013 -107.3682 100.0000 stroke17
movl 0 -5.9020 379.2019 173.5372 156.9099 -3.0139 -107.4232 100.0000 stroke17
movl 0 -9.3768 382.5995 172.6976 159.1293 -4.6427 -108.2519 100.0000 stroke17
movl 0 -9.4706 385.5660 172.3001 160.4526 -6.7640 -109.4465 100.0000 stroke17
movl 0 -9.7402 387.0437 172.2567 161.4616 -8.5372 -110.4424 100.0000 stroke17
movl 0 -10.9396 389.2876 172.0990 163.0019 -10.9164 -111.4761 100.0000 stroke17
movl 0 -12.4804 390.3427 171.8987 164.1849 -12.5155 -112.0157 100.0000 stroke17
movl 0 -14.8850 390.8032 171.5865 165.2330 -13.6239 -111.9110 100.0000 stroke17
movl 0 -18.6183 389.0684 171.6978 165.6038 -13.8762 -109.9941 100.0000 stroke17
movl 0 -16.2168 387.1794 172.8410 164.4922 -12.7308 -109.9211 100.0000 stroke17
movl 0 -17.4675 386.5239 172.7340 164.6862 -12.7922 -109.0135 100.0000 stroke17
movl 0 -17.2975 383.9391 173.8452 164.2598 -11.4799 -108.8421 100.0000 stroke17
movl 0 -13.3427 372.8894 177.9747 161.7065 -6.0584 -109.0873 100.0000 stroke17
movl 0 -17.3566 369.3257 178.3284 162.2980 -3.9007 -108.1010 100.0000 stroke17
movl 0 -23.1542 369.9004 176.8812 163.8749 -4.4610 -105.8327 100.0000 stroke17
movl 0 -27.5015 368.7533 176.0514 164.4067 -4.4968 -102.9876 100.0000 stroke17
movl 0 -28.0112 368.0129 176.0258 163.7518 -4.0398 -101.5029 100.0000 stroke17
movl 0 -28.4715 367.8640 176.2406 163.1862 -3.7096 -100.9212 100.0000 stroke17
movl 0 -28.0943 367.9793 176.4716 162.6961 -3.4983 -100.7962 100.0000 stroke17
movl 0 -27.2134 368.1113 176.7572 162.0469 -3.1817 -100.7669 100.0000 stroke17
movl 0 -25.4075 367.5045 177.4541 161.1248 -2.5486 -100.7750 100.0000 stroke17
movl 0 4.4873 363.2724 191.5626 150.9026 3.1238 -103.4051 100.0000 stroke17
movl 0 12.5298 380.6996 219.9938 155.9446 22.3566 -64.5587 100.0000 stroke18
movl 0 -2.0666 374.7445 180.4290 157.6968 16.4978 -68.2112 100.0000 stroke18
movl 0 -10.5221 373.0801 177.5889 159.9512 14.2782 -68.9175 100.0000 stroke18
movl 0 -21.3171 368.5560 178.8853 163.7889 12.9408 -68.2397 100.0000 stroke18
movl 0 -27.4813 367.1976 178.2130 165.8415 13.0402 -66.7833 100.0000 stroke18
movl 0 -31.6900 367.9431 177.6355 167.0994 12.0530 -66.7141 100.0000 stroke18
movl 0 -36.5380 368.3416 177.7269 168.8293 10.5952 -67.7469 100.0000 stroke18
movl 0 -38.4162 368.0507 177.7570 169.4595 10.1993 -68.5566 100.0000 stroke18
movl 0 -38.8493 368.2871 177.8369 170.0329 9.9184 -70.0952 100.0000 stroke18
movl 0 -37.3803 369.7300 177.9924 170.5776 9.2012 -73.0243 100.0000 stroke18
movl 0 -36.8864 372.2363 177.9053 171.6043 8.0339 -76.4731 100.0000 stroke18
movl 0 -37.3099 374.3070 177.8421 172.8653 6.7943 -80.7040 100.0000 stroke18
movl 0 -38.4211 376.1303 177.7067 174.2563 5.8276 -85.2019 100.0000 stroke18
movl 0 -39.2563 379.0244 177.2132 175.7589 4.7782 -90.1228 100.0000 stroke18
movl 0 -39.0989 376.8254 178.0445 175.3995 5.2988 -90.9895 100.0000 stroke18
movl 0 -36.1141 374.3225 179.5948 174.1313 6.4310 -91.2991 100.0000 stroke18
movl 0 -34.7965 373.7671 180.1828 173.7152 6.7010 -91.8470 100.0000 stroke18
movl 0 -33.5507 373.1764 180.7739 173.4559 6.9642 -92.3119 100.0000 stroke18
movl 0 -33.4241 373.5391 180.6161 173.5355 6.7552 -92.5395 100.0000 stroke18
movl 0 -33.5481 375.1031 180.2759 173.6901 5.5429 -92.8931 100.0000 stroke18
movl 0 -33.8654 376.7537 179.9126 173.9304 4.3860 -93.4831 100.0000 stroke18
movl 0 -33.8215 377.4493 179.8770 174.0570 3.6990 -93.9130 100.0000 stroke18
movl 0 -33.4022 377.6858 179.9452 174.0625 3.3078 -94.3614 100.0000 stroke18
movl 0 -31.2982 376.7559 180.1863 172.7663 3.6903 -93.3447 100.0000 stroke18
movl 0 -30.3464 375.2562 180.5852 171.3366 4.8003 -91.6642 100.0000 stroke18
movl 0 -29.1884 374.2323 181.0802 170.8003 5.3100 -91.2329 100.0000 stroke18
movl 0 -29.0889 373.0818 181.4977 170.5806 5.7419 -91.0264 100.0000 stroke18
movl 0 -26.4356 369.6088 184.6918 169.2072 7.0570 -90.0666 100.0000 stroke18
