movl 0 -27.6533 377.9881 171.8935 -155.3217 23.1954 14.4431 100.0000 stroke1
movl 0 -19.0057 381.3573 179.4501 -146.4111 17.7169 26.0236 100.0000 stroke1
movl 0 -11.8193 386.0749 177.0903 -138.0665 11.0399 36.4338 100.0000 stroke1
movl 0 -21.5974 390.2834 168.2550 -148.2067 21.9974 25.7176 100.0000 stroke1
movl 0 -33.6477 383.4754 170.9493 -152.5417 20.4042 19.5208 100.0000 stroke1
movl 0 -35.8853 383.2040 171.0031 -154.6073 20.5012 17.0997 100.0000 stroke1
movl 0 -35.8548 383.9623 170.5606 -155.8914 20.4646 14.2802 100.0000 stroke1
movl 0 -35.7486 386.1998 169.0939 -156.8178 21.0083 13.8158 100.0000 stroke1
movl 0 -36.7312 387.4434 168.4968 -157.9033 21.1562 13.2051 100.0000 stroke1
movl 0 -38.4641 389.8906 167.8892 -160.0988 21.2874 11.3037 100.0000 stroke1
movl 0 -39.3250 391.9689 167.4661 -162.6881 21.8416 8.4237 100.0000 stroke1
movl 0 -40.1014 393.0273 167.3733 -164.7123 22.2908 5.9022 100.0000 stroke1
movl 0 -40.6332 394.5378 167.4479 -167.0710 22.6873 3.4938 100.0000 stroke1
movl 0 -41.2868 395.5143 167.4919 -168.8490 23.0218 2.3050 100.0000 stroke1
movl 0 -41.0126 394.4579 167.7468 -167.7685 22.7859 2.9786 100.0000 stroke1
movl 0 -40.5686 393.6865 167.8850 -166.8872 22.4549 3.4041 100.0000 stroke1
movl 0 -41.7030 393.8868 167.9457 -167.4406 21.9951 3.0502 100.0000 stroke1
movl 0 -43.2810 393.5690 168.0748 -167.9654 21.4062 2.8442 100.0000 stroke1
movl 0 -45.5571 392.7614 168.4159 -166.6429 20.1823 3.5461 100.0000 stroke1
movl 0 -45.9144 392.4067 168.3787 -165.5663 19.4369 3.9930 100.0000 stroke1
movl 0 -45.7424 392.5220 168.3614 -164.9736 19.0480 4.1846 100.0000 stroke1
movl 0 -45.1237 392.2295 168.4443 -164.3447 18.8632 4.4445 100.0000 stroke1
movl 0 -44.3419 392.1421 168.5605 -163.9220 18.8549 4.5923 100.0000 stroke1
movl 0 -43.5883 391.9868 168.7437 -163.5722 18.8810 4.7038 100.0000 stroke1
movl 0 -42.9242 391.5709 168.9577 -162.9761 18.7415 5.1958 100.0000 stroke1
movl 0 -39.5055 388.0147 170.5627 -160.6248 19.3952 6.3374 100.0000 stroke1
movl 0 -31.3365 378.5512 177.2148 -153.2940 20.1319 11.7392 100.0000 stroke1
movl 0 -39.9214 352.1944 212.0808 -137.6117 9.1443 25.4784 100.0000 stroke1
movl 0 -5.7553 392.6439 205.5527 -141.3919 5.2251 45.5859 100.0000 stroke2
movl 0 -9.0602 391.9185 174.2038 -150.2133 12.8828 34.3560 100.0000 stroke2
movl 0 -10.2321 393.5370 171.1074 -152.8041 13.9726 29.4177 100.0000 stroke2
movl 0 -13.4707 393.6837 169.5172 -153.0902 13.1483 29.6277 100.0000 stroke2
movl 0 -15.3132 395.6328 168.3110 -153.4421 12.5210 30.4998 100.0000 stroke2
movl 0 -17.9497 399.7319 167.5524 -156.4546 12.9655 29.4689 100.0000 stroke2
movl 0 -17.3379 402.6457 167.4406 -158.7780 13.8504 27.3707 100.0000 stroke2
movl 0 -14.6032 405.0533 166.9731 -160.0239 15.3898 25.6469 100.0000 stroke2
movl 0 -14.7377 405.7720 166.9701 -160.8507 16.5038 25.4044 100.0000 stroke2
movl 0 -14.9923 405.6231 167.3295 -161.6570 17.7745 25.1223 100.0000 stroke2
movl 0 -15.0801 405.1487 167.5132 -162.0439 18.7012 25.1736 100.0000 stroke2
movl 0 -16.0206 404.3864 167.8504 -162.1361 18.9902 25.4215 100.0000 stroke2
movl 0 -15.8897 403.8377 168.0020 -161.9524 19.5177 25.7528 100.0000 stroke2
movl 0 -16.2641 403.1842 168.2213 -161.7985 19.5845 26.0833 100.0000 stroke2
movl 0 -16.4199 402.6124 168.4587 -161.5520 19.6919 26.3111 100.0000 stroke2
movl 0 -16.8030 401.7709 168.7381 -161.2229 19.8652 26.6606 100.0000 stroke2
movl 0 -15.6525 399.2008 170.2631 -158.9868 20.6882 28.8260 100.0000 stroke2
movl 0 -13.4301 389.0148 185.6685 -146.9453 20.1669 36.8982 100.0000 stroke2
movl 0 -0.9655 392.1300 187.7941 -145.8107 25.2588 33.8535 100.0000 stroke3
movl 0 -19.7985 384.7021 174.8246 -154.0519 24.2958 26.5033 100.0000 stroke3
movl 0 -39.9409 379.8138 173.0684 -156.4707 18.7415 25.2196 100.0000 stroke3
movl 0 -44.6164 382.2917 171.7353 -157.8651 17.9635 24.7953 100.0000 stroke3
movl 0 -47.9117 383.7071 170.3106 -158.4530 17.9053 25.5874 100.0000 stroke3
movl 0 -49.1076 384.9807 169.4844 -159.3528 17.7255 25.0186 100.0000 stroke3
movl 0 -50.5279 385.9094 169.5523 -160.7075 17.3350 23.4024 100.0000 stroke3
movl 0 -51.5877 386.6158 169.9532 -162.2362 17.1816 21.7754 100.0000 stroke3
movl 0 -52.6104 386.3487 170.5224 -162.7453 16.8821 20.7700 100.0000 stroke3
movl 0 -52.4774 386.3772 170.5555 -162.8153 16.5020 19.8329 100.0000 stroke3
movl 0 -50.9438 386.3594 170.6581 -162.9548 16.4166 18.7437 100.0000 stroke3
movl 0 -49.3153 386.4392 170.9122 -163.1894 16.5355 17.6711 100.0000 stroke3
movl 0 -48.1880 386.2847 171.2860 -163.3178 16.5173 16.7214 100.0000 stroke3
movl 0 -47.2889 385.8034 171.7367 -163.3927 16.2551 15.5776 100.0000 stroke3
movl 0 -46.2279 385.6812 172.0887 -163.5803 16.0261 14.2901 100.0000 stroke3
movl 0 -45.3415 385.4730 172.4705 -163.7981 15.7158 12.8682 100.0000 stroke3
movl 0 -44.0604 385.5543 172.8190 -164.0517 15.3866 11.2045 100.0000 stroke3
movl 0 -42.6338 385.8834 173.2255 -164.4174 15.0563 9.1730 100.0000 stroke3
movl 0 -40.6624 386.3344 173.5375 -164.7963 14.7256 6.8435 100.0000 stroke3
movl 0 -39.1177 387.0080 173.7960 -165.2314 14.2019 4.4585 100.0000 stroke3
movl 0 -37.5219 388.0415 173.9318 -165.7039 13.6761 2.0792 100.0000 stroke3
movl 0 -36.3174 388.9203 173.9131 -166.0660 13.5374 0.3448 100.0000 stroke3
movl 0 -35.4622 386.9056 174.6201 -165.1693 14.2290 1.0992 100.0000 stroke3
movl 0 -34.4812 385.2837 175.4024 -164.2764 14.5793 1.2685 100.0000 stroke3
movl 0 -34.0056 385.1676 175.6354 -164.1797 14.6410 1.1306 100.0000 stroke3
movl 0 -33.8768 386.1796 175.7865 -165.5599 14.7234 0.3659 100.0000 stroke3
movl 0 -33.3815 387.2369 175.5949 -166.7946 14.8441 -0.6309 100.0000 stroke3
movl 0 -29.3094 383.5609 175.3392 -162.9416 19.1809 7.8241 100.0000 stroke3
movl 0 -16.9575 368.4256 188.5448 -144.4547 18.3137 25.7677 100.0000 stroke3
movl 0 -18.7179 374.8751 199.7302 -161.3857 32.3810 10.6937 100.0000 stroke4
movl 0 -19.9593 379.2454 174.5322 -166.3725 31.1802 6.7488 100.0000 stroke4
movl 0 -26.6029 378.0611 173.4308 -165.8069 27.4605 5.9409 100.0000 stroke4
movl 0 -27.5786 381.1788 171.9205 -166.0377 26.6416 5.2302 100.0000 stroke4
movl 0 -29.7459 382.1000 170.9649 -165.5886 25.9444 5.8807 100.0000 stroke4
movl 0 -31.3868 383.5256 169.6760 -165.6764 25.3291 6.2470 100.0000 stroke4
movl 0 -32.5886 386.2517 168.3246 -167.6812 24.8746 5.0320 100.0000 stroke4
movl 0 -31.7773 388.7306 167.4211 -169.4692 25.1079 3.4442 100.0000 stroke4
movl 0 -31.2305 390.0254 166.8554 -170.4525 25.7436 3.4324 100.0000 stroke4
movl 0 -31.5565 390.0165 166.8677 -171.1819 26.2136 3.8219 100.0000 stroke4
movl 0 -32.8859 389.7230 167.0439 -171.6539 26.5237 5.0225 100.0000 stroke4
movl 0 -34.2378 389.2703 167.2293 -171.9739 26.9161 6.3812 100.0000 stroke4
movl 0 -35.0581 388.9826 167.2846 -172.0684 27.2439 7.2249 100.0000 stroke4
movl 0 -33.0000 387.1239 168.3205 -170.5562 29.2403 9.3315 100.0000 stroke4
movl 0 -32.0146 372.7397 187.7761 -156.0691 29.9387 22.5775 100.0000 stroke4
movl 0 -39.0336 343.2115 246.5873 -129.2820 -1.4425 53.5934 100.0000 stroke4
movl 0 -43.2932 374.4329 227.7597 -146.0294 3.9190 63.1069 100.0000 stroke5
movl 0 -38.8292 382.6479 185.6010 -154.6248 16.5856 47.0526 100.0000 stroke5
movl 0 -42.3037 380.3014 181.8832 -157.0601 16.9572 41.5476 100.0000 stroke5
movl 0 -46.5255 378.7695 181.3066 -159.1917 16.3134 37.3469 100.0000 stroke5
movl 0 -52.4877 378.3476 180.7254 -160.3318 15.3184 36.4521 100.0000 stroke5
movl 0 -54.1510 380.4731 179.5354 -161.3295 15.3503 35.4478 100.0000 stroke5
movl 0 -55.3346 382.7228 178.2976 -162.1037 15.5344 34.2269 100.0000 stroke5
movl 0 -57.6607 385.1505 176.8013 -163.5951 15.5084 32.6725 100.0000 stroke5
movl 0 -60.6464 387.4313 175.6845 -166.0957 15.7929 30.6862 100.0000 stroke5
movl 0 -63.6674 387.2389 175.4665 -167.0309 15.7724 29.6061 100.0000 stroke5
movl 0 -64.0821 388.0009 175.5110 -167.6266 15.5763 27.3987 100.0000 stroke5
movl 0 -62.5094 388.6118 175.6015 -168.3143 15.3603 24.9555 100.0000 stroke5
movl 0 -60.4360 389.0836 175.8959 -168.9235 15.5605 23.2760 100.0000 stroke5
movl 0 -59.4208 389.0107 176.1686 -169.2494 15.6327 22.4530 100.0000 stroke5
movl 0 -56.7952 389.0116 176.7036 -169.5574 16.0404 21.3239 100.0000 stroke5
movl 0 -52.4155 387.3452 178.4411 -169.3313 16.7149 20.3059 100.0000 stroke5
movl 0 -42.2667 380.5260 183.0711 -165.5505 19.3031 21.2754 100.0000 stroke5
movl 0 -35.2075 377.9445 188.1770 -161.5879 20.7135 23.9046 100.0000 stroke5
movl 0 -28.9702 375.1338 215.2381 -157.4912 19.5199 26.4321 100.0000 stroke5
movl 0 -23.0950 384.9160 221.9342 -154.5924 16.6331 32.7994 100.0000 stroke6
movl 0 -25.6821 385.6626 181.5116 -159.1001 17.0470 31.2771 100.0000 stroke6
movl 0 -30.8861 385.4064 178.9405 -160.3689 16.2258 30.3834 100.0000 stroke6
movl 0 -33.8673 386.0793 176.1101 -161.1705 16.0237 29.3137 100.0000 stroke6
movl 0 -35.2614 387.5050 175.0609 -161.8521 16.4778 28.7783 100.0000 stroke6
movl 0 -37.3579 389.5922 173.8609 -162.9687 16.4547 28.4553 100.0000 stroke6
movl 0 -38.6824 393.5376 172.9114 -165.9969 17.1602 27.0237 100.0000 stroke6
movl 0 -39.0351 394.9378 172.4422 -166.9150 17.8291 27.0157 100.0000 stroke6
movl 0 -39.5185 394.5818 172.4926 -167.2755 18.5433 27.5526 100.0000 stroke6
movl 0 -41.3581 393.5674 172.6486 -167.6695 19.0552 28.5912 100.0000 stroke6
movl 0 -44.1940 391.5059 172.9128 -167.7181 19.3138 30.0816 100.0000 stroke6
movl 0 -46.4950 389.8212 173.1209 -167.5896 19.4611 31.3077 100.0000 stroke6
movl 0 -47.8260 388.3934 173.4260 -167.1610 19.7857 32.4079 100.0000 stroke6
movl 0 -46.8567 383.6318 177.4295 -164.1023 20.1836 34.4771 100.0000 stroke6
movl 0 -45.8680 363.9067 220.1674 -149.1962 16.1515 42.6973 100.0000 stroke6
movl 0 -29.3879 381.9035 212.6806 -149.6526 8.4982 61.3224 100.0000 stroke7
movl 0 -35.2773 375.8661 177.6164 -155.1407 12.2357 50.7963 100.0000 stroke7
movl 0 -46.3629 366.7720 182.2818 -157.1987 8.7009 48.7225 100.0000 stroke7
movl 0 -51.9532 365.7287 180.2962 -158.3095 8.6602 49.0061 100.0000 stroke7
movl 0 -57.1725 365.7498 178.5825 -158.3342 8.3111 50.0424 100.0000 stroke7
movl 0 -61.4033 367.1476 177.1845 -159.7872 8.1334 49.8376 100.0000 stroke7
movl 0 -67.6244 366.7702 176.8054 -162.0702 6.6643 48.0853 100.0000 stroke7
movl 0 -69.0149 368.7654 176.7688 -164.1169 7.3823 46.1364 100.0000 stroke7
movl 0 -70.7656 368.0367 176.7939 -164.1760 7.2046 45.5185 100.0000 stroke7
movl 0 -70.1485 368.7528 176.6014 -164.1700 6.9255 44.5053 100.0000 stroke7
movl 0 -68.3033 369.8441 176.5764 -164.2581 6.9772 43.1924 100.0000 stroke7
movl 0 -65.6552 371.2099 176.7407 -164.3964 7.2459 42.0083 100.0000 stroke7
movl 0 -63.1023 372.3182 177.0226 -164.5760 7.5663 41.0796 100.0000 stroke7
movl 0 -60.2319 373.0774 177.3653 -164.4871 7.8757 40.1788 100.0000 stroke7
movl 0 -57.3020 373.5566 177.9173 -164.3070 8.0688 39.4031 100.0000 stroke7
movl 0 -51.6859 372.1331 179.7845 -162.9121 8.3741 39.0323 100.0000 stroke7
movl 0 -31.1743 367.4859 193.7513 -156.9531 10.8629 38.4440 100.0000 stroke7
movl 0 -12.8150 401.8254 204.1557 -162.3187 27.3443 30.7021 100.0000 stroke8
movl 0 -21.0861 389.7383 177.6364 -164.2041 25.4624 26.7185 100.0000 stroke8
movl 0 -29.5049 385.5041 177.4340 -164.2896 21.4782 27.2657 100.0000 stroke8
movl 0 -31.8563 385.7504 176.6797 -165.0144 20.5152 26.3728 100.0000 stroke8
movl 0 -33.5585 385.6059 176.3472 -165.2494 19.8757 26.0803 100.0000 stroke8
movl 0 -34.1285 386.7548 175.5763 -165.3988 19.7127 25.6845 100.0000 stroke8
movl 0 -36.2661 391.0036 174.1164 -168.1607 19.6307 24.5167 100.0000 stroke8
movl 0 -36.9328 394.3266 173.2883 -170.7146 19.8043 22.7068 100.0000 stroke8
movl 0 -36.9294 396.5100 172.5963 -172.2900 19.8473 21.1324 100.0000 stroke8
movl 0 -37.5673 397.2255 172.5198 -173.4282 20.2704 20.7634 100.0000 stroke8
movl 0 -38.1958 396.2118 173.1497 -174.1361 20.4526 20.6154 100.0000 stroke8
movl 0 -37.4314 395.1051 173.6087 -173.6295 20.6241 20.6578 100.0000 stroke8
movl 0 -38.8960 394.4047 173.6788 -173.9650 20.5172 21.0158 100.0000 stroke8
movl 0 -31.7210 386.8778 178.2839 -166.5530 20.7736 23.4324 100.0000 stroke8
movl 0 -21.5686 367.0046 230.1666 -145.1815 10.3580 35.6167 100.0000 stroke8
movl 0 7.0973 398.5139 202.9058 -156.0025 22.4725 32.3196 100.0000 stroke9
movl 0 -1.8664 389.7439 177.8086 -158.5304 21.0393 29.2904 100.0000 stroke9
movl 0 -10.5878 382.1994 179.8949 -157.5164 15.9867 29.4733 100.0000 stroke9
movl 0 -13.6534 383.1539 178.1024 -158.5938 15.1783 28.9112 100.0000 stroke9
movl 0 -17.1327 386.2344 175.7647 -159.3835 15.6006 29.3002 100.0000 stroke9
movl 0 -18.5984 388.3329 174.3008 -159.8599 15.8708 29.4387 100.0000 stroke9
movl 0 -22.0575 392.8628 172.2066 -162.2368 15.5852 28.7168 100.0000 stroke9
movl 0 -20.9838 397.2463 171.2807 -164.8781 16.4202 27.0236 100.0000 stroke9
movl 0 -21.8356 397.9748 171.1477 -165.6548 16.9944 27.0936 100.0000 stroke9
movl 0 -22.5199 396.9850 171.6404 -166.1709 17.5467 27.6898 100.0000 stroke9
movl 0 -23.9130 395.4315 172.0696 -166.2922 17.7925 28.6922 100.0000 stroke9
movl 0 -24.5748 393.8955 172.5243 -166.1600 18.0515 29.4593 100.0000 stroke9
movl 0 -25.4222 391.8973 173.1541 -165.6469 18.2867 30.3991 100.0000 stroke9
movl 0 -23.8237 377.0508 188.0463 -157.0590 17.8926 35.8294 100.0000 stroke9
movl 0 -12.8143 381.9741 191.5807 -150.3354 8.6662 57.3036 100.0000 stroke10
movl 0 -18.2837 381.1951 179.6060 -156.1338 10.3070 49.9583 100.0000 stroke10
movl 0 -31.2658 373.5921 181.0005 -159.2798 6.9726 45.1524 100.0000 stroke10
movl 0 -37.4123 370.7382 180.5326 -159.4433 6.0755 44.9894 100.0000 stroke10
movl 0 -41.3124 370.6110 179.5496 -159.2267 5.9699 45.2506 100.0000 stroke10
movl 0 -44.5334 371.4800 178.2483 -159.8223 5.4439 45.0541 100.0000 stroke10
movl 0 -46.2693 374.8610 177.1011 -161.8968 6.6051 43.8219 100.0000 stroke10
movl 0 -50.9984 373.4648 176.6474 -162.3929 5.8118 44.0015 100.0000 stroke10
movl 0 -49.3548 375.0386 176.6931 -163.0583 5.8313 41.9700 100.0000 stroke10
movl 0 -47.9186 376.3788 176.7695 -163.9436 6.0966 40.4063 100.0000 stroke10
movl 0 -45.1466 376.7322 176.9112 -164.2079 6.5718 39.6446 100.0000 stroke10
movl 0 -43.2359 376.2029 177.3492 -164.1868 6.8541 39.3265 100.0000 stroke10
movl 0 -40.5488 374.1885 178.5481 -163.5949 7.0314 39.2814 100.0000 stroke10
movl 0 -26.0272 362.4231 195.1201 -156.9125 7.4756 41.4958 100.0000 stroke10
movl 0 6.4086 396.7771 222.0702 -149.4069 11.7067 51.8700 100.0000 stroke11
movl 0 -3.1787 391.0135 187.7424 -153.9626 12.4648 47.9432 100.0000 stroke11
movl 0 -5.6060 389.3620 180.4794 -156.5260 12.4542 45.6927 100.0000 stroke11
movl 0 -8.8628 389.3288 179.1196 -157.9471 11.7687 44.3392 100.0000 stroke11
movl 0 -10.6422 391.8132 177.9379 -159.1331 12.1978 43.5914 100.0000 stroke11
movl 0 -11.5569 392.7468 177.0640 -159.6186 12.2873 42.8953 100.0000 stroke11
movl 0 -14.7242 398.4191 174.9050 -162.6628 13.1895 41.6427 100.0000 stroke11
movl 0 -14.5796 403.7453 173.3278 -165.3756 15.0738 40.0897 100.0000 stroke11
movl 0 -15.6514 404.8519 172.7650 -165.8853 15.6587 40.5483 100.0000 stroke11
movl 0 -16.5618 404.3328 172.8808 -166.0442 16.2472 41.2915 100.0000 stroke11
movl 0 -19.1772 402.4403 173.1480 -166.1632 16.6406 42.7084 100.0000 stroke11
movl 0 -21.7721 400.7716 173.3771 -166.1655 16.8828 44.1162 100.0000 stroke11
movl 0 -24.6690 399.3227 173.5514 -166.1887 16.9262 45.3167 100.0000 stroke11
movl 0 -25.6132 397.2684 174.2448 -165.5789 16.9757 46.1378 100.0000 stroke11
movl 0 -25.4599 393.5258 176.5595 -163.7455 16.9722 47.2482 100.0000 stroke11
movl 0 -25.4293 376.3204 203.2405 -153.8519 12.3635 50.2371 100.0000 stroke11
movl 0 -18.0198 375.8451 243.2530 -154.7205 -16.4207 94.3743 100.0000 stroke12
movl 0 -15.0325 382.5863 189.0402 -155.7451 -1.3716 83.4558 100.0000 stroke12
movl 0 -22.3339 373.8007 184.8518 -157.3555 -2.4406 78.3903 100.0000 stroke12
movl 0 -33.6387 368.5217 182.4852 -160.9002 -3.8213 78.5321 100.0000 stroke12
movl 0 -38.7828 365.9390 181.9070 -161.3439 -4.7484 79.1860 100.0000 stroke12
movl 0 -47.5044 363.4103 180.9126 -162.5764 -6.0913 79.9352 100.0000 stroke12
movl 0 -49.1511 365.0386 179.9427 -163.7706 -5.6522 78.4132 100.0000 stroke12
movl 0 -52.8108 366.5290 179.3704 -165.5673 -4.2422 77.6366 100.0000 stroke12
movl 0 -54.9717 366.8047 179.1579 -166.2490 -4.5580 77.0018 100.0000 stroke12
movl 0 -52.8075 368.3518 179.0961 -166.2373 -4.4152 75.3599 100.0000 stroke12
movl 0 -49.7305 370.0570 179.3520 -166.2603 -3.9847 73.6685 100.0000 stroke12
movl 0 -46.8151 370.8782 179.5994 -166.2394 -3.7688 72.3452 100.0000 stroke12
movl 0 -43.9477 371.7052 179.9214 -165.9961 -3.5346 71.3493 100.0000 stroke12
movl 0 -42.3136 371.6682 180.2449 -165.8453 -3.4956 70.8984 100.0000 stroke12
movl 0 -40.2525 371.1709 180.8784 -165.5164 -3.6054 70.4820 100.0000 stroke12
movl 0 -25.1194 364.2326 193.0145 -159.7569 -4.2539 70.4570 100.0000 stroke12
movl 0 20.9294 383.1913 214.7124 -148.2140 12.4985 57.0762 100.0000 stroke13
movl 0 8.1515 374.7352 179.8499 -151.5285 9.7451 56.6686 100.0000 stroke13
movl 0 -1.5484 372.5044 179.3782 -153.6443 6.7507 56.1665 100.0000 stroke13
movl 0 -7.3162 374.6265 177.0197 -155.0623 6.9454 55.9365 100.0000 stroke13
movl 0 -11.2051 376.6294 175.3753 -156.2559 7.1514 55.7190 100.0000 stroke13
movl 0 -12.4000 379.0785 174.0751 -157.3782 7.7310 55.1003 100.0000 stroke13
movl 0 -14.6726 383.0885 173.0735 -159.9482 9.1740 53.8793 100.0000 stroke13
movl 0 -15.7810 385.6545 172.6904 -161.7931 10.1930 52.7210 100.0000 stroke13
movl 0 -15.1492 386.4115 172.5265 -162.3614 10.2720 51.4305 100.0000 stroke13
movl 0 -15.0603 387.6541 172.1976 -162.8853 10.5575 50.8169 100.0000 stroke13
movl 0 -16.9429 386.3186 172.9479 -163.8954 11.4392 51.5256 100.0000 stroke13
movl 0 -14.1905 384.0744 173.6303 -161.9781 10.2378 51.1719 100.0000 stroke13
movl 0 -15.4792 384.8814 173.6147 -163.3229 11.3142 51.4593 100.0000 stroke13
movl 0 -16.1862 384.0483 173.7087 -163.5628 11.3417 51.6998 100.0000 stroke13
movl 0 -12.0634 376.1262 177.4197 -157.2134 7.8363 55.4282 100.0000 stroke13
movl 0 -13.9757 349.8637 239.0578 -145.4421 -15.9515 72.9935 100.0000 stroke13
movl 0 -21.2047 369.8484 248.4114 -147.3920 -9.0672 81.7891 100.0000 stroke14
movl 0 -33.1355 367.7809 193.3588 -150.8376 -1.2585 79.6287 100.0000 stroke14
movl 0 -43.6489 360.4288 176.0510 -153.5102 -1.1930 80.0223 100.0000 stroke14
movl 0 -52.0477 354.5922 177.2450 -156.1790 -3.4335 79.7380 100.0000 stroke14
movl 0 -54.3430 353.1137 177.3612 -157.2470 -3.8333 77.9468 100.0000 stroke14
movl 0 -56.6927 354.6942 176.4514 -158.0909 -2.5738 76.2124 100.0000 stroke14
movl 0 -58.1134 356.4548 175.6014 -158.6994 -1.1421 75.4913 100.0000 stroke14
movl 0 -59.9656 358.6126 174.9550 -159.5052 1.0792 75.0674 100.0000 stroke14
movl 0 -62.4176 361.0484 174.1289 -160.4958 3.4216 75.7062 100.0000 stroke14
movl 0 -64.4113 362.3351 173.4256 -161.1337 4.9023 77.0916 100.0000 stroke14
movl 0 -66.0254 361.4695 173.4464 -161.2502 5.1997 78.2699 100.0000 stroke14
movl 0 -61.6893 358.6468 175.0170 -159.4363 3.3210 77.6574 100.0000 stroke14
movl 0 -60.1971 357.3956 175.2979 -158.6576 2.2864 76.9758 100.0000 stroke14
movl 0 -60.6700 358.5234 175.1156 -159.3264 3.1740 76.3126 100.0000 stroke14
movl 0 -61.8769 360.2063 174.8865 -160.4225 4.9472 75.7225 100.0000 stroke14
movl 0 -62.3114 360.2116 174.8135 -160.6562 5.1927 75.2493 100.0000 stroke14
movl 0 -62.0959 359.8091 174.8084 -160.3856 4.2378 74.6021 100.0000 stroke14
movl 0 -61.5042 360.2592 174.7022 -160.3156 3.7447 73.6025 100.0000 stroke14
movl 0 -54.9040 358.5534 176.4035 -158.1154 1.9957 71.0169 100.0000 stroke14
movl 0 -44.5007 347.8150 187.4563 -151.6254 -6.3562 71.6136 100.0000 stroke14
movl 0 -35.2340 333.1685 240.4920 -143.0327 -24.5230 70.7919 100.0000 stroke14
movl 0 -29.7474 371.6527 215.6228 -148.6102 8.6154 58.6381 100.0000 stroke15
movl 0 -26.6652 369.6204 179.9404 -151.4514 12.8962 56.0333 100.0000 stroke15
movl 0 -29.6513 366.3355 173.4399 -153.1849 12.2839 54.7155 100.0000 stroke15
movl 0 -32.3181 367.2628 171.8209 -154.0213 12.5624 54.3027 100.0000 stroke15
movl 0 -36.0414 368.1978 171.1760 -155.7701 12.4820 53.3151 100.0000 stroke15
movl 0 -41.4296 371.3294 171.5545 -160.9090 14.3694 49.9847 100.0000 stroke15
movl 0 -43.6851 372.0301 172.5184 -163.7241 15.2789 47.1360 100.0000 stroke15
movl 0 -44.7753 371.2928 173.0727 -164.4236 15.0959 45.9440 100.0000 stroke15
movl 0 -44.7354 371.3967 173.4825 -165.6097 15.2629 44.9562 100.0000 stroke15
movl 0 -44.0748 371.0742 173.8037 -166.4693 15.2569 44.3876 100.0000 stroke15
movl 0 -42.9681 371.0000 173.9678 -167.1563 15.1267 43.9590 100.0000 stroke15
movl 0 -41.2741 371.2661 174.1521 -168.0899 14.9228 43.3922 100.0000 stroke15
movl 0 -39.8336 371.0477 174.2483 -168.9129 14.3635 42.7548 100.0000 stroke15
movl 0 -38.6294 371.2891 174.2593 -169.9955 13.7201 41.9542 100.0000 stroke15
movl 0 -36.8177 371.7551 174.2632 -170.9578 13.0906 41.1793 100.0000 stroke15
movl 0 -34.4478 372.5167 174.2156 -171.7980 12.5191 40.5995 100.0000 stroke15
movl 0 -31.6280 373.2264 174.0993 -172.5268 11.9249 39.9054 100.0000 stroke15
movl 0 -28.3359 374.6009 173.9841 -173.2550 11.1166 38.8902 100.0000 stroke15
movl 0 -27.2910 373.8463 174.4170 -173.1620 10.2273 38.4502 100.0000 stroke15
movl 0 -26.7525 372.5724 175.2076 -172.3623 10.3405 39.1857 100.0000 stroke15
movl 0 -24.7071 371.6356 175.5888 -171.4660 10.7240 39.8079 100.0000 stroke15
movl 0 -22.9862 371.3822 175.9159 -170.8587 11.0987 40.1528 100.0000 stroke15
movl 0 -21.2078 370.7290 176.2271 -170.4038 11.5796 40.4897 100.0000 stroke15
movl 0 -20.0195 370.6976 176.4347 -170.3566 11.9252 40.4918 100.0000 stroke15
movl 0 -19.3037 370.5533 176.5648 -170.4209 12.1202 40.2804 100.0000 stroke15
movl 0 -18.0292 370.6296 176.6973 -170.3854 12.3580 40.0565 100.0000 stroke15
movl 0 -16.4287 370.0635 177.0079 -170.1172 12.8523 40.2118 100.0000 stroke15
movl 0 -15.1718 368.5825 177.2291 -168.9582 13.2889 41.2823 100.0000 stroke15
movl 0 -13.4392 370.1446 176.8307 -169.7408 13.3562 39.7582 100.0000 stroke15
movl 0 -12.9561 370.1011 176.9868 -169.5330 13.3490 39.5209 100.0000 stroke15
movl 0 -9.2787 369.1915 177.2365 -167.8951 14.3461 40.6456 100.0000 stroke15
movl 0 -3.8542 368.1534 175.1926 -162.5216 16.6093 46.6405 100.0000 stroke15
movl 0 -8.6071 370.6243 173.6653 -164.7197 15.6289 46.4030 100.0000 stroke15
movl 0 -17.0952 369.3804 173.8137 -168.0496 12.1630 43.9716 100.0000 stroke15
movl 0 -22.0441 367.2998 174.1318 -167.9198 9.6605 43.9749 100.0000 stroke15
movl 0 -24.1526 367.0457 174.2709 -166.9294 8.5428 44.6245 100.0000 stroke15
movl 0 -24.7132 367.8270 174.4106 -166.0740 8.2217 45.3057 100.0000 stroke15
movl 0 -23.5907 365.9231 174.5849 -165.6644 8.2574 45.9760 100.0000 stroke15
movl 0 -24.0101 365.5676 175.0628 -164.6035 7.8271 46.6606 100.0000 stroke15
movl 0 -24.8541 365.3231 175.5105 -163.8279 7.3065 47.3510 100.0000 stroke15
movl 0 -24.8599 364.2526 175.7692 -163.3310 6.9621 47.8989 100.0000 stroke15
movl 0 -24.7723 362.8724 176.1330 -162.6831 6.5682 48.8631 100.0000 stroke15
movl 0 -24.6335 361.6374 176.3899 -162.1291 6.1365 49.6259 100.0000 stroke15
movl 0 -24.9311 360.4675 176.6031 -161.6981 5.5799 50.6080 100.0000 stroke15
movl 0 -25.2391 360.3435 176.5652 -161.7391 5.4671 51.1103 100.0000 stroke15
movl 0 -23.8092 357.3745 177.8398 -160.6958 5.2860 51.8513 100.0000 stroke15
movl 0 -19.5057 336.9620 204.4638 -151.4149 0.6744 54.4360 100.0000 stroke15
movl 0 -21.6244 333.8952 220.0737 -143.7616 -7.1891 53.2734 100.0000 stroke16
movl 0 -22.1199 334.7886 182.7986 -149.9342 -0.4342 49.8001 100.0000 stroke16
movl 0 -30.4328 332.4743 178.9853 -153.3239 -1.1305 47.7164 100.0000 stroke16
movl 0 -32.4910 335.3154 177.3245 -154.7111 -0.3834 47.0338 100.0000 stroke16
movl 0 -34.9265 336.9857 176.4325 -155.3098 0.4261 47.2855 100.0000 stroke16
movl 0 -39.4487 337.0714 174.7018 -154.9948 -0.3663 48.6011 100.0000 stroke16
movl 0 -41.6175 340.3450 174.2545 -157.3601 0.9296 47.9165 100.0000 stroke16
movl 0 -44.0062 343.5062 173.9320 -160.2255 3.1910 48.3039 100.0000 stroke16
movl 0 -42.8053 341.9975 174.6895 -159.8126 3.8754 49.3041 100.0000 stroke16
movl 0 -42.3053 339.3360 175.2016 -158.5337 2.8098 49.7052 100.0000 stroke16
movl 0 -45.0101 338.5771 174.9456 -159.5414 2.0728 48.8641 100.0000 stroke16
movl 0 -47.2150 339.2090 174.8736 -161.5810 2.4515 48.0269 100.0000 stroke16
movl 0 -48.7154 338.6985 174.9688 -161.3325 1.5800 47.9419 100.0000 stroke16
movl 0 -49.9168 338.3846 174.7627 -160.9825 0.3216 47.5861 100.0000 stroke16
movl 0 -51.3487 337.8299 174.6199 -160.9361 -0.5539 47.3056 100.0000 stroke16
movl 0 -52.1948 336.8643 174.5993 -160.6674 -1.3993 46.9238 100.0000 stroke16
movl 0 -52.2430 336.0728 174.6817 -160.2962 -2.0584 46.5719 100.0000 stroke16
movl 0 -51.9736 335.6536 174.7609 -160.0036 -2.4048 46.3453 100.0000 stroke16
movl 0 -51.1607 335.5493 174.9327 -159.7144 -2.5001 46.1737 100.0000 stroke16
movl 0 -50.3639 335.5299 175.1325 -159.5132 -2.4369 46.1050 100.0000 stroke16
movl 0 -49.5761 335.3737 175.3770 -159.2577 -2.3779 46.0755 100.0000 stroke16
movl 0 -49.1320 335.0996 175.5490 -159.0812 -2.4046 46.0136 100.0000 stroke16
movl 0 -47.3117 334.1084 176.2723 -158.3127 -2.3756 46.0408 100.0000 stroke16
movl 0 -48.0449 323.3499 183.6010 -154.8953 -5.8685 46.4349 100.0000 stroke16
movl 0 -55.9410 297.3699 234.5312 -145.9733 -16.3924 46.4788 100.0000 stroke16
movl 0 -45.9503 313.3204 203.4120 -152.8186 -11.1506 50.4912 100.0000 stroke17
movl 0 -37.8572 320.4451 180.5136 -154.7017 -6.7414 48.3335 100.0000 stroke17
movl 0 -39.2383 325.0157 178.2781 -155.5132 -5.6249 47.7723 100.0000 stroke17
movl 0 -38.9644 327.0530 177.7226 -155.9554 -4.7318 47.0540 100.0000 stroke17
movl 0 -41.1729 329.2319 176.8452 -156.9947 -4.6068 46.2924 100.0000 stroke17
movl 0 -43.4203 331.6955 176.2265 -158.6313 -4.3915 45.0355 100.0000 stroke17
movl 0 -46.6052 333.3693 175.8765 -160.3611 -4.7158 43.4122 100.0000 stroke17
movl 0 -50.0794 335.4714 175.6663 -162.2925 -5.0111 41.0252 100.0000 stroke17
movl 0 -54.0483 336.7494 175.6278 -164.1143 -5.6767 38.3417 100.0000 stroke17
movl 0 -57.3962 337.6985 174.8890 -165.3695 -6.5040 35.6553 100.0000 stroke17
movl 0 -59.3252 339.9824 174.6209 -166.9097 -6.5763 32.3944 100.0000 stroke17
movl 0 -58.5761 339.5797 174.9218 -166.4385 -6.2413 31.6886 100.0000 stroke17
movl 0 -55.7983 337.7026 176.0656 -164.6759 -5.7989 31.1896 100.0000 stroke17
movl 0 -54.5178 337.8075 176.4866 -164.3887 -5.5984 30.4962 100.0000 stroke17
movl 0 -53.8121 338.4178 176.5654 -164.5714 -5.2606 30.2814 100.0000 stroke17
movl 0 -53.6169 338.9331 176.8425 -165.3872 -4.4471 30.4793 100.0000 stroke17
movl 0 -53.7448 339.3920 177.0616 -166.2139 -3.8655 29.9664 100.0000 stroke17
movl 0 -53.4280 339.1419 177.2792 -166.4197 -3.6258 29.7072 100.0000 stroke17
movl 0 -52.4285 338.0315 177.6847 -166.2115 -3.4323 29.7097 100.0000 stroke17
movl 0 -50.9758 337.1279 178.2610 -165.9934 -3.1772 29.5511 100.0000 stroke17
movl 0 -50.6252 336.6873 178.3871 -165.9869 -3.0746 29.6453 100.0000 stroke17
movl 0 -50.5708 336.5791 178.4748 -165.8011 -3.0217 29.8187 100.0000 stroke17
movl 0 -50.0002 336.2680 178.7975 -165.3825 -2.8443 30.1753 100.0000 stroke17
movl 0 -45.8077 331.2047 183.7197 -162.4443 -2.5868 30.5471 100.0000 stroke17
