movl 0 -66.0167 381.2707 174.2518 172.4355 27.6227 -74.6547 100.0000 stroke1
movl 0 -67.0211 381.1549 173.3570 171.8253 27.5360 -74.9295 100.0000 stroke1
movl 0 -68.9750 382.2249 172.3171 171.0734 26.6802 -76.5070 100.0000 stroke1
movl 0 -70.6302 383.7660 171.6118 170.4446 25.3929 -79.3358 100.0000 stroke1
movl 0 -72.8552 385.1845 171.5938 170.7994 23.9304 -81.2231 100.0000 stroke1
movl 0 -76.0430 385.3415 171.6085 172.0024 23.1744 -82.4149 100.0000 stroke1
movl 0 -78.9104 385.7025 171.6475 173.2856 22.5236 -83.6881 100.0000 stroke1
movl 0 -81.6061 386.2339 171.5931 174.6341 21.9238 -84.9604 100.0000 stroke1
movl 0 -83.5562 387.7265 171.4132 175.8294 21.1138 -86.9025 100.0000 stroke1
movl 0 -82.1435 387.1183 171.6295 175.1237 21.4490 -87.2303 100.0000 stroke1
movl 0 -79.3287 385.4925 171.7587 174.1452 22.7094 -87.1125 100.0000 stroke1
movl 0 -78.3852 384.8374 171.8956 173.8495 23.1914 -87.3182 100.0000 stroke1
movl 0 -77.7720 384.6582 172.0874 173.7709 23.3191 -87.5763 100.0000 stroke1
movl 0 -77.0935 384.9425 172.1705 173.6092 23.1622 -87.6909 100.0000 stroke1
movl 0 -77.0472 385.8193 172.3450 173.4485 22.0623 -87.8179 100.0000 stroke1
movl 0 -77.0739 387.1814 172.6165 173.2647 20.7011 -88.4689 100.0000 stroke1
movl 0 -76.6076 387.8945 172.7875 172.9938 19.9256 -88.7606 100.0000 stroke1
movl 0 -76.3759 388.2950 172.8376 172.7679 19.3931 -88.6415 100.0000 stroke1
movl 0 -76.2780 388.0580 172.9507 172.6357 19.6274 -88.3257 100.0000 stroke1
movl 0 -75.7465 388.0548 173.0435 172.3499 19.7569 -88.0861 100.0000 stroke1
movl 0 -73.5632 386.1782 173.8237 171.4705 20.7660 -87.5811 100.0000 stroke1
movl 0 -63.8051 376.6632 179.9608 169.9286 27.3082 -84.7367 100.0000 stroke1
movl 0 -59.2019 360.2837 225.1489 172.8331 37.2874 -73.2333 100.0000 stroke1
movl 0 -40.2520 391.7252 248.7830 166.5191 35.1748 -55.6367 100.0000 stroke2
movl 0 -33.6031 395.3061 196.0543 165.8097 29.6502 -61.3672 100.0000 stroke2
movl 0 -37.6839 396.4421 179.2334 166.6754 26.8439 -63.0809 100.0000 stroke2
movl 0 -43.9443 395.8908 178.2253 165.0816 24.7235 -63.5506 100.0000 stroke2
movl 0 -54.4670 396.0757 175.3753 166.0489 23.0499 -61.3212 100.0000 stroke2
movl 0 -58.3960 396.3700 174.1526 166.5677 22.4801 -60.7250 100.0000 stroke2
movl 0 -61.8424 397.0837 173.0740 167.5135 21.5385 -61.1420 100.0000 stroke2
movl 0 -64.9829 398.2382 172.8810 168.6520 19.4784 -62.5935 100.0000 stroke2
movl 0 -65.8412 398.4734 173.3808 169.1437 18.6733 -63.5730 100.0000 stroke2
movl 0 -64.4173 399.0346 173.6392 169.2714 18.6535 -64.5820 100.0000 stroke2
movl 0 -61.3698 400.2537 174.1318 169.1130 18.3619 -66.2314 100.0000 stroke2
movl 0 -56.8362 401.9193 174.4837 168.6956 18.1602 -68.4937 100.0000 stroke2
movl 0 -51.6852 404.1245 174.6657 168.4239 17.6932 -70.7543 100.0000 stroke2
movl 0 -45.8680 406.1403 174.8491 168.3696 17.2312 -73.4049 100.0000 stroke2
movl 0 -39.5092 409.0198 174.7213 168.6133 16.3875 -76.9545 100.0000 stroke2
movl 0 -35.8595 411.3875 174.2899 168.9128 15.5259 -79.6274 100.0000 stroke2
movl 0 -34.8856 408.1963 175.0911 168.2168 16.9499 -79.3316 100.0000 stroke2
movl 0 -33.1228 406.9058 175.4622 167.7084 17.7153 -79.5043 100.0000 stroke2
movl 0 -33.1945 406.4628 175.5716 167.7878 17.7829 -79.5762 100.0000 stroke2
movl 0 -32.4522 406.5157 175.6495 167.5328 17.8928 -79.7251 100.0000 stroke2
movl 0 -32.9118 406.9718 175.6795 167.8940 17.3149 -79.7923 100.0000 stroke2
movl 0 -33.3391 408.1331 175.5729 168.0853 16.1383 -80.3955 100.0000 stroke2
movl 0 -33.8604 408.4464 175.2266 168.1108 15.7040 -80.1570 100.0000 stroke2
movl 0 -33.7634 405.7564 175.5213 166.7900 17.2820 -77.6255 100.0000 stroke2
movl 0 -28.0703 391.9139 181.8625 165.4370 27.3715 -72.4710 100.0000 stroke2
movl 0 -34.6054 371.3703 229.5980 171.1629 38.4138 -61.5215 100.0000 stroke2
movl 0 -43.0378 385.2168 218.7242 154.1205 26.8419 -69.7716 100.0000 stroke3
movl 0 -40.1159 382.8337 188.1963 154.9692 24.1377 -71.5677 100.0000 stroke3
movl 0 -42.5807 380.4622 175.0259 157.1367 24.4884 -70.8015 100.0000 stroke3
movl 0 -44.3536 380.4187 174.4177 158.8054 24.5823 -69.7042 100.0000 stroke3
movl 0 -45.3824 381.6625 175.3550 159.7891 24.0177 -70.2019 100.0000 stroke3
movl 0 -51.1477 381.3108 177.6802 161.9596 22.3054 -70.4124 100.0000 stroke3
movl 0 -52.5808 382.9010 176.7921 162.7369 21.8775 -69.7989 100.0000 stroke3
movl 0 -52.8788 384.6851 175.7423 163.2268 21.6785 -70.3946 100.0000 stroke3
movl 0 -55.8504 385.9558 174.4959 164.0817 20.9923 -71.1489 100.0000 stroke3
movl 0 -61.2734 387.8837 173.8908 165.2662 18.0641 -72.1945 100.0000 stroke3
movl 0 -62.1176 389.3466 174.2156 164.8832 15.8833 -74.1415 100.0000 stroke3
movl 0 -62.5734 388.9301 174.6963 164.5597 14.8126 -75.1349 100.0000 stroke3
movl 0 -63.4671 388.4205 175.4629 164.2541 13.2633 -76.2251 100.0000 stroke3
movl 0 -65.0117 387.4301 176.2579 164.0474 11.5557 -77.2968 100.0000 stroke3
movl 0 -67.0524 385.8696 176.9765 164.0212 9.8343 -77.8439 100.0000 stroke3
movl 0 -70.2690 382.4993 177.6478 164.3042 8.6353 -77.5826 100.0000 stroke3
movl 0 -73.8803 378.6057 178.2100 164.5285 7.6913 -76.7365 100.0000 stroke3
movl 0 -77.5025 374.2832 178.9331 164.6932 7.1486 -75.6297 100.0000 stroke3
movl 0 -80.7918 370.9997 179.5704 164.6379 6.6920 -74.4376 100.0000 stroke3
movl 0 -83.7799 368.6661 180.0291 164.6377 6.5880 -73.2734 100.0000 stroke3
movl 0 -85.8378 367.0352 180.6005 164.4234 6.6514 -72.4422 100.0000 stroke3
movl 0 -86.9517 365.3162 181.7832 163.6736 7.1148 -71.1569 100.0000 stroke3
movl 0 -78.1021 357.9118 196.7560 159.2966 14.0732 -67.8720 100.0000 stroke3
movl 0 -40.1049 399.9296 196.4161 168.2676 29.2613 -46.4180 100.0000 stroke4
movl 0 -43.8003 398.1829 183.3727 168.5100 23.9267 -51.1700 100.0000 stroke4
movl 0 -48.0462 398.8485 179.6662 168.0846 20.3361 -53.9913 100.0000 stroke4
movl 0 -49.2319 397.8366 178.7313 167.6481 20.3948 -53.0260 100.0000 stroke4
movl 0 -50.7936 399.4711 177.5857 167.4684 19.7746 -52.7381 100.0000 stroke4
movl 0 -57.5060 400.2466 177.2001 169.6950 17.2016 -53.6702 100.0000 stroke4
movl 0 -59.4588 400.0546 177.5366 170.4488 16.2773 -54.6774 100.0000 stroke4
movl 0 -60.1998 400.0496 177.6601 171.0011 16.1192 -55.4790 100.0000 stroke4
movl 0 -58.1400 401.1472 177.8517 170.8397 15.9285 -57.2020 100.0000 stroke4
movl 0 -55.2003 402.9414 178.0256 170.6503 15.4468 -59.6125 100.0000 stroke4
movl 0 -51.2868 405.2936 177.9584 170.2564 15.0197 -61.9117 100.0000 stroke4
movl 0 -49.4400 403.5881 178.6572 169.7597 15.9870 -61.8808 100.0000 stroke4
movl 0 -48.6682 403.9746 178.5176 169.5383 15.8797 -62.0789 100.0000 stroke4
movl 0 -48.9420 404.6744 178.1279 169.4169 14.8559 -62.4196 100.0000 stroke4
movl 0 -49.1376 404.7174 177.9441 168.6123 14.7580 -62.1055 100.0000 stroke4
movl 0 -42.2754 395.7313 182.7374 166.3476 20.5887 -61.0398 100.0000 stroke4
movl 0 -31.0702 374.6229 215.0202 168.0686 36.6765 -59.2310 100.0000 stroke4
movl 0 -28.0937 391.9044 188.0148 163.0355 28.4516 -59.2959 100.0000 stroke5
movl 0 -27.0101 394.4236 176.6736 163.1491 25.4018 -61.3561 100.0000 stroke5
movl 0 -31.7195 396.0468 174.1210 164.8486 24.5041 -60.8517 100.0000 stroke5
movl 0 -32.4321 396.0658 173.9045 164.7917 24.2860 -61.2835 100.0000 stroke5
movl 0 -34.3228 397.6478 172.9349 164.8565 23.8818 -61.5284 100.0000 stroke5
movl 0 -37.5816 399.6628 171.7032 165.6373 22.4762 -62.1046 100.0000 stroke5
movl 0 -40.8656 402.8151 171.4740 165.8114 18.7997 -64.6634 100.0000 stroke5
movl 0 -41.7183 403.9766 171.7415 164.9610 17.1848 -66.0189 100.0000 stroke5
movl 0 -41.7763 404.0796 172.5741 164.0007 15.6283 -67.6572 100.0000 stroke5
movl 0 -42.3158 405.2687 173.4560 162.7989 13.1204 -69.8882 100.0000 stroke5
movl 0 -43.5654 407.4206 174.1318 161.7603 9.3391 -72.7829 100.0000 stroke5
movl 0 -44.9848 410.0072 174.3879 161.2668 5.6084 -74.7962 100.0000 stroke5
movl 0 -44.0910 409.3248 174.8846 160.9489 5.2565 -75.8499 100.0000 stroke5
movl 0 -45.2946 410.1523 175.0150 161.1753 3.8235 -76.2627 100.0000 stroke5
movl 0 -44.4388 409.4116 175.2413 161.0214 4.3516 -76.0659 100.0000 stroke5
movl 0 -44.7954 407.5698 175.6416 161.3462 5.3872 -75.9562 100.0000 stroke5
movl 0 -42.4286 402.3048 176.6614 161.1793 9.2362 -75.6510 100.0000 stroke5
movl 0 -39.1692 375.1212 196.0689 164.5216 27.1410 -70.6381 100.0000 stroke5
movl 0 -36.8332 395.2318 206.1995 158.6482 18.0136 -74.0837 100.0000 stroke6
movl 0 -40.5031 393.0093 185.1521 159.9752 16.1460 -74.2009 100.0000 stroke6
movl 0 -42.7083 392.0951 180.8494 160.7690 15.6076 -74.2104 100.0000 stroke6
movl 0 -46.8923 389.3143 179.7675 162.9118 15.8889 -73.9587 100.0000 stroke6
movl 0 -46.2102 391.1551 179.5376 163.2651 15.3695 -75.2075 100.0000 stroke6
movl 0 -46.0561 391.8853 178.8218 163.1641 15.4205 -75.5917 100.0000 stroke6
movl 0 -46.5898 393.1556 177.8309 163.5675 15.0756 -76.1210 100.0000 stroke6
movl 0 -47.8537 394.6557 177.0796 163.5598 13.6876 -76.0370 100.0000 stroke6
movl 0 -49.6793 392.9105 177.3076 163.5393 13.3532 -75.0082 100.0000 stroke6
movl 0 -51.8298 391.8239 177.2145 163.2846 12.8551 -73.6240 100.0000 stroke6
movl 0 -54.5412 389.8512 177.3260 163.4499 12.8321 -72.3183 100.0000 stroke6
movl 0 -55.1330 389.3273 177.4293 163.3272 12.9254 -71.9932 100.0000 stroke6
movl 0 -54.6555 388.0678 178.0871 162.7406 13.6242 -71.1298 100.0000 stroke6
movl 0 -46.0384 377.4088 196.0790 160.3832 22.0671 -67.9516 100.0000 stroke6
movl 0 -33.4286 389.9710 234.4817 163.2571 33.7179 -54.5385 100.0000 stroke7
movl 0 -28.0245 393.6909 186.3855 159.9340 24.9062 -65.3495 100.0000 stroke7
movl 0 -31.4404 390.6048 175.4388 161.2670 19.7366 -70.6072 100.0000 stroke7
movl 0 -41.9672 384.1330 178.4383 164.9679 19.1482 -71.8304 100.0000 stroke7
movl 0 -43.2689 381.0437 178.4128 165.5709 19.7782 -72.2927 100.0000 stroke7
movl 0 -43.7996 383.1925 177.5927 165.1891 18.9761 -72.4689 100.0000 stroke7
movl 0 -45.2617 384.8677 176.6725 165.1142 18.0835 -72.3666 100.0000 stroke7
movl 0 -49.7488 386.2758 176.5876 167.4079 16.1069 -74.6427 100.0000 stroke7
movl 0 -50.5791 386.8508 176.6123 168.0842 15.2783 -75.7831 100.0000 stroke7
movl 0 -47.4856 385.9520 177.2722 167.3817 16.1036 -76.6389 100.0000 stroke7
movl 0 -48.4392 386.8631 177.2949 167.4329 14.7710 -75.7478 100.0000 stroke7
movl 0 -42.7792 385.2434 178.2600 166.0077 17.4597 -73.8401 100.0000 stroke7
movl 0 -27.8972 378.6908 196.4116 167.3421 30.3835 -62.7631 100.0000 stroke7
movl 0 -18.9665 393.0483 227.6838 166.2359 31.5227 -55.2782 100.0000 stroke8
movl 0 -16.6645 405.2828 186.2891 160.0112 21.2790 -64.6852 100.0000 stroke8
movl 0 -20.7529 402.8316 174.9170 161.7668 20.4142 -65.8875 100.0000 stroke8
movl 0 -26.7179 398.3167 175.7165 164.6632 20.5160 -64.8826 100.0000 stroke8
movl 0 -28.7866 397.1478 176.0483 165.0274 20.1058 -64.8471 100.0000 stroke8
movl 0 -30.0852 397.6902 175.8913 165.1061 19.3266 -65.0300 100.0000 stroke8
movl 0 -32.9749 397.1032 175.9761 166.0395 18.6695 -65.3763 100.0000 stroke8
movl 0 -35.7652 397.1976 176.0362 166.9624 17.7154 -66.0080 100.0000 stroke8
movl 0 -37.6809 396.4963 176.2265 167.7263 17.5300 -66.4123 100.0000 stroke8
movl 0 -37.7729 396.7267 176.2836 167.9560 17.3216 -67.2397 100.0000 stroke8
movl 0 -37.6871 397.0328 176.3536 168.2304 17.0817 -68.3391 100.0000 stroke8
movl 0 -37.2281 398.0755 176.2533 168.3789 16.6838 -70.2089 100.0000 stroke8
movl 0 -36.7962 398.9623 176.0736 168.7977 16.2849 -71.9159 100.0000 stroke8
movl 0 -36.0943 400.5597 175.7274 169.3198 15.6810 -74.2493 100.0000 stroke8
movl 0 -35.4087 400.7401 175.7268 169.2670 15.6989 -75.0308 100.0000 stroke8
movl 0 -33.6470 398.7893 176.3629 168.7646 16.8467 -74.8456 100.0000 stroke8
movl 0 -32.6333 398.1399 176.5719 168.5799 17.3259 -74.8857 100.0000 stroke8
movl 0 -32.9153 398.4009 176.6060 168.7025 16.9736 -74.8527 100.0000 stroke8
movl 0 -33.8029 399.3620 176.6840 169.0700 15.7054 -75.1593 100.0000 stroke8
movl 0 -35.4476 398.6752 176.6047 168.7509 15.7292 -73.6624 100.0000 stroke8
movl 0 -33.3194 396.6796 177.2164 167.5764 16.9924 -72.4176 100.0000 stroke8
movl 0 -32.0493 394.4079 178.8250 167.0536 18.5527 -71.1934 100.0000 stroke8
movl 0 -33.7430 386.7630 199.6789 169.0984 25.7849 -65.3913 100.0000 stroke8
movl 0 -22.9629 403.3130 225.6617 166.5628 30.7351 -57.2965 100.0000 stroke9
movl 0 -13.3294 400.6041 190.2554 161.6844 24.6741 -64.7078 100.0000 stroke9
movl 0 -10.0895 400.7121 175.3816 161.2946 23.3864 -65.7188 100.0000 stroke9
movl 0 -15.4689 399.4031 172.9069 163.6229 24.3503 -64.0461 100.0000 stroke9
movl 0 -18.3041 401.3472 171.8917 164.3656 23.6164 -63.4054 100.0000 stroke9
movl 0 -21.2477 401.7233 171.1844 165.3821 23.1898 -63.1450 100.0000 stroke9
movl 0 -23.9631 404.5691 170.6711 165.5703 20.3501 -65.1706 100.0000 stroke9
movl 0 -24.3338 405.3823 171.1114 164.7306 18.7826 -67.3389 100.0000 stroke9
movl 0 -24.3625 405.4669 171.8122 163.7781 17.3669 -68.8077 100.0000 stroke9
movl 0 -25.0611 405.8063 172.7330 162.9062 15.3015 -70.6314 100.0000 stroke9
movl 0 -25.8327 407.3177 173.5668 162.0858 12.4426 -72.4547 100.0000 stroke9
movl 0 -26.9694 409.4088 174.0637 161.4080 9.1369 -74.4295 100.0000 stroke9
movl 0 -27.8043 410.8120 174.2785 160.9571 6.6860 -75.7673 100.0000 stroke9
movl 0 -29.2534 411.5538 174.5986 161.1944 4.8561 -76.6072 100.0000 stroke9
movl 0 -27.2961 408.9352 175.3999 161.0090 6.7325 -76.9355 100.0000 stroke9
movl 0 -28.1025 410.0989 175.2379 160.9175 5.2168 -76.8617 100.0000 stroke9
movl 0 -28.2883 408.3306 175.8369 161.1585 5.9343 -77.0203 100.0000 stroke9
movl 0 -29.7431 408.3796 175.6659 161.4471 5.3041 -76.8264 100.0000 stroke9
movl 0 -27.8929 405.5081 176.5017 161.1534 7.8083 -76.7731 100.0000 stroke9
movl 0 -23.3036 387.5458 188.0983 161.6604 20.8411 -73.2780 100.0000 stroke9
movl 0 -29.2365 382.0227 243.5809 163.5806 26.0954 -70.8221 100.0000 stroke10
movl 0 -27.1714 385.5566 200.0263 161.8662 20.4489 -73.2862 100.0000 stroke10
movl 0 -25.6685 389.8250 182.6667 161.6256 18.2457 -74.7415 100.0000 stroke10
movl 0 -24.1943 389.9048 181.1963 161.2968 17.8568 -75.5200 100.0000 stroke10
movl 0 -24.2088 392.2973 177.7309 161.6798 16.9885 -75.8127 100.0000 stroke10
movl 0 -24.6118 393.4212 176.7488 161.6457 16.8040 -75.8505 100.0000 stroke10
movl 0 -25.0497 394.7251 176.1477 161.9628 15.9926 -76.6346 100.0000 stroke10
movl 0 -28.1589 397.2528 175.1954 162.5674 14.1880 -76.8960 100.0000 stroke10
movl 0 -28.9641 397.5291 175.0066 162.3736 13.3936 -76.9040 100.0000 stroke10
movl 0 -29.8327 396.7548 175.1826 162.2192 13.1247 -76.4507 100.0000 stroke10
movl 0 -30.6347 396.3542 175.3107 162.0336 12.8168 -75.8259 100.0000 stroke10
movl 0 -31.0402 395.9015 175.4693 161.8799 12.7783 -75.3801 100.0000 stroke10
movl 0 -31.1476 395.4050 175.6406 161.6670 12.8994 -75.0171 100.0000 stroke10
movl 0 -30.8767 394.0423 176.3031 161.2064 13.3826 -74.4167 100.0000 stroke10
movl 0 -31.3411 387.5133 182.8475 160.7950 17.1034 -72.2655 100.0000 stroke10
movl 0 -45.7772 367.2217 222.1476 163.1905 26.9118 -65.3431 100.0000 stroke10
movl 0 -26.0114 382.2868 232.7371 170.2197 36.5408 -53.1358 100.0000 stroke11
movl 0 -16.4816 379.5653 188.9138 169.0894 33.7818 -55.6922 100.0000 stroke11
movl 0 -15.7713 377.5754 172.9902 171.5001 32.9019 -53.0937 100.0000 stroke11
movl 0 -21.8230 376.6265 172.8206 171.2323 30.3752 -55.2740 100.0000 stroke11
movl 0 -24.5573 378.1061 174.0546 169.7543 27.2638 -58.9811 100.0000 stroke11
movl 0 -30.7118 378.4228 177.7852 168.1199 21.7550 -67.1950 100.0000 stroke11
movl 0 -36.5830 376.8406 178.9070 169.1446 20.3946 -69.4710 100.0000 stroke11
movl 0 -35.7439 376.6666 178.3254 168.8026 20.8970 -69.4919 100.0000 stroke11
movl 0 -35.7173 376.9880 178.0179 168.3554 20.4394 -69.4515 100.0000 stroke11
movl 0 -35.7151 377.5434 177.9349 168.6741 20.1943 -70.2719 100.0000 stroke11
movl 0 -35.9946 378.0622 177.4389 169.2295 20.0961 -70.9426 100.0000 stroke11
movl 0 -37.1480 378.3857 176.7552 169.4307 20.0482 -70.2869 100.0000 stroke11
movl 0 -39.8371 378.9480 176.6078 170.8303 19.1185 -70.9558 100.0000 stroke11
movl 0 -43.5157 378.9263 176.6903 172.7106 18.2494 -71.7943 100.0000 stroke11
movl 0 -46.0675 379.2654 176.5998 174.1360 17.4487 -73.1168 100.0000 stroke11
movl 0 -47.5197 380.9906 176.4211 175.4044 16.1644 -75.5809 100.0000 stroke11
movl 0 -47.1448 382.2650 176.2074 175.4624 15.5450 -76.6747 100.0000 stroke11
movl 0 -43.0863 379.7143 177.1997 174.0547 17.0087 -76.2407 100.0000 stroke11
movl 0 -40.8057 379.2151 177.6992 173.4588 17.5088 -76.5544 100.0000 stroke11
movl 0 -40.9197 379.9560 177.6070 173.3628 16.8736 -76.5727 100.0000 stroke11
movl 0 -40.8648 381.3202 177.8123 173.0944 15.7384 -77.0959 100.0000 stroke11
movl 0 -40.6961 382.0501 177.9147 172.9381 14.9609 -77.3584 100.0000 stroke11
movl 0 -40.2217 381.0514 177.9160 172.2802 15.5888 -76.1294 100.0000 stroke11
movl 0 -37.5619 378.0707 178.1885 171.3316 17.7619 -74.2509 100.0000 stroke11
movl 0 -35.0529 374.0178 180.0511 171.2379 21.0194 -70.2232 100.0000 stroke11
movl 0 -41.0098 359.4970 205.9058 -179.5051 30.3549 -50.2249 100.0000 stroke11
movl 0 -27.0944 370.2079 197.3943 173.1778 33.5740 -36.7013 100.0000 stroke12
movl 0 -28.1676 368.7285 178.8985 173.0416 32.0914 -37.6188 100.0000 stroke12
movl 0 -36.3928 367.5439 178.3745 171.9611 26.1715 -44.6126 100.0000 stroke12
movl 0 -41.8899 365.1714 178.9350 171.3050 23.1513 -48.0472 100.0000 stroke12
movl 0 -44.8101 365.4535 178.0926 172.5701 22.9767 -48.3877 100.0000 stroke12
movl 0 -43.8065 367.1824 177.6870 172.3771 22.5890 -49.7507 100.0000 stroke12
movl 0 -45.0950 367.6757 177.0680 172.2135 22.2838 -49.8083 100.0000 stroke12
movl 0 -48.3097 368.5176 176.7378 172.9792 20.6320 -51.1699 100.0000 stroke12
movl 0 -50.5053 368.0892 176.8943 173.6269 19.8700 -51.9556 100.0000 stroke12
movl 0 -50.5215 368.0839 176.8945 173.8561 19.6040 -52.8092 100.0000 stroke12
movl 0 -48.5363 369.4644 176.9195 173.6908 19.0782 -54.9107 100.0000 stroke12
movl 0 -45.6520 371.5328 176.8928 173.6831 18.4747 -57.8571 100.0000 stroke12
movl 0 -44.2312 372.6863 176.8275 173.4240 18.0564 -59.4105 100.0000 stroke12
movl 0 -42.6069 370.2378 177.4889 173.3780 19.6666 -58.9105 100.0000 stroke12
movl 0 -42.4119 370.3939 177.5047 173.3117 19.6749 -58.9963 100.0000 stroke12
movl 0 -42.8004 371.1046 177.3967 173.3043 19.0419 -59.2516 100.0000 stroke12
movl 0 -42.7307 372.0834 177.2175 172.9841 18.0096 -60.2113 100.0000 stroke12
movl 0 -40.3346 369.0755 178.4328 171.3657 20.2970 -58.1995 100.0000 stroke12
movl 0 -19.4512 353.4933 198.7836 171.1862 36.3134 -56.1466 100.0000 stroke12
movl 0 -25.1292 358.0202 223.5219 150.7773 25.5188 -79.9818 100.0000 stroke13
movl 0 -27.6898 360.2426 186.1885 154.2384 18.1134 -84.0757 100.0000 stroke13
movl 0 -29.7422 361.3545 175.2340 156.0923 14.5209 -86.5329 100.0000 stroke13
movl 0 -32.2807 362.0034 174.9386 156.2046 13.8216 -86.4593 100.0000 stroke13
movl 0 -33.9953 362.8513 174.3087 156.7323 13.3856 -86.8083 100.0000 stroke13
movl 0 -35.7389 363.9169 173.5954 157.3505 12.8463 -86.7951 100.0000 stroke13
movl 0 -39.1047 364.1023 173.6030 159.0854 12.2302 -87.4834 100.0000 stroke13
movl 0 -40.9091 363.8743 173.8844 160.1450 11.8455 -88.1837 100.0000 stroke13
movl 0 -41.0709 363.5129 174.1963 160.5009 11.8466 -88.7557 100.0000 stroke13
movl 0 -39.2523 364.2524 174.5682 160.5703 11.4031 -90.2072 100.0000 stroke13
movl 0 -35.4199 365.8594 174.9293 160.5905 10.7679 -92.6280 100.0000 stroke13
movl 0 -31.8369 367.7689 174.8580 160.9422 10.1012 -95.3153 100.0000 stroke13
movl 0 -31.1034 367.4133 175.1203 160.6662 10.2787 -95.5666 100.0000 stroke13
movl 0 -29.6956 366.7537 175.4672 160.1225 10.8406 -95.6953 100.0000 stroke13
movl 0 -30.4640 367.0968 175.4856 160.6090 10.4680 -95.4917 100.0000 stroke13
movl 0 -30.5384 367.3216 175.4695 161.0484 10.1005 -95.5090 100.0000 stroke13
movl 0 -30.0218 364.8007 175.7608 158.8757 11.6617 -90.7759 100.0000 stroke13
movl 0 -23.8384 345.5459 201.1650 156.4549 28.4809 -76.6423 100.0000 stroke13
movl 0 -29.1649 360.6619 203.5776 157.7025 24.6484 -66.6315 100.0000 stroke14
movl 0 -30.1773 358.9428 180.7361 158.6704 18.7318 -71.8356 100.0000 stroke14
movl 0 -36.0711 356.7419 177.5545 160.6110 17.0889 -73.1323 100.0000 stroke14
movl 0 -43.5227 354.8605 176.9351 161.4368 17.5248 -72.4407 100.0000 stroke14
movl 0 -48.2056 354.5662 175.7749 162.1905 17.4118 -71.8245 100.0000 stroke14
movl 0 -50.7272 355.0857 175.0325 162.9587 16.6351 -71.8599 100.0000 stroke14
movl 0 -56.3218 354.6590 175.0309 165.3713 15.3076 -72.5964 100.0000 stroke14
movl 0 -57.7437 355.0370 175.2742 166.0935 14.2807 -73.4054 100.0000 stroke14
movl 0 -59.1083 354.4552 175.4845 166.8887 14.4369 -74.1629 100.0000 stroke14
movl 0 -55.6816 355.6124 175.9894 166.5562 14.2042 -75.9147 100.0000 stroke14
movl 0 -50.9948 356.9529 176.5161 166.1888 13.8801 -77.8106 100.0000 stroke14
movl 0 -44.6703 359.2471 176.9732 165.7231 13.4002 -80.2356 100.0000 stroke14
movl 0 -37.8960 362.3494 177.1420 165.6242 12.5482 -83.3914 100.0000 stroke14
movl 0 -31.7805 365.7928 177.1149 166.1024 11.5411 -87.1491 100.0000 stroke14
movl 0 -28.3731 367.8833 176.6664 165.9963 10.7452 -88.6542 100.0000 stroke14
movl 0 -26.1095 365.1415 177.6883 164.8131 12.1622 -88.5773 100.0000 stroke14
movl 0 -25.4839 365.3579 177.6973 164.6684 12.1712 -88.7268 100.0000 stroke14
movl 0 -25.9158 367.0004 177.4401 165.3464 10.6739 -89.0833 100.0000 stroke14
movl 0 -25.7980 367.6284 177.0114 165.0348 10.1875 -88.8640 100.0000 stroke14
movl 0 -26.6089 367.3719 176.8237 164.7340 10.2266 -88.1413 100.0000 stroke14
movl 0 -25.6783 365.1852 177.4590 162.9056 11.6853 -85.1191 100.0000 stroke14
movl 0 -14.3625 344.7635 197.8014 160.3404 28.3962 -73.7166 100.0000 stroke14
movl 0 -33.4378 362.3110 194.7494 179.1540 32.1407 -20.5880 100.0000 stroke15
movl 0 -31.5766 353.6507 171.6605 -175.6500 31.2645 -20.3841 100.0000 stroke15
movl 0 -34.5938 352.3942 172.7497 -173.8966 27.8746 -20.6414 100.0000 stroke15
movl 0 -34.4872 350.2982 173.3179 -173.5443 27.6927 -22.2552 100.0000 stroke15
movl 0 -32.8478 352.9870 172.3176 -174.3956 27.6004 -23.3410 100.0000 stroke15
movl 0 -34.2709 355.9738 171.3134 -175.4444 26.6161 -24.2605 100.0000 stroke15
movl 0 -35.5786 360.1420 170.8317 -178.1417 24.6913 -27.2871 100.0000 stroke15
movl 0 -33.2345 364.0391 170.5912 178.2995 23.9679 -32.0814 100.0000 stroke15
movl 0 -32.8502 364.8524 171.1859 176.2974 23.1224 -35.0179 100.0000 stroke15
movl 0 -32.0035 365.3142 172.2024 173.5786 21.9591 -38.9715 100.0000 stroke15
movl 0 -31.9263 366.7169 172.9266 170.8921 20.1376 -42.5483 100.0000 stroke15
movl 0 -32.7898 369.4565 173.3369 168.0094 17.2605 -46.2120 100.0000 stroke15
movl 0 -34.3510 371.7606 173.6025 165.7088 14.2117 -49.6547 100.0000 stroke15
movl 0 -34.9017 373.4031 173.5489 163.8723 12.0798 -51.6292 100.0000 stroke15
movl 0 -35.8962 374.6870 173.3552 162.4145 10.2389 -52.7904 100.0000 stroke15
movl 0 -36.8591 375.5408 172.9231 161.4321 9.3184 -52.7044 100.0000 stroke15
movl 0 -38.4964 374.1950 173.1306 161.5924 9.6180 -51.6650 100.0000 stroke15
movl 0 -36.7314 373.5072 173.3521 161.6562 10.5570 -51.5752 100.0000 stroke15
movl 0 -33.8935 371.6029 174.0087 162.0763 12.0634 -51.7201 100.0000 stroke15
movl 0 -32.6158 370.3049 174.4108 162.6229 12.8479 -51.7994 100.0000 stroke15
movl 0 -32.3386 370.1330 174.3898 162.6451 12.8718 -51.8012 100.0000 stroke15
movl 0 -34.0896 370.1956 174.3167 162.3978 12.2161 -51.0781 100.0000 stroke15
movl 0 -32.0375 367.3155 175.5526 163.1162 13.7708 -51.6435 100.0000 stroke15
movl 0 -29.0450 360.5855 177.2516 165.3797 17.1812 -52.3240 100.0000 stroke15
movl 0 -30.5520 360.0738 176.8619 166.2013 17.2912 -51.9313 100.0000 stroke15
movl 0 -34.5208 363.3633 175.1692 165.5458 15.2272 -50.4682 100.0000 stroke15
movl 0 -38.1314 365.3876 173.9997 164.8733 13.8047 -48.7647 100.0000 stroke15
movl 0 -40.0149 365.5756 173.5889 164.7079 13.5628 -47.4680 100.0000 stroke15
movl 0 -40.7530 365.2065 173.5597 164.6397 13.8091 -46.6833 100.0000 stroke15
movl 0 -41.3297 364.7390 173.5753 164.6197 14.2658 -45.9238 100.0000 stroke15
movl 0 -42.0613 363.8818 173.6668 164.8457 14.8965 -44.9512 100.0000 stroke15
movl 0 -42.0594 363.2550 173.7196 164.9800 15.6088 -44.2985 100.0000 stroke15
movl 0 -42.0298 362.5436 173.8931 165.0198 16.2771 -43.8498 100.0000 stroke15
movl 0 -42.1705 362.2451 173.9719 165.1424 16.6401 -43.5719 100.0000 stroke15
movl 0 -42.1164 361.8854 174.1041 165.2678 16.9938 -43.3944 100.0000 stroke15
movl 0 -42.4493 361.3598 174.2332 165.3845 17.5048 -43.1251 100.0000 stroke15
movl 0 -42.0330 360.8112 174.3860 165.5954 17.9736 -42.9954 100.0000 stroke15
movl 0 -41.7672 360.3902 174.4919 165.7383 18.4264 -42.8637 100.0000 stroke15
movl 0 -41.3487 359.8323 174.6310 165.9396 18.9036 -42.7789 100.0000 stroke15
movl 0 -41.2331 359.3057 174.7088 166.2137 19.4217 -42.7046 100.0000 stroke15
movl 0 -40.5361 358.7912 174.8796 166.3090 19.8505 -42.7386 100.0000 stroke15
movl 0 -39.2215 357.8578 175.3355 166.4184 20.5108 -42.9070 100.0000 stroke15
movl 0 -38.8248 357.6884 175.4786 166.4523 20.6058 -42.9763 100.0000 stroke15
movl 0 -37.4609 357.0154 176.0267 166.4825 21.0464 -43.0722 100.0000 stroke15
movl 0 -26.8257 350.5535 188.5324 165.6099 25.0441 -45.1613 100.0000 stroke15
