movl 0 -18.6439 387.9398 166.0200 -152.4591 27.8546 25.7164 100.0000 stroke1
movl 0 -16.9753 386.8181 167.2474 -153.7424 28.9352 22.8600 100.0000 stroke1
movl 0 -16.2262 387.2407 168.5819 -155.6116 29.0613 19.7728 100.0000 stroke1
movl 0 -21.5645 386.1365 171.3609 -158.7988 27.8959 15.6654 100.0000 stroke1
movl 0 -29.4656 382.9002 172.8905 -159.9565 26.3108 14.9989 100.0000 stroke1
movl 0 -35.6983 381.4261 172.6047 -159.9286 25.3919 16.2939 100.0000 stroke1
movl 0 -44.8425 379.7427 172.1916 -159.9634 23.7683 18.4004 100.0000 stroke1
movl 0 -49.4240 378.8043 171.0497 -159.1749 22.1844 21.4582 100.0000 stroke1
movl 0 -50.7650 379.5850 170.2248 -159.5074 21.2195 22.9007 100.0000 stroke1
movl 0 -55.4659 377.9456 170.3501 -159.6688 18.7481 23.4911 100.0000 stroke1
movl 0 -58.1851 377.1663 170.6082 -160.0230 17.0722 23.7339 100.0000 stroke1
movl 0 -60.2767 377.0262 171.2981 -161.0783 16.0470 23.2722 100.0000 stroke1
movl 0 -62.3892 376.3700 171.7684 -161.5320 14.9066 22.7941 100.0000 stroke1
movl 0 -65.2280 374.1429 172.2722 -160.9305 13.1774 22.5727 100.0000 stroke1
movl 0 -64.7895 374.4614 172.6079 -161.0305 12.7212 21.4602 100.0000 stroke1
movl 0 -63.1481 375.3473 172.8722 -161.2408 12.5814 20.0404 100.0000 stroke1
movl 0 -59.6898 377.8749 172.8581 -161.8671 12.6443 17.5511 100.0000 stroke1
movl 0 -56.6583 380.0740 172.6733 -162.3767 12.8483 15.3763 100.0000 stroke1
movl 0 -55.9007 379.0649 172.6668 -161.7119 13.2432 15.9624 100.0000 stroke1
movl 0 -53.4094 377.8791 173.0571 -160.7437 14.0382 16.4674 100.0000 stroke1
movl 0 -52.3571 377.7651 173.1891 -160.5458 14.3242 16.4110 100.0000 stroke1
movl 0 -51.9590 377.5731 173.1996 -160.3982 14.4806 16.4094 100.0000 stroke1
movl 0 -51.6797 377.8729 173.1247 -160.5654 14.5847 16.3761 100.0000 stroke1
movl 0 -52.2574 379.1889 173.3023 -161.9993 14.4160 15.8115 100.0000 stroke1
movl 0 -51.8466 379.7619 173.5823 -162.7357 14.6044 15.4396 100.0000 stroke1
movl 0 -49.2989 379.1610 172.4842 -160.6403 16.7448 20.7594 100.0000 stroke1
movl 0 -32.6333 370.7164 167.8809 -145.4136 15.9429 35.8515 100.0000 stroke1
movl 0 -31.7225 360.3662 174.5403 -136.3168 2.6338 45.5112 100.0000 stroke1
movl 0 -43.9410 364.6230 210.7690 -136.0222 -5.1683 51.3838 100.0000 stroke1
movl 0 -32.9826 395.7129 226.1506 -139.4448 -0.5271 62.3085 100.0000 stroke2
movl 0 -31.0035 382.5564 175.4896 -141.5991 2.4339 59.9891 100.0000 stroke2
movl 0 -30.7699 379.0096 162.5242 -142.0327 1.0631 58.4920 100.0000 stroke2
movl 0 -33.4734 376.9970 162.2006 -144.4028 -1.2713 55.9706 100.0000 stroke2
movl 0 -31.7521 379.7940 160.7770 -144.9988 -0.2682 54.7016 100.0000 stroke2
movl 0 -32.0313 381.4302 160.0338 -145.1863 0.1613 54.3512 100.0000 stroke2
movl 0 -33.2258 384.1868 159.3394 -146.6429 1.8632 53.1718 100.0000 stroke2
movl 0 -33.7200 387.6319 159.7983 -149.0128 5.4150 50.1300 100.0000 stroke2
movl 0 -33.3277 390.7236 160.2407 -151.3411 9.3104 46.1497 100.0000 stroke2
movl 0 -32.6783 393.0646 160.3274 -153.1685 12.7337 42.2781 100.0000 stroke2
movl 0 -32.5807 393.6286 160.5247 -154.0166 14.5979 40.1509 100.0000 stroke2
movl 0 -32.2920 393.6710 160.9311 -154.8571 16.0213 38.1392 100.0000 stroke2
movl 0 -31.5859 393.7883 161.4840 -155.8935 17.7396 36.1555 100.0000 stroke2
movl 0 -31.2689 393.8430 162.2325 -157.2213 19.2436 34.1146 100.0000 stroke2
movl 0 -31.0497 394.4772 162.8791 -159.0287 20.9699 31.7224 100.0000 stroke2
movl 0 -30.8732 394.9729 163.7931 -161.2585 22.8056 28.5583 100.0000 stroke2
movl 0 -31.0570 395.9410 164.4784 -164.4354 24.8003 24.0790 100.0000 stroke2
movl 0 -31.1781 396.8066 164.9360 -167.4706 26.3999 20.2007 100.0000 stroke2
movl 0 -31.4106 397.5854 165.2938 -170.6758 27.5029 15.9613 100.0000 stroke2
movl 0 -31.9651 398.8030 165.6329 -174.5047 28.2074 11.3361 100.0000 stroke2
movl 0 -32.9636 400.1080 165.9154 -178.9488 28.4471 6.1428 100.0000 stroke2
movl 0 -33.9708 401.4205 166.0356 176.4479 28.1879 0.7600 100.0000 stroke2
movl 0 -35.4080 402.4212 166.1216 172.1341 27.2267 -4.3585 100.0000 stroke2
movl 0 -37.5943 402.9921 166.2785 168.7616 25.8223 -8.1017 100.0000 stroke2
movl 0 -39.9455 403.5706 166.3778 166.3203 24.3005 -10.1987 100.0000 stroke2
movl 0 -41.4004 403.0829 166.4220 164.9503 23.4000 -11.8531 100.0000 stroke2
movl 0 -40.3644 401.2961 167.2886 165.8106 23.8063 -12.2097 100.0000 stroke2
movl 0 -38.0601 397.0294 168.8917 169.0807 25.2070 -10.6208 100.0000 stroke2
movl 0 -37.6413 394.9799 169.7210 170.6500 25.5961 -9.4698 100.0000 stroke2
movl 0 -37.6104 394.5045 170.1035 170.6751 25.4790 -9.4873 100.0000 stroke2
movl 0 -38.3157 394.4298 170.3974 170.0151 24.9677 -9.9033 100.0000 stroke2
movl 0 -38.4175 393.9594 170.7966 170.0382 24.9345 -9.9659 100.0000 stroke2
movl 0 -39.0083 394.3630 170.7661 169.1152 24.3728 -10.1639 100.0000 stroke2
movl 0 -39.1390 392.8429 171.3043 170.0296 24.5442 -9.8900 100.0000 stroke2
movl 0 -35.6437 384.6638 173.7176 175.3855 26.9893 -7.9643 100.0000 stroke2
movl 0 -37.2467 380.7963 174.2072 178.0081 26.5970 -6.8868 100.0000 stroke2
movl 0 -41.1588 380.9229 173.2819 177.7482 25.5333 -5.8988 100.0000 stroke2
movl 0 -44.3836 383.2388 171.8524 175.6594 24.7365 -5.3158 100.0000 stroke2
movl 0 -45.2609 383.7891 171.0139 175.3948 25.0108 -4.1522 100.0000 stroke2
movl 0 -45.0124 383.5472 170.7777 175.7189 25.5255 -3.5847 100.0000 stroke2
movl 0 -43.9843 382.6016 170.7448 176.6599 26.4474 -2.6364 100.0000 stroke2
movl 0 -40.5874 379.9006 171.9044 179.2831 27.9814 -1.0390 100.0000 stroke2
movl 0 -24.4079 368.3966 175.9069 -164.8537 32.8065 10.0264 100.0000 stroke2
movl 0 -17.5951 350.3758 196.9149 -141.2745 24.9394 34.0932 100.0000 stroke2
movl 0 -30.6709 380.0840 197.2596 -154.0867 32.5850 18.6961 100.0000 stroke3
movl 0 -32.4177 381.7256 173.1051 -168.0865 34.0839 4.0576 100.0000 stroke3
movl 0 -42.0067 378.5269 176.1992 -175.7357 29.9849 -4.8836 100.0000 stroke3
movl 0 -50.2473 375.9074 175.3881 -176.5563 27.3107 -5.6484 100.0000 stroke3
movl 0 -54.0556 375.2285 174.1359 -176.6948 27.2571 -4.3853 100.0000 stroke3
movl 0 -57.9452 374.3064 173.3608 -176.4827 26.3563 -3.7224 100.0000 stroke3
movl 0 -64.2529 372.2140 173.5802 -176.5240 23.5746 -4.5663 100.0000 stroke3
movl 0 -68.3778 370.9072 174.1450 -177.2909 21.6113 -5.8941 100.0000 stroke3
movl 0 -71.1358 370.1975 174.4377 -177.6451 20.2519 -6.3501 100.0000 stroke3
movl 0 -73.4562 367.3678 174.8064 -175.7350 19.5302 -5.7072 100.0000 stroke3
movl 0 -73.6217 368.1750 174.6080 -175.4738 19.0123 -6.9952 100.0000 stroke3
movl 0 -71.2921 370.4341 174.6609 -175.7514 18.9332 -8.9354 100.0000 stroke3
movl 0 -67.5294 372.6374 174.9322 -176.0431 19.1559 -10.7482 100.0000 stroke3
movl 0 -63.4257 375.3107 175.1973 -176.3335 19.3163 -12.4289 100.0000 stroke3
movl 0 -58.3665 378.3911 175.4835 -176.6643 19.7300 -13.9706 100.0000 stroke3
movl 0 -54.6346 380.4185 175.7659 -176.8368 20.0521 -14.9994 100.0000 stroke3
movl 0 -50.6020 382.0268 176.5148 -176.9397 20.5021 -16.0105 100.0000 stroke3
movl 0 -41.4991 378.2377 181.1469 -174.8712 23.4140 -15.7737 100.0000 stroke3
movl 0 -32.3834 367.8426 191.7076 -166.6617 27.8104 -9.2460 100.0000 stroke3
movl 0 -31.0035 352.3410 221.0208 -150.1493 26.5477 5.0645 100.0000 stroke3
movl 0 -12.8902 371.1365 239.3978 -140.2725 20.6937 28.8163 100.0000 stroke4
movl 0 -16.1622 367.2621 182.4462 -146.2089 20.9457 26.8175 100.0000 stroke4
movl 0 -18.5868 364.6018 164.0739 -148.8199 19.6106 24.5353 100.0000 stroke4
movl 0 -21.2562 365.0412 163.7681 -150.4208 18.4131 23.2898 100.0000 stroke4
movl 0 -22.2802 365.9041 163.6325 -151.2644 18.4779 22.9086 100.0000 stroke4
movl 0 -24.0937 369.6587 163.6796 -154.7066 19.5814 20.1347 100.0000 stroke4
movl 0 -24.9669 373.4783 164.7268 -159.7187 21.5051 14.4319 100.0000 stroke4
movl 0 -24.1413 376.0538 165.2598 -163.3917 23.3396 9.4700 100.0000 stroke4
movl 0 -23.2486 376.9388 165.8575 -166.0491 24.8338 5.6732 100.0000 stroke4
movl 0 -22.6999 377.7498 166.8316 -169.1040 25.9606 2.1966 100.0000 stroke4
movl 0 -22.6953 379.0323 167.8654 -173.2880 26.5599 -2.8268 100.0000 stroke4
movl 0 -23.2790 381.1620 168.8418 -178.6346 26.3776 -8.8811 100.0000 stroke4
movl 0 -24.2130 383.6928 169.1722 175.8979 25.3942 -14.9251 100.0000 stroke4
movl 0 -26.1813 385.6938 169.3500 171.7581 23.5446 -19.3972 100.0000 stroke4
movl 0 -28.6284 387.7858 169.4652 168.0261 20.8881 -23.5418 100.0000 stroke4
movl 0 -29.9066 387.2112 170.0682 166.8920 19.8094 -25.2351 100.0000 stroke4
movl 0 -26.3941 384.1388 171.2538 168.4302 21.5222 -25.7355 100.0000 stroke4
movl 0 -25.5250 382.9451 171.7307 168.9371 21.7561 -26.0410 100.0000 stroke4
movl 0 -26.4454 383.2158 171.8063 168.0295 20.9929 -26.3335 100.0000 stroke4
movl 0 -26.8171 381.6495 172.3238 168.4533 21.0864 -26.3828 100.0000 stroke4
movl 0 -26.0826 381.9517 172.2935 168.2291 21.1001 -26.5219 100.0000 stroke4
movl 0 -26.8775 379.9701 172.6313 170.2307 21.7820 -25.7409 100.0000 stroke4
movl 0 -20.6327 358.4072 178.3006 -167.3582 31.0915 -8.4623 100.0000 stroke4
movl 0 -15.5933 331.1898 227.8127 -131.7984 21.6734 22.6443 100.0000 stroke4
movl 0 -2.1790 383.8019 186.5365 -170.6160 36.7496 -13.7372 100.0000 stroke5
movl 0 -4.6216 379.3201 168.4379 -169.3702 34.5100 -14.1371 100.0000 stroke5
movl 0 -15.7179 370.4259 170.3063 -166.5374 31.7495 -13.6679 100.0000 stroke5
movl 0 -26.8894 363.1392 172.4582 -166.1148 28.6452 -17.0425 100.0000 stroke5
movl 0 -30.6481 363.1768 172.6753 -167.6660 27.2996 -18.8276 100.0000 stroke5
movl 0 -31.5410 365.9666 171.4053 -168.3681 27.2226 -19.6724 100.0000 stroke5
movl 0 -33.4919 366.8993 170.1826 -168.0791 26.7934 -18.9138 100.0000 stroke5
movl 0 -35.7918 368.1554 169.6111 -168.1574 25.3509 -19.3552 100.0000 stroke5
movl 0 -37.5821 368.6735 169.7887 -168.5605 23.9898 -20.2671 100.0000 stroke5
movl 0 -39.3740 367.9845 169.8762 -167.9313 23.4510 -20.7965 100.0000 stroke5
movl 0 -38.3897 368.6836 170.0025 -168.1587 23.3801 -22.7951 100.0000 stroke5
movl 0 -36.4188 369.7967 170.2471 -168.6945 23.1274 -25.4941 100.0000 stroke5
movl 0 -33.2998 371.8135 170.2835 -169.3196 22.5427 -27.9773 100.0000 stroke5
movl 0 -30.0014 374.2989 170.2240 -169.9987 22.0333 -31.0563 100.0000 stroke5
movl 0 -27.9871 376.1333 170.0648 -170.6524 21.7653 -33.0620 100.0000 stroke5
movl 0 -25.7891 373.7838 170.8667 -170.6233 23.8948 -32.6408 100.0000 stroke5
movl 0 -24.2563 373.0559 171.3086 -170.3214 24.5873 -32.4041 100.0000 stroke5
movl 0 -24.1237 373.7451 171.2401 -170.8060 24.1262 -32.6473 100.0000 stroke5
movl 0 -23.8137 375.1571 171.3961 -172.1157 22.9889 -33.8131 100.0000 stroke5
movl 0 -23.9114 375.4472 171.2307 -172.6238 23.0876 -33.7573 100.0000 stroke5
movl 0 -24.0468 375.5885 171.0629 -172.8719 23.2208 -33.5580 100.0000 stroke5
movl 0 -24.0415 375.9496 170.9560 -173.1406 23.3533 -33.4373 100.0000 stroke5
movl 0 -21.4143 372.5210 172.5514 -173.0655 25.8812 -32.3849 100.0000 stroke5
movl 0 -18.8393 343.4268 187.9219 -156.3749 31.7292 -13.5611 100.0000 stroke5
movl 0 -19.0047 315.0133 248.5052 -142.3909 33.7334 3.0047 100.0000 stroke5
movl 0 -17.6875 378.0320 232.0904 -171.0215 36.6941 -15.1028 100.0000 stroke6
movl 0 -15.8053 376.9981 191.8102 -175.9788 33.4701 -22.0660 100.0000 stroke6
movl 0 -13.8992 378.0714 176.1698 178.7361 30.3060 -30.7720 100.0000 stroke6
movl 0 -15.8357 378.6533 175.3278 177.6098 28.0916 -34.3916 100.0000 stroke6
movl 0 -17.6190 379.3199 174.5990 177.9467 27.6579 -34.6907 100.0000 stroke6
movl 0 -18.5498 381.0217 173.5562 177.7210 27.2128 -34.8370 100.0000 stroke6
movl 0 -21.3173 384.5084 172.6605 176.6631 25.2908 -36.0942 100.0000 stroke6
movl 0 -22.6125 387.7377 172.3359 175.1574 23.3551 -38.1301 100.0000 stroke6
movl 0 -22.5059 388.5578 172.2942 174.5546 22.6423 -39.2527 100.0000 stroke6
movl 0 -22.4285 388.7584 172.3917 174.2278 22.2881 -39.8622 100.0000 stroke6
movl 0 -22.6932 389.1511 172.3520 174.0698 21.9881 -40.4651 100.0000 stroke6
movl 0 -22.7477 388.8933 172.5631 173.7456 21.7884 -40.8335 100.0000 stroke6
movl 0 -22.8964 389.1379 173.1013 172.8199 20.9797 -41.6693 100.0000 stroke6
movl 0 -22.9276 389.3979 173.5674 172.0313 20.2665 -42.4066 100.0000 stroke6
movl 0 -23.2778 389.7938 174.3154 170.7694 18.9821 -43.5934 100.0000 stroke6
movl 0 -22.6188 388.2458 174.9497 170.9806 19.5571 -43.8357 100.0000 stroke6
movl 0 -21.3999 386.2022 175.2548 172.0187 20.8378 -43.6649 100.0000 stroke6
movl 0 -21.3853 386.4375 175.3246 171.6319 20.5146 -43.9122 100.0000 stroke6
movl 0 -22.3065 387.2698 175.5016 170.8131 19.3395 -44.2303 100.0000 stroke6
movl 0 -22.4133 387.1570 175.5528 170.7156 19.2652 -44.2339 100.0000 stroke6
movl 0 -22.7873 386.5846 175.6481 171.3265 19.5227 -43.9780 100.0000 stroke6
movl 0 -21.5248 377.9449 176.8409 176.9959 25.1617 -40.1584 100.0000 stroke6
movl 0 -24.5917 358.4729 181.9253 -162.1489 30.0329 -19.9712 100.0000 stroke6
movl 0 -23.1093 336.3278 239.8557 -140.0357 27.1559 4.6150 100.0000 stroke6
movl 0 -10.3591 381.9131 182.0323 -154.5993 19.8832 29.8539 100.0000 stroke7
movl 0 -2.5803 375.8647 170.6521 -154.7231 20.5912 25.7102 100.0000 stroke7
movl 0 -11.9535 371.2692 171.1309 -155.6651 16.5953 25.5983 100.0000 stroke7
movl 0 -14.1448 369.6253 171.0049 -155.7872 15.5617 25.0099 100.0000 stroke7
movl 0 -14.6274 370.0009 170.4066 -155.6362 15.2112 25.0495 100.0000 stroke7
movl 0 -16.0961 371.5481 169.8164 -156.7390 15.0720 24.6237 100.0000 stroke7
movl 0 -17.9226 372.1223 169.7116 -157.5781 14.1385 22.8360 100.0000 stroke7
movl 0 -18.4380 372.2623 169.6681 -157.9340 13.6467 21.4614 100.0000 stroke7
movl 0 -15.3889 374.4479 169.5885 -158.6699 14.1837 18.8195 100.0000 stroke7
movl 0 -12.8344 373.4482 170.0176 -158.0633 15.4094 18.9744 100.0000 stroke7
movl 0 -8.5269 376.4694 169.5105 -159.0059 17.1148 17.6069 100.0000 stroke7
movl 0 -7.0157 380.1027 169.0858 -161.5089 18.2251 15.4346 100.0000 stroke7
movl 0 -3.6466 385.4019 167.7980 -164.1538 20.3447 13.6993 100.0000 stroke7
movl 0 -1.1417 388.1953 166.8670 -165.5404 22.1538 13.4504 100.0000 stroke7
movl 0 -0.9192 389.0786 167.4028 -167.3675 23.2457 13.2407 100.0000 stroke7
movl 0 -0.9396 388.6954 168.0403 -168.2136 23.9455 13.6190 100.0000 stroke7
movl 0 -1.4487 387.9253 168.3502 -168.1398 23.9315 13.9934 100.0000 stroke7
movl 0 0.2935 379.9132 170.2225 -161.8894 23.1812 17.3248 100.0000 stroke7
movl 0 -2.7183 349.3147 193.7395 -139.8230 10.7001 30.1298 100.0000 stroke7
movl 0 -12.5504 358.1911 207.0602 -151.5393 -26.5366 92.0417 100.0000 stroke8
movl 0 -13.1435 354.8538 173.8141 -152.1790 -20.5359 86.2978 100.0000 stroke8
movl 0 -14.4233 353.4895 172.6809 -152.4340 -14.2650 79.0911 100.0000 stroke8
movl 0 -22.0176 348.9965 172.2962 -155.0226 -14.2226 75.8306 100.0000 stroke8
movl 0 -25.3433 349.0351 172.0711 -156.3843 -13.6187 74.2650 100.0000 stroke8
movl 0 -26.7386 350.3724 171.4651 -156.7267 -12.7652 73.9735 100.0000 stroke8
movl 0 -29.1320 351.5126 170.7728 -157.6810 -12.6827 73.3137 100.0000 stroke8
movl 0 -31.8276 351.5207 170.5843 -158.8797 -12.5268 72.4125 100.0000 stroke8
movl 0 -33.2522 351.1190 170.4932 -159.3543 -12.6345 72.0412 100.0000 stroke8
movl 0 -33.5533 351.1884 170.3652 -159.6826 -12.7376 71.5256 100.0000 stroke8
movl 0 -32.8256 351.8952 170.3895 -159.8649 -12.7065 69.8663 100.0000 stroke8
movl 0 -31.9612 352.8468 170.3853 -160.0753 -12.3253 68.4353 100.0000 stroke8
movl 0 -30.9381 354.1454 170.2876 -160.5956 -12.0732 67.1799 100.0000 stroke8
movl 0 -29.6245 354.7815 170.3424 -160.5783 -11.7154 66.4556 100.0000 stroke8
movl 0 -28.1472 352.1482 171.0424 -159.1230 -12.5987 66.6077 100.0000 stroke8
movl 0 -27.5494 353.0404 170.9106 -159.1992 -11.9511 66.6810 100.0000 stroke8
movl 0 -26.9761 355.3362 171.1089 -159.9999 -10.1783 66.1323 100.0000 stroke8
movl 0 -21.6993 355.9003 171.0096 -156.9707 -9.1289 68.3845 100.0000 stroke8
movl 0 -5.6413 351.1991 173.4144 -148.0703 -15.5430 73.3908 100.0000 stroke8
movl 0 10.8450 331.0185 228.4986 -137.0256 -34.6465 77.3940 100.0000 stroke8
movl 0 -6.1212 370.6177 195.0047 -142.8423 4.4392 61.9221 100.0000 stroke9
movl 0 -9.8418 365.3286 172.2127 -150.1781 8.1101 54.4075 100.0000 stroke9
movl 0 -16.3256 360.8270 173.6670 -151.8057 6.0101 52.8385 100.0000 stroke9
movl 0 -18.9967 359.2488 173.3348 -152.1184 5.1504 52.8617 100.0000 stroke9
movl 0 -20.7881 360.2766 172.5922 -152.7341 5.2216 52.8842 100.0000 stroke9
movl 0 -25.3203 364.0422 172.2643 -156.0326 6.8936 51.2565 100.0000 stroke9
movl 0 -26.2379 366.5176 172.8027 -158.2858 9.0427 48.2233 100.0000 stroke9
movl 0 -27.0166 367.4783 173.3817 -159.8825 10.5212 45.9176 100.0000 stroke9
movl 0 -27.3333 368.7158 173.8011 -161.4493 12.0363 44.0067 100.0000 stroke9
movl 0 -28.1806 369.9191 174.3444 -163.7104 14.1092 41.0189 100.0000 stroke9
movl 0 -26.9361 368.7913 175.0102 -163.4942 14.7504 38.5456 100.0000 stroke9
movl 0 -25.5567 367.8302 175.1805 -162.7670 14.6274 37.3866 100.0000 stroke9
movl 0 -26.4327 369.2119 175.1797 -164.5495 15.5485 36.1957 100.0000 stroke9
movl 0 -26.5692 368.2238 175.1774 -163.8645 15.2157 35.6956 100.0000 stroke9
movl 0 -22.0259 354.0434 178.0792 -152.7314 8.7083 41.4478 100.0000 stroke9
movl 0 -16.3156 328.2182 224.3910 -134.7188 -8.2950 49.5383 100.0000 stroke9
movl 0 -16.3717 351.7348 201.9232 -151.4828 16.8724 30.2422 100.0000 stroke10
movl 0 -14.8762 352.4210 177.4912 -153.6983 16.2058 29.5451 100.0000 stroke10
movl 0 -18.7524 353.1842 176.6129 -156.4659 15.8598 26.4846 100.0000 stroke10
movl 0 -20.9635 353.4683 177.1787 -158.3371 15.9999 24.4773 100.0000 stroke10
movl 0 -23.1427 353.8714 176.3385 -158.5105 15.4500 24.5830 100.0000 stroke10
movl 0 -26.4375 353.7408 174.7784 -158.0800 14.4918 25.5669 100.0000 stroke10
movl 0 -27.5199 354.4567 174.1061 -158.5512 14.3359 25.5208 100.0000 stroke10
movl 0 -29.8930 355.0184 173.7325 -159.5159 13.6450 24.6683 100.0000 stroke10
movl 0 -31.0929 355.3912 173.5085 -160.0627 12.9343 23.1512 100.0000 stroke10
movl 0 -30.2380 356.5565 173.4716 -160.7111 12.8556 20.8924 100.0000 stroke10
movl 0 -29.1283 357.8299 173.3882 -161.1627 12.8840 19.3172 100.0000 stroke10
movl 0 -26.7265 357.2995 173.8749 -160.7443 13.8149 19.0743 100.0000 stroke10
movl 0 -24.9618 358.7154 173.7295 -161.0741 14.5407 18.7919 100.0000 stroke10
movl 0 -24.2233 361.9160 173.2309 -163.3147 15.2725 16.8885 100.0000 stroke10
movl 0 -21.8725 365.6662 172.6468 -165.1120 16.7503 16.0095 100.0000 stroke10
movl 0 -21.4043 366.5037 172.8178 -165.9948 17.5099 16.1702 100.0000 stroke10
movl 0 -21.9179 366.8269 173.3361 -167.3586 18.1584 16.3455 100.0000 stroke10
movl 0 -22.5530 365.8973 173.8825 -167.8657 18.3586 16.8771 100.0000 stroke10
movl 0 -22.8909 365.1789 174.0793 -167.6325 18.2800 17.1161 100.0000 stroke10
movl 0 -22.1409 362.3214 174.9858 -166.0568 18.1327 17.9454 100.0000 stroke10
movl 0 -22.7572 342.4663 185.2287 -153.5218 11.8359 25.3238 100.0000 stroke10
movl 0 -45.7740 291.4595 248.8571 -136.2608 -10.4052 35.7327 100.0000 stroke10
movl 0 -24.4803 355.2443 219.9995 -148.3519 -5.1436 69.6881 100.0000 stroke11
movl 0 -28.0948 351.1364 179.2892 -152.4395 -3.4741 66.3390 100.0000 stroke11
movl 0 -30.3703 347.2142 177.0846 -154.6595 -4.2024 62.6387 100.0000 stroke11
movl 0 -34.4540 345.9988 177.6822 -157.2316 -2.7610 60.3697 100.0000 stroke11
movl 0 -36.9565 344.9137 177.4011 -157.6528 -2.9043 60.6377 100.0000 stroke11
movl 0 -38.2250 345.5804 176.8972 -158.0571 -2.6379 60.8376 100.0000 stroke11
movl 0 -41.1811 345.7973 176.3887 -159.1786 -2.7083 60.4383 100.0000 stroke11
movl 0 -44.2944 344.5800 176.4083 -160.1735 -3.4512 59.6911 100.0000 stroke11
movl 0 -45.2914 344.9133 176.3764 -160.8511 -3.5433 58.6089 100.0000 stroke11
movl 0 -45.1673 345.8174 176.3993 -161.3109 -3.6102 57.0208 100.0000 stroke11
movl 0 -45.0942 346.3928 176.4354 -161.7771 -3.6188 56.0975 100.0000 stroke11
movl 0 -45.1849 347.0331 176.3877 -162.2882 -3.7001 54.7983 100.0000 stroke11
movl 0 -44.0669 348.3331 176.3561 -162.7155 -3.4809 53.4047 100.0000 stroke11
movl 0 -43.1220 347.9738 176.6192 -162.4411 -3.4679 53.2806 100.0000 stroke11
movl 0 -41.3784 346.9949 177.3257 -161.3128 -3.5480 54.2280 100.0000 stroke11
movl 0 -41.7069 348.3864 177.1698 -162.0550 -2.9168 53.3841 100.0000 stroke11
movl 0 -41.6531 349.6138 177.2214 -162.7368 -2.0662 53.2938 100.0000 stroke11
movl 0 -41.0333 350.1509 177.2272 -162.5915 -1.8054 53.1162 100.0000 stroke11
movl 0 -37.7303 348.4514 177.7860 -160.3869 -1.5351 54.2276 100.0000 stroke11
movl 0 -23.9450 346.7162 180.2863 -154.3230 -3.4112 55.8474 100.0000 stroke11
movl 0 -2.4425 346.3234 214.3062 -143.4756 -8.7992 59.5958 100.0000 stroke11
movl 0 2.8279 363.5411 236.7576 -138.3917 1.2326 52.9699 100.0000 stroke12
movl 0 1.4588 364.1908 197.6128 -145.6391 11.0242 44.8051 100.0000 stroke12
movl 0 -6.9205 358.5835 183.5113 -152.4375 12.3568 37.6075 100.0000 stroke12
movl 0 -8.2455 361.7881 176.6978 -156.0610 13.5771 34.5114 100.0000 stroke12
movl 0 -9.1370 363.4448 175.9616 -157.2552 13.6758 32.9409 100.0000 stroke12
movl 0 -10.9815 364.3525 175.3682 -157.8929 13.2821 32.0670 100.0000 stroke12
movl 0 -12.4107 366.7135 174.3727 -159.0021 13.4190 31.2441 100.0000 stroke12
movl 0 -14.6894 369.7695 173.8668 -161.4397 13.4608 29.4933 100.0000 stroke12
movl 0 -14.6868 371.7157 173.8407 -162.8993 13.8957 27.6324 100.0000 stroke12
movl 0 -15.0193 372.3454 174.3018 -163.9943 14.3823 26.3391 100.0000 stroke12
movl 0 -15.5580 372.8289 175.0844 -165.6607 15.0658 24.4869 100.0000 stroke12
movl 0 -15.5377 374.6388 175.7632 -168.2375 16.2009 21.9790 100.0000 stroke12
movl 0 -16.3422 376.1342 176.1341 -171.0686 17.2179 19.1548 100.0000 stroke12
movl 0 -15.5360 375.1981 176.6323 -170.9126 17.5951 18.2752 100.0000 stroke12
movl 0 -14.2004 373.2161 177.0234 -169.1572 17.2439 18.5973 100.0000 stroke12
movl 0 -14.4027 373.4355 176.9515 -169.6519 17.3090 18.3782 100.0000 stroke12
movl 0 -15.1734 374.5999 176.8500 -171.3565 17.6591 17.6901 100.0000 stroke12
movl 0 -15.5731 373.9175 177.1227 -170.8582 17.4205 17.8936 100.0000 stroke12
movl 0 -14.1066 366.6546 178.4961 -165.3333 16.3087 20.3989 100.0000 stroke12
movl 0 -21.4683 349.9692 198.2970 -151.1912 7.8019 29.9806 100.0000 stroke12
movl 0 0.2254 359.1716 192.6289 -149.8307 14.6423 37.1958 100.0000 stroke13
movl 0 3.7152 360.2647 175.9607 -155.8215 17.9037 30.7079 100.0000 stroke13
movl 0 -3.5772 357.1653 176.8895 -157.6069 15.5054 28.0799 100.0000 stroke13
movl 0 -4.6837 357.3790 176.9141 -158.4366 15.7205 27.1606 100.0000 stroke13
movl 0 -7.6965 358.8468 176.0606 -159.0387 15.0099 26.3070 100.0000 stroke13
movl 0 -9.4685 359.3052 174.6783 -158.5234 14.3694 26.5749 100.0000 stroke13
movl 0 -11.4898 360.3829 173.9560 -159.1438 14.0232 26.2262 100.0000 stroke13
movl 0 -14.9888 360.0871 173.7251 -159.9993 12.6810 25.2152 100.0000 stroke13
movl 0 -13.4166 361.1434 173.6476 -160.3321 12.8126 23.7199 100.0000 stroke13
movl 0 -10.0674 363.2669 173.5720 -160.9733 13.2687 20.9996 100.0000 stroke13
movl 0 -7.3983 363.4101 173.8714 -160.7567 13.9849 20.3159 100.0000 stroke13
movl 0 -3.5529 362.7991 174.1873 -159.9663 15.2279 20.4860 100.0000 stroke13
movl 0 -3.7705 367.3037 173.4280 -162.5880 15.6743 18.6256 100.0000 stroke13
movl 0 -0.5981 372.7330 172.6648 -165.2231 17.4176 16.8880 100.0000 stroke13
movl 0 -0.7198 374.3784 172.4961 -166.7153 18.4819 16.7764 100.0000 stroke13
movl 0 -1.0379 375.5486 173.0520 -169.0116 19.6780 16.0992 100.0000 stroke13
movl 0 -1.4748 374.4669 173.5751 -169.4792 20.0793 16.2514 100.0000 stroke13
movl 0 -1.0673 373.7593 173.8062 -169.1626 20.1929 16.5330 100.0000 stroke13
movl 0 -1.6482 373.3279 173.8887 -169.0540 20.0849 16.7652 100.0000 stroke13
movl 0 -1.5406 372.9596 173.9628 -168.7364 19.9913 16.9616 100.0000 stroke13
movl 0 0.4161 369.4621 175.1506 -166.0053 19.8987 18.6061 100.0000 stroke13
movl 0 -5.1993 341.8973 189.0204 -151.3952 9.2013 32.1155 100.0000 stroke13
movl 0 2.2370 336.5836 200.5890 -147.9953 -15.4157 73.4134 100.0000 stroke14
movl 0 -5.1235 335.3605 179.3312 -151.4803 -11.5516 67.0738 100.0000 stroke14
movl 0 -11.7374 334.0876 175.1776 -154.2000 -10.0298 64.0914 100.0000 stroke14
movl 0 -15.8097 334.4023 174.2424 -155.5632 -9.2219 63.5020 100.0000 stroke14
movl 0 -18.8803 334.5717 173.3817 -156.1265 -9.3353 64.3574 100.0000 stroke14
movl 0 -20.6405 336.3975 172.6317 -157.0066 -8.7170 64.1731 100.0000 stroke14
movl 0 -24.1209 336.7187 172.4099 -158.5693 -8.6269 63.2520 100.0000 stroke14
movl 0 -26.7429 336.0815 172.2637 -159.4568 -9.1637 62.6589 100.0000 stroke14
movl 0 -26.9391 336.8830 172.2775 -160.0714 -9.0023 61.9441 100.0000 stroke14
movl 0 -25.6941 337.8860 172.5557 -160.3910 -8.7464 60.6086 100.0000 stroke14
movl 0 -23.7889 339.6746 172.5183 -160.7829 -8.1405 59.1741 100.0000 stroke14
movl 0 -21.7617 338.4226 173.1482 -159.6184 -8.1462 59.0714 100.0000 stroke14
movl 0 -20.6189 339.0006 173.2137 -159.1659 -7.9891 59.0074 100.0000 stroke14
movl 0 -20.8371 339.7394 173.1925 -159.7826 -7.0650 58.8112 100.0000 stroke14
movl 0 -20.4631 340.4007 173.1906 -160.1255 -6.5500 58.5897 100.0000 stroke14
movl 0 -20.8042 340.9399 173.0834 -160.2342 -6.4902 58.7377 100.0000 stroke14
movl 0 -20.9995 341.5318 173.1546 -160.1665 -6.2496 58.6800 100.0000 stroke14
movl 0 -20.0741 340.1641 173.6082 -159.4672 -6.4752 58.7373 100.0000 stroke14
movl 0 -24.4028 333.4932 184.3902 -157.7726 -11.5730 61.3039 100.0000 stroke14
movl 0 -35.7563 316.0884 225.8024 -149.6658 -12.0113 69.3675 100.0000 stroke15
movl 0 -32.6785 318.2622 184.2534 -153.2111 -8.5165 66.0616 100.0000 stroke15
movl 0 -33.6279 317.7192 175.8736 -154.2475 -8.8742 64.7475 100.0000 stroke15
movl 0 -37.8960 319.2743 174.3453 -155.1545 -9.2434 64.4439 100.0000 stroke15
movl 0 -38.2328 320.3933 173.4827 -154.8623 -8.9064 64.2279 100.0000 stroke15
movl 0 -41.9002 321.8448 172.0829 -156.2053 -8.9030 64.3022 100.0000 stroke15
movl 0 -44.4186 322.6853 171.5143 -157.4557 -8.8659 63.7502 100.0000 stroke15
movl 0 -44.8265 323.7259 171.9708 -158.5383 -7.9799 63.2851 100.0000 stroke15
movl 0 -46.0115 323.2668 172.0021 -158.9690 -8.5931 62.7159 100.0000 stroke15
movl 0 -44.4057 324.3915 172.5129 -159.3328 -8.2808 61.1438 100.0000 stroke15
movl 0 -43.0600 325.7311 172.8786 -159.9502 -7.7759 59.7810 100.0000 stroke15
movl 0 -41.6646 327.1788 173.2077 -160.5957 -7.2208 58.0076 100.0000 stroke15
movl 0 -40.4130 328.2940 173.7413 -161.2710 -7.1540 55.6618 100.0000 stroke15
movl 0 -38.7644 329.7619 174.2197 -162.0433 -7.0181 53.2116 100.0000 stroke15
movl 0 -37.8325 331.6160 174.5927 -163.2561 -6.9314 50.8871 100.0000 stroke15
movl 0 -36.6024 333.0307 175.0028 -164.2716 -7.0308 48.3503 100.0000 stroke15
movl 0 -35.8859 334.8873 174.8987 -165.3473 -7.1670 45.8135 100.0000 stroke15
movl 0 -34.9694 336.2749 174.7948 -165.8573 -6.9380 44.5230 100.0000 stroke15
movl 0 -32.5251 333.8350 175.6146 -164.1574 -6.8840 45.5422 100.0000 stroke15
movl 0 -30.5316 332.3744 176.1505 -162.9925 -7.0725 45.8582 100.0000 stroke15
movl 0 -29.4748 331.9894 176.4292 -162.4170 -6.9999 45.6780 100.0000 stroke15
movl 0 -29.2491 332.2002 176.4625 -162.5299 -6.9184 45.5224 100.0000 stroke15
movl 0 -29.0836 332.7807 176.3098 -162.7604 -6.6649 45.4358 100.0000 stroke15
movl 0 -28.9762 334.0591 176.3255 -163.5409 -5.8241 45.0328 100.0000 stroke15
movl 0 -29.0578 335.0832 176.4784 -164.1600 -4.9980 44.5252 100.0000 stroke15
movl 0 -29.0809 336.2321 176.4808 -164.7955 -4.1269 43.5777 100.0000 stroke15
movl 0 -28.5428 336.5662 176.3470 -164.5342 -3.5305 44.0024 100.0000 stroke15
movl 0 -27.2289 335.9727 176.2426 -163.4248 -3.3199 45.2234 100.0000 stroke15
movl 0 -27.0493 335.9452 176.2181 -162.9229 -3.3037 45.5779 100.0000 stroke15
movl 0 -27.1873 336.0364 176.2340 -162.5582 -3.4778 45.9383 100.0000 stroke15
movl 0 -26.8469 336.0825 176.2936 -162.3814 -3.4105 45.9881 100.0000 stroke15
movl 0 -26.7015 335.7189 176.4064 -162.2603 -3.4948 45.9952 100.0000 stroke15
movl 0 -25.9991 334.4530 176.9807 -161.7793 -3.7933 46.0401 100.0000 stroke15
movl 0 -26.1506 332.2755 177.9804 -161.2269 -4.4313 45.9079 100.0000 stroke15
movl 0 -24.5699 326.3845 185.8594 -159.4444 -5.9322 45.7705 100.0000 stroke15
movl 0 -21.5908 307.5403 236.2781 -153.8528 -8.9919 45.7434 100.0000 stroke15
