movl 0 67.9184 381.0448 182.1156 152.0563 5.2486 -115.3451 100.0000 stroke1
movl 0 66.6094 382.2449 180.6595 152.6470 4.9278 -116.0293 100.0000 stroke1
movl 0 63.6141 382.4177 179.9705 153.3897 4.5326 -116.6362 100.0000 stroke1
movl 0 60.4374 383.1354 179.1459 154.3037 3.8237 -117.9763 100.0000 stroke1
movl 0 59.4509 383.9930 178.4177 154.4819 2.8724 -119.0033 100.0000 stroke1
movl 0 57.3132 384.1970 177.6341 154.5295 2.9206 -118.9441 100.0000 stroke1
movl 0 57.0418 384.8582 176.8721 154.5788 2.6787 -119.0261 100.0000 stroke1
movl 0 56.3977 385.0915 176.4628 154.5600 2.7221 -119.0750 100.0000 stroke1
movl 0 56.3794 384.9865 175.9297 154.0406 3.2995 -119.1292 100.0000 stroke1
movl 0 55.8816 385.7055 175.5401 154.0244 3.2135 -119.3164 100.0000 stroke1
movl 0 55.2892 386.2388 175.2876 154.0464 3.1590 -119.7227 100.0000 stroke1
movl 0 54.6001 386.9088 174.8573 154.4196 2.8750 -120.7523 100.0000 stroke1
movl 0 53.1805 387.2670 174.4963 155.2317 2.9387 -121.5992 100.0000 stroke1
movl 0 51.4645 387.1188 174.2746 156.0461 3.4667 -122.1236 100.0000 stroke1
movl 0 49.7706 387.0383 174.1282 156.8403 3.6374 -122.8928 100.0000 stroke1
movl 0 48.1101 386.9690 174.0207 157.6919 3.8633 -123.4834 100.0000 stroke1
movl 0 46.6660 386.9703 173.9497 158.4497 3.8610 -124.1956 100.0000 stroke1
movl 0 45.9050 386.9894 174.0422 158.9474 3.8784 -124.7017 100.0000 stroke1
movl 0 44.7680 387.6950 174.5427 159.9688 3.9472 -125.0972 100.0000 stroke1
movl 0 44.4261 387.6804 174.6648 160.2231 4.0648 -125.2616 100.0000 stroke1
movl 0 43.7416 387.6463 174.6451 160.3236 4.6895 -125.1707 100.0000 stroke1
movl 0 43.6605 388.1937 174.3735 160.5819 4.9448 -125.3462 100.0000 stroke1
movl 0 43.0989 388.4436 174.2820 160.9587 5.2944 -125.6384 100.0000 stroke1
movl 0 42.7000 388.5745 174.1740 161.3591 5.6075 -125.8836 100.0000 stroke1
movl 0 42.4133 388.6689 174.2621 161.7784 5.9383 -126.2846 100.0000 stroke1
movl 0 42.2038 388.8650 174.2897 162.2450 6.3800 -126.8470 100.0000 stroke1
movl 0 42.1425 389.1566 174.4548 162.7348 6.6123 -127.8165 100.0000 stroke1
movl 0 41.4271 389.4230 174.4083 163.3785 7.0565 -128.8184 100.0000 stroke1
movl 0 40.6112 389.3325 174.3538 164.0621 7.6419 -128.8266 100.0000 stroke1
movl 0 39.8818 389.5123 174.2688 164.6359 8.2041 -130.3209 100.0000 stroke1
movl 0 39.1184 389.8674 174.0038 165.1631 8.7265 -131.7656 100.0000 stroke1
movl 0 39.2406 390.7713 173.7476 165.6436 8.9147 -133.3929 100.0000 stroke1
movl 0 39.1216 390.8258 173.6227 165.7381 9.2144 -133.9381 100.0000 stroke1
movl 0 40.8514 388.9712 174.5024 164.3693 9.2425 -133.4583 100.0000 stroke1
movl 0 41.6322 387.4766 175.1995 163.4631 9.3540 -132.9553 100.0000 stroke1
movl 0 41.8606 386.8079 175.5995 163.0712 9.5378 -132.8687 100.0000 stroke1
movl 0 42.2184 386.4086 175.9587 162.7518 9.7091 -132.8835 100.0000 stroke1
movl 0 42.1807 386.2015 176.1580 162.6594 9.9410 -132.9934 100.0000 stroke1
movl 0 42.5712 386.1666 176.3865 162.5382 9.9648 -133.2250 100.0000 stroke1
movl 0 42.7222 386.4288 176.4030 162.6459 9.8401 -133.4319 100.0000 stroke1
movl 0 42.3296 386.9133 176.5333 163.0795 9.4227 -133.7535 100.0000 stroke1
movl 0 42.1898 387.7466 176.6741 163.6482 8.7885 -134.2804 100.0000 stroke1
movl 0 42.2662 388.6052 176.9072 164.0809 8.0013 -136.1442 100.0000 stroke1
movl 0 42.3713 389.1282 177.1040 164.4987 7.4693 -136.7421 100.0000 stroke1
movl 0 42.5329 389.4612 177.2003 164.7552 7.0596 -137.1979 100.0000 stroke1
movl 0 42.6858 389.5728 177.4550 164.9724 6.6878 -137.7257 100.0000 stroke1
movl 0 43.2035 389.5510 177.6927 165.1283 6.3792 -138.0570 100.0000 stroke1
movl 0 43.9582 389.3254 178.1694 165.0755 5.9424 -138.2175 100.0000 stroke1
movl 0 44.5427 389.0138 178.2584 164.7980 5.8303 -138.0723 100.0000 stroke1
movl 0 45.3274 388.9035 178.4643 164.1849 5.5548 -137.4372 100.0000 stroke1
movl 0 45.7393 388.9533 178.5589 163.9020 5.4651 -137.1057 100.0000 stroke1
movl 0 46.5752 388.1752 178.5717 163.1625 5.4235 -136.8002 100.0000 stroke1
movl 0 46.4019 387.7723 178.8804 162.8154 5.4496 -136.4311 100.0000 stroke1
movl 0 46.4201 387.5614 179.1509 162.6153 5.4720 -136.1809 100.0000 stroke1
movl 0 46.9100 387.0093 179.6551 162.2626 5.4172 -136.0131 100.0000 stroke1
movl 0 50.1946 383.4307 184.8930 159.8909 5.2325 -134.3607 100.0000 stroke1
movl 0 50.9952 367.4294 228.7977 154.2833 7.7858 -129.1572 100.0000 stroke1
movl 0 80.7213 383.9891 215.3111 154.4396 23.8237 -86.7773 100.0000 stroke2
movl 0 79.2504 389.7233 182.0483 155.4653 19.6156 -86.7265 100.0000 stroke2
movl 0 75.1782 392.7873 176.2179 157.3705 16.3073 -88.5352 100.0000 stroke2
movl 0 75.0375 392.7639 173.8707 157.2992 15.6623 -88.8738 100.0000 stroke2
movl 0 75.8395 392.5776 174.2412 157.2971 15.3836 -90.1360 100.0000 stroke2
movl 0 74.8494 394.3632 173.2445 157.6949 14.6830 -90.8524 100.0000 stroke2
movl 0 73.2882 396.9659 172.2426 158.6252 12.7003 -92.3190 100.0000 stroke2
movl 0 72.9263 398.5556 171.8716 159.0623 10.8503 -94.4202 100.0000 stroke2
movl 0 72.5387 399.7837 171.5945 159.3584 9.1138 -96.6401 100.0000 stroke2
movl 0 73.6531 401.0201 171.4813 159.0968 7.4583 -99.1975 100.0000 stroke2
movl 0 72.2045 401.3875 171.6252 159.2707 6.0571 -101.2514 100.0000 stroke2
movl 0 71.1483 401.6980 171.7682 159.1419 4.4829 -103.1957 100.0000 stroke2
movl 0 70.6161 402.0395 171.9221 159.3143 3.2552 -105.0982 100.0000 stroke2
movl 0 70.2332 402.4792 171.7887 159.4032 2.1043 -106.5828 100.0000 stroke2
movl 0 69.5410 402.6932 171.7434 159.6182 1.3827 -107.5692 100.0000 stroke2
movl 0 69.6865 403.2462 171.7252 159.8589 0.4160 -108.6994 100.0000 stroke2
movl 0 69.1484 404.2603 172.1039 160.4486 -0.7028 -109.9528 100.0000 stroke2
movl 0 68.9769 404.6462 172.3829 160.7755 -1.8061 -111.1699 100.0000 stroke2
movl 0 68.6022 404.8656 172.8094 161.1922 -2.9435 -112.1748 100.0000 stroke2
movl 0 68.1762 405.1546 173.2694 161.7385 -4.2049 -113.5163 100.0000 stroke2
movl 0 67.6741 405.2410 173.5400 162.2962 -5.0861 -114.7353 100.0000 stroke2
movl 0 67.1833 405.8129 173.8419 163.0903 -6.3812 -116.3050 100.0000 stroke2
movl 0 66.8010 406.0457 174.0545 163.6756 -7.3739 -117.5451 100.0000 stroke2
movl 0 66.1606 406.6758 174.2126 164.5238 -8.7267 -119.1155 100.0000 stroke2
movl 0 65.7545 407.2961 174.3266 165.3546 -10.0055 -120.6136 100.0000 stroke2
movl 0 65.1451 407.6819 174.4648 166.1781 -11.1035 -121.9908 100.0000 stroke2
movl 0 64.3466 408.1450 174.3781 167.2785 -12.2708 -123.4015 100.0000 stroke2
movl 0 63.5596 408.1599 174.3809 168.2293 -13.2196 -124.3754 100.0000 stroke2
movl 0 62.8294 407.1350 174.7814 168.1818 -13.1674 -124.1679 100.0000 stroke2
movl 0 64.3946 404.2170 176.7487 167.0473 -11.3137 -124.1753 100.0000 stroke2
movl 0 65.3149 403.1800 177.2965 166.6656 -10.7955 -124.3995 100.0000 stroke2
movl 0 65.2357 403.3672 177.2231 166.8463 -11.0876 -124.5509 100.0000 stroke2
movl 0 65.1014 403.9768 177.0217 167.3814 -11.7916 -124.8762 100.0000 stroke2
movl 0 64.5610 403.8716 177.0849 167.7405 -11.9093 -125.1361 100.0000 stroke2
movl 0 65.7968 401.1686 178.5886 166.2842 -10.1907 -124.9527 100.0000 stroke2
movl 0 65.7704 400.4929 178.7636 166.1756 -9.8839 -124.8815 100.0000 stroke2
movl 0 64.8000 400.8070 178.6185 166.9930 -10.6585 -124.9060 100.0000 stroke2
movl 0 64.4553 400.2198 178.7988 167.1262 -10.7407 -124.8748 100.0000 stroke2
movl 0 64.1873 399.7017 179.0519 166.9355 -10.3823 -124.7811 100.0000 stroke2
movl 0 64.4527 396.7708 179.4876 165.4554 -8.6354 -123.9403 100.0000 stroke2
movl 0 64.0334 394.8388 180.1027 164.5859 -7.3055 -122.9087 100.0000 stroke2
movl 0 65.2688 383.2168 197.9322 159.2196 -1.0856 -119.0828 100.0000 stroke2
movl 0 70.2831 354.1641 245.5462 158.7915 22.7286 -88.2377 100.0000 stroke3
movl 0 66.4468 361.1281 195.9452 159.2376 19.6872 -88.0654 100.0000 stroke3
movl 0 66.3256 361.4514 191.3634 158.7683 20.1419 -87.5246 100.0000 stroke3
movl 0 58.7589 363.8237 184.3192 161.6367 18.2653 -86.9597 100.0000 stroke3
movl 0 56.4083 365.6873 181.9655 162.6802 18.0385 -86.3247 100.0000 stroke3
movl 0 55.1067 367.7014 180.5639 162.8676 17.3424 -87.1746 100.0000 stroke3
movl 0 53.8051 369.4934 178.9154 163.2389 17.0753 -86.5972 100.0000 stroke3
movl 0 52.9438 370.4936 178.1145 163.8122 17.3989 -84.5179 100.0000 stroke3
movl 0 51.7011 370.7160 177.7004 163.9617 17.4787 -83.7804 100.0000 stroke3
movl 0 50.3548 371.1713 177.3588 164.8333 17.2416 -83.5047 100.0000 stroke3
movl 0 48.3185 371.2460 177.0699 166.2021 16.9790 -83.2495 100.0000 stroke3
movl 0 46.5406 371.3561 176.7555 167.1815 16.6840 -83.0477 100.0000 stroke3
movl 0 45.1525 371.6352 176.5597 167.9532 16.0939 -83.3606 100.0000 stroke3
movl 0 43.8803 371.8250 176.9345 168.7741 15.2521 -84.4095 100.0000 stroke3
movl 0 41.9699 371.3595 177.0105 169.4755 15.4358 -84.7547 100.0000 stroke3
movl 0 39.6465 370.7962 176.9942 170.3381 15.6592 -86.1293 100.0000 stroke3
movl 0 37.0264 371.0465 177.3587 171.5034 15.6482 -88.1045 100.0000 stroke3
movl 0 35.7147 371.1346 177.4117 172.3060 15.6295 -89.7032 100.0000 stroke3
movl 0 34.7903 371.3261 177.4134 172.9137 15.5326 -91.2538 100.0000 stroke3
movl 0 33.9080 371.7455 177.3871 173.5790 15.3612 -93.2397 100.0000 stroke3
movl 0 32.5645 371.7997 177.3501 174.4314 15.3919 -95.1715 100.0000 stroke3
movl 0 30.9946 372.0920 177.1288 175.3319 15.2776 -97.2209 100.0000 stroke3
movl 0 29.0718 372.0487 176.9141 176.1052 15.4616 -99.6704 100.0000 stroke3
movl 0 28.1596 372.1846 176.7382 176.4404 15.5719 -101.4959 100.0000 stroke3
movl 0 26.8138 372.5208 176.4164 176.9701 15.7490 -103.5520 100.0000 stroke3
movl 0 25.6055 373.0106 175.7523 177.5196 15.8824 -105.5419 100.0000 stroke3
movl 0 26.3557 372.3094 176.3423 176.6545 15.8155 -106.4066 100.0000 stroke3
movl 0 28.7551 370.9802 177.5543 175.1379 16.0905 -106.7401 100.0000 stroke3
movl 0 29.7809 369.9540 178.3331 174.3654 16.4504 -107.0090 100.0000 stroke3
movl 0 30.5689 369.4122 178.8606 173.7648 16.7158 -107.4654 100.0000 stroke3
movl 0 31.1245 369.1280 179.2966 173.6184 16.7539 -107.6514 100.0000 stroke3
movl 0 31.5299 369.4766 179.3834 173.6200 16.4362 -107.8173 100.0000 stroke3
movl 0 31.5422 370.3171 179.4063 173.8239 15.6142 -108.0946 100.0000 stroke3
movl 0 31.6138 371.0491 179.5464 173.8721 14.5931 -109.4457 100.0000 stroke3
movl 0 31.9456 371.7967 179.6813 173.9404 13.7117 -110.8010 100.0000 stroke3
movl 0 32.7503 371.4930 179.9579 173.6017 13.4254 -111.0617 100.0000 stroke3
movl 0 35.7566 370.0343 181.3036 172.0412 13.9545 -111.1641 100.0000 stroke3
movl 0 35.8288 370.8931 181.1687 172.4241 13.1356 -111.6896 100.0000 stroke3
movl 0 36.8680 369.8726 181.4512 171.8565 12.7381 -111.9519 100.0000 stroke3
movl 0 38.4851 369.0067 181.8417 170.3226 13.1378 -111.3537 100.0000 stroke3
movl 0 40.1324 368.7429 182.2496 169.2979 13.1467 -110.5584 100.0000 stroke3
movl 0 47.0711 359.9745 202.9524 162.7763 16.7567 -104.3937 100.0000 stroke3
movl 0 66.8754 348.9648 217.9211 166.5325 29.8950 -60.1648 100.0000 stroke4
movl 0 57.6560 343.7959 184.9517 168.8163 25.5009 -60.6864 100.0000 stroke4
movl 0 50.1250 340.2273 184.2054 173.5566 25.6666 -59.6066 100.0000 stroke4
movl 0 47.8596 342.7275 182.0762 174.6176 24.5827 -58.7845 100.0000 stroke4
movl 0 47.1701 345.2806 180.0436 174.8086 23.4319 -58.0637 100.0000 stroke4
movl 0 45.3160 347.4600 178.3791 175.1085 22.4232 -57.7654 100.0000 stroke4
movl 0 43.5054 348.9225 177.3105 174.6942 21.8486 -57.8213 100.0000 stroke4
movl 0 42.4779 348.8501 177.4786 173.7382 22.2111 -58.0346 100.0000 stroke4
movl 0 40.8562 349.0885 177.1430 174.2098 21.6943 -58.5605 100.0000 stroke4
movl 0 37.5567 349.9977 176.8280 174.9583 20.2996 -60.2559 100.0000 stroke4
movl 0 35.0194 350.1398 176.8305 175.2645 18.9638 -62.5863 100.0000 stroke4
movl 0 33.0630 350.0376 176.7661 175.5604 17.8983 -64.7099 100.0000 stroke4
movl 0 30.6708 349.8651 176.6765 176.2109 17.7294 -65.9833 100.0000 stroke4
movl 0 28.7030 349.8886 176.5138 176.8775 17.5147 -67.5785 100.0000 stroke4
movl 0 28.2586 350.2329 176.5035 177.4535 17.2506 -68.7099 100.0000 stroke4
movl 0 28.4115 350.8529 176.7053 177.7861 16.9086 -69.9376 100.0000 stroke4
movl 0 28.8488 351.7047 176.8364 178.1374 16.5296 -71.4102 100.0000 stroke4
movl 0 29.1766 352.4821 176.9717 178.5944 16.1825 -73.1986 100.0000 stroke4
movl 0 28.7564 353.0471 177.0895 179.3776 15.8436 -75.1286 100.0000 stroke4
movl 0 28.1010 353.7282 176.9649 179.8494 15.4940 -77.3977 100.0000 stroke4
movl 0 27.2878 354.3898 176.8355 -179.6306 15.1583 -80.1780 100.0000 stroke4
movl 0 26.4725 355.0700 176.5197 -179.0957 14.9653 -83.0073 100.0000 stroke4
movl 0 25.9521 356.1289 176.0619 -178.6209 14.7083 -85.5305 100.0000 stroke4
movl 0 25.0586 356.8150 175.8020 -178.1957 14.5635 -88.3206 100.0000 stroke4
movl 0 24.6683 357.7851 175.5198 -177.7478 14.3875 -90.8685 100.0000 stroke4
movl 0 24.1830 358.5276 175.2041 -177.1806 14.4731 -93.4289 100.0000 stroke4
movl 0 22.9226 359.1465 174.6939 -176.6341 14.5953 -96.2837 100.0000 stroke4
movl 0 22.2980 359.3994 174.2753 -176.2198 14.9907 -98.9019 100.0000 stroke4
movl 0 23.2069 358.1678 174.8952 -176.8214 15.3259 -99.1693 100.0000 stroke4
movl 0 26.8593 355.6400 176.8219 -179.2152 16.4597 -99.2291 100.0000 stroke4
movl 0 29.0338 354.8490 177.9424 179.7329 16.7582 -99.3291 100.0000 stroke4
movl 0 29.8281 354.4620 178.7789 179.2450 16.9714 -99.5540 100.0000 stroke4
movl 0 30.7619 354.0352 179.5445 178.9249 17.1487 -99.7634 100.0000 stroke4
movl 0 31.5501 354.0797 180.0077 178.7270 16.9587 -99.8761 100.0000 stroke4
movl 0 31.5029 354.7102 179.9967 178.8419 16.0859 -100.0429 100.0000 stroke4
movl 0 31.2160 355.1492 180.0688 178.9640 15.2745 -100.5803 100.0000 stroke4
movl 0 31.1343 355.7277 180.0916 179.0199 14.4762 -101.2870 100.0000 stroke4
movl 0 31.4591 355.7598 180.2434 178.8115 13.5527 -102.2110 100.0000 stroke4
movl 0 32.7938 354.9852 181.1144 178.0210 13.7350 -102.6381 100.0000 stroke4
movl 0 34.6405 354.1823 181.9488 177.1579 14.4959 -103.1705 100.0000 stroke4
movl 0 34.5324 355.0855 181.5906 177.3129 13.4780 -103.8047 100.0000 stroke4
movl 0 35.2388 354.4978 181.9640 176.8802 13.0391 -104.2484 100.0000 stroke4
movl 0 37.8511 352.8028 182.8726 175.7056 14.1204 -104.8886 100.0000 stroke4
movl 0 37.3854 354.5948 182.3441 176.3685 13.2771 -105.5783 100.0000 stroke4
movl 0 37.9321 354.3057 182.3855 176.1406 12.8763 -106.1787 100.0000 stroke4
movl 0 40.2679 352.6803 183.0840 174.8722 13.5207 -106.5516 100.0000 stroke4
movl 0 40.3333 353.5049 182.7739 175.1387 12.9720 -106.8509 100.0000 stroke4
movl 0 40.6271 353.2969 182.6885 174.9623 12.8194 -106.8362 100.0000 stroke4
movl 0 40.7691 353.1514 182.5888 174.4368 13.0572 -106.3483 100.0000 stroke4
movl 0 40.5835 353.0737 182.6188 173.8907 13.4132 -105.6412 100.0000 stroke4
movl 0 40.7704 352.6005 182.8497 173.5581 13.8331 -104.8215 100.0000 stroke4
movl 0 40.3724 352.0540 183.0907 173.5136 14.2778 -104.1700 100.0000 stroke4
movl 0 40.1677 351.4837 183.3493 173.2185 14.4573 -103.6142 100.0000 stroke4
movl 0 39.7357 351.3009 183.4696 173.0577 14.4003 -103.4688 100.0000 stroke4
movl 0 39.1686 351.2869 183.3922 173.0698 14.3997 -103.4575 100.0000 stroke4
movl 0 39.5487 351.6178 183.3653 173.0824 14.2778 -103.5611 100.0000 stroke4
movl 0 41.2954 350.7099 185.7025 172.6089 14.5155 -103.7884 100.0000 stroke4
movl 0 48.4854 334.4982 241.8648 167.9751 17.7736 -102.8245 100.0000 stroke4
