movl 0 -21.9101 408.6956 184.8202 -163.0848 -43.8283 131.1614 100.0000 stroke1
movl 0 -26.6503 398.3409 174.7600 -160.6056 -31.6603 122.9369 100.0000 stroke1
movl 0 -28.0532 392.7243 168.8151 -164.7341 -31.2527 124.7318 100.0000 stroke1
movl 0 -32.9469 390.1289 170.8643 -167.8562 -30.4083 125.6566 100.0000 stroke1
movl 0 -40.5989 388.3313 171.6356 -169.5716 -28.6818 123.8557 100.0000 stroke1
movl 0 -42.1981 390.2362 172.2754 -168.3099 -26.7691 121.1484 100.0000 stroke1
movl 0 -42.0829 392.9749 173.4071 -165.9550 -24.9119 115.9165 100.0000 stroke1
movl 0 -42.0154 395.7801 173.6009 -164.3102 -23.1163 114.1152 100.0000 stroke1
movl 0 -44.0092 394.6550 173.3094 -165.0199 -23.1598 114.6002 100.0000 stroke1
movl 0 -45.6302 394.0061 172.9660 -165.5369 -23.3465 114.8215 100.0000 stroke1
movl 0 -46.9991 393.6758 171.9032 -165.7605 -23.8542 115.1146 100.0000 stroke1
movl 0 -49.8359 395.2135 170.5925 -166.1260 -22.7710 115.3086 100.0000 stroke1
movl 0 -53.4754 397.9784 170.0728 -166.5950 -19.9327 114.6516 100.0000 stroke1
movl 0 -53.1697 400.2148 170.0071 -165.8090 -18.1912 112.7985 100.0000 stroke1
movl 0 -53.7040 400.5273 169.9891 -165.4614 -17.4231 113.2034 100.0000 stroke1
movl 0 -53.9514 400.3936 170.1127 -165.0522 -16.8984 113.3740 100.0000 stroke1
movl 0 -54.5290 399.9404 170.4842 -164.6714 -16.3901 113.2839 100.0000 stroke1
movl 0 -55.2650 399.1896 170.9030 -164.2017 -15.8235 113.1451 100.0000 stroke1
movl 0 -56.5454 398.0744 171.2910 -163.9769 -15.1661 113.2137 100.0000 stroke1
movl 0 -57.1774 397.0038 171.7050 -163.4622 -14.7437 113.4765 100.0000 stroke1
movl 0 -58.5042 395.7542 172.0791 -163.1863 -14.3046 113.8274 100.0000 stroke1
movl 0 -60.0340 394.3424 172.6589 -162.7848 -14.0290 114.3232 100.0000 stroke1
movl 0 -56.7776 387.4422 179.1266 -160.5684 -16.8446 115.2234 100.0000 stroke1
movl 0 -48.0306 369.1000 211.1802 -157.2422 -26.6806 114.2568 100.0000 stroke1
movl 0 -51.7547 395.9953 195.2189 -150.8791 -6.3828 87.5240 100.0000 stroke2
movl 0 -49.1243 409.6758 178.6831 -152.1166 3.0780 80.3828 100.0000 stroke2
movl 0 -49.7940 416.0137 174.8674 -153.8426 7.1980 76.6068 100.0000 stroke2
movl 0 -51.4348 416.8181 173.9208 -154.0882 8.4674 75.6666 100.0000 stroke2
movl 0 -52.7249 419.1167 172.7380 -154.8238 9.6606 74.8954 100.0000 stroke2
movl 0 -57.6697 419.4717 172.4791 -156.9947 9.6609 73.6492 100.0000 stroke2
movl 0 -63.1562 419.3727 173.1236 -160.2474 9.4228 70.9561 100.0000 stroke2
movl 0 -68.3891 418.2103 173.8448 -162.8658 8.5648 68.6131 100.0000 stroke2
movl 0 -71.2261 417.7483 174.2889 -164.8146 8.1233 66.1745 100.0000 stroke2
movl 0 -73.3107 416.9817 174.8306 -165.8853 7.8231 65.5178 100.0000 stroke2
movl 0 -73.9995 416.5300 175.3881 -166.6579 7.9600 64.6701 100.0000 stroke2
movl 0 -73.6516 416.3107 175.9339 -167.0971 8.2465 63.8499 100.0000 stroke2
movl 0 -73.0570 416.0221 176.6211 -167.4633 8.5968 63.1836 100.0000 stroke2
movl 0 -72.3680 415.6813 177.2353 -167.6799 8.8720 62.6400 100.0000 stroke2
movl 0 -71.6171 415.1030 177.9437 -167.7863 9.0916 62.1748 100.0000 stroke2
movl 0 -70.7103 414.4200 178.6508 -167.7167 9.2570 61.9451 100.0000 stroke2
movl 0 -70.3972 414.0620 178.9035 -167.7044 9.3556 61.8645 100.0000 stroke2
movl 0 -66.4147 409.7448 180.4228 -164.2724 7.7668 64.6398 100.0000 stroke2
movl 0 -40.8684 385.0008 204.5959 -149.9577 -11.8189 79.9359 100.0000 stroke2
movl 0 -41.5038 369.3997 213.4979 -173.4245 -35.0682 123.7056 100.0000 stroke3
movl 0 -41.3958 371.0197 177.7961 -171.8446 -30.6705 120.5825 100.0000 stroke3
movl 0 -46.1382 373.2994 173.3697 -172.5668 -28.2869 118.2784 100.0000 stroke3
movl 0 -49.6480 375.4296 171.6770 -173.5268 -26.7068 119.1779 100.0000 stroke3
movl 0 -51.1942 377.9444 171.1737 -173.1866 -25.4293 118.9331 100.0000 stroke3
movl 0 -53.5943 380.7207 170.1122 -173.0430 -24.1964 118.6208 100.0000 stroke3
movl 0 -55.5299 385.4155 170.3107 -171.3802 -20.2632 114.9775 100.0000 stroke3
movl 0 -55.9371 387.5893 170.4995 -170.2280 -18.8712 112.7382 100.0000 stroke3
movl 0 -55.5853 388.4037 170.6255 -169.0424 -17.9945 111.8824 100.0000 stroke3
movl 0 -55.8281 388.3820 171.0823 -168.1180 -17.0349 110.8189 100.0000 stroke3
movl 0 -56.3564 387.8256 171.5777 -167.5255 -16.2836 110.2138 100.0000 stroke3
movl 0 -57.2696 386.9604 172.0165 -167.0121 -15.5890 109.9879 100.0000 stroke3
movl 0 -58.6673 385.8794 172.2971 -166.7062 -14.5205 110.4597 100.0000 stroke3
movl 0 -59.2377 385.0283 172.6860 -166.0977 -13.7414 109.9311 100.0000 stroke3
movl 0 -60.2350 383.6376 173.2871 -165.6231 -13.0366 109.5859 100.0000 stroke3
movl 0 -61.3023 381.9635 173.8467 -165.1859 -12.6080 109.8108 100.0000 stroke3
movl 0 -62.4270 380.3326 174.2644 -164.9308 -12.2619 110.1853 100.0000 stroke3
movl 0 -63.7700 378.8044 174.4856 -164.7137 -12.0323 110.7159 100.0000 stroke3
movl 0 -65.0192 377.3159 174.8474 -164.3668 -11.9436 111.1836 100.0000 stroke3
movl 0 -63.3091 373.5369 178.0773 -162.5503 -12.8961 111.4459 100.0000 stroke3
movl 0 -54.8883 350.4092 208.4708 -155.6228 -22.8880 105.9423 100.0000 stroke3
movl 0 -41.5645 381.2637 196.8540 -147.5273 -0.3505 79.5609 100.0000 stroke4
movl 0 -46.3364 379.6647 177.3888 -151.2575 2.2665 74.7671 100.0000 stroke4
movl 0 -53.1082 378.4581 176.0768 -154.6556 2.6493 71.5418 100.0000 stroke4
movl 0 -56.3621 376.8963 175.7948 -155.2734 2.6776 70.8395 100.0000 stroke4
movl 0 -61.9281 375.3744 175.0664 -156.1453 2.0874 71.1767 100.0000 stroke4
movl 0 -66.3086 373.9632 174.3920 -157.6742 0.6794 71.5117 100.0000 stroke4
movl 0 -70.0410 374.5854 174.4434 -160.1021 0.7310 70.7344 100.0000 stroke4
movl 0 -72.3600 373.3682 174.5926 -160.6998 0.4104 70.8856 100.0000 stroke4
movl 0 -74.3403 372.4508 174.6505 -161.3185 -0.6164 69.9836 100.0000 stroke4
movl 0 -72.9543 373.5990 174.6690 -161.5735 -0.6502 68.5530 100.0000 stroke4
movl 0 -71.5555 374.2203 174.9589 -161.8159 -0.6368 68.0778 100.0000 stroke4
movl 0 -69.9140 374.9941 175.0911 -161.8792 -0.5825 67.2277 100.0000 stroke4
movl 0 -68.6193 375.5097 175.3342 -161.9216 -0.5836 66.5989 100.0000 stroke4
movl 0 -66.6019 376.0742 175.6024 -161.9111 -0.5705 65.9370 100.0000 stroke4
movl 0 -64.8622 376.4130 175.8879 -161.7721 -0.5848 65.5436 100.0000 stroke4
movl 0 -63.0098 376.4913 176.3063 -161.5371 -0.6341 65.1632 100.0000 stroke4
movl 0 -60.9388 376.4464 176.9516 -161.2697 -0.7996 64.7492 100.0000 stroke4
movl 0 -41.8485 372.1713 189.6125 -155.8104 -2.4145 64.5019 100.0000 stroke4
movl 0 -16.3201 353.8850 236.4719 -145.9015 -17.4483 72.4771 100.0000 stroke4
movl 0 -31.4268 375.4984 232.4081 -162.0361 -35.2373 122.0771 100.0000 stroke5
movl 0 -39.6018 375.2569 185.2944 -160.1732 -24.2007 113.2094 100.0000 stroke5
movl 0 -39.9267 376.1030 175.0793 -160.8092 -19.9653 110.4969 100.0000 stroke5
movl 0 -41.7328 374.6670 174.9302 -162.4629 -19.3427 108.7937 100.0000 stroke5
movl 0 -44.2540 373.8796 174.6630 -164.0501 -19.3809 108.8783 100.0000 stroke5
movl 0 -46.7843 376.0255 173.6501 -164.9757 -18.4393 108.9533 100.0000 stroke5
movl 0 -49.3350 380.3316 173.1694 -165.2138 -15.2109 107.4340 100.0000 stroke5
movl 0 -46.9616 383.9409 173.0785 -164.2337 -13.1092 105.0428 100.0000 stroke5
movl 0 -45.3702 387.0668 172.5688 -163.0548 -11.6430 104.4576 100.0000 stroke5
movl 0 -45.0748 387.7430 172.6286 -162.2302 -10.5005 104.1763 100.0000 stroke5
movl 0 -45.6650 387.3592 173.1030 -161.7715 -9.6570 104.2584 100.0000 stroke5
movl 0 -44.9154 385.4440 174.1688 -160.8275 -9.5015 104.9181 100.0000 stroke5
movl 0 -38.7380 372.1749 184.8535 -157.1813 -16.4188 108.4248 100.0000 stroke5
movl 0 -35.9405 345.5315 234.4617 -163.7884 -39.1923 127.3013 100.0000 stroke5
movl 0 -37.6797 377.2114 215.5354 -158.4683 -27.0368 127.4242 100.0000 stroke6
movl 0 -43.3553 365.9662 176.4232 -165.1913 -23.1948 126.4320 100.0000 stroke6
movl 0 -50.3353 360.6183 177.1992 -169.0731 -21.6264 124.8517 100.0000 stroke6
movl 0 -53.2447 361.2639 174.8230 -169.8205 -21.0366 125.3928 100.0000 stroke6
movl 0 -53.6664 362.1411 174.0745 -169.6488 -20.9430 125.2223 100.0000 stroke6
movl 0 -56.9624 366.4330 173.0836 -168.7575 -17.4500 123.1731 100.0000 stroke6
movl 0 -56.6520 369.2984 173.1168 -167.3943 -15.3899 120.6055 100.0000 stroke6
movl 0 -56.8423 370.5025 173.6152 -166.3910 -13.7567 118.7084 100.0000 stroke6
movl 0 -57.6412 371.9594 174.4392 -165.2074 -11.2639 116.2154 100.0000 stroke6
movl 0 -58.6495 373.3238 174.8315 -164.2029 -8.6006 113.8014 100.0000 stroke6
movl 0 -60.1878 374.6679 174.9915 -163.5302 -5.8213 111.6609 100.0000 stroke6
movl 0 -61.8007 375.1731 175.1288 -163.1753 -3.7802 110.2990 100.0000 stroke6
movl 0 -63.4602 373.7537 175.4036 -163.1931 -3.4425 110.6395 100.0000 stroke6
movl 0 -60.1266 373.4736 176.0053 -162.7377 -4.2888 109.4308 100.0000 stroke6
movl 0 -59.1300 373.6931 176.1970 -162.5757 -4.0110 108.7348 100.0000 stroke6
movl 0 -59.9064 373.7481 176.2342 -162.6667 -3.3699 108.6340 100.0000 stroke6
movl 0 -60.2401 372.8201 176.5128 -162.8467 -3.6527 107.9794 100.0000 stroke6
movl 0 -55.2878 363.1037 178.0958 -161.6672 -8.5102 102.5078 100.0000 stroke6
movl 0 -58.0391 357.6931 178.3752 -163.0626 -10.6028 101.6002 100.0000 stroke6
movl 0 -59.6821 357.7572 177.6721 -163.4833 -10.3598 101.8096 100.0000 stroke6
movl 0 -62.7541 358.9636 176.5429 -163.7356 -8.6536 103.2774 100.0000 stroke6
movl 0 -64.1613 358.8920 176.1151 -163.7783 -8.1458 104.1009 100.0000 stroke6
movl 0 -63.8815 358.6402 175.9989 -163.3824 -8.1798 104.4375 100.0000 stroke6
movl 0 -63.2598 358.3041 176.0264 -162.8325 -8.3788 104.5298 100.0000 stroke6
movl 0 -61.3946 357.8218 176.3596 -162.0719 -8.9851 104.3550 100.0000 stroke6
movl 0 -54.5422 353.5682 178.5880 -160.1888 -12.1677 103.2504 100.0000 stroke6
movl 0 -40.3775 340.0425 195.5695 -157.1261 -20.4284 98.9819 100.0000 stroke6
movl 0 -39.4675 374.8452 209.3688 -146.8895 -8.5700 91.0551 100.0000 stroke7
movl 0 -43.3373 372.7161 175.8061 -150.9232 -4.3977 88.3855 100.0000 stroke7
movl 0 -52.0658 368.4958 173.8803 -154.6705 -5.1775 88.0049 100.0000 stroke7
movl 0 -54.3180 366.1327 173.9160 -155.2740 -6.0756 87.9388 100.0000 stroke7
movl 0 -55.9226 366.2568 173.4473 -156.0270 -6.0475 87.2054 100.0000 stroke7
movl 0 -59.8703 368.4162 172.7339 -157.5682 -4.0400 87.0961 100.0000 stroke7
movl 0 -62.8628 370.5578 172.1974 -158.2569 -1.1121 87.7925 100.0000 stroke7
movl 0 -65.4276 369.9282 172.0938 -158.7355 -0.2477 88.7807 100.0000 stroke7
movl 0 -62.2114 369.1074 172.7909 -157.9800 -1.2298 88.1864 100.0000 stroke7
movl 0 -63.5997 369.5505 172.7921 -158.6785 -0.2494 88.1352 100.0000 stroke7
movl 0 -61.5000 366.6008 174.0619 -157.9771 -2.4146 87.1168 100.0000 stroke7
movl 0 -51.0176 348.5015 196.0593 -155.1435 -18.6825 89.9599 100.0000 stroke7
movl 0 -28.6695 382.5539 236.0709 -150.5103 -13.3052 91.7294 100.0000 stroke8
movl 0 -28.2840 389.0916 185.2053 -153.6455 -4.7235 90.1620 100.0000 stroke8
movl 0 -27.8207 393.1329 176.0452 -153.7706 -1.5628 90.2361 100.0000 stroke8
movl 0 -31.5554 392.2175 174.4655 -154.3439 -2.2847 91.5645 100.0000 stroke8
movl 0 -33.4711 393.6182 173.6668 -155.1450 -1.7293 91.4130 100.0000 stroke8
movl 0 -39.9118 397.5008 172.6346 -158.0218 1.3911 90.2442 100.0000 stroke8
movl 0 -43.4533 400.9728 172.1364 -160.3496 4.3563 87.6476 100.0000 stroke8
movl 0 -42.6607 402.4014 172.0502 -160.5882 5.2513 86.5378 100.0000 stroke8
movl 0 -43.1467 401.3137 172.9851 -160.9072 6.1516 86.1417 100.0000 stroke8
movl 0 -43.1505 401.0925 173.0418 -160.8702 6.5288 86.4217 100.0000 stroke8
movl 0 -38.1532 395.7329 175.5113 -158.6429 2.8272 86.6779 100.0000 stroke8
movl 0 -25.0227 377.8927 211.7744 -153.4977 -15.8357 90.0064 100.0000 stroke8
movl 0 -18.5333 400.3945 204.9387 -157.6341 -17.5029 102.9006 100.0000 stroke9
movl 0 -20.9476 396.3822 175.9743 -157.8686 -15.9442 101.6146 100.0000 stroke9
movl 0 -26.1949 394.3086 174.0651 -160.4759 -16.3233 101.8649 100.0000 stroke9
movl 0 -27.0598 392.6450 173.5477 -161.2017 -17.3545 103.2482 100.0000 stroke9
movl 0 -31.9597 395.4063 172.9491 -162.7685 -15.3968 102.4881 100.0000 stroke9
movl 0 -37.3934 394.3768 173.3507 -165.0538 -14.4043 100.8945 100.0000 stroke9
movl 0 -36.3642 395.6075 173.5418 -165.3098 -13.7153 99.0074 100.0000 stroke9
movl 0 -31.8795 398.8297 173.8014 -165.3984 -12.5943 94.8896 100.0000 stroke9
movl 0 -27.2635 401.9097 173.6595 -164.7503 -11.5292 92.6276 100.0000 stroke9
movl 0 -24.4213 400.6693 174.3842 -163.1492 -11.8987 92.3991 100.0000 stroke9
movl 0 -20.6760 400.2903 174.8742 -161.5310 -12.2320 91.3242 100.0000 stroke9
movl 0 -20.2475 401.4331 174.5603 -161.3979 -11.8594 90.7009 100.0000 stroke9
movl 0 -20.3988 407.0301 173.8498 -161.6769 -7.9826 88.8502 100.0000 stroke9
movl 0 -14.8426 414.3471 172.2020 -160.1479 -4.0693 86.6182 100.0000 stroke9
movl 0 -11.6174 419.5480 170.7346 -158.4921 -0.6362 86.2518 100.0000 stroke9
movl 0 -13.7102 421.9198 170.8994 -158.5007 3.4691 85.8669 100.0000 stroke9
movl 0 -15.0664 421.8745 171.3354 -158.5159 5.3229 85.7466 100.0000 stroke9
movl 0 -14.6975 420.5311 171.8040 -158.2059 4.9964 85.9284 100.0000 stroke9
movl 0 -14.5894 416.4290 173.2563 -158.0941 2.6427 85.6458 100.0000 stroke9
movl 0 -8.8110 389.5561 198.7710 -155.0950 -13.7734 86.1655 100.0000 stroke9
movl 0 -22.7806 367.1796 245.8961 -153.6935 -17.9889 95.9370 100.0000 stroke10
movl 0 -29.1385 374.8496 190.0858 -157.1556 -13.6741 95.7084 100.0000 stroke10
movl 0 -30.5993 379.3568 178.5842 -159.8866 -12.2582 93.1142 100.0000 stroke10
movl 0 -32.0996 379.3524 178.2882 -160.7590 -11.9617 92.4037 100.0000 stroke10
movl 0 -30.8237 381.5779 177.3116 -159.8342 -11.0579 92.1950 100.0000 stroke10
movl 0 -32.2180 384.2150 176.1695 -160.1932 -9.7916 91.8756 100.0000 stroke10
movl 0 -35.5665 384.9621 175.7745 -161.8154 -9.0249 90.6123 100.0000 stroke10
movl 0 -39.9733 383.8590 175.6979 -163.7153 -9.2256 89.6210 100.0000 stroke10
movl 0 -40.8440 384.0649 175.7699 -164.4934 -9.0324 88.2828 100.0000 stroke10
movl 0 -39.4644 385.0839 176.0348 -164.9098 -8.6406 86.0842 100.0000 stroke10
movl 0 -37.9957 386.5396 176.1303 -165.3778 -8.0881 83.8978 100.0000 stroke10
movl 0 -37.4400 387.6989 176.1011 -166.0652 -7.7611 81.8413 100.0000 stroke10
movl 0 -36.2069 387.4094 176.3668 -165.6965 -7.8597 81.4804 100.0000 stroke10
movl 0 -34.4007 385.8585 176.9355 -164.9203 -8.5945 81.5815 100.0000 stroke10
movl 0 -35.0722 386.5524 177.0643 -165.5633 -7.7924 81.7311 100.0000 stroke10
movl 0 -35.2793 386.8599 176.8358 -165.3415 -7.5491 82.8024 100.0000 stroke10
movl 0 -26.4855 376.6968 182.0000 -158.8284 -14.2202 88.3462 100.0000 stroke10
movl 0 -2.0504 387.9867 212.9680 -146.3189 -9.4245 87.3886 100.0000 stroke11
movl 0 -3.9399 387.3438 176.2591 -148.8074 -7.2829 86.0317 100.0000 stroke11
movl 0 -13.8307 389.3395 171.9519 -151.7570 -5.7110 86.2123 100.0000 stroke11
movl 0 -20.7290 386.4666 171.7145 -154.2492 -6.4045 84.9776 100.0000 stroke11
movl 0 -19.9126 387.2215 171.0778 -153.9737 -6.1947 84.2567 100.0000 stroke11
movl 0 -19.4606 388.6832 169.9996 -153.5055 -5.8852 83.7175 100.0000 stroke11
movl 0 -22.4526 390.5084 169.0913 -155.2030 -5.1119 83.3108 100.0000 stroke11
movl 0 -23.6621 394.0767 169.1299 -156.7561 -2.2790 81.7627 100.0000 stroke11
movl 0 -23.9820 396.3107 169.4397 -156.9384 0.4061 81.4633 100.0000 stroke11
movl 0 -26.6031 400.8411 170.3479 -158.4384 6.4388 81.0173 100.0000 stroke11
movl 0 -27.1257 402.0082 170.6732 -159.0665 8.6425 80.5078 100.0000 stroke11
movl 0 -26.8374 401.3823 171.1089 -159.0486 8.4828 80.5832 100.0000 stroke11
movl 0 -26.2304 401.0648 171.2546 -158.9345 8.3231 80.5935 100.0000 stroke11
movl 0 -26.2789 400.7970 171.4080 -159.0206 8.1184 80.7015 100.0000 stroke11
movl 0 -26.9806 399.8223 171.9642 -159.3481 7.5338 80.8644 100.0000 stroke11
movl 0 -29.0443 399.2932 172.8010 -160.6975 7.5866 80.5242 100.0000 stroke11
movl 0 -30.6403 397.0004 173.9998 -161.4540 6.6068 79.9011 100.0000 stroke11
movl 0 -31.2521 396.7271 174.4450 -162.2034 6.5427 78.9871 100.0000 stroke11
movl 0 -32.3106 396.8861 174.8486 -163.1301 6.4541 78.4042 100.0000 stroke11
movl 0 -33.0952 396.6941 175.5323 -164.2001 6.2490 77.5759 100.0000 stroke11
movl 0 -33.4140 397.0329 176.1210 -165.5956 6.1769 76.1963 100.0000 stroke11
movl 0 -34.9993 397.2988 176.7533 -167.2809 5.9387 74.9080 100.0000 stroke11
movl 0 -35.5552 397.9542 177.3427 -168.9237 5.7998 73.1066 100.0000 stroke11
movl 0 -36.2066 399.2186 177.7617 -170.8884 5.6239 70.8498 100.0000 stroke11
movl 0 -38.5298 400.0188 178.0802 -173.0015 5.3479 68.3863 100.0000 stroke11
movl 0 -40.8028 400.5265 178.2589 -174.9005 4.7706 65.4065 100.0000 stroke11
movl 0 -43.8228 400.3717 178.4769 -176.7795 3.6972 62.0719 100.0000 stroke11
movl 0 -46.7879 400.0193 178.4757 -178.2621 2.6434 59.1888 100.0000 stroke11
movl 0 -48.4886 399.3540 178.8076 -178.8504 2.0013 57.3476 100.0000 stroke11
movl 0 -48.5377 398.3761 179.6476 -178.5018 1.8958 56.2183 100.0000 stroke11
movl 0 -47.0935 399.4690 179.7589 -178.4525 1.9373 55.2294 100.0000 stroke11
movl 0 -46.3583 399.1439 180.2396 -178.2677 2.3272 55.4546 100.0000 stroke11
movl 0 -44.4982 400.3743 180.2564 -178.1832 2.2606 54.5862 100.0000 stroke11
movl 0 -43.7188 399.8189 180.7969 -177.9660 2.3578 54.5050 100.0000 stroke11
movl 0 -43.7947 399.2229 181.1486 -177.7535 2.1487 54.6020 100.0000 stroke11
movl 0 -41.1656 400.1540 181.5128 -177.3746 1.9877 53.9224 100.0000 stroke11
movl 0 -41.2373 398.8780 182.1442 -177.0843 1.8653 54.3910 100.0000 stroke11
movl 0 -39.1234 400.2119 182.3210 -176.7716 1.7749 53.9028 100.0000 stroke11
movl 0 -38.3705 399.4842 182.9184 -176.4503 1.6788 53.9474 100.0000 stroke11
movl 0 -36.7409 400.1025 183.2236 -176.1274 1.5690 53.6999 100.0000 stroke11
movl 0 -35.6670 399.0329 184.0556 -175.5775 1.3434 53.6916 100.0000 stroke11
movl 0 -34.5062 398.2108 184.7284 -174.9773 1.1236 53.6751 100.0000 stroke11
movl 0 -33.3071 397.3485 185.5115 -174.3940 0.9474 53.7721 100.0000 stroke11
movl 0 -32.4378 396.3584 186.2460 -173.8605 0.7933 53.9453 100.0000 stroke11
movl 0 -32.8841 396.0094 186.2613 -173.8744 0.7287 54.0989 100.0000 stroke11
movl 0 -32.8507 394.9751 186.7116 -173.5743 0.6231 54.7778 100.0000 stroke11
movl 0 -31.3743 393.4595 187.6540 -172.7513 0.6323 55.2987 100.0000 stroke11
movl 0 -19.6511 388.8371 193.8140 -168.1851 1.4538 54.7081 100.0000 stroke11
movl 0 -1.3482 381.5209 217.3167 -160.0926 3.4145 56.8999 100.0000 stroke11
