movl 0 70.9230 402.2789 169.9410 150.8457 0.9857 -123.3762 100.0000 stroke1
movl 0 70.0764 400.3070 170.6212 150.3813 1.7700 -123.0595 100.0000 stroke1
movl 0 68.3182 404.4187 169.6012 152.3063 0.2695 -123.6612 100.0000 stroke1
movl 0 65.8589 407.2795 168.3918 154.1265 -0.7188 -124.5046 100.0000 stroke1
movl 0 63.6854 408.7124 167.6753 155.4514 -0.8237 -125.2710 100.0000 stroke1
movl 0 61.7964 410.7171 167.5392 157.1570 -1.7481 -126.5583 100.0000 stroke1
movl 0 60.5490 412.9080 167.7987 159.1094 -2.8351 -128.6783 100.0000 stroke1
movl 0 60.9013 414.5562 167.8309 159.8767 -3.6817 -130.0075 100.0000 stroke1
movl 0 60.3949 414.7537 168.5347 160.3629 -4.5885 -130.4568 100.0000 stroke1
movl 0 59.8323 414.6223 169.1617 160.8913 -5.3644 -131.0465 100.0000 stroke1
movl 0 59.4589 414.4644 169.6745 161.3852 -6.0938 -131.7624 100.0000 stroke1
movl 0 59.0950 414.2160 170.2232 161.8472 -6.8030 -132.4409 100.0000 stroke1
movl 0 58.5398 413.7971 170.6657 162.2153 -7.3052 -132.8598 100.0000 stroke1
movl 0 58.3246 413.1959 171.1589 162.4195 -7.7444 -133.2733 100.0000 stroke1
movl 0 58.1626 412.2883 171.6289 162.3495 -8.0001 -133.2676 100.0000 stroke1
movl 0 57.9215 411.3544 172.0884 162.2427 -8.0694 -133.2629 100.0000 stroke1
movl 0 58.0132 410.2713 172.6962 161.9732 -8.1124 -133.2562 100.0000 stroke1
movl 0 60.7280 404.9861 176.7988 159.4672 -7.8536 -131.9742 100.0000 stroke1
movl 0 65.8521 387.1056 201.2444 149.5273 -1.7562 -125.5923 100.0000 stroke1
movl 0 65.0076 402.0508 203.2433 147.3075 -5.0391 -116.4743 100.0000 stroke2
movl 0 65.7608 394.5092 174.3080 148.9550 -3.3269 -118.8724 100.0000 stroke2
movl 0 59.7334 393.4781 171.5792 151.3428 -1.5758 -119.4905 100.0000 stroke2
movl 0 55.1343 391.0319 171.1993 152.1609 0.3222 -119.6271 100.0000 stroke2
movl 0 51.4370 389.4982 169.8875 152.4720 2.4679 -119.3688 100.0000 stroke2
movl 0 48.0555 389.7790 169.1794 153.7768 2.7922 -119.8544 100.0000 stroke2
movl 0 46.9914 392.0793 169.5384 155.3157 0.0302 -121.8061 100.0000 stroke2
movl 0 45.6345 394.0382 169.8506 156.7989 -2.6169 -123.7269 100.0000 stroke2
movl 0 44.2126 396.0774 169.8592 158.3334 -5.1201 -125.5194 100.0000 stroke2
movl 0 42.7066 398.2537 169.8324 160.1319 -7.6001 -126.9986 100.0000 stroke2
movl 0 41.1337 398.6230 169.8318 161.1228 -9.0151 -128.0588 100.0000 stroke2
movl 0 44.3612 397.3840 170.5402 159.8454 -8.7018 -129.2607 100.0000 stroke2
movl 0 44.4908 396.9355 170.9320 159.9671 -8.7127 -130.0605 100.0000 stroke2
movl 0 43.0673 397.8432 171.1946 161.4317 -9.6548 -131.1583 100.0000 stroke2
movl 0 42.5788 396.0129 171.4896 160.8243 -8.8377 -132.4079 100.0000 stroke2
movl 0 45.5275 385.3463 178.4476 154.5517 -3.9945 -131.5209 100.0000 stroke2
movl 0 47.3642 372.9718 248.3271 146.2554 6.8348 -127.2588 100.0000 stroke2
movl 0 56.1604 384.6108 206.7590 150.9532 4.1361 -115.9582 100.0000 stroke3
movl 0 60.3229 384.4420 179.8890 151.9716 3.1332 -120.0250 100.0000 stroke3
movl 0 58.7190 388.0080 176.8270 153.5430 1.1886 -123.2165 100.0000 stroke3
movl 0 51.8658 386.7523 174.5289 154.7683 1.9478 -123.6711 100.0000 stroke3
movl 0 49.7773 387.6233 173.1680 155.1548 1.0431 -124.6487 100.0000 stroke3
movl 0 46.3653 387.8099 171.3760 155.7387 1.4855 -124.5992 100.0000 stroke3
movl 0 43.3524 387.8198 171.8353 157.6632 1.4616 -126.7572 100.0000 stroke3
movl 0 41.8207 387.2603 171.7451 158.0669 2.1919 -127.3457 100.0000 stroke3
movl 0 43.0908 388.5046 172.0782 158.6151 2.0682 -128.9048 100.0000 stroke3
movl 0 45.6069 389.9794 172.4945 159.0994 2.0241 -130.8401 100.0000 stroke3
movl 0 48.9229 392.2595 172.9346 159.6694 1.5464 -132.8461 100.0000 stroke3
movl 0 51.9944 394.7356 173.1776 160.4520 1.3557 -135.2468 100.0000 stroke3
movl 0 57.1533 397.9008 173.3427 161.2187 0.9068 -138.0768 100.0000 stroke3
movl 0 62.8572 401.7311 173.0943 161.8920 0.2234 -140.8613 100.0000 stroke3
movl 0 69.4548 402.3372 174.0796 160.4326 -2.0030 -141.4139 100.0000 stroke3
movl 0 77.7144 408.3085 173.5053 161.0079 -5.7760 -143.4406 100.0000 stroke3
movl 0 81.5859 416.2415 172.8169 164.4890 -9.5590 -147.4318 100.0000 stroke3
movl 0 87.1628 423.0615 170.5567 165.8859 -13.1785 -148.4434 100.0000 stroke3
movl 0 87.4003 425.0443 169.8849 166.7542 -14.8055 -148.4584 100.0000 stroke3
movl 0 87.2287 425.4056 169.9483 167.3064 -15.8234 -148.3200 100.0000 stroke3
movl 0 86.7650 425.1818 170.3226 167.7030 -16.3314 -148.3066 100.0000 stroke3
movl 0 86.9786 424.3274 170.7786 167.3396 -16.7594 -147.7020 100.0000 stroke3
movl 0 86.8889 423.1225 171.3848 166.9004 -16.8411 -147.2469 100.0000 stroke3
movl 0 86.9499 421.3465 172.2880 166.1619 -16.8438 -146.7073 100.0000 stroke3
movl 0 92.6088 413.9715 178.0638 160.8162 -17.5456 -144.4800 100.0000 stroke3
movl 0 103.1400 401.0424 192.5152 146.1092 -13.8449 -135.6329 100.0000 stroke3
movl 0 59.6098 419.5992 234.7650 155.4991 -17.9684 -131.5626 100.0000 stroke4
movl 0 58.5484 406.1426 188.7822 159.8178 -15.5138 -136.9897 100.0000 stroke4
movl 0 57.2454 402.8454 174.5345 161.0254 -13.7768 -138.1859 100.0000 stroke4
movl 0 59.3166 402.8005 175.0584 160.2871 -13.7523 -137.8802 100.0000 stroke4
movl 0 61.4066 404.3230 174.7242 160.3390 -14.7779 -137.5340 100.0000 stroke4
movl 0 57.7579 404.4664 174.5710 161.7071 -14.0324 -137.9502 100.0000 stroke4
movl 0 51.8391 403.5344 174.5283 163.3794 -11.9587 -139.5905 100.0000 stroke4
movl 0 51.8394 405.5759 174.0224 164.6419 -11.5284 -142.3174 100.0000 stroke4
movl 0 55.7406 406.9006 174.2024 164.5469 -12.3199 -143.7593 100.0000 stroke4
movl 0 57.3654 410.8567 173.4108 166.1469 -13.8293 -144.8697 100.0000 stroke4
movl 0 58.8080 417.3310 171.7676 169.1597 -15.9495 -146.9304 100.0000 stroke4
movl 0 58.6508 419.7312 171.0517 170.4118 -17.2425 -147.0426 100.0000 stroke4
movl 0 57.1912 420.5823 171.2495 172.0851 -18.1038 -147.9669 100.0000 stroke4
movl 0 56.2113 420.8486 171.2311 173.1211 -18.6819 -148.3923 100.0000 stroke4
movl 0 55.1980 420.2442 171.4377 173.6342 -18.8710 -148.4639 100.0000 stroke4
movl 0 54.1914 419.4435 171.6144 174.0676 -19.0992 -148.3688 100.0000 stroke4
movl 0 52.6123 418.4323 171.8406 174.5007 -19.0551 -148.1439 100.0000 stroke4
movl 0 51.1842 417.2178 172.1090 174.7003 -19.1486 -147.5973 100.0000 stroke4
movl 0 49.1658 415.0176 172.6209 174.6216 -18.9716 -146.7135 100.0000 stroke4
movl 0 47.8188 413.4942 172.9736 174.4147 -19.0232 -145.8647 100.0000 stroke4
movl 0 46.5595 411.8215 173.4284 174.1576 -19.1495 -145.1595 100.0000 stroke4
movl 0 45.1257 410.4343 174.0346 173.8520 -19.2795 -144.6301 100.0000 stroke4
movl 0 44.1235 409.2225 174.8905 173.2487 -19.7238 -143.8213 100.0000 stroke4
movl 0 48.5315 402.2599 182.8545 164.0041 -21.1709 -135.5589 100.0000 stroke4
movl 0 47.0231 377.0421 240.6943 144.8001 -3.5506 -115.9322 100.0000 stroke4
movl 0 46.9728 407.8071 205.8092 157.7604 0.9651 -92.7701 100.0000 stroke5
movl 0 51.1535 402.6901 181.3030 157.9015 -0.6250 -97.6256 100.0000 stroke5
movl 0 53.1104 403.2265 178.8354 157.7465 -1.7582 -99.4405 100.0000 stroke5
movl 0 55.4383 402.5765 178.2354 156.8293 -1.7727 -101.3611 100.0000 stroke5
movl 0 46.5328 403.7721 177.2585 160.5232 -2.0191 -102.1660 100.0000 stroke5
movl 0 40.1672 404.5493 177.0880 163.7284 -2.4368 -104.2455 100.0000 stroke5
movl 0 36.6526 406.1354 176.8379 166.1502 -2.8662 -106.1862 100.0000 stroke5
movl 0 36.5076 407.4198 176.8518 166.8558 -3.5361 -107.6999 100.0000 stroke5
movl 0 35.8490 408.7815 177.5298 168.3162 -5.4135 -110.0874 100.0000 stroke5
movl 0 35.3297 409.0282 177.7665 169.0317 -6.0474 -111.3316 100.0000 stroke5
movl 0 35.7453 407.6956 178.1906 168.4990 -5.8787 -111.6305 100.0000 stroke5
movl 0 50.8127 399.6607 182.4599 160.2022 -0.8699 -109.4436 100.0000 stroke5
movl 0 64.2635 393.6768 208.1387 153.2491 6.2041 -107.3178 100.0000 stroke5
movl 0 71.4165 404.5804 209.9092 156.4815 -4.1658 -122.4841 100.0000 stroke6
movl 0 72.5007 404.0759 191.5215 157.9424 -5.2836 -123.3066 100.0000 stroke6
movl 0 72.1242 404.4225 179.7671 159.2827 -5.4226 -123.9879 100.0000 stroke6
movl 0 70.0182 403.5279 178.4263 159.4145 -4.7696 -123.6911 100.0000 stroke6
movl 0 67.5519 405.0467 177.5466 160.5446 -4.6118 -123.7235 100.0000 stroke6
movl 0 63.1620 405.6970 177.3456 162.6160 -3.6159 -124.2973 100.0000 stroke6
movl 0 63.3098 407.9587 177.1745 163.9161 -3.8992 -125.8811 100.0000 stroke6
movl 0 65.2974 411.4071 176.5002 164.6422 -5.3607 -127.0800 100.0000 stroke6
movl 0 64.7229 414.7975 175.6782 165.9719 -6.9156 -127.8977 100.0000 stroke6
movl 0 64.0850 416.2882 175.4245 166.8431 -8.1123 -128.4276 100.0000 stroke6
movl 0 63.1663 417.5118 175.4948 167.9725 -9.6013 -129.1751 100.0000 stroke6
movl 0 62.5839 418.2246 175.7814 168.9113 -10.8681 -129.8822 100.0000 stroke6
movl 0 61.4635 417.4811 176.1941 169.2221 -11.3022 -129.6975 100.0000 stroke6
movl 0 61.2892 416.4683 176.6489 168.9361 -11.5782 -129.1571 100.0000 stroke6
movl 0 61.0440 415.3277 177.1305 168.6689 -11.5674 -128.8890 100.0000 stroke6
movl 0 61.4889 413.3399 178.1393 167.7937 -11.4883 -128.1270 100.0000 stroke6
movl 0 64.7083 403.7141 188.8550 161.6423 -9.4082 -124.3043 100.0000 stroke6
movl 0 56.5688 382.4909 235.8322 151.3479 2.6672 -114.5276 100.0000 stroke6
movl 0 49.9397 388.7834 232.2688 154.5301 6.3881 -112.1643 100.0000 stroke7
movl 0 56.9319 384.6739 191.0712 157.4998 0.8481 -116.8557 100.0000 stroke7
movl 0 56.5384 381.7276 182.5777 158.5041 0.6743 -118.9136 100.0000 stroke7
movl 0 53.5039 381.3363 180.4118 159.5215 1.2234 -120.5305 100.0000 stroke7
movl 0 50.2012 381.7657 179.5781 160.6407 1.4990 -121.7466 100.0000 stroke7
movl 0 45.0513 381.9535 178.8065 162.4211 2.0007 -123.1358 100.0000 stroke7
movl 0 41.0625 382.6418 178.3089 164.1288 2.3313 -124.7730 100.0000 stroke7
movl 0 39.5921 384.0495 178.2668 165.3305 2.4224 -126.4882 100.0000 stroke7
movl 0 39.6347 385.2101 178.6901 166.0380 1.8032 -127.2931 100.0000 stroke7
movl 0 40.0683 386.8161 179.3096 166.9202 0.9459 -127.9791 100.0000 stroke7
movl 0 39.6759 388.9424 179.8464 168.3133 0.0392 -129.2142 100.0000 stroke7
movl 0 38.9201 391.7181 180.2163 170.1840 -0.8551 -131.0255 100.0000 stroke7
movl 0 37.0118 394.9994 180.2732 172.6216 -1.4782 -133.1746 100.0000 stroke7
movl 0 33.9295 398.1257 180.0278 175.4157 -1.5692 -135.7392 100.0000 stroke7
movl 0 30.6890 401.9065 179.4424 178.5871 -1.4384 -138.7656 100.0000 stroke7
movl 0 27.1004 405.1369 178.3304 -178.4894 -0.7247 -141.6740 100.0000 stroke7
movl 0 22.9373 407.6763 176.8835 -175.8805 0.7437 -144.7477 100.0000 stroke7
movl 0 19.2553 410.0649 175.4728 -173.6411 2.0663 -147.3048 100.0000 stroke7
movl 0 16.9461 411.1722 174.7931 -172.4582 3.0371 -148.9261 100.0000 stroke7
movl 0 16.7267 410.9429 174.9907 -172.6472 3.5828 -150.5306 100.0000 stroke7
movl 0 18.1652 412.2273 174.9344 -172.3972 3.4003 -151.4925 100.0000 stroke7
movl 0 20.6583 413.1691 175.1743 -172.3547 2.8468 -151.8017 100.0000 stroke7
movl 0 23.3100 413.7511 175.7433 -172.4827 2.2618 -151.8248 100.0000 stroke7
movl 0 26.0479 414.2070 176.3382 -172.6544 1.9340 -152.0093 100.0000 stroke7
movl 0 27.3227 414.2846 176.6976 -172.7426 1.7709 -152.1512 100.0000 stroke7
movl 0 28.7830 414.3017 177.1535 -172.8217 1.6790 -152.3838 100.0000 stroke7
movl 0 30.6551 414.7538 177.5344 -172.8958 1.3798 -152.6616 100.0000 stroke7
movl 0 31.7978 414.9042 177.8957 -172.8634 1.2224 -152.9338 100.0000 stroke7
movl 0 32.8401 414.8251 178.2656 -172.8352 1.1198 -153.2166 100.0000 stroke7
movl 0 34.4005 414.9233 178.8028 -172.9149 1.0182 -153.5991 100.0000 stroke7
movl 0 35.5431 414.8948 179.3545 -172.9726 0.9719 -153.9721 100.0000 stroke7
movl 0 36.9742 414.7212 180.2048 -173.1744 0.7895 -154.1736 100.0000 stroke7
movl 0 37.8158 414.3957 180.7602 -173.3345 0.7210 -154.2748 100.0000 stroke7
movl 0 39.0704 414.2896 181.5208 -173.5044 0.5359 -154.4494 100.0000 stroke7
movl 0 40.2134 414.1432 182.2024 -173.6920 0.3471 -154.5580 100.0000 stroke7
movl 0 40.9202 413.3716 183.0604 -174.0008 0.3213 -154.5665 100.0000 stroke7
movl 0 41.9432 412.9546 183.7816 -174.2799 0.2163 -154.6705 100.0000 stroke7
movl 0 59.1137 403.7138 199.4480 179.6596 -3.3986 -153.8964 100.0000 stroke7
movl 0 77.4367 367.5569 233.5647 145.0981 11.8208 -100.5767 100.0000 stroke8
movl 0 71.9134 362.0165 185.2121 151.3855 7.1806 -104.9470 100.0000 stroke8
movl 0 64.8109 355.1049 178.2578 154.4327 8.3415 -106.8840 100.0000 stroke8
movl 0 56.5951 350.4025 177.2861 156.8162 9.8708 -107.7552 100.0000 stroke8
movl 0 50.9902 349.9027 174.8051 158.3627 11.4092 -108.5698 100.0000 stroke8
movl 0 49.0113 350.8880 173.5724 158.8316 11.1936 -108.5726 100.0000 stroke8
movl 0 46.7255 351.9240 172.6353 159.7895 10.9296 -108.4820 100.0000 stroke8
movl 0 43.5048 351.4412 172.3541 161.2124 11.5280 -108.7827 100.0000 stroke8
movl 0 41.6981 351.9413 172.4418 162.2944 11.2027 -109.7128 100.0000 stroke8
movl 0 39.0338 350.7962 172.3243 163.0965 11.9698 -109.8922 100.0000 stroke8
movl 0 38.0433 351.3029 172.0590 163.7244 12.2140 -110.7958 100.0000 stroke8
movl 0 37.6616 352.6918 171.8648 164.4116 12.3455 -112.7053 100.0000 stroke8
movl 0 37.8634 354.9439 171.4569 165.1156 12.1471 -114.5298 100.0000 stroke8
movl 0 38.8010 356.4309 171.2396 165.3141 11.8833 -115.6026 100.0000 stroke8
movl 0 40.9071 354.5973 171.9445 164.0081 12.2025 -115.4085 100.0000 stroke8
movl 0 43.7779 353.6686 172.3979 162.7888 12.4293 -115.7889 100.0000 stroke8
movl 0 44.3351 354.3409 172.4541 162.7679 11.9644 -115.9043 100.0000 stroke8
movl 0 44.4375 355.7539 173.1622 163.5366 10.6459 -116.1137 100.0000 stroke8
movl 0 44.5627 357.7357 173.2601 164.1743 9.5230 -116.3503 100.0000 stroke8
movl 0 47.2929 357.0839 173.4593 162.4153 8.4790 -114.3213 100.0000 stroke8
movl 0 59.7560 355.3566 179.1624 155.4778 7.9500 -111.7529 100.0000 stroke8
movl 0 68.8744 345.1277 240.4055 145.7712 15.6655 -108.1622 100.0000 stroke8
movl 0 59.1642 366.3537 217.0614 152.4974 6.7353 -103.2489 100.0000 stroke9
movl 0 59.9072 357.1088 184.8630 155.2474 6.2712 -106.8555 100.0000 stroke9
movl 0 56.3809 350.6008 178.1328 156.7167 7.5623 -108.5014 100.0000 stroke9
movl 0 50.7604 348.3946 175.7082 158.1980 8.7126 -107.8641 100.0000 stroke9
movl 0 50.6967 349.3219 174.6727 158.1365 8.5438 -107.6782 100.0000 stroke9
movl 0 49.2109 349.9257 173.9856 158.5783 8.2892 -107.5109 100.0000 stroke9
movl 0 43.7294 349.1130 173.9388 160.9235 8.8527 -108.7054 100.0000 stroke9
movl 0 40.7847 349.4197 174.4265 162.6060 8.4350 -110.0650 100.0000 stroke9
movl 0 38.0024 347.7257 174.3685 163.3040 9.3942 -110.5286 100.0000 stroke9
movl 0 37.3825 348.5095 174.2874 164.0732 9.5112 -111.8840 100.0000 stroke9
movl 0 37.0047 350.1485 174.4578 165.1943 9.4116 -113.8105 100.0000 stroke9
movl 0 36.7369 351.4226 174.6134 166.1229 9.6751 -116.0337 100.0000 stroke9
movl 0 36.3723 352.8845 174.4750 167.1066 9.7050 -117.4416 100.0000 stroke9
movl 0 35.9255 354.1834 174.2542 168.0530 9.7556 -118.9816 100.0000 stroke9
movl 0 36.0063 353.3787 174.6248 167.8334 9.9654 -119.1868 100.0000 stroke9
movl 0 38.9609 350.9587 175.7091 166.1856 10.5847 -119.1988 100.0000 stroke9
movl 0 40.3685 350.4996 176.0409 165.6351 10.5857 -119.3513 100.0000 stroke9
movl 0 39.3725 351.4606 176.3866 166.5876 9.7508 -119.2562 100.0000 stroke9
movl 0 39.5665 353.9045 177.1372 167.6350 7.9208 -119.6184 100.0000 stroke9
movl 0 46.9691 352.3762 177.2598 163.0823 6.5366 -115.6123 100.0000 stroke9
movl 0 60.6299 351.4865 205.3181 153.2288 7.6104 -110.3773 100.0000 stroke9
movl 0 50.9791 371.3380 238.6423 151.6232 -1.0545 -104.4415 100.0000 stroke10
movl 0 60.5859 364.0778 184.3996 155.4532 -4.1363 -112.0833 100.0000 stroke10
movl 0 63.4150 353.0201 178.6898 155.8019 0.0641 -113.5920 100.0000 stroke10
movl 0 61.4514 352.1707 177.1395 157.0142 2.0073 -114.0928 100.0000 stroke10
movl 0 62.4231 352.5775 175.8998 156.9568 3.1201 -114.7472 100.0000 stroke10
movl 0 60.6551 353.5695 174.2813 157.4774 3.8930 -114.3010 100.0000 stroke10
movl 0 59.6911 358.7468 173.3508 159.0522 1.2292 -114.7642 100.0000 stroke10
movl 0 60.5100 363.2831 172.5895 160.4481 -1.1903 -116.3779 100.0000 stroke10
movl 0 65.1372 368.7279 171.2867 160.3465 -4.2502 -117.5013 100.0000 stroke10
movl 0 65.8734 371.0348 171.4053 161.1246 -6.3702 -118.7538 100.0000 stroke10
movl 0 65.6851 373.9901 171.5141 162.6695 -9.0464 -120.6910 100.0000 stroke10
movl 0 64.8525 376.7554 171.5980 164.5303 -11.4154 -122.5386 100.0000 stroke10
movl 0 64.3515 379.2075 171.4156 166.0832 -13.6537 -123.8610 100.0000 stroke10
movl 0 63.6539 381.3381 171.0443 167.5138 -15.5917 -124.8102 100.0000 stroke10
movl 0 63.0154 380.3001 171.5084 167.3258 -15.7354 -124.4143 100.0000 stroke10
movl 0 64.3275 376.2636 173.1401 165.9765 -13.7316 -124.3099 100.0000 stroke10
movl 0 63.2403 377.0223 173.0583 166.7293 -14.1714 -123.6183 100.0000 stroke10
movl 0 63.4003 374.2367 173.9520 165.7148 -12.9502 -123.2908 100.0000 stroke10
movl 0 65.7842 361.8610 176.5697 160.6699 -6.7739 -121.2715 100.0000 stroke10
movl 0 64.7695 361.4796 176.1133 160.7162 -6.1846 -121.0886 100.0000 stroke10
movl 0 63.5546 364.0838 175.0514 161.7016 -7.4136 -120.8432 100.0000 stroke10
movl 0 62.5991 367.0351 173.8434 162.5481 -9.1469 -119.9259 100.0000 stroke10
movl 0 62.2746 368.1437 173.1635 162.6550 -10.0703 -118.6992 100.0000 stroke10
movl 0 62.5307 367.5298 173.1321 162.0995 -10.0165 -117.8336 100.0000 stroke10
movl 0 67.6592 361.4100 174.0200 157.7884 -7.3405 -116.7469 100.0000 stroke10
movl 0 71.7723 338.6593 179.6333 149.3962 8.9679 -111.3095 100.0000 stroke10
movl 0 70.9596 322.6439 232.0260 147.1555 23.7481 -102.1957 100.0000 stroke10
movl 0 76.6305 379.2351 248.3472 144.7500 3.9979 -94.7906 100.0000 stroke11
movl 0 61.4700 367.1680 193.5089 152.2584 1.0040 -99.4235 100.0000 stroke11
movl 0 58.2934 354.0599 179.2615 155.8810 4.9976 -102.8309 100.0000 stroke11
movl 0 53.2011 346.1206 177.4817 157.8715 7.9889 -104.5077 100.0000 stroke11
movl 0 50.7872 346.3926 176.8383 158.8866 8.0567 -105.1546 100.0000 stroke11
movl 0 49.2532 348.2934 175.8812 159.5326 7.1637 -105.8896 100.0000 stroke11
movl 0 47.6284 351.1323 175.0173 160.2580 5.0355 -107.2239 100.0000 stroke11
movl 0 46.0958 353.7919 174.5202 161.0935 2.5246 -108.5237 100.0000 stroke11
movl 0 45.0774 356.0680 173.9370 161.5738 0.2422 -108.7929 100.0000 stroke11
movl 0 44.3969 357.7966 173.2685 161.9081 -1.1663 -108.0468 100.0000 stroke11
movl 0 46.2549 356.6345 173.9213 161.1329 -0.5911 -107.8857 100.0000 stroke11
movl 0 48.5095 354.4728 174.7352 160.2087 1.0509 -108.2092 100.0000 stroke11
movl 0 47.3973 356.0134 174.8325 161.1895 -0.4238 -108.6601 100.0000 stroke11
movl 0 46.0041 356.6223 174.6184 161.8128 -0.6588 -109.2380 100.0000 stroke11
movl 0 48.1278 344.0293 177.3891 157.6195 7.8638 -108.9561 100.0000 stroke11
movl 0 51.8732 320.3457 231.4997 151.3216 26.4764 -103.8953 100.0000 stroke11
movl 0 47.2692 374.5834 241.1374 153.1445 2.5088 -115.1201 100.0000 stroke12
movl 0 63.9081 371.9330 196.5577 155.3997 -4.3510 -120.5505 100.0000 stroke12
movl 0 74.5358 373.3036 185.1600 161.5502 -11.1606 -132.6437 100.0000 stroke12
movl 0 76.4005 371.0495 179.9309 161.5931 -11.6070 -135.1283 100.0000 stroke12
movl 0 79.1734 371.9260 178.6732 160.8735 -12.4815 -135.8398 100.0000 stroke12
movl 0 74.5464 373.9660 178.0184 163.1739 -11.9827 -136.8081 100.0000 stroke12
movl 0 69.1027 377.2536 177.8520 166.9998 -11.4510 -140.0910 100.0000 stroke12
movl 0 63.9417 380.3914 177.6464 170.4002 -10.4589 -142.6074 100.0000 stroke12
movl 0 61.2642 386.0262 176.4013 173.9308 -10.4474 -145.4464 100.0000 stroke12
movl 0 61.6483 392.7375 174.7002 177.0637 -11.3582 -147.2983 100.0000 stroke12
movl 0 66.5111 395.2519 174.4455 176.8684 -12.3805 -148.3567 100.0000 stroke12
movl 0 66.3744 398.5193 173.6705 179.0075 -13.2327 -149.1707 100.0000 stroke12
movl 0 66.5755 397.0649 174.8506 178.9067 -13.2275 -148.9123 100.0000 stroke12
movl 0 68.0780 393.0823 176.4430 176.5987 -12.2413 -148.1835 100.0000 stroke12
movl 0 66.8782 394.8684 176.3679 178.9294 -13.1135 -148.8387 100.0000 stroke12
movl 0 68.7719 391.4828 177.6733 176.7042 -12.6458 -148.1610 100.0000 stroke12
movl 0 67.9015 392.5260 177.5654 178.2502 -12.9933 -148.8647 100.0000 stroke12
movl 0 66.9235 391.7040 177.6705 178.0349 -12.7099 -148.5897 100.0000 stroke12
movl 0 67.3354 389.9980 177.9114 176.7774 -12.8547 -147.6038 100.0000 stroke12
movl 0 67.9062 389.1253 178.0798 176.0894 -13.1360 -146.9801 100.0000 stroke12
movl 0 68.0691 388.0071 178.2439 175.3922 -13.0498 -146.4602 100.0000 stroke12
movl 0 67.3898 386.5377 178.5861 174.8176 -12.5888 -146.0372 100.0000 stroke12
movl 0 66.6946 385.3920 178.8160 174.3777 -12.1345 -145.6806 100.0000 stroke12
movl 0 65.9796 383.9804 179.1870 173.8546 -11.5697 -145.2219 100.0000 stroke12
movl 0 65.1646 382.2436 179.6420 173.3314 -10.9736 -144.8783 100.0000 stroke12
movl 0 64.4731 380.0633 180.3264 172.6443 -10.2320 -144.6126 100.0000 stroke12
movl 0 64.3598 378.6782 180.9965 171.9960 -9.7171 -144.2898 100.0000 stroke12
movl 0 67.1181 379.0846 185.9892 170.9593 -9.6975 -144.5817 100.0000 stroke12
movl 0 73.7511 379.3744 220.6668 166.8602 -10.3798 -144.4214 100.0000 stroke12
