movl 0 -46.8620 394.7545 166.5836 -154.5766 7.7680 54.3715 100.0000 stroke1
movl 0 -47.4884 394.6788 166.7452 -155.0909 7.6066 53.9575 100.0000 stroke1
movl 0 -48.0241 394.6686 166.8802 -155.4858 7.6361 53.3651 100.0000 stroke1
movl 0 -48.9856 394.4354 166.9514 -155.8698 7.5107 52.5752 100.0000 stroke1
movl 0 -49.5346 393.9180 166.9550 -156.1195 7.1179 52.0344 100.0000 stroke1
movl 0 -49.1296 394.1116 167.0495 -156.5064 6.8831 51.1619 100.0000 stroke1
movl 0 -47.6347 394.5702 167.3083 -156.8827 6.7721 49.9228 100.0000 stroke1
movl 0 -45.6829 395.4174 167.4826 -157.2701 6.7716 48.5465 100.0000 stroke1
movl 0 -43.3773 396.4490 167.4922 -157.6429 6.9062 47.0694 100.0000 stroke1
movl 0 -41.1539 397.3608 167.4434 -157.9458 6.9557 45.6454 100.0000 stroke1
movl 0 -40.0228 396.4468 167.7180 -157.2149 7.0437 46.0093 100.0000 stroke1
movl 0 -37.5337 394.5430 168.2646 -155.7261 6.9654 46.5638 100.0000 stroke1
movl 0 -36.9484 394.1087 168.3326 -155.4232 6.9534 46.7215 100.0000 stroke1
movl 0 -37.5004 395.1823 168.4149 -156.4496 7.6031 46.4058 100.0000 stroke1
movl 0 -37.7215 396.3108 168.4184 -157.5199 8.2578 45.8215 100.0000 stroke1
movl 0 -38.1232 396.8952 168.1602 -157.1020 9.1809 47.5284 100.0000 stroke1
movl 0 -34.4382 379.3100 177.8474 -145.4599 2.5872 57.4972 100.0000 stroke1
movl 0 -29.8886 355.5353 248.6022 -134.8905 -16.7929 68.3904 100.0000 stroke1
movl 0 -26.3957 394.0538 182.5213 -144.0091 1.4421 60.8623 100.0000 stroke2
movl 0 -26.3223 395.3896 167.1375 -145.1841 -0.9615 61.2939 100.0000 stroke2
movl 0 -27.8261 397.6942 163.8442 -146.7730 -2.4594 63.0348 100.0000 stroke2
movl 0 -27.7928 399.9197 161.3327 -146.9685 -3.1968 64.5723 100.0000 stroke2
movl 0 -30.0028 402.0454 159.9996 -147.7197 -2.9007 63.3760 100.0000 stroke2
movl 0 -32.0320 406.2824 158.9462 -149.7852 -0.4288 61.2741 100.0000 stroke2
movl 0 -30.7848 409.6585 158.7756 -151.1890 3.2350 57.9943 100.0000 stroke2
movl 0 -30.0249 411.8823 158.7092 -151.9333 6.7120 55.8259 100.0000 stroke2
movl 0 -29.7275 412.3374 159.1860 -152.5406 8.5782 54.1737 100.0000 stroke2
movl 0 -29.8247 412.9768 159.9179 -153.5171 10.2312 52.5588 100.0000 stroke2
movl 0 -29.5237 413.5024 160.5781 -154.4765 12.1566 50.7031 100.0000 stroke2
movl 0 -29.0700 414.1895 161.1317 -155.4173 13.9992 49.1654 100.0000 stroke2
movl 0 -29.1122 414.5934 161.9693 -156.4436 15.5111 47.6654 100.0000 stroke2
movl 0 -29.0907 415.3637 162.3796 -157.7239 17.1123 45.6530 100.0000 stroke2
movl 0 -29.4816 415.9151 162.7822 -159.0913 18.4262 43.6078 100.0000 stroke2
movl 0 -29.8483 416.0819 163.3176 -160.4871 19.6134 41.5778 100.0000 stroke2
movl 0 -30.3630 416.6138 163.7032 -162.2425 20.8469 39.4129 100.0000 stroke2
movl 0 -30.9800 416.7200 164.2484 -163.8587 21.7831 37.5207 100.0000 stroke2
movl 0 -31.4091 417.3846 164.4044 -165.5660 22.8495 35.4545 100.0000 stroke2
movl 0 -31.8138 418.2209 164.5509 -167.5029 23.8663 33.2038 100.0000 stroke2
movl 0 -32.6669 419.0408 164.8780 -170.0607 25.0097 30.2811 100.0000 stroke2
movl 0 -33.8864 419.4349 165.1062 -172.4992 25.5607 27.4998 100.0000 stroke2
movl 0 -34.9904 419.9049 165.1475 -174.9049 26.1202 24.8490 100.0000 stroke2
movl 0 -36.2395 420.5746 165.2053 -177.3586 26.4153 22.4294 100.0000 stroke2
movl 0 -37.7788 421.2124 165.1401 179.9791 26.4394 19.7703 100.0000 stroke2
movl 0 -39.4131 422.0318 164.9662 177.5578 26.3582 17.8835 100.0000 stroke2
movl 0 -41.6450 422.5448 164.7848 175.4055 26.0668 16.6057 100.0000 stroke2
movl 0 -43.5472 422.5670 164.5511 173.7041 25.7114 15.2463 100.0000 stroke2
movl 0 -45.5934 422.5389 164.5373 172.6016 25.5728 15.4617 100.0000 stroke2
movl 0 -47.5533 420.6588 165.0994 172.9454 25.7457 16.9603 100.0000 stroke2
movl 0 -45.0631 419.4727 165.6733 175.1106 25.9688 18.9062 100.0000 stroke2
movl 0 -43.6126 418.1795 166.2682 176.1054 26.0202 19.6619 100.0000 stroke2
movl 0 -43.3350 417.9754 166.4320 176.0249 26.2077 20.0218 100.0000 stroke2
movl 0 -43.8994 417.4541 166.4096 176.0666 26.0887 20.5085 100.0000 stroke2
movl 0 -41.3228 412.1568 168.6109 -179.5321 25.8536 23.4144 100.0000 stroke2
movl 0 -38.3943 405.3922 171.2800 -174.6875 25.0396 26.3806 100.0000 stroke2
movl 0 -40.6398 396.9661 173.6687 -170.7796 22.3591 28.9278 100.0000 stroke2
movl 0 -45.5458 393.3894 174.2130 -170.4355 20.0446 29.7283 100.0000 stroke2
movl 0 -49.4279 391.3470 174.0598 -170.7060 18.8797 30.9321 100.0000 stroke2
movl 0 -49.7067 392.4094 173.6156 -171.4470 19.1006 30.9583 100.0000 stroke2
movl 0 -49.7789 392.2934 173.2989 -171.2546 19.1728 31.4959 100.0000 stroke2
movl 0 -50.6765 393.5714 172.2416 -171.7999 19.5055 32.4063 100.0000 stroke2
movl 0 -52.9152 394.2287 170.9677 -171.9186 19.5961 35.2660 100.0000 stroke2
movl 0 -52.3673 393.9552 170.6019 -170.7994 19.6763 38.1126 100.0000 stroke2
movl 0 -50.2438 393.3522 170.5981 -168.9629 19.7965 40.2824 100.0000 stroke2
movl 0 -48.7595 392.6616 170.9104 -167.5585 19.8969 41.5830 100.0000 stroke2
movl 0 -44.8147 390.1908 172.3132 -164.7951 19.7943 42.8257 100.0000 stroke2
movl 0 -29.6686 372.7744 185.3382 -148.4895 13.3657 51.1362 100.0000 stroke2
movl 0 -34.8190 345.2534 242.4675 -135.1169 -6.3082 60.1966 100.0000 stroke2
movl 0 -22.5502 399.4204 202.3661 -141.9217 4.4069 73.9488 100.0000 stroke3
movl 0 -32.8375 396.3328 174.2443 -148.5015 5.5122 71.7339 100.0000 stroke3
movl 0 -34.9669 395.2005 177.2003 -152.1119 7.6712 67.6636 100.0000 stroke3
movl 0 -39.0198 396.5818 175.2291 -153.8568 9.6344 68.0003 100.0000 stroke3
movl 0 -44.4668 397.5195 172.7481 -154.1863 10.2147 69.7631 100.0000 stroke3
movl 0 -48.2718 398.6520 170.6034 -155.1616 10.5828 69.9953 100.0000 stroke3
movl 0 -51.0960 399.5895 169.4409 -156.1100 10.8555 69.5050 100.0000 stroke3
movl 0 -55.2271 399.7497 169.0806 -158.1929 10.5891 67.9544 100.0000 stroke3
movl 0 -56.8809 401.2728 168.8443 -159.8755 11.3949 66.6740 100.0000 stroke3
movl 0 -57.9348 401.6512 169.1698 -161.0042 11.9775 65.6081 100.0000 stroke3
movl 0 -59.2693 400.5766 169.6955 -161.5071 11.7083 64.0033 100.0000 stroke3
movl 0 -59.3444 401.0341 169.7514 -161.9953 11.8263 61.4987 100.0000 stroke3
movl 0 -56.9058 402.2532 169.8633 -162.0892 11.9173 60.0457 100.0000 stroke3
movl 0 -52.3915 405.1945 169.9229 -162.2718 12.1713 58.3626 100.0000 stroke3
movl 0 -46.3142 408.3534 169.9339 -162.2548 12.4610 56.4569 100.0000 stroke3
movl 0 -35.9575 409.8264 172.5714 -160.8402 12.6418 54.1184 100.0000 stroke3
movl 0 -17.5726 406.2412 188.8170 -155.2624 11.7532 52.8570 100.0000 stroke3
movl 0 -2.9602 398.9641 235.6417 -141.6025 -2.1112 60.2342 100.0000 stroke4
movl 0 -4.8563 400.7787 184.6877 -146.2684 4.2986 55.7825 100.0000 stroke4
movl 0 -4.6461 407.4497 168.7816 -149.7156 8.0650 52.7636 100.0000 stroke4
movl 0 -3.8126 408.6408 167.0354 -150.5530 8.4269 52.4895 100.0000 stroke4
movl 0 -5.5625 409.9277 165.9752 -150.7628 8.0498 53.3508 100.0000 stroke4
movl 0 -6.5902 411.4401 164.9558 -151.2070 7.7771 53.7203 100.0000 stroke4
movl 0 -7.8112 414.3185 164.6953 -152.9661 9.3385 52.6038 100.0000 stroke4
movl 0 -8.4055 416.2386 164.5873 -154.2996 10.8430 51.5698 100.0000 stroke4
movl 0 -8.7388 417.8799 164.4298 -155.6271 12.7408 50.3022 100.0000 stroke4
movl 0 -10.5343 418.9895 164.4846 -156.9984 14.3472 50.2525 100.0000 stroke4
movl 0 -12.7040 419.6290 164.4531 -158.2680 15.7925 50.4216 100.0000 stroke4
movl 0 -15.0289 418.2178 164.6841 -158.1213 15.6273 51.7188 100.0000 stroke4
movl 0 -12.8651 417.1982 165.1207 -157.4565 15.1460 51.1657 100.0000 stroke4
movl 0 -13.6397 417.7891 165.0123 -158.3369 15.5680 50.8445 100.0000 stroke4
movl 0 -13.4168 414.5900 166.3533 -156.9865 13.9698 50.3742 100.0000 stroke4
movl 0 -13.6229 398.2364 185.3150 -149.2063 4.7748 52.6898 100.0000 stroke4
movl 0 -1.7420 388.9855 191.5718 -147.4396 -1.0618 67.3281 100.0000 stroke5
movl 0 2.1260 399.1452 175.5354 -148.8809 2.6676 65.0542 100.0000 stroke5
movl 0 -4.9374 400.3412 170.9030 -151.0140 2.4903 65.2588 100.0000 stroke5
movl 0 -8.4212 403.0281 169.4111 -152.1708 2.8956 65.4130 100.0000 stroke5
movl 0 -11.1221 404.4793 168.0879 -152.8502 3.0689 65.8269 100.0000 stroke5
movl 0 -13.2607 405.5475 167.9958 -154.7220 3.2982 64.5565 100.0000 stroke5
movl 0 -14.9319 405.5329 168.2061 -155.6010 3.0375 63.5167 100.0000 stroke5
movl 0 -13.3962 406.5131 168.0487 -155.9415 3.4878 62.3707 100.0000 stroke5
movl 0 -9.4955 407.6988 167.9775 -156.2254 4.1097 59.8934 100.0000 stroke5
movl 0 -3.1898 409.6906 167.7715 -156.4325 4.9387 56.8310 100.0000 stroke5
movl 0 0.3065 409.6317 168.1150 -155.7125 5.5833 56.0626 100.0000 stroke5
movl 0 2.3673 412.4226 167.3764 -156.4030 7.3912 54.7051 100.0000 stroke5
movl 0 2.4724 414.1117 167.2440 -157.0169 8.8723 53.7239 100.0000 stroke5
movl 0 1.5278 414.8732 167.0657 -157.5478 10.4575 53.6269 100.0000 stroke5
movl 0 1.2652 412.0819 168.3714 -156.8036 12.0838 54.5875 100.0000 stroke5
movl 0 -0.5700 390.8993 188.0320 -148.6329 7.8853 58.0347 100.0000 stroke5
movl 0 6.2439 385.1060 198.2873 -146.5549 11.6161 53.6023 100.0000 stroke6
movl 0 0.2178 390.6323 174.1581 -152.5886 12.4689 49.8603 100.0000 stroke6
movl 0 -3.5680 391.5881 174.4013 -153.7117 10.8856 48.2428 100.0000 stroke6
movl 0 -11.8392 390.0165 173.4986 -154.9951 11.6750 49.3683 100.0000 stroke6
movl 0 -14.5639 392.8267 170.3979 -155.7544 12.3567 50.8149 100.0000 stroke6
movl 0 -15.6628 394.8396 168.3665 -155.8604 13.0352 51.9161 100.0000 stroke6
movl 0 -16.6225 396.2258 167.6081 -156.6850 13.0471 51.6910 100.0000 stroke6
movl 0 -18.1979 396.7710 167.9195 -158.2787 12.7716 50.3504 100.0000 stroke6
movl 0 -19.3122 396.3755 168.2524 -158.8257 12.3767 49.5971 100.0000 stroke6
movl 0 -18.0880 396.9966 168.3271 -159.3310 12.5507 48.1457 100.0000 stroke6
movl 0 -15.1489 397.8079 168.4861 -159.8908 12.7587 46.2769 100.0000 stroke6
movl 0 -10.8030 398.8390 168.6825 -160.3624 12.8914 44.3942 100.0000 stroke6
movl 0 -6.2959 400.0361 168.6809 -160.8223 13.0688 42.4700 100.0000 stroke6
movl 0 -2.5297 400.8299 168.6537 -161.3371 13.0489 40.5187 100.0000 stroke6
movl 0 -0.8526 401.1455 168.6799 -161.5030 13.1802 39.7019 100.0000 stroke6
movl 0 0.5385 398.9610 169.5266 -160.3360 13.0644 39.9614 100.0000 stroke6
movl 0 0.4699 399.7614 169.6127 -161.3302 13.4280 39.8418 100.0000 stroke6
movl 0 0.2274 400.0713 169.4195 -161.5969 13.8688 40.2036 100.0000 stroke6
movl 0 -1.2010 394.2755 171.6778 -156.4543 13.8488 46.6653 100.0000 stroke6
movl 0 1.9684 379.3129 207.8379 -143.2158 7.0471 54.7122 100.0000 stroke6
movl 0 2.8704 397.5692 227.0958 -141.2223 8.9407 62.9545 100.0000 stroke7
movl 0 2.7469 399.8566 175.4758 -146.2377 13.0020 59.6105 100.0000 stroke7
movl 0 -1.8985 400.9602 169.2751 -149.1207 13.7819 57.8791 100.0000 stroke7
movl 0 -6.4370 400.0808 168.3520 -151.4439 13.1707 56.5806 100.0000 stroke7
movl 0 -9.6403 400.0363 168.7003 -153.4570 12.8540 54.4255 100.0000 stroke7
movl 0 -10.5375 402.0605 168.0182 -154.6346 13.2512 53.0340 100.0000 stroke7
movl 0 -15.5399 406.2720 167.1569 -158.1438 14.2030 50.6857 100.0000 stroke7
movl 0 -17.4065 409.0505 167.0156 -161.3524 15.4964 47.1536 100.0000 stroke7
movl 0 -16.9243 410.0830 167.0293 -162.5261 16.4644 44.8658 100.0000 stroke7
movl 0 -16.7046 410.7129 167.5107 -164.4990 18.3718 41.6485 100.0000 stroke7
movl 0 -17.1544 411.3196 167.9795 -167.1924 20.2242 37.4544 100.0000 stroke7
movl 0 -17.6370 410.7919 168.6027 -168.7603 21.1457 34.7022 100.0000 stroke7
movl 0 -17.2418 410.2421 168.9414 -169.2219 21.5711 33.3192 100.0000 stroke7
movl 0 -17.9374 409.5314 169.1393 -169.5248 21.5013 32.6749 100.0000 stroke7
movl 0 -16.5928 406.9040 170.3432 -167.6574 20.8189 32.4339 100.0000 stroke7
movl 0 -13.5499 398.0925 187.3709 -158.6980 17.4352 36.7027 100.0000 stroke7
movl 0 -2.5760 395.2285 222.9521 -145.8497 7.0863 54.7815 100.0000 stroke8
movl 0 -5.2269 395.0532 176.2282 -152.2199 10.4602 51.0614 100.0000 stroke8
movl 0 -7.4483 396.8579 172.6954 -155.2425 11.8752 47.9844 100.0000 stroke8
movl 0 -7.6675 398.8109 170.8273 -156.3127 12.7246 47.1272 100.0000 stroke8
movl 0 -9.6556 399.9466 170.0586 -156.8510 12.6217 47.2709 100.0000 stroke8
movl 0 -11.6821 401.3083 169.2141 -157.5730 12.4577 47.1260 100.0000 stroke8
movl 0 -14.1610 403.5394 168.7647 -160.2133 12.8021 44.2828 100.0000 stroke8
movl 0 -13.4012 405.1876 168.6402 -161.3594 14.2170 42.5027 100.0000 stroke8
movl 0 -13.5026 407.5680 169.1201 -164.4010 17.0193 39.2304 100.0000 stroke8
movl 0 -14.2463 410.0885 169.5274 -168.2037 19.5754 35.1407 100.0000 stroke8
movl 0 -14.8761 410.5202 169.8549 -170.0755 20.4205 32.6391 100.0000 stroke8
movl 0 -15.1527 410.2843 169.9499 -170.4915 20.6175 31.9979 100.0000 stroke8
movl 0 -14.9097 409.2327 170.3563 -169.8103 20.2492 32.0853 100.0000 stroke8
movl 0 -9.7396 402.6654 175.1182 -163.4379 18.8611 35.3914 100.0000 stroke8
movl 0 -7.3776 389.1084 239.6809 -151.1187 10.0140 42.8071 100.0000 stroke8
movl 0 6.4113 402.4526 227.9307 -149.7227 12.1474 49.6792 100.0000 stroke9
movl 0 -2.1875 393.8077 178.3037 -152.6332 8.8473 51.7215 100.0000 stroke9
movl 0 -5.2799 392.0776 173.8130 -153.7191 6.8741 53.3933 100.0000 stroke9
movl 0 -6.4954 392.9807 172.4559 -154.8034 6.4918 54.4118 100.0000 stroke9
movl 0 -6.8441 394.9526 171.6305 -155.2463 6.5994 54.5721 100.0000 stroke9
movl 0 -8.7903 397.3511 170.7895 -156.3971 6.9647 54.0600 100.0000 stroke9
movl 0 -11.1077 400.2653 170.2023 -158.5711 7.6259 52.1377 100.0000 stroke9
movl 0 -10.2463 402.6974 169.9637 -159.6220 9.6495 49.9703 100.0000 stroke9
movl 0 -9.6970 405.6987 170.4240 -162.3097 13.3695 46.2699 100.0000 stroke9
movl 0 -10.4942 408.3965 170.6867 -165.8497 16.6159 42.1008 100.0000 stroke9
movl 0 -10.9519 409.2633 170.9325 -167.8502 18.2937 39.5177 100.0000 stroke9
movl 0 -10.9351 408.8769 171.1068 -168.0841 18.4611 38.9641 100.0000 stroke9
movl 0 -10.9400 408.7202 171.2031 -168.0970 18.5031 38.7270 100.0000 stroke9
movl 0 -9.8408 407.1493 171.7715 -166.9992 18.1535 38.7205 100.0000 stroke9
movl 0 -5.3969 400.8376 180.9435 -161.6688 15.9165 39.9990 100.0000 stroke9
movl 0 2.6434 401.5383 189.7420 -152.6758 12.5839 50.8150 100.0000 stroke10
movl 0 0.9688 399.4392 173.9673 -153.6987 10.3410 51.6907 100.0000 stroke10
movl 0 -1.1625 400.0131 173.4889 -155.6285 9.7243 50.6707 100.0000 stroke10
movl 0 -3.1995 400.8889 173.2032 -156.7236 9.4750 50.2887 100.0000 stroke10
movl 0 -4.8938 402.8537 172.6370 -158.0581 9.5818 49.4883 100.0000 stroke10
movl 0 -9.1106 406.0580 171.9184 -160.9299 9.6426 47.5585 100.0000 stroke10
movl 0 -8.9327 408.1353 171.6194 -162.5152 10.6840 45.0401 100.0000 stroke10
movl 0 -8.8771 410.4522 171.8498 -164.6890 13.6097 42.1986 100.0000 stroke10
movl 0 -8.8112 413.2634 171.9623 -168.0422 16.7484 38.0442 100.0000 stroke10
movl 0 -9.0197 415.1596 171.8492 -170.5571 18.6473 34.9774 100.0000 stroke10
movl 0 -9.8271 415.9354 171.9215 -172.3929 19.4393 32.8238 100.0000 stroke10
movl 0 -9.7835 415.2095 172.2306 -172.6370 19.7262 32.3552 100.0000 stroke10
movl 0 -5.8351 409.8664 175.2343 -170.0645 19.8841 32.7042 100.0000 stroke10
movl 0 6.9271 380.2475 217.5462 -151.3484 16.1797 39.9431 100.0000 stroke10
movl 0 5.6201 379.6775 211.6783 -146.2277 15.0997 48.2232 100.0000 stroke11
movl 0 -0.4694 385.7011 174.3899 -152.9206 17.2415 44.4616 100.0000 stroke11
movl 0 -12.3404 384.4442 175.7604 -156.9211 15.6728 40.7761 100.0000 stroke11
movl 0 -21.6566 385.1225 174.9548 -159.8071 16.1432 40.0848 100.0000 stroke11
movl 0 -30.2072 385.6849 173.2193 -161.0719 15.4407 41.2726 100.0000 stroke11
movl 0 -31.4497 386.5108 172.1197 -160.9042 15.7104 42.1646 100.0000 stroke11
movl 0 -33.3142 387.7308 171.3492 -162.1602 15.5738 40.9492 100.0000 stroke11
movl 0 -36.0631 387.9628 171.4274 -164.1906 14.9755 38.2659 100.0000 stroke11
movl 0 -36.2564 387.5505 171.7013 -164.7369 14.9121 37.0675 100.0000 stroke11
movl 0 -35.6796 387.6802 171.8315 -164.9804 14.7812 35.9310 100.0000 stroke11
movl 0 -33.8084 388.0983 172.0908 -165.5670 14.6425 34.1491 100.0000 stroke11
movl 0 -30.1927 388.6887 172.3951 -166.0698 14.5358 32.2453 100.0000 stroke11
movl 0 -26.2721 389.2616 172.7976 -166.7915 14.2304 30.0474 100.0000 stroke11
movl 0 -21.8489 390.6150 173.2851 -167.8530 13.6605 27.4631 100.0000 stroke11
movl 0 -17.5930 391.4973 173.7827 -168.8038 12.8804 24.9189 100.0000 stroke11
movl 0 -14.4641 392.4742 174.0693 -169.8882 11.7856 22.2501 100.0000 stroke11
movl 0 -12.2291 393.7644 174.0775 -170.9094 10.6600 19.4496 100.0000 stroke11
movl 0 -9.9632 395.1606 173.9683 -171.8806 9.5611 16.8506 100.0000 stroke11
movl 0 -8.7006 395.9370 173.8553 -172.3786 9.1478 15.4474 100.0000 stroke11
movl 0 -5.2417 393.0523 175.1124 -170.6287 10.6096 16.6413 100.0000 stroke11
movl 0 -2.3386 391.6684 175.7642 -169.3896 11.2554 17.4223 100.0000 stroke11
movl 0 -1.7796 392.4568 175.8156 -169.9603 11.5412 17.3472 100.0000 stroke11
movl 0 -1.8915 395.0490 176.2349 -172.5714 11.9423 16.0273 100.0000 stroke11
movl 0 -1.6982 396.0058 176.0961 -173.2832 12.1250 16.3177 100.0000 stroke11
movl 0 -0.3586 394.5327 176.1787 -171.6067 13.1777 18.8220 100.0000 stroke11
movl 0 10.1668 378.1625 187.5683 -152.3133 15.0499 39.6048 100.0000 stroke11
movl 0 -2.3033 374.7396 238.8078 -139.8997 5.2904 61.3735 100.0000 stroke12
movl 0 -3.3385 378.3723 179.0129 -150.2118 15.6587 49.7935 100.0000 stroke12
movl 0 -15.0949 373.7569 174.7687 -155.8989 14.7070 44.9764 100.0000 stroke12
movl 0 -19.1182 373.8803 173.5767 -158.1351 13.2532 43.4859 100.0000 stroke12
movl 0 -20.4730 374.1263 173.3261 -159.1018 12.7719 42.3639 100.0000 stroke12
movl 0 -21.8987 375.2866 172.9665 -159.7423 12.5287 41.8197 100.0000 stroke12
movl 0 -23.4553 377.3760 172.2980 -160.9899 13.1714 41.0401 100.0000 stroke12
movl 0 -25.6480 380.0246 171.7190 -163.3590 14.8332 39.6482 100.0000 stroke12
movl 0 -28.3203 380.2129 171.4746 -164.3846 15.3554 40.3202 100.0000 stroke12
movl 0 -30.5611 380.8262 170.8817 -164.9959 15.6256 42.4107 100.0000 stroke12
movl 0 -29.1930 379.9872 171.1596 -164.2274 15.5155 42.8714 100.0000 stroke12
movl 0 -28.1128 380.3140 171.2258 -164.4865 15.6837 42.4780 100.0000 stroke12
movl 0 -27.0913 378.8024 171.8557 -163.4330 15.0993 42.2949 100.0000 stroke12
movl 0 -16.8391 366.8974 193.3718 -151.4495 7.7049 49.4346 100.0000 stroke12
movl 0 0.0613 387.3151 208.2173 -150.2004 14.9177 55.9907 100.0000 stroke13
movl 0 0.2496 383.2492 174.0269 -154.6305 16.0508 50.4459 100.0000 stroke13
movl 0 -4.3541 382.8188 172.5067 -157.0374 15.3811 48.9529 100.0000 stroke13
movl 0 -8.0243 383.1636 172.5238 -159.0014 15.1285 47.6768 100.0000 stroke13
movl 0 -10.2685 382.4068 172.4979 -159.2621 14.0728 47.3345 100.0000 stroke13
movl 0 -12.5477 383.1916 171.7043 -159.5756 13.7033 47.7003 100.0000 stroke13
movl 0 -15.4564 388.0053 170.1575 -162.3748 15.0101 46.6722 100.0000 stroke13
movl 0 -16.6545 391.5939 169.3428 -165.3069 16.5723 44.1012 100.0000 stroke13
movl 0 -15.7592 392.4931 169.1956 -166.2632 17.0746 42.2859 100.0000 stroke13
movl 0 -16.0764 392.5720 169.3675 -167.2702 18.2529 41.2543 100.0000 stroke13
movl 0 -14.5283 391.7135 169.7845 -166.8205 18.4819 40.5488 100.0000 stroke13
movl 0 -15.0789 390.7649 170.0831 -166.8266 18.2675 39.9015 100.0000 stroke13
movl 0 -10.3898 381.6751 174.1234 -160.8146 16.6234 38.5305 100.0000 stroke13
movl 0 -6.4006 365.6192 220.9374 -147.8673 12.4601 40.0868 100.0000 stroke13
movl 0 9.4468 392.3264 209.0178 -153.7591 23.9216 41.3447 100.0000 stroke14
movl 0 7.2288 393.1143 168.6045 -161.9654 24.9073 35.1474 100.0000 stroke14
movl 0 5.0294 390.0090 171.0614 -161.1986 22.4855 35.7229 100.0000 stroke14
movl 0 2.1330 388.9443 171.8712 -162.2937 21.1804 35.0419 100.0000 stroke14
movl 0 -0.4230 390.8048 171.4634 -164.1817 20.9045 33.5322 100.0000 stroke14
movl 0 -2.0893 392.7803 170.8045 -165.7419 20.7471 32.0019 100.0000 stroke14
movl 0 -6.3941 396.5294 170.1066 -169.5521 20.4391 28.9082 100.0000 stroke14
movl 0 -8.3508 399.0643 169.7266 -172.2478 20.1434 26.0530 100.0000 stroke14
movl 0 -7.8093 401.0114 169.3562 -173.8381 20.2128 23.8174 100.0000 stroke14
movl 0 -8.7116 401.0551 169.4274 -175.2714 20.6959 23.2179 100.0000 stroke14
movl 0 -6.8168 400.7684 169.6113 -175.0298 21.1585 22.6802 100.0000 stroke14
movl 0 -7.4004 399.4176 170.0899 -174.7447 21.0017 22.3337 100.0000 stroke14
movl 0 0.5631 385.6622 182.5563 -163.0804 21.9756 25.1562 100.0000 stroke14
movl 0 23.3360 397.9101 206.4817 -175.1404 34.5922 4.0029 100.0000 stroke15
movl 0 21.7241 393.7906 173.0748 179.7060 31.8783 -2.9690 100.0000 stroke15
movl 0 16.0464 387.0569 175.5936 -175.7595 28.6629 1.2881 100.0000 stroke15
movl 0 15.0371 392.1123 172.2902 179.9670 27.7751 -2.7180 100.0000 stroke15
movl 0 13.4117 393.5967 171.1835 178.6659 27.2131 -5.2008 100.0000 stroke15
movl 0 13.8561 395.1792 169.9326 177.8604 27.2689 -6.6194 100.0000 stroke15
movl 0 11.4235 398.0393 168.9294 176.0938 26.1108 -8.6936 100.0000 stroke15
movl 0 7.5142 400.9385 168.5269 173.7389 23.0355 -12.3381 100.0000 stroke15
movl 0 4.1512 403.4431 168.3871 171.6607 20.1208 -16.1219 100.0000 stroke15
movl 0 3.2913 404.7577 168.3407 170.3608 18.3765 -19.1862 100.0000 stroke15
movl 0 4.6648 405.5233 168.2399 169.6407 18.0810 -20.4983 100.0000 stroke15
movl 0 4.1513 403.9842 169.0348 169.2400 17.8718 -20.3948 100.0000 stroke15
movl 0 5.7044 403.2010 169.4402 169.0854 18.1759 -20.4723 100.0000 stroke15
movl 0 5.6068 402.2426 169.6626 169.4248 18.2805 -20.1074 100.0000 stroke15
movl 0 8.6321 399.7074 170.2864 170.8566 20.4831 -18.5416 100.0000 stroke15
movl 0 19.5086 387.7830 174.7108 -178.5310 28.1321 -7.0172 100.0000 stroke15
movl 0 27.4711 365.9237 226.4382 -156.7500 31.3706 9.7646 100.0000 stroke15
