movl 0 -31.8177 420.1377 168.8334 162.2926 23.6653 -53.5097 100.0000 stroke1
movl 0 -33.4135 420.0467 167.7789 163.2270 23.8512 -51.8971 100.0000 stroke1
movl 0 -34.6568 419.9830 166.7852 163.6575 24.3908 -50.6433 100.0000 stroke1
movl 0 -35.6932 420.6041 166.3668 163.6443 23.9616 -50.3310 100.0000 stroke1
movl 0 -37.0582 421.4846 166.0904 163.6838 22.7296 -50.5890 100.0000 stroke1
movl 0 -39.6682 422.4482 166.0483 163.9012 20.9482 -51.4939 100.0000 stroke1
movl 0 -42.0205 422.7058 166.6512 164.2201 19.2905 -52.6719 100.0000 stroke1
movl 0 -42.8233 423.7759 166.6805 163.9961 17.3561 -55.0907 100.0000 stroke1
movl 0 -44.9213 424.2924 166.9512 163.7296 15.5816 -58.2492 100.0000 stroke1
movl 0 -46.9905 423.0914 167.8358 163.1937 13.7140 -62.8553 100.0000 stroke1
movl 0 -48.0924 422.0894 168.3479 162.5735 12.0508 -67.2229 100.0000 stroke1
movl 0 -48.6266 421.6907 168.7143 161.8248 10.4121 -71.1414 100.0000 stroke1
movl 0 -49.1708 421.4151 169.1864 161.3712 8.7447 -74.4059 100.0000 stroke1
movl 0 -49.5281 421.1460 169.6021 161.0128 7.0554 -78.0410 100.0000 stroke1
movl 0 -50.0187 420.8762 170.1117 160.7972 5.3504 -81.3793 100.0000 stroke1
movl 0 -50.4021 420.9456 170.5876 160.7071 3.7462 -83.8552 100.0000 stroke1
movl 0 -50.9049 421.1582 171.0591 160.8477 2.0837 -86.2313 100.0000 stroke1
movl 0 -51.4383 421.6101 171.4602 160.8781 0.0724 -88.4041 100.0000 stroke1
movl 0 -51.5541 421.0621 172.0400 160.8167 -1.0467 -90.0752 100.0000 stroke1
movl 0 -49.2479 419.2669 172.7542 160.1750 0.1702 -91.3213 100.0000 stroke1
movl 0 -49.8044 419.5135 173.1475 160.4510 -1.2142 -91.7218 100.0000 stroke1
movl 0 -49.6458 418.8816 173.3428 160.4646 -1.2016 -92.1496 100.0000 stroke1
movl 0 -49.0637 417.3212 173.4069 160.3190 0.2110 -92.0434 100.0000 stroke1
movl 0 -49.0217 415.9418 173.6932 160.2723 1.9392 -90.4829 100.0000 stroke1
movl 0 -48.8900 414.0586 174.3915 160.1672 4.1098 -88.5870 100.0000 stroke1
movl 0 -47.2212 411.1354 177.0141 159.4882 7.5681 -86.0692 100.0000 stroke1
movl 0 -50.0752 410.7806 192.5681 160.2382 13.1540 -81.5248 100.0000 stroke1
movl 0 -28.8209 404.3302 223.9798 161.6109 26.2596 -63.0521 100.0000 stroke2
movl 0 -26.1870 397.0155 182.2902 162.6244 25.0594 -64.3065 100.0000 stroke2
movl 0 -36.4196 394.7322 175.4940 166.2060 24.3048 -62.2277 100.0000 stroke2
movl 0 -41.0672 394.4915 172.2126 169.2881 25.0044 -57.0604 100.0000 stroke2
movl 0 -42.0615 396.0183 171.1966 170.0989 24.3853 -55.4597 100.0000 stroke2
movl 0 -42.9583 397.1412 170.5075 170.3793 23.9425 -55.2027 100.0000 stroke2
movl 0 -45.6938 398.7399 170.0651 171.3219 22.0266 -55.1138 100.0000 stroke2
movl 0 -48.1035 398.3022 170.3826 172.2959 21.4237 -55.6559 100.0000 stroke2
movl 0 -48.6053 398.3787 170.4076 172.9904 21.1611 -56.1153 100.0000 stroke2
movl 0 -45.2304 399.7593 170.5349 172.7880 20.9116 -57.2537 100.0000 stroke2
movl 0 -41.1049 401.0771 170.5915 172.5889 20.5283 -58.7101 100.0000 stroke2
movl 0 -36.4278 402.8562 170.4943 172.0828 19.8548 -60.8063 100.0000 stroke2
movl 0 -30.6019 405.4536 170.2223 171.8089 19.0382 -63.4431 100.0000 stroke2
movl 0 -26.1524 407.1946 170.1482 171.1399 18.5792 -65.5529 100.0000 stroke2
movl 0 -21.6538 406.6309 170.8030 169.1032 19.4237 -67.4976 100.0000 stroke2
movl 0 -17.1971 412.7134 169.1117 166.2988 16.4279 -70.8685 100.0000 stroke2
movl 0 -11.5638 419.0492 167.0259 163.5014 12.3690 -75.5642 100.0000 stroke2
movl 0 -3.8527 425.9607 163.9054 159.5801 9.1452 -78.6708 100.0000 stroke2
movl 0 -3.2828 427.4450 163.3202 157.8392 7.1644 -80.1931 100.0000 stroke2
movl 0 -3.6060 428.1542 163.8452 156.9322 5.1344 -81.5363 100.0000 stroke2
movl 0 -4.3494 428.8895 164.0792 156.2398 2.7030 -82.8271 100.0000 stroke2
movl 0 -5.9153 429.3174 164.5015 155.7872 0.2092 -84.0041 100.0000 stroke2
movl 0 -4.8061 426.8289 165.7571 155.7277 1.1546 -85.7048 100.0000 stroke2
movl 0 -2.5080 425.7842 165.8877 155.1799 1.8478 -86.6210 100.0000 stroke2
movl 0 -4.4990 426.5556 165.7384 155.2422 0.2227 -86.2180 100.0000 stroke2
movl 0 -3.4788 426.3171 165.8794 155.0286 0.2535 -86.5508 100.0000 stroke2
movl 0 -4.6702 426.3508 165.8775 155.1954 -0.2028 -86.4234 100.0000 stroke2
movl 0 -4.0352 424.7404 166.3495 155.1049 1.0840 -87.2391 100.0000 stroke2
movl 0 -2.3858 420.9987 168.1868 154.6467 4.0386 -87.3954 100.0000 stroke2
movl 0 1.0643 408.3960 179.2168 153.2666 17.5700 -84.4979 100.0000 stroke2
movl 0 -3.2995 397.4263 237.0151 155.3608 38.1913 -73.0826 100.0000 stroke2
movl 0 -11.6084 425.6600 207.8146 -145.9007 -26.2199 105.6330 100.0000 stroke3
movl 0 -2.4285 419.9362 163.4742 -146.8362 -21.7643 102.4996 100.0000 stroke3
movl 0 -9.2102 415.4102 164.8252 -154.3112 -23.9442 105.3459 100.0000 stroke3
movl 0 -13.5512 416.6027 162.6634 -157.4666 -24.6227 107.8623 100.0000 stroke3
movl 0 -14.9949 418.4817 161.7517 -158.6515 -24.4847 108.9766 100.0000 stroke3
movl 0 -17.3005 421.4010 160.6383 -159.5006 -23.3547 109.0643 100.0000 stroke3
movl 0 -19.3541 424.7613 160.4511 -159.7360 -20.2439 107.2651 100.0000 stroke3
movl 0 -19.7218 426.4609 160.4694 -159.7067 -17.8730 104.5124 100.0000 stroke3
movl 0 -21.7215 426.9737 160.6615 -158.6192 -15.5992 101.8376 100.0000 stroke3
movl 0 -22.1889 427.6375 160.9269 -157.3767 -12.9038 98.2170 100.0000 stroke3
movl 0 -22.0950 427.8559 161.3169 -156.6351 -10.6607 95.5465 100.0000 stroke3
movl 0 -22.0435 428.1030 161.8380 -155.9924 -8.2834 93.3492 100.0000 stroke3
movl 0 -21.8161 428.7922 162.4192 -155.6085 -5.5653 91.2926 100.0000 stroke3
movl 0 -21.7785 429.4557 162.8461 -155.3232 -3.4499 89.9075 100.0000 stroke3
movl 0 -22.0119 430.3190 163.6508 -155.3832 -0.7376 87.9623 100.0000 stroke3
movl 0 -22.4041 431.0466 163.8578 -155.6971 1.3077 86.4667 100.0000 stroke3
movl 0 -22.4348 432.0391 164.0708 -155.9756 3.9385 84.4776 100.0000 stroke3
movl 0 -22.9461 432.8309 164.1930 -156.4261 6.2129 82.9044 100.0000 stroke3
movl 0 -23.5826 433.4731 164.4197 -157.0118 8.2550 81.6395 100.0000 stroke3
movl 0 -23.1714 432.4602 165.1087 -157.0057 8.0860 80.7190 100.0000 stroke3
movl 0 -21.2699 430.5122 165.6734 -156.2614 7.1898 80.0498 100.0000 stroke3
movl 0 -22.2146 430.4175 165.8990 -156.9652 8.1425 79.8483 100.0000 stroke3
movl 0 -22.4153 430.0791 166.1034 -157.0727 8.1702 79.6849 100.0000 stroke3
movl 0 -22.3768 429.3453 166.3885 -156.9845 7.8313 79.7010 100.0000 stroke3
movl 0 -22.7356 427.0831 167.4472 -156.7598 6.1818 79.6390 100.0000 stroke3
movl 0 -17.2177 417.8198 179.6191 -153.4249 -1.8432 81.2023 100.0000 stroke3
movl 0 -13.2201 419.7673 179.2148 148.6819 6.8939 -85.9054 100.0000 stroke4
movl 0 -20.6153 409.4615 173.7081 153.7294 8.3910 -87.4569 100.0000 stroke4
movl 0 -29.2013 405.6418 172.7329 156.8684 10.2641 -85.9442 100.0000 stroke4
movl 0 -35.2664 404.2187 172.9222 158.9887 11.3892 -83.6580 100.0000 stroke4
movl 0 -38.0273 404.8883 172.5789 159.5602 11.1152 -82.4199 100.0000 stroke4
movl 0 -38.6375 406.3316 171.9702 159.7202 10.5489 -82.0894 100.0000 stroke4
movl 0 -41.2624 406.6801 171.8662 161.1093 9.9710 -82.7531 100.0000 stroke4
movl 0 -41.8580 406.5499 171.8932 161.4478 9.6964 -83.1792 100.0000 stroke4
movl 0 -41.8300 406.7715 171.9071 161.7629 9.5960 -84.0965 100.0000 stroke4
movl 0 -39.1128 407.6137 172.0331 161.8041 9.1806 -85.8608 100.0000 stroke4
movl 0 -36.4263 408.7715 171.8165 162.3299 8.5973 -88.1965 100.0000 stroke4
movl 0 -33.9082 410.3697 171.6814 162.9476 7.8045 -91.0264 100.0000 stroke4
movl 0 -33.0620 410.9771 171.6204 163.2033 7.3765 -92.4803 100.0000 stroke4
movl 0 -31.1619 407.8254 172.6831 162.2138 8.7562 -92.5276 100.0000 stroke4
movl 0 -31.4564 407.8827 172.7021 162.3921 8.6465 -92.5947 100.0000 stroke4
movl 0 -32.1057 408.1896 172.7055 163.1374 7.7510 -92.6193 100.0000 stroke4
movl 0 -31.4031 408.5856 172.3055 162.2272 7.2932 -91.8139 100.0000 stroke4
movl 0 -30.5364 406.0521 172.7837 160.1092 8.4655 -89.7831 100.0000 stroke4
movl 0 -27.3782 402.0088 186.2804 154.9756 12.1452 -88.8945 100.0000 stroke4
movl 0 -10.8056 409.7751 212.7275 146.5216 11.4634 -87.9279 100.0000 stroke5
movl 0 -10.1783 400.5605 181.5861 148.9575 7.5899 -91.1633 100.0000 stroke5
movl 0 -17.0820 401.2666 172.2419 151.3137 5.1151 -92.2241 100.0000 stroke5
movl 0 -24.1871 400.5837 171.8516 153.3541 4.7229 -92.7648 100.0000 stroke5
movl 0 -32.5304 400.6536 170.8210 154.9206 5.3183 -91.7833 100.0000 stroke5
movl 0 -34.8042 400.9966 170.2157 155.4378 5.7018 -91.7179 100.0000 stroke5
movl 0 -36.4367 401.4672 169.8419 156.2884 5.5448 -92.0964 100.0000 stroke5
movl 0 -38.2912 401.5625 170.1790 157.6965 5.0348 -92.7867 100.0000 stroke5
movl 0 -38.9516 401.6770 170.1266 158.0511 4.9567 -93.2006 100.0000 stroke5
movl 0 -37.3373 402.2068 170.2353 158.1985 4.6026 -94.3662 100.0000 stroke5
movl 0 -34.5804 402.8475 170.5143 158.3954 4.1502 -95.9772 100.0000 stroke5
movl 0 -31.2802 403.6083 170.6770 158.7155 3.7423 -97.9862 100.0000 stroke5
movl 0 -27.3890 404.6071 170.5425 159.2302 3.3094 -100.0736 100.0000 stroke5
movl 0 -23.8850 404.9578 170.3756 159.8040 2.9951 -102.1528 100.0000 stroke5
movl 0 -22.6389 404.8427 170.4997 160.0650 2.9898 -102.9274 100.0000 stroke5
movl 0 -23.1013 403.3714 171.0137 159.9389 3.7483 -102.6157 100.0000 stroke5
movl 0 -23.1714 403.4172 170.9685 160.4622 3.2878 -102.2651 100.0000 stroke5
movl 0 -24.2449 402.0933 171.0847 159.5518 3.6196 -100.3704 100.0000 stroke5
movl 0 -21.5760 398.8617 172.0261 156.9368 5.5894 -98.7286 100.0000 stroke5
movl 0 -21.6084 392.5741 186.6129 152.7860 11.7593 -94.1207 100.0000 stroke5
movl 0 -14.9829 390.8438 220.5944 147.8720 15.3212 -83.0515 100.0000 stroke6
movl 0 -15.2319 379.2326 170.4766 150.5402 15.2464 -84.5603 100.0000 stroke6
movl 0 -22.0428 375.4877 171.5715 154.7042 18.0608 -83.0809 100.0000 stroke6
movl 0 -28.4857 376.6730 169.8676 156.6362 17.1417 -81.8018 100.0000 stroke6
movl 0 -28.2510 379.1109 169.0425 156.5809 16.1181 -82.1750 100.0000 stroke6
movl 0 -30.6280 380.5395 168.1960 157.0641 15.5128 -82.2181 100.0000 stroke6
movl 0 -34.8590 384.4587 167.3167 158.4420 11.8919 -83.1061 100.0000 stroke6
movl 0 -34.9287 388.2618 166.8151 158.5628 8.5640 -85.3308 100.0000 stroke6
movl 0 -35.2556 389.8166 167.0469 158.5509 6.3874 -87.1654 100.0000 stroke6
movl 0 -35.4977 389.9106 167.4810 158.2472 4.6444 -88.1938 100.0000 stroke6
movl 0 -36.0130 390.6749 167.6982 158.2575 2.4044 -89.7002 100.0000 stroke6
movl 0 -36.4175 390.9780 167.9191 158.3641 0.2624 -91.3919 100.0000 stroke6
movl 0 -37.1460 391.6067 167.8830 158.6199 -1.9302 -92.8627 100.0000 stroke6
movl 0 -38.0832 392.2981 167.7650 159.0296 -4.0621 -94.0105 100.0000 stroke6
movl 0 -39.5363 393.0082 167.5324 159.7039 -6.2437 -95.1202 100.0000 stroke6
movl 0 -41.2511 393.1870 167.3668 160.4345 -7.9342 -95.6631 100.0000 stroke6
movl 0 -42.7427 392.6820 167.2639 161.0750 -9.3771 -96.0331 100.0000 stroke6
movl 0 -44.0757 391.9633 167.1981 161.6905 -10.4137 -96.3865 100.0000 stroke6
movl 0 -45.5957 391.6638 166.9715 162.0404 -11.0317 -95.6347 100.0000 stroke6
movl 0 -46.5882 391.3180 166.6671 161.8285 -11.2889 -93.7034 100.0000 stroke6
movl 0 -46.1811 390.8452 166.9934 161.5469 -10.9259 -92.9163 100.0000 stroke6
movl 0 -43.6459 389.8808 167.9593 160.9843 -9.5556 -92.6772 100.0000 stroke6
movl 0 -42.4897 389.3345 168.3461 160.7483 -9.1693 -92.9277 100.0000 stroke6
movl 0 -42.1725 389.3025 168.4060 160.6481 -9.2138 -92.9282 100.0000 stroke6
movl 0 -42.6497 389.5512 168.3156 160.8407 -9.7248 -92.8284 100.0000 stroke6
movl 0 -43.6062 389.4945 168.3392 161.2156 -10.3560 -92.5998 100.0000 stroke6
movl 0 -39.6662 386.6528 170.1484 159.9433 -8.2868 -93.1670 100.0000 stroke6
movl 0 -42.0152 386.8849 169.5629 160.7367 -9.2267 -92.6906 100.0000 stroke6
movl 0 -39.5300 386.1431 170.4129 159.8452 -7.5913 -93.4221 100.0000 stroke6
movl 0 -35.3468 384.4043 172.6058 158.3139 -3.3898 -94.5922 100.0000 stroke6
movl 0 -20.7860 393.1255 193.2590 153.0388 3.9671 -96.9500 100.0000 stroke6
movl 0 -9.5831 391.6053 235.9889 158.6590 30.6021 -65.6741 100.0000 stroke7
movl 0 -13.7866 378.3240 173.5140 159.8920 28.6737 -63.0301 100.0000 stroke7
movl 0 -30.4506 367.8613 172.4554 166.8511 27.9097 -59.9345 100.0000 stroke7
movl 0 -40.1381 365.6940 171.5269 169.4621 24.8892 -61.2154 100.0000 stroke7
movl 0 -41.7041 365.2190 171.7987 170.2338 23.3682 -61.7411 100.0000 stroke7
movl 0 -41.0648 366.7190 171.2705 170.6549 23.3510 -61.3769 100.0000 stroke7
movl 0 -43.3749 369.0868 170.5371 170.6305 21.3603 -61.5770 100.0000 stroke7
movl 0 -45.0061 369.7013 170.4881 171.4109 20.2184 -62.8190 100.0000 stroke7
movl 0 -43.5349 370.4752 170.6720 171.4572 19.8723 -64.1599 100.0000 stroke7
movl 0 -37.4039 373.6733 170.8186 170.4491 19.1605 -68.1140 100.0000 stroke7
movl 0 -33.5087 375.9969 170.8580 169.5813 18.3712 -71.1664 100.0000 stroke7
movl 0 -30.2760 377.5623 170.6681 168.2184 17.9853 -72.5033 100.0000 stroke7
movl 0 -26.9872 383.0750 169.6502 165.9805 14.6936 -75.6296 100.0000 stroke7
movl 0 -21.2029 387.8598 168.5463 163.7404 11.6346 -79.3893 100.0000 stroke7
movl 0 -18.0362 391.8287 167.2934 160.8576 9.0813 -80.1136 100.0000 stroke7
movl 0 -15.8665 393.4419 166.9945 159.7317 7.6755 -81.4897 100.0000 stroke7
movl 0 -15.2777 394.2014 167.3073 159.0747 5.9106 -83.4195 100.0000 stroke7
movl 0 -14.9994 394.8229 167.7606 158.6208 3.8348 -85.8610 100.0000 stroke7
movl 0 -15.4210 395.3474 168.0945 158.6646 1.9907 -87.7769 100.0000 stroke7
movl 0 -15.7570 396.9975 168.1806 158.7758 -0.7479 -89.9520 100.0000 stroke7
movl 0 -16.5466 399.0089 168.2480 159.3054 -3.7667 -92.1709 100.0000 stroke7
movl 0 -17.3202 401.0716 168.1457 160.0183 -6.7297 -94.3517 100.0000 stroke7
movl 0 -18.3883 402.9837 167.9678 161.1116 -9.5470 -96.5701 100.0000 stroke7
movl 0 -19.9537 405.4125 167.5776 162.4370 -12.3549 -98.4120 100.0000 stroke7
movl 0 -21.5765 407.8846 166.9081 163.8670 -14.9504 -99.7947 100.0000 stroke7
movl 0 -23.4321 410.4120 165.9958 165.2008 -17.3940 -100.6808 100.0000 stroke7
movl 0 -25.0681 411.6381 165.2265 166.2609 -19.0662 -101.2202 100.0000 stroke7
movl 0 -26.0133 411.8886 165.0195 166.5448 -19.8141 -101.1433 100.0000 stroke7
movl 0 -27.6535 411.4280 164.8444 166.5542 -20.4111 -99.6327 100.0000 stroke7
movl 0 -27.0746 409.5502 165.7455 165.8331 -19.4431 -98.6997 100.0000 stroke7
movl 0 -21.5896 407.1529 167.6461 164.2018 -17.3163 -98.7424 100.0000 stroke7
movl 0 -22.4168 406.9120 167.4161 164.1810 -17.5798 -98.0861 100.0000 stroke7
movl 0 -23.8873 406.3905 167.4562 164.4764 -17.6135 -97.6143 100.0000 stroke7
movl 0 -21.8889 403.9241 168.7776 163.5606 -15.9326 -97.5126 100.0000 stroke7
movl 0 -20.2321 401.3559 169.8128 162.5041 -13.9005 -96.8884 100.0000 stroke7
movl 0 -18.9504 399.3584 170.6105 161.8783 -12.4942 -96.6857 100.0000 stroke7
movl 0 -16.8030 395.7301 172.2593 160.8753 -10.5153 -96.8070 100.0000 stroke7
movl 0 -13.5388 392.1601 173.6158 159.5228 -8.5520 -97.1506 100.0000 stroke7
movl 0 -12.5725 391.1743 174.0054 159.1388 -8.0748 -97.2801 100.0000 stroke7
movl 0 -12.1225 387.6808 176.5690 158.3450 -5.8786 -97.1485 100.0000 stroke7
movl 0 -11.7856 374.1577 204.0018 153.8888 5.9641 -97.0096 100.0000 stroke7
movl 0 -17.9649 338.6756 247.4040 145.6636 18.9759 -105.9707 100.0000 stroke8
movl 0 -15.2151 337.1356 180.8478 153.5331 7.3972 -109.5979 100.0000 stroke8
movl 0 -15.4879 329.0106 174.7753 155.0376 8.8981 -110.8018 100.0000 stroke8
movl 0 -18.8472 331.1290 172.0794 156.5673 8.0717 -110.4335 100.0000 stroke8
movl 0 -19.9777 330.3943 171.9780 156.8056 8.1241 -110.6900 100.0000 stroke8
movl 0 -22.8455 331.7671 170.8329 157.7453 7.7781 -110.3419 100.0000 stroke8
movl 0 -25.0200 334.7177 169.6871 158.9044 5.2862 -109.6309 100.0000 stroke8
movl 0 -26.0254 335.4408 169.6561 159.2066 3.8831 -109.2740 100.0000 stroke8
movl 0 -26.2300 335.2630 169.4308 159.0260 3.5496 -108.5371 100.0000 stroke8
movl 0 -26.0595 335.1030 169.4543 158.7770 3.5657 -108.1479 100.0000 stroke8
movl 0 -25.6586 334.6999 169.6241 158.4108 3.6638 -107.8989 100.0000 stroke8
movl 0 -25.1633 334.5647 169.7242 158.0552 3.7946 -107.7979 100.0000 stroke8
movl 0 -24.8881 334.2843 169.8114 157.7268 3.9516 -107.7496 100.0000 stroke8
movl 0 -24.7626 334.0227 169.8985 157.4985 4.1959 -107.7992 100.0000 stroke8
movl 0 -24.4325 333.9969 169.8883 157.3053 4.3026 -107.8038 100.0000 stroke8
movl 0 -23.9635 333.8089 170.0132 157.0119 4.4033 -107.9024 100.0000 stroke8
movl 0 -23.3554 333.7252 169.9168 156.7759 4.5444 -107.9238 100.0000 stroke8
movl 0 -22.7615 333.7031 170.0207 156.5576 4.5659 -108.0014 100.0000 stroke8
movl 0 -21.9213 333.2450 170.3138 156.1400 4.7890 -108.2243 100.0000 stroke8
movl 0 -22.0261 326.5492 174.6112 153.3385 8.7405 -106.6402 100.0000 stroke8
movl 0 -41.7665 305.0929 222.7767 151.0518 25.7971 -98.5711 100.0000 stroke8
movl 0 -36.8631 377.3577 246.2484 160.2484 24.2730 -65.3705 100.0000 stroke9
movl 0 -25.3507 381.9442 186.3107 156.3327 13.6277 -75.7755 100.0000 stroke9
movl 0 -30.4474 375.0801 175.7770 158.8677 13.2435 -78.2462 100.0000 stroke9
movl 0 -36.5868 371.5426 175.0814 161.1254 14.0837 -78.1232 100.0000 stroke9
movl 0 -37.1717 373.4268 174.3076 161.2348 13.2104 -77.7006 100.0000 stroke9
movl 0 -40.0622 374.1981 173.7094 162.0373 12.5236 -77.7792 100.0000 stroke9
movl 0 -45.2242 373.4423 173.8350 164.3856 11.9278 -78.2809 100.0000 stroke9
movl 0 -46.6710 373.2593 173.9494 165.3698 11.9305 -78.3857 100.0000 stroke9
movl 0 -46.5226 373.6384 173.9607 165.7199 11.8921 -78.7996 100.0000 stroke9
movl 0 -46.2989 374.1155 173.8678 166.0345 11.7058 -79.6643 100.0000 stroke9
movl 0 -45.7180 374.7141 173.9028 166.2464 11.4587 -80.5994 100.0000 stroke9
movl 0 -45.0175 375.2575 173.9066 166.5733 11.2138 -81.9173 100.0000 stroke9
movl 0 -44.1935 376.2397 173.8547 167.0587 10.9043 -83.5290 100.0000 stroke9
movl 0 -42.7446 375.6029 174.2054 166.5528 11.0921 -83.9729 100.0000 stroke9
movl 0 -40.9241 374.1389 174.8886 165.7620 11.9202 -84.1044 100.0000 stroke9
movl 0 -40.4773 373.8561 175.0295 165.6530 12.0504 -84.3010 100.0000 stroke9
movl 0 -40.2801 373.6511 175.0765 165.6479 12.0512 -84.2908 100.0000 stroke9
movl 0 -41.1138 374.4671 174.8364 166.0350 10.8814 -84.5701 100.0000 stroke9
movl 0 -40.6908 374.8017 174.7250 165.6483 10.5034 -84.5154 100.0000 stroke9
movl 0 -41.4109 374.5427 174.6409 164.9497 10.6939 -83.8247 100.0000 stroke9
movl 0 -41.1000 374.6191 174.5822 164.4213 10.7147 -83.5707 100.0000 stroke9
movl 0 -40.5255 374.3518 174.8047 164.1045 10.8656 -83.6223 100.0000 stroke9
movl 0 -40.0998 373.6440 175.1304 163.7661 11.1088 -83.4904 100.0000 stroke9
movl 0 -30.7972 369.4213 184.4636 159.8215 13.3649 -84.6314 100.0000 stroke9
movl 0 -26.0056 364.9001 245.8527 152.0588 16.9023 -82.0539 100.0000 stroke10
movl 0 -23.2022 370.8841 182.4999 154.0375 9.3889 -84.0766 100.0000 stroke10
movl 0 -24.0149 366.8220 176.7758 155.9430 9.5830 -85.0026 100.0000 stroke10
movl 0 -28.4837 367.9521 174.6118 157.3406 8.0532 -85.8282 100.0000 stroke10
movl 0 -32.0320 367.5588 173.5973 157.3813 8.3154 -85.3247 100.0000 stroke10
movl 0 -34.3614 368.1764 172.7593 157.8865 8.4186 -85.0187 100.0000 stroke10
movl 0 -39.3595 366.8251 172.6702 160.1010 8.8223 -85.7501 100.0000 stroke10
movl 0 -42.4130 367.0785 172.5317 161.9014 8.4458 -86.4702 100.0000 stroke10
movl 0 -44.3145 366.5699 172.9198 163.0790 8.2283 -86.7264 100.0000 stroke10
movl 0 -44.5289 365.9732 173.2467 163.6037 8.5249 -87.3047 100.0000 stroke10
movl 0 -43.6860 366.6179 173.3533 164.0608 8.2821 -88.7955 100.0000 stroke10
movl 0 -43.5152 367.2017 173.5086 164.7073 7.9270 -90.0475 100.0000 stroke10
movl 0 -43.5051 367.8391 173.6820 165.5730 7.7016 -91.6895 100.0000 stroke10
movl 0 -44.6491 368.4204 173.7638 166.8139 7.5322 -93.3269 100.0000 stroke10
movl 0 -45.2879 366.7723 174.3233 166.8863 8.0672 -93.4380 100.0000 stroke10
movl 0 -43.3487 364.9662 175.0474 166.0077 9.0391 -93.3402 100.0000 stroke10
movl 0 -43.1183 363.9595 175.4557 165.9705 9.5095 -93.4348 100.0000 stroke10
movl 0 -43.1809 364.1620 175.3261 166.0914 9.2293 -93.3914 100.0000 stroke10
movl 0 -43.5467 364.8354 175.3811 166.5104 8.1287 -93.5995 100.0000 stroke10
movl 0 -43.2685 365.2721 175.4370 166.7096 7.3163 -93.9707 100.0000 stroke10
movl 0 -42.5574 365.2257 175.4710 166.6041 6.9332 -94.0460 100.0000 stroke10
movl 0 -41.8743 363.8548 175.6343 165.5110 7.4806 -93.1291 100.0000 stroke10
movl 0 -41.4982 363.3897 175.6886 164.7714 7.8465 -92.5359 100.0000 stroke10
movl 0 -41.5664 363.3532 175.7365 164.4424 8.0957 -92.2933 100.0000 stroke10
movl 0 -41.4789 363.5064 175.7305 164.2055 8.1204 -92.2513 100.0000 stroke10
movl 0 -41.4645 363.3847 175.7630 163.9888 8.1781 -92.1336 100.0000 stroke10
movl 0 -41.4304 363.1733 175.8464 163.7955 8.2358 -91.9931 100.0000 stroke10
movl 0 -41.8624 363.2422 175.7903 163.8585 8.1914 -91.9159 100.0000 stroke10
movl 0 -41.7924 363.3447 175.7919 163.8557 8.1577 -91.9313 100.0000 stroke10
movl 0 -41.4950 363.5986 175.7737 163.9251 8.0802 -92.0344 100.0000 stroke10
movl 0 -41.4792 363.4990 175.8434 163.9962 8.1207 -92.1013 100.0000 stroke10
movl 0 -41.6202 363.3614 175.8928 164.0948 8.1479 -92.1718 100.0000 stroke10
movl 0 -40.8687 363.1231 176.1082 163.9351 8.2707 -92.2953 100.0000 stroke10
movl 0 -38.3070 359.3722 179.4790 163.1895 9.6974 -91.9244 100.0000 stroke10
movl 0 -32.8376 353.6059 213.3988 160.7210 12.9740 -92.2539 100.0000 stroke10
