movl 0 -27.7762 347.7412 241.3824 -131.7749 3.4987 44.3095 100.0000 stroke1
movl 0 -25.0052 387.5312 188.3681 -145.1254 19.7152 43.5012 100.0000 stroke2
movl 0 -28.5515 375.1703 166.1484 -147.7917 14.9898 39.6672 100.0000 stroke2
movl 0 -32.9998 375.6347 167.5968 -149.2781 13.1960 39.5221 100.0000 stroke2
movl 0 -34.2679 381.3574 166.0705 -149.7989 12.8953 40.8697 100.0000 stroke2
movl 0 -35.0110 382.9041 165.6188 -150.0766 12.6244 41.3317 100.0000 stroke2
movl 0 -35.5027 383.7500 165.3160 -150.6521 13.1327 40.3628 100.0000 stroke2
movl 0 -37.2337 383.9665 165.0325 -151.2583 13.0275 39.4550 100.0000 stroke2
movl 0 -39.4439 385.4843 164.8200 -152.8346 13.2688 38.3830 100.0000 stroke2
movl 0 -40.8089 386.6931 164.9953 -154.4008 13.6611 36.7950 100.0000 stroke2
movl 0 -41.6890 388.5567 165.2615 -156.0787 14.3189 35.9735 100.0000 stroke2
movl 0 -41.2358 391.5385 165.2310 -158.5462 15.6664 32.2834 100.0000 stroke2
movl 0 -39.6187 393.5098 164.6281 -159.1160 17.0828 31.0663 100.0000 stroke2
movl 0 -39.8395 394.0821 164.7808 -159.6192 18.0248 30.6791 100.0000 stroke2
movl 0 -40.8948 393.8460 165.0876 -160.4182 18.3456 29.5307 100.0000 stroke2
movl 0 -41.6644 392.6196 165.4348 -160.7948 18.7647 29.1402 100.0000 stroke2
movl 0 -42.0421 391.8138 165.6064 -161.0841 19.1220 28.8986 100.0000 stroke2
movl 0 -42.9796 391.0754 165.7267 -161.5183 19.5275 28.9550 100.0000 stroke2
movl 0 -44.1008 390.3326 165.7347 -161.9862 19.7565 28.9229 100.0000 stroke2
movl 0 -45.0318 389.1895 165.9388 -162.2024 19.9917 29.2214 100.0000 stroke2
movl 0 -46.4174 387.7695 166.1539 -162.3510 19.8221 29.3366 100.0000 stroke2
movl 0 -47.4620 386.9089 166.3469 -162.4565 19.9167 29.5870 100.0000 stroke2
movl 0 -48.6635 386.2093 166.4516 -162.6022 20.1092 29.9350 100.0000 stroke2
movl 0 -49.7356 385.5288 166.5407 -162.6636 20.2914 30.2615 100.0000 stroke2
movl 0 -50.9612 385.1229 166.4674 -162.8112 20.4104 30.5274 100.0000 stroke2
movl 0 -51.8619 384.7486 166.4495 -162.9621 20.6430 30.5817 100.0000 stroke2
movl 0 -52.8812 383.9528 166.8984 -162.8974 20.7859 30.8842 100.0000 stroke2
movl 0 -53.6686 383.3016 167.1045 -162.9344 20.9123 30.6368 100.0000 stroke2
movl 0 -54.4646 382.5995 167.3098 -162.7062 20.9568 31.3076 100.0000 stroke2
movl 0 -54.9459 382.2222 167.5252 -162.6198 21.0712 31.3933 100.0000 stroke2
movl 0 -52.0607 378.7682 168.8365 -160.1080 22.7964 32.4023 100.0000 stroke2
movl 0 -48.6384 367.7960 178.8860 -152.7906 26.1092 31.6236 100.0000 stroke2
movl 0 -29.0062 383.9556 185.2291 -155.3864 29.0336 33.3265 100.0000 stroke3
movl 0 -25.1765 373.9105 169.2287 -156.2293 26.0758 29.2879 100.0000 stroke3
movl 0 -36.1484 369.1843 168.7615 -156.0737 20.6612 29.7790 100.0000 stroke3
movl 0 -38.1023 369.3709 168.0210 -155.9706 19.6876 30.8642 100.0000 stroke3
movl 0 -38.6369 371.1788 167.3760 -156.7289 19.4658 30.5282 100.0000 stroke3
movl 0 -39.9517 372.8194 166.9879 -157.8547 19.3663 29.8206 100.0000 stroke3
movl 0 -41.4970 374.8397 166.6599 -159.5630 19.3636 28.5727 100.0000 stroke3
movl 0 -41.5676 376.1713 166.2695 -160.8292 19.5274 27.0499 100.0000 stroke3
movl 0 -41.2820 378.1092 166.1754 -162.7087 19.8947 25.0966 100.0000 stroke3
movl 0 -41.2402 378.8114 166.2900 -163.4609 20.2415 24.2547 100.0000 stroke3
movl 0 -41.1405 378.7636 166.5201 -164.1058 20.8270 23.9143 100.0000 stroke3
movl 0 -42.1860 379.3572 167.0169 -165.7198 21.3476 22.5711 100.0000 stroke3
movl 0 -42.9710 379.4495 167.3564 -167.2307 21.7828 20.6092 100.0000 stroke3
movl 0 -43.4353 379.3913 167.9174 -168.7836 22.2624 18.5656 100.0000 stroke3
movl 0 -43.9805 378.9530 168.2427 -170.0525 22.5229 17.1374 100.0000 stroke3
movl 0 -44.8469 378.8483 168.2996 -171.3837 22.7549 16.1552 100.0000 stroke3
movl 0 -46.0366 378.4236 168.3666 -172.5978 22.8949 15.4879 100.0000 stroke3
movl 0 -47.2918 377.3390 168.5471 -173.2107 22.8150 15.2664 100.0000 stroke3
movl 0 -48.4737 376.8250 168.5471 -173.8983 22.8358 15.3235 100.0000 stroke3
movl 0 -49.5689 375.8990 168.6370 -174.0902 22.9790 16.1714 100.0000 stroke3
movl 0 -48.9544 375.4940 168.9018 -173.5601 23.0424 16.4701 100.0000 stroke3
movl 0 -47.2423 375.1318 169.3161 -172.9562 23.0678 15.8286 100.0000 stroke3
movl 0 -47.1829 374.9274 169.4464 -173.0973 22.9858 15.4450 100.0000 stroke3
movl 0 -47.2735 375.1609 169.5539 -173.6222 22.9732 15.0095 100.0000 stroke3
movl 0 -47.3071 375.3797 169.6506 -174.1636 22.9928 14.5503 100.0000 stroke3
movl 0 -47.6309 375.4664 169.8662 -174.7547 22.9604 14.1367 100.0000 stroke3
movl 0 -47.7473 375.3150 169.9740 -175.1087 22.8438 13.8404 100.0000 stroke3
movl 0 -47.6465 374.9563 170.2176 -174.3800 22.7063 13.9611 100.0000 stroke3
movl 0 -44.8105 369.0995 172.7767 -169.4286 22.8591 15.9145 100.0000 stroke3
movl 0 -30.4138 353.9434 214.9778 -149.0213 18.6899 26.4310 100.0000 stroke3
movl 0 -17.2295 376.5003 185.4166 -150.6038 17.7372 39.7358 100.0000 stroke4
movl 0 -21.7962 369.9789 175.8003 -154.0023 17.4286 34.4327 100.0000 stroke4
movl 0 -35.0451 364.8733 175.2330 -155.8909 13.7496 31.3301 100.0000 stroke4
movl 0 -40.7839 367.0971 174.4898 -156.6776 12.8077 29.7196 100.0000 stroke4
movl 0 -42.5698 368.3285 173.4756 -157.0338 12.8849 29.2262 100.0000 stroke4
movl 0 -43.3771 369.3693 172.7415 -157.4966 12.9917 28.4812 100.0000 stroke4
movl 0 -45.4116 370.4449 172.3190 -158.1148 12.6717 27.9023 100.0000 stroke4
movl 0 -47.0549 371.1949 171.9658 -158.8499 12.0302 27.3390 100.0000 stroke4
movl 0 -47.2197 372.1050 171.9854 -159.5400 12.0160 26.9623 100.0000 stroke4
movl 0 -48.1186 372.7155 172.2914 -160.7090 11.9698 26.1553 100.0000 stroke4
movl 0 -49.4137 371.6905 172.3847 -160.2915 11.1966 25.8437 100.0000 stroke4
movl 0 -50.4623 371.2375 172.2298 -160.2459 10.3787 25.3050 100.0000 stroke4
movl 0 -49.8682 372.0876 172.2322 -160.4583 10.2948 24.9349 100.0000 stroke4
movl 0 -48.8322 372.5816 172.3376 -160.5221 10.2268 24.3782 100.0000 stroke4
movl 0 -47.9061 373.0454 172.4786 -160.5193 10.1227 23.8035 100.0000 stroke4
movl 0 -47.1794 373.7717 172.6199 -160.7028 9.9551 23.0940 100.0000 stroke4
movl 0 -46.0047 374.6480 172.7914 -160.8348 9.7991 22.1488 100.0000 stroke4
movl 0 -44.6341 375.7791 172.9714 -161.1010 9.7291 21.2467 100.0000 stroke4
movl 0 -43.8141 376.7672 172.8365 -161.4741 9.2815 20.1905 100.0000 stroke4
movl 0 -42.8397 377.7137 172.9379 -161.5670 9.0160 19.3149 100.0000 stroke4
movl 0 -41.5251 379.0872 173.0067 -161.6438 8.7155 18.2533 100.0000 stroke4
movl 0 -40.3469 380.4513 172.9366 -161.6503 8.3711 17.0046 100.0000 stroke4
movl 0 -39.4225 381.3328 172.9253 -161.6362 8.2828 16.1926 100.0000 stroke4
movl 0 -38.4928 379.5059 173.5009 -160.8101 8.6921 16.8859 100.0000 stroke4
movl 0 -37.1553 378.1727 174.0704 -160.1113 9.1233 17.3707 100.0000 stroke4
movl 0 -36.5936 377.3458 174.3394 -159.6375 9.2765 17.6386 100.0000 stroke4
movl 0 -36.2896 377.0781 174.4163 -159.4189 9.3665 17.8191 100.0000 stroke4
movl 0 -36.1320 376.6503 174.5746 -159.1352 9.4560 17.9196 100.0000 stroke4
movl 0 -36.0765 376.7040 174.5733 -159.2002 9.4367 17.9460 100.0000 stroke4
movl 0 -37.1227 377.3434 174.4202 -160.0899 9.0474 17.7352 100.0000 stroke4
movl 0 -36.8160 378.5489 174.6223 -161.1354 9.1122 16.9689 100.0000 stroke4
movl 0 -36.5497 378.6602 174.7201 -161.6436 9.1580 16.5134 100.0000 stroke4
movl 0 -36.9852 378.4989 174.6355 -161.7298 9.1703 16.6138 100.0000 stroke4
movl 0 -33.6358 374.8802 175.8763 -159.6225 11.5360 20.5932 100.0000 stroke4
movl 0 -21.6337 363.6690 195.0012 -148.1667 15.4520 33.8249 100.0000 stroke4
movl 0 -14.7029 382.8143 205.5256 -136.4901 -0.9139 59.8459 100.0000 stroke5
movl 0 -15.5045 386.8627 169.0284 -138.6353 -1.2447 58.4728 100.0000 stroke5
movl 0 -19.8225 390.8753 163.0245 -142.0835 -0.2068 56.9279 100.0000 stroke5
movl 0 -20.3983 392.8251 161.2507 -143.7674 0.7927 54.5435 100.0000 stroke5
movl 0 -22.8744 395.2581 160.9014 -145.0289 1.3001 54.3035 100.0000 stroke5
movl 0 -22.8100 396.1398 159.7631 -145.1396 1.4862 55.4936 100.0000 stroke5
movl 0 -24.5880 398.9730 158.7356 -146.5686 2.3980 54.9275 100.0000 stroke5
movl 0 -25.1678 401.9601 158.7942 -148.4407 4.1808 51.7212 100.0000 stroke5
movl 0 -25.1512 404.7105 159.0918 -150.3174 6.1782 49.9182 100.0000 stroke5
movl 0 -24.8321 406.0362 159.4086 -151.5184 7.4583 48.2449 100.0000 stroke5
movl 0 -25.1228 407.2917 159.6471 -152.7134 8.8519 44.9108 100.0000 stroke5
movl 0 -26.0149 407.9103 159.8796 -153.5218 10.8623 44.3116 100.0000 stroke5
movl 0 -25.5968 408.4067 159.5543 -153.8951 12.0278 43.1860 100.0000 stroke5
movl 0 -25.6465 408.8721 160.0225 -154.7695 13.3154 41.6294 100.0000 stroke5
movl 0 -26.2311 409.0767 160.7463 -155.9426 14.5590 39.5769 100.0000 stroke5
movl 0 -26.2977 409.5661 161.4764 -157.1610 15.7569 37.6652 100.0000 stroke5
movl 0 -26.3547 410.3448 162.0127 -158.4100 16.9359 35.9174 100.0000 stroke5
movl 0 -26.5653 410.9493 162.8404 -159.9095 18.0029 33.7128 100.0000 stroke5
movl 0 -28.6064 412.7789 164.5755 -162.1398 18.8096 31.5335 100.0000 stroke5
movl 0 -28.8420 413.3538 165.1973 -163.7011 19.6877 29.3828 100.0000 stroke5
movl 0 -28.9996 414.0634 165.8553 -165.5157 20.6012 26.8557 100.0000 stroke5
movl 0 -29.0289 414.5020 166.3163 -166.9501 21.2228 24.9136 100.0000 stroke5
movl 0 -29.0078 414.8144 166.8679 -168.3974 21.8215 22.9130 100.0000 stroke5
movl 0 -29.5351 415.0050 167.4754 -170.0890 22.0792 20.5708 100.0000 stroke5
movl 0 -29.6803 415.7056 167.8410 -171.8899 22.5119 18.2562 100.0000 stroke5
movl 0 -29.9508 416.4831 168.2777 -173.7340 22.7642 15.8797 100.0000 stroke5
movl 0 -30.5033 417.2657 168.6987 -175.5808 22.7321 13.7370 100.0000 stroke5
movl 0 -31.2197 417.8972 169.3431 -177.3432 22.4672 11.6828 100.0000 stroke5
movl 0 -31.6197 418.7837 169.7116 -179.2027 22.3386 9.7400 100.0000 stroke5
movl 0 -31.8197 419.2018 169.9994 179.8014 22.1618 8.9675 100.0000 stroke5
movl 0 -32.4595 419.7811 170.2760 178.5732 21.9415 7.6789 100.0000 stroke5
movl 0 -33.2591 420.3253 170.5854 177.1195 21.5473 6.4049 100.0000 stroke5
movl 0 -33.9661 420.9285 170.7511 175.8791 21.0915 5.1517 100.0000 stroke5
movl 0 -34.6736 421.6473 170.9148 174.3778 20.5143 3.6236 100.0000 stroke5
movl 0 -35.0857 422.1301 171.1445 173.1995 19.9753 2.4801 100.0000 stroke5
movl 0 -35.6006 423.0841 171.2362 171.7720 19.3984 0.7575 100.0000 stroke5
movl 0 -36.5499 423.8976 171.3477 170.5567 18.5181 -0.1463 100.0000 stroke5
movl 0 -37.2661 424.5655 171.4643 169.3824 17.6643 -1.2085 100.0000 stroke5
movl 0 -37.9424 425.6046 171.5546 168.0236 16.7583 -2.1147 100.0000 stroke5
movl 0 -38.1064 426.1950 171.7209 167.0242 16.0668 -2.7753 100.0000 stroke5
movl 0 -38.4443 427.5774 172.1641 165.7241 15.3122 -2.9628 100.0000 stroke5
movl 0 -39.5902 428.6464 171.9575 164.6287 14.3904 -2.6697 100.0000 stroke5
movl 0 -40.6303 429.2170 171.7565 163.8518 13.5601 -2.0152 100.0000 stroke5
movl 0 -41.6432 429.1252 171.7634 163.3006 12.6984 -1.6926 100.0000 stroke5
movl 0 -42.7061 429.5571 171.5573 162.6566 11.8266 -1.2438 100.0000 stroke5
movl 0 -43.4722 430.5159 170.9987 161.7183 11.1154 -1.0570 100.0000 stroke5
movl 0 -44.6761 431.1865 170.5664 160.9327 10.2809 -0.5752 100.0000 stroke5
movl 0 -45.2509 431.7439 170.1296 160.3201 9.7956 -0.4973 100.0000 stroke5
movl 0 -46.8776 431.8415 169.7446 159.9581 9.1103 0.5456 100.0000 stroke5
movl 0 -47.2562 431.8516 169.6033 159.7002 8.6168 0.4098 100.0000 stroke5
movl 0 -47.8787 431.7889 169.4201 159.3511 8.0661 0.3717 100.0000 stroke5
movl 0 -48.6593 432.1976 168.9183 158.8292 7.6425 1.3800 100.0000 stroke5
movl 0 -48.3796 432.1579 169.0369 158.6063 7.2244 1.1165 100.0000 stroke5
movl 0 -48.2274 431.1185 169.7189 158.7198 7.2361 1.0289 100.0000 stroke5
movl 0 -48.2115 429.7459 170.7107 159.0185 7.1349 0.8174 100.0000 stroke5
movl 0 -47.3075 429.2472 171.3902 159.0349 7.1779 0.5367 100.0000 stroke5
movl 0 -46.5076 428.7549 172.1065 159.1171 7.2952 0.3638 100.0000 stroke5
movl 0 -45.8294 428.0817 172.8502 159.3362 7.3864 0.1659 100.0000 stroke5
movl 0 -44.7501 427.6006 173.6609 159.6319 7.5668 -0.1195 100.0000 stroke5
movl 0 -43.9922 427.3330 174.0994 159.7271 7.6002 -0.4192 100.0000 stroke5
movl 0 -43.2974 427.0681 174.4288 159.9018 7.6534 -0.6931 100.0000 stroke5
movl 0 -43.0350 426.7598 174.6411 159.9599 7.7230 -0.7762 100.0000 stroke5
movl 0 -42.9627 426.6095 174.6573 160.0975 7.7349 -0.8672 100.0000 stroke5
movl 0 -41.3088 425.9978 175.2160 160.6937 8.7695 -0.8516 100.0000 stroke5
movl 0 -26.4659 410.1706 187.5120 172.1017 16.8698 2.3553 100.0000 stroke5
movl 0 -7.3907 375.6544 222.8341 -160.9989 25.5425 16.6659 100.0000 stroke5
movl 0 -44.8488 290.2354 201.2538 -148.6356 -30.0535 66.5254 100.0000 stroke6
movl 0 -43.3709 288.2651 178.4755 -155.1514 -23.6216 69.7534 100.0000 stroke6
movl 0 -39.8905 293.1647 168.2918 -156.4190 -19.9251 64.5771 100.0000 stroke6
movl 0 -38.5693 294.3223 171.0841 -156.8570 -17.6494 61.5536 100.0000 stroke6
movl 0 -40.2292 297.2590 171.1414 -158.6435 -16.1104 61.4528 100.0000 stroke6
movl 0 -40.9469 300.7635 170.8037 -159.3319 -15.3248 60.5886 100.0000 stroke6
movl 0 -42.4503 304.4417 170.5872 -160.6375 -14.1722 59.9952 100.0000 stroke6
movl 0 -45.0116 307.0366 170.3792 -162.6628 -13.2259 59.0918 100.0000 stroke6
movl 0 -46.4058 307.8871 170.4137 -163.7306 -12.8940 58.8128 100.0000 stroke6
movl 0 -47.7310 307.7553 170.5329 -164.4284 -12.8901 58.4950 100.0000 stroke6
movl 0 -50.7185 306.5876 170.1594 -164.4610 -13.7712 57.4275 100.0000 stroke6
movl 0 -54.0057 306.8858 169.7259 -163.8343 -14.0537 53.0889 100.0000 stroke6
movl 0 -55.3714 307.3681 169.4071 -163.3492 -14.2287 50.3891 100.0000 stroke6
movl 0 -55.2412 307.2700 169.3228 -163.0254 -14.2831 49.2317 100.0000 stroke6
movl 0 -55.4609 306.7967 169.3758 -163.0350 -14.4120 49.1581 100.0000 stroke6
movl 0 -54.7939 307.4460 169.6660 -162.9074 -14.1755 48.8353 100.0000 stroke6
movl 0 -56.0665 305.6136 169.8806 -163.1888 -14.1785 49.6653 100.0000 stroke6
movl 0 -56.1070 306.9481 169.3483 -162.9329 -14.5907 48.2698 100.0000 stroke6
movl 0 -55.7419 308.5393 169.0746 -162.6853 -14.8103 46.7768 100.0000 stroke6
movl 0 -55.1180 307.4168 169.6774 -162.5674 -14.5187 47.6593 100.0000 stroke6
movl 0 -55.3189 306.4064 169.8052 -162.5863 -14.5548 48.2945 100.0000 stroke6
movl 0 -55.2387 307.9228 169.3614 -162.5424 -14.7016 47.2755 100.0000 stroke6
movl 0 -55.5157 308.5753 169.0621 -162.5213 -14.8546 46.6808 100.0000 stroke6
movl 0 -55.5044 308.7155 168.8746 -161.6623 -15.1230 43.7171 100.0000 stroke6
movl 0 -55.7158 308.6735 169.0514 -161.6374 -15.2316 43.5103 100.0000 stroke6
movl 0 -55.4927 307.3968 169.0293 -161.4871 -15.2602 44.1519 100.0000 stroke6
movl 0 -55.4357 308.1515 168.8901 -161.4760 -15.2570 43.7584 100.0000 stroke6
movl 0 -55.4851 308.5750 168.7985 -161.5114 -15.3404 43.6221 100.0000 stroke6
movl 0 -55.4108 309.0906 168.6219 -161.3337 -15.5029 43.1610 100.0000 stroke6
movl 0 -55.2992 309.3310 168.7489 -161.2400 -15.5310 42.9672 100.0000 stroke6
movl 0 -55.3264 308.2526 168.8438 -161.0847 -15.6502 43.3444 100.0000 stroke6
movl 0 -55.1057 308.6521 168.7683 -161.0164 -15.7203 43.1673 100.0000 stroke6
movl 0 -55.0204 308.6597 168.7486 -160.8867 -15.8336 43.0603 100.0000 stroke6
movl 0 -54.9787 308.6242 168.7602 -160.8319 -15.9493 43.0450 100.0000 stroke6
movl 0 -54.7780 308.4446 168.7849 -160.7090 -16.0305 43.1125 100.0000 stroke6
movl 0 -54.6615 308.3507 168.8447 -160.6137 -16.1017 43.2031 100.0000 stroke6
movl 0 -54.5850 308.1154 168.9046 -160.5023 -16.2324 43.2535 100.0000 stroke6
movl 0 -54.4142 307.8802 168.9701 -160.3504 -16.3364 43.2981 100.0000 stroke6
movl 0 -54.2866 307.5928 169.0792 -160.2640 -16.3876 43.3789 100.0000 stroke6
movl 0 -54.0052 307.3806 169.2381 -160.1298 -16.3764 43.4529 100.0000 stroke6
movl 0 -53.6048 306.9456 169.6106 -159.9084 -16.3472 43.4342 100.0000 stroke6
movl 0 -46.9323 301.2240 173.5329 -156.5059 -15.7275 42.5176 100.0000 stroke6
movl 0 -41.0515 289.6629 188.8110 -150.0586 -17.1522 43.3829 100.0000 stroke6
movl 0 -29.2695 401.0391 200.7660 -153.7289 11.1043 40.2513 100.0000 stroke7
movl 0 -31.6403 396.8812 182.5234 -156.3586 9.3149 35.2851 100.0000 stroke7
movl 0 -41.4123 395.5072 180.5377 -159.1398 6.1494 31.8978 100.0000 stroke7
movl 0 -42.5707 399.1829 179.9302 -160.8048 6.7519 29.6072 100.0000 stroke7
movl 0 -43.8455 398.6912 179.7701 -160.9887 6.8027 29.1242 100.0000 stroke7
movl 0 -44.6814 399.6102 179.3372 -161.3044 6.8290 28.7776 100.0000 stroke7
movl 0 -45.1834 399.4854 179.3079 -161.3280 6.7849 28.6637 100.0000 stroke7
movl 0 -45.6270 399.7106 179.2316 -161.5335 6.8933 28.3812 100.0000 stroke7
movl 0 -50.2384 400.9120 179.3195 -163.2408 5.9988 27.3647 100.0000 stroke7
movl 0 -56.3182 399.1097 178.8822 -163.8468 4.0755 25.9139 100.0000 stroke7
movl 0 -61.7699 398.3195 178.5008 -164.7152 2.4766 23.9410 100.0000 stroke7
movl 0 -65.6229 397.9275 178.0985 -165.1621 1.2046 22.0846 100.0000 stroke7
movl 0 -69.1825 398.1767 177.5184 -165.8513 0.0354 20.8239 100.0000 stroke7
movl 0 -72.4034 399.2892 176.9173 -166.7787 -0.9535 19.2640 100.0000 stroke7
movl 0 -75.2481 400.3530 176.2284 -167.5750 -1.8651 17.6301 100.0000 stroke7
movl 0 -77.0169 402.2914 175.6833 -168.6313 -2.4815 16.0056 100.0000 stroke7
movl 0 -78.7990 405.0932 174.7213 -169.8432 -3.4060 14.0096 100.0000 stroke7
movl 0 -78.3156 405.1183 175.0103 -169.9062 -3.1648 13.5567 100.0000 stroke7
movl 0 -72.4147 403.7377 177.2399 -168.4900 -1.2433 13.2702 100.0000 stroke7
movl 0 -71.4306 403.3304 177.7363 -168.1801 -1.0559 12.6752 100.0000 stroke7
movl 0 -70.5644 403.8293 177.9225 -168.2633 -0.9259 12.0363 100.0000 stroke7
movl 0 -69.9152 405.3609 177.8346 -169.1695 -0.4188 11.8971 100.0000 stroke7
movl 0 -68.4223 407.3345 177.8298 -170.4539 0.6538 12.3066 100.0000 stroke7
movl 0 -68.0857 408.4474 177.8239 -171.4490 1.1371 12.5018 100.0000 stroke7
movl 0 -67.4948 409.2999 178.0108 -172.3985 1.5911 12.7229 100.0000 stroke7
movl 0 -66.5423 408.4226 178.4638 -172.1931 1.7652 13.1669 100.0000 stroke7
movl 0 -64.1404 404.9178 179.8438 -170.3020 2.2873 14.8764 100.0000 stroke7
movl 0 -63.2031 404.1443 180.0728 -169.9889 2.7088 16.1185 100.0000 stroke7
movl 0 -63.7921 405.2709 179.7800 -170.5859 2.1971 15.2241 100.0000 stroke7
movl 0 -63.9549 406.3333 179.7286 -171.4302 2.0403 14.3668 100.0000 stroke7
movl 0 -63.1343 405.2582 180.1301 -171.0477 2.1703 14.5460 100.0000 stroke7
movl 0 -61.8347 404.2775 180.7476 -170.2841 2.2720 14.3893 100.0000 stroke7
movl 0 -61.5752 404.0435 181.0113 -170.6000 2.3439 14.0971 100.0000 stroke7
movl 0 -61.7253 403.5948 181.1484 -170.5862 2.2668 14.0025 100.0000 stroke7
movl 0 -61.7063 403.5512 181.1473 -170.6022 2.2897 13.9559 100.0000 stroke7
movl 0 -61.2676 402.0458 181.5103 -169.7100 2.5270 14.7886 100.0000 stroke7
movl 0 -60.4466 401.1478 181.8295 -169.0211 2.9217 15.3157 100.0000 stroke7
movl 0 -54.3961 394.0855 183.0673 -164.4557 4.2569 17.9631 100.0000 stroke7
movl 0 -48.2238 380.3266 208.4493 -155.9608 4.4508 21.6970 100.0000 stroke7
