movl 0 -28.6375 420.5897 170.7228 -158.7477 -23.8001 124.9857 100.0000 stroke1
movl 0 -20.7406 418.5687 169.5208 -159.2162 -24.9748 124.8803 100.0000 stroke1
movl 0 -17.4321 419.0928 168.2415 -159.2707 -25.4539 125.5238 100.0000 stroke1
movl 0 -17.2484 421.3397 166.9945 -159.4169 -25.3820 126.5402 100.0000 stroke1
movl 0 -17.4495 423.0287 165.3548 -159.8868 -25.8632 128.8329 100.0000 stroke1
movl 0 -18.5741 424.3334 164.5592 -160.1588 -25.7033 130.4636 100.0000 stroke1
movl 0 -20.5452 426.7306 163.5153 -160.0693 -24.0834 130.9706 100.0000 stroke1
movl 0 -21.9339 427.9646 162.3133 -160.0623 -22.4823 130.7029 100.0000 stroke1
movl 0 -22.7797 429.8901 161.4906 -159.6782 -20.8755 130.3243 100.0000 stroke1
movl 0 -21.9666 431.7968 160.6539 -159.1144 -19.8496 129.5754 100.0000 stroke1
movl 0 -22.4481 433.1419 159.8087 -158.6854 -19.3185 129.7344 100.0000 stroke1
movl 0 -23.3279 433.5292 159.4867 -158.2365 -18.8894 129.9450 100.0000 stroke1
movl 0 -24.1150 433.5088 159.5342 -157.8599 -18.4638 129.9556 100.0000 stroke1
movl 0 -24.7150 433.8141 159.7292 -157.2212 -17.7498 130.0084 100.0000 stroke1
movl 0 -25.5309 433.9184 160.1120 -156.4617 -16.9188 130.0863 100.0000 stroke1
movl 0 -26.9427 433.7982 160.5881 -155.7074 -15.9985 130.5786 100.0000 stroke1
movl 0 -28.8525 432.3135 161.5468 -155.5574 -15.8557 131.6137 100.0000 stroke1
movl 0 -28.3469 431.3348 162.2326 -155.7637 -16.4075 131.3984 100.0000 stroke1
movl 0 -26.8880 431.3802 162.4619 -155.5632 -16.6713 131.1773 100.0000 stroke1
movl 0 -27.1564 431.2539 162.5486 -155.8099 -16.7820 131.1227 100.0000 stroke1
movl 0 -26.1048 430.4367 162.9275 -156.2821 -17.3716 130.9147 100.0000 stroke1
movl 0 -27.2129 429.4347 163.5749 -156.9497 -17.5745 131.1219 100.0000 stroke1
movl 0 -26.9828 428.9705 164.0170 -157.1566 -17.8362 131.0930 100.0000 stroke1
movl 0 -21.0383 420.4466 176.3536 -158.7896 -23.8458 131.0355 100.0000 stroke1
movl 0 -24.4466 392.6280 245.9386 -177.9508 -36.8704 141.4582 100.0000 stroke1
movl 0 -23.6702 403.6518 245.8444 153.2985 -29.2226 -158.0898 100.0000 stroke2
movl 0 -38.6156 396.7373 198.1393 165.9895 -25.2266 -171.8177 100.0000 stroke2
movl 0 -46.4665 396.5099 182.6932 170.4990 -22.4601 -178.0103 100.0000 stroke2
movl 0 -50.3176 396.4126 180.5900 170.1234 -20.0897 -177.9108 100.0000 stroke2
movl 0 -51.5451 398.0762 179.3070 171.5245 -19.2775 -179.0844 100.0000 stroke2
movl 0 -54.6089 399.8373 177.1367 172.2829 -18.2257 -179.4907 100.0000 stroke2
movl 0 -55.7581 400.3456 176.3219 172.6039 -18.0443 -179.9681 100.0000 stroke2
movl 0 -58.2384 400.5107 175.8979 173.0745 -17.0497 179.1456 100.0000 stroke2
movl 0 -61.7404 398.2338 176.2103 172.3363 -15.6542 178.9299 100.0000 stroke2
movl 0 -61.8943 398.8374 176.0684 172.2894 -15.3382 178.7271 100.0000 stroke2
movl 0 -60.4631 399.2855 176.2028 172.2611 -15.1476 178.2112 100.0000 stroke2
movl 0 -58.6201 400.0288 176.2610 172.2766 -14.7698 177.3412 100.0000 stroke2
movl 0 -56.5545 400.9080 176.3963 172.4038 -14.1530 176.1194 100.0000 stroke2
movl 0 -55.2142 401.7950 176.2624 172.4004 -13.0038 174.5393 100.0000 stroke2
movl 0 -54.9933 402.4706 175.8645 172.5569 -12.3942 173.7349 100.0000 stroke2
movl 0 -53.4119 399.8437 177.5427 171.3805 -13.5682 174.1665 100.0000 stroke2
movl 0 -52.7792 399.4041 178.0470 171.1627 -13.5633 174.1032 100.0000 stroke2
movl 0 -53.4404 399.1949 178.1728 171.8591 -12.9116 174.2997 100.0000 stroke2
movl 0 -53.6830 399.2785 177.4982 172.2150 -13.3730 174.9953 100.0000 stroke2
movl 0 -52.0330 395.6400 179.7266 170.6170 -15.9711 177.4066 100.0000 stroke2
movl 0 -42.8394 379.9907 221.0143 163.1496 -23.1473 -176.7173 100.0000 stroke2
movl 0 -9.5674 413.4760 225.7473 174.8344 -33.7298 -178.5188 100.0000 stroke3
movl 0 -22.2560 400.1555 187.4048 175.8500 -31.9104 -178.2963 100.0000 stroke3
movl 0 -41.3693 386.0716 178.0822 172.2762 -26.6951 -175.5191 100.0000 stroke3
movl 0 -54.6464 378.9690 177.1028 170.3988 -23.4329 -173.8411 100.0000 stroke3
movl 0 -60.0860 377.9543 176.5027 170.2980 -21.9117 -172.8619 100.0000 stroke3
movl 0 -61.5558 380.0141 175.1564 171.4067 -21.9925 -172.6162 100.0000 stroke3
movl 0 -64.5809 381.5320 173.5750 172.2871 -20.9471 -173.2984 100.0000 stroke3
movl 0 -67.9463 381.6933 173.2127 173.2903 -18.5404 -174.8519 100.0000 stroke3
movl 0 -68.8794 381.9564 173.2672 173.5023 -17.9470 -175.4761 100.0000 stroke3
movl 0 -68.6304 382.9259 173.4022 173.4690 -17.4196 -176.2022 100.0000 stroke3
movl 0 -66.6297 384.4094 173.6862 173.6965 -17.0050 -177.4387 100.0000 stroke3
movl 0 -65.2767 385.4352 173.8505 173.8381 -16.5124 -178.3900 100.0000 stroke3
movl 0 -62.1687 387.0955 174.4119 174.0574 -16.1547 -179.7064 100.0000 stroke3
movl 0 -58.8202 388.9643 174.6747 174.2917 -15.7914 178.9888 100.0000 stroke3
movl 0 -55.7554 390.9493 174.7956 174.5892 -15.2515 177.5410 100.0000 stroke3
movl 0 -51.8756 392.9203 174.9990 174.8107 -14.7885 175.9010 100.0000 stroke3
movl 0 -48.6624 394.2877 174.9995 174.8574 -14.2431 174.3963 100.0000 stroke3
movl 0 -46.0119 395.2234 175.0659 174.9288 -13.7875 173.0749 100.0000 stroke3
movl 0 -45.9271 393.4360 175.8900 174.4124 -14.2125 173.4932 100.0000 stroke3
movl 0 -44.2143 392.2821 177.4375 173.7371 -14.9954 173.4451 100.0000 stroke3
movl 0 -43.3753 391.7873 178.0019 173.4818 -15.1754 173.4294 100.0000 stroke3
movl 0 -44.2975 391.4705 177.7917 173.7954 -14.5018 173.7984 100.0000 stroke3
movl 0 -44.4424 391.7145 176.9446 174.2469 -14.4158 174.1820 100.0000 stroke3
movl 0 -45.7066 390.5881 176.6927 174.3159 -16.1954 176.8059 100.0000 stroke3
movl 0 -42.9027 381.0901 193.8402 167.1089 -22.0319 -174.8451 100.0000 stroke3
movl 0 -38.6582 416.3930 224.6544 162.0747 -18.3820 -142.9902 100.0000 stroke4
movl 0 -34.6358 412.2988 195.2582 165.5923 -18.1368 -148.5891 100.0000 stroke4
movl 0 -36.9904 411.9984 188.9071 166.5281 -17.0875 -147.6903 100.0000 stroke4
movl 0 -42.4753 413.6271 183.8030 167.1362 -16.1946 -146.3001 100.0000 stroke4
movl 0 -45.5319 414.9831 181.6466 167.6949 -15.4275 -145.6142 100.0000 stroke4
movl 0 -46.8051 417.4302 180.0354 168.3381 -15.5035 -144.9419 100.0000 stroke4
movl 0 -49.2377 419.2961 178.2665 168.8724 -15.3396 -144.3325 100.0000 stroke4
movl 0 -52.2465 421.8651 176.2824 171.2130 -14.3928 -145.5813 100.0000 stroke4
movl 0 -53.5237 424.0438 174.9746 173.0673 -14.2016 -147.4431 100.0000 stroke4
movl 0 -55.8712 424.2676 174.7437 174.3524 -14.4166 -147.8797 100.0000 stroke4
movl 0 -56.7549 424.5282 174.6723 175.4808 -14.7893 -148.9693 100.0000 stroke4
movl 0 -58.0260 424.2161 174.8407 176.5352 -14.8698 -150.2646 100.0000 stroke4
movl 0 -59.0238 423.5893 175.0779 177.5600 -15.0257 -151.9065 100.0000 stroke4
movl 0 -60.3867 422.8465 175.1216 178.4119 -15.1835 -152.4999 100.0000 stroke4
movl 0 -61.2101 422.3679 174.9628 179.1655 -15.3662 -152.8644 100.0000 stroke4
movl 0 -61.8142 421.6488 174.9240 179.6326 -15.5149 -153.1252 100.0000 stroke4
movl 0 -62.5018 421.1848 174.7901 -179.5567 -15.7743 -153.6588 100.0000 stroke4
movl 0 -63.4254 420.5892 174.6916 -178.9483 -15.8624 -153.9709 100.0000 stroke4
movl 0 -64.6823 419.5565 174.6597 -178.4993 -15.8780 -153.8793 100.0000 stroke4
movl 0 -65.9628 418.4375 174.6900 -177.9837 -15.8942 -153.9264 100.0000 stroke4
movl 0 -67.1771 417.1546 174.9083 -177.4453 -16.0703 -153.8525 100.0000 stroke4
movl 0 -68.9925 415.6876 174.9071 -177.0214 -16.1311 -153.4060 100.0000 stroke4
movl 0 -71.0733 413.6925 175.1780 -176.7618 -16.2307 -152.8659 100.0000 stroke4
movl 0 -72.8390 412.0455 175.3618 -176.5513 -16.2927 -152.5350 100.0000 stroke4
movl 0 -74.3911 410.8485 175.5710 -176.3743 -16.2977 -152.4323 100.0000 stroke4
movl 0 -75.5368 409.6506 175.8806 -176.4059 -16.4429 -152.1303 100.0000 stroke4
movl 0 -77.0830 408.3212 176.3181 -176.4898 -16.4875 -151.7475 100.0000 stroke4
movl 0 -78.6433 407.1038 176.7696 -176.5767 -16.4653 -151.5045 100.0000 stroke4
movl 0 -79.5103 406.3337 177.2738 -176.6716 -16.6155 -151.3664 100.0000 stroke4
movl 0 -79.9815 405.7881 177.7293 -176.7785 -16.7670 -151.4167 100.0000 stroke4
movl 0 -80.6742 405.2288 178.2012 -176.7980 -16.8851 -151.6361 100.0000 stroke4
movl 0 -81.1443 404.9429 178.7501 -176.9916 -17.0965 -151.6155 100.0000 stroke4
movl 0 -80.5765 404.1602 180.1010 -177.5170 -17.4466 -151.6140 100.0000 stroke4
movl 0 -67.8908 398.2524 199.2097 176.4781 -20.8242 -153.6390 100.0000 stroke4
movl 0 -4.3090 412.9962 198.3043 170.6482 -36.2480 -162.5249 100.0000 stroke5
movl 0 -10.4232 403.9671 175.6020 178.5938 -32.0840 -171.1385 100.0000 stroke5
movl 0 -16.9142 402.1493 177.5620 178.5289 -27.7252 -175.1962 100.0000 stroke5
movl 0 -19.4150 404.7985 175.3573 179.6513 -26.8471 -176.7944 100.0000 stroke5
movl 0 -21.3556 406.0121 173.9826 -179.9980 -26.2157 -177.1576 100.0000 stroke5
movl 0 -24.2633 406.9046 172.9671 -179.5885 -25.8828 -177.4883 100.0000 stroke5
movl 0 -28.9212 407.8170 172.4321 -177.5372 -23.2330 179.6501 100.0000 stroke5
movl 0 -33.2765 409.5982 172.4529 -174.3096 -20.1093 174.3645 100.0000 stroke5
movl 0 -35.2408 413.7501 170.8558 -170.9718 -17.4718 169.3199 100.0000 stroke5
movl 0 -34.6609 420.8976 167.6525 -166.3188 -14.9430 163.2416 100.0000 stroke5
movl 0 -30.6410 427.8099 165.1727 -162.3501 -13.6016 158.7688 100.0000 stroke5
movl 0 -27.7436 430.9309 164.2471 -161.3618 -13.5180 156.6237 100.0000 stroke5
movl 0 -28.4859 431.7409 164.0674 -160.3561 -12.6640 156.4678 100.0000 stroke5
movl 0 -29.7688 428.0671 166.5603 -161.1571 -12.6427 157.0554 100.0000 stroke5
movl 0 -28.2124 424.3376 169.0136 -163.3118 -13.8706 157.0630 100.0000 stroke5
movl 0 -31.2307 422.1663 169.6623 -162.8346 -12.6713 158.6079 100.0000 stroke5
movl 0 -29.5105 420.4355 171.0545 -163.7053 -13.7948 158.4654 100.0000 stroke5
movl 0 -31.4478 418.5736 171.0573 -163.8731 -13.4307 159.2997 100.0000 stroke5
movl 0 -29.8321 417.4213 172.0164 -164.8779 -14.7263 159.6219 100.0000 stroke5
movl 0 -29.2673 415.6784 172.9523 -166.2224 -15.5791 160.1210 100.0000 stroke5
movl 0 -27.0397 410.4501 175.4754 -169.8727 -18.0701 161.8855 100.0000 stroke5
movl 0 -18.4760 405.1810 187.3330 -175.2448 -23.3267 166.3108 100.0000 stroke5
movl 0 4.4278 429.7929 231.7675 -177.4969 -27.0624 176.9117 100.0000 stroke6
movl 0 3.8295 416.7406 184.3171 -178.9050 -28.4543 178.6573 100.0000 stroke6
movl 0 -8.4281 405.3114 179.7290 173.1638 -23.9173 -171.7920 100.0000 stroke6
movl 0 -13.3632 403.6813 177.2563 171.1690 -21.3919 -169.2306 100.0000 stroke6
movl 0 -14.0399 404.0117 176.9557 170.2017 -20.8337 -168.1785 100.0000 stroke6
movl 0 -16.7026 405.4653 175.6342 170.7395 -20.0834 -168.2265 100.0000 stroke6
movl 0 -20.9860 408.3852 174.0926 173.9493 -18.4421 -170.6218 100.0000 stroke6
movl 0 -20.6073 410.6825 173.7123 175.9281 -18.6351 -173.0964 100.0000 stroke6
movl 0 -21.6898 412.8009 173.6447 179.1246 -18.2351 -175.8765 100.0000 stroke6
movl 0 -23.0723 415.3206 173.6488 -176.7349 -17.2964 -179.2726 100.0000 stroke6
movl 0 -24.3957 416.4056 173.5864 -173.7370 -16.6925 178.7806 100.0000 stroke6
movl 0 -22.9923 415.0404 174.5383 -174.8970 -17.0517 178.8351 100.0000 stroke6
movl 0 -24.1076 414.1543 174.4501 -174.6849 -16.6443 178.9609 100.0000 stroke6
movl 0 -22.4571 412.7379 175.2277 -176.0438 -17.3693 179.0636 100.0000 stroke6
movl 0 -22.8096 410.8575 175.8354 -177.4200 -17.4342 179.5911 100.0000 stroke6
movl 0 -19.6006 402.0993 185.7913 176.1421 -18.7297 -178.3993 100.0000 stroke6
movl 0 -7.6961 382.7756 191.8064 161.1943 -18.3499 -163.6903 100.0000 stroke7
movl 0 -16.1594 376.3672 187.7971 160.9943 -15.2403 -162.8455 100.0000 stroke7
movl 0 -21.7317 380.1032 181.2115 163.1168 -14.2371 -162.6551 100.0000 stroke7
movl 0 -25.9657 381.3182 179.1425 163.7507 -13.0784 -162.7550 100.0000 stroke7
movl 0 -28.6962 382.4154 178.2925 164.3756 -12.9328 -162.8716 100.0000 stroke7
movl 0 -33.9849 382.9828 177.1446 165.3236 -11.1134 -163.9224 100.0000 stroke7
movl 0 -37.2489 382.4402 177.2207 165.9478 -9.4865 -165.4612 100.0000 stroke7
movl 0 -38.9275 382.7521 177.2311 166.1253 -8.7732 -166.0323 100.0000 stroke7
movl 0 -37.4771 384.2742 177.1676 166.6069 -8.3897 -167.3249 100.0000 stroke7
movl 0 -33.9844 386.3428 177.3651 167.1205 -8.1547 -169.3493 100.0000 stroke7
movl 0 -29.3218 389.1296 177.2313 167.8017 -7.9394 -172.0278 100.0000 stroke7
movl 0 -24.6384 391.4781 176.9244 168.3464 -8.1887 -173.8810 100.0000 stroke7
movl 0 -23.7217 390.4055 178.1777 167.9971 -8.9916 -173.6139 100.0000 stroke7
movl 0 -20.2524 390.6646 179.8905 167.7653 -10.2899 -173.9103 100.0000 stroke7
movl 0 -18.9884 393.2817 179.2516 168.9053 -10.7789 -175.0360 100.0000 stroke7
movl 0 -10.6806 404.1136 176.2541 173.7535 -13.9179 -178.2651 100.0000 stroke7
movl 0 -1.2613 415.1804 172.7891 178.8965 -17.1956 178.3806 100.0000 stroke7
movl 0 0.2616 418.2483 171.5528 -178.3778 -18.6922 177.0688 100.0000 stroke7
movl 0 -1.0957 419.6389 171.1821 -175.3595 -18.8433 175.6349 100.0000 stroke7
movl 0 -3.0241 420.7596 170.6993 -172.4567 -18.4499 174.8168 100.0000 stroke7
movl 0 -4.7766 418.7088 171.4182 -171.9968 -18.3938 175.1411 100.0000 stroke7
movl 0 -2.3922 417.1603 173.0503 -173.1020 -18.9348 174.9865 100.0000 stroke7
movl 0 -3.3649 416.0752 173.3365 -173.5926 -18.6164 174.9189 100.0000 stroke7
movl 0 -0.7983 412.5994 175.9313 -175.8827 -19.6238 174.2375 100.0000 stroke7
movl 0 0.1829 405.7727 199.6767 178.4722 -20.6794 174.0006 100.0000 stroke7
movl 0 -17.8254 372.3441 217.8444 166.6683 -20.6348 -170.3060 100.0000 stroke8
movl 0 -26.8324 368.9742 190.6917 167.9798 -16.9768 -170.8380 100.0000 stroke8
movl 0 -32.0986 369.9161 186.6234 168.0687 -14.4938 -171.2323 100.0000 stroke8
movl 0 -31.4927 371.9831 183.9696 168.6965 -14.4848 -172.4205 100.0000 stroke8
movl 0 -33.5490 373.7631 182.0711 169.3855 -14.0382 -173.4236 100.0000 stroke8
movl 0 -35.3806 375.4405 180.6357 170.0789 -13.5245 -174.4853 100.0000 stroke8
movl 0 -37.6332 376.8934 179.4907 171.2552 -12.6070 -175.9210 100.0000 stroke8
movl 0 -38.8909 378.0756 179.0887 172.4353 -12.2930 -177.3962 100.0000 stroke8
movl 0 -41.3060 377.7783 178.6072 172.6440 -11.6842 -177.8669 100.0000 stroke8
movl 0 -42.4844 378.2510 178.4987 172.6853 -10.8662 -179.4913 100.0000 stroke8
movl 0 -43.4314 378.7147 178.3371 172.7887 -10.2225 179.3373 100.0000 stroke8
movl 0 -43.3696 379.1688 178.3677 172.9446 -9.7185 178.2434 100.0000 stroke8
movl 0 -42.8321 379.5577 178.6066 173.1144 -9.3081 177.2448 100.0000 stroke8
movl 0 -42.6082 379.5583 178.8662 173.1674 -8.7495 176.0215 100.0000 stroke8
movl 0 -42.1654 380.2083 179.0519 173.5180 -8.1208 174.5172 100.0000 stroke8
movl 0 -41.6374 380.8623 179.2234 173.7340 -7.5876 172.8398 100.0000 stroke8
movl 0 -41.3763 381.3049 179.3669 173.8829 -6.9386 171.0333 100.0000 stroke8
movl 0 -41.7925 381.6562 179.2407 173.8784 -6.1002 169.5389 100.0000 stroke8
movl 0 -42.0914 381.5237 179.0717 173.7891 -5.4274 168.3459 100.0000 stroke8
movl 0 -41.9522 380.2521 179.6084 173.5425 -5.7272 168.4635 100.0000 stroke8
movl 0 -39.7706 379.0947 181.2852 172.8918 -6.7170 168.2312 100.0000 stroke8
movl 0 -38.7656 378.8814 181.8117 172.7354 -6.8757 167.9636 100.0000 stroke8
movl 0 -38.2645 379.0153 182.0632 173.1332 -6.9677 167.9568 100.0000 stroke8
movl 0 -38.5536 379.4708 182.0239 174.4582 -6.4843 167.5395 100.0000 stroke8
movl 0 -38.3847 379.2166 181.7861 174.5684 -6.5678 167.4907 100.0000 stroke8
movl 0 -38.3193 378.4655 182.4571 173.9916 -7.4654 168.3438 100.0000 stroke8
movl 0 -38.3231 377.5008 183.1467 173.3329 -8.3606 169.2950 100.0000 stroke8
movl 0 -38.3340 376.8696 183.4922 172.9491 -9.0306 169.9119 100.0000 stroke8
movl 0 -38.0008 374.3005 185.5384 172.2901 -9.6584 170.3465 100.0000 stroke8
movl 0 -36.5208 369.3066 195.3112 171.0197 -10.8729 170.7544 100.0000 stroke8
movl 0 -30.5013 360.2857 249.0948 167.8215 -14.6910 173.8354 100.0000 stroke8
