movl 0 13.9364 389.3043 155.9840 132.6005 7.8595 -116.2440 100.0000 stroke1
movl 0 18.4523 390.1943 151.3934 131.2721 10.8979 -117.3998 100.0000 stroke1
movl 0 11.4035 396.2545 163.7956 138.6557 -1.7132 -120.7891 100.0000 stroke1
movl 0 4.8349 403.1279 169.6619 145.4199 -7.9760 -123.7664 100.0000 stroke1
movl 0 -5.0958 402.6017 170.7069 147.2045 -4.5061 -124.2163 100.0000 stroke1
movl 0 -19.8613 401.2826 169.3140 149.0301 1.4872 -119.3373 100.0000 stroke1
movl 0 -22.1364 398.5209 166.5356 148.6513 7.9853 -112.3376 100.0000 stroke1
movl 0 -30.8059 396.2850 168.4088 150.3879 8.5047 -111.8557 100.0000 stroke1
movl 0 -32.3284 398.3514 166.9093 150.9517 7.5209 -112.4808 100.0000 stroke1
movl 0 -32.4060 399.2294 166.1633 151.1057 7.0041 -112.7329 100.0000 stroke1
movl 0 -34.3692 401.1934 165.6259 152.2650 5.7635 -113.6639 100.0000 stroke1
movl 0 -35.4995 403.5370 165.8109 153.3904 3.7325 -115.6551 100.0000 stroke1
movl 0 -35.4613 405.1859 165.7379 154.0527 1.7081 -118.1101 100.0000 stroke1
movl 0 -34.9585 406.9082 165.6924 154.5706 -0.0973 -120.2352 100.0000 stroke1
movl 0 -35.5138 407.3919 165.8741 155.0733 -1.3717 -121.9306 100.0000 stroke1
movl 0 -35.8370 408.2203 166.3849 155.9729 -3.2178 -124.5889 100.0000 stroke1
movl 0 -35.9654 409.2749 167.0020 157.0591 -5.4534 -127.2007 100.0000 stroke1
movl 0 -36.4016 411.0222 168.1067 158.8084 -7.9070 -130.1621 100.0000 stroke1
movl 0 -36.9308 413.4326 168.7360 161.2552 -10.8225 -134.1463 100.0000 stroke1
movl 0 -37.8442 415.1245 169.0537 163.4236 -12.8477 -137.1132 100.0000 stroke1
movl 0 -38.7020 416.6842 169.2511 165.5791 -14.6775 -139.7162 100.0000 stroke1
movl 0 -39.5391 415.8959 169.7549 165.9993 -14.6641 -140.7401 100.0000 stroke1
movl 0 -37.5492 414.8353 170.2439 165.2126 -14.4925 -140.5043 100.0000 stroke1
movl 0 -39.3282 414.4276 170.3364 165.7058 -14.0571 -140.8896 100.0000 stroke1
movl 0 -35.2986 407.6007 171.1282 160.3038 -11.8647 -137.9107 100.0000 stroke1
movl 0 -34.9136 378.2454 203.2414 144.5927 7.9684 -125.4722 100.0000 stroke1
movl 0 -17.6087 378.4550 247.8117 139.6639 19.2857 -107.7224 100.0000 stroke2
movl 0 -20.5550 388.2794 182.9348 145.2978 11.9521 -107.4568 100.0000 stroke2
movl 0 -29.3596 392.6668 173.4314 150.3691 8.9893 -107.5745 100.0000 stroke2
movl 0 -37.4134 393.2236 172.6519 153.9875 10.4335 -106.3233 100.0000 stroke2
movl 0 -39.1309 394.4341 171.5694 154.8553 9.9017 -107.6860 100.0000 stroke2
movl 0 -41.0006 396.4644 170.5384 155.6817 9.5436 -108.5368 100.0000 stroke2
movl 0 -42.3549 397.3410 170.0286 155.8675 8.5846 -110.2014 100.0000 stroke2
movl 0 -45.6953 398.1490 169.5353 157.4499 8.2140 -112.1104 100.0000 stroke2
movl 0 -47.0056 398.7209 169.7995 158.2751 7.4798 -114.1595 100.0000 stroke2
movl 0 -46.9248 398.9406 169.8347 158.5835 7.7991 -115.8312 100.0000 stroke2
movl 0 -42.0634 401.9814 169.9896 158.6282 6.9853 -119.4134 100.0000 stroke2
movl 0 -37.9392 403.3823 170.1349 157.9074 5.9019 -120.8588 100.0000 stroke2
movl 0 -32.8865 410.6942 168.9381 158.0626 1.4238 -123.0114 100.0000 stroke2
movl 0 -26.7146 417.3893 167.8174 158.5242 -3.1094 -125.6401 100.0000 stroke2
movl 0 -23.8126 420.9668 166.9169 158.4616 -6.0656 -126.1749 100.0000 stroke2
movl 0 -23.3983 422.2690 167.4461 159.2601 -8.1669 -127.4903 100.0000 stroke2
movl 0 -23.6400 424.3341 167.9759 161.1075 -10.8816 -130.1770 100.0000 stroke2
movl 0 -24.0584 427.0600 168.2548 163.6665 -13.8524 -133.7810 100.0000 stroke2
movl 0 -25.2777 429.6393 168.5285 166.7399 -16.1920 -137.3978 100.0000 stroke2
movl 0 -26.6202 432.7536 168.5158 170.1998 -18.2013 -140.9775 100.0000 stroke2
movl 0 -28.2141 434.6127 168.5359 172.9734 -19.3194 -143.4811 100.0000 stroke2
movl 0 -25.7864 432.2440 169.7020 171.3185 -19.0364 -143.4917 100.0000 stroke2
movl 0 -27.7329 431.6970 169.9263 172.2489 -18.9648 -143.6690 100.0000 stroke2
movl 0 -27.7654 429.8072 170.7793 171.2704 -18.1563 -143.3398 100.0000 stroke2
movl 0 -28.5297 421.2971 173.0106 167.0002 -14.7467 -140.8087 100.0000 stroke2
movl 0 -29.9092 418.4027 173.9196 166.3486 -13.7636 -140.2249 100.0000 stroke2
movl 0 -31.7916 419.2285 173.9089 168.0117 -14.2591 -141.0451 100.0000 stroke2
movl 0 -25.0105 407.1551 181.8963 159.1874 -10.8929 -137.7601 100.0000 stroke2
movl 0 -18.0239 389.0622 206.0075 147.4773 0.6430 -120.8624 100.0000 stroke3
movl 0 -27.4988 393.1159 178.6736 152.5073 -0.7625 -122.3093 100.0000 stroke3
movl 0 -34.4307 394.4606 176.3963 155.0965 0.1441 -124.8697 100.0000 stroke3
movl 0 -37.9991 396.1866 175.6803 156.2546 -1.0293 -125.4235 100.0000 stroke3
movl 0 -40.2760 397.2047 174.3037 156.7854 -0.8931 -125.0419 100.0000 stroke3
movl 0 -41.1304 398.3935 173.8271 157.1735 -1.4258 -125.4087 100.0000 stroke3
movl 0 -42.6085 399.4836 173.2506 157.8199 -1.6392 -125.8701 100.0000 stroke3
movl 0 -44.2273 400.1279 173.0080 158.8889 -1.4475 -126.7294 100.0000 stroke3
movl 0 -45.4141 399.9766 172.7994 159.2821 -1.0491 -127.2291 100.0000 stroke3
movl 0 -44.6359 400.3379 172.6940 159.5752 -0.9430 -128.1714 100.0000 stroke3
movl 0 -43.4763 401.5550 172.5508 160.0226 -1.0855 -129.3792 100.0000 stroke3
movl 0 -42.5060 401.6100 172.7356 159.9002 -1.2413 -129.8562 100.0000 stroke3
movl 0 -41.4583 401.3365 173.0364 159.4165 -1.4023 -130.1568 100.0000 stroke3
movl 0 -41.6524 401.9102 173.1517 160.2420 -1.8357 -130.3284 100.0000 stroke3
movl 0 -36.9313 397.8166 176.7134 156.2144 -2.9839 -127.9602 100.0000 stroke3
movl 0 -32.2298 376.4094 248.5097 145.6343 0.5006 -124.3468 100.0000 stroke3
movl 0 -20.7727 393.0640 207.2614 152.4672 -10.1768 -128.6211 100.0000 stroke4
movl 0 -25.6318 395.5632 175.7714 156.7598 -10.5095 -132.1628 100.0000 stroke4
movl 0 -33.0359 394.3281 176.3968 157.9114 -8.8568 -133.1127 100.0000 stroke4
movl 0 -36.5059 396.4785 175.0586 158.4172 -9.3916 -133.3987 100.0000 stroke4
movl 0 -39.0671 397.1152 173.9255 159.0753 -9.1571 -133.8408 100.0000 stroke4
movl 0 -41.6183 397.0577 173.2709 159.5502 -8.5097 -133.8801 100.0000 stroke4
movl 0 -45.1596 396.6067 172.9569 160.8561 -7.3957 -134.6822 100.0000 stroke4
movl 0 -46.9859 396.0178 173.2956 161.7608 -7.0368 -135.8079 100.0000 stroke4
movl 0 -48.5158 395.3346 173.4728 162.1225 -6.3542 -136.8359 100.0000 stroke4
movl 0 -45.0162 397.4469 173.6026 162.9103 -6.5626 -140.2993 100.0000 stroke4
movl 0 -42.2579 399.6347 173.5573 163.7863 -6.5957 -143.3253 100.0000 stroke4
movl 0 -42.5322 399.9101 173.4521 164.1913 -6.4264 -144.1210 100.0000 stroke4
movl 0 -41.0052 397.7518 174.8627 162.9510 -6.8538 -143.3369 100.0000 stroke4
movl 0 -30.9473 376.3970 235.7789 150.4229 -6.0214 -134.5960 100.0000 stroke4
movl 0 -27.4032 365.4888 232.2594 148.6712 -2.0050 -126.3149 100.0000 stroke5
movl 0 -37.4467 369.0956 181.4523 154.1848 -3.9442 -127.8805 100.0000 stroke5
movl 0 -43.9456 368.0697 178.5520 156.0329 -2.8228 -130.2781 100.0000 stroke5
movl 0 -44.3832 371.4067 175.0019 156.8029 -3.5247 -131.6908 100.0000 stroke5
movl 0 -45.4218 374.0642 174.1709 157.5402 -4.6119 -131.7457 100.0000 stroke5
movl 0 -47.6249 375.4955 173.4722 158.7655 -4.8013 -132.3389 100.0000 stroke5
movl 0 -50.6232 377.0205 173.3792 160.7321 -4.4861 -134.4385 100.0000 stroke5
movl 0 -53.9806 376.0566 173.4641 161.5344 -3.6171 -135.3969 100.0000 stroke5
movl 0 -53.5178 376.8809 173.5521 162.0817 -3.5218 -136.9714 100.0000 stroke5
movl 0 -51.4311 379.1251 173.6761 163.1228 -3.6816 -139.8339 100.0000 stroke5
movl 0 -49.8392 380.7131 173.7364 164.0743 -3.3180 -142.9309 100.0000 stroke5
movl 0 -49.0393 382.1434 173.5035 164.7117 -3.1460 -144.5724 100.0000 stroke5
movl 0 -47.0907 379.7082 174.3818 163.2824 -3.3728 -143.9473 100.0000 stroke5
movl 0 -45.4874 378.2581 174.9783 162.3623 -3.3618 -143.9634 100.0000 stroke5
movl 0 -45.3116 378.2536 175.0525 162.4440 -3.4451 -143.9311 100.0000 stroke5
movl 0 -45.2282 379.3352 175.2439 163.6137 -4.0594 -143.9556 100.0000 stroke5
movl 0 -45.0296 379.9523 175.0309 163.9784 -4.4073 -143.2353 100.0000 stroke5
movl 0 -45.0980 379.6271 174.9335 163.9168 -4.3937 -142.7165 100.0000 stroke5
movl 0 -44.1617 377.7403 175.3290 162.0414 -5.1526 -139.5390 100.0000 stroke5
movl 0 -34.9575 361.1724 202.1683 150.0340 1.7290 -129.6179 100.0000 stroke5
movl 0 -9.9659 390.5868 187.0692 146.4848 5.2811 -101.9597 100.0000 stroke6
movl 0 -11.1179 394.9396 171.9063 150.1679 1.8192 -103.8647 100.0000 stroke6
movl 0 -19.3887 392.1106 171.0980 152.5332 3.1435 -103.8009 100.0000 stroke6
movl 0 -24.4129 390.3306 171.0422 153.9497 4.6043 -102.6201 100.0000 stroke6
movl 0 -27.3161 390.7120 170.7616 155.2227 4.6393 -102.4494 100.0000 stroke6
movl 0 -27.5377 391.9302 170.3525 155.6306 4.3178 -102.4993 100.0000 stroke6
movl 0 -28.7043 392.9088 169.8225 156.0544 4.3832 -102.4680 100.0000 stroke6
movl 0 -30.3422 395.4689 168.8379 157.5269 3.2821 -104.0925 100.0000 stroke6
movl 0 -30.9604 397.8465 168.5798 158.2372 0.9616 -106.2547 100.0000 stroke6
movl 0 -31.0896 400.2402 168.8655 158.9813 -2.3603 -108.6331 100.0000 stroke6
movl 0 -31.4240 402.5788 169.2865 160.0468 -5.7984 -111.3219 100.0000 stroke6
movl 0 -31.6459 405.1213 169.4515 161.5389 -9.1574 -114.3134 100.0000 stroke6
movl 0 -32.4946 407.3376 169.4624 163.1834 -11.5998 -116.5776 100.0000 stroke6
movl 0 -32.3710 407.6496 169.6393 163.8811 -12.8507 -118.4803 100.0000 stroke6
movl 0 -32.2346 407.7894 169.7254 164.1526 -13.4754 -119.2405 100.0000 stroke6
movl 0 -32.4571 407.0918 170.0182 164.2364 -13.4115 -120.1431 100.0000 stroke6
movl 0 -25.5314 394.6153 176.4651 159.0892 -10.9963 -127.1708 100.0000 stroke6
movl 0 -17.8546 367.5827 248.4973 145.9444 -4.8143 -130.5281 100.0000 stroke6
movl 0 -34.0851 367.7136 202.0398 153.0051 -8.2272 -131.9380 100.0000 stroke7
movl 0 -44.5653 367.3928 181.4364 157.0190 -8.9699 -132.7167 100.0000 stroke7
movl 0 -51.1710 368.1063 178.2466 158.1182 -8.2023 -132.4356 100.0000 stroke7
movl 0 -55.7589 369.7372 175.7196 158.7640 -8.3524 -130.8248 100.0000 stroke7
movl 0 -57.6296 370.9115 174.2350 159.3945 -8.3865 -130.0911 100.0000 stroke7
movl 0 -59.7409 372.3283 173.3051 160.3322 -8.4915 -130.2849 100.0000 stroke7
movl 0 -62.4021 372.8724 172.9110 161.6026 -7.8280 -131.4396 100.0000 stroke7
movl 0 -64.4179 373.3331 172.7974 162.9310 -7.5297 -131.9189 100.0000 stroke7
movl 0 -65.3697 372.6751 173.0652 163.2276 -7.1108 -132.2233 100.0000 stroke7
movl 0 -65.1295 372.3472 173.2840 163.4907 -6.4937 -133.0706 100.0000 stroke7
movl 0 -63.0030 373.1858 173.7270 163.9612 -6.2639 -134.6505 100.0000 stroke7
movl 0 -60.3171 373.6917 174.0970 164.3460 -5.9704 -136.1851 100.0000 stroke7
movl 0 -56.9005 374.5836 174.4952 164.8793 -5.6932 -137.9798 100.0000 stroke7
movl 0 -53.7003 375.4469 174.8452 165.6134 -5.0959 -139.9933 100.0000 stroke7
movl 0 -50.5544 376.3941 175.0547 166.6156 -4.2333 -142.4368 100.0000 stroke7
movl 0 -47.4328 377.8732 175.1137 168.0085 -3.2408 -145.3469 100.0000 stroke7
movl 0 -45.0272 379.4891 174.9808 169.1305 -2.1676 -148.2660 100.0000 stroke7
movl 0 -43.6823 380.9506 174.7512 170.2840 -0.9189 -151.2368 100.0000 stroke7
movl 0 -42.2922 382.2277 174.2909 171.3447 0.3545 -154.2317 100.0000 stroke7
movl 0 -38.5196 380.9519 175.0569 170.4991 -0.4316 -154.1382 100.0000 stroke7
movl 0 -35.0669 377.5821 176.8248 168.2173 -0.9511 -153.1160 100.0000 stroke7
movl 0 -32.3267 375.6434 177.8254 166.9378 -1.2214 -153.1940 100.0000 stroke7
movl 0 -32.4286 376.8047 177.9902 167.7152 -1.5056 -153.1105 100.0000 stroke7
movl 0 -33.2380 379.4539 178.3144 169.9382 -2.1991 -153.4476 100.0000 stroke7
movl 0 -33.4590 380.8433 178.6889 171.3189 -2.6731 -153.9272 100.0000 stroke7
movl 0 -32.9726 381.2766 178.6115 171.4485 -3.1997 -153.2309 100.0000 stroke7
movl 0 -29.4009 378.3122 178.6191 167.6719 -5.2075 -147.2713 100.0000 stroke7
movl 0 -15.0086 358.6971 198.7955 149.1421 2.4253 -126.4674 100.0000 stroke7
movl 0 -11.9534 396.2520 209.8697 148.2795 3.3917 -102.3607 100.0000 stroke8
movl 0 -15.0464 391.9368 180.7269 155.6302 2.4128 -104.7038 100.0000 stroke8
movl 0 -17.0142 390.0762 180.4086 158.0785 3.3170 -105.8058 100.0000 stroke8
movl 0 -20.2303 390.6371 177.8834 158.9966 3.4609 -105.6945 100.0000 stroke8
movl 0 -22.9586 392.1687 175.8682 159.5137 4.0079 -104.7088 100.0000 stroke8
movl 0 -25.9107 395.1352 174.3768 160.9841 3.2597 -103.8047 100.0000 stroke8
movl 0 -25.9766 400.2253 173.3959 162.6497 0.4752 -105.5148 100.0000 stroke8
movl 0 -26.8917 401.1669 173.1752 162.6486 -0.5213 -105.4166 100.0000 stroke8
movl 0 -28.3214 400.8733 173.2759 162.5292 -1.4755 -104.5960 100.0000 stroke8
movl 0 -31.0309 399.6807 173.5457 162.7542 -2.4336 -103.8328 100.0000 stroke8
movl 0 -33.4983 397.9460 173.7802 162.8309 -3.1691 -103.1129 100.0000 stroke8
movl 0 -36.7581 395.8772 174.1109 163.0123 -3.8142 -102.2834 100.0000 stroke8
movl 0 -40.8750 393.3473 174.4236 163.1342 -4.2752 -101.0970 100.0000 stroke8
movl 0 -45.2679 390.6327 174.6665 163.1465 -4.6265 -99.6255 100.0000 stroke8
movl 0 -50.1383 387.9659 174.7750 163.2117 -4.9187 -98.3602 100.0000 stroke8
movl 0 -54.3984 385.5810 175.0142 163.1155 -5.1276 -97.2580 100.0000 stroke8
movl 0 -58.6019 383.5290 175.3493 162.9666 -5.1368 -96.1027 100.0000 stroke8
movl 0 -62.3399 381.6795 175.8276 162.6902 -5.0436 -95.1435 100.0000 stroke8
movl 0 -65.1283 380.3918 176.4110 162.4309 -4.8761 -94.5171 100.0000 stroke8
movl 0 -67.1282 379.5596 176.9050 162.2239 -4.7074 -94.0415 100.0000 stroke8
movl 0 -67.1754 376.7460 179.5382 160.6814 -3.4354 -92.8532 100.0000 stroke8
movl 0 -59.4136 354.0663 232.7459 151.8867 10.8100 -90.4268 100.0000 stroke8
movl 0 -24.3598 366.2119 247.2001 152.6724 25.5674 -73.4947 100.0000 stroke9
movl 0 -15.4411 375.9631 183.0682 151.3530 10.7118 -83.8621 100.0000 stroke9
movl 0 -20.9459 371.4709 173.7117 154.8724 9.4128 -85.5776 100.0000 stroke9
movl 0 -27.7134 366.8977 174.7730 158.0207 10.4902 -84.9610 100.0000 stroke9
movl 0 -30.8888 365.5958 174.3015 159.2950 11.2873 -84.4706 100.0000 stroke9
movl 0 -33.4356 365.8646 172.6441 159.2876 11.5433 -82.5966 100.0000 stroke9
movl 0 -37.8586 368.6083 171.3826 160.5713 9.7881 -82.4876 100.0000 stroke9
movl 0 -38.7528 371.7571 171.4021 160.9921 6.9498 -84.9193 100.0000 stroke9
movl 0 -39.7097 373.8846 171.7153 161.1577 4.3116 -87.0864 100.0000 stroke9
movl 0 -41.0836 375.7904 172.0684 161.6322 0.6029 -90.5004 100.0000 stroke9
movl 0 -42.0373 377.2931 172.2220 162.1827 -2.4111 -93.2660 100.0000 stroke9
movl 0 -43.5927 378.8233 172.1820 163.0546 -5.1927 -94.9189 100.0000 stroke9
movl 0 -42.6869 378.1548 172.7981 162.9086 -5.1398 -95.9790 100.0000 stroke9
movl 0 -43.9406 377.3970 172.8260 163.3903 -5.8524 -96.6006 100.0000 stroke9
movl 0 -41.3941 378.2350 173.0720 162.7768 -6.0188 -97.6230 100.0000 stroke9
movl 0 -42.9450 377.8206 173.0277 163.2958 -6.2460 -97.9437 100.0000 stroke9
movl 0 -40.4761 375.6339 174.1334 162.2768 -4.6674 -99.6936 100.0000 stroke9
movl 0 -36.5368 367.3790 182.9970 159.4857 0.6270 -100.5806 100.0000 stroke9
movl 0 -24.5879 364.2099 201.1044 156.5516 14.8249 -87.8824 100.0000 stroke10
movl 0 -29.8574 361.3551 176.6359 159.2056 12.7489 -86.4859 100.0000 stroke10
movl 0 -34.1532 358.7448 176.4163 161.1154 13.1658 -85.7547 100.0000 stroke10
movl 0 -35.6557 360.2851 176.1624 161.6819 12.0035 -86.5329 100.0000 stroke10
movl 0 -38.4608 361.3064 175.2782 162.5462 11.4406 -86.1888 100.0000 stroke10
movl 0 -41.2643 362.4782 174.6562 164.0999 10.3973 -86.9616 100.0000 stroke10
movl 0 -41.2357 364.0356 174.6990 164.6535 9.7736 -88.6806 100.0000 stroke10
movl 0 -37.5767 367.4216 174.5608 164.9338 8.7963 -92.0952 100.0000 stroke10
movl 0 -34.2776 369.3028 174.6293 164.2805 7.9975 -93.8109 100.0000 stroke10
movl 0 -31.0196 374.7041 173.9307 163.4072 5.1043 -95.4598 100.0000 stroke10
movl 0 -26.8310 382.4596 172.4311 162.9408 1.1516 -97.7423 100.0000 stroke10
movl 0 -24.7670 387.6863 171.0081 162.1143 -1.8715 -97.9631 100.0000 stroke10
movl 0 -23.8433 390.0301 170.6137 161.8871 -3.8879 -98.3089 100.0000 stroke10
movl 0 -24.2818 392.2130 170.5577 162.4129 -6.4859 -99.5111 100.0000 stroke10
movl 0 -25.3249 394.4315 170.5189 163.4709 -9.2817 -101.1891 100.0000 stroke10
movl 0 -27.0607 396.2969 170.3347 164.7832 -11.4081 -102.6928 100.0000 stroke10
movl 0 -28.7075 398.5515 169.9297 166.1776 -13.6476 -104.2549 100.0000 stroke10
movl 0 -30.3039 400.2667 169.4507 167.2477 -15.5050 -104.9523 100.0000 stroke10
movl 0 -30.8085 399.1320 170.5860 167.4718 -15.5956 -105.5711 100.0000 stroke10
movl 0 -27.2091 397.5688 171.3169 166.7055 -14.7367 -107.4490 100.0000 stroke10
movl 0 -29.7929 397.8180 171.3801 167.8261 -15.7587 -107.5762 100.0000 stroke10
movl 0 -29.6991 397.4497 171.6361 167.9118 -15.6541 -108.1209 100.0000 stroke10
movl 0 -24.1599 389.1447 178.2054 164.1299 -11.4702 -109.0354 100.0000 stroke10
movl 0 -20.0232 361.9947 197.9260 152.2603 2.8322 -102.9817 100.0000 stroke11
movl 0 -27.0176 358.9948 177.7558 156.2994 0.0752 -104.9962 100.0000 stroke11
movl 0 -32.2285 358.6757 177.2998 157.6634 0.8823 -105.8920 100.0000 stroke11
movl 0 -35.5672 356.9773 177.2404 158.8919 1.3045 -106.9605 100.0000 stroke11
movl 0 -38.4400 358.3231 176.3404 159.8752 0.6452 -107.6843 100.0000 stroke11
movl 0 -39.8916 359.1473 175.8260 160.4797 0.4212 -107.8505 100.0000 stroke11
movl 0 -44.0162 358.5829 175.4107 162.1785 0.8634 -108.6873 100.0000 stroke11
movl 0 -45.1569 358.2832 175.2657 162.7355 1.1568 -109.4013 100.0000 stroke11
movl 0 -44.6966 358.8786 175.1672 163.2481 1.2089 -110.5798 100.0000 stroke11
movl 0 -44.1348 359.2483 175.2244 163.7782 1.4250 -111.6693 100.0000 stroke11
movl 0 -44.0989 359.8844 175.1496 164.5202 1.5696 -113.0312 100.0000 stroke11
movl 0 -43.9067 359.8797 175.2434 164.6978 1.6533 -113.5448 100.0000 stroke11
movl 0 -41.9634 358.5144 176.1097 163.6615 2.0133 -113.5673 100.0000 stroke11
movl 0 -40.6759 358.1327 176.3577 163.1538 2.1224 -113.8856 100.0000 stroke11
movl 0 -40.9567 358.6393 176.3540 163.5416 1.7675 -113.4502 100.0000 stroke11
movl 0 -41.1426 359.5516 176.1763 164.2262 0.8550 -113.2507 100.0000 stroke11
movl 0 -35.5250 358.1074 178.3548 160.0843 -0.3211 -111.0374 100.0000 stroke11
movl 0 -9.8358 359.4741 221.7130 150.0711 -14.3425 -127.1717 100.0000 stroke12
movl 0 -11.6185 363.4195 175.0129 158.6776 -17.7115 -137.5045 100.0000 stroke12
movl 0 -17.3414 358.9008 176.4426 160.2984 -15.9738 -139.3906 100.0000 stroke12
movl 0 -25.4379 358.0822 175.9330 162.2950 -14.7176 -139.1859 100.0000 stroke12
movl 0 -29.3724 356.5724 174.9309 162.3106 -13.7649 -138.1182 100.0000 stroke12
movl 0 -33.1225 356.9546 173.9800 163.1024 -12.8753 -137.7786 100.0000 stroke12
movl 0 -37.2604 356.4552 173.6422 164.3279 -11.3756 -138.4009 100.0000 stroke12
movl 0 -39.2776 356.3828 173.6156 165.2142 -10.9048 -138.5423 100.0000 stroke12
movl 0 -40.7546 355.7792 173.7884 165.4229 -10.1037 -139.2030 100.0000 stroke12
movl 0 -39.8193 356.5641 174.0027 166.1415 -9.7385 -141.0003 100.0000 stroke12
movl 0 -40.4728 356.4929 174.2201 166.7518 -8.9328 -142.1439 100.0000 stroke12
movl 0 -39.5831 357.3167 174.5772 167.7868 -8.3811 -144.4932 100.0000 stroke12
movl 0 -37.6593 357.5531 175.1847 168.1028 -8.1294 -146.4596 100.0000 stroke12
movl 0 -36.8581 356.1513 175.9561 167.2243 -8.3026 -145.9151 100.0000 stroke12
movl 0 -36.6149 355.9363 175.9202 167.3536 -8.4049 -145.7088 100.0000 stroke12
movl 0 -36.9746 356.5017 175.7934 167.8192 -8.4200 -145.8591 100.0000 stroke12
movl 0 -37.1668 357.0073 175.7988 168.6038 -8.3449 -146.3204 100.0000 stroke12
movl 0 -37.5445 357.1240 175.8514 168.5843 -8.4424 -146.1787 100.0000 stroke12
movl 0 -25.7788 356.3464 185.0914 163.2981 -10.9815 -144.0314 100.0000 stroke12
