movl 0 -8.3828 415.0382 166.5085 -155.3205 29.8652 24.9192 100.0000 stroke1
movl 0 -8.8033 414.5127 166.7135 -170.1249 36.9057 -0.7615 100.0000 stroke1
movl 0 -4.9616 407.7796 162.7254 -176.4482 41.7452 -17.9062 100.0000 stroke1
movl 0 -11.7603 413.4508 165.8870 -170.6207 36.0677 -5.3803 100.0000 stroke1
movl 0 -19.0271 407.8276 168.5654 -163.6429 31.9259 4.0519 100.0000 stroke1
movl 0 -27.2973 408.6113 169.6413 -168.7899 30.3417 -3.3574 100.0000 stroke1
movl 0 -25.4143 410.9155 167.8935 -170.8656 31.1421 -6.1968 100.0000 stroke1
movl 0 -30.0810 407.5315 167.9033 -170.1984 30.3945 -7.1967 100.0000 stroke1
movl 0 -30.2655 409.3872 166.0130 -170.3616 29.9334 -5.6102 100.0000 stroke1
movl 0 -31.2097 409.4376 165.8031 -169.4912 29.2125 -3.0032 100.0000 stroke1
movl 0 -33.9286 411.5402 165.6816 -171.9176 28.2801 -4.8347 100.0000 stroke1
movl 0 -36.4162 413.2777 165.6243 -174.3057 27.1414 -7.8501 100.0000 stroke1
movl 0 -37.1633 414.6222 165.5591 -176.5257 26.5682 -11.4906 100.0000 stroke1
movl 0 -37.9157 415.7566 165.6544 -178.3705 25.9103 -14.7778 100.0000 stroke1
movl 0 -38.1070 416.3723 165.8355 -179.9746 25.5998 -17.0211 100.0000 stroke1
movl 0 -38.6948 416.8739 166.4941 177.4726 24.9297 -21.2787 100.0000 stroke1
movl 0 -39.3580 417.4730 166.9677 175.1095 23.9853 -25.0082 100.0000 stroke1
movl 0 -39.2660 418.6722 167.6178 171.8616 22.7451 -29.9760 100.0000 stroke1
movl 0 -39.1783 420.5654 168.0376 168.1708 20.7562 -35.8472 100.0000 stroke1
movl 0 -39.5144 422.1729 168.4583 165.1384 18.3616 -41.0635 100.0000 stroke1
movl 0 -40.7214 423.5593 168.6072 162.8949 15.9142 -44.8277 100.0000 stroke1
movl 0 -39.1786 421.0318 169.4597 163.6607 17.1737 -45.4667 100.0000 stroke1
movl 0 -37.2372 419.0586 170.1534 164.5522 18.5395 -45.0811 100.0000 stroke1
movl 0 -37.9442 420.4748 170.2673 163.6297 17.1789 -45.6653 100.0000 stroke1
movl 0 -39.5974 420.5090 170.2136 163.9157 16.6537 -45.6699 100.0000 stroke1
movl 0 -38.1206 416.4510 170.9311 165.4659 19.3361 -44.6622 100.0000 stroke1
movl 0 -27.2171 402.6063 181.3151 173.3348 30.9170 -37.3450 100.0000 stroke1
movl 0 -27.6987 421.3127 208.6000 173.7151 32.4559 -29.9463 100.0000 stroke2
movl 0 -24.9901 408.7800 171.6647 177.7067 30.6256 -29.3217 100.0000 stroke2
movl 0 -25.0836 407.3782 168.6112 178.8528 30.4623 -29.3250 100.0000 stroke2
movl 0 -25.7802 407.4264 166.3733 -179.1208 31.4837 -25.8232 100.0000 stroke2
movl 0 -27.6296 409.0487 165.0340 -179.0195 31.0436 -24.9179 100.0000 stroke2
movl 0 -31.8277 412.1869 164.8615 179.2479 28.1543 -27.4202 100.0000 stroke2
movl 0 -31.8721 415.1691 164.8324 176.4583 26.3026 -31.8122 100.0000 stroke2
movl 0 -31.6435 416.6835 165.5405 173.9671 25.3047 -34.7921 100.0000 stroke2
movl 0 -30.4056 418.2087 166.4491 170.6938 24.0614 -38.7273 100.0000 stroke2
movl 0 -29.6648 419.6343 167.2803 167.4761 22.2542 -43.1508 100.0000 stroke2
movl 0 -29.9978 421.1511 168.0854 164.4192 19.3290 -48.1180 100.0000 stroke2
movl 0 -30.8866 423.5644 168.6644 161.8846 15.8850 -52.5929 100.0000 stroke2
movl 0 -32.1005 426.1614 168.7218 159.9828 12.7739 -55.5418 100.0000 stroke2
movl 0 -31.7779 424.4449 169.4833 160.2231 13.2834 -55.9769 100.0000 stroke2
movl 0 -31.0950 424.8380 169.5580 159.8730 12.9843 -56.0278 100.0000 stroke2
movl 0 -31.9762 423.6560 169.8495 160.6651 13.6048 -55.5242 100.0000 stroke2
movl 0 -26.0723 413.1706 174.8743 165.6981 23.6878 -48.8715 100.0000 stroke2
movl 0 -28.1547 394.7924 248.7587 -175.7810 35.8596 -29.4024 100.0000 stroke2
movl 0 -25.1880 418.4173 192.1772 179.4719 29.7891 -25.5883 100.0000 stroke3
movl 0 -23.6216 413.9133 177.2244 179.2703 27.7012 -27.6476 100.0000 stroke3
movl 0 -26.6874 414.8176 174.3234 -179.5103 26.3113 -25.5059 100.0000 stroke3
movl 0 -27.3028 415.8847 173.3741 -179.0528 25.8747 -24.4220 100.0000 stroke3
movl 0 -27.8064 417.5430 172.9024 179.9964 25.4514 -24.6831 100.0000 stroke3
movl 0 -31.9783 418.2336 173.0721 -179.9825 23.1437 -26.8270 100.0000 stroke3
movl 0 -35.0473 418.5257 173.3263 -179.6568 21.6508 -28.7827 100.0000 stroke3
movl 0 -36.3189 419.3806 173.1444 -179.2606 20.5285 -30.5988 100.0000 stroke3
movl 0 -36.9458 420.3696 172.6092 -179.1343 19.7115 -32.5747 100.0000 stroke3
movl 0 -33.8180 417.9799 172.8499 -178.9757 21.8001 -32.8827 100.0000 stroke3
movl 0 -32.0170 418.2321 172.8610 -179.5345 22.5540 -33.3077 100.0000 stroke3
movl 0 -31.6664 418.9318 172.8805 179.8145 22.2845 -33.8558 100.0000 stroke3
movl 0 -31.8712 421.5807 173.2072 178.0004 20.4125 -35.9497 100.0000 stroke3
movl 0 -30.8005 423.5016 172.9614 176.2805 20.5621 -35.7281 100.0000 stroke3
movl 0 -15.0523 413.7656 175.5290 178.8973 30.9291 -30.8696 100.0000 stroke3
movl 0 -10.8610 402.5310 226.0315 -170.4240 40.1573 -20.2250 100.0000 stroke3
movl 0 -16.7437 411.7166 190.7495 171.1836 33.7412 -43.6472 100.0000 stroke4
movl 0 -10.6583 409.1657 168.9944 169.0611 31.3416 -47.9000 100.0000 stroke4
movl 0 -16.5684 409.8999 166.4281 172.2158 31.1943 -45.2280 100.0000 stroke4
movl 0 -17.2283 411.4681 164.8938 173.1576 31.3059 -43.0910 100.0000 stroke4
movl 0 -18.3606 412.8023 164.1253 173.4175 30.9605 -42.2405 100.0000 stroke4
movl 0 -20.3696 415.2189 163.0771 172.9687 29.5539 -42.4943 100.0000 stroke4
movl 0 -21.5880 418.3115 163.0255 171.2355 27.3426 -44.8357 100.0000 stroke4
movl 0 -22.2431 419.5451 163.7953 170.1258 25.9728 -46.7869 100.0000 stroke4
movl 0 -21.2056 420.8784 164.8387 167.7991 24.5720 -49.1893 100.0000 stroke4
movl 0 -20.6882 422.3248 165.7325 165.6058 22.9942 -51.6738 100.0000 stroke4
movl 0 -20.6492 424.3102 166.6085 163.3821 20.6768 -54.2283 100.0000 stroke4
movl 0 -21.0928 425.5657 167.2353 161.5355 18.3445 -56.4319 100.0000 stroke4
movl 0 -20.3332 423.2252 167.7967 162.3542 19.6225 -56.5369 100.0000 stroke4
movl 0 -22.0907 422.7759 168.0937 163.0518 19.1944 -56.2225 100.0000 stroke4
movl 0 -21.3697 419.0841 170.0428 164.6824 21.5765 -54.6301 100.0000 stroke4
movl 0 -23.2616 397.7362 209.4855 175.4987 31.5545 -42.9427 100.0000 stroke4
movl 0 -31.3828 399.3590 197.7401 -179.1365 29.8827 -29.7966 100.0000 stroke5
movl 0 -28.3549 398.9406 174.6631 178.4458 26.7309 -34.8210 100.0000 stroke5
movl 0 -31.3178 399.6298 174.2889 178.3528 25.2924 -36.1102 100.0000 stroke5
movl 0 -29.9782 400.8001 173.6230 177.3982 25.6017 -36.9872 100.0000 stroke5
movl 0 -31.6652 402.9366 172.6341 176.9382 24.8768 -36.9741 100.0000 stroke5
movl 0 -34.8725 403.7089 172.2348 177.2321 23.6774 -37.1488 100.0000 stroke5
movl 0 -35.8741 404.0617 172.0848 177.5950 23.1397 -37.8480 100.0000 stroke5
movl 0 -35.8168 404.7841 171.9635 177.5751 22.6358 -38.5631 100.0000 stroke5
movl 0 -33.4012 405.7580 171.9183 177.1713 22.4242 -40.0150 100.0000 stroke5
movl 0 -31.0707 407.0265 171.8140 176.7224 22.0650 -41.7567 100.0000 stroke5
movl 0 -28.4002 406.8566 172.1532 176.0871 22.7944 -42.0640 100.0000 stroke5
movl 0 -22.2146 404.7617 174.2820 175.1315 25.1526 -41.9142 100.0000 stroke5
movl 0 -14.6914 394.3466 200.5026 177.5345 30.8411 -40.6792 100.0000 stroke5
movl 0 -16.4496 383.9947 246.5076 -176.6363 35.1656 -36.3519 100.0000 stroke5
movl 0 -22.8292 398.8899 214.6559 178.4206 30.1790 -37.9865 100.0000 stroke6
movl 0 -23.1185 404.0405 177.3308 174.7350 25.9999 -41.5466 100.0000 stroke6
movl 0 -23.2283 405.4506 173.7119 174.5348 25.3357 -42.6191 100.0000 stroke6
movl 0 -22.5470 407.4644 171.8302 173.5499 25.0291 -43.5454 100.0000 stroke6
movl 0 -23.2718 408.8517 171.0659 173.2293 24.4275 -44.0493 100.0000 stroke6
movl 0 -24.1213 410.7472 170.4285 172.7438 23.3722 -44.9650 100.0000 stroke6
movl 0 -24.0747 413.3244 169.8943 171.3834 21.6433 -47.1409 100.0000 stroke6
movl 0 -21.7608 416.9192 169.1358 168.9767 20.0874 -50.4050 100.0000 stroke6
movl 0 -22.1634 418.3986 169.1532 167.3129 18.8677 -51.9847 100.0000 stroke6
movl 0 -22.2940 420.4281 169.6418 164.9631 16.6519 -54.8841 100.0000 stroke6
movl 0 -22.4814 422.6965 169.9768 162.7215 14.0512 -58.0088 100.0000 stroke6
movl 0 -23.3551 425.2080 170.0630 160.9590 11.2897 -60.3039 100.0000 stroke6
movl 0 -24.5533 427.1766 169.9768 159.8674 9.1997 -61.3140 100.0000 stroke6
movl 0 -25.2242 427.1162 170.1300 159.5737 8.9521 -60.9045 100.0000 stroke6
movl 0 -23.2128 423.9946 171.1754 160.4026 11.1250 -60.2606 100.0000 stroke6
movl 0 -22.3693 421.6513 171.7066 161.1119 12.6743 -59.4142 100.0000 stroke6
movl 0 -23.8225 423.4507 171.2039 160.8348 11.5351 -58.6779 100.0000 stroke6
movl 0 -23.5528 421.9847 171.3943 161.5493 12.7321 -57.9359 100.0000 stroke6
movl 0 -23.4733 419.8591 171.8576 162.4079 14.1707 -56.7327 100.0000 stroke6
movl 0 -20.8617 413.3950 173.8507 164.1954 18.4658 -54.0783 100.0000 stroke6
movl 0 -20.6182 392.1080 202.3253 173.3976 31.3718 -44.2004 100.0000 stroke6
movl 0 -24.9528 399.4611 235.2503 175.9011 33.2578 -36.6828 100.0000 stroke7
movl 0 -17.9995 401.6667 183.1321 169.2370 27.4414 -45.0989 100.0000 stroke7
movl 0 -19.7172 401.4854 173.5735 169.2980 26.0033 -45.7928 100.0000 stroke7
movl 0 -22.5447 400.8760 172.1990 170.5382 25.8759 -45.3638 100.0000 stroke7
movl 0 -24.8614 401.6426 171.0730 171.4094 25.4936 -44.8905 100.0000 stroke7
movl 0 -27.8805 405.4284 170.0862 170.2137 22.9317 -45.9963 100.0000 stroke7
movl 0 -31.3031 408.6762 169.8711 168.1197 19.7042 -47.6674 100.0000 stroke7
movl 0 -31.1454 408.3626 170.1800 167.8788 19.7007 -47.9984 100.0000 stroke7
movl 0 -30.7423 407.9742 170.3317 167.8998 19.7580 -48.4467 100.0000 stroke7
movl 0 -32.7684 407.5933 170.5397 168.4419 19.3077 -48.0984 100.0000 stroke7
movl 0 -34.2959 405.3025 170.8921 170.5162 20.0737 -47.0722 100.0000 stroke7
movl 0 -34.7346 403.9596 170.9656 171.7929 20.6608 -46.4695 100.0000 stroke7
movl 0 -34.0642 403.5015 170.9354 172.2518 21.0961 -46.4066 100.0000 stroke7
movl 0 -32.9862 403.2975 171.0543 172.4367 21.3769 -46.6716 100.0000 stroke7
movl 0 -32.5087 403.2742 171.1399 172.5552 21.4863 -46.6843 100.0000 stroke7
movl 0 -31.6147 402.9765 171.3160 172.5827 21.7579 -46.8586 100.0000 stroke7
movl 0 -30.9121 402.4635 171.4992 172.6938 22.0681 -46.9337 100.0000 stroke7
movl 0 -29.5764 401.6602 171.8244 172.7295 22.6801 -47.0325 100.0000 stroke7
movl 0 -26.4953 397.9797 173.7461 173.4083 24.8333 -46.8234 100.0000 stroke7
movl 0 -21.3740 388.3256 194.3764 177.4162 30.0936 -43.6583 100.0000 stroke7
movl 0 -22.1877 390.2729 223.1552 -174.0576 33.7487 -31.2845 100.0000 stroke8
movl 0 -21.5339 388.4495 182.9109 -176.9639 29.9745 -36.6714 100.0000 stroke8
movl 0 -21.5196 391.6594 172.7216 -178.6731 28.3164 -39.6115 100.0000 stroke8
movl 0 -22.9429 391.9446 171.8572 -177.7753 27.8781 -39.1162 100.0000 stroke8
movl 0 -22.0606 393.3819 170.7834 -178.0915 28.0173 -38.3418 100.0000 stroke8
movl 0 -23.4256 394.8693 170.1853 -177.7561 27.3086 -37.6275 100.0000 stroke8
movl 0 -25.5378 396.2181 169.9839 -177.5786 26.0251 -37.6804 100.0000 stroke8
movl 0 -26.6152 396.6148 169.9547 -177.2027 25.2415 -38.1055 100.0000 stroke8
movl 0 -26.4295 397.2628 169.7941 -177.0857 24.7396 -38.8018 100.0000 stroke8
movl 0 -24.5882 398.5421 169.3970 -177.6987 24.2282 -40.9826 100.0000 stroke8
movl 0 -18.3745 400.7582 168.9392 -179.7742 25.2676 -42.6736 100.0000 stroke8
movl 0 -11.6990 405.4937 167.3944 176.9317 25.6415 -44.4115 100.0000 stroke8
movl 0 -4.3993 413.6778 165.4879 170.8734 23.6060 -49.1543 100.0000 stroke8
movl 0 1.5410 419.3517 163.2081 166.8620 22.7766 -52.1721 100.0000 stroke8
movl 0 2.6063 421.6280 163.2156 164.2960 21.5126 -53.9241 100.0000 stroke8
movl 0 3.1010 424.6601 163.6124 161.1186 18.6939 -56.5982 100.0000 stroke8
movl 0 2.7801 427.7092 163.8895 158.3713 15.4753 -58.8223 100.0000 stroke8
movl 0 1.6422 431.5325 163.7375 156.0936 12.0077 -60.5775 100.0000 stroke8
movl 0 0.5800 433.4955 163.6528 154.6816 9.8630 -61.5940 100.0000 stroke8
movl 0 3.9897 428.2001 165.3657 155.4952 12.5288 -62.7936 100.0000 stroke8
movl 0 2.6346 430.2085 165.0455 154.9205 10.8496 -62.8044 100.0000 stroke8
movl 0 1.3267 429.8894 165.3331 155.2207 10.7277 -62.7669 100.0000 stroke8
movl 0 2.9884 412.2791 170.7690 159.8281 21.6554 -61.7241 100.0000 stroke8
movl 0 -11.5391 376.3585 238.9360 178.0796 38.5291 -45.4519 100.0000 stroke8
movl 0 -13.6321 393.3194 218.8667 170.0465 30.7184 -51.4518 100.0000 stroke9
movl 0 -10.1576 391.6434 178.7113 169.8805 27.3763 -54.4801 100.0000 stroke9
movl 0 -11.3547 393.2368 173.8820 170.3544 26.6637 -54.5625 100.0000 stroke9
movl 0 -13.2168 396.6804 171.9943 169.2161 25.6482 -54.7945 100.0000 stroke9
movl 0 -15.3285 398.5068 171.2688 169.3152 24.9193 -54.4751 100.0000 stroke9
movl 0 -15.9884 399.3056 170.6057 169.6876 24.6724 -54.3362 100.0000 stroke9
movl 0 -19.0789 399.3495 170.3977 171.1079 23.6785 -54.0395 100.0000 stroke9
movl 0 -20.7030 399.2984 170.4233 171.7740 23.1472 -53.7954 100.0000 stroke9
movl 0 -20.4282 399.2040 170.5164 172.2143 22.8943 -54.6869 100.0000 stroke9
movl 0 -18.2319 400.2187 170.2596 172.0414 22.3277 -56.9510 100.0000 stroke9
movl 0 -17.9138 400.5700 170.2380 171.7128 22.2438 -56.9555 100.0000 stroke9
movl 0 -16.4564 399.0060 171.0325 171.2114 23.3528 -56.2190 100.0000 stroke9
movl 0 -16.2463 395.0517 185.8877 170.8992 26.3354 -54.1034 100.0000 stroke9
movl 0 -18.5240 403.1331 218.1621 165.7308 23.3990 -57.2064 100.0000 stroke10
movl 0 -16.6026 400.7509 187.9754 165.6214 21.2025 -58.9879 100.0000 stroke10
movl 0 -16.8313 402.7722 176.3394 165.8187 20.4082 -59.1011 100.0000 stroke10
movl 0 -16.7266 402.7412 174.6282 165.7879 20.8488 -58.9429 100.0000 stroke10
movl 0 -17.1002 405.2686 173.2470 165.2475 20.0870 -58.9744 100.0000 stroke10
movl 0 -17.9395 406.4793 172.7288 165.2640 19.2994 -59.5213 100.0000 stroke10
movl 0 -19.9483 407.6664 172.5495 165.7927 17.9173 -60.4735 100.0000 stroke10
movl 0 -21.5944 407.2881 172.7359 166.6885 17.4831 -61.1436 100.0000 stroke10
movl 0 -19.2741 408.1298 172.6006 166.9076 16.7020 -63.4782 100.0000 stroke10
movl 0 -18.6336 408.7915 172.4529 167.0141 16.2388 -64.4996 100.0000 stroke10
movl 0 -18.4346 407.8559 172.9605 166.9249 16.7265 -63.9662 100.0000 stroke10
movl 0 -15.0688 403.9645 184.7479 166.0999 21.6911 -61.0038 100.0000 stroke10
movl 0 -40.7678 382.9298 194.8788 170.5733 30.6767 -45.3814 100.0000 stroke11
movl 0 -39.9144 383.3276 170.9610 170.1899 29.2990 -46.3080 100.0000 stroke11
movl 0 -41.5944 384.1639 168.7468 170.7366 28.4273 -46.1326 100.0000 stroke11
movl 0 -41.5557 385.8510 168.1033 170.0063 27.7989 -46.7451 100.0000 stroke11
movl 0 -43.5893 388.7464 167.5156 168.8002 25.8100 -48.0430 100.0000 stroke11
movl 0 -44.5547 392.4029 167.2617 167.0350 23.2251 -50.0733 100.0000 stroke11
movl 0 -44.3868 394.5570 167.1723 165.7295 21.8260 -51.7178 100.0000 stroke11
movl 0 -44.6864 396.5315 167.1484 163.7944 19.8000 -53.6090 100.0000 stroke11
movl 0 -45.7965 399.3220 167.2324 161.6504 16.8931 -55.9117 100.0000 stroke11
movl 0 -47.2520 402.0852 166.9608 159.8005 14.1018 -57.7043 100.0000 stroke11
movl 0 -47.5735 401.2288 167.5599 159.7589 14.0382 -58.0271 100.0000 stroke11
movl 0 -45.8126 398.0955 168.4977 160.8465 15.9182 -57.8895 100.0000 stroke11
movl 0 -48.5037 398.3092 168.8086 161.5560 15.0888 -57.2486 100.0000 stroke11
movl 0 -47.5242 384.5724 172.6443 168.6958 24.2867 -50.4463 100.0000 stroke11
movl 0 -54.1100 364.5004 230.1212 -177.7726 32.9437 -34.5980 100.0000 stroke11
movl 0 -35.8722 388.6055 218.7657 174.9352 28.7567 -39.8216 100.0000 stroke12
movl 0 -31.6625 387.7030 181.1810 171.6294 25.4476 -44.0182 100.0000 stroke12
movl 0 -34.2044 387.2280 176.3679 171.5866 25.1685 -43.5416 100.0000 stroke12
movl 0 -41.3605 385.5869 174.5485 172.0764 24.8623 -41.7135 100.0000 stroke12
movl 0 -45.8181 385.7157 173.2655 172.4962 23.9229 -41.8313 100.0000 stroke12
movl 0 -49.0740 386.1525 172.2487 173.7155 22.8867 -42.3022 100.0000 stroke12
movl 0 -52.8663 387.2294 171.6785 174.4983 20.7542 -42.6927 100.0000 stroke12
movl 0 -53.5113 388.3320 171.7446 174.7522 19.8688 -42.6059 100.0000 stroke12
movl 0 -53.6975 388.8837 171.8286 175.3411 19.5282 -42.0914 100.0000 stroke12
movl 0 -52.3156 389.0681 172.0686 175.6139 19.6378 -41.8649 100.0000 stroke12
movl 0 -50.9705 389.4724 172.2913 175.5647 19.6008 -41.8881 100.0000 stroke12
movl 0 -48.7819 390.0445 172.5673 175.4335 19.6250 -42.2972 100.0000 stroke12
movl 0 -46.1801 390.8401 172.8184 175.1863 19.5858 -42.8945 100.0000 stroke12
movl 0 -44.0330 391.6268 172.9651 175.0479 19.4269 -43.5083 100.0000 stroke12
movl 0 -42.7135 392.0819 173.1655 175.0375 19.2142 -44.0670 100.0000 stroke12
movl 0 -41.1848 392.4117 173.4128 175.0838 19.0533 -44.5929 100.0000 stroke12
movl 0 -38.7370 392.9819 173.5771 174.8567 18.9914 -45.2258 100.0000 stroke12
movl 0 -36.6316 393.6121 173.6419 174.7563 18.7710 -45.8974 100.0000 stroke12
movl 0 -35.0099 394.3097 173.7418 174.5388 18.5431 -46.5681 100.0000 stroke12
movl 0 -34.5710 394.6613 173.7611 174.5359 18.3477 -46.9441 100.0000 stroke12
movl 0 -31.7555 395.3708 173.7445 174.3801 18.2124 -47.6712 100.0000 stroke12
movl 0 -29.7808 395.8273 173.7357 174.2068 18.1878 -48.1604 100.0000 stroke12
movl 0 -29.7679 395.8854 173.7891 174.1911 18.0812 -48.2926 100.0000 stroke12
movl 0 -27.6477 396.5551 173.6919 174.1527 17.7471 -49.1062 100.0000 stroke12
movl 0 -24.2619 397.6902 173.5772 173.8808 17.3341 -50.4596 100.0000 stroke12
movl 0 -21.4170 398.8212 173.4445 173.6514 16.8538 -51.8562 100.0000 stroke12
movl 0 -18.4200 400.0568 173.2372 173.3723 16.3534 -53.4453 100.0000 stroke12
movl 0 -16.3408 401.2929 173.0459 173.0780 15.6715 -55.2163 100.0000 stroke12
movl 0 -15.5872 401.5300 173.0407 172.8407 15.6117 -55.5825 100.0000 stroke12
movl 0 -14.9143 401.0046 173.3699 172.6541 15.9765 -55.4070 100.0000 stroke12
movl 0 -13.2215 399.8211 173.7962 172.2743 16.8207 -55.2778 100.0000 stroke12
movl 0 -12.6903 400.8681 173.6044 171.9001 16.1336 -55.9434 100.0000 stroke12
movl 0 -10.4307 400.7545 173.9999 171.0814 16.5131 -56.3629 100.0000 stroke12
movl 0 -2.1921 400.3583 173.8566 168.7054 18.4877 -57.2107 100.0000 stroke12
movl 0 0.7335 403.0173 172.7052 167.2223 17.9461 -58.1667 100.0000 stroke12
movl 0 2.6876 410.0604 170.8516 164.6963 14.3912 -60.2867 100.0000 stroke12
movl 0 7.2776 416.3779 168.5574 161.6875 11.5159 -62.9028 100.0000 stroke12
movl 0 14.9085 422.6811 164.6628 157.9595 10.4345 -63.9695 100.0000 stroke12
movl 0 20.0523 427.1850 161.3488 155.0434 9.8797 -64.0957 100.0000 stroke12
movl 0 22.4821 430.0683 159.2266 153.0360 9.4776 -63.8673 100.0000 stroke12
movl 0 22.9791 431.1081 158.5920 151.9354 9.0490 -63.7641 100.0000 stroke12
movl 0 22.7170 430.8320 158.8855 151.4430 9.0634 -63.4265 100.0000 stroke12
movl 0 22.2238 430.5515 159.2654 151.2623 9.1401 -63.0783 100.0000 stroke12
movl 0 22.3774 429.7302 159.7098 151.1672 9.5659 -62.9148 100.0000 stroke12
movl 0 22.5745 428.8366 160.2104 151.0733 10.0203 -62.7849 100.0000 stroke12
movl 0 22.4896 428.1517 160.6684 151.1101 10.3104 -62.6696 100.0000 stroke12
movl 0 22.7470 427.5480 160.9348 151.0488 10.6795 -62.5299 100.0000 stroke12
movl 0 28.1967 422.4866 163.2977 149.9150 14.3701 -62.6819 100.0000 stroke12
movl 0 35.4214 401.7527 185.1007 150.2205 30.5168 -61.8295 100.0000 stroke12
movl 0 -32.8374 400.5090 209.4816 179.3544 27.2407 -16.8134 100.0000 stroke13
movl 0 -28.4470 389.2569 181.9632 -178.2948 25.7925 -18.5835 100.0000 stroke13
movl 0 -24.0847 390.1625 175.9552 -179.6935 25.3872 -18.2833 100.0000 stroke13
movl 0 -27.5652 391.2145 175.1852 179.5786 23.9662 -18.7115 100.0000 stroke13
movl 0 -29.3344 393.4774 173.6407 178.8420 23.7124 -18.2825 100.0000 stroke13
movl 0 -32.4011 397.5956 172.0610 176.5979 21.8972 -20.2617 100.0000 stroke13
movl 0 -33.6071 400.0057 171.9373 174.3694 20.5568 -22.6022 100.0000 stroke13
movl 0 -33.6276 402.2920 171.9525 171.7211 19.5404 -24.9994 100.0000 stroke13
movl 0 -34.8717 404.8965 172.0305 168.7640 17.6269 -28.2693 100.0000 stroke13
movl 0 -35.7905 407.1282 171.7998 166.1659 15.7189 -31.6441 100.0000 stroke13
movl 0 -36.6836 409.2030 171.5057 164.0877 13.8681 -34.1605 100.0000 stroke13
movl 0 -38.4558 410.3205 171.4832 163.1328 12.3837 -34.9939 100.0000 stroke13
movl 0 -36.1187 408.0649 172.6311 163.8981 13.4678 -35.6801 100.0000 stroke13
movl 0 -38.1433 409.1891 172.2117 163.1226 12.2655 -35.6982 100.0000 stroke13
movl 0 -37.8101 409.7078 171.9064 162.6358 12.1480 -35.7519 100.0000 stroke13
movl 0 -38.3440 409.7006 171.8997 162.8108 12.0210 -35.7195 100.0000 stroke13
movl 0 -37.2537 408.4968 172.3476 163.5645 12.9142 -35.6228 100.0000 stroke13
movl 0 -35.3214 405.3216 173.7615 165.1780 14.7773 -34.9547 100.0000 stroke13
movl 0 -34.0601 392.9420 181.6906 174.2245 20.9542 -28.5777 100.0000 stroke13
movl 0 -35.1231 378.7144 219.9571 -162.5450 23.9398 7.0283 100.0000 stroke14
movl 0 -33.4341 371.3022 188.6718 -163.0881 22.1179 5.7328 100.0000 stroke14
movl 0 -37.4783 369.9909 178.0986 -163.3927 18.9496 5.9287 100.0000 stroke14
movl 0 -40.5231 370.3681 177.3519 -163.8621 17.5227 5.9714 100.0000 stroke14
movl 0 -41.1171 371.9688 176.6684 -164.7594 17.3771 5.6188 100.0000 stroke14
movl 0 -42.9658 374.2703 175.7393 -165.7608 16.6769 5.3473 100.0000 stroke14
movl 0 -43.6033 376.4188 175.1473 -166.7181 16.0943 4.7039 100.0000 stroke14
movl 0 -43.3763 377.6015 174.9345 -167.1726 15.7678 3.5512 100.0000 stroke14
movl 0 -40.8171 379.6526 174.6634 -167.8401 15.7819 0.9545 100.0000 stroke14
movl 0 -37.9434 380.9382 174.5411 -168.3216 16.3096 -0.4103 100.0000 stroke14
movl 0 -34.2066 384.1374 173.8569 -169.6430 17.4269 -1.4346 100.0000 stroke14
movl 0 -32.9258 389.0461 173.3321 -173.0264 17.5169 -4.1746 100.0000 stroke14
movl 0 -31.9500 393.0653 172.6108 -175.8939 17.5650 -6.8989 100.0000 stroke14
movl 0 -28.6685 396.9320 171.6196 -178.6472 18.9635 -8.1294 100.0000 stroke14
movl 0 -28.6525 398.1311 171.7375 179.8214 18.9166 -9.6164 100.0000 stroke14
movl 0 -28.5361 399.4772 172.0648 177.7707 18.7579 -11.6746 100.0000 stroke14
movl 0 -28.4891 401.4330 172.2400 175.3061 18.2610 -14.2706 100.0000 stroke14
movl 0 -28.8670 404.0236 172.1847 172.5175 17.2888 -17.0707 100.0000 stroke14
movl 0 -29.4311 406.3124 171.9730 169.9021 16.3567 -20.3580 100.0000 stroke14
movl 0 -29.9256 408.5925 171.7071 167.6467 15.1431 -22.7566 100.0000 stroke14
movl 0 -30.6722 410.8526 171.3038 165.5353 13.6695 -24.9983 100.0000 stroke14
movl 0 -32.4022 413.3263 170.8187 163.3213 11.5479 -26.9518 100.0000 stroke14
movl 0 -30.4649 409.4985 172.7049 164.8966 12.7811 -27.5349 100.0000 stroke14
movl 0 -28.0589 405.5398 174.3517 166.7824 14.4501 -27.4141 100.0000 stroke14
movl 0 -27.8797 405.4435 174.4394 166.7263 14.4645 -27.5339 100.0000 stroke14
movl 0 -28.7333 406.8152 174.0026 165.7416 13.7004 -27.8789 100.0000 stroke14
movl 0 -29.7917 407.9188 173.5935 164.9157 12.8066 -28.1972 100.0000 stroke14
movl 0 -29.4186 406.0774 174.4246 165.8778 13.4918 -28.1589 100.0000 stroke14
movl 0 -24.0080 384.7797 181.5426 176.7838 22.0487 -26.4723 100.0000 stroke14
movl 0 -28.5219 348.2283 241.9725 -160.9151 30.9317 -12.1346 100.0000 stroke14
movl 0 -37.8177 366.1012 238.8244 -166.2395 28.2465 -7.4900 100.0000 stroke15
movl 0 -37.0341 371.5008 180.3815 -173.7746 24.5250 -15.6223 100.0000 stroke15
movl 0 -36.1326 372.2646 179.9560 -175.7255 23.0562 -18.5533 100.0000 stroke15
movl 0 -38.6870 376.1876 178.3092 -178.2282 21.3833 -20.5328 100.0000 stroke15
movl 0 -39.3508 377.8006 177.1999 -178.6447 21.2083 -19.9336 100.0000 stroke15
movl 0 -40.9879 378.4587 176.6572 -178.6432 20.6505 -19.5006 100.0000 stroke15
movl 0 -43.3210 378.9498 176.4078 -178.5470 19.5414 -20.1431 100.0000 stroke15
movl 0 -43.9973 379.4199 176.3002 -178.3683 18.8962 -20.5547 100.0000 stroke15
movl 0 -44.0020 379.7593 176.2696 -178.2161 18.4575 -20.8999 100.0000 stroke15
movl 0 -42.5767 380.4344 176.2952 -178.2369 18.2352 -21.8638 100.0000 stroke15
movl 0 -40.8646 380.3764 176.4597 -178.2454 18.6152 -22.1196 100.0000 stroke15
movl 0 -39.3912 379.2358 176.8786 -177.8365 19.3406 -21.7807 100.0000 stroke15
movl 0 -39.6541 380.0328 176.7164 -178.2098 19.0717 -21.6033 100.0000 stroke15
movl 0 -39.6022 380.9528 176.7724 -178.9643 19.1383 -21.1400 100.0000 stroke15
movl 0 -27.6875 375.6755 186.3725 -177.6333 26.3780 -17.6149 100.0000 stroke15
movl 0 -24.5844 381.8300 198.6741 178.1494 27.4649 -22.7097 100.0000 stroke16
movl 0 -20.8469 382.3417 176.4895 175.5759 25.0166 -26.2947 100.0000 stroke16
movl 0 -27.9404 380.0650 176.7935 176.4475 23.1114 -25.8477 100.0000 stroke16
movl 0 -30.1435 380.6425 175.7005 175.9709 23.0378 -24.5600 100.0000 stroke16
movl 0 -33.4559 381.3143 175.2648 176.1696 21.8306 -24.1754 100.0000 stroke16
movl 0 -37.8163 381.6327 175.2281 176.5491 19.8859 -24.5658 100.0000 stroke16
movl 0 -40.1821 381.1232 175.3673 177.1393 18.9579 -25.2876 100.0000 stroke16
movl 0 -39.0089 381.5204 175.3905 177.1377 18.6330 -26.5760 100.0000 stroke16
movl 0 -36.7573 382.5922 175.3609 176.9263 18.1827 -28.7417 100.0000 stroke16
movl 0 -35.2404 381.4234 175.8306 177.1413 18.9299 -28.7201 100.0000 stroke16
movl 0 -35.8974 382.3131 175.8199 176.8065 18.2793 -28.9756 100.0000 stroke16
movl 0 -36.7489 382.2717 176.0135 176.6061 18.1145 -28.6006 100.0000 stroke16
movl 0 -35.5895 376.2944 182.0543 178.0909 23.4103 -24.2342 100.0000 stroke16
movl 0 -39.7226 367.9769 206.0594 177.1064 26.4883 -22.5541 100.0000 stroke17
movl 0 -36.4834 368.9115 181.7372 176.0981 23.1709 -25.5895 100.0000 stroke17
movl 0 -36.5622 370.6617 176.0390 175.2145 23.0804 -25.4591 100.0000 stroke17
movl 0 -37.6312 372.1916 174.4367 174.4313 23.1084 -25.0043 100.0000 stroke17
movl 0 -45.7805 371.9958 174.2208 175.7383 19.9713 -24.9687 100.0000 stroke17
movl 0 -50.1160 371.3289 174.9717 176.5415 17.7509 -25.8130 100.0000 stroke17
movl 0 -53.5416 370.3091 175.1825 177.4135 16.8171 -25.7688 100.0000 stroke17
movl 0 -52.8654 370.5708 175.1805 177.7352 16.6233 -26.6557 100.0000 stroke17
movl 0 -49.3423 371.8812 175.4214 177.2788 16.5905 -28.6778 100.0000 stroke17
movl 0 -44.2421 373.8313 175.6121 176.4042 16.5399 -31.6709 100.0000 stroke17
movl 0 -38.8873 375.6835 175.6905 175.5944 16.3252 -35.4423 100.0000 stroke17
movl 0 -35.4513 376.6937 175.7478 175.0911 16.2602 -37.6388 100.0000 stroke17
movl 0 -35.1551 376.2350 175.9923 175.2082 16.3873 -37.8011 100.0000 stroke17
movl 0 -33.2015 370.3790 182.2004 176.4521 19.8110 -35.1884 100.0000 stroke17
movl 0 -28.4252 367.0611 208.4189 169.4257 25.2579 -37.7032 100.0000 stroke18
movl 0 -25.6765 361.1993 186.4172 171.3808 24.4378 -37.7141 100.0000 stroke18
movl 0 -25.9973 363.4447 178.9649 171.9963 23.7323 -37.3459 100.0000 stroke18
movl 0 -27.8740 365.3309 176.2232 172.1801 22.7466 -37.4365 100.0000 stroke18
movl 0 -29.6654 367.6079 174.2514 172.3652 21.9100 -37.3266 100.0000 stroke18
movl 0 -31.5827 370.3317 172.9001 171.6796 19.9325 -37.8583 100.0000 stroke18
movl 0 -31.6193 372.4934 172.1531 170.4943 19.1934 -38.0364 100.0000 stroke18
movl 0 -32.2338 372.7949 172.0842 169.6932 19.1189 -37.4781 100.0000 stroke18
movl 0 -33.5001 373.1925 172.0787 168.8823 18.7726 -36.8614 100.0000 stroke18
movl 0 -35.2296 373.0488 172.2644 168.1759 18.5960 -36.1115 100.0000 stroke18
movl 0 -37.2048 372.3277 172.5308 167.9688 18.6879 -34.7813 100.0000 stroke18
movl 0 -38.0292 371.4686 172.8241 167.9608 19.0622 -34.0366 100.0000 stroke18
movl 0 -38.5840 370.5118 173.1387 168.0211 19.5211 -33.3925 100.0000 stroke18
movl 0 -38.5649 370.0548 173.2329 168.0003 19.8849 -33.0870 100.0000 stroke18
movl 0 -37.7683 368.5304 173.6498 168.0214 21.4297 -32.2412 100.0000 stroke18
movl 0 -27.6222 352.1708 193.3009 174.0590 31.9429 -27.7023 100.0000 stroke18
movl 0 -6.7735 366.5851 239.0306 -178.1266 33.2726 -16.0185 100.0000 stroke19
movl 0 -2.1693 365.1925 183.9832 175.4045 30.9756 -23.0569 100.0000 stroke19
movl 0 -8.0832 360.9655 174.9084 178.2580 29.1756 -21.9174 100.0000 stroke19
movl 0 -15.7506 360.2631 173.7683 179.3686 26.9803 -21.7048 100.0000 stroke19
movl 0 -17.6409 362.0036 173.0753 178.5893 25.8396 -22.6178 100.0000 stroke19
movl 0 -18.8614 363.3056 172.1975 178.0698 25.5796 -22.8662 100.0000 stroke19
movl 0 -22.3208 365.9405 171.0081 177.3116 23.5647 -24.0025 100.0000 stroke19
movl 0 -21.9729 369.9239 170.1227 174.8153 22.0304 -26.1261 100.0000 stroke19
movl 0 -21.2748 373.6483 169.7620 171.1832 21.0314 -27.5719 100.0000 stroke19
movl 0 -20.6379 374.6041 170.7884 169.1053 20.2153 -28.7756 100.0000 stroke19
movl 0 -21.4757 371.9909 171.7978 170.4887 20.3645 -28.6643 100.0000 stroke19
movl 0 -25.4983 370.7389 173.1689 171.1034 18.6651 -29.0779 100.0000 stroke19
movl 0 -28.1020 369.2500 174.3738 172.1154 17.5567 -29.7600 100.0000 stroke19
movl 0 -28.9291 369.6558 175.0687 172.1491 16.0322 -32.0060 100.0000 stroke19
movl 0 -28.9624 370.6420 175.6084 171.8593 14.2570 -35.3716 100.0000 stroke19
movl 0 -30.2473 371.4880 176.3732 172.4509 12.0821 -38.5017 100.0000 stroke19
movl 0 -33.3353 372.2292 177.0045 173.7520 9.6896 -41.7929 100.0000 stroke19
movl 0 -37.0688 372.5548 177.5180 175.5201 7.4544 -45.7081 100.0000 stroke19
movl 0 -40.8938 372.1290 177.6685 177.5870 6.0347 -49.1658 100.0000 stroke19
movl 0 -44.1075 371.0241 178.1720 178.6632 5.5057 -51.0909 100.0000 stroke19
movl 0 -46.4544 369.2515 178.7715 179.4694 5.6098 -51.6044 100.0000 stroke19
movl 0 -46.4121 368.9306 178.8115 179.8046 5.7666 -52.1207 100.0000 stroke19
movl 0 -45.2111 368.7169 178.9055 -179.7324 6.1450 -52.7245 100.0000 stroke19
movl 0 -44.1971 367.7085 179.3618 -179.6780 6.7598 -52.4807 100.0000 stroke19
movl 0 -43.8180 367.1795 179.5317 -179.3608 7.0657 -52.4252 100.0000 stroke19
movl 0 -43.9590 366.4349 179.7818 -178.8984 7.3269 -52.4348 100.0000 stroke19
movl 0 -43.8257 365.7564 180.0137 -178.6353 7.5828 -52.3469 100.0000 stroke19
movl 0 -43.3743 365.0783 180.2641 -178.3416 7.9164 -52.2406 100.0000 stroke19
movl 0 -42.7963 364.5066 180.5163 -178.1347 8.2704 -51.8141 100.0000 stroke19
movl 0 -43.0793 363.6210 180.7633 -177.7108 8.5373 -51.1381 100.0000 stroke19
movl 0 -43.0292 362.7828 181.0469 -177.4187 8.8747 -50.6012 100.0000 stroke19
movl 0 -42.9521 361.8951 181.2456 -177.0442 9.2407 -49.9992 100.0000 stroke19
movl 0 -42.2941 361.0748 181.4748 -176.8734 9.7205 -49.3046 100.0000 stroke19
movl 0 -42.0722 359.7745 181.7670 -176.3503 10.2399 -48.3970 100.0000 stroke19
movl 0 -41.7918 358.7705 182.0397 -176.0933 10.6840 -47.6091 100.0000 stroke19
movl 0 -42.1706 357.3653 182.3831 -175.6143 11.0992 -46.8085 100.0000 stroke19
movl 0 -42.1801 355.8688 182.7120 -175.0709 11.6678 -46.0562 100.0000 stroke19
movl 0 -42.3612 354.2379 183.0686 -174.4788 12.2458 -45.2059 100.0000 stroke19
movl 0 -41.9952 353.3159 183.3031 -174.1981 12.6353 -44.6661 100.0000 stroke19
movl 0 -41.6896 353.3243 183.3823 -174.3953 12.7462 -44.5753 100.0000 stroke19
movl 0 -40.3962 351.3182 184.3299 -174.3256 13.6014 -44.3171 100.0000 stroke19
movl 0 -34.4830 344.0156 189.3288 -173.2587 16.9752 -42.3359 100.0000 stroke19
movl 0 -21.5498 321.0547 224.8138 -167.9305 25.8389 -36.8060 100.0000 stroke19
