movl 0 -47.2540 402.2289 173.4539 -158.8371 -9.7003 88.3001 100.0000 stroke1
movl 0 -48.2412 402.5094 172.9910 -158.8377 -9.5373 88.5280 100.0000 stroke1
movl 0 -49.3370 403.2879 172.5302 -159.1211 -9.0955 88.1315 100.0000 stroke1
movl 0 -50.6006 403.6311 172.5003 -159.9359 -8.6904 87.3065 100.0000 stroke1
movl 0 -51.6089 403.6688 172.5178 -160.6247 -8.2884 86.6902 100.0000 stroke1
movl 0 -52.5201 403.4195 172.6001 -160.9970 -8.3699 86.1978 100.0000 stroke1
movl 0 -52.3527 403.7700 172.6971 -161.4186 -8.2271 85.3660 100.0000 stroke1
movl 0 -51.4822 404.1856 172.8730 -161.6570 -7.9756 84.4619 100.0000 stroke1
movl 0 -50.1433 405.1560 173.0186 -161.9816 -7.5229 83.1009 100.0000 stroke1
movl 0 -49.3665 406.0534 173.2000 -162.5132 -7.0797 81.5821 100.0000 stroke1
movl 0 -48.7986 407.5244 173.0798 -163.1191 -6.5186 79.8650 100.0000 stroke1
movl 0 -47.7728 406.5491 173.5230 -162.5334 -6.7831 79.4286 100.0000 stroke1
movl 0 -46.2761 405.0013 174.1856 -161.9030 -7.4596 79.0723 100.0000 stroke1
movl 0 -45.6141 404.6035 174.3629 -161.6663 -7.6093 79.0770 100.0000 stroke1
movl 0 -45.6719 404.8500 174.3971 -161.8375 -6.9948 79.1695 100.0000 stroke1
movl 0 -45.5201 405.2314 174.3689 -162.0947 -6.2896 79.1586 100.0000 stroke1
movl 0 -45.4076 405.4256 174.1510 -161.5178 -6.0481 80.0428 100.0000 stroke1
movl 0 -43.9473 403.3483 174.8507 -159.9328 -6.8724 81.0945 100.0000 stroke1
movl 0 -39.1903 391.7507 186.8560 -155.7250 -13.2369 85.9611 100.0000 stroke1
movl 0 -38.4740 399.0204 198.6813 -154.7828 -20.2767 107.5534 100.0000 stroke2
movl 0 -41.0567 394.6306 178.2775 -159.2895 -17.7310 106.5946 100.0000 stroke2
movl 0 -49.0645 392.9821 175.3697 -162.9277 -17.4313 107.6811 100.0000 stroke2
movl 0 -51.2550 394.3168 174.0635 -163.5708 -16.7421 108.5709 100.0000 stroke2
movl 0 -52.2983 396.3240 173.4677 -163.3007 -15.3503 107.7731 100.0000 stroke2
movl 0 -56.4251 399.6626 173.4472 -163.7897 -11.7223 104.5261 100.0000 stroke2
movl 0 -57.7006 402.2534 173.6753 -163.8120 -8.9782 101.5944 100.0000 stroke2
movl 0 -58.7475 404.4043 173.9577 -163.8873 -6.3593 99.0703 100.0000 stroke2
movl 0 -59.3447 405.8773 174.3009 -163.9726 -4.2771 97.1256 100.0000 stroke2
movl 0 -59.9653 407.4604 174.8269 -164.1795 -1.8875 94.7915 100.0000 stroke2
movl 0 -60.7311 408.9984 175.3192 -164.3227 1.0035 92.5349 100.0000 stroke2
movl 0 -59.2458 407.3249 176.3621 -163.6914 0.6575 91.1530 100.0000 stroke2
movl 0 -57.8731 406.4189 176.8683 -163.5033 0.1960 90.2388 100.0000 stroke2
movl 0 -60.3390 406.4888 176.7062 -164.1922 1.3971 90.1203 100.0000 stroke2
movl 0 -59.4155 405.2213 177.4244 -163.8785 0.2931 89.5402 100.0000 stroke2
movl 0 -58.6576 391.4148 193.7619 -161.8968 -13.5267 92.1278 100.0000 stroke2
movl 0 -37.1904 390.0141 201.6734 -158.7446 -18.4963 101.8545 100.0000 stroke3
movl 0 -40.7656 391.0085 179.8227 -159.7667 -13.7104 100.1304 100.0000 stroke3
movl 0 -49.5747 390.1706 177.1952 -162.7636 -13.8781 101.3220 100.0000 stroke3
movl 0 -52.1010 390.9198 176.6006 -163.1490 -13.1500 101.1782 100.0000 stroke3
movl 0 -53.9306 392.0503 176.1178 -163.5711 -12.2502 98.6877 100.0000 stroke3
movl 0 -59.4900 391.4369 176.0694 -165.5417 -11.5323 96.4057 100.0000 stroke3
movl 0 -60.8331 390.8355 176.1552 -166.2593 -11.6032 95.3205 100.0000 stroke3
movl 0 -58.7452 392.6806 176.2738 -166.2165 -10.9007 93.5675 100.0000 stroke3
movl 0 -55.7558 394.5846 176.4570 -166.3291 -10.1881 91.3788 100.0000 stroke3
movl 0 -52.4921 397.7297 176.3841 -166.6508 -9.1348 88.5539 100.0000 stroke3
movl 0 -48.9666 398.3969 176.8306 -165.3885 -8.6204 86.5995 100.0000 stroke3
movl 0 -43.6684 403.5821 176.4192 -164.0116 -5.5749 83.1258 100.0000 stroke3
movl 0 -40.0956 410.3874 175.7639 -163.4991 -1.0167 79.4550 100.0000 stroke3
movl 0 -35.5752 416.7871 174.1539 -162.1303 2.6365 78.1392 100.0000 stroke3
movl 0 -34.1426 419.9812 173.3540 -161.5525 5.7125 77.3653 100.0000 stroke3
movl 0 -34.7407 422.7213 172.9927 -161.9810 9.1904 76.2490 100.0000 stroke3
movl 0 -36.2443 422.9051 173.0488 -162.4076 10.7122 75.8542 100.0000 stroke3
movl 0 -34.8967 423.0805 173.2340 -162.2278 11.3765 74.4840 100.0000 stroke3
movl 0 -35.7487 421.6499 173.8310 -162.2655 11.2222 74.0505 100.0000 stroke3
movl 0 -28.9172 413.4381 177.8646 -158.4801 7.4159 69.2730 100.0000 stroke3
movl 0 -26.4650 390.2711 233.1097 -148.2002 -9.5922 71.9354 100.0000 stroke3
movl 0 -26.2498 390.7183 230.5668 -148.1664 -3.0854 76.8841 100.0000 stroke4
movl 0 -29.1414 392.2643 182.3956 -152.5562 0.5398 72.8893 100.0000 stroke4
movl 0 -36.9723 391.4550 180.6412 -155.4416 0.4917 71.3470 100.0000 stroke4
movl 0 -42.4104 394.4612 178.0046 -156.5880 0.9121 72.0107 100.0000 stroke4
movl 0 -45.3622 397.7338 176.4275 -157.2708 2.0653 72.2842 100.0000 stroke4
movl 0 -46.5849 398.9346 175.2875 -157.6543 2.5467 72.2377 100.0000 stroke4
movl 0 -49.7514 399.3846 175.1994 -159.3072 2.6593 71.1242 100.0000 stroke4
movl 0 -51.0489 398.8072 175.4997 -159.8788 2.3588 70.1452 100.0000 stroke4
movl 0 -50.9585 398.9595 175.5265 -160.2695 2.3692 69.2364 100.0000 stroke4
movl 0 -50.2990 399.3267 175.7967 -160.7094 2.5112 67.9535 100.0000 stroke4
movl 0 -48.9668 399.7983 175.9503 -161.0709 2.6750 66.5176 100.0000 stroke4
movl 0 -47.0658 400.8812 176.0573 -161.6884 2.9173 64.5310 100.0000 stroke4
movl 0 -45.5454 402.2483 175.9815 -162.2339 3.1481 62.6660 100.0000 stroke4
movl 0 -44.3717 401.2460 176.4831 -161.7122 2.9745 62.3452 100.0000 stroke4
movl 0 -45.4233 402.4748 176.1827 -162.7846 3.5957 61.8969 100.0000 stroke4
movl 0 -43.3591 399.5822 177.5218 -160.2037 4.0696 63.8086 100.0000 stroke4
movl 0 -44.6696 383.2418 214.9127 -151.2999 -0.5777 67.2999 100.0000 stroke4
movl 0 -22.3175 404.7293 187.5556 -150.9883 9.1900 65.9550 100.0000 stroke5
movl 0 -30.3844 403.0566 178.3312 -155.0171 9.2341 63.7817 100.0000 stroke5
movl 0 -35.3405 404.7122 174.8488 -156.8504 9.6931 64.6941 100.0000 stroke5
movl 0 -38.7844 404.9419 174.0614 -157.8025 10.0435 65.0258 100.0000 stroke5
movl 0 -39.8960 407.1230 173.0550 -158.2257 10.8255 65.2100 100.0000 stroke5
movl 0 -41.9999 406.9709 173.1644 -159.4929 10.9105 63.8587 100.0000 stroke5
movl 0 -44.0802 406.2980 173.5956 -160.6345 10.3140 62.0344 100.0000 stroke5
movl 0 -42.3909 406.8794 173.9070 -161.2756 10.5271 60.0988 100.0000 stroke5
movl 0 -40.3277 406.9615 174.3250 -161.8193 10.6069 58.1098 100.0000 stroke5
movl 0 -38.2156 407.2314 174.8653 -162.6451 10.6522 55.6773 100.0000 stroke5
movl 0 -37.9651 407.3680 175.2646 -163.4846 10.3630 53.8249 100.0000 stroke5
movl 0 -39.0486 406.4128 175.6599 -163.4662 10.0574 54.1132 100.0000 stroke5
movl 0 -37.3431 401.9205 180.8581 -160.4050 9.1798 55.3931 100.0000 stroke5
movl 0 -48.9079 378.4874 247.6017 -151.5720 -2.4110 59.7336 100.0000 stroke5
movl 0 -43.5151 374.6879 245.1067 -147.8236 -3.0639 68.9917 100.0000 stroke6
movl 0 -43.9812 377.7518 186.3828 -153.7206 2.6807 65.3225 100.0000 stroke6
movl 0 -48.1084 377.5021 180.9292 -156.2166 3.3081 62.9728 100.0000 stroke6
movl 0 -51.2290 380.8671 178.4988 -156.9836 5.3504 62.5879 100.0000 stroke6
movl 0 -56.5069 381.6795 177.0104 -157.7567 6.5155 63.0123 100.0000 stroke6
movl 0 -60.4170 382.1196 176.0132 -159.1689 6.2964 62.2818 100.0000 stroke6
movl 0 -64.5144 382.7031 175.9851 -161.7626 6.2188 59.9154 100.0000 stroke6
movl 0 -65.4409 382.4496 176.3140 -162.1710 6.0446 58.8438 100.0000 stroke6
movl 0 -64.7178 383.3800 176.3263 -162.6615 6.0709 57.2121 100.0000 stroke6
movl 0 -60.6850 385.0098 176.7591 -163.0423 6.4185 54.8450 100.0000 stroke6
movl 0 -56.1677 386.8862 177.0851 -163.6930 6.6535 52.4117 100.0000 stroke6
movl 0 -51.5495 389.5154 177.1731 -164.6139 6.8564 49.6888 100.0000 stroke6
movl 0 -47.1423 392.3470 177.0121 -165.7289 7.0016 46.6463 100.0000 stroke6
movl 0 -44.5012 390.8239 177.7619 -164.4749 7.0265 46.9196 100.0000 stroke6
movl 0 -44.2721 390.7323 177.6010 -165.2300 6.9746 47.2192 100.0000 stroke6
movl 0 -45.2344 389.2070 177.5578 -164.7238 6.9353 48.9952 100.0000 stroke6
movl 0 -43.9151 388.1219 177.6508 -162.8841 7.5538 51.1815 100.0000 stroke6
movl 0 -40.2504 385.6185 188.5038 -158.0093 6.5993 55.1580 100.0000 stroke6
movl 0 -22.9621 407.7545 208.8298 -147.9730 -8.4073 79.2140 100.0000 stroke7
movl 0 -26.7343 404.1968 174.6476 -150.6829 -8.7494 79.3697 100.0000 stroke7
movl 0 -31.0367 404.3154 172.1721 -152.9121 -9.4393 80.1274 100.0000 stroke7
movl 0 -32.1458 407.2288 169.8766 -153.2386 -8.7490 81.0986 100.0000 stroke7
movl 0 -37.6015 411.4821 168.3891 -155.7027 -6.5229 80.7996 100.0000 stroke7
movl 0 -36.6182 415.6989 168.2017 -156.4742 -2.3713 76.6607 100.0000 stroke7
movl 0 -38.1217 416.3542 168.3589 -156.7542 -0.4548 75.6409 100.0000 stroke7
movl 0 -37.9562 416.9668 169.0318 -157.0842 1.6167 73.8368 100.0000 stroke7
movl 0 -38.1887 417.6886 169.9585 -157.8531 4.2642 71.4373 100.0000 stroke7
movl 0 -38.1279 418.5630 170.7580 -158.6356 6.5744 69.4881 100.0000 stroke7
movl 0 -38.0538 419.7774 171.4245 -159.6117 9.1259 67.5554 100.0000 stroke7
movl 0 -38.4255 421.1097 171.8760 -160.8600 11.4184 65.5846 100.0000 stroke7
movl 0 -39.2863 422.1812 172.2079 -162.2261 13.2312 63.9581 100.0000 stroke7
movl 0 -40.3055 423.1655 172.2948 -163.5401 14.7985 62.6052 100.0000 stroke7
movl 0 -41.4345 423.9835 172.4664 -164.9033 16.2675 61.2500 100.0000 stroke7
movl 0 -42.7790 424.6863 172.5648 -166.2479 17.5027 60.3407 100.0000 stroke7
movl 0 -44.0346 425.1629 172.6568 -167.4088 18.4716 59.6799 100.0000 stroke7
movl 0 -45.3815 425.8372 172.5809 -168.5908 19.4277 59.3556 100.0000 stroke7
movl 0 -47.2435 425.5433 172.7041 -169.7378 20.1782 59.3873 100.0000 stroke7
movl 0 -45.1048 422.1559 174.4507 -168.1512 18.5881 59.0398 100.0000 stroke7
movl 0 -44.5580 421.7943 174.6542 -168.1404 18.5534 58.7959 100.0000 stroke7
movl 0 -46.1282 422.4202 174.4496 -169.0584 19.0519 59.1871 100.0000 stroke7
movl 0 -46.3849 422.6554 174.3672 -169.3361 19.4086 59.1655 100.0000 stroke7
movl 0 -46.9526 422.7239 174.2974 -169.4151 19.2237 59.0385 100.0000 stroke7
movl 0 -47.3454 421.9016 174.5466 -169.2912 18.7647 58.9105 100.0000 stroke7
movl 0 -42.2365 416.9967 177.8196 -165.1849 16.1737 59.4280 100.0000 stroke7
movl 0 -30.7622 403.9760 225.6934 -153.2352 5.2448 61.1824 100.0000 stroke7
movl 0 8.6343 409.1637 217.2801 -147.9683 -0.6860 69.8718 100.0000 stroke8
movl 0 13.8737 410.0534 176.4794 -150.5610 2.9502 67.3058 100.0000 stroke8
movl 0 7.5495 409.7547 174.9400 -151.4303 1.1972 68.9424 100.0000 stroke8
movl 0 2.6203 411.2557 172.5986 -152.7763 0.4780 70.2741 100.0000 stroke8
movl 0 -2.4067 414.5630 171.3333 -155.4139 1.1448 70.3233 100.0000 stroke8
movl 0 -3.3160 420.3991 170.5479 -158.1235 4.6726 67.6712 100.0000 stroke8
movl 0 -1.7735 424.0762 169.4183 -158.2372 6.7692 67.3657 100.0000 stroke8
movl 0 -1.5972 424.2687 169.0600 -157.5080 7.8250 68.6196 100.0000 stroke8
movl 0 -2.3772 423.4283 169.1525 -156.9720 8.4358 69.6651 100.0000 stroke8
movl 0 -3.5835 422.2084 169.4081 -156.5400 8.7031 70.3320 100.0000 stroke8
movl 0 -3.4716 419.6039 170.6077 -154.6995 8.4393 71.0621 100.0000 stroke8
movl 0 -8.6838 407.7004 191.6170 -150.1626 2.9098 72.0467 100.0000 stroke8
movl 0 -16.6614 397.5102 206.0338 -152.0228 -4.8738 76.5712 100.0000 stroke9
movl 0 -13.9824 397.1888 175.3880 -154.2053 -1.8548 74.5877 100.0000 stroke9
movl 0 -15.9414 399.5074 175.2453 -155.0508 -0.8476 74.2853 100.0000 stroke9
movl 0 -18.3662 399.6673 174.8462 -156.1051 -0.7782 73.4089 100.0000 stroke9
movl 0 -23.6264 404.1235 174.5882 -159.2917 2.4923 71.1345 100.0000 stroke9
movl 0 -24.8898 406.9634 174.8401 -161.0938 5.8573 68.2772 100.0000 stroke9
movl 0 -26.3845 409.8905 174.8386 -163.0535 9.3033 65.0507 100.0000 stroke9
movl 0 -26.9872 411.2920 174.8318 -164.1977 11.5643 63.6372 100.0000 stroke9
movl 0 -27.9366 411.2123 175.0955 -164.8595 12.5506 63.2896 100.0000 stroke9
movl 0 -27.8066 410.4611 175.5301 -164.7383 12.9508 63.5171 100.0000 stroke9
movl 0 -27.3607 409.1112 176.1162 -164.3276 12.9801 63.8416 100.0000 stroke9
movl 0 -26.3371 407.7260 176.8323 -163.7277 13.0679 64.2087 100.0000 stroke9
movl 0 -22.8936 402.8185 181.4754 -161.0676 12.4964 65.2446 100.0000 stroke9
movl 0 -30.3486 387.0118 224.1952 -153.5974 6.9773 67.7993 100.0000 stroke9
movl 0 -12.2356 389.0733 206.0733 -151.9301 -3.5853 80.0899 100.0000 stroke10
movl 0 -11.7246 390.5067 182.3088 -155.1674 -2.0909 77.4725 100.0000 stroke10
movl 0 -16.6425 391.6105 179.2619 -157.1351 -1.4980 77.3723 100.0000 stroke10
movl 0 -18.2576 394.3508 177.5456 -157.3066 -0.8157 77.5022 100.0000 stroke10
movl 0 -22.3183 395.3113 176.7682 -159.5671 -1.1482 76.4726 100.0000 stroke10
movl 0 -25.5836 394.8180 177.1199 -161.3042 -1.5653 74.7992 100.0000 stroke10
movl 0 -26.1797 395.0232 177.2770 -162.2073 -1.6551 72.7320 100.0000 stroke10
movl 0 -24.6811 396.8436 177.2405 -163.1724 -1.4033 69.2477 100.0000 stroke10
movl 0 -23.0222 399.7757 176.5275 -164.3320 -0.9296 65.6772 100.0000 stroke10
movl 0 -18.2378 398.0382 177.3497 -162.0837 -0.7302 65.6716 100.0000 stroke10
movl 0 -17.6890 399.6505 177.3136 -162.6477 0.2315 64.9337 100.0000 stroke10
movl 0 -16.0880 402.4505 176.9577 -163.1886 1.9457 63.8101 100.0000 stroke10
movl 0 -16.1026 403.0938 176.6634 -162.5738 2.8726 64.6263 100.0000 stroke10
movl 0 -11.5344 399.1903 179.2542 -157.8762 3.2781 66.9779 100.0000 stroke10
movl 0 -22.0763 380.4826 241.5976 -149.4073 -4.5205 70.9032 100.0000 stroke10
movl 0 -6.5522 391.0478 210.0109 -151.1316 1.0270 68.3206 100.0000 stroke11
movl 0 -4.7173 389.9334 180.5626 -154.0796 1.9333 66.7919 100.0000 stroke11
movl 0 -5.7248 392.9238 177.4458 -155.5451 2.2680 66.0244 100.0000 stroke11
movl 0 -7.1686 393.6697 176.5905 -156.0713 2.8960 66.1105 100.0000 stroke11
movl 0 -8.8757 395.4246 175.6737 -156.7980 3.3465 65.9390 100.0000 stroke11
movl 0 -10.1766 400.9746 174.7157 -159.3952 6.4798 64.3711 100.0000 stroke11
movl 0 -11.0535 403.6083 174.2781 -160.4973 7.7539 63.3779 100.0000 stroke11
movl 0 -11.6025 405.7705 174.1452 -161.5979 9.3837 62.3946 100.0000 stroke11
movl 0 -12.6420 408.1269 174.2215 -163.2856 11.6113 60.5497 100.0000 stroke11
movl 0 -13.5954 410.9963 173.9265 -165.0699 13.9867 59.2222 100.0000 stroke11
movl 0 -14.6134 412.1099 173.7136 -166.2859 15.6867 58.6577 100.0000 stroke11
movl 0 -12.8922 411.3216 174.1209 -165.5940 15.6875 58.7590 100.0000 stroke11
movl 0 -13.5177 409.8192 174.6662 -165.5427 15.7514 59.3022 100.0000 stroke11
movl 0 -12.6638 408.2841 175.2506 -164.7537 15.5080 59.8404 100.0000 stroke11
movl 0 -10.6100 404.5874 176.9913 -162.9823 14.8017 60.5357 100.0000 stroke11
movl 0 -6.9382 391.0410 194.8302 -155.4755 10.1528 62.4684 100.0000 stroke11
movl 0 -30.0453 366.0952 217.2838 -149.0968 -2.3077 75.2963 100.0000 stroke12
movl 0 -32.5343 361.2786 181.0936 -152.6803 0.1470 73.5212 100.0000 stroke12
movl 0 -37.1623 360.2879 178.6663 -154.2562 0.1560 73.6172 100.0000 stroke12
movl 0 -43.0395 358.6585 176.7144 -155.9467 -0.6266 73.5162 100.0000 stroke12
movl 0 -47.7141 360.2199 175.6508 -157.8660 0.1486 73.0052 100.0000 stroke12
movl 0 -50.4432 363.4289 174.8072 -159.5469 2.2105 73.1527 100.0000 stroke12
movl 0 -52.3565 365.3643 174.1345 -160.5604 3.7473 73.7624 100.0000 stroke12
movl 0 -53.5687 367.3002 173.4504 -161.2722 5.3176 74.7708 100.0000 stroke12
movl 0 -54.3722 368.7444 172.8219 -161.7354 6.6095 75.8862 100.0000 stroke12
movl 0 -51.5513 365.7677 174.1635 -160.2749 4.8471 75.5608 100.0000 stroke12
movl 0 -52.9946 362.2646 174.7164 -160.6293 2.8979 75.1978 100.0000 stroke12
movl 0 -55.3887 363.3936 174.4766 -162.2481 4.3202 74.9665 100.0000 stroke12
movl 0 -56.1881 362.3472 174.8244 -162.0859 3.2342 75.0170 100.0000 stroke12
movl 0 -56.3994 361.3639 175.1267 -161.9010 1.7586 74.0598 100.0000 stroke12
movl 0 -57.4449 361.7730 175.0407 -162.2447 1.3264 73.3607 100.0000 stroke12
movl 0 -57.7049 361.3904 175.2226 -162.2375 1.1637 73.2656 100.0000 stroke12
movl 0 -58.2078 359.7981 175.4044 -162.2615 0.9072 73.6721 100.0000 stroke12
movl 0 -57.5449 360.7686 175.3294 -162.0988 0.3415 72.6391 100.0000 stroke12
movl 0 -56.7193 361.5524 175.3044 -162.0081 0.2712 71.9583 100.0000 stroke12
movl 0 -55.6424 361.6795 175.4229 -161.7358 0.1823 71.6458 100.0000 stroke12
movl 0 -54.2491 362.0185 175.6226 -161.3934 0.2240 71.3044 100.0000 stroke12
movl 0 -53.0563 362.0030 175.9594 -161.0839 0.2471 70.9740 100.0000 stroke12
movl 0 -50.2293 360.6166 177.0827 -160.1856 -0.1995 70.5823 100.0000 stroke12
movl 0 -44.1655 356.8288 188.8457 -157.0706 -2.4842 69.9771 100.0000 stroke12
movl 0 -35.5057 361.6169 216.9546 -152.6923 -9.5908 81.1317 100.0000 stroke13
movl 0 -38.7577 352.5119 186.4178 -155.6915 -6.7603 79.5273 100.0000 stroke13
movl 0 -43.6626 348.0199 178.3360 -157.5542 -7.9229 79.6849 100.0000 stroke13
movl 0 -44.3420 348.7329 178.0726 -158.0222 -8.1631 78.7757 100.0000 stroke13
movl 0 -46.3183 349.9761 177.1111 -158.7515 -7.9981 78.2697 100.0000 stroke13
movl 0 -48.8861 352.3186 176.3343 -160.2498 -6.8653 78.1540 100.0000 stroke13
movl 0 -49.1467 355.0941 176.4636 -161.3799 -4.6094 77.6767 100.0000 stroke13
movl 0 -48.5559 356.6320 176.7795 -162.2450 -2.9550 76.9218 100.0000 stroke13
movl 0 -47.8173 357.7382 177.0765 -162.9907 -1.8043 76.2611 100.0000 stroke13
movl 0 -47.0773 358.3385 177.1554 -163.7232 -1.0545 75.7397 100.0000 stroke13
movl 0 -46.2724 358.5591 177.2516 -164.4539 -0.6625 75.2719 100.0000 stroke13
movl 0 -45.0751 358.6267 177.3368 -165.0499 -0.4082 74.8174 100.0000 stroke13
movl 0 -44.1911 358.7832 177.3934 -165.7007 -0.3122 74.5409 100.0000 stroke13
movl 0 -43.6885 359.8452 177.4126 -166.5180 -0.0285 74.4579 100.0000 stroke13
movl 0 -44.5387 360.6653 177.3952 -167.6615 0.0418 74.0894 100.0000 stroke13
movl 0 -44.5448 361.4377 177.3353 -168.5669 0.1824 73.6636 100.0000 stroke13
movl 0 -43.1489 362.3983 177.1682 -169.4466 0.2865 73.0571 100.0000 stroke13
movl 0 -41.4090 363.3698 177.0082 -170.2384 0.2963 72.4375 100.0000 stroke13
movl 0 -39.6341 364.7294 176.8570 -171.0240 0.3195 71.5623 100.0000 stroke13
movl 0 -38.7712 367.1672 176.4683 -172.1235 0.3017 70.1105 100.0000 stroke13
movl 0 -36.0254 370.6909 176.0594 -172.7899 0.5374 68.3778 100.0000 stroke13
movl 0 -33.6336 370.0008 176.7135 -171.5973 1.0109 69.2984 100.0000 stroke13
movl 0 -29.5557 368.9832 177.4462 -170.3426 1.8089 69.8547 100.0000 stroke13
movl 0 -26.4436 368.6389 178.2219 -169.3873 2.1250 69.8560 100.0000 stroke13
movl 0 -21.9230 369.9159 178.5772 -168.8608 3.2150 69.2660 100.0000 stroke13
movl 0 -18.0626 371.2654 178.7766 -168.2308 4.0228 68.7012 100.0000 stroke13
movl 0 -16.2853 371.6257 178.9278 -167.6256 4.4949 68.7619 100.0000 stroke13
movl 0 -14.9226 372.6324 178.6801 -167.4976 4.7540 68.4802 100.0000 stroke13
movl 0 -13.7787 372.6161 178.7320 -167.0272 4.8272 68.7172 100.0000 stroke13
movl 0 1.5468 370.2298 177.7874 -158.6513 5.0245 73.7057 100.0000 stroke13
movl 0 3.0205 374.7242 174.6173 -157.4616 5.9161 76.5277 100.0000 stroke13
movl 0 -3.6712 377.4192 173.8390 -161.7703 5.8886 75.0536 100.0000 stroke13
movl 0 -10.6987 375.7137 174.2490 -164.1210 4.0366 74.2211 100.0000 stroke13
movl 0 -13.4145 371.1904 174.7524 -163.5465 1.4663 74.9629 100.0000 stroke13
movl 0 -17.5443 368.3979 175.0754 -163.8404 -0.2244 75.1047 100.0000 stroke13
movl 0 -21.3914 371.3948 175.4741 -164.1090 -0.7214 74.6614 100.0000 stroke13
movl 0 -21.0246 369.0346 175.5851 -164.1238 -0.7917 74.7069 100.0000 stroke13
movl 0 -21.4683 366.9285 175.8346 -163.8112 -1.3465 74.3081 100.0000 stroke13
movl 0 -25.3120 370.4096 176.2128 -163.9345 -1.7968 74.4326 100.0000 stroke13
movl 0 -24.0793 367.1521 176.4519 -163.4495 -2.0951 74.3764 100.0000 stroke13
movl 0 -25.3956 367.2134 176.8455 -163.1572 -2.9372 74.5442 100.0000 stroke13
movl 0 -25.2540 366.7571 177.2449 -162.5554 -3.3067 75.1560 100.0000 stroke13
movl 0 -25.5008 366.1363 177.4751 -162.4996 -3.6582 75.6716 100.0000 stroke13
movl 0 -25.5048 365.5170 177.6771 -162.4127 -3.9289 76.2244 100.0000 stroke13
movl 0 -25.7506 364.3385 177.8960 -162.3461 -4.5208 76.7254 100.0000 stroke13
movl 0 -25.7235 363.6789 178.0829 -162.3099 -4.8958 77.2449 100.0000 stroke13
movl 0 -23.7053 359.2716 180.1191 -161.1253 -6.3489 77.9350 100.0000 stroke13
movl 0 -29.0023 344.5139 213.0942 -158.1479 -14.3623 80.3095 100.0000 stroke13
movl 0 -35.7500 341.6796 205.8610 -156.0228 -16.3091 76.7007 100.0000 stroke14
movl 0 -32.7135 339.6151 183.1422 -157.8446 -13.5900 75.7082 100.0000 stroke14
movl 0 -32.8483 340.9635 178.6990 -159.2426 -13.0768 75.1564 100.0000 stroke14
movl 0 -35.8623 342.2209 178.0686 -160.1575 -12.1917 74.6097 100.0000 stroke14
movl 0 -38.6453 344.8743 177.0348 -161.3332 -10.3647 74.2771 100.0000 stroke14
movl 0 -40.9930 344.7435 176.6634 -161.2511 -9.5474 75.1696 100.0000 stroke14
movl 0 -41.6070 344.9115 176.5686 -161.5103 -9.3529 74.8045 100.0000 stroke14
movl 0 -44.9693 343.6021 176.5188 -162.9656 -9.2042 73.8794 100.0000 stroke14
movl 0 -48.1524 341.7357 176.3578 -163.9989 -9.4416 72.8849 100.0000 stroke14
movl 0 -51.4064 340.3386 176.1348 -164.9911 -9.4990 71.7498 100.0000 stroke14
movl 0 -53.3244 340.2942 176.3038 -165.8449 -8.7509 70.0254 100.0000 stroke14
movl 0 -54.5053 340.5536 176.3081 -166.1923 -8.1889 68.4472 100.0000 stroke14
movl 0 -56.2914 340.4102 176.1810 -166.1988 -8.3612 66.7949 100.0000 stroke14
movl 0 -57.2335 340.1244 175.8641 -165.8126 -9.4412 65.3440 100.0000 stroke14
movl 0 -57.9347 341.1627 175.4322 -165.9062 -10.3077 64.2117 100.0000 stroke14
movl 0 -58.1997 339.8378 175.6791 -165.9134 -10.2605 64.4707 100.0000 stroke14
movl 0 -59.8384 338.9344 175.1256 -166.1518 -11.6307 64.2938 100.0000 stroke14
movl 0 -58.7493 340.1554 175.0837 -165.9905 -11.6904 63.7230 100.0000 stroke14
movl 0 -58.5475 339.4458 175.2136 -165.7943 -11.9889 63.6917 100.0000 stroke14
movl 0 -57.5920 339.6159 175.4274 -165.5580 -12.0767 63.2775 100.0000 stroke14
movl 0 -57.2441 339.6728 175.5372 -165.4697 -12.1439 63.1330 100.0000 stroke14
movl 0 -56.7003 339.5449 175.6667 -165.3170 -12.2476 63.2102 100.0000 stroke14
movl 0 -56.0604 339.4648 175.8734 -165.2094 -12.3154 63.3315 100.0000 stroke14
movl 0 -55.2508 339.4843 176.1216 -165.1052 -12.4073 63.6228 100.0000 stroke14
movl 0 -54.4954 339.4397 176.4721 -164.9542 -12.3850 63.7178 100.0000 stroke14
movl 0 -53.4313 338.7744 176.9569 -164.5779 -12.4183 63.8168 100.0000 stroke14
movl 0 -51.1007 335.2926 178.4854 -163.5493 -13.0172 64.0362 100.0000 stroke14
movl 0 -50.9184 324.3209 186.7644 -162.1189 -16.5110 64.8146 100.0000 stroke14
movl 0 -56.1379 306.1340 239.9131 -157.6956 -26.1539 65.0285 100.0000 stroke14
movl 0 -33.6769 349.3219 234.1390 -157.0913 -4.6558 55.8368 100.0000 stroke15
movl 0 -22.5812 356.5292 193.0554 -158.5868 0.8511 51.4257 100.0000 stroke15
movl 0 -18.4426 358.4980 187.8793 -158.5405 1.0473 52.2540 100.0000 stroke15
movl 0 -20.1644 361.4024 184.0409 -159.9203 1.5728 52.3076 100.0000 stroke15
movl 0 -22.4280 363.3236 182.5202 -160.8476 1.9596 52.2708 100.0000 stroke15
movl 0 -24.3640 366.0812 181.2747 -162.1412 2.3986 51.6052 100.0000 stroke15
movl 0 -28.0463 368.7641 180.8594 -164.6656 2.3331 49.8352 100.0000 stroke15
movl 0 -31.4127 371.0608 180.4826 -166.8190 1.8219 47.8581 100.0000 stroke15
movl 0 -33.7104 374.9977 179.5360 -169.1216 1.8019 46.2013 100.0000 stroke15
movl 0 -33.3751 378.3925 179.0953 -170.4349 2.4938 44.8834 100.0000 stroke15
movl 0 -28.8865 383.8436 178.2931 -171.0277 4.4625 43.9325 100.0000 stroke15
movl 0 -27.7989 387.9871 177.5652 -171.9559 5.3578 43.1369 100.0000 stroke15
movl 0 -27.3648 390.9647 177.4695 -173.6319 7.0616 42.8909 100.0000 stroke15
movl 0 -27.9941 387.8364 178.8151 -173.0883 6.3052 42.8641 100.0000 stroke15
movl 0 -30.8826 384.9415 179.4652 -172.3793 4.1310 43.0400 100.0000 stroke15
movl 0 -31.1231 386.1938 179.0369 -174.2248 5.4537 41.7927 100.0000 stroke15
movl 0 -30.7012 384.0392 179.8224 -174.1699 5.3219 41.5958 100.0000 stroke15
movl 0 -29.7739 379.7231 181.3317 -171.6876 3.7350 42.3713 100.0000 stroke15
movl 0 -30.3284 379.4411 181.2401 -172.9634 4.2454 41.2280 100.0000 stroke15
movl 0 -30.5624 376.2903 182.2718 -172.5426 4.0084 40.9040 100.0000 stroke15
movl 0 -29.1865 374.8613 182.9661 -171.4995 3.7253 40.4408 100.0000 stroke15
movl 0 -29.2157 374.8179 182.8105 -172.2670 4.3301 39.9032 100.0000 stroke15
movl 0 -30.0948 373.8836 182.9534 -171.6563 4.2284 40.4798 100.0000 stroke15
movl 0 -29.3665 373.0278 183.2746 -170.9049 4.2198 40.9272 100.0000 stroke15
movl 0 -27.7017 365.8291 186.2692 -167.1724 2.3389 43.1144 100.0000 stroke15
movl 0 -30.2417 358.4998 212.3932 -162.6480 -1.0893 45.6794 100.0000 stroke15
