movl 0 -24.6116 388.6021 182.6809 147.5005 5.2394 -117.2696 100.0000 stroke1
movl 0 -24.8662 389.9338 181.6677 148.6205 1.9357 -119.7181 100.0000 stroke1
movl 0 -26.9579 390.4170 180.6591 149.7855 1.0342 -121.0243 100.0000 stroke1
movl 0 -28.9626 391.8165 180.0887 150.8031 -0.1482 -122.5958 100.0000 stroke1
movl 0 -33.3824 393.2239 178.9866 153.0419 -0.4189 -123.9006 100.0000 stroke1
movl 0 -37.2467 392.2112 177.6914 154.3021 4.5744 -115.5119 100.0000 stroke1
movl 0 -42.2730 391.1854 177.4264 156.2867 7.8403 -108.9232 100.0000 stroke1
movl 0 -44.7871 391.2386 176.8626 157.1317 8.1335 -108.2212 100.0000 stroke1
movl 0 -45.7860 390.6932 176.9743 156.9975 8.3917 -107.6301 100.0000 stroke1
movl 0 -47.6870 390.7888 176.6398 157.2680 8.6019 -106.8553 100.0000 stroke1
movl 0 -49.6800 391.7580 175.7351 158.0307 8.3278 -106.5941 100.0000 stroke1
movl 0 -51.0900 392.4805 175.0969 158.6979 8.3662 -106.4912 100.0000 stroke1
movl 0 -52.9044 393.4550 174.4635 159.9636 8.3536 -106.5588 100.0000 stroke1
movl 0 -53.5203 393.3241 174.4777 160.6886 8.5385 -106.5351 100.0000 stroke1
movl 0 -53.8949 393.0276 174.7067 161.2204 8.9051 -106.5011 100.0000 stroke1
movl 0 -54.6998 393.3583 174.7009 161.7362 9.1502 -106.5014 100.0000 stroke1
movl 0 -54.6011 393.8783 174.5718 162.1687 9.1501 -106.5738 100.0000 stroke1
movl 0 -54.3397 394.0176 174.8402 162.6171 9.2798 -106.9228 100.0000 stroke1
movl 0 -53.4208 394.2790 175.1264 162.9600 9.3491 -107.3156 100.0000 stroke1
movl 0 -52.4141 394.5958 175.3687 163.2034 9.3472 -107.8218 100.0000 stroke1
movl 0 -51.2325 395.1799 175.3528 163.5242 9.3052 -108.3874 100.0000 stroke1
movl 0 -49.4621 395.8668 175.4060 163.8661 9.1860 -109.2263 100.0000 stroke1
movl 0 -47.5804 396.4527 175.6064 164.1736 9.1195 -110.1477 100.0000 stroke1
movl 0 -45.0266 397.3749 175.7026 164.4590 8.9759 -111.5573 100.0000 stroke1
movl 0 -40.6685 398.9405 175.6271 164.6090 8.6003 -113.2974 100.0000 stroke1
movl 0 -37.9912 399.4986 175.6966 164.6245 8.4993 -114.1641 100.0000 stroke1
movl 0 -38.1221 398.9977 176.0310 164.5087 8.5522 -113.9898 100.0000 stroke1
movl 0 -37.1015 398.7735 176.1342 164.2985 8.4938 -114.0836 100.0000 stroke1
movl 0 -36.8996 398.6753 176.2579 164.1582 8.3785 -114.0218 100.0000 stroke1
movl 0 -36.2995 398.2794 176.7373 163.8208 8.2924 -114.0132 100.0000 stroke1
movl 0 -36.0376 397.8982 177.0548 163.6499 8.2983 -113.9617 100.0000 stroke1
movl 0 -35.8757 397.8228 177.1824 163.5531 8.2352 -113.9886 100.0000 stroke1
movl 0 -35.9385 397.8012 177.2874 163.5170 8.2059 -114.0298 100.0000 stroke1
movl 0 -35.9633 397.7283 177.3782 163.4712 8.1466 -114.0423 100.0000 stroke1
movl 0 -34.0690 394.7449 179.6714 162.0802 8.8942 -113.9089 100.0000 stroke1
movl 0 -19.4428 374.3708 200.5901 153.6184 15.5942 -115.0890 100.0000 stroke1
movl 0 -19.6764 372.8737 226.0496 154.9936 24.9026 -90.5941 100.0000 stroke2
movl 0 -25.7466 374.1900 191.9810 159.2161 20.5616 -94.2900 100.0000 stroke2
movl 0 -29.5622 376.9686 186.2753 162.2361 20.0005 -95.7943 100.0000 stroke2
movl 0 -30.7549 380.9220 181.7977 163.5105 18.5003 -96.4151 100.0000 stroke2
movl 0 -30.9244 385.3224 178.8690 164.1667 17.4965 -96.9314 100.0000 stroke2
movl 0 -30.3661 387.6880 177.2045 164.1189 16.9242 -97.3525 100.0000 stroke2
movl 0 -30.8973 391.2088 175.4797 164.8516 15.4446 -97.6069 100.0000 stroke2
movl 0 -30.1241 395.6840 173.9308 165.3609 12.7875 -98.6191 100.0000 stroke2
movl 0 -27.2868 398.7804 173.2277 164.4010 10.8006 -99.9560 100.0000 stroke2
movl 0 -26.3655 400.3201 172.7771 163.6368 9.3111 -100.8265 100.0000 stroke2
movl 0 -26.6159 400.6429 172.7075 163.2923 8.3677 -101.5320 100.0000 stroke2
movl 0 -27.0984 400.6673 172.9257 163.0461 7.1907 -102.2649 100.0000 stroke2
movl 0 -27.8478 400.6562 173.5000 162.7984 4.9213 -103.3257 100.0000 stroke2
movl 0 -29.5905 399.7992 174.5142 162.8089 2.4671 -104.5177 100.0000 stroke2
movl 0 -29.5775 398.6562 175.4381 162.4597 2.2309 -105.5256 100.0000 stroke2
movl 0 -29.0570 398.0815 175.8224 162.3783 2.6218 -106.2812 100.0000 stroke2
movl 0 -27.2929 394.6956 178.0236 161.3518 4.8351 -106.9713 100.0000 stroke2
movl 0 -20.0874 376.3807 191.9093 156.6932 19.3542 -105.8587 100.0000 stroke2
movl 0 -17.0702 343.6882 247.7228 159.2110 42.1276 -98.2681 100.0000 stroke2
movl 0 -31.3293 371.1030 198.5406 159.2741 22.7584 -82.8922 100.0000 stroke3
movl 0 -42.8547 368.2136 189.2364 162.7466 20.8246 -83.0906 100.0000 stroke3
movl 0 -51.1337 370.8861 183.5787 165.3073 19.1480 -81.6686 100.0000 stroke3
movl 0 -51.8123 374.0980 180.9816 165.5312 18.8216 -79.7316 100.0000 stroke3
movl 0 -54.4678 376.8424 179.1743 165.9204 17.8275 -78.6695 100.0000 stroke3
movl 0 -55.8336 378.8065 178.0528 166.1247 17.1636 -78.8496 100.0000 stroke3
movl 0 -56.8904 379.8532 177.4797 166.1820 16.6915 -79.2933 100.0000 stroke3
movl 0 -59.1784 380.5120 177.0908 167.2015 16.0504 -80.1351 100.0000 stroke3
movl 0 -61.3134 380.4475 177.0711 168.3659 15.5153 -80.9083 100.0000 stroke3
movl 0 -62.5904 380.4894 177.1044 168.8320 15.3330 -81.5824 100.0000 stroke3
movl 0 -62.7774 381.1141 177.1007 169.1859 15.0003 -82.5602 100.0000 stroke3
movl 0 -61.3683 381.8008 177.3150 169.3750 14.7103 -83.4900 100.0000 stroke3
movl 0 -60.2621 382.2349 177.5632 169.6507 14.4021 -84.4797 100.0000 stroke3
movl 0 -59.2532 382.9313 177.6438 170.1835 14.0861 -85.4090 100.0000 stroke3
movl 0 -58.0586 383.3140 177.9649 170.7710 13.9684 -86.3900 100.0000 stroke3
movl 0 -56.7188 384.0789 178.0042 171.1810 13.5896 -87.4400 100.0000 stroke3
movl 0 -55.6141 384.3863 178.0416 171.6272 13.3804 -88.1574 100.0000 stroke3
movl 0 -54.3577 385.0433 178.1585 172.1933 13.1613 -89.3528 100.0000 stroke3
movl 0 -53.5943 385.7287 177.4000 173.0489 12.9554 -90.2201 100.0000 stroke3
movl 0 -51.8276 385.6739 177.4974 173.1823 12.9436 -90.9354 100.0000 stroke3
movl 0 -50.6732 383.3137 178.9983 172.3479 13.9948 -91.0696 100.0000 stroke3
movl 0 -50.5426 383.6861 179.1484 172.7395 13.5136 -91.2282 100.0000 stroke3
movl 0 -50.3200 383.3470 179.0908 172.4950 13.2429 -90.9129 100.0000 stroke3
movl 0 -52.3197 381.8032 179.0999 171.4908 13.6054 -89.0857 100.0000 stroke3
movl 0 -50.6452 381.4978 179.7397 170.8415 13.9382 -88.9442 100.0000 stroke3
movl 0 -46.6083 377.6890 182.5940 168.9444 15.8668 -88.6322 100.0000 stroke3
movl 0 -33.2205 369.2852 194.3374 164.8517 24.1740 -86.6110 100.0000 stroke3
movl 0 -29.7006 356.5576 239.0315 165.1429 31.6647 -82.7601 100.0000 stroke3
movl 0 -27.5976 364.1045 246.5660 156.7177 27.9927 -76.4358 100.0000 stroke4
movl 0 -39.2655 361.3191 198.0623 159.8157 21.4698 -82.1167 100.0000 stroke4
movl 0 -45.2026 360.6708 185.3804 161.7284 19.9739 -82.9178 100.0000 stroke4
movl 0 -50.2757 363.3186 181.0883 162.9408 18.7743 -83.2788 100.0000 stroke4
movl 0 -54.0863 365.0515 178.3114 164.3399 18.3179 -82.7864 100.0000 stroke4
movl 0 -56.3291 365.4013 176.9773 164.9469 18.4464 -83.0797 100.0000 stroke4
movl 0 -57.0579 366.1710 176.6274 164.9011 18.6356 -83.6366 100.0000 stroke4
movl 0 -58.2900 367.3914 175.9315 164.9362 17.7972 -84.1115 100.0000 stroke4
movl 0 -59.4621 369.0048 175.1660 164.8465 16.0520 -84.4988 100.0000 stroke4
movl 0 -60.3433 369.8715 174.7986 164.6233 14.6492 -85.0431 100.0000 stroke4
movl 0 -62.0360 370.3101 174.5756 164.3679 12.9572 -85.1906 100.0000 stroke4
movl 0 -64.9677 369.6491 174.4498 164.1316 11.2386 -84.0507 100.0000 stroke4
movl 0 -64.1564 369.0216 175.1547 164.0865 11.7100 -84.6967 100.0000 stroke4
movl 0 -63.7393 368.5888 175.1661 164.1933 12.0610 -84.9785 100.0000 stroke4
movl 0 -64.0262 368.7885 175.3024 164.3565 12.1424 -85.1795 100.0000 stroke4
movl 0 -64.1183 368.5488 175.2215 164.5909 12.3046 -85.3365 100.0000 stroke4
movl 0 -63.8448 368.2944 175.5194 164.6569 12.5348 -85.6051 100.0000 stroke4
movl 0 -59.6514 366.7488 178.5148 163.5644 14.0222 -86.3075 100.0000 stroke4
movl 0 -47.0549 357.7039 204.8321 162.0244 21.4146 -86.9106 100.0000 stroke4
movl 0 -20.4359 361.6250 212.4839 165.8527 30.7566 -65.8215 100.0000 stroke5
movl 0 -40.3463 360.5769 186.4035 167.2767 25.2335 -65.2079 100.0000 stroke5
movl 0 -57.0501 354.7375 181.7065 170.5725 22.7824 -65.0039 100.0000 stroke5
movl 0 -63.0770 356.3189 177.8922 170.4841 20.9686 -66.3676 100.0000 stroke5
movl 0 -65.4408 356.7645 177.4336 169.9727 20.7791 -68.6139 100.0000 stroke5
movl 0 -67.1689 357.7380 176.9998 169.6173 20.1936 -69.8321 100.0000 stroke5
movl 0 -68.5341 359.6225 176.3218 169.6913 18.5575 -71.8639 100.0000 stroke5
movl 0 -69.4448 359.9752 176.1421 169.4047 17.2567 -73.2985 100.0000 stroke5
movl 0 -70.3927 360.2141 175.9183 169.6548 16.6605 -73.8314 100.0000 stroke5
movl 0 -70.8875 361.1991 175.3680 170.7930 16.6814 -73.8544 100.0000 stroke5
movl 0 -69.6609 362.0399 175.4891 171.1343 16.6124 -74.5063 100.0000 stroke5
movl 0 -67.9819 362.6147 175.9416 171.4699 16.5799 -75.1840 100.0000 stroke5
movl 0 -66.1034 363.3279 175.9613 171.7898 16.4345 -75.8435 100.0000 stroke5
movl 0 -63.6656 363.6605 176.3238 171.9393 16.3916 -76.6236 100.0000 stroke5
movl 0 -60.6999 364.0452 176.8773 172.0350 16.3021 -77.5876 100.0000 stroke5
movl 0 -57.9909 364.7787 177.2021 172.2584 16.0619 -78.5329 100.0000 stroke5
movl 0 -55.7261 365.5988 177.5617 172.3672 15.7134 -79.2382 100.0000 stroke5
movl 0 -54.3681 366.0545 177.7740 172.7217 15.4395 -80.0567 100.0000 stroke5
movl 0 -52.7074 366.3334 178.1615 173.0771 15.2511 -80.7930 100.0000 stroke5
movl 0 -51.4955 366.7220 178.0814 173.4426 14.9868 -81.4323 100.0000 stroke5
movl 0 -49.8171 367.1827 178.2333 173.6425 14.7369 -82.2361 100.0000 stroke5
movl 0 -48.6333 367.4855 178.3576 173.9568 14.4918 -82.9648 100.0000 stroke5
movl 0 -47.1757 367.9687 178.6013 174.2770 14.2103 -83.7478 100.0000 stroke5
movl 0 -45.9646 368.5245 178.7510 174.3003 13.8846 -84.4655 100.0000 stroke5
movl 0 -44.8877 368.9455 178.8445 174.2457 13.6180 -85.0842 100.0000 stroke5
movl 0 -44.5770 369.0781 178.7759 174.2260 13.4562 -85.4684 100.0000 stroke5
movl 0 -43.1652 368.9803 179.1899 173.9646 13.3574 -85.9314 100.0000 stroke5
movl 0 -41.9645 368.6254 179.8572 173.7158 13.2597 -86.3860 100.0000 stroke5
movl 0 -40.9608 369.6096 179.7899 173.3649 12.3779 -86.9908 100.0000 stroke5
movl 0 -39.0978 371.1794 179.7296 172.8513 11.2911 -87.4621 100.0000 stroke5
movl 0 -38.3003 372.6267 179.4380 172.4474 10.2340 -87.9967 100.0000 stroke5
movl 0 -37.9015 373.6226 179.1931 171.8202 9.0597 -88.2960 100.0000 stroke5
movl 0 -38.2934 373.7459 179.1919 171.5325 8.2815 -88.4532 100.0000 stroke5
movl 0 -38.4451 374.4229 179.0687 171.1532 7.0370 -88.7970 100.0000 stroke5
movl 0 -38.6591 374.4352 179.1112 170.7573 6.1842 -88.7906 100.0000 stroke5
movl 0 -38.8526 374.4426 179.1969 170.3429 5.3170 -88.9699 100.0000 stroke5
movl 0 -39.4910 374.0953 179.2694 170.0615 4.6722 -88.7477 100.0000 stroke5
movl 0 -41.2423 372.7817 179.1927 169.9024 4.7070 -87.2273 100.0000 stroke5
movl 0 -42.5593 370.9826 179.5447 169.9982 5.4577 -86.0289 100.0000 stroke5
movl 0 -38.9517 370.3559 180.4951 169.9849 6.5719 -86.4688 100.0000 stroke5
movl 0 -40.2791 369.9940 180.2952 170.0696 6.3833 -85.7874 100.0000 stroke5
movl 0 -41.0523 368.4569 180.7584 170.3455 7.0419 -85.4184 100.0000 stroke5
movl 0 -38.8621 363.5663 183.1673 170.7373 9.9409 -86.4226 100.0000 stroke5
movl 0 -40.0074 362.0593 183.3129 171.1110 10.7823 -86.4103 100.0000 stroke5
movl 0 -39.5766 362.0975 183.1980 171.0500 10.9207 -86.3243 100.0000 stroke5
movl 0 -41.1136 362.1362 182.5060 170.8312 10.7030 -84.8289 100.0000 stroke5
movl 0 -43.4947 361.7087 181.6905 170.9058 10.5683 -83.4868 100.0000 stroke5
movl 0 -45.0802 360.6990 181.2151 171.1379 11.0561 -81.6138 100.0000 stroke5
movl 0 -45.7673 359.7931 180.9648 171.5178 11.8188 -79.3509 100.0000 stroke5
movl 0 -45.0395 358.9015 181.2584 171.3865 12.5346 -78.7804 100.0000 stroke5
movl 0 -41.5363 354.5035 183.6616 170.4484 14.9279 -79.0005 100.0000 stroke5
movl 0 -32.9761 347.4311 187.0868 168.7957 21.6274 -78.7112 100.0000 stroke5
movl 0 -32.8595 337.8451 184.0363 176.4359 36.2779 -66.0081 100.0000 stroke5
movl 0 -38.3749 327.3301 180.5751 -162.2052 47.1105 -49.6535 100.0000 stroke5
movl 0 -39.7532 329.2720 197.3207 -155.9618 46.1750 -45.5344 100.0000 stroke5
movl 0 -48.7412 387.4001 214.9079 -168.2951 29.8984 -18.9920 100.0000 stroke6
movl 0 -48.1376 386.0683 190.2255 -164.0803 27.5427 -14.4195 100.0000 stroke6
movl 0 -45.8141 390.6842 179.8084 -166.4907 26.3686 -15.8455 100.0000 stroke6
movl 0 -47.7346 392.7505 174.4435 -166.2850 25.8766 -15.3723 100.0000 stroke6
movl 0 -48.4855 393.6618 173.1281 -166.6102 25.4886 -15.4485 100.0000 stroke6
movl 0 -48.5569 393.9838 172.5076 -166.7253 25.5343 -15.4837 100.0000 stroke6
movl 0 -50.8639 396.0335 171.3521 -167.9919 24.6656 -17.2376 100.0000 stroke6
movl 0 -53.9131 398.1451 170.5862 -169.8817 22.9954 -19.3407 100.0000 stroke6
movl 0 -54.7067 399.2550 170.5449 -171.7814 22.1255 -22.8530 100.0000 stroke6
movl 0 -55.0965 399.8809 170.5965 -173.1049 21.5965 -25.7280 100.0000 stroke6
movl 0 -57.4367 398.8969 171.5428 -174.6960 21.5474 -29.3408 100.0000 stroke6
movl 0 -56.9851 399.0790 172.1217 -176.5559 21.5840 -33.6232 100.0000 stroke6
movl 0 -56.9031 399.2605 172.7076 -178.6390 21.3902 -38.1843 100.0000 stroke6
movl 0 -57.1967 399.3968 173.0854 179.6182 20.9207 -41.5992 100.0000 stroke6
movl 0 -57.3478 399.3421 173.4845 178.3791 20.3281 -44.1226 100.0000 stroke6
movl 0 -57.2247 399.0890 174.1399 177.1382 19.7237 -46.4752 100.0000 stroke6
movl 0 -56.9923 398.8993 174.7243 176.1185 19.1535 -48.2978 100.0000 stroke6
movl 0 -56.9690 398.9285 175.1289 175.1369 18.4072 -50.1802 100.0000 stroke6
movl 0 -57.4085 398.6213 175.6696 174.2277 17.5358 -51.9384 100.0000 stroke6
movl 0 -57.3522 398.7315 176.0293 173.1142 16.6625 -53.8371 100.0000 stroke6
movl 0 -57.5874 398.6635 176.3732 172.2580 15.7256 -55.8416 100.0000 stroke6
movl 0 -57.7711 398.5147 176.6453 171.6341 14.9542 -57.3237 100.0000 stroke6
movl 0 -58.0872 398.6829 176.9226 170.8537 13.9976 -59.2004 100.0000 stroke6
movl 0 -58.7947 398.6231 177.1005 170.2878 13.0235 -60.4608 100.0000 stroke6
movl 0 -59.3146 398.8092 177.2672 169.9212 12.0257 -61.4828 100.0000 stroke6
movl 0 -59.6731 398.8428 177.5458 169.3486 11.1316 -62.1647 100.0000 stroke6
movl 0 -60.3196 398.9023 177.7167 168.9455 10.1145 -62.9957 100.0000 stroke6
movl 0 -60.5592 398.9585 177.9019 168.4713 9.2468 -63.7683 100.0000 stroke6
movl 0 -61.3747 398.8419 178.1991 168.2853 8.3180 -64.5122 100.0000 stroke6
movl 0 -62.0179 398.6329 178.2832 168.1742 7.6376 -65.3403 100.0000 stroke6
movl 0 -62.2009 398.6152 178.4478 167.9514 7.0174 -66.0073 100.0000 stroke6
movl 0 -62.8548 398.5432 178.4509 167.9618 6.3189 -66.7153 100.0000 stroke6
movl 0 -63.0030 398.7145 178.3877 167.8516 5.7853 -67.5440 100.0000 stroke6
movl 0 -63.4586 398.7270 178.3624 167.7797 5.1569 -68.0750 100.0000 stroke6
movl 0 -64.3230 398.2794 178.3215 168.0180 4.8882 -68.6078 100.0000 stroke6
movl 0 -64.8123 398.2075 178.3299 167.9614 4.4463 -68.6104 100.0000 stroke6
movl 0 -65.2805 398.1123 178.3123 167.8702 3.9635 -68.8108 100.0000 stroke6
movl 0 -65.5036 398.1147 178.3673 167.7195 3.4591 -68.7685 100.0000 stroke6
movl 0 -66.0090 398.0635 178.3309 167.6180 2.8784 -68.6765 100.0000 stroke6
movl 0 -67.1075 397.7413 178.3454 167.6057 2.2930 -68.0681 100.0000 stroke6
movl 0 -68.6511 397.4334 178.3010 167.8302 1.6437 -67.9336 100.0000 stroke6
movl 0 -70.0779 397.2138 178.2503 167.8640 0.8969 -67.9447 100.0000 stroke6
movl 0 -71.7251 396.8676 178.1788 168.1020 0.3633 -67.4989 100.0000 stroke6
movl 0 -73.7127 396.0046 178.1944 168.3124 0.0374 -66.5989 100.0000 stroke6
movl 0 -75.3393 395.3643 178.0475 168.3719 -0.2554 -65.7802 100.0000 stroke6
movl 0 -76.9523 394.5726 178.1701 168.3609 -0.5672 -64.8653 100.0000 stroke6
movl 0 -78.4209 393.3916 178.5360 168.4844 -0.4948 -64.1170 100.0000 stroke6
movl 0 -75.1318 393.3817 179.9615 168.2178 0.3336 -64.6169 100.0000 stroke6
movl 0 -71.7867 393.9365 180.5689 168.1573 0.8787 -65.4237 100.0000 stroke6
movl 0 -71.4585 393.9104 180.5154 168.0637 0.9628 -65.2976 100.0000 stroke6
movl 0 -72.9950 393.4025 180.5734 168.0218 0.4627 -64.5434 100.0000 stroke6
movl 0 -71.1243 393.5231 181.0027 167.9037 0.8288 -65.2403 100.0000 stroke6
movl 0 -72.3533 392.6670 181.3141 167.8907 0.3560 -64.8677 100.0000 stroke6
movl 0 -69.8522 392.7137 181.8553 167.6870 1.1102 -65.9955 100.0000 stroke6
movl 0 -71.1262 392.6154 181.7453 167.7357 0.4188 -65.6410 100.0000 stroke6
movl 0 -69.7814 392.9087 181.7950 167.6128 0.8015 -66.4040 100.0000 stroke6
movl 0 -70.3561 392.4551 181.8047 167.7884 0.9315 -66.8264 100.0000 stroke6
movl 0 -69.1899 392.0550 181.9608 167.6699 1.6052 -67.8171 100.0000 stroke6
movl 0 -65.9774 389.2414 184.1301 167.5399 4.0925 -69.4769 100.0000 stroke6
movl 0 -52.7141 382.2238 191.7493 167.1852 15.4493 -73.9494 100.0000 stroke6
movl 0 -41.1134 371.8715 206.4583 176.6961 35.2519 -60.4095 100.0000 stroke6
movl 0 -30.9051 397.2694 203.6213 170.1279 30.1694 -56.3033 100.0000 stroke7
movl 0 -27.4192 397.8243 184.0473 170.1485 29.6332 -56.8074 100.0000 stroke7
movl 0 -30.1828 397.5617 178.1641 175.8425 29.4886 -51.4184 100.0000 stroke7
movl 0 -29.9708 399.3785 175.3512 176.4928 28.8598 -50.6294 100.0000 stroke7
movl 0 -32.3459 400.5242 174.2978 176.5556 27.9060 -50.8647 100.0000 stroke7
movl 0 -32.8735 401.7061 173.6542 176.0700 27.2737 -52.0661 100.0000 stroke7
movl 0 -34.2344 402.5981 172.6278 175.9748 26.6404 -52.9676 100.0000 stroke7
movl 0 -37.4527 405.6682 171.1869 174.9458 24.2405 -55.7535 100.0000 stroke7
movl 0 -39.4558 407.0621 170.7182 174.4224 22.3239 -58.7312 100.0000 stroke7
movl 0 -39.0663 408.0895 170.7350 172.5708 20.6972 -63.0840 100.0000 stroke7
movl 0 -40.6484 408.4450 171.3445 170.2113 19.0547 -68.3602 100.0000 stroke7
movl 0 -41.3827 408.4996 171.7827 169.3276 17.8579 -71.2567 100.0000 stroke7
movl 0 -41.1665 409.1602 172.2412 168.2035 16.5015 -74.1035 100.0000 stroke7
movl 0 -41.2107 409.3350 172.7436 167.1268 15.0104 -77.1370 100.0000 stroke7
movl 0 -41.4273 409.3872 173.1329 166.4405 13.7786 -79.2892 100.0000 stroke7
movl 0 -41.9364 409.1516 173.5523 165.9752 12.6535 -81.4431 100.0000 stroke7
movl 0 -41.8962 409.2313 174.0010 165.3478 11.2817 -83.7948 100.0000 stroke7
movl 0 -42.2385 409.1583 174.4084 164.9420 9.8551 -86.1119 100.0000 stroke7
movl 0 -42.7633 409.1131 174.8841 164.7132 8.4905 -87.9132 100.0000 stroke7
movl 0 -43.3602 408.9995 175.2509 164.7568 7.3868 -89.3004 100.0000 stroke7
movl 0 -43.6597 408.9593 175.5606 164.7879 6.3473 -90.4173 100.0000 stroke7
movl 0 -43.8743 408.9860 175.9567 164.7331 5.2536 -91.5769 100.0000 stroke7
movl 0 -44.4938 408.7062 176.4219 164.8742 4.1972 -92.7113 100.0000 stroke7
movl 0 -44.9611 408.6774 176.6268 165.0581 3.1970 -93.7660 100.0000 stroke7
movl 0 -45.0657 408.9992 176.8450 165.2145 1.8800 -94.8451 100.0000 stroke7
movl 0 -45.8129 408.9483 177.1164 165.4911 0.6742 -95.7055 100.0000 stroke7
movl 0 -46.6043 409.0778 177.2535 165.8263 -0.6064 -96.6854 100.0000 stroke7
movl 0 -47.4980 408.8154 177.3917 166.2163 -1.3857 -97.8138 100.0000 stroke7
movl 0 -48.4090 408.7860 177.4752 166.6026 -2.1751 -98.0442 100.0000 stroke7
movl 0 -48.7109 408.7470 177.7120 166.7941 -2.7938 -98.4607 100.0000 stroke7
movl 0 -49.3928 408.6387 177.9722 167.1234 -3.3833 -98.5738 100.0000 stroke7
movl 0 -49.7580 408.7397 178.1919 167.3689 -4.2889 -98.6669 100.0000 stroke7
movl 0 -50.4144 408.8565 178.3275 167.6525 -5.2311 -98.8360 100.0000 stroke7
movl 0 -51.3372 408.8794 178.3265 168.0287 -5.9788 -98.9261 100.0000 stroke7
movl 0 -52.3486 408.9694 178.3809 168.6157 -6.7724 -99.3049 100.0000 stroke7
movl 0 -53.2807 409.2218 178.2484 169.0725 -7.5037 -99.4255 100.0000 stroke7
movl 0 -54.2533 409.5583 178.1125 169.5500 -8.3322 -99.5138 100.0000 stroke7
movl 0 -55.6360 409.8543 177.8181 170.1501 -9.2088 -99.8589 100.0000 stroke7
movl 0 -56.5974 409.9940 177.6187 170.5850 -9.7849 -99.7550 100.0000 stroke7
movl 0 -57.3274 410.0904 177.5097 170.9719 -10.3701 -99.9283 100.0000 stroke7
movl 0 -58.5016 410.5564 177.1406 171.5644 -11.2574 -99.8301 100.0000 stroke7
movl 0 -59.3866 410.8490 176.8042 171.9185 -11.8832 -99.7554 100.0000 stroke7
movl 0 -60.8135 411.8191 176.0981 172.6060 -13.0029 -99.4706 100.0000 stroke7
movl 0 -62.5487 412.2370 175.7155 173.2216 -13.5612 -99.1391 100.0000 stroke7
movl 0 -64.1798 412.7433 175.2827 173.8783 -14.2434 -98.9798 100.0000 stroke7
movl 0 -65.8393 413.1376 174.8495 174.3239 -14.8399 -97.9451 100.0000 stroke7
movl 0 -66.8116 413.4256 174.3693 174.4596 -15.2677 -97.4221 100.0000 stroke7
movl 0 -67.6005 413.9164 174.0123 174.5031 -15.8207 -96.7725 100.0000 stroke7
movl 0 -68.4647 413.8904 173.7343 174.6102 -16.2305 -96.2314 100.0000 stroke7
movl 0 -69.4463 414.1481 173.3346 174.7567 -16.4767 -95.5862 100.0000 stroke7
movl 0 -69.8184 414.3464 173.1809 174.6372 -16.6966 -94.7812 100.0000 stroke7
movl 0 -70.8726 414.4500 172.6697 174.6563 -16.9962 -94.0073 100.0000 stroke7
movl 0 -69.0795 414.9107 173.3186 174.2470 -16.7469 -94.0326 100.0000 stroke7
movl 0 -66.0467 415.3240 174.4500 173.7365 -16.3441 -94.4082 100.0000 stroke7
movl 0 -66.2662 415.3871 174.4071 173.8648 -16.5130 -94.3249 100.0000 stroke7
movl 0 -67.6428 414.5910 174.7312 174.3139 -16.9625 -93.4381 100.0000 stroke7
movl 0 -61.9866 412.9572 177.2103 172.7235 -15.5869 -94.5143 100.0000 stroke7
movl 0 -60.7028 412.7454 177.7309 172.2668 -15.4175 -94.5293 100.0000 stroke7
movl 0 -63.1521 412.1071 177.2815 172.6229 -15.6651 -93.8569 100.0000 stroke7
movl 0 -60.2584 412.3611 177.7035 172.1649 -15.1504 -94.7520 100.0000 stroke7
movl 0 -60.5492 412.0963 177.7632 172.1361 -14.8933 -94.9294 100.0000 stroke7
movl 0 -59.2307 411.7983 178.0833 171.8701 -14.4681 -95.4797 100.0000 stroke7
movl 0 -59.1782 412.0738 177.9114 171.9174 -14.4823 -95.7200 100.0000 stroke7
movl 0 -59.1424 412.2731 177.7596 171.9532 -14.4988 -95.8630 100.0000 stroke7
movl 0 -58.6396 412.1814 178.0365 171.8400 -14.3302 -96.0761 100.0000 stroke7
movl 0 -50.4191 406.6410 185.1426 169.3180 -10.9301 -97.6556 100.0000 stroke7
movl 0 -24.5400 390.4783 219.3952 161.3645 -2.6462 -101.0145 100.0000 stroke7
