movl 0 7.1382 394.9736 157.8932 142.3738 -25.5322 -148.6930 100.0000 stroke1
movl 0 6.2944 391.7152 153.5100 140.9429 -25.0391 -149.9074 100.0000 stroke1
movl 0 3.1358 394.0290 155.5990 143.5790 -22.9330 -149.0587 100.0000 stroke1
movl 0 3.2857 395.5155 156.9640 145.5019 -23.3785 -149.7648 100.0000 stroke1
movl 0 3.3321 402.4885 159.2963 152.3279 -27.3224 -156.5144 100.0000 stroke1
movl 0 -2.5106 402.7544 160.6518 153.5231 -25.7048 -156.7493 100.0000 stroke1
movl 0 -11.3249 398.4922 161.9016 151.2011 -20.1029 -151.4961 100.0000 stroke1
movl 0 -16.5676 398.0565 161.6666 149.6522 -15.5843 -144.7009 100.0000 stroke1
movl 0 -19.0820 397.8899 160.9326 148.8415 -12.1776 -139.2664 100.0000 stroke1
movl 0 -21.7261 398.4012 160.1372 148.8207 -10.1904 -135.6054 100.0000 stroke1
movl 0 -24.9990 400.6338 159.8183 150.7502 -10.6083 -135.1565 100.0000 stroke1
movl 0 -27.4471 402.5309 160.1729 153.0944 -11.3086 -136.5967 100.0000 stroke1
movl 0 -28.7920 403.4633 160.8552 154.9714 -11.7600 -138.6251 100.0000 stroke1
movl 0 -27.9089 405.0723 161.0165 156.4682 -13.2198 -141.5534 100.0000 stroke1
movl 0 -31.5869 404.9518 161.9312 159.3074 -15.5887 -148.0060 100.0000 stroke1
movl 0 -32.4242 405.4060 162.1416 161.8941 -17.7998 -154.3070 100.0000 stroke1
movl 0 -32.4677 405.9064 162.3068 163.9218 -19.4316 -158.6365 100.0000 stroke1
movl 0 -32.3629 405.8457 162.5590 165.2854 -20.4624 -161.4857 100.0000 stroke1
movl 0 -32.0831 406.0742 162.7542 166.9622 -21.4133 -164.5953 100.0000 stroke1
movl 0 -31.8255 406.7182 163.0665 168.9175 -22.3119 -167.5662 100.0000 stroke1
movl 0 -31.8914 407.4073 163.7140 171.0590 -22.9401 -170.3082 100.0000 stroke1
movl 0 -31.7676 408.6275 164.0370 173.8429 -23.5395 -173.7169 100.0000 stroke1
movl 0 -32.0960 409.6346 164.4305 176.6588 -23.6801 -177.0038 100.0000 stroke1
movl 0 -32.8300 411.4368 164.7380 -179.6256 -23.4419 179.0824 100.0000 stroke1
movl 0 -33.9828 412.5804 165.1056 -176.3308 -22.6940 175.4029 100.0000 stroke1
movl 0 -35.3799 413.0934 165.2830 -174.0733 -21.9373 173.0073 100.0000 stroke1
movl 0 -36.9888 412.7506 165.4045 -172.8220 -21.5060 172.2685 100.0000 stroke1
movl 0 -36.5430 411.9973 165.7677 -173.2262 -21.8301 172.3320 100.0000 stroke1
movl 0 -32.2935 409.6176 166.5508 -174.7603 -23.1487 171.6394 100.0000 stroke1
movl 0 -31.5361 407.9224 166.8847 -175.4308 -23.3893 171.2974 100.0000 stroke1
movl 0 -31.0634 407.3817 167.0682 -175.4306 -23.5399 170.7982 100.0000 stroke1
movl 0 -30.9633 407.2495 167.2542 -174.9811 -23.4878 170.3404 100.0000 stroke1
movl 0 -30.4795 407.0129 167.4974 -174.7276 -23.5399 169.4754 100.0000 stroke1
movl 0 -30.5965 407.1174 167.5576 -174.2589 -23.3931 169.0508 100.0000 stroke1
movl 0 -31.2960 407.4081 167.5364 -173.7168 -23.0708 168.6430 100.0000 stroke1
movl 0 -29.8300 406.1076 168.0334 -174.5350 -23.5522 168.3542 100.0000 stroke1
movl 0 -31.7933 406.7782 167.6658 -173.8410 -22.9214 168.4825 100.0000 stroke1
movl 0 -26.8905 400.8048 168.9569 -178.3451 -25.3384 170.0999 100.0000 stroke1
movl 0 -25.3760 398.7204 168.1690 178.8507 -26.4642 171.8574 100.0000 stroke1
movl 0 -28.3960 401.7559 166.8879 -179.0039 -25.4695 171.6762 100.0000 stroke1
movl 0 -29.7701 403.7098 165.9862 -177.5969 -25.1883 172.0967 100.0000 stroke1
movl 0 -30.3824 403.6477 165.8845 -177.5574 -25.2461 172.7480 100.0000 stroke1
movl 0 -30.2932 403.4769 165.8338 -177.7025 -25.5845 173.1222 100.0000 stroke1
movl 0 -29.5557 402.9636 165.8201 -178.1557 -26.2110 173.4537 100.0000 stroke1
movl 0 -28.7165 402.2340 165.6309 -178.8329 -27.2312 173.9362 100.0000 stroke1
movl 0 -20.3972 389.2543 167.7085 168.3687 -32.4457 -179.6879 100.0000 stroke1
movl 0 -17.4379 375.2863 176.0616 149.2645 -28.9226 -164.1007 100.0000 stroke1
movl 0 -21.1434 366.7266 221.2083 133.6623 -19.3856 -151.1682 100.0000 stroke1
movl 0 -23.9688 403.8676 189.2124 163.3972 -36.9169 -169.1037 100.0000 stroke2
movl 0 -25.6583 398.2306 170.2496 165.8331 -33.2645 -172.1265 100.0000 stroke2
movl 0 -29.9966 398.5029 165.7498 168.6002 -31.0585 -175.9641 100.0000 stroke2
movl 0 -36.1678 395.8720 164.2727 168.5086 -29.4351 -176.4684 100.0000 stroke2
movl 0 -39.2284 395.3926 163.9887 168.3638 -28.1223 -176.7952 100.0000 stroke2
movl 0 -41.8929 397.5676 163.5841 171.6307 -27.0347 -178.8510 100.0000 stroke2
movl 0 -43.5793 400.4175 163.1715 175.0360 -26.6269 179.1716 100.0000 stroke2
movl 0 -45.5081 402.5621 162.6668 177.9211 -26.3090 178.3084 100.0000 stroke2
movl 0 -46.4905 401.9221 162.8427 178.0613 -26.3677 178.9521 100.0000 stroke2
movl 0 -46.9504 398.0764 164.2159 175.6820 -25.8815 179.6786 100.0000 stroke2
movl 0 -51.2619 393.8937 165.4018 174.3799 -23.9922 -179.9402 100.0000 stroke2
movl 0 -54.4304 393.4988 165.9418 175.2311 -22.5640 179.6334 100.0000 stroke2
movl 0 -56.0555 390.5166 166.7298 172.6665 -21.8685 -178.7661 100.0000 stroke2
movl 0 -58.6077 386.9864 167.3161 169.9449 -20.7427 -176.7424 100.0000 stroke2
movl 0 -64.3187 380.0253 168.5137 166.3674 -18.3319 -173.9949 100.0000 stroke2
movl 0 -67.1500 376.2338 168.7574 164.4103 -16.7751 -172.0031 100.0000 stroke2
movl 0 -68.0122 376.1006 168.5605 164.0768 -16.1384 -172.0792 100.0000 stroke2
movl 0 -68.8944 375.5990 168.6341 163.8976 -15.6543 -173.0168 100.0000 stroke2
movl 0 -67.8674 375.6445 168.9348 164.0476 -16.0130 -173.2219 100.0000 stroke2
movl 0 -68.5451 373.9986 169.2140 163.7669 -16.0117 -172.6633 100.0000 stroke2
movl 0 -67.1515 375.5254 169.1554 163.9131 -15.9770 -174.5981 100.0000 stroke2
movl 0 -67.0897 374.6767 169.5284 163.9400 -16.1464 -174.4999 100.0000 stroke2
movl 0 -66.2794 375.1058 169.6297 163.9282 -16.2489 -175.0478 100.0000 stroke2
movl 0 -65.3239 374.6531 169.9095 163.6197 -16.4112 -175.3001 100.0000 stroke2
movl 0 -64.4976 374.6695 170.1315 163.4404 -16.5242 -175.4414 100.0000 stroke2
movl 0 -61.3061 373.0624 171.1402 162.2735 -17.2508 -175.5920 100.0000 stroke2
movl 0 -49.0448 364.1729 179.1170 154.3533 -19.6269 -170.4206 100.0000 stroke2
movl 0 -41.4183 347.3432 208.8689 133.8402 -6.4587 -152.8507 100.0000 stroke2
movl 0 -32.2397 358.3879 224.3732 137.0870 -1.2908 -142.5261 100.0000 stroke3
movl 0 -24.9487 358.7872 184.4408 141.7465 -6.7313 -145.1130 100.0000 stroke3
movl 0 -25.3815 354.3675 168.8897 143.8302 -8.2251 -150.5919 100.0000 stroke3
movl 0 -28.2708 354.5565 169.5862 148.1662 -8.4801 -153.3961 100.0000 stroke3
movl 0 -35.2725 353.8301 170.3500 150.6716 -6.8752 -153.4734 100.0000 stroke3
movl 0 -42.8043 353.0270 169.4532 151.0384 -4.5525 -153.7419 100.0000 stroke3
movl 0 -48.0601 353.3554 168.2183 151.2906 -3.3337 -154.2178 100.0000 stroke3
movl 0 -50.6665 353.7153 167.4829 151.9048 -2.4508 -154.2031 100.0000 stroke3
movl 0 -54.9087 353.7542 167.3311 153.2162 -0.7653 -155.1196 100.0000 stroke3
movl 0 -59.6860 353.7528 167.2323 154.5290 0.5230 -156.3398 100.0000 stroke3
movl 0 -63.3028 353.3161 167.2957 155.3793 1.5867 -157.6853 100.0000 stroke3
movl 0 -65.6281 353.7415 167.4696 156.2625 2.2085 -159.3382 100.0000 stroke3
movl 0 -67.4285 354.4929 167.5875 157.1890 2.6850 -161.0727 100.0000 stroke3
movl 0 -68.5606 355.7302 167.6697 158.0477 3.1587 -163.0540 100.0000 stroke3
movl 0 -68.8862 357.2139 167.9594 159.0620 3.2777 -165.2434 100.0000 stroke3
movl 0 -68.4381 359.4565 168.0028 160.1629 3.5133 -167.8095 100.0000 stroke3
movl 0 -67.2596 359.6096 168.3486 160.1088 2.9682 -168.4847 100.0000 stroke3
movl 0 -64.0776 357.5998 169.1092 158.4603 1.9071 -168.3736 100.0000 stroke3
movl 0 -63.1063 356.7346 169.4812 157.8974 1.7646 -168.5824 100.0000 stroke3
movl 0 -62.7177 356.7704 169.5678 157.9158 1.6847 -168.7095 100.0000 stroke3
movl 0 -62.6901 357.8351 169.6704 158.8365 1.2866 -168.8316 100.0000 stroke3
movl 0 -62.2869 358.6817 170.0289 159.7517 0.7569 -169.2252 100.0000 stroke3
movl 0 -61.6388 359.2550 170.4604 160.4667 0.1568 -169.7032 100.0000 stroke3
movl 0 -61.0102 359.2623 170.9621 160.9060 -0.2387 -170.1820 100.0000 stroke3
movl 0 -60.3740 358.8992 171.3333 161.1079 -0.5893 -170.4230 100.0000 stroke3
movl 0 -59.4779 358.6049 171.3769 160.6958 -1.1004 -170.0571 100.0000 stroke3
movl 0 -57.8111 357.7021 171.1870 159.6537 -1.9010 -168.8966 100.0000 stroke3
movl 0 -56.3153 356.7351 171.0069 158.5453 -2.5221 -167.7672 100.0000 stroke3
movl 0 -44.1590 350.3952 170.8910 151.9968 -6.4313 -159.8162 100.0000 stroke3
movl 0 -25.1900 337.2337 176.9018 134.6014 0.1312 -144.6565 100.0000 stroke3
movl 0 -13.7723 389.9112 185.9460 149.5974 -14.8299 -132.1347 100.0000 stroke4
movl 0 -15.4137 379.3720 173.7729 152.5415 -10.5405 -134.7476 100.0000 stroke4
movl 0 -18.1164 381.4875 170.8655 154.0518 -9.5640 -135.6255 100.0000 stroke4
movl 0 -21.3574 382.1273 169.8266 154.6216 -8.6158 -135.0071 100.0000 stroke4
movl 0 -22.7979 383.0995 169.3865 155.1784 -8.5962 -135.5921 100.0000 stroke4
movl 0 -25.2068 385.4444 168.6200 156.7921 -8.7298 -135.8542 100.0000 stroke4
movl 0 -26.3743 389.1299 168.3400 159.4412 -10.0127 -137.4610 100.0000 stroke4
movl 0 -25.5798 391.2783 168.0604 160.5490 -11.1324 -138.8245 100.0000 stroke4
movl 0 -26.2459 391.7003 168.2835 160.8252 -11.6465 -139.2087 100.0000 stroke4
movl 0 -25.7147 392.7875 168.3745 161.0527 -12.2532 -139.9738 100.0000 stroke4
movl 0 -24.2774 394.4076 168.4500 161.0963 -12.7776 -140.4834 100.0000 stroke4
movl 0 -24.4883 394.8795 168.3265 161.4473 -13.1000 -140.8326 100.0000 stroke4
movl 0 -26.5628 393.6631 168.7122 161.7941 -12.8260 -141.0371 100.0000 stroke4
movl 0 -27.8981 392.8686 168.8477 162.0989 -12.7402 -141.4600 100.0000 stroke4
movl 0 -28.6249 392.4851 169.0412 162.4256 -12.9532 -141.8980 100.0000 stroke4
movl 0 -29.2944 392.0378 169.1056 162.7888 -13.1370 -142.3531 100.0000 stroke4
movl 0 -29.7174 391.7111 169.2781 163.0081 -13.4177 -142.6584 100.0000 stroke4
movl 0 -30.0824 391.2167 169.3588 163.2707 -13.7102 -143.0605 100.0000 stroke4
movl 0 -30.6745 390.8405 169.3696 163.7185 -14.1734 -143.3658 100.0000 stroke4
movl 0 -31.8057 390.0954 169.5273 164.1399 -14.5069 -143.5927 100.0000 stroke4
movl 0 -32.9157 389.3174 169.7818 164.5899 -14.9351 -143.7653 100.0000 stroke4
movl 0 -34.4555 388.1972 170.0119 164.9922 -15.2653 -143.6841 100.0000 stroke4
movl 0 -35.9845 387.4033 170.1490 165.3167 -15.4560 -143.4179 100.0000 stroke4
movl 0 -37.3307 387.0207 170.1321 165.7962 -15.8293 -143.3260 100.0000 stroke4
movl 0 -39.0075 386.3390 170.2377 166.2500 -16.1051 -143.2343 100.0000 stroke4
movl 0 -40.9207 385.4483 170.3196 166.5454 -16.2136 -142.8466 100.0000 stroke4
movl 0 -43.1174 384.3480 170.3957 166.7670 -16.4295 -142.1436 100.0000 stroke4
movl 0 -45.6455 383.1052 170.5470 166.9028 -16.5667 -141.3266 100.0000 stroke4
movl 0 -48.4339 381.9308 170.6088 166.9048 -16.5782 -140.1876 100.0000 stroke4
movl 0 -51.6284 380.7524 170.6313 166.9811 -16.7402 -139.0662 100.0000 stroke4
movl 0 -54.6571 379.8279 170.6859 167.0430 -16.7627 -138.2388 100.0000 stroke4
movl 0 -57.1779 378.8535 170.8039 166.9911 -16.8179 -137.4520 100.0000 stroke4
movl 0 -59.6629 377.7773 170.8996 166.8791 -16.7550 -136.6292 100.0000 stroke4
movl 0 -61.7081 377.1324 170.9745 166.8034 -16.7728 -135.9699 100.0000 stroke4
movl 0 -63.5615 376.3250 171.0749 166.6799 -16.6962 -135.3911 100.0000 stroke4
movl 0 -64.9020 375.7492 171.1710 166.5019 -16.6876 -134.9050 100.0000 stroke4
movl 0 -66.0295 375.3722 171.3505 166.3346 -16.6963 -134.5080 100.0000 stroke4
movl 0 -66.9189 374.9154 171.5941 166.0787 -16.6905 -134.1033 100.0000 stroke4
movl 0 -67.4605 374.7560 171.6642 165.9153 -16.7548 -133.8302 100.0000 stroke4
movl 0 -68.1919 374.3794 171.6800 165.7262 -16.7174 -133.4659 100.0000 stroke4
movl 0 -68.6339 374.1381 171.8792 165.5398 -16.7727 -133.2550 100.0000 stroke4
movl 0 -69.1804 373.7660 171.9367 165.3332 -16.7020 -132.9644 100.0000 stroke4
movl 0 -69.5381 373.5571 172.1870 165.1680 -16.7664 -132.8268 100.0000 stroke4
movl 0 -69.9183 373.4069 172.3615 165.0574 -16.8005 -132.7187 100.0000 stroke4
movl 0 -70.1403 373.2751 172.4281 164.9512 -16.8734 -132.6911 100.0000 stroke4
movl 0 -70.0973 373.1000 172.4919 164.8073 -16.9480 -132.6280 100.0000 stroke4
movl 0 -70.2927 372.9687 172.5055 164.7584 -16.9594 -132.6885 100.0000 stroke4
movl 0 -69.9345 372.7404 172.5228 164.5037 -17.0207 -132.6442 100.0000 stroke4
movl 0 -69.6686 372.6776 172.3918 164.2476 -17.1410 -132.5472 100.0000 stroke4
movl 0 -69.2251 372.4284 172.2580 163.8970 -17.2104 -132.3815 100.0000 stroke4
movl 0 -69.2952 372.3641 172.0856 163.7620 -17.2550 -132.2503 100.0000 stroke4
movl 0 -69.4101 372.3996 171.9199 163.7021 -17.3264 -132.1595 100.0000 stroke4
movl 0 -69.1772 372.1978 171.9375 163.4898 -17.4234 -132.0992 100.0000 stroke4
movl 0 -68.9328 371.9203 172.0998 163.1794 -17.4834 -131.9502 100.0000 stroke4
movl 0 -68.6378 371.7481 172.1482 162.8644 -17.5829 -131.6783 100.0000 stroke4
movl 0 -68.9973 371.6236 172.0893 162.8287 -17.5285 -131.5675 100.0000 stroke4
movl 0 -68.7740 371.8537 172.0533 162.8119 -17.5872 -131.5739 100.0000 stroke4
movl 0 -68.7264 371.6841 172.0811 162.8464 -17.5964 -131.5935 100.0000 stroke4
movl 0 -68.7149 371.3175 172.2668 162.7998 -17.5183 -131.5991 100.0000 stroke4
movl 0 -68.5613 369.9652 172.9356 162.4972 -17.1743 -131.5503 100.0000 stroke4
movl 0 -66.9336 369.9860 173.3796 162.2159 -17.4721 -131.6440 100.0000 stroke4
movl 0 -68.3052 368.1986 173.7658 162.0961 -16.8304 -131.1768 100.0000 stroke4
movl 0 -66.6186 367.1002 175.9166 161.5597 -16.6719 -131.2054 100.0000 stroke4
movl 0 -60.8547 370.0885 186.1730 160.4203 -17.8888 -130.9750 100.0000 stroke4
movl 0 -51.2546 369.5116 233.4894 155.5878 -14.3826 -130.1524 100.0000 stroke4
